3/27/2023 2:46:56 PM
Mode: Mono
White time (s): [1.216454, 3.015831, 4.465775, 2.566299, 7.165054, 0.6998444, 1.4664, 4.681992, 2.266312, 0.7497406, 0.5497437, 3.482239, 3.782791, 7.915222, 3.432602, 2.016602, 2.48262, 2.716339, 0.833313, 2.649109, 3.31604, 0.6832886, 0.6834412, 4.216125, 4.4328, 1.91626, 1.599213, 4.149475, 2.765839, 3.549347]
Shot time (s): [1.966606, 6.015038, 6.415207, 1.233078, 7.181671, 2.932648, 6.198715, 4.682312, 1.749496, 2.682953, 1.249557, 0.7163544, 1.766556, 4.632111, 1.599762, 3.482574, 1.699432, 3.482361, 3.316254, 0.6664124, 1.283234, 0.7164917, 2.64917, 2.666199, 1.666412, 2.399475, 0.7328796, 4.365479, 0.483551, 1.333038]
Step time (s): [17.44629, 1.616127, 2.899483, 3.315887, 4.849075, 4.982315, 4.182709, 2.84964, 1.449707, 4.682343, 0.8998718, 2.583023, 2.249405, 3.966034, 3.332855, 3.566055, 1.683151, 1.399353, 0.5834198, 1.999634, 1.749573, 1.116364, 2.615936, 2.816193, 0.6329956, 1.266113, 4.348846, 7.448883, 2.149628, 1.983002]
White horz (deg): [47.09248, 143.5199, 481.65, 106.9575, 921.2774, 21.64499, 81.4125, 599.2348, 306.735, 25.64248, 2.339999, 347.5876, 347.4899, 714.7723, 350.7076, 196.9499, 246.8699, 276.8999, 21.15749, 173.0625, 338.5199, 45.43497, 7.507496, 398.6774, 326.0399, 220.935, 106.275, 279.6302, 263.7375, 413.9849]
Shot horz (deg): [203.1899, 361.725, 464.5876, 30.61499, 597.1874, 291.9151, 828.9449, 562.7698, 130.1625, 348.1725, 174.0375, 33.63748, 101.6925, 339.69, 55.37996, 255.1575, 105.0074, 85.40997, 250.9649, 37.53748, 93.21, 38.90248, 302.1523, 348.66, 120.8999, 81.41248, 25.44749, 264.2249, 7.702497, 37.73247]
Step horz (deg): [1836.412, 123.1425, 329.1599, 176.085, 232.0499, 456.8848, 273.9749, 256.7174, 22.91248, 241.7024, 16.18499, 312.4875, 307.1248, 437.9699, 360.5549, 503.0025, 86.8725, 99.35252, 14.13749, 168.3824, 53.23497, 38.51248, 92.1375, 94.08752, 29.93249, 80.53501, 334.62, 894.4643, 124.215, 226.2]
White vert (deg): [35.09998, 146.835, 253.3049, 38.12247, 401.2125, 18.52499, 113.88, 448.4026, 157.755, 26.81249, 10.0425, 164.0925, 311.3175, 554.8726, 353.7299, 65.42248, 136.2075, 292.9875, 18.42749, 107.1525, 146.3475, 16.37999, 27.20249, 330.9151, 172.8674, 137.67, 150.4425, 229.0275, 128.3101, 178.6201]
Shot vert (deg): [89.31001, 115.245, 283.0428, 40.55997, 404.2352, 102.8625, 513.1422, 268.5151, 202.02, 134.8425, 58.59745, 23.30249, 157.7549, 234.0974, 198.2174, 343.2976, 79.55997, 154.3425, 147.9075, 15.89249, 107.445, 34.02748, 153.9524, 195.6825, 147.7125, 170.8199, 26.81249, 148.4925, 13.16249, 191.9774]
Step vert (deg): [1239.615, 123.63, 86.57996, 81.9, 220.4476, 218.6925, 209.235, 155.7075, 38.90247, 163.6049, 37.63498, 146.9325, 62.98494, 192.27, 164.0924, 227.4676, 224.5424, 163.3124, 22.71749, 180.3749, 95.45248, 50.89496, 262.8599, 297.3749, 22.81499, 67.85999, 367.575, 545.1223, 145.08, 115.3425]

Time in sec: camera forward versor
Time in sec: target versor: sound type (0 = White, 1 = Shot, 2 = Step)
START
91.08: (0.59, -0.71, 0.38): 2
91.08: (0.16, -0.11, 0.98)
91.18: (0.16, -0.11, 0.98)
91.30: (0.16, -0.11, 0.98)
91.42: (0.16, -0.11, 0.98)
91.52: (0.16, -0.11, 0.98)
91.63: (0.16, -0.11, 0.98)
91.75: (0.16, -0.11, 0.98)
91.85: (0.16, -0.11, 0.98)
91.97: (0.16, -0.11, 0.98)
92.08: (0.16, -0.11, 0.98)
92.20: (0.31, 0.04, 0.95)
92.30: (0.52, 0.32, 0.79)
92.40: (0.60, 0.57, 0.55)
92.52: (0.64, 0.76, 0.14)
92.63: (0.52, 0.83, -0.23)
92.75: (0.39, 0.77, -0.51)
92.85: (0.35, 0.80, -0.49)
92.95: (0.39, 0.80, -0.45)
93.07: (0.33, 0.73, -0.60)
93.17: (0.17, 0.53, -0.83)
93.28: (-0.14, 0.25, -0.96)
93.40: (-0.29, 0.12, -0.95)
93.52: (-0.12, 0.11, -0.99)
93.62: (0.57, 0.14, -0.81)
93.73: (0.78, 0.10, -0.61)
93.85: (0.83, -0.05, -0.56)
93.97: (0.81, -0.24, -0.54)
94.08: (0.76, -0.28, -0.59)
94.20: (0.77, -0.27, -0.58)
94.32: (0.94, 0.21, -0.27)
94.43: (0.73, 0.68, 0.02)
94.55: (0.50, 0.85, 0.16)
94.65: (0.20, 0.96, 0.21)
94.77: (-0.28, 0.92, 0.28)
94.88: (-0.35, 0.89, 0.27)
94.98: (-0.35, 0.90, 0.27)
95.10: (-0.39, 0.92, -0.06)
95.22: (-0.54, 0.69, -0.48)
95.32: (-0.58, 0.40, -0.71)
95.43: (-0.43, 0.23, -0.87)
95.55: (-0.23, 0.07, -0.97)
95.67: (-0.34, 0.12, -0.93)
95.77: (-0.55, 0.41, -0.73)
95.88: (-0.54, 0.83, 0.11)
96.00: (-0.49, 0.84, 0.21)
96.10: (-0.41, 0.86, 0.31)
96.22: (-0.03, 0.69, 0.72)
96.33: (0.14, 0.51, 0.85)
96.45: (-0.28, 0.03, 0.96)
96.57: (-0.66, -0.57, 0.50)
96.68: (-0.72, -0.57, 0.38)
96.78: (-0.72, -0.57, 0.38)
96.88: (-0.72, -0.55, 0.43)
97.00: (-0.71, -0.68, 0.15)
97.12: (-0.56, -0.80, -0.23)
97.23: (-0.27, -0.68, -0.69)
97.33: (-0.02, -0.43, -0.90)
97.43: (0.11, -0.31, -0.94)
97.55: (0.11, -0.31, -0.94)
97.67: (0.21, -0.24, -0.95)
97.78: (0.38, -0.06, -0.92)
97.90: (0.52, 0.01, -0.85)
98.02: (0.71, 0.24, -0.66)
98.12: (0.66, 0.25, -0.71)
98.22: (0.66, 0.25, -0.71)
98.33: (0.66, 0.22, -0.72)
98.45: (0.75, 0.27, -0.61)
98.57: (0.81, 0.52, -0.26)
98.67: (0.66, 0.71, 0.25)
98.78: (0.15, 0.61, 0.78)
98.90: (-0.02, 0.58, 0.82)
99.02: (-0.02, 0.58, 0.82)
99.12: (-0.02, 0.58, 0.82)
99.23: (-0.07, 0.47, 0.88)
99.35: (-0.23, 0.61, 0.75)
99.47: (-0.24, 0.97, 0.07)
99.58: (-0.34, 0.90, -0.28)
99.70: (-0.44, 0.72, -0.54)
99.80: (-0.42, 0.37, -0.83)
99.92: (-0.35, 0.09, -0.93)
100.02: (-0.35, 0.15, -0.93)
100.13: (-0.38, 0.18, -0.91)
100.23: (-0.48, 0.44, -0.76)
100.35: (-0.46, 0.89, -0.02)
100.45: (-0.16, 0.82, 0.54)
100.55: (0.08, 0.69, 0.72)
100.67: (0.08, 0.69, 0.72)
100.78: (0.09, 0.68, 0.72)
100.88: (-0.20, 0.57, 0.80)
101.00: (-0.84, 0.08, 0.53)
101.12: (-0.95, -0.09, 0.31)
101.23: (-0.93, -0.09, 0.35)
101.35: (-0.86, -0.45, 0.23)
101.47: (-0.83, -0.55, 0.05)
101.58: (-0.83, -0.55, 0.05)
101.70: (-0.89, -0.43, 0.15)
101.82: (-0.76, -0.65, 0.03)
101.92: (-0.26, -0.90, -0.36)
102.03: (0.10, -0.82, -0.57)
102.13: (0.14, -0.81, -0.57)
102.25: (0.23, -0.75, -0.62)
102.37: (0.43, -0.61, -0.67)
102.48: (0.52, -0.55, -0.66)
102.60: (0.53, -0.53, -0.66)
102.72: (0.21, -0.59, -0.78)
102.82: (-0.63, -0.52, -0.58)
102.93: (-0.84, -0.44, -0.33)
103.05: (-0.90, -0.39, -0.19)
103.17: (-0.93, -0.37, -0.07)
103.28: (-0.94, -0.35, -0.03)
103.38: (-0.89, -0.24, 0.39)
103.50: (-0.67, -0.07, 0.74)
103.60: (-0.45, -0.03, 0.89)
103.72: (-0.23, -0.02, 0.97)
103.83: (-0.08, -0.03, 1.00)
103.93: (0.22, 0.02, 0.97)
104.05: (0.30, 0.07, 0.95)
104.17: (0.30, 0.07, 0.95)
104.27: (0.31, 0.03, 0.95)
104.38: (0.62, 0.13, 0.78)
104.50: (0.82, 0.52, 0.23)
104.62: (0.61, 0.79, 0.11)
104.73: (0.57, 0.81, -0.13)
104.85: (0.53, 0.73, -0.43)
104.96: (0.42, 0.60, -0.68)
105.08: (0.30, 0.37, -0.88)
105.20: (0.27, 0.20, -0.94)
105.30: (0.20, 0.01, -0.98)
105.41: (0.55, -0.12, -0.83)
105.53: (0.80, -0.09, -0.59)
105.65: (0.94, -0.14, -0.32)
105.76: (0.99, 0.06, 0.13)
105.88: (0.86, 0.29, 0.42)
106.00: (0.41, 0.64, 0.65)
106.10: (-0.05, 0.78, 0.63)
106.21: (-0.59, 0.69, 0.43)
106.33: (-0.88, 0.41, 0.24)
106.43: (-0.98, 0.15, 0.10)
106.55: (-0.93, -0.37, -0.04)
106.66: (-0.68, -0.71, -0.19)
106.76: (-0.17, -0.92, -0.35)
106.88: (0.05, -0.87, -0.50)
107.00: (0.05, -0.87, -0.50)
107.10: (0.05, -0.87, -0.50)
107.21: (0.05, -0.87, -0.50)
107.33: (0.28, -0.87, -0.40)
107.45: (0.54, -0.82, -0.18)
107.56: (0.74, -0.66, 0.15)
107.68: (0.75, -0.26, 0.60)
107.80: (0.74, -0.09, 0.67)
107.90: (0.75, -0.16, 0.64)
108.01: (0.69, -0.53, 0.49)
108.13: (0.69, -0.57, 0.45)
108.23: (0.67, -0.60, 0.43)
108.33: (0.66, -0.62, 0.42)
108.45: (0.59, -0.70, 0.40)
108.53: (0.59, -0.70, 0.40)
108.53: (-0.21, -0.49, 0.85): 0
108.56: (0.59, -0.70, 0.40)
108.68: (0.58, -0.71, 0.41)
108.78: (0.59, -0.70, 0.41)
108.90: (0.56, -0.74, 0.37)
109.01: (0.50, -0.78, 0.37)
109.13: (0.46, -0.69, 0.56)
109.23: (0.31, -0.67, 0.67)
109.35: (0.06, -0.67, 0.74)
109.46: (-0.09, -0.60, 0.79)
109.58: (-0.08, -0.60, 0.80)
109.68: (-0.06, -0.58, 0.81)
109.75: (-0.07, -0.58, 0.81)
109.75: (0.98, -0.17, -0.08): 2
109.80: (-0.07, -0.58, 0.81)
109.91: (-0.17, -0.59, 0.79)
110.03: (-0.18, -0.60, 0.78)
110.15: (-0.19, -0.62, 0.76)
110.25: (-0.19, -0.62, 0.76)
110.35: (-0.12, -0.55, 0.83)
110.46: (0.07, -0.65, 0.75)
110.58: (0.47, -0.83, 0.31)
110.70: (0.70, -0.71, -0.13)
110.81: (0.76, -0.34, -0.56)
110.93: (0.86, -0.40, -0.31)
111.03: (0.88, -0.43, -0.20)
111.15: (0.96, -0.28, -0.10)
111.26: (0.98, -0.18, -0.04)
111.36: (0.99, -0.16, -0.03)
111.36: (0.47, 0.82, -0.33): 0
111.38: (0.99, -0.16, -0.03)
111.50: (0.99, -0.17, -0.03)
111.61: (0.99, -0.17, -0.04)
111.71: (0.99, -0.16, -0.06)
111.83: (0.99, -0.16, -0.06)
111.93: (0.99, -0.16, -0.05)
112.05: (0.99, -0.16, -0.05)
112.16: (0.99, -0.16, -0.05)
112.28: (0.99, -0.15, -0.02)
112.38: (0.99, -0.15, -0.01)
112.50: (0.99, -0.14, 0.01)
112.61: (0.99, -0.14, 0.01)
112.71: (0.99, -0.14, 0.01)
112.81: (0.99, -0.14, 0.01)
112.93: (0.99, -0.14, 0.01)
113.05: (0.99, -0.14, 0.00)
113.16: (0.99, -0.14, 0.00)
113.26: (0.99, -0.15, 0.00)
113.38: (0.84, -0.34, -0.41)
113.50: (0.48, -0.35, -0.81)
113.61: (0.50, 0.00, -0.87)
113.71: (0.47, 0.54, -0.70)
113.83: (-0.12, 0.91, -0.39)
113.93: (-0.13, 0.92, -0.36)
114.05: (0.13, 0.78, -0.61)
114.16: (0.40, 0.83, -0.39)
114.28: (0.51, 0.83, -0.24)
114.38: (0.49, 0.82, -0.29)
114.38: (0.37, 0.58, 0.72): 1
114.40: (0.49, 0.82, -0.29)
114.50: (0.47, 0.83, -0.29)
114.60: (0.48, 0.84, -0.27)
114.71: (0.48, 0.83, -0.29)
114.83: (0.49, 0.69, -0.54)
114.95: (0.50, 0.68, -0.55)
115.05: (0.41, 0.74, -0.53)
115.16: (0.61, 0.67, -0.43)
115.28: (0.82, 0.57, -0.03)
115.40: (0.90, 0.43, 0.08)
115.50: (0.97, 0.09, -0.24)
115.61: (0.87, -0.06, -0.50)
115.73: (0.95, 0.28, 0.13)
115.85: (0.89, 0.32, 0.33)
115.96: (0.60, 0.47, 0.65)
116.08: (0.42, 0.50, 0.76)
116.18: (0.41, 0.51, 0.76)
116.30: (0.43, 0.54, 0.73)
116.35: (0.43, 0.54, 0.73)
116.35: (0.39, 0.37, -0.84): 2
116.40: (0.43, 0.54, 0.73)
116.51: (0.42, 0.55, 0.72)
116.63: (0.41, 0.54, 0.74)
116.75: (0.34, 0.54, 0.77)
116.85: (-0.06, 0.58, 0.81)
116.96: (-0.08, 0.58, 0.81)
117.06: (-0.08, 0.58, 0.81)
117.18: (-0.08, 0.58, 0.81)
117.30: (-0.08, 0.58, 0.81)
117.41: (-0.70, 0.40, 0.59)
117.51: (-0.97, 0.09, 0.23)
117.63: (-0.97, 0.15, 0.20)
117.75: (-0.97, 0.15, 0.20)
117.85: (-0.93, 0.21, 0.32)
117.96: (-0.99, -0.15, 0.04)
118.08: (-0.74, -0.47, -0.47)
118.18: (-0.40, -0.57, -0.71)
118.30: (0.31, -0.37, -0.88)
118.41: (0.72, -0.07, -0.69)
118.53: (0.73, 0.00, -0.68)
118.63: (0.69, 0.01, -0.72)
118.75: (0.76, -0.01, -0.65)
118.86: (0.76, 0.16, -0.64)
118.98: (0.58, 0.33, -0.75)
119.08: (0.40, 0.41, -0.82)
119.20: (0.33, 0.41, -0.85)
119.25: (0.33, 0.41, -0.85)
119.25: (0.66, -0.75, -0.12): 0
119.30: (0.33, 0.41, -0.85)
119.41: (0.32, 0.41, -0.86)
119.51: (0.34, 0.40, -0.85)
119.63: (0.37, 0.40, -0.84)
119.75: (0.42, 0.39, -0.82)
119.86: (0.44, 0.40, -0.81)
119.98: (0.48, 0.39, -0.78)
120.09: (0.52, 0.39, -0.76)
120.20: (0.57, 0.37, -0.73)
120.31: (0.62, 0.36, -0.70)
120.43: (0.75, 0.32, -0.57)
120.55: (0.89, 0.41, -0.22)
120.66: (0.82, 0.31, 0.48)
120.78: (0.33, 0.14, 0.93)
120.89: (-0.10, 0.28, 0.96)
121.01: (-0.70, 0.32, 0.64)
121.11: (-0.72, 0.47, 0.51)
121.23: (-0.89, 0.44, 0.12)
121.33: (-0.88, 0.43, -0.19)
121.43: (-0.68, 0.53, -0.51)
121.54: (-0.50, 0.57, -0.65)
121.66: (-0.13, 0.79, -0.59)
121.78: (0.04, 0.99, -0.13)
121.88: (0.13, 0.92, 0.37)
121.99: (0.12, 0.66, 0.74)
122.11: (-0.10, 0.43, 0.90)
122.23: (-0.43, 0.35, 0.83)
122.33: (-0.66, 0.17, 0.73)
122.44: (-0.60, -0.16, 0.79)
122.56: (-0.33, -0.58, 0.75)
122.68: (0.06, -0.87, 0.49)
122.79: (0.19, -0.92, 0.34)
122.89: (0.19, -0.92, 0.34)
123.01: (0.19, -0.92, 0.34)
123.13: (0.35, -0.91, 0.23)
123.23: (0.56, -0.82, 0.12)
123.33: (0.60, -0.80, 0.08)
123.44: (0.58, -0.81, 0.03)
123.56: (0.60, -0.80, -0.04)
123.68: (0.64, -0.76, -0.09)
123.71: (0.64, -0.76, -0.09)
123.71: (0.09, -0.45, 0.89): 1
123.79: (0.64, -0.76, -0.09)
123.91: (0.64, -0.76, -0.09)
124.03: (0.64, -0.76, -0.09)
124.13: (0.57, -0.82, 0.09)
124.23: (0.55, -0.83, 0.10)
124.34: (0.56, -0.78, -0.27)
124.46: (0.68, -0.55, -0.48)
124.58: (0.65, -0.46, -0.60)
124.69: (0.57, -0.07, -0.82)
124.79: (0.53, 0.03, -0.85)
124.91: (0.52, 0.01, -0.85)
125.03: (0.52, 0.00, -0.85)
125.13: (0.52, 0.00, -0.85)
125.24: (0.52, 0.00, -0.85)
125.36: (0.52, 0.00, -0.85)
125.48: (0.39, 0.36, -0.85)
125.58: (0.34, 0.46, -0.82)
125.69: (0.34, 0.46, -0.82)
125.81: (0.34, 0.46, -0.82)
125.91: (0.33, 0.45, -0.83)
126.03: (0.28, 0.44, -0.85)
126.13: (0.28, 0.44, -0.85)
126.24: (0.28, 0.44, -0.85)
126.36: (0.28, 0.44, -0.85)
126.48: (0.28, 0.44, -0.85)
126.58: (0.28, 0.44, -0.85)
126.69: (0.28, 0.44, -0.85)
126.81: (0.28, 0.45, -0.85)
126.93: (0.28, 0.45, -0.85)
127.04: (0.28, 0.45, -0.85)
127.16: (0.28, 0.45, -0.85)
127.26: (0.28, 0.45, -0.85)
127.38: (0.28, 0.45, -0.85)
127.49: (0.28, 0.45, -0.85)
127.61: (0.28, 0.45, -0.85)
127.73: (0.28, 0.46, -0.85)
127.84: (0.21, 0.60, -0.77)
127.96: (-0.12, 0.91, -0.40)
128.06: (-0.34, 0.94, -0.03)
128.18: (-0.32, 0.95, 0.00)
128.29: (-0.30, 0.95, -0.05)
128.41: (-0.44, 0.89, 0.13)
128.53: (-0.58, 0.58, 0.57)
128.64: (-0.55, 0.18, 0.82)
128.74: (-0.45, -0.26, 0.86)
128.84: (-0.45, -0.60, 0.66)
128.96: (-0.50, -0.70, 0.51)
129.08: (-0.10, -0.71, 0.70)
129.18: (0.10, -0.67, 0.74)
129.29: (0.04, -0.67, 0.74)
129.41: (0.02, -0.60, 0.80)
129.53: (0.04, -0.52, 0.85)
129.64: (0.05, -0.48, 0.87)
129.73: (0.05, -0.49, 0.87)
129.73: (0.45, -0.79, -0.40): 0
129.76: (0.05, -0.49, 0.87)
129.86: (0.06, -0.50, 0.87)
129.98: (0.06, -0.52, 0.85)
130.09: (0.06, -0.53, 0.85)
130.19: (0.06, -0.53, 0.85)
130.31: (0.05, -0.53, 0.85)
130.41: (0.05, -0.53, 0.85)
130.53: (0.05, -0.53, 0.85)
130.64: (0.05, -0.53, 0.85)
130.76: (0.04, -0.54, 0.84)
130.88: (0.03, -0.59, 0.81)
130.99: (0.05, -0.62, 0.78)
131.11: (0.12, -0.68, 0.72)
131.23: (0.37, -0.76, 0.54)
131.33: (0.43, -0.80, 0.42)
131.44: (0.37, -0.78, 0.51)
131.56: (0.35, -0.78, 0.51)
131.68: (0.47, -0.83, 0.30)
131.79: (0.55, -0.83, -0.07)
131.89: (0.56, -0.82, -0.13)
132.01: (0.52, -0.83, -0.21)
132.11: (0.43, -0.84, -0.33)
132.23: (0.44, -0.82, -0.36)
132.29: (0.44, -0.82, -0.37)
132.29: (0.48, 0.86, -0.17): 2
132.34: (0.44, -0.82, -0.38)
132.46: (0.45, -0.80, -0.39)
132.56: (0.44, -0.81, -0.39)
132.66: (0.43, -0.81, -0.39)
132.78: (0.43, -0.82, -0.38)
132.89: (0.43, -0.82, -0.38)
133.01: (0.43, -0.82, -0.38)
133.13: (0.43, -0.82, -0.38)
133.24: (0.43, -0.82, -0.38)
133.34: (0.43, -0.82, -0.38)
133.46: (0.52, -0.64, -0.56)
133.58: (0.59, -0.30, -0.75)
133.69: (0.47, 0.03, -0.88)
133.81: (0.26, 0.48, -0.84)
133.93: (0.26, 0.48, -0.84)
134.04: (0.26, 0.48, -0.84)
134.14: (0.26, 0.47, -0.84)
134.26: (0.25, 0.41, -0.87)
134.38: (0.20, 0.45, -0.87)
134.49: (0.19, 0.45, -0.87)
134.61: (0.15, 0.66, -0.74)
134.71: (0.05, 0.87, -0.49)
134.83: (-0.06, 0.94, -0.33)
134.94: (-0.13, 0.98, -0.15)
135.06: (0.22, 0.96, -0.17)
135.18: (0.30, 0.94, -0.16)
135.29: (0.31, 0.94, -0.15)
135.39: (0.35, 0.92, -0.17)
135.51: (0.47, 0.86, -0.19)
135.61: (0.47, 0.86, -0.20)
135.61: (-0.52, -0.39, 0.76): 2
135.63: (0.47, 0.86, -0.20)
135.73: (0.47, 0.86, -0.20)
135.84: (0.46, 0.86, -0.20)
135.94: (0.46, 0.87, -0.20)
136.04: (0.46, 0.87, -0.21)
136.16: (0.46, 0.87, -0.21)
136.26: (0.46, 0.87, -0.21)
136.38: (0.57, 0.82, -0.11)
136.49: (0.65, 0.65, 0.40)
136.59: (0.64, 0.58, 0.50)
136.71: (0.64, 0.58, 0.50)
136.83: (0.64, 0.58, 0.50)
136.94: (0.62, 0.61, 0.49)
137.06: (0.61, 0.63, 0.49)
137.17: (0.55, 0.63, 0.55)
137.27: (0.58, 0.61, 0.54)
137.37: (0.62, 0.64, 0.45)
137.49: (0.57, 0.46, 0.68)
137.61: (0.52, 0.06, 0.85)
137.71: (0.62, -0.05, 0.78)
137.82: (0.64, -0.03, 0.77)
137.94: (0.66, 0.04, 0.75)
138.04: (0.66, 0.07, 0.75)
138.16: (0.69, 0.09, 0.72)
138.26: (0.69, 0.08, 0.71)
138.37: (0.72, 0.08, 0.69)
138.49: (0.74, 0.01, 0.67)
138.61: (0.77, 0.02, 0.64)
138.71: (0.78, 0.06, 0.62)
138.82: (0.79, 0.06, 0.61)
138.94: (0.80, 0.08, 0.59)
139.04: (0.81, 0.10, 0.58)
139.16: (0.81, 0.10, 0.58)
139.27: (0.76, 0.20, 0.62)
139.39: (0.55, 0.36, 0.75)
139.51: (-0.32, 0.11, 0.94)
139.62: (-0.68, 0.03, 0.74)
139.72: (-0.87, 0.15, 0.47)
139.84: (-0.95, 0.06, 0.29)
139.96: (-0.79, -0.28, 0.54)
140.07: (-0.64, -0.24, 0.73)
140.17: (-0.64, -0.27, 0.72)
140.29: (-0.64, -0.29, 0.71)
140.41: (-0.63, -0.29, 0.72)
140.46: (-0.63, -0.29, 0.72)
140.46: (-0.33, 0.49, -0.81): 2
140.52: (-0.62, -0.32, 0.72)
140.62: (-0.60, -0.32, 0.73)
140.74: (-0.59, -0.32, 0.74)
140.84: (-0.58, -0.30, 0.76)
140.96: (-0.45, -0.29, 0.85)
141.07: (-0.45, -0.29, 0.85)
141.19: (-0.45, -0.29, 0.85)
141.29: (-0.45, -0.29, 0.85)
141.41: (-0.45, -0.29, 0.85)
141.52: (-0.45, -0.29, 0.85)
141.64: (-0.45, -0.29, 0.85)
141.74: (-0.45, -0.29, 0.85)
141.86: (-0.45, -0.29, 0.85)
141.97: (-0.45, -0.29, 0.85)
142.09: (-0.46, -0.27, 0.85)
142.19: (-0.46, -0.23, 0.86)
142.31: (-0.43, -0.11, 0.90)
142.42: (0.04, 0.11, 0.99)
142.52: (0.31, 0.61, 0.73)
142.64: (0.02, 0.98, 0.20)
142.76: (-0.47, 0.88, -0.04)
142.87: (-0.68, 0.73, -0.07)
142.99: (-0.94, 0.30, 0.13)
143.11: (-0.83, -0.33, 0.45)
143.22: (-0.41, -0.60, 0.69)
143.32: (0.05, -0.70, 0.71)
143.44: (0.49, -0.71, 0.51)
143.56: (0.64, -0.70, 0.32)
143.67: (0.62, -0.69, 0.36)
143.77: (0.62, -0.69, 0.36)
143.89: (0.62, -0.69, 0.36)
144.01: (0.74, -0.67, 0.08)
144.11: (0.84, -0.29, -0.46)
144.21: (0.74, 0.01, -0.67)
144.32: (0.73, 0.09, -0.68)
144.44: (0.61, 0.24, -0.76)
144.56: (0.29, 0.63, -0.72)
144.67: (0.28, 0.67, -0.69)
144.77: (0.30, 0.66, -0.69)
144.89: (0.30, 0.66, -0.69)
144.99: (0.12, 0.65, -0.75)
145.11: (-0.09, 0.61, -0.79)
145.21: (-0.17, 0.57, -0.80)
145.32: (-0.25, 0.52, -0.82)
145.44: (-0.25, 0.52, -0.82)
145.44: (-0.95, 0.02, -0.32): 0
145.44: (-0.25, 0.52, -0.82)
145.56: (-0.26, 0.52, -0.81)
145.67: (-0.26, 0.52, -0.81)
145.77: (-0.26, 0.52, -0.82)
145.89: (-0.23, 0.68, -0.70)
145.99: (-0.35, 0.85, -0.40)
146.11: (-0.41, 0.83, -0.37)
146.22: (-0.43, 0.82, -0.38)
146.32: (-0.43, 0.83, -0.36)
146.44: (-0.47, 0.85, -0.26)
146.54: (-0.59, 0.80, 0.06)
146.66: (-0.61, 0.73, 0.31)
146.77: (-0.61, 0.73, 0.31)
146.87: (-0.61, 0.73, 0.31)
146.99: (-0.67, 0.68, 0.31)
147.11: (-0.71, 0.55, 0.43)
147.22: (-0.75, 0.36, 0.55)
147.34: (-0.76, 0.26, 0.59)
147.46: (-0.77, 0.25, 0.59)
147.56: (-0.72, -0.02, 0.70)
147.67: (-0.42, -0.39, 0.82)
147.79: (0.05, -0.65, 0.76)
147.91: (0.36, -0.76, 0.53)
148.02: (0.56, -0.71, 0.42)
148.14: (0.86, -0.33, 0.38)
148.26: (0.95, 0.06, 0.31)
148.37: (0.86, 0.34, 0.39)
148.49: (0.66, 0.56, 0.50)
148.61: (0.45, 0.66, 0.60)
148.72: (0.25, 0.83, 0.50)
148.82: (0.13, 0.91, 0.38)
148.94: (-0.16, 0.98, 0.12)
149.06: (-0.32, 0.94, -0.09)
149.16: (-0.57, 0.82, -0.06)
149.27: (-0.80, 0.38, 0.46)
149.39: (-0.61, -0.05, 0.79)
149.51: (-0.24, -0.55, 0.80)
149.61: (-0.25, -0.64, 0.72)
149.72: (-0.25, -0.64, 0.72)
149.82: (-0.25, -0.64, 0.72)
149.94: (-0.07, -0.76, 0.65)
150.06: (0.29, -0.91, 0.29)
150.16: (0.61, -0.74, -0.30)
150.27: (0.64, -0.30, -0.71)
150.39: (0.59, 0.23, -0.77)
150.51: (0.39, 0.72, -0.58)
150.62: (0.40, 0.68, -0.62)
150.72: (0.40, 0.68, -0.62)
150.84: (0.33, 0.82, -0.46)
150.94: (-0.06, 0.96, -0.26)
151.06: (-0.68, 0.69, 0.25)
151.17: (-0.82, 0.35, 0.45)
151.29: (-0.82, 0.35, 0.45)
151.39: (-0.81, 0.39, 0.45)
151.49: (-0.83, 0.18, 0.53)
151.61: (-0.82, -0.47, 0.33)
151.72: (-0.40, -0.89, 0.23)
151.84: (-0.05, -0.99, 0.09)
151.95: (-0.04, -0.99, -0.14)
152.07: (-0.57, -0.81, -0.15)
152.19: (-0.70, -0.67, -0.25)
152.30: (-0.89, -0.36, -0.27)
152.40: (-0.94, -0.03, -0.33)
152.52: (-0.96, -0.03, -0.29)
152.60: (-0.95, 0.00, -0.30)
152.60: (0.02, 0.57, 0.82): 2
152.62: (-0.95, 0.00, -0.30)
152.74: (-0.96, 0.01, -0.30)
152.84: (-0.95, 0.00, -0.30)
152.96: (-0.93, -0.30, -0.20)
153.07: (-0.66, -0.62, 0.42)
153.19: (0.02, -0.48, 0.87)
153.30: (0.11, -0.44, 0.89)
153.42: (0.12, -0.43, 0.89)
153.54: (0.12, -0.43, 0.89)
153.64: (0.15, -0.39, 0.91)
153.75: (0.16, -0.39, 0.91)
153.87: (0.16, -0.39, 0.91)
153.99: (0.17, -0.39, 0.90)
154.10: (0.22, -0.47, 0.85)
154.22: (0.22, -0.47, 0.85)
154.34: (0.22, -0.47, 0.85)
154.45: (0.37, -0.62, 0.69)
154.57: (0.72, -0.69, -0.01)
154.69: (0.75, -0.60, -0.30)
154.79: (0.75, -0.58, -0.33)
154.90: (0.75, -0.58, -0.33)
155.02: (0.80, -0.50, -0.34)
155.12: (0.94, -0.29, -0.19)
155.22: (0.96, -0.28, -0.03)
155.34: (0.96, -0.27, -0.04)
155.44: (0.96, -0.26, -0.04)
155.54: (0.96, -0.26, -0.04)
155.65: (0.96, -0.26, -0.04)
155.77: (0.87, -0.26, 0.42)
155.89: (0.39, -0.14, 0.91)
156.00: (-0.15, -0.01, 0.99)
156.12: (-0.35, 0.06, 0.94)
156.24: (-0.33, 0.02, 0.94)
156.34: (-0.33, 0.02, 0.94)
156.45: (-0.26, 0.26, 0.93)
156.57: (0.01, 0.48, 0.88)
156.67: (0.00, 0.48, 0.88)
156.77: (-0.01, 0.48, 0.88)
156.79: (-0.01, 0.48, 0.88)
156.79: (-0.39, -0.37, 0.84): 1
156.89: (-0.01, 0.48, 0.88)
157.00: (-0.01, 0.49, 0.87)
157.12: (0.01, 0.50, 0.87)
157.22: (0.01, 0.50, 0.87)
157.34: (0.01, 0.50, 0.87)
157.45: (0.01, 0.50, 0.87)
157.55: (0.01, 0.50, 0.87)
157.67: (-0.27, 0.53, 0.81)
157.77: (-0.64, 0.49, 0.59)
157.89: (-0.90, 0.36, 0.24)
158.00: (-0.98, 0.13, -0.11)
158.10: (-0.99, 0.14, 0.08)
158.22: (-0.99, 0.14, 0.08)
158.34: (-0.98, 0.16, 0.09)
158.45: (-0.96, 0.24, 0.10)
158.55: (-0.95, 0.28, 0.10)
158.67: (-0.98, 0.18, -0.04)
158.79: (-0.97, -0.16, -0.18)
158.90: (-0.83, -0.46, -0.32)
159.02: (-0.72, -0.52, -0.47)
159.12: (-0.63, -0.57, -0.54)
159.24: (-0.55, -0.60, -0.58)
159.34: (-0.55, -0.60, -0.58)
159.45: (-0.55, -0.60, -0.58)
159.55: (-0.55, -0.60, -0.58)
159.67: (-0.55, -0.60, -0.58)
159.79: (-0.55, -0.60, -0.58)
159.90: (-0.57, -0.59, -0.58)
160.02: (-0.57, -0.59, -0.58)
160.14: (-0.59, -0.57, -0.57)
160.24: (-0.49, -0.60, -0.63)
160.34: (-0.25, -0.63, -0.74)
160.45: (-0.08, -0.63, -0.78)
160.57: (0.28, -0.64, -0.71)
160.69: (0.83, -0.51, -0.21)
160.80: (0.85, -0.52, -0.05)
160.92: (0.85, -0.52, -0.05)
161.02: (0.85, -0.52, -0.05)
161.14: (0.84, -0.54, -0.10)
161.25: (0.83, -0.53, -0.18)
161.37: (0.90, -0.44, -0.02)
161.47: (0.88, -0.27, 0.40)
161.59: (0.75, -0.10, 0.66)
161.69: (0.65, 0.03, 0.76)
161.80: (0.39, 0.27, 0.88)
161.90: (0.28, 0.33, 0.90)
162.02: (0.16, 0.36, 0.92)
162.14: (-0.19, 0.46, 0.87)
162.25: (-0.59, 0.61, 0.53)
162.37: (-0.57, 0.81, 0.17)
162.47: (-0.60, 0.59, 0.54)
162.59: (-0.58, 0.24, 0.78)
162.70: (-0.51, -0.01, 0.86)
162.82: (-0.44, -0.12, 0.89)
162.94: (-0.33, -0.32, 0.89)
163.05: (-0.32, -0.37, 0.87)
163.17: (-0.32, -0.37, 0.87)
163.20: (-0.32, -0.37, 0.87)
163.20: (0.44, -0.26, 0.86): 1
163.29: (-0.32, -0.37, 0.87)
163.39: (-0.32, -0.38, 0.86)
163.50: (-0.31, -0.38, 0.87)
163.62: (-0.29, -0.38, 0.88)
163.74: (-0.29, -0.38, 0.88)
163.85: (-0.24, -0.37, 0.90)
163.95: (0.18, -0.34, 0.92)
164.07: (0.43, -0.36, 0.83)
164.19: (0.40, -0.35, 0.85)
164.30: (0.34, -0.31, 0.89)
164.42: (0.34, -0.31, 0.89)
164.44: (0.34, -0.31, 0.89)
164.44: (-0.17, -0.22, 0.96): 0
164.54: (0.33, -0.31, 0.89)
164.65: (0.33, -0.31, 0.89)
164.77: (0.32, -0.30, 0.90)
164.87: (0.00, -0.23, 0.97)
164.99: (-0.13, -0.20, 0.97)
165.09: (-0.13, -0.20, 0.97)
165.14: (-0.12, -0.20, 0.97)
165.14: (-0.97, 0.17, 0.15): 2
165.19: (-0.12, -0.20, 0.97)
165.29: (-0.12, -0.20, 0.97)
165.40: (-0.10, -0.19, 0.98)
165.52: (-0.07, -0.20, 0.98)
165.62: (0.23, -0.23, 0.95)
165.74: (0.71, -0.09, 0.70)
165.85: (0.78, -0.04, 0.62)
165.97: (0.87, -0.09, 0.49)
166.09: (0.97, -0.21, 0.10)
166.20: (0.95, -0.29, -0.10)
166.30: (0.95, -0.29, -0.10)
166.42: (0.95, -0.29, -0.10)
166.54: (0.98, -0.17, 0.08)
166.64: (0.91, 0.10, 0.40)
166.75: (0.72, 0.32, 0.62)
166.87: (0.55, 0.47, 0.69)
166.99: (0.17, 0.62, 0.76)
167.09: (-0.20, 0.63, 0.75)
167.20: (-0.66, 0.47, 0.58)
167.32: (-0.85, 0.13, 0.52)
167.44: (-0.89, -0.24, 0.38)
167.55: (-0.94, -0.01, 0.33)
167.67: (-0.94, 0.09, 0.33)
167.77: (-0.95, 0.12, 0.28)
167.89: (-0.97, 0.21, 0.15)
167.99: (-0.96, 0.22, 0.15)
167.99: (-0.66, 0.75, -0.03): 2
168.00: (-0.96, 0.22, 0.15)
168.12: (-0.96, 0.22, 0.15)
168.24: (-0.96, 0.22, 0.16)
168.34: (-0.91, 0.24, 0.33)
168.45: (-0.91, 0.24, 0.33)
168.57: (-0.91, 0.24, 0.33)
168.67: (-0.91, 0.25, 0.33)
168.78: (-0.89, 0.38, 0.25)
168.90: (-0.80, 0.58, 0.17)
169.02: (-0.78, 0.61, 0.14)
169.14: (-0.78, 0.62, 0.10)
169.25: (-0.72, 0.69, 0.00)
169.35: (-0.71, 0.70, -0.02)
169.44: (-0.70, 0.71, -0.03)
169.44: (0.63, 0.77, 0.08): 1
169.45: (-0.70, 0.71, -0.03)
169.57: (-0.70, 0.71, -0.02)
169.67: (-0.71, 0.71, -0.02)
169.78: (-0.67, 0.73, 0.11)
169.88: (-0.50, 0.76, 0.41)
170.00: (-0.48, 0.76, 0.45)
170.12: (-0.48, 0.76, 0.45)
170.23: (-0.40, 0.76, 0.52)
170.35: (-0.27, 0.72, 0.64)
170.47: (-0.30, 0.71, 0.64)
170.58: (-0.65, 0.72, 0.27)
170.70: (-0.80, 0.60, 0.00)
170.80: (-0.90, 0.41, -0.16)
170.92: (-0.92, 0.31, -0.25)
171.03: (-0.90, 0.24, -0.36)
171.15: (-0.91, -0.04, -0.41)
171.27: (-0.84, -0.47, -0.28)
171.37: (-0.85, -0.43, -0.29)
171.48: (-0.85, -0.43, -0.29)
171.60: (-0.87, -0.41, -0.29)
171.72: (-0.89, -0.31, -0.35)
171.82: (-0.86, -0.35, -0.36)
171.93: (-0.81, -0.43, -0.41)
172.05: (-0.63, -0.62, -0.46)
172.17: (-0.46, -0.78, -0.43)
172.28: (-0.31, -0.84, -0.45)
172.38: (-0.10, -0.90, -0.43)
172.50: (0.11, -0.91, -0.40)
172.62: (0.40, -0.91, -0.07)
172.72: (0.50, -0.86, 0.14)
172.82: (0.37, -0.89, 0.26)
172.93: (0.03, -0.89, 0.46)
173.05: (-0.18, -0.70, 0.69)
173.15: (-0.10, -0.62, 0.77)
173.27: (0.10, -0.43, 0.90)
173.38: (0.55, -0.42, 0.72)
173.50: (0.84, -0.43, 0.34)
173.60: (0.83, -0.56, -0.09)
173.72: (0.66, -0.64, -0.40)
173.83: (0.31, -0.70, -0.64)
173.95: (0.21, -0.72, -0.65)
174.07: (0.21, -0.72, -0.65)
174.18: (0.21, -0.72, -0.65)
174.28: (0.20, -0.71, -0.68)
174.38: (0.20, -0.73, -0.65)
174.50: (0.06, -0.76, -0.65)
174.62: (-0.07, -0.73, -0.68)
174.73: (-0.19, -0.53, -0.83)
174.85: (-0.41, -0.25, -0.88)
174.97: (-0.47, 0.23, -0.85)
175.07: (-0.34, 0.48, -0.81)
175.18: (-0.34, 0.33, -0.88)
175.30: (-0.34, 0.33, -0.88)
175.40: (-0.37, 0.32, -0.87)
175.52: (-0.54, 0.30, -0.78)
175.62: (-0.42, 0.43, -0.80)
175.73: (-0.36, 0.63, -0.68)
175.85: (0.22, 0.90, -0.37)
175.97: (0.57, 0.82, 0.00)
176.08: (0.61, 0.75, 0.25)
176.20: (0.49, 0.84, 0.22)
176.32: (0.47, 0.86, 0.20)
176.43: (0.55, 0.83, 0.10)
176.53: (0.60, 0.80, 0.05)
176.62: (0.60, 0.80, 0.05)
176.62: (-0.10, -0.73, -0.68): 2
176.65: (0.60, 0.80, 0.05)
176.75: (0.62, 0.78, 0.06)
176.87: (0.60, 0.80, 0.05)
176.97: (0.60, 0.80, 0.05)
177.07: (0.61, 0.79, -0.01)
177.18: (0.61, 0.79, -0.01)
177.28: (0.61, 0.79, -0.01)
177.40: (0.58, 0.82, -0.03)
177.50: (0.56, 0.83, 0.02)
177.62: (0.54, 0.84, 0.04)
177.73: (0.54, 0.84, 0.09)
177.83: (0.49, 0.86, 0.13)
177.95: (0.49, 0.86, 0.17)
178.07: (0.50, 0.85, 0.17)
178.17: (0.52, 0.84, 0.16)
178.28: (0.54, 0.83, 0.15)
178.40: (0.58, 0.80, 0.15)
178.52: (0.58, 0.80, 0.15)
178.63: (0.57, 0.81, 0.15)
178.73: (0.57, 0.81, 0.15)
178.85: (0.57, 0.81, 0.15)
178.95: (0.57, 0.81, 0.15)
179.07: (0.55, 0.81, 0.18)
179.17: (0.55, 0.81, 0.18)
179.28: (0.55, 0.82, 0.19)
179.38: (0.55, 0.82, 0.19)
179.48: (0.54, 0.82, 0.20)
179.60: (0.72, 0.40, 0.57)
179.72: (0.62, -0.15, 0.77)
179.83: (0.41, -0.51, 0.76)
179.95: (0.25, -0.71, 0.66)
180.07: (0.36, -0.83, 0.43)
180.18: (0.38, -0.92, 0.07)
180.30: (0.51, -0.85, -0.17)
180.42: (0.79, -0.48, -0.39)
180.53: (0.87, -0.27, -0.41)
180.65: (0.55, -0.54, -0.63)
180.77: (0.26, -0.69, -0.67)
180.88: (0.07, -0.76, -0.64)
181.00: (0.03, -0.75, -0.66)
181.10: (0.00, -0.75, -0.66)
181.22: (-0.07, -0.73, -0.68)
181.30: (-0.07, -0.74, -0.67)
181.30: (0.39, -0.10, 0.92): 0
181.32: (-0.07, -0.74, -0.67)
181.43: (-0.08, -0.74, -0.67)
181.55: (-0.08, -0.74, -0.67)
181.65: (-0.07, -0.74, -0.67)
181.77: (0.13, -0.83, -0.55)
181.88: (0.49, -0.86, -0.17)
182.00: (0.68, -0.58, 0.44)
182.12: (0.59, -0.34, 0.73)
182.23: (0.62, -0.26, 0.74)
182.35: (0.62, -0.18, 0.76)
182.47: (0.49, -0.02, 0.87)
182.57: (0.49, -0.04, 0.87)
182.68: (0.48, -0.19, 0.85)
182.77: (0.48, -0.19, 0.86)
182.77: (-0.21, -0.09, 0.97): 2
182.80: (0.48, -0.19, 0.86)
182.92: (0.48, -0.19, 0.86)
183.03: (0.48, -0.19, 0.86)
183.13: (0.46, -0.18, 0.87)
183.25: (0.16, -0.11, 0.98)
183.37: (0.14, -0.11, 0.98)
183.48: (-0.10, -0.08, 0.99)
183.58: (-0.20, -0.07, 0.98)
183.67: (-0.20, -0.07, 0.98)
183.67: (-0.67, -0.44, -0.60): 1
183.68: (-0.20, -0.07, 0.98)
183.80: (-0.20, -0.08, 0.98)
183.90: (-0.15, -0.07, 0.99)
184.02: (-0.06, -0.02, 1.00)
184.13: (-0.03, 0.03, 1.00)
184.25: (-0.03, 0.04, 1.00)
184.35: (0.03, 0.15, 0.99)
184.47: (0.33, 0.70, 0.64)
184.57: (0.44, 0.87, 0.20)
184.68: (0.47, 0.85, -0.25)
184.80: (0.22, 0.62, -0.75)
184.90: (0.26, 0.54, -0.80)
185.01: (0.26, 0.54, -0.80)
185.12: (0.22, 0.60, -0.77)
185.22: (0.20, 0.58, -0.79)
185.33: (0.17, 0.56, -0.81)
185.45: (-0.02, -0.07, -1.00)
185.56: (0.01, -0.33, -0.94)
185.66: (-0.13, -0.81, -0.57)
185.78: (-0.01, -0.74, -0.67)
185.90: (-0.01, -0.74, -0.67)
186.01: (-0.17, -0.70, -0.70)
186.13: (-0.39, -0.69, -0.61)
186.25: (-0.66, -0.54, -0.52)
186.35: (-0.65, -0.44, -0.62)
186.46: (-0.62, -0.42, -0.67)
186.56: (-0.61, -0.42, -0.67)
186.60: (-0.61, -0.42, -0.67)
186.60: (0.99, -0.03, 0.12): 2
186.68: (-0.61, -0.42, -0.67)
186.78: (-0.60, -0.43, -0.67)
186.90: (-0.66, -0.51, -0.56)
187.01: (-0.66, -0.72, -0.22)
187.13: (-0.59, -0.80, -0.13)
187.23: (-0.36, -0.81, 0.46)
187.35: (0.04, -0.71, 0.71)
187.46: (0.04, -0.71, 0.71)
187.58: (0.04, -0.71, 0.71)
187.70: (0.04, -0.69, 0.72)
187.81: (0.05, -0.55, 0.83)
187.91: (0.35, -0.07, 0.93)
188.03: (0.54, 0.32, 0.78)
188.15: (0.66, 0.65, 0.37)
188.25: (0.65, 0.75, -0.13)
188.36: (0.61, 0.63, -0.49)
188.48: (0.79, 0.25, -0.56)
188.60: (0.71, -0.26, -0.65)
188.70: (0.75, -0.42, -0.51)
188.80: (0.93, -0.30, -0.21)
188.90: (0.98, -0.20, -0.08)
189.01: (0.99, -0.08, 0.08)
189.13: (0.98, -0.03, 0.18)
189.18: (0.98, -0.03, 0.21)
189.18: (0.48, -0.72, 0.50): 0
189.23: (0.98, -0.03, 0.21)
189.35: (0.98, -0.03, 0.20)
189.46: (0.98, -0.03, 0.20)
189.58: (1.00, 0.04, -0.05)
189.70: (0.93, 0.15, -0.32)
189.81: (0.88, 0.27, -0.39)
189.91: (0.51, 0.80, -0.32)
190.03: (0.48, 0.79, 0.38)
190.15: (0.44, 0.44, 0.78)
190.25: (0.35, 0.04, 0.94)
190.36: (0.10, -0.22, 0.97)
190.46: (-0.22, -0.46, 0.86)
190.58: (-0.45, -0.74, 0.50)
190.70: (-0.55, -0.83, 0.07)
190.81: (-0.57, -0.82, 0.00)
190.91: (-0.57, -0.82, 0.00)
191.01: (-0.57, -0.82, -0.05)
191.11: (-0.50, -0.75, -0.43)
191.23: (-0.46, -0.78, -0.43)
191.35: (-0.46, -0.78, -0.43)
191.46: (-0.49, -0.75, -0.44)
191.58: (-0.47, -0.57, -0.68)
191.70: (0.06, -0.38, -0.92)
191.81: (0.55, -0.35, -0.76)
191.93: (0.81, -0.18, -0.56)
192.03: (0.96, -0.15, -0.22)
192.13: (0.98, 0.12, 0.14)
192.25: (0.76, 0.58, 0.29)
192.36: (0.40, 0.87, 0.29)
192.48: (0.32, 0.94, -0.10)
192.60: (0.51, 0.64, -0.58)
192.70: (0.58, 0.21, -0.79)
192.81: (0.47, -0.25, -0.84)
192.93: (0.25, -0.71, -0.66)
193.05: (0.20, -0.90, -0.39)
193.16: (0.35, -0.90, 0.25)
193.26: (0.37, -0.54, 0.76)
193.38: (0.19, -0.31, 0.93)
193.50: (0.35, -0.63, 0.69)
193.61: (0.41, -0.69, 0.59)
193.73: (0.44, -0.75, 0.49)
193.85: (0.44, -0.79, 0.42)
193.86: (0.44, -0.79, 0.42)
193.86: (0.99, -0.10, 0.07): 0
193.95: (0.44, -0.79, 0.42)
194.05: (0.44, -0.79, 0.43)
194.16: (0.42, -0.77, 0.49)
194.28: (0.44, -0.34, 0.83)
194.38: (0.30, 0.22, 0.93)
194.50: (0.05, 0.82, 0.57)
194.61: (-0.16, 0.98, -0.12)
194.71: (-0.17, 0.96, -0.21)
194.83: (-0.19, 0.92, -0.35)
194.95: (-0.03, 0.78, -0.63)
195.05: (0.55, 0.56, -0.62)
195.16: (0.86, 0.34, -0.37)
195.28: (0.88, 0.48, 0.03)
195.40: (0.68, 0.60, 0.42)
195.50: (0.62, 0.41, 0.67)
195.61: (0.85, 0.21, 0.49)
195.73: (0.90, 0.21, 0.37)
195.85: (0.95, 0.17, 0.26)
195.96: (1.00, -0.02, 0.07)
196.06: (0.99, -0.09, 0.08)
196.13: (0.99, -0.09, 0.11)
196.13: (0.91, 0.05, -0.42): 0
196.18: (0.99, -0.08, 0.12)
196.28: (0.99, -0.10, 0.12)
196.40: (0.99, -0.05, 0.14)
196.50: (0.97, 0.17, -0.19)
196.61: (0.94, 0.21, -0.26)
196.71: (0.94, 0.21, -0.28)
196.83: (0.92, 0.20, -0.33)
196.88: (0.92, 0.18, -0.36)
196.88: (-0.73, -0.50, -0.47): 2
196.95: (0.92, 0.18, -0.36)
197.06: (0.91, 0.12, -0.41)
197.18: (0.91, 0.13, -0.39)
197.30: (0.89, 0.32, -0.32)
197.40: (0.85, 0.51, -0.09)
197.51: (0.65, 0.64, 0.42)
197.63: (0.02, 0.32, 0.95)
197.75: (-0.25, 0.10, 0.96)
197.86: (-0.48, -0.17, 0.86)
197.98: (-0.72, -0.51, 0.47)
198.08: (-0.61, -0.41, 0.68)
198.18: (-0.61, -0.41, 0.68)
198.30: (-0.60, -0.33, 0.73)
198.41: (-0.74, -0.52, 0.44)
198.53: (-0.73, -0.68, 0.07)
198.65: (-0.59, -0.72, -0.37)
198.76: (-0.63, -0.66, -0.40)
198.88: (-0.76, -0.58, -0.31)
199.00: (-0.73, -0.54, -0.41)
199.11: (-0.71, -0.52, -0.47)
199.13: (-0.71, -0.52, -0.47)
199.13: (0.78, -0.46, 0.43): 2
199.23: (-0.71, -0.52, -0.47)
199.35: (-0.74, -0.52, -0.42)
199.46: (-0.85, -0.48, 0.19)
199.58: (-0.84, -0.50, 0.23)
199.68: (-0.84, -0.50, 0.23)
199.78: (-0.85, -0.51, 0.14)
199.90: (-0.84, -0.52, -0.16)
200.01: (-0.79, -0.61, -0.05)
200.13: (-0.75, -0.66, 0.04)
200.23: (-0.70, -0.71, -0.01)
200.35: (-0.78, -0.62, -0.01)
200.46: (-0.81, -0.58, -0.04)
200.58: (-0.89, -0.43, -0.15)
200.69: (-0.99, -0.04, -0.17)
200.81: (-0.94, 0.24, 0.23)
200.91: (-0.65, 0.33, 0.68)
201.03: (-0.80, 0.49, 0.35)
201.14: (-0.87, 0.46, -0.17)
201.26: (-0.72, 0.26, -0.64)
201.36: (-0.63, 0.08, -0.77)
201.46: (-0.63, 0.08, -0.77)
201.56: (-0.63, 0.08, -0.77)
201.68: (-0.58, 0.09, -0.81)
201.79: (-0.34, 0.12, -0.93)
201.91: (0.06, 0.14, -0.99)
202.03: (0.49, 0.06, -0.87)
202.14: (0.78, -0.09, -0.62)
202.24: (0.77, -0.03, -0.64)
202.36: (0.86, 0.07, -0.51)
202.48: (1.00, 0.01, 0.09)
202.59: (0.89, -0.27, 0.37)
202.71: (0.59, -0.53, 0.61)
202.83: (0.69, -0.53, 0.49)
202.93: (0.71, -0.52, 0.48)
203.03: (0.71, -0.51, 0.48)
203.09: (0.73, -0.49, 0.48)
203.09: (0.62, -0.43, -0.66): 2
203.13: (0.73, -0.49, 0.48)
203.23: (0.72, -0.51, 0.47)
203.34: (0.81, -0.47, 0.35)
203.44: (0.90, -0.39, 0.19)
203.56: (0.90, -0.39, 0.19)
203.68: (0.91, -0.38, 0.19)
203.79: (0.88, -0.37, 0.30)
203.91: (0.73, -0.50, 0.47)
204.01: (0.37, -0.60, 0.71)
204.13: (-0.11, -0.63, 0.77)
204.24: (-0.46, -0.53, 0.71)
204.36: (-0.72, -0.38, 0.58)
204.48: (-0.98, -0.13, 0.17)
204.59: (-0.99, -0.11, -0.11)
204.69: (-0.99, -0.11, -0.11)
204.79: (-0.99, -0.11, -0.11)
204.91: (-0.99, -0.11, -0.11)
205.01: (-0.99, 0.01, -0.17)
205.13: (-0.98, 0.10, -0.19)
205.24: (-0.80, 0.45, -0.40)
205.36: (-0.46, 0.63, -0.63)
205.46: (-0.04, 0.67, -0.74)
205.56: (0.34, 0.50, -0.79)
205.68: (0.69, 0.10, -0.72)
205.78: (0.66, -0.38, -0.65)
205.89: (0.39, -0.74, -0.55)
206.01: (0.37, -0.78, -0.50)
206.13: (0.53, -0.58, -0.62)
206.24: (0.57, -0.47, -0.67)
206.34: (0.58, -0.45, -0.68)
206.43: (0.59, -0.43, -0.68)
206.43: (0.66, -0.35, -0.67): 0
206.46: (0.59, -0.43, -0.68)
206.58: (0.58, -0.44, -0.68)
206.69: (0.58, -0.44, -0.68)
206.81: (0.60, -0.42, -0.68)
206.93: (0.67, -0.30, -0.68)
206.98: (0.67, -0.30, -0.68)
206.98: (0.31, 0.52, 0.80): 1
207.04: (0.67, -0.30, -0.68)
207.14: (0.67, -0.30, -0.67)
207.26: (0.65, -0.22, -0.72)
207.38: (0.30, 0.16, -0.94)
207.48: (-0.02, 0.31, -0.95)
207.59: (-0.44, 0.65, -0.63)
207.69: (-0.68, 0.73, 0.11)
207.81: (-0.64, 0.42, 0.64)
207.93: (-0.64, 0.42, 0.64)
208.04: (-0.46, 0.78, 0.43)
208.14: (-0.08, 1.00, 0.05)
208.26: (0.26, 0.82, -0.52)
208.38: (0.39, 0.59, -0.71)
208.49: (0.58, 0.20, -0.79)
208.61: (0.68, -0.25, -0.69)
208.73: (0.59, -0.57, -0.57)
208.84: (0.49, -0.64, -0.59)
208.94: (0.49, -0.64, -0.59)
209.06: (0.49, -0.64, -0.59)
209.18: (0.46, -0.69, -0.56)
209.29: (0.37, -0.87, -0.33)
209.41: (0.09, -0.99, -0.04)
209.53: (-0.45, -0.85, 0.28)
209.64: (-0.77, -0.47, 0.43)
209.76: (-0.91, -0.25, 0.33)
209.88: (-0.99, 0.09, 0.12)
209.98: (-0.89, 0.43, -0.17)
210.09: (-0.41, 0.74, -0.54)
210.21: (-0.24, 0.65, -0.72)
210.33: (-0.04, 0.39, -0.92)
210.44: (0.21, 0.20, -0.96)
210.56: (0.39, -0.09, -0.92)
210.66: (0.50, -0.35, -0.79)
210.78: (0.48, -0.57, -0.67)
210.89: (0.45, -0.59, -0.67)
211.01: (0.45, -0.59, -0.67)
211.13: (0.57, -0.47, -0.68)
211.24: (0.74, 0.00, -0.68)
211.36: (0.63, 0.45, -0.63)
211.48: (0.24, 0.81, -0.53)
211.59: (-0.13, 0.92, -0.37)
211.69: (-0.44, 0.86, -0.25)
211.81: (-0.64, 0.77, -0.06)
211.91: (-0.67, 0.73, 0.14)
212.01: (-0.74, 0.57, -0.34)
212.13: (-0.74, 0.57, -0.34)
212.23: (-0.74, 0.57, -0.34)
212.34: (-0.75, 0.64, -0.18)
212.44: (-0.70, 0.70, 0.15)
212.56: (-0.42, 0.56, 0.71)
212.68: (0.23, 0.12, 0.97)
212.79: (0.41, 0.00, 0.91)
212.91: (0.39, 0.20, 0.90)
213.03: (0.40, 0.46, 0.80)
213.14: (0.38, 0.52, 0.76)
213.18: (0.38, 0.52, 0.76)
213.18: (0.26, 0.07, -0.96): 1
213.26: (0.38, 0.52, 0.76)
213.36: (0.38, 0.52, 0.77)
213.48: (0.39, 0.49, 0.78)
213.59: (0.48, 0.35, 0.80)
213.71: (0.81, -0.09, 0.58)
213.83: (0.92, -0.29, 0.25)
213.93: (0.88, -0.46, -0.11)
214.04: (0.77, -0.53, -0.36)
214.16: (0.80, -0.49, -0.34)
214.26: (0.80, -0.49, -0.34)
214.38: (0.73, -0.51, -0.45)
214.49: (0.58, -0.66, -0.47)
214.61: (0.22, -0.87, -0.44)
214.73: (-0.21, -0.80, -0.56)
214.83: (-0.46, -0.64, -0.61)
214.94: (-0.79, -0.15, -0.60)
215.06: (-0.83, 0.40, -0.38)
215.18: (-0.80, 0.27, -0.53)
215.29: (-0.80, 0.27, -0.53)
215.39: (-0.81, 0.27, -0.53)
215.51: (-0.83, 0.30, -0.47)
215.63: (-0.82, 0.52, -0.24)
215.73: (-0.72, 0.68, -0.09)
215.84: (-0.37, 0.92, 0.12)
215.96: (0.19, 0.92, 0.35)
216.06: (0.62, 0.55, 0.55)
216.18: (0.59, 0.65, 0.47)
216.29: (0.59, 0.65, 0.47)
216.41: (0.65, 0.54, 0.54)
216.51: (0.77, 0.19, 0.60)
216.63: (0.78, -0.33, 0.53)
216.73: (0.63, -0.68, 0.37)
216.84: (0.83, -0.56, 0.04)
216.96: (0.91, -0.10, -0.41)
217.08: (0.80, 0.31, -0.52)
217.19: (0.55, 0.61, -0.57)
217.29: (0.29, 0.66, -0.69)
217.41: (0.36, 0.35, -0.86)
217.53: (0.42, 0.24, -0.88)
217.64: (0.33, 0.19, -0.93)
217.76: (0.21, 0.06, -0.98)
217.86: (0.17, 0.01, -0.98)
217.86: (0.60, 0.10, 0.79): 1
217.87: (0.17, 0.01, -0.98)
217.97: (0.17, 0.01, -0.98)
218.07: (0.18, 0.01, -0.98)
218.19: (0.33, 0.12, -0.94)
218.31: (0.56, 0.40, -0.72)
218.42: (0.57, 0.41, -0.72)
218.54: (0.85, 0.11, -0.52)
218.66: (0.95, -0.16, 0.29)
218.77: (0.48, -0.12, 0.87)
218.89: (0.01, -0.16, 0.99)
218.99: (0.30, -0.22, 0.93)
219.09: (0.63, -0.24, 0.74)
219.21: (0.61, -0.16, 0.78)
219.32: (0.49, -0.04, 0.87)
219.44: (0.50, 0.10, 0.86)
219.56: (0.58, 0.11, 0.81)
219.61: (0.58, 0.10, 0.81)
219.61: (-0.99, -0.09, -0.05): 2
219.66: (0.58, 0.10, 0.81)
219.77: (0.59, 0.10, 0.80)
219.87: (0.51, 0.16, 0.84)
219.99: (0.23, 0.21, 0.95)
220.09: (0.16, -0.16, 0.97)
220.19: (0.41, -0.65, 0.64)
220.31: (0.54, -0.83, 0.15)
220.41: (0.53, -0.81, -0.25)
220.52: (0.51, -0.61, -0.60)
220.64: (0.55, -0.24, -0.80)
220.76: (0.41, 0.28, -0.87)
220.87: (0.23, 0.70, -0.67)
220.99: (0.05, 0.93, -0.35)
221.09: (0.08, 1.00, -0.06)
221.21: (0.07, 0.93, 0.37)
221.32: (0.30, 0.82, 0.48)
221.44: (0.74, 0.63, 0.24)
221.56: (0.92, 0.39, -0.01)
221.67: (0.95, 0.06, -0.32)
221.77: (0.92, -0.04, -0.40)
221.89: (0.66, -0.47, -0.59)
222.01: (0.45, -0.63, -0.63)
222.11: (0.01, -0.77, -0.64)
222.22: (-0.39, -0.68, -0.62)
222.32: (-0.78, -0.44, -0.45)
222.42: (-0.94, -0.20, -0.27)
222.54: (-0.92, -0.24, -0.31)
222.66: (-0.92, -0.24, -0.31)
222.77: (-0.93, -0.21, -0.30)
222.87: (-0.97, -0.13, -0.22)
222.99: (-0.99, -0.02, -0.11)
223.11: (-1.00, -0.03, -0.08)
223.17: (-1.00, -0.03, -0.08)
223.17: (0.28, -0.92, 0.26): 1
223.22: (-1.00, -0.03, -0.08)
223.34: (-1.00, -0.03, -0.08)
223.44: (-1.00, -0.01, -0.06)
223.56: (-0.88, 0.36, 0.32)
223.67: (-0.63, 0.60, 0.49)
223.79: (-0.44, 0.66, 0.61)
223.89: (0.31, 0.73, 0.61)
224.01: (0.35, 0.74, 0.57)
224.12: (0.35, 0.77, 0.53)
224.22: (0.35, 0.84, 0.43)
224.34: (-0.11, 0.99, 0.07)
224.44: (-0.46, 0.86, -0.20)
224.56: (-0.57, 0.61, -0.55)
224.67: (-0.72, 0.29, -0.63)
224.77: (-0.83, -0.13, -0.55)
224.89: (-0.68, -0.69, -0.24)
224.99: (-0.51, -0.86, -0.04)
225.11: (-0.51, -0.86, -0.04)
225.21: (-0.51, -0.86, -0.04)
225.32: (-0.48, -0.87, -0.04)
225.44: (-0.17, -0.99, 0.05)
225.56: (0.26, -0.94, 0.23)
225.66: (0.32, -0.90, 0.30)
225.77: (0.30, -0.90, 0.30)
225.86: (0.29, -0.91, 0.30)
225.86: (-0.39, -0.55, -0.74): 0
225.89: (0.29, -0.91, 0.30)
226.01: (0.28, -0.91, 0.31)
226.11: (0.27, -0.91, 0.31)
226.22: (0.27, -0.91, 0.31)
226.32: (0.56, -0.63, 0.54)
226.44: (0.73, -0.18, 0.66)
226.56: (0.69, 0.40, 0.60)
226.67: (0.46, 0.80, 0.39)
226.79: (0.25, 0.95, 0.17)
226.89: (0.32, 0.90, 0.31)
227.01: (0.32, 0.90, 0.31)
227.12: (0.32, 0.90, 0.31)
227.24: (0.32, 0.90, 0.31)
227.34: (0.32, 0.90, 0.31)
227.46: (0.30, 0.92, 0.26)
227.56: (0.42, 0.88, 0.20)
227.66: (0.63, 0.75, 0.21)
227.77: (0.98, 0.10, 0.17)
227.89: (0.99, -0.11, 0.10)
228.01: (0.83, -0.54, 0.12)
228.11: (0.69, -0.71, 0.14)
228.22: (0.22, -0.92, 0.31)
228.32: (0.13, -0.93, 0.35)
228.44: (0.13, -0.93, 0.35)
228.56: (0.13, -0.99, 0.08)
228.67: (0.12, -0.94, -0.33)
228.77: (0.10, -0.83, -0.55)
228.89: (0.18, -0.69, -0.70)
229.01: (0.13, -0.68, -0.73)
229.12: (-0.24, -0.65, -0.72)
229.24: (-0.30, -0.59, -0.75)
229.34: (-0.32, -0.58, -0.75)
229.34: (0.22, 0.44, -0.87): 0
229.36: (-0.32, -0.58, -0.75)
229.46: (-0.32, -0.58, -0.75)
229.57: (-0.31, -0.59, -0.74)
229.67: (-0.31, -0.61, -0.73)
229.77: (-0.28, -0.70, -0.66)
229.89: (-0.01, -0.99, -0.16)
230.01: (0.27, -0.88, 0.39)
230.12: (0.37, -0.71, 0.60)
230.24: (0.45, -0.35, 0.82)
230.36: (0.39, -0.07, 0.92)
230.46: (0.32, 0.19, 0.93)
230.57: (0.22, 0.40, 0.89)
230.69: (0.12, 0.60, 0.79)
230.81: (-0.03, 0.86, 0.52)
230.91: (0.04, 0.94, 0.35)
231.02: (0.53, 0.84, 0.14)
231.14: (0.58, 0.81, 0.12)
231.26: (0.58, 0.81, 0.10)
231.36: (0.54, 0.84, 0.07)
231.47: (0.13, 0.99, 0.03)
231.59: (-0.35, 0.93, 0.08)
231.69: (-0.55, 0.81, 0.21)
231.79: (-0.77, 0.54, 0.34)
231.91: (-0.78, 0.53, 0.34)
232.02: (-0.36, 0.93, -0.09)
232.12: (0.14, 0.93, -0.33)
232.24: (0.54, 0.75, -0.38)
232.36: (0.80, 0.47, -0.36)
232.47: (0.94, 0.17, -0.31)
232.59: (0.80, 0.27, -0.53)
232.69: (0.58, 0.33, -0.74)
232.81: (0.44, 0.40, -0.80)
232.92: (0.29, 0.49, -0.82)
233.04: (0.17, 0.55, -0.82)
233.12: (0.17, 0.55, -0.82)
233.12: (-0.68, -0.03, 0.73): 2
233.16: (0.17, 0.55, -0.82)
233.27: (0.17, 0.56, -0.81)
233.39: (0.18, 0.56, -0.81)
233.50: (0.56, 0.40, -0.73)
233.60: (0.78, 0.31, -0.54)
233.72: (0.90, 0.43, -0.06)
233.82: (0.57, 0.41, 0.71)
233.92: (0.02, 0.31, 0.95)
234.04: (-0.31, 0.21, 0.93)
234.15: (-0.72, 0.15, 0.67)
234.26: (-0.88, 0.01, 0.47)
234.37: (-0.85, -0.04, 0.53)
234.49: (-0.77, 0.01, 0.64)
234.60: (-0.71, 0.04, 0.71)
234.70: (-0.65, 0.04, 0.76)
234.80: (-0.67, 0.05, 0.74)
234.80: (-0.42, -0.88, 0.22): 1
234.80: (-0.67, 0.05, 0.74)
234.92: (-0.67, 0.05, 0.74)
235.04: (-0.75, 0.06, 0.66)
235.15: (-0.84, -0.14, 0.52)
235.27: (-0.55, -0.54, 0.64)
235.39: (0.36, -0.75, 0.55)
235.50: (0.46, -0.76, 0.47)
235.62: (-0.15, -0.85, 0.50)
235.74: (-0.47, -0.76, 0.46)
235.85: (-0.39, -0.82, 0.42)
235.97: (-0.40, -0.86, 0.31)
236.05: (-0.39, -0.87, 0.29)
236.05: (0.87, 0.04, -0.48): 0
236.07: (-0.39, -0.87, 0.29)
236.19: (-0.37, -0.88, 0.30)
236.29: (-0.37, -0.86, 0.35)
236.39: (-0.41, -0.81, 0.42)
236.49: (-0.41, -0.81, 0.42)
236.60: (-0.41, -0.81, 0.42)
236.70: (-0.30, -0.82, 0.49)
236.82: (-0.41, -0.85, 0.32)
236.94: (-0.58, -0.81, 0.08)
237.05: (-0.67, -0.74, -0.06)
237.17: (-0.80, -0.51, -0.32)
237.29: (-0.85, -0.43, -0.31)
237.39: (-0.97, 0.05, -0.25)
237.50: (-0.97, 0.09, -0.23)
237.62: (-0.96, 0.08, -0.28)
237.72: (-0.94, 0.14, -0.31)
237.84: (-0.93, 0.17, -0.31)
237.95: (-0.93, 0.17, -0.32)
238.05: (-0.93, 0.18, -0.32)
238.17: (-0.92, 0.20, -0.33)
238.29: (-0.91, 0.25, -0.33)
238.40: (-0.74, 0.65, -0.15)
238.52: (-0.46, 0.87, 0.17)
238.64: (0.03, 0.89, 0.46)
238.74: (0.12, 0.80, 0.58)
238.84: (0.12, 0.80, 0.58)
238.95: (0.12, 0.80, 0.58)
239.07: (0.12, 0.81, 0.57)
239.19: (0.24, 0.83, 0.50)
239.30: (0.55, 0.63, 0.54)
239.40: (0.71, 0.35, 0.62)
239.52: (0.67, 0.13, 0.73)
239.64: (0.53, -0.25, 0.81)
239.74: (0.31, -0.63, 0.71)
239.85: (-0.05, -0.78, 0.63)
239.97: (-0.02, -0.77, 0.64)
240.09: (0.00, -0.79, 0.61)
240.20: (0.01, -0.86, 0.51)
240.32: (-0.05, -0.91, 0.42)
240.44: (-0.16, -0.87, 0.47)
240.54: (-0.16, -0.87, 0.47)
240.65: (-0.11, -0.84, 0.53)
240.77: (-0.05, -0.90, 0.44)
240.87: (-0.06, -1.00, 0.04)
240.97: (-0.28, -0.79, -0.54)
241.09: (-0.45, -0.53, -0.72)
241.20: (-0.66, -0.34, -0.67)
241.32: (-0.96, -0.21, -0.18)
241.42: (-0.89, -0.22, 0.40)
241.52: (-0.67, -0.18, 0.72)
241.64: (-0.59, -0.06, 0.80)
241.75: (-0.67, 0.25, 0.70)
241.87: (-0.73, 0.59, 0.34)
241.99: (-0.61, 0.80, 0.00)
242.10: (-0.56, 0.82, -0.12)
242.22: (-0.57, 0.79, -0.22)
242.32: (-0.59, 0.78, -0.21)
242.44: (-0.59, 0.78, -0.21)
242.55: (-0.59, 0.78, -0.21)
242.67: (-0.57, 0.80, -0.17)
242.77: (-0.53, 0.85, -0.09)
242.89: (-0.20, 0.94, 0.28)
242.99: (0.10, 0.85, 0.51)
243.10: (0.64, 0.45, 0.63)
243.20: (0.95, 0.06, 0.32)
243.32: (0.96, -0.01, -0.27)
243.44: (0.60, 0.47, -0.65)
243.55: (0.58, 0.41, -0.70)
243.67: (0.71, 0.18, -0.68)
243.79: (0.79, 0.11, -0.60)
243.89: (0.87, 0.05, -0.50)
243.97: (0.87, 0.06, -0.50)
243.97: (0.52, 0.66, 0.55): 2
244.00: (0.87, 0.06, -0.50)
244.10: (0.86, 0.06, -0.50)
244.22: (0.85, 0.14, -0.50)
244.34: (0.81, 0.30, -0.51)
244.45: (0.67, 0.58, -0.46)
244.57: (0.41, 0.91, 0.05)
244.69: (0.10, 0.74, 0.66)
244.79: (-0.02, 0.38, 0.92)
244.90: (0.09, 0.35, 0.93)
245.02: (0.35, 0.60, 0.72)
245.12: (0.46, 0.72, 0.52)
245.24: (0.52, 0.72, 0.47)
245.35: (0.55, 0.66, 0.51)
245.37: (0.54, 0.66, 0.52)
245.37: (-0.57, 0.81, -0.13): 0
245.47: (0.54, 0.66, 0.51)
245.57: (0.52, 0.66, 0.55)
245.69: (0.49, 0.57, 0.66)
245.79: (0.48, 0.44, 0.76)
245.90: (0.41, 0.14, 0.90)
246.02: (0.09, -0.12, 0.99)
246.14: (-0.19, -0.23, 0.95)
246.25: (-0.37, -0.45, 0.81)
246.37: (-0.35, -0.59, 0.72)
246.47: (-0.25, -0.73, 0.63)
246.59: (0.13, -0.89, 0.44)
246.70: (0.52, -0.80, 0.30)
246.80: (0.50, -0.79, 0.35)
246.92: (0.50, -0.79, 0.35)
247.04: (0.54, -0.82, 0.21)
247.14: (0.57, -0.82, -0.06)
247.25: (0.75, -0.49, -0.44)
247.37: (0.86, -0.31, -0.40)
247.47: (0.93, 0.06, -0.36)
247.59: (0.66, 0.70, -0.28)
247.70: (0.20, 0.91, 0.38)
247.82: (-0.10, 0.61, 0.79)
247.94: (-0.02, 0.41, 0.91)
248.05: (-0.41, 0.15, 0.90)
248.15: (-0.52, 0.56, 0.64)
248.27: (-0.31, 0.88, 0.35)
248.39: (-0.06, 1.00, 0.08)
248.50: (-0.27, 0.96, -0.02)
248.62: (-0.49, 0.87, -0.06)
248.72: (-0.56, 0.82, -0.12)
248.80: (-0.56, 0.82, -0.12)
248.80: (0.41, -0.91, 0.05): 0
248.83: (-0.56, 0.82, -0.12)
248.95: (-0.56, 0.82, -0.11)
249.05: (-0.43, 0.90, 0.01)
249.17: (-0.43, 0.90, 0.01)
249.29: (-0.43, 0.90, 0.01)
249.40: (-0.44, 0.90, 0.00)
249.52: (-0.45, 0.89, -0.11)
249.63: (-0.60, 0.74, -0.30)
249.75: (-0.75, 0.43, -0.51)
249.87: (-0.79, -0.35, -0.50)
249.97: (-0.56, -0.80, -0.19)
250.08: (-0.34, -0.94, 0.02)
250.20: (-0.30, -0.95, 0.05)
250.32: (-0.07, -0.97, 0.23)
250.42: (0.21, -0.98, 0.07)
250.53: (0.25, -0.97, -0.03)
250.65: (0.31, -0.95, -0.03)
250.75: (0.40, -0.91, 0.03)
250.82: (0.40, -0.91, 0.03)
250.82: (-0.96, 0.20, 0.21): 0
250.87: (0.41, -0.91, 0.03)
250.98: (0.41, -0.91, 0.03)
251.10: (0.35, -0.94, 0.00)
251.22: (0.21, -0.98, 0.00)
251.33: (0.21, -0.98, 0.00)
251.45: (0.21, -0.98, 0.00)
251.57: (0.39, -0.92, 0.03)
251.68: (0.64, -0.76, 0.14)
251.78: (0.87, -0.38, 0.30)
251.90: (0.88, 0.25, 0.40)
252.02: (0.60, 0.72, 0.35)
252.13: (0.36, 0.89, 0.28)
252.23: (0.45, 0.83, 0.33)
252.33: (0.45, 0.83, 0.33)
252.45: (0.39, 0.89, 0.24)
252.55: (0.19, 0.95, 0.27)
252.67: (-0.28, 0.63, 0.73)
252.78: (-0.58, 0.10, 0.81)
252.90: (-0.64, -0.02, 0.76)
253.02: (-0.82, -0.12, 0.56)
253.12: (-0.95, 0.03, 0.30)
253.23: (-0.97, 0.13, 0.20)
253.30: (-0.97, 0.15, 0.21)
253.30: (-0.96, -0.17, 0.21): 2
253.35: (-0.97, 0.15, 0.21)
253.45: (-0.97, 0.13, 0.20)
253.57: (-0.95, 0.17, 0.26)
253.68: (-0.95, 0.02, 0.33)
253.78: (-0.96, -0.14, 0.24)
253.88: (-0.96, -0.15, 0.23)
253.88: (-0.93, -0.36, 0.09): 1
253.90: (-0.96, -0.15, 0.23)
254.02: (-0.97, -0.14, 0.21)
254.13: (-0.98, -0.09, 0.18)
254.23: (-0.98, -0.14, -0.11)
254.35: (-0.95, -0.28, -0.16)
254.45: (-0.96, -0.27, -0.03)
254.57: (-0.94, -0.34, 0.00)
254.60: (-0.94, -0.35, 0.02)
254.60: (0.45, 0.87, 0.19): 1
254.68: (-0.94, -0.35, 0.02)
254.78: (-0.94, -0.34, 0.02)
254.90: (-0.92, -0.33, 0.21)
255.00: (-0.91, -0.33, 0.24)
255.12: (-0.92, -0.32, 0.24)
255.23: (-0.93, -0.24, 0.28)
255.35: (-0.78, 0.26, 0.57)
255.45: (-0.42, 0.57, 0.71)
255.55: (-0.40, 0.58, 0.70)
255.67: (-0.40, 0.58, 0.70)
255.77: (-0.22, 0.68, 0.70)
255.88: (0.56, 0.78, 0.27)
256.00: (0.69, 0.72, 0.01)
256.10: (0.69, 0.72, 0.01)
256.22: (0.46, 0.87, 0.17)
256.32: (0.35, 0.91, 0.23)
256.37: (0.36, 0.91, 0.23)
256.37: (-0.77, 0.57, -0.30): 2
256.42: (0.36, 0.91, 0.23)
256.53: (0.37, 0.90, 0.23)
256.65: (0.40, 0.89, 0.21)
256.77: (0.64, 0.76, 0.10)
256.88: (0.91, 0.34, -0.24)
257.00: (0.94, 0.24, -0.26)
257.12: (0.94, 0.24, -0.26)
257.23: (0.94, 0.24, -0.26)
257.33: (0.75, 0.65, -0.14)
257.43: (0.12, 0.99, 0.02)
257.55: (-0.24, 0.95, 0.19)
257.67: (-0.47, 0.81, 0.35)
257.77: (-0.59, 0.61, 0.52)
257.87: (-0.77, 0.45, 0.46)
257.98: (-0.73, 0.64, 0.24)
258.08: (-0.75, 0.64, 0.14)
258.20: (-0.76, 0.62, -0.19)
258.32: (-0.74, 0.62, -0.26)
258.37: (-0.74, 0.62, -0.26)
258.37: (0.31, 0.95, -0.03): 1
258.43: (-0.74, 0.62, -0.26)
258.55: (-0.76, 0.60, -0.26)
258.67: (-0.68, 0.73, 0.03)
258.78: (-0.68, 0.73, 0.03)
258.90: (-0.68, 0.73, 0.03)
259.00: (-0.67, 0.75, -0.02)
259.12: (-0.72, 0.65, -0.23)
259.22: (-0.73, 0.46, -0.51)
259.33: (-0.69, 0.18, -0.70)
259.43: (-0.57, -0.15, -0.81)
259.53: (-0.40, -0.36, -0.84)
259.65: (-0.11, -0.72, -0.69)
259.77: (0.22, -0.97, -0.13)
259.88: (0.36, -0.87, 0.33)
260.00: (0.42, -0.79, 0.45)
260.12: (0.42, -0.79, 0.45)
260.23: (0.42, -0.79, 0.45)
260.33: (0.42, -0.79, 0.45)
260.45: (0.44, -0.77, 0.45)
260.57: (0.63, -0.70, 0.34)
260.68: (0.87, -0.50, -0.05)
260.80: (0.90, -0.43, -0.10)
260.92: (0.95, -0.23, -0.22)
261.02: (0.96, -0.18, -0.23)
261.12: (0.96, -0.18, -0.23)
261.23: (0.92, -0.06, -0.38)
261.33: (0.69, 0.30, -0.66)
261.45: (0.59, 0.42, -0.69)
261.55: (0.47, 0.52, -0.71)
261.67: (0.20, 0.48, -0.85)
261.78: (0.20, 0.32, -0.93)
261.90: (0.25, 0.47, -0.85)
262.00: (0.32, 0.59, -0.74)
262.12: (0.44, 0.87, -0.23)
262.22: (0.50, 0.85, -0.14)
262.33: (0.50, 0.85, -0.14)
262.45: (0.50, 0.85, -0.14)
262.55: (0.50, 0.85, -0.14)
262.67: (0.48, 0.86, -0.16)
262.78: (0.43, 0.90, -0.08)
262.90: (0.28, 0.96, -0.07)
263.00: (0.28, 0.96, -0.07)
263.00: (-0.97, 0.25, 0.05): 2
263.02: (0.28, 0.96, -0.07)
263.12: (0.28, 0.96, -0.07)
263.23: (0.28, 0.96, -0.07)
263.35: (0.23, 0.97, -0.09)
263.47: (0.00, 1.00, 0.05)
263.58: (-0.15, 0.95, 0.26)
263.70: (-0.18, 0.92, 0.35)
263.82: (-0.18, 0.92, 0.35)
263.93: (-0.19, 0.91, 0.36)
264.05: (-0.21, 0.90, 0.38)
264.15: (-0.38, 0.87, 0.31)
264.27: (-0.80, 0.57, 0.18)
264.37: (-0.87, 0.44, 0.23)
264.48: (-0.90, 0.38, 0.20)
264.60: (-0.97, 0.23, 0.08)
264.70: (-0.97, 0.23, 0.08)
264.75: (-0.97, 0.22, 0.07)
264.75: (0.78, 0.50, -0.39): 1
264.82: (-0.97, 0.22, 0.07)
264.93: (-0.97, 0.24, 0.07)
265.03: (-0.97, 0.23, 0.06)
265.15: (-0.96, 0.26, 0.03)
265.25: (-0.93, 0.37, -0.04)
265.37: (-0.47, 0.88, -0.04)
265.48: (0.21, 0.97, 0.14)
265.60: (0.68, 0.71, 0.16)
265.70: (0.91, 0.40, 0.11)
265.81: (0.96, 0.26, -0.04)
265.93: (0.77, 0.57, -0.28)
266.03: (0.69, 0.64, -0.33)
266.15: (0.78, 0.54, -0.31)
266.25: (0.85, 0.43, -0.30)
266.35: (0.85, 0.42, -0.31)
266.35: (0.42, 0.77, -0.48): 2
266.36: (0.85, 0.42, -0.31)
266.48: (0.85, 0.43, -0.31)
266.60: (0.86, 0.42, -0.29)
266.71: (0.44, 0.75, -0.50)
266.81: (0.44, 0.77, -0.46)
266.93: (0.55, 0.74, -0.38)
267.03: (0.58, 0.73, -0.36)
267.15: (0.57, 0.73, -0.37)
267.26: (0.52, 0.76, -0.39)
267.36: (0.45, 0.78, -0.43)
267.46: (0.39, 0.81, -0.43)
267.46: (-0.98, 0.12, 0.12): 1
267.48: (0.39, 0.81, -0.43)
267.60: (0.39, 0.81, -0.44)
267.71: (0.39, 0.81, -0.45)
267.81: (0.17, 0.75, -0.64)
267.91: (-0.03, 0.61, -0.79)
268.01: (0.05, 0.51, -0.86)
268.13: (0.49, 0.21, -0.84)
268.25: (0.71, -0.14, -0.69)
268.36: (0.73, -0.53, -0.43)
268.48: (0.63, -0.74, -0.23)
268.60: (0.68, -0.73, -0.09)
268.70: (0.71, -0.70, -0.05)
268.81: (0.83, -0.56, 0.07)
268.93: (0.94, 0.09, 0.33)
269.03: (0.81, 0.50, 0.31)
269.15: (0.71, 0.70, 0.10)
269.26: (0.66, 0.64, -0.41)
269.36: (0.42, 0.41, -0.81)
269.48: (0.13, 0.09, -0.99)
269.60: (-0.05, -0.18, -0.98)
269.71: (-0.15, -0.32, -0.93)
269.83: (-0.27, -0.33, -0.90)
269.93: (-0.52, -0.27, -0.81)
270.05: (-0.69, -0.22, -0.69)
270.16: (-0.87, -0.06, -0.49)
270.28: (-0.99, 0.01, -0.13)
270.38: (-0.96, 0.13, 0.23)
270.50: (-0.93, 0.13, 0.34)
270.61: (-0.96, 0.07, 0.27)
270.73: (-0.98, 0.06, 0.20)
270.85: (-0.98, 0.06, 0.17)
270.95: (-0.99, 0.09, 0.15)
270.95: (-0.50, -0.24, 0.83): 1
270.96: (-0.99, 0.09, 0.15)
271.06: (-0.98, 0.10, 0.15)
271.18: (-0.98, 0.11, 0.17)
271.28: (-0.97, 0.13, 0.21)
271.38: (-0.86, 0.33, 0.39)
271.50: (-0.40, 0.76, 0.51)
271.60: (-0.39, 0.80, 0.46)
271.70: (-0.39, 0.80, 0.46)
271.81: (-0.39, 0.80, 0.46)
271.91: (-0.39, 0.80, 0.45)
272.03: (-0.30, 0.77, 0.56)
272.15: (-0.29, 0.62, 0.73)
272.25: (-0.30, 0.26, 0.92)
272.36: (-0.37, -0.09, 0.93)
272.48: (-0.44, -0.27, 0.85)
272.60: (-0.48, -0.32, 0.81)
272.65: (-0.49, -0.33, 0.81)
272.65: (-0.77, 0.36, -0.53): 0
272.70: (-0.49, -0.33, 0.81)
272.81: (-0.49, -0.30, 0.82)
272.91: (-0.49, -0.31, 0.81)
273.01: (-0.49, -0.34, 0.80)
273.13: (-0.58, -0.50, 0.64)
273.25: (-0.67, -0.74, 0.04)
273.35: (-0.47, -0.82, -0.32)
273.46: (-0.37, -0.86, -0.35)
273.58: (-0.13, -0.83, -0.54)
273.70: (0.33, -0.65, -0.69)
273.81: (0.56, -0.67, -0.49)
273.93: (0.64, -0.73, -0.22)
274.03: (0.67, -0.72, -0.17)
274.15: (0.63, -0.76, -0.18)
274.25: (0.24, -0.95, -0.21)
274.35: (-0.35, -0.93, -0.07)
274.46: (-0.89, -0.45, 0.03)
274.58: (-0.97, 0.25, 0.03)
274.70: (-0.79, 0.60, 0.12)
274.81: (-0.64, 0.76, 0.11)
274.93: (-0.83, 0.54, -0.17)
275.05: (-0.84, 0.47, -0.29)
275.16: (-0.84, 0.42, -0.34)
275.28: (-0.79, 0.23, -0.56)
275.36: (-0.78, 0.19, -0.59)
275.36: (0.05, -0.09, 0.99): 1
275.38: (-0.78, 0.19, -0.59)
275.50: (-0.78, 0.20, -0.59)
275.61: (-0.78, 0.21, -0.59)
275.73: (-0.78, 0.22, -0.59)
275.83: (-0.78, 0.22, -0.59)
275.95: (-0.80, 0.22, -0.57)
276.05: (-0.87, 0.07, -0.50)
276.15: (-0.90, -0.34, -0.28)
276.25: (-0.84, -0.54, -0.08)
276.36: (-0.83, -0.56, -0.03)
276.48: (-0.82, -0.55, 0.15)
276.60: (-0.75, -0.54, 0.39)
276.70: (-0.75, -0.53, 0.39)
276.81: (-0.75, -0.53, 0.39)
276.93: (-0.76, -0.53, 0.39)
277.03: (-0.76, -0.53, 0.39)
277.15: (-0.77, -0.50, 0.40)
277.26: (-0.77, -0.50, 0.39)
277.38: (-0.76, -0.50, 0.42)
277.50: (-0.79, -0.35, 0.50)
277.61: (-0.75, -0.35, 0.56)
277.71: (-0.59, -0.38, 0.72)
277.83: (-0.63, -0.18, 0.76)
277.93: (-0.63, -0.18, 0.76)
278.05: (-0.63, -0.18, 0.76)
278.16: (-0.55, -0.22, 0.81)
278.28: (-0.34, -0.26, 0.90)
278.40: (0.01, -0.36, 0.93)
278.51: (0.02, -0.36, 0.93)
278.61: (0.01, -0.25, 0.97)
278.73: (0.08, -0.07, 0.99)
278.85: (0.08, -0.02, 1.00)
278.85: (0.45, 0.32, 0.83): 0
278.85: (0.08, -0.02, 1.00)
278.95: (0.08, -0.02, 1.00)
279.05: (0.09, -0.02, 1.00)
279.16: (0.12, 0.01, 0.99)
279.26: (0.30, 0.15, 0.94)
279.38: (0.34, 0.19, 0.92)
279.50: (0.34, 0.24, 0.91)
279.60: (0.41, 0.30, 0.86)
279.68: (0.41, 0.30, 0.86)
279.68: (-0.74, -0.58, 0.33): 1
279.70: (0.41, 0.30, 0.86)
279.80: (0.41, 0.30, 0.86)
279.91: (0.37, 0.32, 0.87)
280.03: (0.29, 0.28, 0.91)
280.15: (0.29, 0.28, 0.91)
280.26: (0.29, 0.28, 0.91)
280.38: (0.29, 0.28, 0.91)
280.48: (0.29, 0.28, 0.91)
280.60: (0.35, 0.31, 0.88)
280.71: (0.40, 0.35, 0.85)
280.83: (0.60, 0.50, 0.62)
280.94: (0.72, 0.61, 0.33)
281.05: (0.76, 0.62, 0.20)
281.16: (0.75, 0.66, -0.04)
281.28: (0.81, 0.56, -0.18)
281.38: (0.85, 0.32, -0.41)
281.49: (0.38, 0.38, -0.84)
281.61: (-0.03, 0.49, -0.87)
281.73: (-0.39, 0.48, -0.79)
281.83: (-0.68, 0.48, -0.56)
281.93: (-0.68, 0.48, -0.56)
282.04: (-0.68, 0.48, -0.56)
282.15: (-0.69, 0.47, -0.55)
282.26: (-0.89, 0.23, -0.39)
282.38: (-1.00, -0.06, -0.06)
282.49: (-0.93, -0.24, 0.26)
282.61: (-0.81, -0.43, 0.39)
282.71: (-0.83, -0.50, 0.25)
282.83: (-0.79, -0.54, 0.28)
282.93: (-0.76, -0.56, 0.33)
282.99: (-0.76, -0.56, 0.34)
282.99: (0.52, -0.85, -0.12): 0
283.04: (-0.76, -0.56, 0.34)
283.16: (-0.77, -0.52, 0.37)
283.26: (-0.86, -0.40, 0.31)
283.38: (-0.86, -0.40, 0.31)
283.49: (-0.86, -0.40, 0.31)
283.59: (-0.85, -0.45, 0.28)
283.71: (-0.73, -0.59, 0.34)
283.83: (-0.51, -0.76, 0.41)
283.94: (-0.34, -0.79, 0.51)
284.06: (-0.14, -0.78, 0.61)
284.18: (0.16, -0.71, 0.68)
284.29: (0.32, -0.60, 0.74)
284.39: (0.32, -0.60, 0.74)
284.51: (0.32, -0.60, 0.74)
284.63: (0.32, -0.60, 0.74)
284.74: (0.47, -0.65, 0.59)
284.84: (0.61, -0.64, 0.48)
284.96: (0.89, -0.34, 0.30)
285.06: (0.96, -0.19, 0.20)
285.18: (0.82, -0.55, 0.13)
285.29: (0.57, -0.82, 0.00)
285.41: (0.58, -0.82, -0.04)
285.53: (0.58, -0.81, -0.08)
285.64: (0.55, -0.83, -0.12)
285.64: (-0.93, 0.10, 0.34): 0
285.64: (0.55, -0.83, -0.12)
285.76: (0.55, -0.83, -0.12)
285.86: (0.55, -0.83, -0.11)
285.96: (0.55, -0.83, -0.11)
286.08: (0.55, -0.82, -0.11)
286.19: (0.42, -0.84, -0.35)
286.31: (0.43, -0.67, -0.61)
286.43: (0.12, -0.36, -0.92)
286.53: (-0.01, -0.27, -0.96)
286.64: (-0.56, -0.19, -0.81)
286.76: (-0.49, -0.27, -0.83)
286.86: (-0.43, -0.23, -0.87)
286.98: (0.30, 0.07, -0.95)
287.09: (0.72, 0.18, -0.67)
287.21: (0.72, 0.18, -0.67)
287.31: (0.72, 0.18, -0.67)
287.43: (0.72, 0.18, -0.67)
287.54: (0.77, 0.27, -0.58)
287.66: (0.89, 0.36, -0.28)
287.78: (0.94, 0.27, 0.21)
287.89: (0.69, 0.21, 0.69)
288.01: (0.25, 0.20, 0.95)
288.13: (-0.28, 0.07, 0.96)
288.24: (-0.27, 0.03, 0.96)
288.36: (-0.27, 0.03, 0.96)
288.46: (-0.27, 0.03, 0.96)
288.58: (-0.54, 0.08, 0.84)
288.69: (-0.84, 0.03, 0.54)
288.79: (-0.91, 0.01, 0.41)
288.91: (-0.94, 0.02, 0.33)
288.96: (-0.95, 0.02, 0.33)
288.96: (-0.89, -0.05, -0.45): 0
289.03: (-0.95, 0.02, 0.32)
289.13: (-0.95, -0.03, 0.29)
289.24: (-0.96, -0.03, 0.29)
289.36: (-1.00, -0.02, -0.01)
289.48: (-0.94, -0.03, -0.35)
289.59: (-0.90, -0.05, -0.42)
289.64: (-0.91, -0.04, -0.42)
289.64: (-0.97, 0.11, -0.22): 1
289.71: (-0.91, -0.04, -0.42)
289.81: (-0.91, -0.04, -0.42)
289.93: (-0.93, 0.00, -0.36)
290.03: (-0.97, 0.22, -0.08)
290.14: (-0.98, 0.16, -0.15)
290.26: (-0.96, 0.05, -0.29)
290.31: (-0.95, 0.05, -0.29)
290.31: (-0.71, -0.69, 0.15): 1
290.38: (-0.95, 0.05, -0.29)
290.48: (-0.95, 0.04, -0.30)
290.59: (-0.95, 0.05, -0.30)
290.71: (-0.87, -0.25, -0.43)
290.83: (-0.56, -0.67, -0.49)
290.93: (-0.20, -0.89, -0.40)
291.04: (-0.30, -0.95, -0.07)
291.16: (-0.61, -0.79, -0.05)
291.26: (-0.70, -0.71, -0.08)
291.38: (-0.73, -0.68, 0.04)
291.48: (-0.71, -0.69, 0.12)
291.59: (-0.71, -0.68, 0.17)
291.59: (-0.98, -0.01, 0.17): 1
291.59: (-0.71, -0.68, 0.17)
291.71: (-0.67, -0.73, 0.13)
291.81: (-0.68, -0.73, 0.12)
291.91: (-0.74, -0.66, 0.10)
292.03: (-0.96, -0.26, 0.11)
292.14: (-1.00, -0.03, 0.09)
292.26: (-1.00, 0.00, 0.08)
292.31: (-1.00, 0.00, 0.08)
292.31: (0.79, -0.16, 0.59): 1
292.36: (-1.00, 0.00, 0.08)
292.48: (-1.00, -0.02, 0.08)
292.59: (-1.00, -0.01, 0.08)
292.71: (-0.97, 0.12, 0.20)
292.83: (-0.87, 0.22, 0.45)
292.94: (-0.61, 0.51, 0.60)
293.04: (-0.44, 0.66, 0.61)
293.16: (0.19, 0.85, 0.50)
293.28: (0.45, 0.77, 0.45)
293.39: (0.43, 0.78, 0.47)
293.51: (0.43, 0.78, 0.47)
293.63: (0.33, 0.85, 0.41)
293.74: (0.40, 0.88, 0.25)
293.86: (0.80, 0.59, 0.10)
293.98: (1.00, 0.02, -0.09)
294.08: (0.96, -0.24, -0.16)
294.19: (0.86, -0.52, -0.01)
294.29: (0.62, -0.76, 0.19)
294.39: (0.33, -0.82, 0.48)
294.51: (0.23, -0.57, 0.79)
294.63: (0.44, -0.47, 0.76)
294.74: (0.66, -0.34, 0.67)
294.86: (0.72, -0.06, 0.69)
294.96: (0.72, -0.04, 0.69)
294.96: (0.97, -0.14, 0.22): 0
294.98: (0.72, -0.04, 0.69)
295.08: (0.72, -0.05, 0.69)
295.19: (0.75, -0.11, 0.65)
295.31: (0.77, -0.14, 0.62)
295.43: (0.89, -0.21, 0.40)
295.54: (0.92, -0.20, 0.33)
295.64: (0.94, -0.18, 0.30)
295.64: (-0.50, 0.05, -0.86): 2
295.64: (0.94, -0.18, 0.30)
295.76: (0.93, -0.18, 0.30)
295.88: (0.94, -0.18, 0.28)
295.98: (0.96, -0.19, 0.21)
296.09: (0.96, -0.28, -0.08)
296.21: (0.74, -0.43, -0.51)
296.31: (0.60, -0.47, -0.65)
296.43: (0.51, -0.51, -0.69)
296.54: (0.13, -0.69, -0.72)
296.66: (-0.03, -0.57, -0.82)
296.77: (0.01, -0.38, -0.93)
296.89: (0.02, -0.36, -0.93)
296.99: (0.01, -0.36, -0.93)
297.11: (0.16, -0.42, -0.89)
297.23: (0.57, -0.48, -0.66)
297.34: (0.72, -0.52, -0.47)
297.46: (0.40, -0.47, -0.79)
297.56: (0.03, -0.36, -0.93)
297.67: (-0.05, -0.33, -0.94)
297.79: (-0.40, -0.24, -0.89)
297.89: (-0.69, -0.06, -0.72)
298.01: (-0.69, -0.01, -0.72)
298.12: (-0.56, 0.00, -0.83)
298.24: (-0.50, 0.02, -0.87)
298.26: (-0.50, 0.02, -0.87)
298.26: (0.62, -0.45, 0.65): 0
298.34: (-0.50, 0.02, -0.87)
298.46: (-0.49, 0.01, -0.87)
298.56: (-0.51, 0.01, -0.86)
298.67: (-0.54, 0.00, -0.84)
298.79: (-0.53, 0.00, -0.85)
298.89: (-0.57, 0.07, -0.82)
299.01: (-0.87, 0.17, -0.47)
299.12: (-0.97, 0.25, 0.03)
299.24: (-0.92, 0.28, 0.26)
299.34: (-0.90, 0.28, 0.33)
299.46: (-0.92, 0.29, 0.25)
299.57: (-0.88, 0.32, -0.35)
299.67: (-0.63, 0.21, -0.75)
299.79: (-0.29, 0.13, -0.95)
299.91: (0.07, 0.07, -1.00)
300.02: (0.34, 0.01, -0.94)
300.14: (0.48, 0.00, -0.88)
300.24: (0.69, 0.18, -0.70)
300.36: (0.83, 0.39, -0.40)
300.46: (0.85, 0.52, -0.07)
300.56: (0.78, 0.60, 0.17)
300.67: (0.58, 0.66, 0.47)
300.79: (0.46, 0.64, 0.61)
300.91: (0.47, 0.64, 0.60)
301.01: (0.47, 0.64, 0.60)
301.12: (0.42, 0.67, 0.61)
301.22: (0.27, 0.67, 0.69)
301.34: (-0.05, 0.51, 0.86)
301.46: (-0.35, 0.20, 0.92)
301.56: (-0.55, -0.10, 0.83)
301.67: (-0.63, -0.42, 0.66)
301.77: (-0.53, -0.72, 0.45)
301.89: (-0.08, -0.93, 0.37)
302.01: (0.37, -0.90, 0.22)
302.12: (0.64, -0.76, 0.09)
302.24: (0.78, -0.59, 0.24)
302.36: (0.66, -0.50, 0.56)
302.46: (0.64, -0.46, 0.61)
302.47: (0.64, -0.46, 0.61)
302.47: (1.00, 0.03, 0.02): 2
302.57: (0.64, -0.46, 0.61)
302.69: (0.64, -0.48, 0.60)
302.81: (0.62, -0.50, 0.61)
302.92: (0.30, -0.64, 0.71)
303.04: (-0.36, -0.66, 0.65)
303.14: (-0.85, -0.42, 0.32)
303.24: (-0.99, -0.03, -0.15)
303.36: (-0.89, 0.17, -0.43)
303.47: (-0.73, 0.22, -0.65)
303.57: (-0.52, 0.20, -0.83)
303.69: (-0.05, 0.18, -0.98)
303.81: (0.01, 0.09, -1.00)
303.92: (0.01, 0.09, -1.00)
304.02: (0.01, 0.09, -1.00)
304.12: (0.01, 0.09, -1.00)
304.24: (0.01, 0.09, -1.00)
304.34: (0.04, 0.05, -1.00)
304.46: (0.11, 0.05, -0.99)
304.56: (0.38, 0.18, -0.91)
304.67: (0.75, 0.33, -0.57)
304.79: (0.89, 0.38, -0.23)
304.91: (0.90, 0.39, -0.18)
305.02: (0.94, 0.31, -0.16)
305.14: (0.99, 0.11, -0.07)
305.26: (0.99, 0.10, -0.06)
305.29: (0.99, 0.10, -0.06)
305.29: (0.68, 0.63, -0.37): 2
305.37: (0.99, 0.10, -0.06)
305.49: (0.99, 0.10, -0.06)
305.61: (0.99, 0.14, -0.07)
305.72: (0.81, 0.55, -0.22)
305.84: (0.73, 0.57, -0.37)
305.92: (0.75, 0.56, -0.35)
305.92: (0.09, 0.60, -0.80): 1
305.94: (0.75, 0.56, -0.35)
306.06: (0.75, 0.56, -0.35)
306.16: (0.75, 0.56, -0.36)
306.26: (0.74, 0.59, -0.32)
306.37: (0.62, 0.78, -0.11)
306.49: (0.41, 0.90, 0.15)
306.61: (0.04, 0.91, 0.41)
306.72: (-0.33, 0.72, 0.61)
306.84: (-0.50, 0.42, 0.76)
306.94: (-0.38, 0.27, 0.88)
307.06: (0.05, 0.33, 0.94)
307.16: (0.09, 0.33, 0.94)
307.27: (0.09, 0.33, 0.94)
307.39: (0.11, 0.35, 0.93)
307.51: (0.58, 0.58, 0.57)
307.62: (0.81, 0.59, 0.04)
307.74: (0.72, 0.52, -0.46)
307.86: (0.21, 0.14, -0.97)
307.97: (-0.37, -0.09, -0.92)
308.07: (-0.50, 0.05, -0.86)
308.17: (-0.14, 0.39, -0.91)
308.29: (-0.09, 0.42, -0.90)
308.41: (0.00, 0.46, -0.89)
308.52: (0.17, 0.61, -0.77)
308.59: (0.16, 0.61, -0.78)
308.59: (-0.57, -0.11, 0.81): 1
308.62: (0.16, 0.61, -0.78)
308.74: (0.14, 0.60, -0.78)
308.86: (0.13, 0.60, -0.79)
308.96: (0.13, 0.60, -0.79)
309.07: (-0.10, 0.69, -0.71)
309.19: (-0.45, 0.73, -0.52)
309.31: (-0.60, 0.75, -0.27)
309.42: (-0.68, 0.73, 0.05)
309.52: (-0.79, 0.52, 0.33)
309.64: (-0.63, 0.33, 0.71)
309.76: (-0.07, 0.39, 0.92)
309.86: (0.10, 0.36, 0.93)
309.97: (-0.29, 0.14, 0.95)
310.09: (-0.48, -0.08, 0.87)
310.21: (-0.53, -0.12, 0.84)
310.26: (-0.53, -0.12, 0.84)
310.26: (-0.81, 0.42, -0.41): 2
310.32: (-0.53, -0.12, 0.84)
310.44: (-0.53, -0.11, 0.84)
310.56: (-0.54, -0.08, 0.84)
310.67: (-0.56, -0.03, 0.83)
310.79: (-0.67, 0.03, 0.74)
310.91: (-0.88, 0.21, 0.43)
311.01: (-0.97, 0.22, 0.08)
311.12: (-0.97, 0.11, -0.22)
311.24: (-0.91, 0.12, -0.39)
311.34: (-0.84, 0.37, -0.39)
311.44: (-0.82, 0.41, -0.39)
311.52: (-0.80, 0.43, -0.41)
311.52: (-0.45, -0.89, 0.05): 0
311.54: (-0.80, 0.43, -0.41)
311.66: (-0.80, 0.43, -0.41)
311.76: (-0.80, 0.44, -0.41)
311.87: (-0.80, 0.44, -0.42)
311.99: (-0.79, 0.44, -0.42)
312.11: (-0.82, 0.43, -0.38)
312.21: (-0.82, 0.43, -0.38)
312.32: (-0.82, 0.43, -0.38)
312.42: (-0.82, 0.41, -0.40)
312.54: (-0.80, 0.42, -0.44)
312.66: (-0.66, 0.51, -0.56)
312.77: (-0.44, 0.48, -0.76)
312.89: (-0.17, 0.24, -0.96)
312.99: (0.09, 0.05, -0.99)
313.11: (0.28, 0.04, -0.96)
313.22: (0.36, 0.26, -0.90)
313.34: (0.17, 0.73, -0.66)
313.45: (0.02, 0.89, -0.46)
313.56: (0.02, 0.89, -0.46)
313.67: (0.02, 0.89, -0.46)
313.79: (0.04, 0.89, -0.46)
313.89: (0.32, 0.77, -0.55)
314.01: (0.61, 0.41, -0.68)
314.12: (0.74, -0.02, -0.67)
314.24: (0.63, -0.37, -0.68)
314.35: (0.63, -0.37, -0.68)
314.47: (0.63, -0.37, -0.68)
314.57: (0.63, -0.37, -0.68)
314.69: (0.68, -0.34, -0.65)
314.79: (0.80, -0.30, -0.52)
314.90: (0.91, -0.37, -0.21)
315.00: (0.75, -0.64, 0.16)
315.12: (0.46, -0.83, 0.32)
315.24: (0.20, -0.89, 0.41)
315.34: (0.16, -0.93, 0.34)
315.45: (0.16, -0.93, 0.34)
315.57: (0.13, -0.93, 0.35)
315.67: (0.01, -0.96, 0.29)
315.79: (-0.33, -0.94, 0.04)
315.89: (-0.38, -0.93, -0.02)
315.95: (-0.43, -0.90, -0.03)
315.95: (0.80, -0.60, -0.01): 2
316.00: (-0.43, -0.90, -0.03)
316.12: (-0.43, -0.90, -0.03)
316.24: (-0.43, -0.90, -0.03)
316.35: (-0.46, -0.89, -0.01)
316.47: (-0.62, -0.78, 0.06)
316.57: (-0.90, -0.41, 0.12)
316.69: (-1.00, 0.00, 0.04)
316.80: (-0.98, 0.16, -0.10)
316.92: (-0.82, 0.06, -0.56)
317.04: (-0.30, -0.07, -0.95)
317.14: (-0.14, -0.19, -0.97)
317.25: (-0.16, -0.26, -0.95)
317.35: (-0.22, -0.22, -0.95)
317.47: (-0.79, -0.12, -0.60)
317.59: (-1.00, -0.03, 0.05)
317.69: (-0.89, 0.10, 0.44)
317.80: (-0.69, 0.26, 0.68)
317.92: (-0.52, 0.54, 0.67)
318.04: (-0.22, 0.94, 0.27)
318.14: (-0.01, 1.00, -0.09)
318.25: (-0.03, 0.99, -0.10)
318.37: (-0.03, 0.99, -0.10)
318.49: (-0.03, 0.99, -0.10)
318.60: (-0.03, 0.99, -0.10)
318.72: (0.07, 0.99, -0.11)
318.82: (0.29, 0.96, 0.04)
318.94: (0.72, 0.64, 0.27)
319.05: (0.78, 0.54, 0.32)
319.17: (0.79, 0.53, 0.33)
319.29: (0.79, 0.53, 0.33)
319.39: (0.91, 0.39, 0.17)
319.50: (0.97, -0.22, -0.13)
319.60: (0.79, -0.44, -0.43)
319.72: (0.55, -0.43, -0.72)
319.82: (0.57, -0.46, -0.68)
319.94: (0.76, -0.56, -0.33)
320.05: (0.84, -0.54, -0.09)
320.15: (0.84, -0.55, -0.02)
320.27: (0.83, -0.55, -0.02)
320.30: (0.83, -0.56, -0.02)
320.30: (-0.37, 0.48, 0.79): 1
320.39: (0.83, -0.56, -0.01)
320.50: (0.83, -0.55, -0.04)
320.60: (0.83, -0.55, -0.04)
320.72: (0.83, -0.55, -0.04)
320.82: (0.84, -0.55, -0.04)
320.92: (0.88, -0.46, -0.10)
321.04: (0.88, -0.46, -0.10)
321.15: (0.88, -0.46, -0.10)
321.25: (0.88, -0.46, -0.10)
321.37: (0.88, -0.46, -0.10)
321.49: (0.84, -0.53, -0.08)
321.59: (0.77, -0.64, 0.02)
321.69: (0.35, -0.85, 0.38)
321.80: (-0.19, -0.71, 0.68)
321.92: (-0.69, -0.19, 0.70)
322.02: (-0.82, 0.08, 0.56)
322.14: (-0.85, 0.19, 0.50)
322.24: (-0.71, 0.37, 0.60)
322.35: (-0.51, 0.41, 0.76)
322.47: (-0.49, 0.38, 0.78)
322.59: (-0.46, 0.40, 0.79)
322.70: (-0.39, 0.47, 0.79)
322.70: (-0.90, -0.40, -0.18): 0
322.70: (-0.39, 0.47, 0.79)
322.82: (-0.39, 0.47, 0.79)
322.94: (-0.39, 0.48, 0.79)
323.05: (-0.39, 0.48, 0.78)
323.17: (-0.36, 0.71, 0.60)
323.27: (-0.17, 0.98, 0.09)
323.39: (-0.08, 0.90, -0.42)
323.50: (-0.06, 0.88, -0.47)
323.60: (-0.07, 0.88, -0.47)
323.72: (-0.39, 0.85, -0.35)
323.84: (-0.95, 0.32, 0.04)
323.95: (-0.93, -0.19, 0.31)
324.05: (-0.62, -0.65, 0.45)
324.17: (-0.64, -0.69, 0.34)
324.29: (-0.87, -0.47, 0.12)
324.40: (-0.89, -0.45, 0.03)
324.52: (-0.90, -0.41, -0.13)
324.62: (-0.90, -0.39, -0.18)
324.62: (-0.72, -0.64, 0.27): 1
324.62: (-0.90, -0.39, -0.18)
324.72: (-0.90, -0.38, -0.19)
324.84: (-0.90, -0.38, -0.19)
324.95: (-0.88, -0.45, -0.14)
325.05: (-0.76, -0.65, 0.06)
325.17: (-0.70, -0.66, 0.26)
325.29: (-0.69, -0.67, 0.28)
325.35: (-0.66, -0.68, 0.31)
325.35: (0.07, -0.93, -0.36): 2
325.40: (-0.66, -0.68, 0.31)
325.50: (-0.66, -0.68, 0.32)
325.62: (-0.66, -0.68, 0.32)
325.74: (-0.76, -0.58, 0.29)
325.85: (-0.97, -0.13, 0.21)
325.97: (-0.80, 0.59, -0.14)
326.07: (-0.58, 0.79, -0.22)
326.17: (-0.29, 0.92, -0.27)
326.29: (0.06, 0.96, -0.27)
326.39: (0.06, 0.96, -0.27)
326.49: (0.06, 0.96, -0.27)
326.60: (0.06, 0.96, -0.27)
326.72: (-0.02, 0.95, -0.30)
326.84: (0.12, 0.93, -0.34)
326.95: (0.46, 0.82, -0.35)
327.05: (0.81, 0.53, -0.27)
327.17: (1.00, -0.01, -0.02)
327.29: (0.96, -0.22, 0.17)
327.39: (0.96, -0.22, 0.17)
327.49: (0.96, -0.22, 0.17)
327.60: (0.98, -0.18, 0.10)
327.72: (0.98, -0.18, 0.02)
327.84: (0.94, -0.33, 0.05)
327.94: (0.76, -0.61, 0.23)
328.05: (0.52, -0.66, 0.55)
328.15: (0.71, -0.14, 0.69)
328.27: (0.84, 0.30, 0.45)
328.39: (0.83, 0.53, 0.16)
328.49: (0.82, 0.57, 0.06)
328.60: (0.77, 0.64, 0.08)
328.72: (0.72, 0.51, 0.47)
328.83: (0.48, 0.10, 0.87)
328.94: (0.17, -0.43, 0.88)
329.05: (-0.17, -0.72, 0.67)
329.15: (-0.37, -0.84, 0.38)
329.27: (-0.58, -0.81, -0.06)
329.39: (-0.59, -0.81, -0.04)
329.50: (-0.59, -0.81, -0.04)
329.62: (-0.51, -0.86, 0.10)
329.74: (-0.56, -0.83, 0.07)
329.85: (-0.59, -0.80, -0.11)
329.97: (-0.62, -0.48, -0.62)
330.07: (-0.31, 0.26, -0.91)
330.19: (0.08, 0.69, -0.72)
330.30: (0.16, 0.79, -0.59)
330.42: (-0.54, 0.69, -0.48)
330.53: (-0.84, 0.53, 0.12)
330.65: (-0.76, 0.26, 0.60)
330.75: (-0.44, -0.05, 0.90)
330.87: (-0.20, -0.16, 0.97)
330.98: (-0.23, -0.14, 0.96)
331.10: (-0.58, 0.23, 0.78)
331.22: (-0.61, 0.76, -0.23)
331.32: (-0.19, 0.55, -0.81)
331.43: (0.14, 0.25, -0.96)
331.53: (0.41, -0.02, -0.91)
331.65: (0.63, -0.20, -0.75)
331.77: (0.68, -0.24, -0.70)
331.88: (0.68, -0.24, -0.70)
331.98: (0.67, -0.24, -0.70)
332.10: (0.20, -0.68, -0.71)
332.22: (-0.32, -0.89, -0.33)
332.32: (-0.33, -0.89, -0.31)
332.43: (-0.26, -0.92, -0.30)
332.55: (0.07, -0.95, -0.31)
332.65: (0.07, -0.95, -0.31)
332.77: (0.04, -0.95, -0.32)
332.80: (0.04, -0.95, -0.32)
332.80: (0.29, 0.33, 0.90): 1
332.88: (0.04, -0.95, -0.32)
333.00: (0.03, -0.94, -0.34)
333.12: (0.03, -0.94, -0.34)
333.22: (0.03, -0.94, -0.34)
333.33: (-0.08, -0.95, -0.31)
333.45: (-0.08, -0.95, -0.31)
333.57: (-0.08, -0.95, -0.31)
333.68: (-0.08, -0.95, -0.30)
333.80: (-0.10, -0.96, -0.26)
333.90: (-0.07, -0.97, -0.24)
334.02: (-0.06, -0.97, -0.24)
334.13: (0.03, -0.96, -0.28)
334.23: (0.03, -0.96, -0.27)
334.35: (0.04, -0.97, -0.26)
334.45: (0.04, -0.97, -0.26)
334.57: (0.07, -0.97, -0.23)
334.68: (0.07, -0.97, -0.23)
334.78: (0.07, -0.97, -0.23)
334.90: (0.07, -0.97, -0.23)
335.02: (0.18, -0.96, -0.22)
335.12: (0.58, -0.76, -0.30)
335.23: (0.92, -0.16, -0.37)
335.33: (0.75, 0.56, -0.36)
335.45: (0.65, 0.72, -0.26)
335.57: (0.46, 0.88, -0.14)
335.68: (0.14, 0.94, 0.31)
335.80: (0.21, 0.93, 0.29)
335.90: (0.21, 0.93, 0.29)
336.02: (0.21, 0.93, 0.29)
336.13: (0.26, 0.91, 0.34)
336.25: (0.28, 0.88, 0.39)
336.35: (0.30, 0.83, 0.48)
336.47: (0.55, 0.55, 0.63)
336.58: (0.75, 0.12, 0.65)
336.68: (0.67, -0.10, 0.74)
336.80: (0.47, 0.06, 0.88)
336.92: (0.44, 0.20, 0.88)
337.02: (0.34, 0.32, 0.88)
337.13: (0.27, 0.31, 0.91)
337.17: (0.27, 0.31, 0.91)
337.17: (0.09, 0.21, 0.97): 1
337.23: (0.27, 0.31, 0.91)
337.35: (0.27, 0.31, 0.91)
337.45: (0.27, 0.31, 0.91)
337.57: (0.12, 0.13, 0.99)
337.65: (0.11, 0.12, 0.99)
337.65: (0.99, 0.07, -0.12): 0
337.68: (0.11, 0.12, 0.99)
337.80: (0.12, 0.13, 0.98)
337.92: (0.12, 0.14, 0.98)
338.03: (0.13, 0.16, 0.98)
338.15: (0.36, 0.30, 0.88)
338.27: (0.62, 0.64, 0.45)
338.38: (0.34, 0.93, -0.11)
338.50: (0.04, 0.94, -0.35)
338.62: (0.03, 0.94, -0.35)
338.73: (0.53, 0.79, -0.31)
338.85: (0.81, 0.51, -0.29)
338.95: (0.85, 0.41, -0.32)
339.07: (0.95, 0.26, -0.18)
339.17: (0.97, 0.18, -0.15)
339.25: (0.97, 0.17, -0.15)
339.25: (0.36, 0.10, -0.93): 2
339.27: (0.97, 0.17, -0.15)
339.37: (0.97, 0.17, -0.15)
339.48: (0.97, 0.18, -0.17)
339.58: (0.97, 0.21, -0.15)
339.70: (0.92, 0.36, -0.16)
339.82: (0.90, 0.38, -0.22)
339.93: (0.91, -0.12, -0.39)
340.03: (0.57, -0.73, -0.37)
340.15: (0.56, -0.71, -0.44)
340.27: (0.56, -0.71, -0.44)
340.38: (0.55, -0.72, -0.42)
340.50: (0.53, -0.77, -0.36)
340.62: (0.44, -0.69, -0.57)
340.72: (0.25, -0.41, -0.88)
340.83: (-0.05, 0.03, -1.00)
340.95: (-0.17, 0.20, -0.97)
341.05: (0.06, 0.04, -1.00)
341.17: (0.20, -0.04, -0.98)
341.28: (0.34, -0.05, -0.94)
341.40: (0.43, -0.01, -0.91)
341.40: (-0.10, 0.95, 0.31): 0
341.40: (0.43, -0.01, -0.91)
341.50: (0.43, -0.01, -0.91)
341.62: (0.42, 0.00, -0.91)
341.72: (0.42, 0.00, -0.91)
341.82: (0.40, -0.01, -0.92)
341.93: (0.38, -0.01, -0.92)
342.05: (0.05, 0.05, -1.00)
342.17: (-0.46, 0.04, -0.89)
342.28: (-0.59, -0.07, -0.80)
342.40: (-0.61, -0.15, -0.78)
342.50: (-0.66, -0.39, -0.64)
342.62: (-0.50, -0.81, -0.31)
342.73: (-0.21, -0.97, -0.14)
342.83: (-0.02, -0.99, 0.12)
342.95: (0.05, -0.88, 0.48)
343.07: (0.02, -0.84, 0.55)
343.18: (0.02, -0.84, 0.55)
343.28: (0.02, -0.84, 0.55)
343.40: (0.03, -0.84, 0.55)
343.52: (0.10, -0.83, 0.55)
343.63: (0.30, -0.81, 0.49)
343.73: (0.58, -0.71, 0.40)
343.85: (0.92, -0.27, 0.29)
343.97: (0.94, -0.01, 0.34)
344.08: (0.94, -0.01, 0.34)
344.20: (0.94, 0.00, 0.33)
344.30: (0.91, 0.09, 0.40)
344.42: (0.25, 0.57, 0.78)
344.53: (-0.09, 0.59, 0.81)
344.65: (-0.09, 0.59, 0.81)
344.75: (-0.09, 0.59, 0.81)
344.85: (-0.09, 0.59, 0.81)
344.97: (-0.06, 0.64, 0.76)
345.08: (0.00, 0.83, 0.56)
345.18: (0.01, 0.95, 0.30)
345.30: (-0.03, 0.95, 0.31)
345.40: (-0.09, 0.93, 0.36)
345.52: (-0.13, 0.91, 0.39)
345.55: (-0.13, 0.91, 0.39)
345.55: (-0.29, 0.15, 0.94): 0
345.63: (-0.13, 0.91, 0.39)
345.75: (-0.14, 0.91, 0.39)
345.86: (-0.12, 0.92, 0.36)
345.98: (0.21, 0.96, 0.17)
346.08: (0.63, 0.77, 0.12)
346.20: (0.83, 0.56, -0.02)
346.32: (0.83, 0.23, -0.51)
346.43: (0.53, -0.08, -0.85)
346.55: (0.43, -0.13, -0.89)
346.66: (0.43, -0.14, -0.89)
346.78: (0.42, -0.10, -0.90)
346.90: (0.15, 0.48, -0.86)
347.00: (-0.13, 0.82, -0.55)
347.11: (-0.36, 0.93, 0.04)
347.21: (-0.35, 0.84, 0.42)
347.31: (-0.34, 0.84, 0.42)
347.43: (-0.34, 0.84, 0.42)
347.55: (-0.34, 0.84, 0.42)
347.66: (-0.34, 0.84, 0.42)
347.78: (-0.41, 0.70, 0.58)
347.90: (-0.39, 0.27, 0.88)
348.01: (-0.36, 0.18, 0.92)
348.11: (-0.33, 0.18, 0.93)
348.23: (-0.28, 0.20, 0.94)
348.31: (-0.27, 0.21, 0.94)
348.31: (0.41, 0.74, -0.54): 0
348.35: (-0.27, 0.21, 0.94)
348.45: (-0.28, 0.21, 0.94)
348.56: (-0.28, 0.19, 0.94)
348.66: (-0.32, 0.16, 0.94)
348.78: (-0.41, -0.22, 0.89)
348.90: (-0.76, -0.22, 0.61)
349.01: (-0.95, 0.16, 0.27)
349.13: (-0.84, 0.54, -0.02)
349.25: (-0.64, 0.71, -0.29)
349.36: (-0.63, 0.71, -0.31)
349.48: (-0.77, 0.59, -0.26)
349.60: (-0.99, -0.12, 0.06)
349.71: (-0.77, -0.55, 0.33)
349.81: (-0.52, -0.72, 0.46)
349.93: (-0.04, -0.86, 0.50)
350.03: (-0.06, -0.84, 0.54)
350.13: (-0.06, -0.84, 0.54)
350.25: (-0.06, -0.84, 0.54)
350.36: (-0.06, -0.84, 0.54)
350.48: (0.01, -0.93, 0.38)
350.60: (0.35, -0.94, 0.06)
350.71: (0.67, -0.73, -0.15)
350.83: (0.85, -0.49, -0.21)
350.95: (0.97, -0.03, -0.23)
351.05: (0.99, -0.06, -0.15)
351.16: (0.99, -0.06, -0.15)
351.26: (0.99, -0.06, -0.15)
351.38: (0.98, 0.00, -0.19)
351.50: (0.87, 0.36, -0.34)
351.61: (0.63, 0.61, -0.48)
351.71: (0.51, 0.69, -0.51)
351.83: (0.45, 0.74, -0.50)
351.86: (0.45, 0.74, -0.50)
351.86: (0.98, 0.14, 0.10): 2
351.95: (0.45, 0.74, -0.50)
352.05: (0.46, 0.73, -0.50)
352.15: (0.46, 0.74, -0.49)
352.25: (0.48, 0.73, -0.50)
352.36: (0.55, 0.69, -0.47)
352.46: (0.36, 0.91, -0.21)
352.56: (-0.02, 0.98, 0.18)
352.68: (-0.32, 0.75, 0.57)
352.80: (-0.15, 0.61, 0.78)
352.91: (0.28, 0.83, 0.49)
353.03: (0.49, 0.84, 0.25)
353.13: (0.76, 0.65, -0.04)
353.25: (0.91, 0.29, -0.30)
353.35: (0.92, 0.13, -0.37)
353.46: (0.95, 0.29, -0.03)
353.58: (0.96, 0.27, 0.07)
353.68: (0.97, 0.22, 0.10)
353.80: (0.97, 0.15, 0.18)
353.85: (0.97, 0.15, 0.18)
353.85: (-0.39, 0.71, -0.59): 1
353.91: (0.97, 0.15, 0.18)
354.03: (0.97, 0.14, 0.18)
354.13: (0.98, 0.15, 0.16)
354.25: (0.98, 0.18, -0.04)
354.36: (0.71, 0.41, -0.57)
354.48: (0.07, 0.60, -0.79)
354.58: (-0.43, 0.57, -0.70)
354.70: (-0.85, 0.28, -0.44)
354.80: (-0.85, 0.34, -0.40)
354.91: (-0.64, 0.58, -0.50)
355.01: (-0.49, 0.68, -0.55)
355.13: (-0.46, 0.68, -0.57)
355.18: (-0.46, 0.68, -0.57)
END