3/27/2023 3:24:02 PM
Mode: Mono
White time (s): [1.282898, 1.249817, 4.582581, 3.032776, 1.199615, 3.366211, 1.999756, 1.33316, 2.24942, 4.365723, 1.416351, 1.899353, 2.832916, 0.532959, 5.232361, 1.416504, 0.6832275, 1.333038, 0.4830933, 0.5830078, 3.649261, 1.566406, 6.931946, 1.066284, 1.416443, 0.6002197, 0.5167236, 2.499451, 1.699646, 0.5494385]
Shot time (s): [0.5334167, 1.916199, 1.366211, 5.715332, 2.716003, 0.7000122, 1.933044, 0.6667175, 2.032684, 0.6993713, 0.8166504, 4.099518, 0.7662048, 1.899506, 3.666229, 4.232422, 3.965118, 1.249817, 0.5834656, 0.4166565, 5.33197, 2.832764, 2.982788, 4.215454, 3.599243, 0.4666138, 1.016235, 1.399475, 1.166382, 1.066711]
Step time (s): [2.566376, 4.448853, 1.632629, 2.899567, 4.632751, 2.999451, 2.149475, 1.565948, 3.299408, 0.9663696, 1.899628, 1.233124, 4.283081, 5.215698, 1.566254, 0.9832764, 1.499817, 3.948975, 0.4500427, 0.433075, 1.483215, 0.4332275, 2.349609, 1.916565, 4.166138, 1.482788, 1.149475, 0.5831299, 5.049011, 3.949463]
White horz (deg): [145.81, 135.24, 669.7599, 316.5401, 96.94995, 458.3599, 244.02, 150.78, 190.47, 439.67, 179.34, 216.79, 385.7001, 15.96, 525, 98.20995, 66.21997, 206.9899, 26.38999, 52.28999, 540.75, 183.82, 1179.779, 95.40998, 181.0199, 52.28999, 47.31999, 408.3799, 174.9299, 48.43999]
Shot horz (deg): [27.29999, 176.05, 115.64, 600.5295, 263.1999, 59.21998, 233.7999, 53.40998, 149.73, 52.35999, 98.34998, 621.6699, 85.39998, 126.28, 379.0498, 418.88, 567.9098, 94.00997, 53.96999, 21.90999, 769.09, 432.1798, 486.9199, 415.3099, 354.3399, 28.41999, 90.64998, 176.19, 139.51, 122.15]
Step horz (deg): [293.7899, 693.7697, 181.79, 426.8599, 591.2899, 207.27, 214.13, 218.4699, 412.4401, 83.92998, 161.7699, 96.45995, 644.4901, 657.2999, 246.68, 118.72, 158.83, 369.1798, 24.84999, 14.42, 246.8199, 41.01999, 293.16, 220.9899, 482.0199, 253.5399, 166.6, 64.18998, 562.8698, 525.7]
White vert (deg): [15.26, 57.04999, 476, 276.78, 113.82, 324.1001, 313.81, 53.47998, 83.50999, 464.31, 52.98997, 57.67997, 287.9799, 31.00999, 426.2299, 105.9099, 39.96999, 69.50997, 21.55999, 45.49998, 232.1199, 102.83, 908.5296, 55.71997, 67.40998, 52.42999, 12.39, 257.95, 211.2599, 18.26999]
Shot vert (deg): [19.52999, 166.2499, 76.57996, 639.52, 264.3199, 48.08998, 133.07, 44.23999, 283.36, 24.77999, 27.22999, 391.1601, 29.04999, 234.4999, 309.6101, 576.5895, 274.1899, 112.9799, 31.63999, 29.18999, 639.45, 249.1299, 213.9899, 193.41, 285.6001, 21.7, 93.72997, 117.81, 106.4, 70.06996]
Step vert (deg): [200.3401, 324.66, 106.96, 227.5, 539.84, 284.34, 139.44, 71.11995, 488.0399, 48.71998, 86.44998, 56.41998, 410.69, 541.5199, 66.91998, 29.60999, 62.64997, 264.81, 21.77, 24.64, 99.32998, 19.87999, 272.7899, 101.57, 334.1099, 77.13998, 51.51998, 30.45, 447.6498, 341.5999]

Time in sec: camera forward versor
Time in sec: target versor: sound type (0 = White, 1 = Shot, 2 = Step)
START
366.49: (0.66, -0.37, -0.66): 2
366.49: (-0.36, 0.66, -0.66)
366.59: (-0.35, 0.65, -0.67)
366.71: (-0.53, 0.40, -0.75)
366.83: (-0.68, 0.10, -0.73)
366.94: (-0.72, -0.05, -0.69)
367.06: (-0.74, -0.10, -0.67)
367.18: (-0.79, -0.19, -0.58)
367.28: (-0.85, -0.41, -0.33)
367.39: (-0.74, -0.67, 0.03)
367.51: (-0.69, -0.62, 0.38)
367.61: (-0.62, -0.43, 0.66)
367.73: (-0.33, -0.52, 0.79)
367.83: (-0.17, -0.80, 0.57)
367.93: (-0.09, -0.95, 0.30)
368.04: (-0.02, -1.00, 0.00)
368.16: (0.06, -0.94, -0.35)
368.26: (0.05, -0.78, -0.62)
368.36: (-0.43, -0.57, -0.70)
368.48: (-0.64, -0.46, -0.61)
368.59: (-0.03, -0.62, -0.79)
368.69: (0.26, -0.59, -0.77)
368.81: (0.29, -0.58, -0.77)
368.91: (0.41, -0.52, -0.75)
369.01: (0.62, -0.42, -0.67)
369.06: (0.63, -0.41, -0.66)
369.06: (-0.90, -0.01, -0.44): 2
369.13: (0.63, -0.41, -0.66)
369.24: (0.60, -0.44, -0.66)
369.36: (0.45, -0.53, -0.72)
369.48: (0.42, -0.56, -0.72)
369.59: (0.41, -0.56, -0.72)
369.69: (0.18, -0.69, -0.70)
369.79: (0.00, -0.83, -0.56)
369.91: (0.54, -0.75, -0.38)
370.03: (0.93, -0.35, -0.11)
370.13: (0.99, -0.06, 0.12)
370.24: (0.97, 0.03, 0.23)
370.36: (0.86, 0.05, 0.51)
370.46: (0.74, 0.30, 0.60)
370.56: (0.71, 0.45, 0.54)
370.68: (0.47, 0.38, 0.80)
370.79: (0.31, 0.07, 0.95)
370.91: (0.28, -0.20, 0.94)
371.03: (0.41, -0.55, 0.72)
371.13: (0.63, -0.74, -0.25)
371.24: (0.43, -0.59, -0.68)
371.36: (0.24, -0.11, -0.96)
371.48: (0.28, 0.09, -0.96)
371.58: (0.46, 0.23, -0.86)
371.68: (0.54, 0.49, -0.69)
371.79: (0.44, 0.74, -0.51)
371.89: (0.51, 0.81, -0.28)
372.01: (0.15, 0.99, 0.02)
372.13: (-0.01, 0.99, 0.13)
372.24: (0.47, 0.84, 0.27)
372.34: (0.86, 0.40, 0.31)
372.46: (0.98, -0.09, 0.16)
372.58: (0.90, -0.42, 0.12)
372.69: (0.61, -0.79, -0.10)
372.79: (0.24, -0.94, -0.25)
372.91: (-0.25, -0.83, -0.49)
373.03: (-0.68, -0.58, -0.45)
373.14: (-0.95, -0.25, -0.18)
373.24: (-0.99, 0.11, -0.11)
373.36: (-0.94, 0.06, -0.34)
373.48: (-0.89, 0.02, -0.45)
373.51: (-0.89, 0.02, -0.45)
373.51: (-0.99, 0.05, -0.13): 1
373.59: (-0.89, 0.02, -0.45)
373.69: (-0.87, -0.12, -0.47)
373.79: (-0.90, -0.21, -0.38)
373.91: (-0.96, -0.13, -0.24)
374.01: (-0.98, -0.05, -0.17)
374.04: (-0.99, -0.02, -0.15)
374.04: (0.94, 0.28, -0.20): 2
374.13: (-0.99, -0.01, -0.14)
374.24: (-0.98, -0.11, -0.17)
374.34: (-0.98, -0.11, -0.17)
374.46: (-0.98, -0.11, -0.17)
374.58: (-0.93, 0.33, -0.16)
374.68: (-0.74, 0.66, -0.15)
374.79: (-0.51, 0.85, -0.09)
374.91: (0.01, 0.99, 0.11)
375.03: (0.30, 0.95, 0.13)
375.14: (0.62, 0.78, -0.08)
375.24: (0.76, 0.50, -0.42)
375.34: (0.82, 0.05, -0.56)
375.46: (0.92, 0.09, -0.39)
375.58: (0.92, 0.26, -0.28)
375.68: (0.92, 0.26, -0.28)
375.68: (-0.68, -0.66, 0.32): 2
375.69: (0.92, 0.26, -0.28)
375.79: (0.93, 0.26, -0.26)
375.91: (0.90, 0.30, -0.31)
376.01: (0.90, 0.30, -0.31)
376.13: (0.90, 0.30, -0.31)
376.23: (0.90, 0.13, -0.42)
376.34: (0.75, -0.18, -0.64)
376.46: (0.60, -0.41, -0.69)
376.57: (0.48, -0.71, -0.52)
376.69: (0.31, -0.80, -0.51)
376.79: (0.18, -0.93, -0.31)
376.89: (0.36, -0.93, -0.01)
377.01: (0.73, -0.60, 0.32)
377.12: (0.75, -0.30, 0.59)
377.22: (0.71, -0.10, 0.70)
377.34: (0.65, 0.11, 0.75)
377.46: (0.94, 0.11, 0.33)
377.56: (0.78, -0.25, -0.58)
377.67: (0.18, -0.36, -0.91)
377.77: (-0.32, -0.34, -0.89)
377.89: (-0.76, -0.31, -0.57)
378.01: (-0.96, -0.27, -0.10)
378.11: (-0.92, -0.20, 0.32)
378.21: (-0.72, -0.21, 0.67)
378.32: (-0.58, -0.28, 0.76)
378.44: (-0.71, -0.56, 0.42)
378.56: (-0.72, -0.62, 0.32)
378.57: (-0.72, -0.62, 0.32)
378.57: (0.96, 0.07, 0.27): 1
378.67: (-0.72, -0.62, 0.32)
378.77: (-0.66, -0.59, 0.46)
378.89: (-0.58, -0.61, 0.54)
379.01: (-0.42, -0.60, 0.68)
379.11: (-0.24, -0.60, 0.76)
379.21: (-0.03, -0.79, 0.62)
379.32: (0.16, -0.94, 0.30)
379.44: (0.34, -0.82, 0.45)
379.56: (0.57, -0.57, 0.59)
379.66: (0.66, -0.18, 0.73)
379.77: (0.38, 0.23, 0.90)
379.89: (0.06, 0.35, 0.93)
380.01: (0.47, 0.28, 0.84)
380.12: (0.73, 0.18, 0.66)
380.24: (0.82, 0.07, 0.57)
380.34: (0.87, 0.04, 0.49)
380.46: (0.93, 0.05, 0.36)
380.49: (0.94, 0.05, 0.33)
380.49: (0.16, 0.48, -0.86): 1
380.57: (0.95, 0.06, 0.31)
380.67: (0.92, 0.20, 0.32)
380.79: (0.91, 0.34, 0.25)
380.89: (0.89, 0.44, 0.10)
381.01: (0.77, 0.63, -0.07)
381.12: (0.50, 0.83, -0.25)
381.22: (0.24, 0.91, -0.35)
381.34: (0.03, 0.90, -0.43)
381.44: (-0.10, 0.83, -0.54)
381.56: (-0.15, 0.66, -0.74)
381.67: (0.09, 0.59, -0.80)
381.79: (0.21, 0.52, -0.83)
381.86: (0.21, 0.51, -0.83)
381.86: (0.92, 0.20, -0.34): 2
381.89: (0.21, 0.51, -0.84)
382.01: (0.10, 0.55, -0.83)
382.12: (-0.12, 0.55, -0.82)
382.24: (-0.29, 0.49, -0.82)
382.36: (-0.57, 0.51, -0.65)
382.47: (-0.76, 0.47, -0.45)
382.57: (-0.82, 0.34, -0.45)
382.69: (-0.87, 0.09, -0.48)
382.81: (-0.88, -0.15, -0.46)
382.92: (-0.84, -0.37, -0.40)
383.04: (-0.76, -0.55, -0.34)
383.16: (-0.62, -0.71, -0.34)
383.26: (-0.46, -0.82, -0.33)
383.37: (-0.26, -0.93, -0.26)
383.47: (-0.11, -0.97, -0.22)
383.59: (-0.08, -0.66, -0.74)
383.71: (-0.33, -0.23, -0.92)
383.82: (-0.45, 0.47, -0.76)
383.94: (-0.19, 0.93, -0.30)
384.06: (0.10, 0.99, 0.05)
384.16: (0.33, 0.89, 0.31)
384.27: (0.48, 0.65, 0.59)
384.39: (0.55, 0.18, 0.82)
384.51: (0.52, -0.35, 0.78)
384.61: (0.45, -0.68, 0.57)
384.72: (0.42, -0.89, 0.19)
384.84: (0.46, -0.86, -0.22)
384.96: (0.38, -0.58, -0.72)
385.07: (0.16, -0.20, -0.97)
385.17: (-0.01, -0.05, -1.00)
385.29: (-0.25, -0.29, -0.93)
385.41: (-0.43, -0.69, -0.58)
385.51: (-0.45, -0.89, -0.08)
385.62: (-0.31, -0.80, 0.51)
385.72: (-0.16, -0.57, 0.81)
385.84: (0.09, -0.21, 0.97)
385.94: (0.34, 0.14, 0.93)
386.06: (0.66, 0.48, 0.58)
386.17: (0.84, 0.54, 0.09)
386.27: (0.90, 0.38, -0.22)
386.39: (0.92, 0.20, -0.35)
386.49: (0.94, 0.16, -0.29)
386.49: (0.37, -0.67, -0.64): 0
386.51: (0.94, 0.16, -0.29)
386.62: (0.94, 0.16, -0.29)
386.74: (0.93, 0.11, -0.34)
386.84: (0.93, 0.07, -0.37)
386.96: (0.92, 0.05, -0.39)
387.07: (0.70, -0.40, -0.58)
387.19: (0.05, -0.82, -0.58)
387.31: (-0.27, -0.88, -0.38)
387.42: (0.02, -0.86, -0.51)
387.52: (0.17, -0.81, -0.56)
387.64: (0.22, -0.77, -0.60)
387.76: (0.32, -0.70, -0.64)
387.77: (0.33, -0.70, -0.64)
387.77: (-0.37, -0.13, 0.92): 0
387.86: (0.26, -0.73, -0.64)
387.97: (-0.07, -0.85, -0.52)
388.09: (-0.22, -0.88, -0.43)
388.19: (-0.37, -0.87, -0.32)
388.31: (-0.46, -0.86, -0.22)
388.42: (-0.57, -0.82, -0.01)
388.54: (-0.69, -0.67, 0.28)
388.66: (-0.74, -0.33, 0.58)
388.77: (-0.62, -0.11, 0.78)
388.87: (-0.41, -0.09, 0.91)
388.99: (-0.30, -0.17, 0.94)
389.02: (-0.30, -0.17, 0.94)
389.02: (-0.37, 0.88, -0.30): 2
389.11: (-0.31, -0.15, 0.94)
389.21: (-0.33, -0.05, 0.94)
389.32: (-0.37, 0.16, 0.91)
389.42: (-0.34, 0.19, 0.92)
389.52: (-0.20, 0.34, 0.92)
389.64: (-0.04, 0.61, 0.79)
389.76: (0.03, 0.77, 0.64)
389.87: (0.30, 0.81, 0.50)
389.99: (0.72, 0.60, 0.34)
390.11: (0.92, 0.32, 0.23)
390.21: (0.96, 0.27, 0.12)
390.32: (0.97, 0.23, -0.09)
390.44: (0.95, 0.04, -0.31)
390.56: (0.84, -0.19, -0.50)
390.67: (0.80, -0.17, -0.58)
390.77: (0.83, 0.29, -0.48)
390.89: (0.63, 0.75, -0.20)
391.01: (0.40, 0.91, 0.08)
391.11: (0.06, 0.95, 0.32)
391.22: (-0.31, 0.85, 0.42)
391.34: (-0.27, 0.84, 0.48)
391.46: (-0.23, 0.82, 0.52)
391.56: (-0.16, 0.86, 0.49)
391.67: (-0.26, 0.96, 0.14)
391.77: (-0.25, 0.97, 0.00)
391.89: (-0.29, 0.95, -0.11)
391.99: (-0.38, 0.89, -0.26)
392.02: (-0.39, 0.88, -0.27)
392.02: (0.53, -0.13, -0.84): 1
392.11: (-0.39, 0.88, -0.28)
392.22: (-0.33, 0.88, -0.36)
392.34: (-0.20, 0.88, -0.43)
392.46: (-0.08, 0.88, -0.47)
392.57: (0.14, 0.88, -0.44)
392.69: (0.51, 0.86, -0.07)
392.81: (0.78, 0.61, 0.13)
392.92: (0.95, 0.25, 0.20)
393.04: (0.93, -0.13, 0.35)
393.15: (0.83, -0.36, 0.43)
393.27: (0.68, -0.57, 0.47)
393.37: (0.50, -0.67, 0.54)
393.49: (0.39, -0.59, 0.71)
393.59: (0.43, -0.16, 0.89)
393.70: (0.31, 0.40, 0.86)
393.80: (0.08, 0.76, 0.64)
393.92: (-0.17, 0.94, 0.29)
394.04: (-0.34, 0.94, -0.02)
394.15: (-0.54, 0.78, -0.32)
394.25: (-0.64, 0.58, -0.50)
394.37: (-0.49, 0.59, -0.65)
394.47: (-0.02, 0.69, -0.72)
394.59: (0.43, 0.67, -0.60)
394.70: (0.82, 0.47, -0.33)
394.82: (0.97, 0.24, -0.07)
394.92: (0.97, 0.16, 0.17)
395.04: (0.84, 0.12, 0.52)
395.15: (0.63, 0.09, 0.77)
395.27: (0.41, -0.22, 0.89)
395.39: (0.19, -0.25, 0.95)
395.50: (-0.11, -0.13, 0.98)
395.62: (-0.47, -0.01, 0.88)
395.72: (-0.75, -0.10, 0.66)
395.84: (-0.89, -0.06, 0.44)
395.95: (-0.96, 0.18, 0.23)
396.05: (-0.97, 0.22, -0.10)
396.15: (-0.88, 0.32, -0.35)
396.27: (-0.69, 0.30, -0.65)
396.39: (-0.39, 0.39, -0.83)
396.50: (-0.18, 0.34, -0.92)
396.60: (-0.40, 0.06, -0.91)
396.72: (-0.81, -0.25, -0.53)
396.84: (-0.88, -0.29, -0.37)
396.95: (-0.51, -0.35, -0.79)
397.05: (-0.10, -0.25, -0.96)
397.17: (-0.02, -0.12, -0.99)
397.29: (-0.02, -0.12, -0.99)
397.39: (-0.02, -0.12, -0.99)
397.50: (0.30, -0.23, -0.93)
397.60: (0.46, -0.21, -0.86)
397.72: (0.48, -0.19, -0.86)
397.74: (0.48, -0.19, -0.86)
397.74: (0.80, 0.60, 0.06): 2
397.84: (0.48, -0.19, -0.85)
397.94: (0.51, -0.23, -0.83)
398.05: (0.60, -0.40, -0.69)
398.17: (0.54, -0.39, -0.74)
398.29: (0.50, -0.34, -0.79)
398.40: (0.50, -0.34, -0.79)
398.50: (0.50, -0.34, -0.79)
398.60: (0.50, -0.34, -0.79)
398.72: (0.43, -0.25, -0.87)
398.82: (0.37, 0.11, -0.92)
398.94: (0.21, 0.59, -0.78)
399.05: (0.13, 0.89, -0.43)
399.15: (-0.09, 1.00, -0.03)
399.27: (-0.28, 0.94, 0.18)
399.39: (-0.43, 0.77, 0.46)
399.49: (-0.26, 0.71, 0.65)
399.60: (0.44, 0.84, 0.32)
399.72: (0.73, 0.66, 0.17)
399.84: (0.76, 0.63, 0.16)
399.89: (0.76, 0.63, 0.16)
399.89: (-1.00, 0.03, 0.06): 1
399.94: (0.76, 0.63, 0.16)
400.05: (0.77, 0.63, 0.09)
400.15: (0.87, 0.45, -0.20)
400.25: (0.88, 0.31, -0.36)
400.37: (0.88, 0.38, -0.28)
400.49: (0.89, 0.41, -0.20)
400.59: (0.86, 0.38, -0.33)
400.70: (0.62, 0.20, -0.76)
400.82: (0.51, 0.20, -0.83)
400.92: (0.40, 0.20, -0.90)
401.04: (0.07, -0.06, -1.00)
401.14: (-0.08, -0.37, -0.93)
401.25: (0.04, -0.66, -0.75)
401.35: (0.27, -0.86, -0.44)
401.47: (0.35, -0.94, 0.02)
401.59: (0.16, -0.93, 0.32)
401.69: (-0.08, -0.92, 0.39)
401.80: (-0.51, -0.85, -0.13)
401.92: (-0.74, -0.45, -0.50)
402.04: (-0.73, -0.07, -0.68)
402.15: (-0.76, 0.08, -0.64)
402.27: (-0.95, -0.09, -0.28)
402.39: (-0.98, -0.18, -0.09)
402.50: (-1.00, -0.08, 0.04)
402.60: (-1.00, 0.02, 0.04)
402.60: (-0.64, -0.53, 0.55): 1
402.62: (-1.00, 0.02, 0.04)
402.72: (-0.99, -0.05, 0.09)
402.84: (-0.95, -0.19, 0.26)
402.95: (-0.79, -0.14, 0.60)
403.07: (-0.59, -0.13, 0.80)
403.19: (-0.62, -0.38, 0.68)
403.30: (-0.59, -0.52, 0.62)
403.30: (0.71, -0.65, 0.28): 0
403.30: (-0.59, -0.52, 0.62)
403.40: (-0.59, -0.52, 0.62)
403.52: (-0.51, -0.50, 0.70)
403.64: (-0.35, -0.55, 0.76)
403.75: (-0.21, -0.69, 0.70)
403.87: (-0.31, -0.92, 0.22)
403.97: (-0.49, -0.85, -0.17)
404.09: (-0.68, -0.59, -0.43)
404.20: (-0.70, -0.30, -0.65)
404.32: (-0.60, -0.16, -0.79)
404.44: (-0.41, 0.17, -0.90)
404.55: (-0.40, 0.47, -0.79)
404.65: (-0.73, 0.40, -0.55)
404.77: (-0.81, 0.51, -0.28)
404.89: (-0.48, 0.86, -0.14)
405.00: (-0.36, 0.93, 0.02)
405.10: (-0.56, 0.78, 0.28)
405.22: (-0.28, 0.85, 0.44)
405.34: (0.37, 0.91, 0.20)
405.45: (0.61, 0.77, -0.21)
405.57: (0.68, 0.31, -0.66)
405.69: (0.48, -0.34, -0.81)
405.79: (0.26, -0.60, -0.75)
405.90: (-0.21, -0.80, -0.57)
406.02: (-0.47, -0.86, -0.20)
406.14: (-0.56, -0.83, 0.07)
406.25: (-0.74, -0.66, 0.12)
406.35: (-0.87, -0.43, 0.25)
406.47: (-1.00, -0.08, 0.03)
406.57: (-0.91, 0.23, -0.35)
406.69: (-0.58, 0.54, -0.61)
406.80: (-0.22, 0.70, -0.68)
406.92: (0.21, 0.62, -0.76)
407.04: (0.50, 0.31, -0.81)
407.15: (0.71, 0.03, -0.71)
407.27: (0.88, 0.00, -0.48)
407.39: (0.99, -0.08, -0.13)
407.50: (0.97, -0.16, 0.20)
407.62: (0.87, -0.26, 0.41)
407.74: (0.82, -0.47, 0.32)
407.84: (0.73, -0.63, 0.25)
407.89: (0.71, -0.66, 0.25)
407.89: (0.77, 0.58, 0.27): 0
407.95: (0.69, -0.68, 0.24)
408.07: (0.65, -0.73, 0.19)
408.17: (0.70, -0.69, 0.18)
408.29: (0.85, -0.50, 0.18)
408.40: (0.61, -0.77, 0.19)
408.52: (0.43, -0.89, 0.12)
408.63: (0.36, -0.89, -0.27)
408.74: (0.18, -0.76, -0.63)
408.85: (-0.47, -0.64, -0.61)
408.97: (-0.78, -0.58, -0.22)
409.09: (-0.70, -0.68, 0.22)
409.20: (-0.46, -0.60, 0.66)
409.32: (-0.37, -0.38, 0.85)
409.42: (-0.35, -0.43, 0.83)
409.53: (-0.35, -0.43, 0.83)
409.65: (-0.35, -0.43, 0.83)
409.77: (-0.74, -0.15, 0.65)
409.87: (-0.94, 0.10, 0.33)
409.98: (-0.91, 0.38, 0.17)
410.10: (-0.56, 0.76, 0.31)
410.22: (-0.12, 0.91, 0.40)
410.32: (0.10, 0.87, 0.49)
410.43: (0.33, 0.71, 0.62)
410.53: (0.30, 0.53, 0.79)
410.65: (0.57, 0.60, 0.57)
410.77: (0.66, 0.61, 0.43)
410.88: (0.73, 0.58, 0.36)
410.92: (0.74, 0.57, 0.36)
410.92: (0.29, -0.31, 0.90): 0
411.00: (0.74, 0.57, 0.35)
411.12: (0.83, 0.45, 0.34)
411.23: (0.92, 0.21, 0.32)
411.35: (0.98, 0.00, 0.17)
411.45: (0.97, -0.13, 0.22)
411.55: (0.78, -0.19, 0.60)
411.67: (0.33, -0.25, 0.91)
411.78: (-0.03, -0.24, 0.97)
411.90: (-0.08, -0.21, 0.97)
412.00: (0.16, -0.30, 0.94)
412.12: (0.25, -0.29, 0.92)
412.12: (0.24, -0.62, -0.74): 1
412.12: (0.25, -0.29, 0.92)
412.22: (0.28, -0.33, 0.90)
412.33: (0.30, -0.55, 0.78)
412.45: (0.16, -0.70, 0.70)
412.57: (0.11, -0.90, 0.42)
412.67: (-0.05, -0.96, 0.29)
412.77: (-0.36, -0.76, 0.54)
412.87: (-0.55, -0.41, 0.72)
412.97: (-0.64, -0.23, 0.73)
413.08: (-0.75, -0.27, 0.60)
413.20: (-0.84, -0.45, 0.30)
413.32: (-0.73, -0.67, -0.08)
413.42: (-0.69, -0.68, -0.23)
413.53: (-0.65, -0.66, -0.39)
413.65: (-0.31, -0.62, -0.72)
413.77: (0.00, -0.49, -0.87)
413.87: (0.24, -0.48, -0.85)
413.98: (0.22, -0.63, -0.74)
414.05: (0.23, -0.66, -0.71)
414.05: (-0.96, 0.21, 0.18): 2
414.08: (0.23, -0.66, -0.71)
414.20: (0.23, -0.67, -0.71)
414.32: (0.03, -0.71, -0.70)
414.43: (-0.03, -0.66, -0.75)
414.53: (0.10, -0.64, -0.76)
414.65: (0.00, -0.68, -0.74)
414.77: (0.00, -0.68, -0.74)
414.88: (-0.44, -0.82, -0.36)
415.00: (-0.97, 0.02, 0.25)
415.12: (-0.71, 0.65, 0.28)
415.22: (-0.63, 0.77, 0.12)
415.33: (-0.80, 0.59, 0.14)
415.45: (-0.90, 0.39, 0.18)
415.57: (-0.93, 0.29, 0.20)
415.62: (-0.95, 0.25, 0.20)
415.62: (0.42, 0.65, 0.63): 0
415.68: (-0.95, 0.25, 0.20)
415.80: (-0.74, 0.65, 0.17)
415.92: (-0.51, 0.85, 0.11)
416.03: (-0.30, 0.95, 0.03)
416.13: (0.05, 1.00, -0.04)
416.25: (0.45, 0.89, -0.04)
416.37: (0.73, 0.65, -0.20)
416.48: (0.89, 0.32, -0.32)
416.60: (0.91, -0.20, -0.37)
416.70: (0.71, -0.60, -0.38)
416.82: (0.24, -0.92, -0.30)
416.92: (-0.19, -0.96, -0.22)
417.02: (-0.51, -0.84, -0.17)
417.12: (-0.74, -0.64, -0.18)
417.23: (-0.89, -0.34, -0.29)
417.33: (-0.90, -0.04, -0.43)
417.45: (-0.78, 0.21, -0.59)
417.55: (-0.65, 0.34, -0.68)
417.67: (-0.48, 0.41, -0.77)
417.77: (-0.08, 0.32, -0.94)
417.88: (0.62, -0.07, -0.78)
417.98: (0.89, -0.27, -0.36)
418.10: (0.94, -0.35, 0.05)
418.20: (0.94, -0.21, 0.26)
418.30: (0.89, 0.00, 0.46)
418.40: (0.78, 0.18, 0.60)
418.52: (0.63, 0.33, 0.70)
418.63: (0.48, 0.28, 0.83)
418.75: (0.45, 0.36, 0.82)
418.87: (0.46, 0.49, 0.74)
418.98: (0.44, 0.61, 0.66)
418.98: (0.47, 0.87, 0.15): 1
418.98: (0.44, 0.61, 0.66)
419.10: (0.45, 0.55, 0.71)
419.22: (0.45, 0.44, 0.78)
419.33: (0.49, 0.46, 0.74)
419.43: (0.54, 0.73, 0.42)
419.53: (0.51, 0.85, 0.15)
419.63: (0.47, 0.88, 0.05)
419.65: (0.47, 0.88, 0.04)
419.65: (-0.98, 0.02, -0.17): 1
419.75: (0.48, 0.87, 0.05)
419.87: (0.48, 0.87, -0.08)
419.97: (0.48, 0.86, -0.15)
420.08: (0.58, 0.82, -0.04)
420.20: (0.72, 0.69, 0.07)
420.32: (0.85, 0.33, 0.42)
420.42: (0.74, -0.05, 0.67)
420.52: (0.50, -0.36, 0.79)
420.63: (0.05, -0.75, 0.66)
420.75: (-0.34, -0.90, 0.26)
420.87: (-0.69, -0.69, -0.22)
420.97: (-0.76, -0.26, -0.60)
421.08: (-0.62, 0.18, -0.76)
421.18: (-0.81, 0.18, -0.56)
421.30: (-0.92, 0.23, -0.31)
421.42: (-0.94, 0.23, -0.26)
421.52: (-0.95, 0.22, -0.24)
421.63: (-0.96, 0.14, -0.23)
421.68: (-0.97, 0.12, -0.21)
421.68: (0.71, 0.49, 0.51): 2
421.75: (-0.98, 0.07, -0.20)
421.87: (-0.99, 0.00, -0.15)
421.97: (-0.99, 0.11, -0.12)
422.07: (-0.93, 0.34, -0.12)
422.18: (-0.82, 0.57, -0.09)
422.30: (-0.62, 0.77, 0.13)
422.42: (-0.49, 0.76, 0.42)
422.53: (-0.57, 0.44, 0.69)
422.63: (-0.61, 0.04, 0.79)
422.75: (-0.67, -0.30, 0.68)
422.87: (-0.97, -0.22, 0.05)
422.97: (-0.79, 0.08, -0.60)
423.08: (-0.24, 0.12, -0.96)
423.20: (0.38, -0.02, -0.93)
423.32: (0.82, -0.22, -0.52)
423.43: (0.90, -0.43, -0.06)
423.55: (0.75, -0.46, 0.47)
423.65: (0.47, -0.38, 0.80)
423.77: (0.03, -0.26, 0.96)
423.87: (-0.32, -0.17, 0.93)
423.97: (-0.30, -0.18, 0.94)
424.08: (0.57, -0.07, 0.82)
424.20: (0.96, 0.27, 0.06)
424.30: (0.78, 0.51, -0.37)
424.42: (0.64, 0.62, -0.44)
424.53: (0.83, 0.56, -0.05)
424.65: (0.89, 0.41, 0.20)
424.76: (0.89, 0.36, 0.29)
424.88: (0.80, 0.46, 0.39)
424.98: (0.71, 0.48, 0.52)
424.98: (0.22, -0.47, 0.85): 0
424.98: (0.71, 0.48, 0.52)
425.08: (0.74, 0.48, 0.47)
425.20: (0.79, 0.47, 0.40)
425.32: (0.91, 0.38, 0.14)
425.43: (0.91, 0.26, -0.34)
425.55: (0.54, -0.04, -0.84)
425.66: (-0.07, -0.35, -0.93)
425.78: (-0.64, -0.51, -0.57)
425.88: (-0.89, -0.46, -0.07)
426.00: (-0.85, -0.20, 0.49)
426.11: (-0.61, 0.05, 0.79)
426.23: (-0.33, 0.21, 0.92)
426.35: (0.05, 0.36, 0.93)
426.46: (0.43, 0.43, 0.79)
426.58: (0.49, 0.21, 0.84)
426.68: (0.41, -0.13, 0.90)
426.78: (0.29, -0.32, 0.90)
426.88: (0.22, -0.42, 0.88)
426.98: (0.22, -0.50, 0.83)
426.98: (0.92, 0.05, 0.39): 2
426.98: (0.22, -0.50, 0.83)
427.10: (0.28, -0.54, 0.80)
427.21: (0.51, -0.57, 0.65)
427.31: (0.68, -0.49, 0.55)
427.43: (0.88, -0.38, 0.29)
427.53: (0.93, -0.38, 0.04)
427.65: (0.94, -0.35, 0.02)
427.75: (0.93, -0.24, 0.29)
427.86: (0.91, -0.14, 0.39)
427.95: (0.91, -0.07, 0.40)
427.95: (-1.00, 0.05, 0.02): 0
427.98: (0.92, -0.04, 0.39)
428.10: (0.91, 0.04, 0.40)
428.21: (0.89, 0.15, 0.44)
428.31: (0.83, 0.24, 0.51)
428.43: (0.68, 0.38, 0.63)
428.55: (0.34, 0.49, 0.80)
428.66: (-0.15, 0.45, 0.88)
428.78: (-0.60, 0.29, 0.74)
428.90: (-0.85, 0.25, 0.47)
429.01: (-0.94, 0.25, 0.21)
429.11: (-0.97, 0.21, 0.12)
429.23: (-0.99, 0.12, 0.10)
429.28: (-0.99, 0.07, 0.08)
429.28: (-0.68, -0.50, -0.53): 1
429.33: (-0.99, 0.07, 0.08)
429.45: (-1.00, -0.05, 0.02)
429.56: (-0.95, -0.29, -0.12)
429.68: (-0.88, -0.39, -0.26)
429.80: (-0.87, -0.34, -0.37)
429.91: (-0.77, -0.44, -0.47)
429.98: (-0.69, -0.52, -0.51)
429.98: (-1.00, 0.06, 0.04): 1
430.03: (-0.64, -0.54, -0.55)
430.13: (-0.55, -0.61, -0.57)
430.23: (-0.31, -0.72, -0.62)
430.35: (-0.47, -0.66, -0.59)
430.46: (-0.91, -0.33, -0.25)
430.56: (-0.94, -0.27, -0.19)
430.68: (-0.99, -0.16, -0.03)
430.80: (-1.00, -0.01, 0.03)
430.80: (0.44, -0.79, -0.42): 1
430.80: (-1.00, -0.01, 0.03)
430.91: (-1.00, -0.02, 0.07)
431.01: (-0.98, -0.03, 0.19)
431.13: (-0.94, -0.09, 0.32)
431.25: (-0.86, -0.10, 0.50)
431.36: (-0.63, -0.06, 0.78)
431.46: (-0.35, -0.04, 0.94)
431.58: (0.05, 0.01, 1.00)
431.70: (0.48, 0.23, 0.85)
431.81: (0.73, 0.13, 0.67)
431.91: (0.90, 0.07, 0.44)
432.03: (1.00, -0.01, 0.10)
432.13: (0.99, -0.06, -0.15)
432.25: (0.92, -0.14, -0.36)
432.36: (0.89, -0.12, -0.45)
432.48: (0.90, 0.34, -0.28)
432.58: (0.67, 0.74, 0.00)
432.70: (0.23, 0.92, 0.30)
432.81: (-0.21, 0.88, 0.43)
432.93: (-0.59, 0.65, 0.47)
433.03: (-0.78, 0.47, 0.41)
433.15: (-0.91, 0.38, 0.18)
433.25: (-0.93, 0.34, -0.09)
433.36: (-0.88, 0.31, -0.35)
433.46: (-0.87, 0.30, -0.38)
433.58: (-0.84, 0.24, -0.48)
433.70: (-0.74, 0.15, -0.65)
433.81: (-0.78, 0.23, -0.58)
433.91: (-0.84, 0.54, 0.06)
434.01: (-0.26, 0.43, 0.86)
434.13: (0.61, -0.20, 0.76)
434.25: (0.80, -0.58, -0.14)
434.36: (0.36, -0.51, -0.78)
434.46: (-0.03, -0.29, -0.96)
434.58: (0.08, -0.49, -0.87)
434.70: (0.37, -0.68, -0.64)
434.81: (0.45, -0.73, -0.51)
434.90: (0.44, -0.76, -0.47)
434.90: (0.88, 0.11, 0.46): 1
434.91: (0.44, -0.77, -0.47)
435.03: (0.45, -0.79, -0.42)
435.15: (0.61, -0.79, -0.08)
435.26: (0.75, -0.64, 0.15)
435.36: (0.86, -0.42, 0.30)
435.48: (0.90, -0.09, 0.42)
435.60: (0.90, 0.11, 0.42)
435.66: (0.90, 0.11, 0.42)
435.66: (-0.44, -0.14, -0.89): 1
435.71: (0.90, 0.11, 0.42)
435.83: (0.85, 0.23, 0.47)
435.95: (0.75, 0.48, 0.46)
436.05: (0.66, 0.65, 0.38)
436.16: (0.43, 0.86, 0.29)
436.28: (0.18, 0.98, 0.10)
436.38: (0.05, 0.99, -0.14)
436.48: (-0.10, 0.93, -0.36)
436.60: (-0.22, 0.77, -0.59)
436.71: (-0.36, 0.47, -0.81)
436.83: (-0.59, 0.33, -0.74)
436.93: (-0.69, 0.52, -0.50)
437.05: (-0.61, 0.79, -0.12)
437.16: (-0.69, 0.58, -0.43)
437.26: (-0.68, 0.19, -0.71)
437.38: (-0.57, -0.10, -0.82)
437.50: (-0.44, -0.26, -0.86)
437.56: (-0.43, -0.27, -0.86)
437.56: (-0.21, -0.25, 0.94): 1
437.61: (-0.45, -0.22, -0.86)
437.73: (-0.47, -0.03, -0.88)
437.85: (-0.52, 0.15, -0.84)
437.96: (-0.56, 0.42, -0.71)
438.08: (-0.55, 0.71, -0.43)
438.20: (-0.40, 0.91, -0.05)
438.31: (-0.12, 0.92, 0.37)
438.43: (0.24, 0.74, 0.62)
438.55: (0.56, 0.54, 0.63)
438.66: (0.83, 0.31, 0.46)
438.78: (0.97, 0.11, 0.21)
438.90: (1.00, -0.02, 0.08)
439.00: (0.99, -0.14, -0.09)
439.11: (0.86, -0.29, -0.42)
439.23: (0.56, -0.44, -0.71)
439.35: (0.20, -0.45, -0.87)
439.45: (-0.13, -0.32, -0.94)
439.56: (-0.37, -0.11, -0.92)
439.68: (-0.54, 0.14, -0.83)
439.78: (-0.66, 0.34, -0.67)
439.90: (-0.73, 0.46, -0.51)
440.00: (-0.75, 0.57, -0.32)
440.11: (-0.74, 0.67, -0.01)
440.23: (-0.65, 0.66, 0.38)
440.33: (-0.56, 0.63, 0.54)
440.45: (-0.39, 0.60, 0.70)
440.56: (-0.19, 0.53, 0.83)
440.66: (0.00, 0.46, 0.89)
440.78: (-0.04, 0.39, 0.92)
440.88: (-0.25, 0.23, 0.94)
441.00: (-0.24, 0.09, 0.97)
441.10: (-0.19, -0.10, 0.98)
441.21: (-0.17, -0.29, 0.94)
441.23: (-0.17, -0.29, 0.94)
441.23: (-0.93, 0.20, -0.31): 0
441.31: (-0.17, -0.27, 0.95)
441.43: (-0.28, -0.13, 0.95)
441.55: (-0.30, -0.06, 0.95)
441.66: (-0.34, 0.00, 0.94)
441.76: (-0.34, 0.00, 0.94)
441.86: (-0.34, 0.00, 0.94)
441.98: (-0.41, 0.14, 0.90)
442.09: (-0.55, 0.49, 0.68)
442.21: (-0.63, 0.56, 0.54)
442.31: (-0.66, 0.65, 0.37)
442.43: (-0.60, 0.79, 0.13)
442.54: (-0.59, 0.79, -0.16)
442.66: (-0.49, 0.74, -0.46)
442.78: (-0.20, 0.66, -0.72)
442.88: (-0.25, 0.48, -0.84)
442.99: (-0.50, 0.30, -0.81)
443.11: (-0.67, 0.45, -0.59)
443.23: (-0.75, 0.43, -0.51)
443.33: (-0.84, 0.32, -0.45)
443.44: (-0.91, 0.17, -0.38)
443.48: (-0.91, 0.16, -0.37)
443.48: (0.84, 0.05, 0.54): 0
443.54: (-0.91, 0.16, -0.37)
443.66: (-0.90, 0.17, -0.40)
443.78: (-0.76, 0.17, -0.63)
443.89: (-0.67, 0.15, -0.73)
443.99: (-0.58, -0.03, -0.81)
444.11: (-0.38, -0.01, -0.92)
444.23: (-0.32, -0.16, -0.93)
444.33: (-0.30, -0.27, -0.92)
444.44: (-0.29, -0.24, -0.93)
444.56: (-0.30, -0.24, -0.92)
444.68: (-0.58, -0.33, -0.74)
444.79: (-0.86, -0.33, -0.39)
444.89: (-0.96, -0.21, -0.17)
445.01: (-0.92, -0.39, 0.08)
445.13: (-0.65, -0.76, 0.03)
445.23: (-0.37, -0.92, -0.11)
445.34: (0.06, -1.00, -0.06)
445.46: (0.68, -0.73, -0.08)
445.58: (0.83, -0.54, -0.09)
445.68: (0.90, -0.28, -0.33)
445.79: (0.79, 0.08, -0.61)
445.89: (0.59, 0.13, -0.79)
446.01: (-0.03, 0.09, -1.00)
446.13: (-0.55, 0.13, -0.83)
446.24: (-0.75, -0.07, -0.66)
446.36: (-0.88, -0.01, -0.48)
446.48: (-0.99, -0.17, 0.04)
446.59: (-0.85, -0.24, 0.46)
446.71: (-0.71, -0.22, 0.67)
446.83: (-0.49, -0.20, 0.85)
446.93: (-0.31, -0.18, 0.94)
447.03: (-0.06, -0.03, 1.00)
447.14: (0.28, 0.10, 0.96)
447.24: (0.53, 0.08, 0.84)
447.36: (0.78, -0.04, 0.62)
447.48: (0.82, -0.45, 0.36)
447.59: (0.86, -0.30, 0.42)
447.71: (0.88, -0.07, 0.48)
447.83: (0.87, -0.04, 0.50)
447.84: (0.86, -0.04, 0.50)
447.84: (-0.91, -0.31, -0.28): 0
447.94: (0.87, -0.04, 0.50)
448.06: (0.84, -0.09, 0.53)
448.18: (0.76, -0.36, 0.54)
448.28: (0.65, -0.62, 0.45)
448.39: (0.00, -0.96, 0.30)
448.51: (-0.43, -0.90, 0.00)
448.63: (-0.57, -0.80, -0.17)
448.74: (-0.86, -0.48, -0.20)
448.86: (-0.99, -0.09, -0.12)
448.96: (-0.97, -0.07, -0.24)
449.08: (-0.96, -0.12, -0.24)
449.19: (-0.95, -0.20, -0.25)
449.26: (-0.93, -0.25, -0.26)
449.26: (0.90, 0.40, -0.18): 2
449.29: (-0.93, -0.25, -0.26)
449.39: (-0.94, -0.24, -0.23)
449.51: (-0.98, -0.14, -0.17)
449.63: (-0.96, -0.03, -0.26)
449.73: (-0.92, 0.22, -0.32)
449.84: (-0.77, 0.46, -0.45)
449.96: (-0.76, 0.46, -0.46)
450.08: (-0.76, 0.46, -0.46)
450.19: (-0.76, 0.46, -0.45)
450.31: (-0.54, 0.75, -0.39)
450.43: (0.07, 0.90, -0.43)
450.54: (0.27, 0.78, -0.57)
450.66: (0.47, 0.61, -0.63)
450.76: (0.68, 0.46, -0.56)
450.88: (0.80, 0.41, -0.45)
450.99: (0.87, 0.41, -0.26)
451.11: (0.92, 0.35, -0.20)
451.16: (0.93, 0.32, -0.18)
451.16: (-0.97, 0.21, 0.09): 1
451.21: (0.93, 0.32, -0.18)
451.33: (0.92, 0.37, -0.15)
451.44: (0.91, 0.40, 0.08)
451.54: (0.91, 0.41, 0.10)
451.64: (0.91, 0.41, 0.10)
451.76: (0.94, 0.30, 0.15)
451.88: (0.91, -0.19, 0.36)
451.98: (0.83, -0.39, 0.39)
452.08: (0.77, -0.48, 0.41)
452.19: (0.42, -0.83, 0.38)
452.31: (0.48, -0.88, 0.05)
452.41: (0.56, -0.81, -0.20)
452.53: (0.44, -0.79, -0.43)
452.64: (0.57, -0.44, -0.70)
452.76: (0.37, -0.29, -0.88)
452.86: (0.14, -0.31, -0.94)
452.98: (-0.13, -0.48, -0.87)
453.08: (-0.41, -0.62, -0.66)
453.18: (-0.61, -0.67, -0.42)
453.29: (-0.51, -0.38, -0.77)
453.41: (-0.27, 0.06, -0.96)
453.53: (-0.02, 0.44, -0.90)
453.63: (0.02, 0.69, -0.73)
453.74: (0.05, 0.90, -0.43)
453.84: (0.11, 0.96, -0.25)
453.96: (0.29, 0.86, -0.42)
454.08: (0.68, 0.25, -0.69)
454.19: (0.68, -0.60, -0.42)
454.31: (0.20, -0.97, 0.15)
454.43: (-0.44, -0.69, 0.58)
454.53: (-0.72, -0.13, 0.68)
454.64: (-0.68, 0.51, 0.52)
454.76: (-0.47, 0.85, 0.23)
454.88: (-0.42, 0.91, 0.04)
454.99: (-0.75, 0.66, 0.00)
455.11: (-0.84, 0.54, 0.08)
455.21: (-0.86, 0.50, 0.12)
455.31: (-0.91, 0.39, 0.13)
455.39: (-0.95, 0.30, 0.11)
455.39: (0.29, 0.79, 0.53): 2
455.43: (-0.95, 0.29, 0.11)
455.53: (-0.95, 0.28, 0.12)
455.64: (-0.94, 0.31, 0.12)
455.74: (-0.88, 0.47, 0.11)
455.86: (-0.83, 0.56, 0.10)
455.98: (-0.67, 0.74, 0.06)
456.09: (-0.38, 0.92, 0.07)
456.19: (-0.03, 0.97, 0.23)
456.31: (0.14, 0.84, 0.52)
456.41: (0.31, 0.71, 0.63)
456.53: (0.33, 0.73, 0.60)
456.63: (0.33, 0.76, 0.56)
456.63: (-0.19, -0.59, -0.78): 0
456.64: (0.33, 0.76, 0.56)
456.76: (0.39, 0.71, 0.59)
456.86: (0.63, 0.50, 0.60)
456.98: (0.70, 0.35, 0.62)
457.09: (0.70, 0.35, 0.62)
457.19: (0.69, 0.37, 0.62)
457.31: (0.67, 0.38, 0.64)
457.43: (0.84, -0.27, 0.48)
457.54: (0.80, -0.50, 0.33)
457.64: (0.72, -0.65, 0.26)
457.76: (0.54, -0.83, 0.13)
457.87: (0.35, -0.91, 0.22)
457.98: (0.02, -1.00, 0.05)
458.09: (-0.30, -0.90, -0.31)
458.21: (-0.43, -0.73, -0.54)
458.32: (-0.45, -0.62, -0.64)
458.44: (-0.30, -0.63, -0.72)
458.52: (-0.25, -0.62, -0.74)
458.52: (-0.37, 0.69, 0.62): 2
458.56: (-0.25, -0.62, -0.74)
458.67: (-0.26, -0.64, -0.72)
458.79: (-0.25, -0.67, -0.69)
458.89: (-0.19, -0.82, -0.54)
459.01: (0.08, -0.99, 0.07)
459.12: (0.43, -0.63, 0.65)
459.24: (0.58, -0.40, 0.71)
459.34: (0.62, -0.15, 0.77)
459.46: (0.46, 0.54, 0.70)
459.57: (0.41, 0.84, 0.36)
459.69: (0.64, 0.73, 0.24)
459.79: (0.46, 0.88, 0.10)
459.91: (0.07, 0.98, -0.21)
460.02: (-0.38, 0.80, -0.46)
460.14: (-0.73, 0.40, -0.56)
460.24: (-0.83, 0.15, -0.54)
460.36: (-0.93, -0.24, -0.30)
460.46: (-0.81, -0.57, -0.12)
460.56: (-0.55, -0.84, 0.01)
460.67: (-0.24, -0.93, 0.26)
460.79: (0.08, -0.88, 0.47)
460.91: (0.36, -0.63, 0.68)
461.01: (0.63, -0.21, 0.75)
461.12: (0.83, 0.21, 0.51)
461.22: (0.88, 0.39, 0.28)
461.34: (0.95, 0.24, 0.19)
461.46: (1.00, -0.02, 0.05)
461.56: (0.94, -0.33, -0.09)
461.67: (0.68, -0.69, -0.24)
461.79: (0.29, -0.95, -0.11)
461.91: (-0.09, -0.97, 0.21)
462.02: (-0.50, -0.80, 0.33)
462.12: (-0.74, -0.62, 0.26)
462.24: (-0.91, -0.18, 0.37)
462.36: (-0.90, 0.16, 0.41)
462.47: (-0.83, 0.45, 0.33)
462.57: (-0.67, 0.67, 0.33)
462.69: (-0.47, 0.70, 0.54)
462.81: (-0.40, 0.68, 0.61)
462.81: (-0.67, 0.50, -0.55): 1
462.81: (-0.40, 0.68, 0.61)
462.92: (-0.37, 0.70, 0.61)
463.04: (0.01, 0.77, 0.64)
463.16: (0.22, 0.73, 0.65)
463.26: (0.54, 0.59, 0.60)
463.37: (0.94, 0.08, 0.33)
463.47: (0.99, -0.14, 0.08)
463.59: (0.99, -0.14, -0.09)
463.71: (0.80, -0.44, -0.42)
463.81: (0.54, -0.64, -0.55)
463.92: (0.45, -0.61, -0.65)
464.04: (0.20, -0.65, -0.74)
464.16: (-0.30, -0.72, -0.62)
464.27: (-0.69, -0.63, -0.35)
464.39: (-0.96, -0.23, -0.18)
464.51: (-0.99, -0.04, 0.11)
464.61: (-0.91, 0.17, 0.38)
464.72: (-0.83, 0.34, 0.45)
464.84: (-0.72, 0.39, 0.57)
464.96: (-0.43, 0.43, 0.79)
465.07: (0.01, 0.25, 0.97)
465.19: (0.45, -0.04, 0.89)
465.29: (0.79, -0.12, 0.61)
465.39: (0.91, -0.22, 0.35)
465.51: (0.91, -0.42, 0.05)
465.62: (0.80, -0.49, -0.35)
465.74: (0.59, -0.39, -0.71)
465.86: (0.27, -0.35, -0.90)
465.96: (-0.05, -0.30, -0.95)
466.07: (-0.23, 0.05, -0.97)
466.19: (-0.17, -0.02, -0.99)
466.31: (-0.17, -0.02, -0.99)
466.42: (-0.16, -0.02, -0.99)
466.52: (-0.42, 0.30, -0.86)
466.64: (-0.61, 0.49, -0.62)
466.76: (-0.62, 0.48, -0.62)
466.77: (-0.62, 0.47, -0.62)
466.77: (0.99, 0.15, 0.04): 1
466.86: (-0.62, 0.47, -0.62)
466.97: (-0.53, 0.66, -0.52)
467.09: (-0.33, 0.77, -0.55)
467.19: (0.08, 0.80, -0.59)
467.31: (0.28, 0.84, -0.46)
467.41: (0.48, 0.85, -0.24)
467.51: (0.69, 0.70, -0.16)
467.61: (0.88, 0.47, 0.02)
467.72: (0.86, 0.37, 0.35)
467.84: (0.88, 0.29, 0.38)
467.96: (0.95, 0.25, 0.17)
468.02: (0.97, 0.23, 0.10)
468.02: (0.91, -0.37, -0.18): 1
468.06: (0.97, 0.23, 0.10)
468.16: (0.98, 0.14, 0.15)
468.27: (0.92, -0.01, 0.40)
468.39: (0.94, -0.13, 0.30)
468.51: (0.97, -0.25, -0.02)
468.61: (0.94, -0.30, -0.16)
468.61: (0.75, -0.65, -0.08): 1
468.61: (0.94, -0.30, -0.16)
468.72: (0.91, -0.35, -0.23)
468.84: (0.82, -0.46, -0.33)
468.96: (0.69, -0.70, -0.17)
469.02: (0.68, -0.73, -0.11)
469.02: (0.97, 0.18, -0.14): 0
469.06: (0.68, -0.72, -0.11)
469.16: (0.70, -0.70, -0.12)
469.27: (0.69, -0.72, -0.12)
469.39: (0.59, -0.77, -0.23)
469.51: (0.43, -0.64, -0.64)
469.62: (0.04, -0.13, -0.99)
469.74: (-0.49, 0.53, -0.69)
469.84: (-0.57, 0.77, -0.29)
469.96: (-0.42, 0.90, -0.06)
470.07: (-0.17, 0.95, 0.28)
470.17: (0.02, 0.86, 0.51)
470.29: (0.26, 0.65, 0.72)
470.41: (0.47, 0.41, 0.78)
470.51: (0.62, 0.04, 0.78)
470.62: (0.70, -0.44, 0.56)
470.74: (0.61, -0.77, 0.20)
470.86: (0.45, -0.87, -0.19)
470.97: (0.43, -0.76, -0.49)
471.07: (0.49, -0.59, -0.64)
471.19: (0.52, -0.31, -0.80)
471.31: (0.56, 0.05, -0.83)
471.42: (0.62, 0.43, -0.65)
471.54: (0.67, 0.58, -0.47)
471.66: (0.89, 0.31, -0.34)
471.76: (0.97, 0.16, -0.16)
471.86: (0.99, 0.15, -0.07)
471.86: (0.48, 0.71, -0.51): 1
471.86: (0.99, 0.15, -0.07)
471.97: (1.00, 0.09, -0.02)
472.09: (0.99, -0.11, 0.12)
472.21: (0.96, -0.16, 0.21)
472.31: (0.94, -0.04, 0.34)
472.42: (0.81, -0.06, 0.58)
472.54: (0.54, 0.00, 0.84)
472.66: (0.11, 0.19, 0.98)
472.77: (-0.32, 0.19, 0.93)
472.89: (-0.70, 0.03, 0.71)
473.01: (-0.95, -0.01, 0.33)
473.12: (-1.00, -0.01, -0.08)
473.24: (-0.93, -0.15, -0.32)
473.35: (-0.76, -0.40, -0.51)
473.47: (-0.47, -0.56, -0.68)
473.59: (-0.22, -0.78, -0.59)
473.70: (0.04, -0.97, -0.26)
473.82: (0.17, -0.98, 0.13)
473.94: (0.27, -0.81, 0.53)
474.05: (0.27, -0.53, 0.81)
474.15: (0.19, -0.17, 0.97)
474.27: (0.06, 0.32, 0.94)
474.39: (-0.23, 0.67, 0.71)
474.50: (-0.50, 0.83, 0.25)
474.62: (-0.63, 0.69, -0.35)
474.74: (-0.49, 0.22, -0.84)
474.85: (-0.27, -0.03, -0.96)
474.95: (-0.10, -0.16, -0.98)
475.07: (0.23, -0.37, -0.90)
475.19: (0.50, -0.58, -0.65)
475.30: (0.70, -0.66, -0.29)
475.40: (0.80, -0.60, 0.05)
475.52: (0.77, -0.49, 0.40)
475.62: (0.60, -0.44, 0.67)
475.74: (0.14, -0.53, 0.84)
475.85: (-0.35, -0.69, 0.63)
475.97: (-0.76, -0.64, 0.12)
476.07: (-0.84, -0.45, -0.29)
476.19: (-0.72, -0.14, -0.68)
476.30: (-0.52, 0.11, -0.85)
476.42: (-0.32, 0.30, -0.90)
476.52: (0.09, 0.47, -0.88)
476.64: (0.50, 0.32, -0.80)
476.74: (0.74, 0.05, -0.67)
476.85: (0.77, 0.00, -0.64)
476.97: (0.68, 0.37, -0.63)
477.09: (0.59, 0.54, -0.60)
477.19: (0.56, 0.63, -0.54)
477.19: (-0.98, -0.17, -0.05): 1
477.19: (0.56, 0.63, -0.54)
477.30: (0.56, 0.61, -0.56)
477.40: (0.55, 0.43, -0.72)
477.50: (0.51, 0.18, -0.84)
477.62: (0.49, -0.07, -0.87)
477.74: (0.18, -0.71, -0.68)
477.85: (-0.09, -0.95, -0.30)
477.97: (-0.27, -0.96, 0.09)
478.09: (-0.21, -0.92, 0.33)
478.20: (-0.15, -0.82, 0.56)
478.32: (-0.10, -0.53, 0.84)
478.42: (0.04, -0.19, 0.98)
478.52: (0.17, 0.15, 0.97)
478.64: (0.28, 0.60, 0.75)
478.75: (0.25, 0.88, 0.40)
478.87: (0.17, 0.99, 0.00)
478.97: (0.06, 0.92, -0.40)
479.09: (-0.08, 0.64, -0.77)
479.20: (-0.23, 0.28, -0.93)
479.30: (-0.31, -0.04, -0.95)
479.42: (-0.46, -0.38, -0.80)
479.52: (-0.73, -0.35, -0.59)
479.62: (-0.92, -0.20, -0.33)
479.74: (-0.99, 0.09, 0.06)
479.85: (-0.98, 0.13, 0.17)
479.97: (-1.00, -0.09, 0.03)
480.02: (-0.99, -0.13, 0.01)
480.02: (-0.88, -0.42, -0.21): 0
480.09: (-0.99, -0.12, 0.03)
480.20: (-1.00, -0.05, 0.02)
480.30: (-1.00, 0.00, -0.02)
480.42: (-0.97, -0.16, -0.17)
480.54: (-0.90, -0.39, -0.21)
480.55: (-0.90, -0.39, -0.21)
480.55: (0.59, 0.49, -0.65): 0
480.64: (-0.92, -0.34, -0.18)
480.75: (-0.95, -0.29, -0.14)
480.87: (-0.95, -0.29, -0.11)
480.97: (-0.98, -0.17, -0.08)
481.09: (-0.99, 0.11, 0.00)
481.20: (-0.95, 0.22, 0.21)
481.32: (-0.91, 0.19, 0.37)
481.42: (-0.82, 0.34, 0.47)
481.54: (-0.65, 0.58, 0.49)
481.65: (-0.45, 0.82, 0.35)
481.77: (-0.18, 0.82, 0.55)
481.87: (-0.04, 0.67, 0.74)
481.99: (-0.12, 0.77, 0.63)
482.10: (-0.12, 0.77, 0.63)
482.22: (-0.06, 0.90, 0.43)
482.34: (0.15, 0.97, 0.19)
482.45: (0.04, 0.78, 0.62)
482.55: (-0.10, 0.65, 0.75)
482.67: (-0.29, 0.40, 0.87)
482.77: (-0.39, 0.02, 0.92)
482.89: (-0.49, -0.26, 0.83)
483.00: (-0.51, -0.58, 0.63)
483.12: (-0.30, -0.87, 0.39)
483.24: (-0.39, -0.90, 0.21)
483.35: (-0.30, -0.93, -0.19)
483.45: (-0.19, -0.85, -0.50)
483.57: (0.09, -0.69, -0.72)
483.67: (0.36, -0.65, -0.66)
483.79: (0.58, -0.70, -0.41)
483.89: (0.71, -0.69, -0.13)
483.99: (0.75, -0.64, 0.17)
484.10: (0.61, -0.59, 0.53)
484.22: (0.29, -0.63, 0.72)
484.32: (0.08, -0.60, 0.80)
484.44: (0.09, -0.30, 0.95)
484.55: (0.16, 0.06, 0.98)
484.65: (0.28, 0.36, 0.89)
484.77: (0.51, 0.46, 0.73)
484.89: (0.75, 0.45, 0.49)
485.00: (0.93, 0.37, 0.07)
485.10: (0.95, 0.32, 0.01)
485.20: (0.95, 0.32, 0.01)
485.30: (0.95, 0.32, 0.01)
485.42: (0.92, 0.37, -0.16)
485.54: (0.80, 0.42, -0.42)
485.65: (0.71, 0.47, -0.53)
485.77: (0.57, 0.50, -0.66)
485.79: (0.57, 0.50, -0.66)
485.79: (0.71, -0.68, -0.21): 0
485.87: (0.58, 0.46, -0.67)
485.99: (0.56, 0.29, -0.78)
486.10: (0.36, 0.22, -0.91)
486.22: (0.26, 0.11, -0.96)
486.34: (0.39, -0.07, -0.92)
486.44: (0.66, -0.13, -0.74)
486.55: (0.56, -0.32, -0.76)
486.67: (0.45, -0.58, -0.67)
486.79: (0.54, -0.75, -0.39)
486.90: (0.67, -0.74, -0.05)
487.02: (0.69, -0.72, -0.09)
487.14: (0.69, -0.72, -0.13)
487.20: (0.67, -0.72, -0.17)
487.20: (0.62, -0.38, -0.69): 0
487.25: (0.68, -0.72, -0.17)
487.37: (0.76, -0.64, -0.14)
487.49: (0.96, -0.29, 0.06)
487.60: (0.93, -0.31, -0.22)
487.70: (0.80, -0.33, -0.50)
487.80: (0.74, -0.33, -0.58)
487.89: (0.66, -0.33, -0.67)
487.89: (0.16, 0.40, 0.90): 0
487.92: (0.66, -0.33, -0.67)
488.04: (0.68, -0.33, -0.66)
488.15: (0.76, -0.13, -0.63)
488.25: (0.86, 0.09, -0.50)
488.37: (0.93, 0.33, -0.16)
488.47: (0.83, 0.56, 0.03)
488.59: (0.51, 0.82, 0.27)
488.70: (-0.10, 0.79, 0.61)
488.80: (-0.44, 0.51, 0.74)
488.92: (-0.52, 0.24, 0.82)
489.02: (-0.16, 0.25, 0.95)
489.14: (0.09, 0.30, 0.95)
489.22: (0.12, 0.35, 0.93)
489.22: (0.99, -0.06, 0.13): 2
489.25: (0.12, 0.35, 0.93)
489.37: (0.05, 0.30, 0.95)
489.47: (-0.14, 0.05, 0.99)
489.59: (-0.25, -0.21, 0.95)
489.70: (-0.34, -0.54, 0.77)
489.82: (-0.39, -0.83, 0.40)
489.93: (-0.29, -0.96, 0.01)
490.05: (-0.18, -0.97, -0.17)
490.15: (0.01, -0.92, -0.39)
490.25: (0.15, -0.77, -0.62)
490.37: (0.13, -0.82, -0.56)
490.48: (0.13, -0.82, -0.56)
490.60: (0.01, -0.90, -0.43)
490.72: (0.03, -0.58, -0.81)
490.83: (0.17, 0.06, -0.98)
490.95: (0.41, 0.32, -0.85)
491.05: (0.59, 0.43, -0.68)
491.17: (0.66, 0.67, -0.33)
491.28: (0.45, 0.88, 0.18)
491.40: (0.27, 0.74, 0.61)
491.50: (0.39, 0.42, 0.82)
491.60: (0.31, 0.10, 0.95)
491.72: (-0.38, -0.09, 0.92)
491.82: (-0.70, -0.08, 0.70)
491.93: (-0.89, 0.14, 0.43)
492.05: (-0.74, 0.66, 0.11)
492.17: (-0.24, 0.97, -0.04)
492.27: (0.15, 0.98, -0.12)
492.37: (0.40, 0.88, -0.26)
492.48: (0.40, 0.84, -0.36)
492.60: (0.40, 0.84, -0.36)
492.72: (0.40, 0.84, -0.36)
492.83: (0.37, 0.70, -0.62)
492.95: (0.22, 0.08, -0.97)
493.07: (0.03, -0.35, -0.94)
493.18: (-0.25, -0.60, -0.76)
493.30: (-0.52, -0.74, -0.42)
493.40: (-0.47, -0.86, -0.21)
493.52: (-0.23, -0.96, -0.16)
493.63: (0.09, -0.96, -0.25)
493.75: (0.49, -0.72, -0.49)
493.87: (0.66, -0.53, -0.53)
493.98: (0.88, -0.39, -0.26)
494.10: (0.97, -0.11, 0.20)
494.20: (0.95, 0.11, 0.29)
494.32: (0.97, 0.10, 0.20)
494.43: (0.99, 0.02, 0.11)
494.43: (0.81, 0.54, 0.24): 0
494.43: (0.99, 0.02, 0.11)
494.55: (0.99, 0.06, 0.11)
494.67: (0.96, 0.27, -0.04)
494.78: (0.92, 0.38, 0.00)
494.88: (0.90, 0.42, 0.13)
494.92: (0.88, 0.44, 0.16)
494.92: (-1.00, -0.01, 0.09): 2
495.00: (0.87, 0.45, 0.17)
495.12: (0.79, 0.61, 0.10)
495.23: (0.63, 0.77, -0.08)
495.33: (0.49, 0.82, -0.30)
495.45: (0.14, 0.81, -0.57)
495.57: (-0.32, 0.62, -0.71)
495.68: (-0.69, 0.26, -0.67)
495.80: (-0.90, -0.16, -0.41)
495.90: (-0.86, -0.52, -0.02)
496.00: (-0.70, -0.70, 0.13)
496.12: (-0.70, -0.70, 0.13)
496.23: (-0.90, -0.42, -0.05)
496.35: (-0.99, -0.07, -0.09)
496.45: (-1.00, 0.04, -0.03)
496.48: (-1.00, 0.05, -0.03)
496.48: (0.36, -0.85, 0.38): 2
496.57: (-1.00, 0.01, 0.00)
496.68: (-0.96, -0.20, 0.17)
496.78: (-0.91, -0.29, 0.29)
496.90: (-0.70, -0.52, 0.49)
497.02: (-0.41, -0.74, 0.53)
497.12: (-0.10, -0.83, 0.56)
497.23: (0.28, -0.78, 0.56)
497.35: (0.38, -0.79, 0.47)
497.47: (0.34, -0.85, 0.40)
497.47: (0.44, 0.62, -0.65): 2
497.47: (0.34, -0.85, 0.40)
497.58: (0.41, -0.84, 0.36)
497.70: (0.63, -0.71, 0.31)
497.80: (0.77, -0.60, 0.24)
497.92: (0.92, -0.38, 0.07)
498.03: (0.92, -0.37, -0.07)
498.13: (0.92, -0.37, -0.07)
498.23: (0.84, -0.55, -0.03)
498.35: (0.78, -0.60, -0.19)
498.47: (0.76, -0.42, -0.50)
498.58: (0.66, -0.18, -0.73)
498.70: (0.56, 0.23, -0.79)
498.82: (0.41, 0.46, -0.78)
498.92: (0.47, 0.52, -0.71)
498.97: (0.48, 0.54, -0.69)
498.97: (0.97, 0.19, 0.11): 2
499.02: (0.48, 0.54, -0.69)
499.12: (0.40, 0.67, -0.63)
499.23: (0.25, 0.81, -0.53)
499.35: (0.06, 0.93, -0.37)
499.47: (-0.13, 0.98, -0.12)
499.58: (-0.34, 0.94, -0.05)
499.70: (-0.52, 0.85, -0.02)
499.80: (-0.70, 0.71, 0.13)
499.90: (-0.81, 0.55, 0.22)
500.02: (-0.84, 0.41, 0.35)
500.13: (-0.79, 0.35, 0.51)
500.23: (-0.66, 0.27, 0.70)
500.33: (-0.64, 0.23, 0.73)
500.45: (-0.64, 0.23, 0.73)
500.57: (-0.64, 0.23, 0.73)
500.68: (-0.51, 0.07, 0.86)
500.80: (-0.27, -0.27, 0.93)
500.90: (-0.30, -0.39, 0.87)
501.02: (-0.24, -0.62, 0.74)
501.13: (-0.08, -0.74, 0.66)
501.25: (0.01, -0.83, 0.56)
501.35: (0.02, -0.90, 0.43)
501.47: (0.06, -0.99, 0.14)
501.58: (0.25, -0.93, -0.25)
501.70: (0.37, -0.76, -0.53)
501.80: (0.32, -0.68, -0.66)
501.92: (0.16, -0.55, -0.82)
502.02: (0.00, -0.34, -0.94)
502.13: (0.08, -0.02, -1.00)
502.25: (0.52, -0.17, -0.84)
502.37: (0.75, -0.41, -0.52)
502.48: (0.86, -0.46, -0.24)
502.60: (0.91, -0.40, 0.11)
502.72: (0.91, -0.22, 0.35)
502.83: (0.98, -0.04, 0.17)
502.92: (0.99, 0.08, 0.14)
502.92: (0.97, -0.25, 0.04): 2
502.95: (0.99, 0.08, 0.14)
503.07: (0.97, 0.10, 0.21)
503.18: (0.96, 0.14, 0.23)
503.28: (0.98, -0.16, 0.13)
503.37: (0.97, -0.25, 0.02)
503.37: (0.56, -0.69, -0.46): 0
503.38: (0.97, -0.26, 0.02)
503.50: (0.98, -0.21, 0.05)
503.62: (1.00, -0.03, 0.05)
503.73: (0.93, -0.32, -0.19)
503.85: (0.64, -0.62, -0.45)
503.95: (0.56, -0.64, -0.52)
503.95: (0.93, -0.23, 0.30): 1
503.95: (0.56, -0.64, -0.52)
504.07: (0.56, -0.66, -0.50)
504.17: (0.44, -0.76, -0.47)
504.28: (0.04, -0.92, -0.39)
504.40: (-0.26, -0.91, -0.31)
504.50: (-0.67, -0.74, -0.05)
504.62: (-0.93, -0.31, 0.18)
504.72: (-0.95, 0.15, 0.26)
504.82: (-0.82, 0.51, 0.25)
504.93: (-0.62, 0.78, 0.10)
505.05: (-0.37, 0.93, -0.04)
505.15: (-0.08, 0.99, -0.10)
505.26: (-0.15, 0.95, -0.27)
505.37: (-0.46, 0.73, -0.50)
505.48: (-0.63, 0.31, -0.71)
505.60: (-0.63, -0.19, -0.75)
505.71: (-0.50, -0.68, -0.53)
505.83: (-0.29, -0.94, -0.18)
505.93: (-0.11, -0.99, 0.07)
506.05: (0.16, -0.92, 0.36)
506.16: (0.38, -0.76, 0.53)
506.28: (0.54, -0.48, 0.69)
506.40: (0.62, -0.16, 0.76)
506.50: (0.65, 0.13, 0.75)
506.60: (0.69, 0.27, 0.66)
506.71: (0.87, 0.05, 0.50)
506.83: (0.92, -0.08, 0.39)
506.93: (0.94, -0.20, 0.28)
506.93: (1.00, -0.03, 0.00): 2
506.95: (0.94, -0.20, 0.28)
507.05: (0.91, -0.23, 0.34)
507.16: (0.92, -0.28, 0.27)
507.28: (0.98, -0.21, 0.07)
507.36: (0.99, -0.10, 0.01)
507.36: (-0.98, 0.15, 0.08): 2
507.40: (0.99, -0.10, 0.01)
507.50: (0.99, -0.11, -0.01)
507.60: (1.00, -0.08, -0.05)
507.71: (0.96, -0.07, -0.26)
507.83: (0.83, -0.34, -0.45)
507.93: (0.54, -0.66, -0.53)
508.03: (0.08, -0.83, -0.55)
508.15: (-0.54, -0.77, -0.33)
508.26: (-0.94, -0.33, 0.09)
508.36: (-0.91, 0.07, 0.40)
508.48: (-0.65, 0.47, 0.59)
508.60: (-0.69, 0.57, 0.44)
508.70: (-0.84, 0.46, 0.30)
508.81: (-0.96, 0.22, 0.16)
508.85: (-0.97, 0.19, 0.15)
508.85: (0.95, -0.21, -0.23): 0
508.93: (-0.98, 0.17, 0.14)
509.05: (-0.97, 0.05, 0.22)
509.16: (-0.82, -0.12, 0.55)
509.26: (-0.66, -0.15, 0.73)
509.38: (-0.66, -0.15, 0.73)
509.50: (-0.66, -0.15, 0.73)
509.61: (-0.21, 0.03, 0.98)
509.73: (0.65, 0.52, 0.55)
509.85: (0.75, 0.64, -0.17)
509.96: (0.43, 0.56, -0.71)
510.08: (0.03, 0.34, -0.94)
510.18: (-0.31, 0.10, -0.94)
510.30: (-0.58, -0.07, -0.81)
510.40: (-0.67, -0.10, -0.73)
510.51: (-0.85, -0.12, -0.52)
510.61: (-0.97, -0.17, -0.19)
510.73: (-0.92, -0.32, 0.22)
510.85: (-0.83, -0.28, 0.47)
510.96: (-0.79, -0.07, 0.60)
511.06: (-0.82, 0.03, 0.56)
511.18: (-0.87, 0.06, 0.49)
511.28: (-0.87, 0.06, 0.49)
511.40: (-0.88, 0.06, 0.47)
511.51: (-0.84, 0.12, 0.54)
511.63: (-0.31, 0.11, 0.94)
511.75: (0.12, 0.06, 0.99)
511.86: (0.43, 0.11, 0.90)
511.98: (0.84, 0.05, 0.54)
512.10: (0.98, -0.18, 0.08)
512.21: (0.87, -0.34, -0.37)
512.31: (0.81, -0.33, -0.48)
512.43: (0.91, -0.23, -0.33)
512.50: (0.93, -0.21, -0.30)
512.50: (0.92, -0.38, 0.11): 2
512.55: (0.93, -0.21, -0.30)
512.66: (0.84, -0.32, -0.43)
512.78: (0.89, -0.39, -0.24)
512.90: (0.92, -0.38, 0.07)
512.93: (0.92, -0.38, 0.07)
512.93: (0.93, 0.33, -0.18): 2
513.01: (0.92, -0.38, 0.07)
513.13: (0.84, -0.49, 0.23)
513.25: (0.76, -0.54, 0.37)
513.35: (0.62, -0.35, 0.71)
513.46: (0.38, -0.36, 0.85)
513.58: (0.04, -0.62, 0.78)
513.68: (-0.38, -0.55, 0.74)
513.80: (-0.66, 0.02, 0.75)
513.91: (-0.60, 0.54, 0.59)
514.03: (-0.51, 0.81, 0.29)
514.15: (-0.30, 0.95, -0.01)
514.25: (-0.26, 0.96, -0.13)
514.36: (-0.23, 0.92, -0.31)
514.46: (0.04, 0.84, -0.54)
514.58: (0.35, 0.46, -0.81)
514.68: (0.46, -0.14, -0.88)
514.80: (0.56, -0.41, -0.72)
514.91: (0.78, -0.48, -0.40)
515.03: (0.97, -0.06, -0.24)
515.15: (0.93, 0.36, -0.08)
515.26: (0.90, 0.44, -0.03)
515.28: (0.90, 0.43, -0.03)
515.28: (-0.99, -0.15, -0.04): 0
515.36: (0.95, 0.31, -0.02)
515.48: (0.95, 0.30, -0.08)
515.58: (0.97, 0.25, -0.04)
515.70: (0.96, 0.11, 0.26)
515.81: (0.89, 0.18, 0.42)
515.93: (0.59, 0.17, 0.79)
516.05: (0.16, 0.02, 0.99)
516.15: (-0.17, -0.08, 0.98)
516.25: (-0.48, -0.10, 0.87)
516.36: (-0.78, -0.23, 0.58)
516.48: (-0.86, -0.39, 0.33)
516.58: (-0.83, -0.54, 0.16)
516.70: (-0.95, -0.30, 0.09)
516.81: (-0.99, -0.12, -0.02)
516.85: (-0.99, -0.12, -0.03)
516.85: (-0.37, -0.90, 0.22): 1
516.93: (-0.99, -0.14, -0.06)
517.05: (-0.94, -0.15, -0.29)
517.15: (-0.86, -0.13, -0.49)
517.26: (-0.68, -0.14, -0.72)
517.38: (-0.62, -0.15, -0.77)
517.50: (-0.62, -0.15, -0.77)
517.60: (-0.62, -0.15, -0.77)
517.71: (-0.56, -0.19, -0.81)
517.81: (-0.20, -0.34, -0.92)
517.93: (0.06, -0.43, -0.90)
518.05: (0.36, -0.38, -0.85)
518.16: (0.44, -0.35, -0.83)
518.28: (0.57, -0.27, -0.78)
518.38: (0.70, -0.18, -0.69)
518.50: (0.77, -0.29, -0.57)
518.61: (0.89, -0.22, -0.39)
518.71: (0.98, -0.02, -0.22)
518.81: (0.97, 0.20, -0.14)
518.93: (0.91, 0.41, 0.10)
519.03: (0.77, 0.49, 0.40)
519.13: (0.51, 0.68, 0.52)
519.25: (0.15, 0.71, 0.69)
519.36: (-0.22, 0.63, 0.75)
519.48: (-0.57, 0.40, 0.72)
519.60: (-0.81, 0.09, 0.59)
519.71: (-0.89, -0.17, 0.42)
519.83: (-0.94, -0.24, 0.24)
519.95: (-0.92, -0.35, -0.17)
520.05: (-0.77, -0.50, -0.39)
520.16: (-0.76, -0.65, -0.04)
520.26: (-0.71, -0.69, 0.15)
520.38: (-0.63, -0.75, 0.20)
520.50: (-0.65, -0.71, 0.27)
520.61: (-0.65, -0.71, 0.27)
520.71: (-0.65, -0.71, 0.27)
520.83: (-0.60, -0.71, 0.38)
520.95: (-0.45, -0.84, 0.31)
521.06: (-0.41, -0.86, 0.29)
521.06: (0.67, 0.60, 0.44): 0
521.06: (-0.41, -0.86, 0.29)
521.16: (-0.41, -0.86, 0.29)
521.26: (-0.41, -0.86, 0.32)
521.38: (-0.48, -0.77, 0.42)
521.49: (-0.85, -0.17, 0.50)
521.60: (-0.83, 0.34, 0.45)
521.71: (-0.43, 0.84, 0.34)
521.81: (0.14, 0.98, -0.09)
521.93: (0.52, 0.61, -0.60)
522.04: (0.54, -0.22, -0.81)
522.16: (0.18, -0.81, -0.56)
522.28: (0.16, -0.79, -0.59)
522.40: (0.16, -0.79, -0.59)
522.51: (0.16, -0.79, -0.59)
522.63: (0.23, -0.96, -0.14)
522.73: (0.01, -0.93, 0.37)
522.84: (-0.30, -0.57, 0.76)
522.96: (-0.57, -0.18, 0.80)
523.08: (-0.61, 0.39, 0.69)
523.19: (-0.48, 0.81, 0.34)
523.31: (-0.20, 0.95, -0.24)
523.43: (0.19, 0.65, -0.73)
523.53: (0.50, 0.17, -0.85)
523.63: (0.50, 0.17, -0.85)
523.74: (0.50, 0.17, -0.85)
523.86: (0.48, 0.24, -0.85)
523.98: (0.74, -0.19, -0.65)
524.08: (0.75, -0.64, -0.18)
524.19: (0.51, -0.85, 0.09)
524.31: (0.31, -0.90, -0.32)
524.43: (0.13, -0.52, -0.84)
524.54: (-0.08, -0.03, -1.00)
524.64: (-0.21, 0.36, -0.91)
524.76: (-0.32, 0.69, -0.65)
524.88: (-0.51, 0.80, -0.31)
524.99: (-0.65, 0.74, 0.17)
525.09: (-0.57, 0.54, 0.62)
525.19: (-0.39, 0.24, 0.89)
525.31: (-0.13, -0.21, 0.97)
525.43: (0.22, -0.64, 0.74)
525.54: (0.48, -0.83, 0.28)
525.66: (0.51, -0.81, -0.29)
525.78: (0.51, -0.40, -0.76)
525.89: (0.40, 0.04, -0.92)
525.99: (0.28, 0.22, -0.94)
526.11: (0.55, -0.03, -0.84)
526.23: (0.79, -0.40, -0.46)
526.34: (0.86, -0.46, 0.23)
526.46: (0.54, -0.27, 0.80)
526.58: (0.41, -0.35, 0.84)
526.69: (0.41, -0.35, 0.84)
526.81: (0.41, -0.35, 0.84)
526.91: (0.19, -0.12, 0.97)
527.03: (-0.15, 0.70, 0.70)
527.14: (-0.20, 0.98, 0.01)
527.26: (-0.10, 0.81, -0.58)
527.38: (0.05, 0.75, -0.66)
527.49: (0.28, 0.95, -0.15)
527.61: (0.33, 0.93, 0.13)
527.73: (0.32, 0.85, 0.41)
527.84: (0.41, 0.73, 0.55)
527.96: (0.62, 0.62, 0.48)
527.99: (0.63, 0.62, 0.48)
527.99: (0.56, 0.63, -0.54): 0
528.08: (0.62, 0.62, 0.49)
528.19: (0.61, 0.67, 0.42)
528.31: (0.58, 0.72, 0.38)
528.43: (0.53, 0.68, 0.50)
528.53: (0.71, 0.68, 0.17)
528.64: (0.76, 0.60, -0.25)
528.76: (0.66, 0.45, -0.60)
528.88: (0.62, 0.38, -0.68)
528.99: (0.62, 0.53, -0.58)
529.06: (0.60, 0.58, -0.55)
529.06: (-0.62, -0.78, 0.14): 2
529.11: (0.60, 0.58, -0.55)
529.21: (0.56, 0.49, -0.67)
529.33: (0.51, 0.28, -0.82)
529.44: (0.55, 0.15, -0.82)
529.56: (0.46, -0.19, -0.87)
529.66: (0.31, -0.36, -0.88)
529.76: (0.31, -0.36, -0.88)
529.88: (0.38, -0.24, -0.89)
529.99: (0.53, 0.06, -0.85)
530.09: (0.24, -0.46, -0.86)
530.19: (0.05, -0.72, -0.69)
530.31: (0.11, -0.79, -0.60)
530.41: (-0.01, -0.92, -0.40)
530.53: (-0.17, -0.99, -0.01)
530.64: (0.07, -0.99, 0.13)
530.76: (-0.04, -0.98, 0.20)
530.86: (-0.35, -0.92, 0.19)
530.98: (-0.55, -0.82, 0.18)
530.98: (0.59, 0.65, -0.49): 1
530.98: (-0.55, -0.82, 0.18)
531.09: (-0.55, -0.81, 0.20)
531.21: (-0.65, -0.69, 0.31)
531.33: (-0.66, -0.58, 0.49)
531.44: (-0.47, -0.59, 0.65)
531.56: (-0.22, -0.57, 0.79)
531.68: (-0.01, -0.40, 0.92)
531.78: (0.14, -0.27, 0.95)
531.88: (0.36, -0.25, 0.90)
531.99: (0.52, -0.18, 0.83)
532.11: (0.52, 0.04, 0.86)
532.21: (0.68, -0.06, 0.73)
532.33: (0.71, 0.21, 0.67)
532.44: (0.65, 0.53, 0.54)
532.56: (0.69, 0.64, 0.35)
532.68: (0.20, 0.91, 0.35)
532.79: (-0.13, 0.66, 0.74)
532.89: (-0.43, 0.35, 0.83)
533.01: (-0.72, 0.21, 0.66)
533.13: (-0.85, -0.06, 0.52)
533.23: (-0.88, -0.07, 0.48)
533.34: (-0.88, -0.07, 0.48)
533.44: (-0.88, -0.07, 0.48)
533.54: (-0.85, -0.15, 0.51)
533.66: (-0.93, -0.36, -0.01)
533.78: (-0.92, -0.12, -0.38)
533.89: (-0.69, 0.06, -0.72)
534.01: (-0.47, 0.09, -0.88)
534.13: (-0.29, 0.33, -0.90)
534.23: (0.07, 0.48, -0.88)
534.34: (0.33, 0.58, -0.74)
534.46: (0.54, 0.60, -0.59)
534.56: (0.54, 0.62, -0.57)
534.58: (0.54, 0.62, -0.57)
534.58: (0.91, 0.20, -0.36): 1
534.68: (0.57, 0.62, -0.54)
534.79: (0.68, 0.61, -0.41)
534.89: (0.82, 0.46, -0.33)
534.99: (0.89, 0.28, -0.35)
535.04: (0.90, 0.24, -0.36)
535.04: (0.26, 0.08, 0.96): 1
535.11: (0.91, 0.23, -0.35)
535.23: (0.95, 0.15, -0.26)
535.34: (0.99, 0.09, -0.09)
535.46: (0.97, 0.12, 0.19)
535.58: (0.84, 0.25, 0.48)
535.68: (0.59, 0.44, 0.67)
535.79: (0.15, 0.44, 0.88)
535.91: (0.05, 0.20, 0.98)
536.03: (0.24, 0.01, 0.97)
536.06: (0.24, 0.01, 0.97)
536.06: (-0.87, -0.31, -0.39): 0
536.14: (0.24, -0.01, 0.97)
536.24: (0.24, -0.13, 0.96)
536.36: (0.20, -0.19, 0.96)
536.48: (0.20, -0.19, 0.96)
536.59: (0.20, -0.19, 0.96)
536.69: (0.45, -0.04, 0.89)
536.81: (0.54, -0.44, 0.72)
536.92: (-0.25, -0.90, 0.34)
537.03: (-0.61, -0.79, 0.05)
537.14: (-0.71, -0.68, -0.19)
537.24: (-0.70, -0.62, -0.34)
537.36: (-0.79, -0.50, -0.34)
537.47: (-0.85, -0.35, -0.39)
537.47: (0.16, 0.00, -0.99): 2
537.47: (-0.85, -0.35, -0.39)
537.59: (-0.86, -0.25, -0.44)
537.69: (-0.88, -0.17, -0.45)
537.81: (-0.91, -0.02, -0.41)
537.92: (-0.86, 0.34, -0.39)
538.04: (-0.61, 0.71, -0.36)
538.16: (-0.43, 0.87, -0.23)
538.27: (-0.29, 0.95, -0.06)
538.37: (0.01, 1.00, 0.04)
538.49: (0.21, 0.96, 0.18)
538.61: (0.28, 0.87, 0.40)
538.72: (0.48, 0.73, 0.49)
538.84: (0.67, 0.50, 0.55)
538.96: (0.70, 0.45, 0.55)
539.06: (0.70, 0.45, 0.55)
539.17: (0.69, 0.46, 0.55)
539.27: (0.71, 0.46, 0.54)
539.39: (0.96, -0.16, 0.21)
539.51: (0.88, -0.44, 0.17)
539.62: (0.69, -0.71, 0.13)
539.72: (0.47, -0.88, -0.08)
539.84: (0.21, -0.97, -0.15)
539.96: (-0.22, -0.93, -0.28)
540.07: (-0.40, -0.89, -0.20)
540.19: (-0.73, -0.55, -0.40)
540.31: (-0.88, -0.34, -0.33)
540.42: (-0.98, 0.03, -0.20)
540.54: (-0.91, 0.41, -0.06)
540.64: (-0.68, 0.73, 0.01)
540.76: (-0.44, 0.89, 0.12)
540.86: (-0.14, 0.97, 0.18)
540.96: (0.01, 1.00, -0.09)
541.07: (-0.02, 0.81, -0.59)
541.19: (-0.01, 0.37, -0.93)
541.31: (0.04, -0.08, -1.00)
541.42: (-0.07, -0.35, -0.93)
541.54: (0.06, -0.16, -0.99)
541.64: (0.11, -0.07, -0.99)
541.64: (-0.98, 0.17, -0.04): 1
541.66: (0.11, -0.08, -0.99)
541.77: (0.00, -0.14, -0.99)
541.89: (-0.15, -0.14, -0.98)
542.01: (-0.03, -0.23, -0.97)
542.12: (-0.36, -0.35, -0.86)
542.24: (-0.89, -0.34, -0.31)
542.36: (-0.96, -0.07, 0.29)
542.47: (-0.71, 0.17, 0.69)
542.57: (-0.72, 0.25, 0.65)
542.67: (-0.90, 0.26, 0.34)
542.79: (-0.96, 0.20, 0.21)
542.91: (-0.97, 0.16, 0.18)
543.02: (-0.96, 0.27, 0.01)
543.04: (-0.96, 0.27, -0.03)
543.04: (0.50, -0.37, -0.78): 2
543.14: (-0.96, 0.25, -0.13)
543.24: (-0.92, 0.40, 0.05)
543.36: (-0.71, 0.66, 0.27)
543.47: (-0.45, 0.77, 0.45)
543.57: (-0.17, 0.80, 0.58)
543.69: (0.32, 0.71, 0.63)
543.81: (0.77, 0.48, 0.42)
543.92: (0.99, 0.14, 0.01)
544.04: (0.94, -0.11, -0.33)
544.14: (0.76, -0.27, -0.59)
544.26: (0.37, -0.40, -0.84)
544.37: (0.23, -0.35, -0.91)
544.47: (0.41, -0.30, -0.86)
544.52: (0.41, -0.30, -0.86)
544.52: (-0.87, -0.11, 0.47): 1
544.59: (0.41, -0.32, -0.85)
544.71: (0.28, -0.50, -0.82)
544.82: (-0.08, -0.61, -0.79)
544.92: (-0.42, -0.58, -0.70)
545.04: (-0.75, -0.48, -0.45)
545.16: (-0.97, -0.23, -0.08)
545.27: (-0.98, 0.14, 0.11)
545.39: (-0.88, 0.45, 0.18)
545.51: (-0.92, 0.22, 0.32)
545.62: (-0.89, -0.02, 0.46)
545.69: (-0.87, -0.14, 0.46)
545.69: (-0.75, 0.39, 0.52): 0
545.74: (-0.86, -0.15, 0.48)
545.86: (-0.78, -0.18, 0.61)
545.97: (-0.51, -0.12, 0.85)
546.07: (-0.49, 0.27, 0.83)
546.19: (-0.64, 0.47, 0.61)
546.29: (-0.69, 0.52, 0.51)
546.29: (-0.95, 0.26, -0.16): 0
546.31: (-0.69, 0.52, 0.51)
546.42: (-0.70, 0.51, 0.50)
546.52: (-0.80, 0.47, 0.37)
546.64: (-0.94, 0.34, 0.02)
546.76: (-0.97, 0.18, -0.17)
546.81: (-0.97, 0.17, -0.18)
546.81: (0.39, -0.11, -0.91): 2
546.86: (-0.97, 0.17, -0.18)
546.97: (-0.96, 0.05, -0.27)
547.07: (-0.90, -0.16, -0.40)
547.19: (-0.71, -0.36, -0.60)
547.31: (-0.35, -0.53, -0.77)
547.42: (0.13, -0.60, -0.79)
547.52: (0.56, -0.50, -0.66)
547.64: (0.81, -0.24, -0.53)
547.76: (0.72, -0.07, -0.69)
547.86: (0.52, -0.09, -0.85)
547.96: (0.44, -0.10, -0.89)
547.96: (-0.19, 0.98, -0.02): 0
547.97: (0.44, -0.10, -0.89)
548.09: (0.51, -0.08, -0.85)
548.21: (0.72, 0.01, -0.69)
548.32: (0.80, 0.13, -0.58)
548.44: (0.87, 0.28, -0.39)
548.56: (0.88, 0.45, -0.14)
548.66: (0.81, 0.57, 0.13)
548.77: (0.66, 0.62, 0.43)
548.89: (0.45, 0.61, 0.65)
549.01: (0.20, 0.54, 0.82)
549.12: (-0.06, 0.39, 0.92)
549.24: (-0.26, 0.17, 0.95)
549.34: (0.01, -0.13, 0.99)
549.46: (0.52, -0.42, 0.74)
549.56: (0.80, -0.46, 0.39)
549.67: (0.99, 0.10, 0.12)
549.79: (0.53, 0.82, -0.19)
549.89: (-0.31, 0.91, -0.27)
550.01: (-0.87, 0.45, -0.21)
550.12: (-0.95, 0.29, -0.08)
550.24: (-0.69, 0.72, -0.08)
550.36: (-0.37, 0.93, -0.03)
550.46: (-0.28, 0.96, -0.03)
550.46: (0.97, -0.12, 0.21): 0
550.47: (-0.28, 0.96, -0.03)
550.57: (-0.29, 0.96, -0.01)
550.69: (-0.50, 0.87, 0.03)
550.81: (-0.83, 0.55, 0.11)
550.91: (-0.97, 0.20, 0.10)
551.02: (-0.98, -0.21, -0.02)
551.14: (-0.80, -0.54, -0.26)
551.24: (-0.53, -0.72, -0.45)
551.36: (-0.11, -0.80, -0.59)
551.47: (0.35, -0.70, -0.63)
551.59: (0.69, -0.48, -0.54)
551.71: (0.89, -0.27, -0.37)
551.81: (0.99, -0.01, -0.15)
551.91: (0.98, 0.18, 0.03)
552.02: (0.99, 0.01, 0.12)
552.14: (0.98, -0.11, 0.18)
552.16: (0.98, -0.11, 0.18)
552.16: (0.72, -0.55, 0.42): 2
552.24: (0.99, -0.07, 0.15)
552.36: (1.00, 0.00, -0.06)
552.47: (1.00, -0.08, -0.05)
552.57: (0.86, -0.39, 0.32)
552.69: (0.70, -0.52, 0.50)
552.74: (0.69, -0.53, 0.49)
552.74: (-0.16, -0.98, 0.10): 1
552.79: (0.70, -0.53, 0.48)
552.91: (0.77, -0.53, 0.36)
553.01: (0.70, -0.61, 0.37)
553.12: (0.44, -0.73, 0.53)
553.22: (0.21, -0.78, 0.59)
553.34: (-0.13, -0.76, 0.64)
553.44: (-0.42, -0.65, 0.63)
553.56: (-0.59, -0.68, 0.43)
553.67: (-0.28, -0.95, 0.16)
553.79: (-0.04, -1.00, 0.09)
553.81: (-0.04, -1.00, 0.09)
553.81: (0.21, 0.55, 0.81): 2
553.91: (-0.04, -1.00, 0.08)
554.02: (0.13, -0.99, 0.01)
554.12: (0.36, -0.93, -0.10)
554.24: (0.32, -0.88, -0.35)
554.35: (0.21, -0.80, -0.56)
554.47: (0.19, -0.66, -0.73)
554.57: (0.15, -0.48, -0.87)
554.67: (-0.10, -0.40, -0.91)
554.79: (-0.42, -0.31, -0.85)
554.91: (-0.48, -0.09, -0.87)
555.02: (-0.30, 0.20, -0.93)
555.14: (-0.05, 0.51, -0.86)
555.25: (0.35, 0.64, -0.68)
555.37: (0.76, 0.45, -0.47)
555.47: (0.95, 0.12, -0.30)
555.59: (0.92, -0.37, -0.16)
555.69: (0.72, -0.69, -0.02)
555.80: (0.46, -0.86, 0.23)
555.92: (0.26, -0.84, 0.47)
556.02: (0.04, -0.75, 0.66)
556.14: (-0.21, -0.47, 0.86)
556.25: (-0.44, -0.22, 0.87)
556.37: (-0.64, 0.04, 0.77)
556.47: (-0.66, 0.38, 0.65)
556.59: (-0.45, 0.71, 0.54)
556.70: (-0.21, 0.92, 0.32)
556.82: (-0.27, 0.96, 0.12)
556.94: (-0.46, 0.88, -0.13)
557.04: (-0.61, 0.74, -0.29)
557.14: (-0.72, 0.57, -0.40)
557.25: (-0.85, 0.30, -0.44)
557.37: (-0.88, 0.12, -0.45)
557.49: (-0.90, -0.16, -0.39)
557.60: (-0.88, -0.41, -0.21)
557.72: (-0.80, -0.60, -0.07)
557.84: (-0.65, -0.75, 0.14)
557.95: (-0.41, -0.82, 0.41)
558.07: (-0.14, -0.77, 0.63)
558.19: (0.08, -0.63, 0.78)
558.30: (0.15, -0.50, 0.85)
558.42: (0.20, -0.24, 0.95)
558.52: (0.22, 0.04, 0.98)
558.64: (0.17, 0.35, 0.92)
558.75: (0.21, 0.54, 0.81)
558.85: (0.23, 0.53, 0.81)
558.85: (0.36, -0.03, 0.93): 0
558.85: (0.23, 0.53, 0.81)
558.97: (0.22, 0.55, 0.81)
559.09: (0.19, 0.68, 0.71)
559.20: (0.29, 0.48, 0.83)
559.32: (0.33, 0.13, 0.94)
559.40: (0.34, 0.07, 0.94)
559.40: (-0.59, 0.22, 0.78): 2
559.44: (0.33, 0.06, 0.94)
559.55: (0.31, 0.08, 0.95)
559.67: (0.29, 0.30, 0.91)
559.77: (0.24, 0.58, 0.78)
559.89: (0.21, 0.81, 0.55)
559.99: (0.15, 0.97, 0.19)
560.10: (0.09, 0.96, -0.27)
560.20: (-0.03, 0.73, -0.69)
560.32: (-0.14, 0.46, -0.88)
560.44: (-0.23, 0.30, -0.93)
560.54: (-0.30, 0.10, -0.95)
560.65: (-0.29, -0.20, -0.94)
560.77: (-0.26, -0.57, -0.78)
560.89: (-0.31, -0.80, -0.51)
561.00: (-0.38, -0.91, -0.16)
561.12: (-0.33, -0.92, 0.21)
561.24: (-0.07, -0.84, 0.53)
561.34: (0.16, -0.60, 0.79)
561.45: (0.30, -0.22, 0.93)
561.57: (0.50, -0.10, 0.86)
561.69: (0.85, -0.23, 0.47)
561.79: (0.94, -0.34, -0.06)
561.89: (0.84, -0.28, -0.47)
562.00: (0.74, -0.15, -0.66)
562.12: (0.51, -0.38, -0.77)
562.22: (0.16, -0.65, -0.75)
562.34: (-0.46, -0.74, -0.49)
562.45: (-0.82, -0.58, -0.04)
562.55: (-0.81, -0.54, 0.21)
562.67: (-0.73, -0.40, 0.56)
562.77: (-0.67, -0.30, 0.68)
562.89: (-0.45, -0.39, 0.81)
562.99: (-0.40, -0.31, 0.86)
563.10: (-0.49, -0.10, 0.87)
563.22: (-0.55, 0.05, 0.83)
563.34: (-0.58, 0.30, 0.75)
563.35: (-0.59, 0.32, 0.74)
END