3/27/2023 3:08:22 PM
Mode: Default
White time (s): [1.849701, 3.582794, 2.765961, 4.499176, 8.381683, 1.349762, 1.982666, 1.399506, 0.9500122, 2.799866, 2.982391, 1.366425, 11.0311, 5.365509, 1.216034, 5.299072, 1.483154, 1.349487, 2.216492, 0.6663208, 1.18335, 1.449768, 3.082642, 1.699341, 1.849609, 1.616089, 1.133362, 1.000122, 1.666443, 8.648376]
Shot time (s): [1.649902, 1.916199, 4.532227, 3.149384, 0.8329773, 1.716461, 1.94928, 2.433075, 1.249847, 2.766357, 2.09964, 1.000061, 4.249023, 2.599335, 1.916748, 1.199707, 0.8667603, 2.232849, 2.366638, 2.9328, 0.9326782, 2.149414, 1.416687, 0.7329102, 8.465027, 2.49939, 1.132813, 2.016235, 0.9998779, 4.382446]
Step time (s): [0.7330322, 1.549957, 0.9497986, 3.699219, 2.282928, 4.282776, 2.232513, 0.7331238, 1.965912, 2.015991, 6.648499, 2.582703, 1.549622, 2.132935, 2.499481, 3.132507, 1.116333, 1.399658, 1.866272, 0.7327271, 1.116699, 1.216553, 2.332947, 2.849487, 5.282288, 2.76593, 1.949768, 3.465698, 3.398926, 2.999573]
White horz (deg): [26.88498, 209.5701, 233.3199, 423.9852, 799.0444, 78.94497, 93.47997, 123.595, 19.18999, 229.805, 228.5699, 98.13497, 1362.966, 478.99, 92.90997, 639.9199, 156.7499, 123.12, 212.23, 19.85499, 139.46, 100.985, 348.4599, 127.585, 132.3349, 145.54, 103.17, 83.97997, 136.0399, 733.304]
Shot horz (deg): [187.15, 211.3749, 673.8349, 54.14999, 5.699996, 83.12497, 156.6549, 174.8, 119.795, 215.84, 182.495, 46.73998, 467.4949, 132.525, 110.0099, 139.08, 55.19497, 221.4449, 277.4001, 361.76, 101.46, 221.73, 110.39, 47.68998, 869.8197, 198.55, 91.38995, 207.0049, 70.48997, 417.7152]
Step horz (deg): [28.30998, 114.7599, 9.689997, 413.5349, 247.9499, 410.2103, 166.725, 18.52499, 107.065, 165.87, 684.1896, 231.3249, 168.0549, 154.565, 243.6749, 408.8799, 35.43499, 168.53, 122.835, 41.41999, 37.71498, 111.34, 292.505, 313.0249, 345.515, 188.5749, 199.31, 404.7951, 381.235, 194.9401]
White vert (deg): [9.689995, 95.94998, 60.13497, 153.9002, 362.5203, 40.56498, 93.76498, 29.54498, 34.96, 85.78497, 34.57999, 44.36498, 540.4561, 249.945, 54.81496, 253.9351, 42.93998, 51.01498, 59.94498, 26.21999, 17.47999, 91.48497, 148.1051, 17.85999, 54.14998, 78.56498, 47.97499, 37.335, 49.20998, 293.7402]
Shot vert (deg): [37.33498, 59.84997, 154.6599, 96.61499, 17.28999, 52.15497, 33.34498, 76.66501, 41.79998, 48.92498, 88.44498, 34.76999, 116.28, 105.925, 43.31997, 45.78997, 3.989998, 66.87997, 118.75, 103.835, 13.10999, 78.56498, 61.27497, 25.55499, 244.7202, 58.99498, 48.73499, 85.30998, 25.55499, 166.82]
Step vert (deg): [31.44499, 40.08998, 7.979996, 107.635, 83.02997, 291.175, 85.21498, 27.07498, 46.73998, 44.36499, 264.2902, 119.51, 32.29998, 60.70497, 50.15999, 139.1751, 45.97998, 22.70499, 101.175, 10.545, 58.99496, 15.29499, 71.91497, 129.39, 162.2602, 82.45995, 121.8849, 321.385, 181.7351, 111.15]

Time in sec: camera forward versor
Time in sec: target versor: sound type (0 = White, 1 = Shot, 2 = Step)
START
383.77: (0.02, 0.57, -0.82): 0
383.77: (-0.26, 0.38, -0.89)
383.89: (-0.26, 0.38, -0.89)
383.99: (-0.26, 0.38, -0.89)
384.09: (-0.26, 0.38, -0.89)
384.19: (-0.26, 0.38, -0.89)
384.31: (-0.26, 0.38, -0.89)
384.41: (-0.26, 0.38, -0.89)
384.52: (-0.26, 0.38, -0.89)
384.64: (-0.15, 0.39, -0.91)
384.76: (0.12, 0.42, -0.90)
384.87: (0.13, 0.43, -0.89)
384.99: (0.12, 0.46, -0.88)
385.09: (0.07, 0.49, -0.87)
385.21: (0.05, 0.53, -0.85)
385.32: (0.05, 0.54, -0.84)
385.42: (0.05, 0.54, -0.84)
385.54: (0.05, 0.54, -0.84)
385.62: (0.05, 0.54, -0.84)
385.62: (0.19, -0.09, 0.98): 1
385.66: (0.05, 0.54, -0.84)
385.76: (0.05, 0.54, -0.84)
385.87: (0.05, 0.54, -0.84)
385.97: (0.05, 0.54, -0.84)
386.09: (0.05, 0.54, -0.84)
386.21: (0.23, 0.52, -0.82)
386.31: (0.90, 0.23, -0.37)
386.42: (0.99, 0.11, -0.12)
386.54: (1.00, 0.04, -0.02)
386.66: (0.85, -0.26, 0.46)
386.76: (0.39, -0.46, 0.80)
386.86: (0.06, -0.47, 0.88)
386.97: (-0.04, -0.43, 0.90)
387.09: (0.07, -0.29, 0.96)
387.19: (0.12, -0.21, 0.97)
387.27: (0.12, -0.21, 0.97)
387.27: (0.34, 0.78, -0.53): 1
387.31: (0.12, -0.20, 0.97)
387.41: (0.14, -0.17, 0.98)
387.52: (0.14, -0.17, 0.98)
387.64: (0.14, -0.17, 0.98)
387.76: (0.14, -0.17, 0.98)
387.86: (0.14, -0.17, 0.98)
387.96: (0.44, -0.26, 0.86)
388.07: (0.91, -0.23, 0.35)
388.19: (0.98, -0.12, -0.15)
388.31: (0.91, 0.00, -0.42)
388.42: (0.77, 0.15, -0.63)
388.54: (0.36, 0.34, -0.87)
388.64: (0.07, 0.39, -0.92)
388.74: (-0.04, 0.45, -0.89)
388.84: (0.22, 0.64, -0.74)
388.96: (0.43, 0.75, -0.50)
389.07: (0.39, 0.74, -0.55)
389.17: (0.33, 0.74, -0.58)
389.19: (0.33, 0.74, -0.58)
389.19: (0.09, 0.48, -0.87): 2
389.29: (0.33, 0.74, -0.58)
389.39: (0.36, 0.73, -0.59)
389.51: (0.40, 0.63, -0.66)
389.62: (0.18, 0.48, -0.86)
389.74: (0.05, 0.45, -0.89)
389.86: (0.10, 0.52, -0.85)
389.92: (0.10, 0.53, -0.84)
389.92: (0.74, -0.64, -0.21): 2
389.97: (0.10, 0.53, -0.84)
390.07: (0.12, 0.53, -0.84)
390.19: (0.26, 0.51, -0.82)
390.29: (0.34, 0.48, -0.81)
390.41: (0.38, 0.44, -0.81)
390.51: (0.42, 0.41, -0.81)
390.61: (0.52, 0.35, -0.78)
390.72: (0.82, 0.18, -0.54)
390.84: (0.95, 0.01, -0.31)
390.96: (0.98, -0.17, -0.06)
391.07: (0.95, -0.29, 0.13)
391.19: (0.92, -0.39, -0.08)
391.29: (0.82, -0.54, -0.19)
391.41: (0.80, -0.58, -0.15)
391.47: (0.80, -0.58, -0.15)
391.47: (0.97, 0.03, 0.22): 1
391.52: (0.80, -0.58, -0.15)
391.64: (0.81, -0.56, -0.15)
391.74: (0.82, -0.56, -0.16)
391.86: (0.84, -0.48, -0.26)
391.97: (0.79, -0.16, -0.59)
392.09: (0.54, 0.19, -0.82)
392.21: (0.23, 0.48, -0.85)
392.32: (-0.27, 0.70, -0.66)
392.44: (-0.50, 0.73, -0.47)
392.54: (-0.60, 0.72, -0.35)
392.64: (-0.71, 0.69, -0.14)
392.76: (-0.69, 0.71, -0.17)
392.87: (-0.01, 0.74, -0.67)
392.99: (0.58, 0.32, -0.75)
393.10: (0.78, -0.02, -0.62)
393.21: (0.84, -0.25, -0.48)
393.32: (0.83, -0.53, -0.19)
393.44: (0.70, -0.71, 0.11)
393.55: (0.48, -0.79, 0.37)
393.67: (0.28, -0.81, 0.52)
393.77: (0.22, -0.79, 0.57)
393.89: (0.17, -0.78, 0.60)
393.99: (0.07, -0.76, 0.64)
394.11: (-0.16, -0.65, 0.74)
394.22: (-0.42, -0.48, 0.77)
394.34: (-0.60, -0.24, 0.77)
394.45: (-0.65, -0.05, 0.76)
394.57: (-0.61, 0.09, 0.79)
394.67: (-0.60, 0.13, 0.79)
394.77: (-0.56, -0.03, 0.83)
394.89: (-0.47, -0.61, 0.64)
395.00: (-0.13, -0.92, 0.37)
395.12: (0.52, -0.86, 0.02)
395.24: (0.92, -0.30, -0.27)
395.34: (0.90, 0.22, -0.38)
395.45: (0.83, 0.41, -0.38)
395.55: (0.94, 0.32, -0.13)
395.65: (0.99, 0.14, 0.10)
395.77: (0.99, 0.11, 0.12)
395.89: (0.99, 0.09, 0.13)
395.99: (0.98, 0.02, 0.20)
396.00: (0.98, 0.02, 0.20)
396.00: (-0.44, 0.14, 0.89): 1
396.10: (0.98, 0.02, 0.21)
396.20: (0.98, 0.02, 0.21)
396.30: (0.98, 0.02, 0.21)
396.42: (0.98, 0.02, 0.19)
396.54: (0.98, 0.03, 0.18)
396.64: (0.98, 0.03, 0.18)
396.74: (0.98, 0.03, 0.18)
396.85: (0.98, 0.06, 0.18)
396.95: (0.97, 0.17, 0.20)
397.07: (0.95, 0.21, 0.24)
397.19: (0.86, 0.27, 0.43)
397.29: (0.73, 0.26, 0.63)
397.40: (0.59, 0.26, 0.76)
397.52: (0.50, 0.28, 0.82)
397.64: (0.44, 0.31, 0.84)
397.75: (0.38, 0.36, 0.85)
397.85: (0.32, 0.40, 0.86)
397.97: (0.27, 0.43, 0.86)
398.09: (0.22, 0.46, 0.86)
398.20: (0.19, 0.49, 0.85)
398.30: (0.15, 0.51, 0.85)
398.42: (0.07, 0.51, 0.85)
398.52: (0.00, 0.49, 0.87)
398.64: (-0.11, 0.46, 0.88)
398.75: (-0.22, 0.44, 0.87)
398.87: (-0.30, 0.39, 0.87)
398.99: (-0.37, 0.34, 0.86)
399.09: (-0.39, 0.28, 0.88)
399.15: (-0.40, 0.26, 0.88)
399.15: (-0.53, 0.00, 0.85): 1
399.20: (-0.40, 0.22, 0.89)
399.30: (-0.41, 0.20, 0.89)
399.42: (-0.40, 0.21, 0.89)
399.52: (-0.39, 0.21, 0.89)
399.64: (-0.43, 0.17, 0.89)
399.75: (-0.48, 0.10, 0.87)
399.87: (-0.51, 0.08, 0.85)
399.99: (-0.54, 0.03, 0.84)
399.99: (0.00, 0.77, 0.64): 1
399.99: (-0.54, 0.03, 0.84)
400.09: (-0.55, 0.02, 0.83)
400.19: (-0.55, 0.02, 0.83)
400.30: (-0.55, 0.02, 0.83)
400.40: (-0.55, 0.02, 0.83)
400.50: (-0.55, 0.02, 0.83)
400.62: (-0.55, 0.03, 0.83)
400.74: (-0.61, 0.22, 0.76)
400.85: (-0.64, 0.45, 0.62)
400.97: (-0.62, 0.57, 0.53)
401.09: (-0.56, 0.71, 0.43)
401.20: (-0.45, 0.85, 0.28)
401.32: (-0.36, 0.86, 0.35)
401.44: (-0.25, 0.80, 0.54)
401.55: (-0.12, 0.77, 0.63)
401.67: (0.01, 0.72, 0.69)
401.70: (0.03, 0.71, 0.70)
401.70: (-0.91, 0.37, -0.20): 0
401.77: (0.03, 0.71, 0.70)
401.87: (0.05, 0.67, 0.74)
401.99: (0.10, 0.54, 0.84)
402.10: (0.16, 0.41, 0.90)
402.22: (0.29, 0.23, 0.93)
402.34: (0.44, 0.07, 0.90)
402.45: (0.57, 0.09, 0.81)
402.57: (0.63, 0.15, 0.76)
402.67: (0.63, 0.15, 0.76)
402.77: (0.63, 0.15, 0.76)
402.89: (0.64, 0.16, 0.75)
403.00: (0.67, 0.25, 0.70)
403.10: (0.65, 0.44, 0.62)
403.20: (0.59, 0.63, 0.50)
403.32: (0.51, 0.76, 0.41)
403.44: (0.48, 0.84, 0.25)
403.55: (0.32, 0.95, 0.00)
403.67: (0.16, 0.97, -0.17)
403.79: (-0.02, 0.96, -0.29)
403.90: (-0.15, 0.90, -0.41)
404.00: (-0.26, 0.79, -0.56)
404.12: (-0.42, 0.63, -0.66)
404.22: (-0.48, 0.55, -0.68)
404.32: (-0.56, 0.47, -0.68)
404.44: (-0.66, 0.34, -0.67)
404.55: (-0.68, 0.35, -0.64)
404.67: (-0.68, 0.35, -0.64)
404.79: (-0.75, 0.37, -0.54)
404.90: (-0.83, 0.35, -0.44)
405.02: (-0.87, 0.33, -0.37)
405.14: (-0.91, 0.32, -0.26)
405.25: (-0.92, 0.31, -0.23)
405.29: (-0.92, 0.31, -0.23)
405.29: (0.52, -0.74, 0.43): 1
405.37: (-0.92, 0.31, -0.23)
405.47: (-0.92, 0.31, -0.23)
405.59: (-0.91, 0.32, -0.25)
405.70: (-0.90, 0.37, -0.23)
405.82: (-0.90, 0.37, -0.23)
405.94: (-0.90, 0.37, -0.24)
406.05: (-0.92, 0.28, -0.27)
406.17: (-0.95, -0.08, -0.31)
406.29: (-0.89, -0.22, -0.39)
406.40: (-0.84, -0.35, -0.42)
406.52: (-0.70, -0.62, -0.35)
406.64: (-0.40, -0.89, -0.22)
406.75: (-0.04, -1.00, -0.06)
406.85: (0.20, -0.98, 0.04)
406.97: (0.43, -0.88, 0.20)
407.09: (0.54, -0.77, 0.34)
407.20: (0.51, -0.75, 0.42)
407.24: (0.51, -0.75, 0.42)
407.24: (-0.03, 0.87, 0.48): 0
407.30: (0.51, -0.75, 0.42)
407.42: (0.50, -0.75, 0.42)
407.54: (0.50, -0.75, 0.42)
407.64: (0.50, -0.76, 0.42)
407.75: (0.50, -0.76, 0.41)
407.87: (0.61, -0.64, 0.47)
407.97: (0.81, -0.24, 0.53)
408.09: (0.82, -0.19, 0.55)
408.19: (0.82, -0.19, 0.55)
408.30: (0.82, -0.19, 0.55)
408.42: (0.82, -0.18, 0.54)
408.52: (0.87, 0.12, 0.48)
408.64: (0.85, 0.28, 0.45)
408.75: (0.78, 0.49, 0.40)
408.87: (0.51, 0.84, 0.16)
408.97: (0.11, 0.99, -0.08)
409.09: (-0.22, 0.95, -0.20)
409.20: (-0.46, 0.85, -0.26)
409.30: (-0.55, 0.82, -0.16)
409.42: (-0.56, 0.83, 0.06)
409.53: (-0.40, 0.89, 0.23)
409.65: (-0.14, 0.94, 0.32)
409.77: (-0.02, 0.90, 0.43)
409.88: (-0.11, 0.87, 0.49)
409.98: (-0.13, 0.87, 0.47)
410.00: (-0.13, 0.87, 0.47)
410.00: (0.29, -0.68, -0.68): 0
410.09: (-0.13, 0.87, 0.47)
410.20: (-0.12, 0.88, 0.46)
410.32: (-0.03, 0.91, 0.42)
410.43: (0.37, 0.91, 0.21)
410.55: (0.71, 0.69, -0.14)
410.65: (0.86, 0.45, -0.26)
410.77: (0.90, 0.28, -0.35)
410.87: (0.88, 0.16, -0.45)
410.98: (0.76, 0.13, -0.63)
411.10: (0.62, 0.19, -0.76)
411.20: (0.57, 0.24, -0.79)
411.32: (0.54, 0.26, -0.80)
411.43: (0.54, 0.26, -0.80)
411.55: (0.50, 0.25, -0.83)
411.65: (0.41, 0.30, -0.86)
411.77: (0.18, 0.52, -0.84)
411.88: (0.07, 0.62, -0.78)
412.00: (-0.03, 0.75, -0.66)
412.12: (-0.15, 0.82, -0.56)
412.22: (-0.34, 0.86, -0.38)
412.33: (-0.49, 0.87, -0.10)
412.45: (-0.55, 0.78, 0.30)
412.57: (-0.55, 0.78, 0.30)
412.68: (-0.55, 0.78, 0.30)
412.78: (-0.55, 0.78, 0.30)
412.88: (-0.43, 0.86, 0.28)
413.00: (-0.46, 0.81, 0.36)
413.12: (-0.51, 0.63, 0.59)
413.22: (-0.48, 0.42, 0.77)
413.33: (-0.45, 0.12, 0.88)
413.45: (-0.36, -0.25, 0.90)
413.57: (-0.19, -0.58, 0.79)
413.68: (0.05, -0.83, 0.56)
413.78: (0.21, -0.93, 0.29)
413.90: (0.33, -0.94, 0.01)
414.02: (0.45, -0.82, -0.35)
414.13: (0.47, -0.64, -0.61)
414.25: (0.39, -0.65, -0.66)
414.35: (0.26, -0.76, -0.59)
414.47: (0.24, -0.77, -0.59)
414.50: (0.24, -0.77, -0.59)
414.50: (0.87, -0.38, 0.30): 0
414.58: (0.24, -0.77, -0.59)
414.68: (0.24, -0.77, -0.59)
414.80: (0.24, -0.77, -0.59)
414.92: (0.23, -0.79, -0.56)
415.03: (0.21, -0.81, -0.55)
415.13: (0.15, -0.90, -0.42)
415.25: (0.03, -1.00, 0.06)
415.37: (-0.03, -0.92, 0.38)
415.48: (-0.11, -0.84, 0.53)
415.60: (-0.16, -0.74, 0.66)
415.72: (-0.22, -0.59, 0.77)
415.83: (-0.29, -0.17, 0.94)
415.93: (-0.32, 0.24, 0.92)
416.03: (-0.30, 0.50, 0.82)
416.15: (-0.30, 0.67, 0.68)
416.27: (-0.30, 0.67, 0.67)
416.38: (-0.30, 0.67, 0.67)
416.50: (-0.31, 0.59, 0.75)
416.62: (-0.33, -0.25, 0.91)
416.72: (-0.24, -0.79, 0.57)
416.83: (-0.04, -1.00, 0.05)
416.93: (0.15, -0.87, -0.46)
417.03: (0.24, -0.67, -0.70)
417.15: (0.23, -0.58, -0.78)
417.27: (0.25, -0.33, -0.91)
417.38: (0.35, 0.26, -0.90)
417.48: (0.34, 0.41, -0.85)
417.60: (0.34, 0.43, -0.84)
417.72: (0.34, 0.56, -0.75)
417.83: (0.30, 0.66, -0.69)
417.95: (0.24, 0.61, -0.75)
418.07: (-0.12, 0.37, -0.92)
418.17: (-0.31, 0.34, -0.89)
418.28: (-0.34, 0.33, -0.88)
418.40: (-0.33, 0.32, -0.89)
418.52: (0.13, 0.35, -0.93)
418.63: (0.75, 0.35, -0.56)
418.75: (0.88, 0.26, -0.40)
418.87: (0.87, 0.26, -0.42)
418.98: (0.87, 0.26, -0.42)
419.10: (0.85, -0.05, -0.52)
419.22: (0.29, -0.84, -0.46)
419.32: (0.14, -0.92, -0.36)
419.43: (0.09, -0.93, -0.36)
419.55: (0.09, -0.93, -0.36)
419.65: (0.10, -0.91, -0.40)
419.77: (0.31, -0.65, -0.70)
419.88: (0.41, -0.47, -0.78)
420.00: (0.58, -0.10, -0.81)
420.12: (0.63, 0.51, -0.59)
420.23: (0.45, 0.69, -0.57)
420.33: (0.25, 0.78, -0.57)
420.45: (0.08, 0.87, -0.49)
420.55: (-0.22, 0.90, -0.39)
420.67: (-0.33, 0.91, -0.24)
420.78: (-0.28, 0.95, -0.10)
420.90: (-0.09, 0.98, 0.17)
421.00: (0.07, 0.96, 0.28)
421.12: (0.24, 0.89, 0.39)
421.23: (0.32, 0.81, 0.49)
421.35: (0.38, 0.72, 0.58)
421.47: (0.44, 0.59, 0.67)
421.57: (0.46, 0.50, 0.73)
421.68: (0.46, 0.46, 0.76)
421.80: (0.46, 0.45, 0.77)
421.92: (0.47, 0.45, 0.76)
422.03: (0.58, 0.38, 0.72)
422.13: (0.68, 0.22, 0.69)
422.25: (0.77, 0.09, 0.63)
422.37: (0.80, 0.03, 0.60)
422.48: (0.82, -0.17, 0.55)
422.60: (0.75, -0.40, 0.53)
422.72: (0.79, -0.41, 0.45)
422.82: (0.86, -0.39, 0.33)
422.88: (0.86, -0.40, 0.31)
422.88: (0.86, -0.48, 0.18): 2
422.93: (0.86, -0.40, 0.31)
423.05: (0.86, -0.39, 0.32)
423.15: (0.89, -0.38, 0.25)
423.27: (0.89, -0.38, 0.25)
423.38: (0.89, -0.38, 0.25)
423.50: (0.90, -0.37, 0.22)
423.62: (0.90, -0.37, 0.22)
423.73: (0.89, -0.41, 0.20)
423.83: (0.88, -0.43, 0.20)
423.83: (0.81, 0.50, -0.31): 0
423.85: (0.88, -0.43, 0.20)
423.95: (0.88, -0.43, 0.20)
424.05: (0.88, -0.43, 0.20)
424.17: (0.88, -0.41, 0.24)
424.28: (0.88, -0.39, 0.28)
424.40: (0.92, -0.25, 0.30)
424.50: (0.96, 0.14, 0.25)
424.60: (0.85, 0.50, 0.16)
424.72: (0.73, 0.68, 0.08)
424.83: (0.83, 0.55, -0.05)
424.95: (0.83, 0.52, -0.21)
425.05: (0.80, 0.55, -0.24)
425.17: (0.80, 0.55, -0.24)
425.18: (0.80, 0.55, -0.24)
425.18: (0.57, 0.45, 0.69): 2
425.28: (0.80, 0.55, -0.24)
425.38: (0.80, 0.55, -0.24)
425.50: (0.80, 0.55, -0.24)
425.60: (0.80, 0.55, -0.24)
425.72: (0.80, 0.55, -0.24)
425.83: (0.48, 0.84, -0.27)
425.95: (0.06, 0.98, -0.21)
426.05: (-0.03, 0.99, -0.12)
426.16: (-0.29, 0.96, 0.04)
426.28: (-0.57, 0.81, 0.13)
426.38: (-0.58, 0.80, 0.13)
426.50: (-0.70, 0.70, 0.13)
426.61: (-0.92, 0.38, 0.06)
426.73: (-1.00, -0.03, -0.09)
426.83: (-0.98, -0.13, -0.16)
426.95: (-0.94, -0.28, -0.18)
427.06: (-0.88, -0.45, -0.18)
427.17: (-0.77, -0.59, -0.23)
427.28: (-0.70, -0.67, -0.25)
427.40: (-0.82, -0.54, -0.21)
427.51: (-0.99, -0.11, -0.06)
427.62: (-0.94, 0.33, 0.11)
427.73: (-0.59, 0.77, 0.24)
427.85: (-0.10, 0.96, 0.27)
427.96: (0.27, 0.92, 0.29)
428.08: (0.65, 0.72, 0.23)
428.20: (0.94, 0.30, 0.18)
428.31: (0.88, 0.31, 0.35)
428.43: (0.70, 0.47, 0.53)
428.55: (0.63, 0.44, 0.64)
428.66: (0.60, 0.41, 0.69)
428.78: (0.58, 0.44, 0.69)
428.88: (0.57, 0.44, 0.69)
428.88: (-0.98, -0.08, -0.17): 1
428.88: (0.57, 0.44, 0.69)
428.98: (0.57, 0.44, 0.69)
429.10: (0.57, 0.44, 0.69)
429.21: (0.57, 0.44, 0.69)
429.33: (0.56, 0.50, 0.66)
429.45: (0.53, 0.61, 0.58)
429.56: (0.58, 0.73, 0.37)
429.66: (0.59, 0.74, 0.31)
429.78: (0.59, 0.75, 0.30)
429.88: (0.63, 0.73, 0.27)
429.98: (0.59, 0.77, 0.22)
430.10: (0.37, 0.93, 0.00)
430.21: (-0.09, 0.99, -0.14)
430.33: (-0.26, 0.96, -0.03)
430.45: (-0.67, 0.74, 0.06)
430.56: (-0.90, 0.43, 0.06)
430.68: (-1.00, -0.08, 0.05)
430.78: (-0.98, -0.21, 0.04)
430.90: (-0.99, -0.11, 0.00)
431.01: (-1.00, 0.03, -0.09)
431.11: (-0.99, 0.02, -0.10)
431.23: (-0.99, -0.05, -0.11)
431.31: (-0.99, -0.05, -0.11)
431.31: (0.93, 0.32, 0.19): 2
431.35: (-0.99, -0.05, -0.11)
431.46: (-0.99, -0.05, -0.11)
431.58: (-0.99, -0.05, -0.11)
431.68: (-0.98, -0.20, -0.08)
431.80: (-0.91, -0.41, -0.05)
431.91: (-0.66, -0.75, 0.01)
432.03: (-0.61, -0.79, 0.01)
432.15: (-0.80, -0.60, 0.03)
432.26: (-0.94, -0.33, 0.10)
432.36: (-0.95, 0.25, 0.20)
432.48: (-0.75, 0.62, 0.24)
432.60: (-0.55, 0.80, 0.24)
432.70: (-0.32, 0.91, 0.27)
432.81: (-0.06, 0.95, 0.32)
432.93: (0.04, 0.91, 0.41)
433.03: (0.33, 0.89, 0.30)
433.15: (0.64, 0.73, 0.22)
433.26: (0.73, 0.66, 0.19)
433.38: (0.82, 0.52, 0.22)
433.50: (0.91, 0.37, 0.18)
433.60: (0.93, 0.33, 0.17)
433.60: (-0.19, 0.60, -0.77): 0
433.60: (0.93, 0.33, 0.17)
433.71: (0.93, 0.32, 0.16)
433.83: (0.93, 0.32, 0.16)
433.93: (0.93, 0.32, 0.16)
434.05: (0.93, 0.32, 0.16)
434.16: (0.93, 0.32, 0.16)
434.28: (0.93, 0.32, 0.16)
434.40: (0.93, 0.34, 0.14)
434.50: (0.92, 0.38, 0.08)
434.61: (0.94, 0.33, -0.10)
434.73: (0.90, 0.23, -0.38)
434.85: (0.66, 0.19, -0.72)
434.96: (0.37, 0.17, -0.91)
435.08: (0.12, 0.11, -0.99)
435.20: (-0.05, 0.20, -0.98)
435.31: (-0.13, 0.55, -0.83)
435.41: (-0.07, 0.67, -0.74)
435.53: (-0.06, 0.68, -0.73)
435.58: (-0.06, 0.68, -0.73)
435.58: (0.09, 0.39, 0.92): 0
435.63: (-0.06, 0.67, -0.74)
435.75: (-0.07, 0.65, -0.76)
435.86: (-0.07, 0.65, -0.76)
435.98: (-0.05, 0.65, -0.76)
436.10: (0.02, 0.69, -0.72)
436.21: (0.18, 0.83, -0.53)
436.31: (0.35, 0.93, -0.13)
436.43: (0.42, 0.85, 0.33)
436.53: (0.45, 0.69, 0.57)
436.65: (0.43, 0.46, 0.78)
436.75: (0.32, 0.36, 0.88)
436.86: (0.18, 0.37, 0.91)
436.98: (0.11, 0.36, 0.93)
436.98: (-1.00, -0.07, 0.01): 2
436.98: (0.11, 0.36, 0.93)
437.08: (0.10, 0.34, 0.94)
437.20: (0.09, 0.28, 0.96)
437.30: (0.07, 0.08, 0.99)
437.41: (0.03, -0.18, 0.98)
437.53: (-0.01, -0.43, 0.90)
437.65: (-0.05, -0.60, 0.80)
437.75: (-0.08, -0.76, 0.65)
437.86: (-0.12, -0.90, 0.41)
437.98: (-0.14, -0.99, 0.09)
438.08: (-0.11, -0.99, -0.12)
438.20: (-0.08, -0.96, -0.28)
438.31: (-0.01, -0.90, -0.44)
438.43: (0.07, -0.76, -0.64)
438.55: (0.18, -0.58, -0.79)
438.66: (0.30, -0.38, -0.87)
438.76: (0.39, -0.22, -0.89)
438.88: (0.46, 0.02, -0.89)
439.00: (0.56, 0.23, -0.80)
439.11: (0.73, 0.30, -0.61)
439.23: (0.87, 0.22, -0.44)
439.33: (0.93, 0.17, -0.32)
439.43: (0.96, 0.12, -0.25)
439.55: (0.98, 0.01, -0.19)
439.66: (0.80, 0.47, -0.37)
439.78: (0.40, 0.63, -0.67)
439.90: (0.11, 0.37, -0.92)
440.01: (-0.09, 0.06, -0.99)
440.13: (-0.16, -0.22, -0.96)
440.25: (-0.17, -0.42, -0.89)
440.36: (-0.48, -0.38, -0.79)
440.48: (-0.77, -0.08, -0.63)
440.60: (-0.81, 0.31, -0.49)
440.70: (-0.73, 0.61, -0.30)
440.81: (-0.78, 0.62, -0.12)
440.91: (-0.95, 0.30, -0.03)
441.03: (-0.99, 0.11, -0.01)
441.15: (-1.00, -0.05, -0.05)
441.26: (-1.00, -0.05, -0.05)
441.26: (0.72, -0.68, -0.14): 2
441.26: (-1.00, -0.05, -0.05)
441.38: (-1.00, -0.05, -0.05)
441.50: (-0.99, 0.01, -0.16)
441.60: (-0.96, -0.06, -0.26)
441.71: (-0.96, -0.06, -0.26)
441.83: (-0.85, -0.09, -0.51)
441.93: (-0.70, -0.05, -0.71)
442.03: (-0.66, 0.03, -0.75)
442.14: (-0.63, 0.16, -0.76)
442.26: (-0.54, 0.29, -0.79)
442.38: (-0.52, 0.32, -0.79)
442.48: (-0.47, 0.33, -0.82)
442.58: (-0.26, 0.28, -0.92)
442.70: (0.05, 0.13, -0.99)
442.81: (0.29, 0.01, -0.96)
442.93: (0.51, -0.29, -0.81)
443.04: (0.63, -0.59, -0.51)
443.14: (0.65, -0.73, -0.20)
443.26: (0.65, -0.76, -0.08)
443.38: (0.69, -0.72, -0.11)
443.49: (0.71, -0.69, -0.13)
443.49: (0.96, -0.15, -0.23): 2
443.49: (0.71, -0.69, -0.13)
443.59: (0.71, -0.69, -0.13)
443.69: (0.71, -0.69, -0.13)
443.79: (0.71, -0.69, -0.13)
443.91: (0.87, -0.43, -0.25)
444.03: (0.92, -0.26, -0.28)
444.14: (0.93, -0.30, -0.22)
444.23: (0.93, -0.31, -0.21)
444.23: (-0.05, 0.26, 0.96): 1
444.26: (0.93, -0.31, -0.21)
444.36: (0.93, -0.31, -0.21)
444.48: (0.93, -0.30, -0.21)
444.58: (0.93, -0.30, -0.21)
444.69: (0.93, -0.33, -0.16)
444.81: (0.91, -0.32, 0.26)
444.91: (0.68, -0.21, 0.71)
445.03: (0.24, -0.12, 0.96)
445.14: (-0.16, -0.01, 0.99)
445.26: (-0.14, 0.10, 0.99)
445.38: (-0.02, 0.24, 0.97)
445.48: (-0.01, 0.26, 0.97)
445.48: (-0.22, 0.69, 0.69): 0
445.48: (-0.01, 0.26, 0.97)
445.59: (-0.01, 0.26, 0.97)
445.69: (-0.01, 0.23, 0.97)
445.79: (0.01, 0.21, 0.98)
445.91: (0.02, 0.42, 0.91)
446.01: (0.02, 0.63, 0.78)
446.13: (0.00, 0.64, 0.77)
446.24: (-0.14, 0.67, 0.73)
446.34: (-0.19, 0.69, 0.69)
446.43: (-0.21, 0.70, 0.68)
446.43: (0.80, 0.60, 0.05): 2
446.46: (-0.21, 0.70, 0.68)
446.58: (-0.21, 0.70, 0.68)
446.69: (-0.21, 0.70, 0.68)
446.79: (-0.21, 0.70, 0.68)
446.91: (-0.21, 0.70, 0.68)
447.03: (-0.21, 0.70, 0.68)
447.14: (-0.20, 0.69, 0.69)
447.26: (0.22, 0.58, 0.78)
447.36: (0.62, 0.37, 0.69)
447.46: (0.81, 0.25, 0.54)
447.58: (0.93, 0.07, 0.36)
447.69: (0.98, 0.01, 0.22)
447.79: (0.94, 0.24, 0.23)
447.91: (0.91, 0.37, 0.19)
448.03: (0.88, 0.47, 0.09)
448.14: (0.87, 0.48, 0.08)
448.26: (0.87, 0.50, 0.06)
448.38: (0.86, 0.52, 0.03)
448.39: (0.86, 0.52, 0.03)
448.39: (-0.87, -0.20, 0.44): 1
448.48: (0.86, 0.52, 0.03)
448.58: (0.86, 0.51, 0.01)
448.69: (0.86, 0.51, 0.01)
448.81: (0.86, 0.51, 0.01)
448.93: (0.88, 0.48, 0.01)
449.04: (0.93, 0.36, -0.12)
449.16: (0.94, 0.26, -0.23)
449.28: (0.94, 0.23, -0.26)
449.39: (0.95, 0.25, -0.20)
449.49: (0.84, 0.50, 0.21)
449.61: (0.50, 0.64, 0.58)
449.73: (0.49, 0.63, 0.60)
449.83: (0.49, 0.63, 0.60)
449.94: (0.49, 0.63, 0.60)
450.06: (0.45, 0.70, 0.56)
450.18: (0.16, 0.76, 0.63)
450.28: (0.01, 0.77, 0.64)
450.39: (-0.18, 0.73, 0.66)
450.49: (-0.45, 0.62, 0.64)
450.61: (-0.77, 0.33, 0.54)
450.73: (-0.90, 0.12, 0.41)
450.84: (-0.97, -0.06, 0.23)
450.96: (-0.95, -0.14, 0.28)
451.08: (-0.89, -0.23, 0.39)
451.16: (-0.88, -0.25, 0.40)
451.16: (-0.24, 0.87, -0.43): 1
451.18: (-0.88, -0.25, 0.40)
451.28: (-0.88, -0.25, 0.40)
451.39: (-0.88, -0.25, 0.40)
451.51: (-0.86, -0.26, 0.44)
451.63: (-0.67, -0.32, 0.67)
451.74: (-0.52, -0.13, 0.85)
451.84: (-0.35, 0.07, 0.93)
451.96: (-0.30, 0.19, 0.93)
452.08: (-0.23, 0.33, 0.92)
452.18: (-0.13, 0.55, 0.82)
452.29: (-0.04, 0.84, 0.54)
452.39: (0.04, 0.94, 0.34)
452.51: (0.14, 0.99, 0.05)
452.61: (0.19, 0.96, -0.20)
452.73: (0.23, 0.84, -0.49)
452.84: (0.15, 0.81, -0.56)
452.96: (-0.14, 0.91, -0.38)
453.06: (-0.25, 0.90, -0.34)
453.16: (-0.25, 0.90, -0.35)
453.26: (-0.26, 0.88, -0.39)
453.26: (0.07, -0.90, -0.44): 2
453.28: (-0.26, 0.88, -0.39)
453.39: (-0.26, 0.88, -0.39)
453.51: (-0.26, 0.88, -0.39)
453.63: (-0.24, 0.91, -0.35)
453.73: (-0.20, 0.94, -0.26)
453.84: (-0.15, 0.98, -0.16)
453.96: (-0.12, 0.99, -0.10)
454.06: (-0.04, 0.99, -0.12)
454.18: (0.24, 0.84, -0.48)
454.28: (0.37, 0.60, -0.71)
454.39: (0.41, 0.40, -0.82)
454.51: (0.46, 0.13, -0.88)
454.63: (0.48, -0.13, -0.87)
454.74: (0.46, -0.36, -0.81)
454.84: (0.35, -0.64, -0.68)
454.94: (0.26, -0.81, -0.52)
455.06: (0.20, -0.87, -0.44)
455.18: (0.08, -0.89, -0.45)
455.28: (0.04, -0.90, -0.44)
455.28: (-0.97, -0.22, 0.05): 0
455.29: (0.04, -0.90, -0.44)
455.41: (0.04, -0.90, -0.44)
455.51: (0.04, -0.90, -0.44)
455.63: (0.16, -0.83, -0.53)
455.74: (0.18, -0.82, -0.54)
455.86: (0.18, -0.82, -0.54)
455.96: (0.18, -0.82, -0.54)
456.08: (0.12, -0.94, -0.33)
456.19: (0.02, -1.00, -0.03)
456.31: (-0.11, -0.98, 0.14)
456.41: (-0.24, -0.93, 0.27)
456.53: (-0.38, -0.74, 0.56)
456.64: (-0.45, -0.46, 0.77)
456.76: (-0.51, -0.21, 0.83)
456.86: (-0.57, 0.13, 0.81)
456.98: (-0.53, 0.52, 0.67)
457.08: (-0.52, 0.64, 0.57)
457.19: (-0.66, 0.63, 0.41)
457.31: (-0.80, 0.53, 0.27)
457.43: (-0.87, 0.44, 0.21)
457.54: (-0.95, 0.22, 0.23)
457.66: (-0.95, -0.18, 0.27)
457.76: (-0.94, -0.24, 0.24)
457.88: (-0.96, -0.23, 0.17)
457.98: (-0.97, -0.22, 0.12)
458.08: (-0.97, -0.21, 0.11)
458.08: (0.99, 0.08, -0.09): 0
458.08: (-0.97, -0.21, 0.11)
458.19: (-0.97, -0.21, 0.12)
458.31: (-0.97, -0.21, 0.11)
458.43: (-0.97, -0.21, 0.11)
458.54: (-0.97, -0.21, 0.12)
458.66: (-0.97, -0.19, 0.15)
458.77: (-0.96, -0.17, 0.20)
458.88: (-0.96, -0.15, 0.23)
458.99: (-0.96, -0.13, 0.24)
459.09: (-0.96, -0.11, 0.25)
459.21: (-0.96, -0.10, 0.26)
459.32: (-0.96, -0.10, 0.26)
459.43: (-0.96, -0.10, 0.26)
459.54: (-0.98, 0.01, 0.22)
459.66: (-0.92, 0.38, 0.04)
459.76: (-0.73, 0.67, -0.11)
459.87: (-0.28, 0.92, -0.28)
459.99: (0.25, 0.91, -0.33)
460.11: (0.53, 0.78, -0.32)
460.22: (0.87, 0.42, -0.27)
460.32: (0.99, -0.03, -0.15)
460.44: (0.95, -0.29, -0.11)
460.56: (0.95, -0.29, -0.11)
460.66: (0.97, -0.24, -0.09)
460.77: (0.99, -0.12, -0.07)
460.89: (1.00, -0.02, -0.07)
460.99: (1.00, 0.04, -0.07)
461.06: (0.99, 0.10, -0.06)
461.06: (0.71, -0.41, 0.58): 1
461.11: (0.99, 0.10, -0.06)
461.21: (0.99, 0.10, -0.06)
461.31: (0.99, 0.10, -0.06)
461.41: (0.99, 0.10, -0.06)
461.52: (0.99, -0.04, 0.14)
461.64: (0.84, -0.21, 0.50)
461.76: (0.81, -0.27, 0.52)
461.87: (0.78, -0.32, 0.53)
461.97: (0.67, -0.44, 0.60)
462.06: (0.63, -0.47, 0.62)
462.06: (0.97, -0.20, -0.14): 0
462.07: (0.63, -0.47, 0.62)
462.19: (0.63, -0.47, 0.62)
462.29: (0.63, -0.47, 0.62)
462.41: (0.63, -0.47, 0.62)
462.52: (0.63, -0.47, 0.62)
462.64: (0.71, -0.40, 0.58)
462.74: (0.91, -0.03, 0.41)
462.84: (0.97, 0.23, 0.11)
462.96: (0.92, 0.35, -0.18)
463.07: (0.94, 0.28, -0.21)
463.19: (0.99, 0.00, -0.11)
463.31: (0.98, -0.19, -0.11)
463.41: (0.97, -0.21, -0.12)
463.42: (0.97, -0.21, -0.12)
463.42: (0.87, 0.24, 0.42): 1
463.52: (0.97, -0.20, -0.12)
463.64: (0.97, -0.20, -0.12)
463.76: (0.97, -0.20, -0.12)
463.87: (0.97, -0.18, -0.14)
463.97: (0.97, 0.02, -0.24)
464.09: (0.81, 0.45, -0.37)
464.19: (0.56, 0.69, -0.47)
464.31: (0.28, 0.75, -0.59)
464.42: (-0.07, 0.79, -0.61)
464.52: (-0.38, 0.75, -0.54)
464.64: (-0.76, 0.62, -0.20)
464.76: (-0.90, 0.41, 0.11)
464.87: (-0.92, 0.24, 0.32)
464.99: (-0.90, 0.18, 0.40)
465.11: (-0.89, 0.10, 0.45)
465.22: (-0.81, -0.10, 0.58)
465.32: (-0.62, -0.41, 0.67)
465.44: (-0.25, -0.67, 0.70)
465.56: (-0.02, -0.77, 0.63)
465.67: (0.20, -0.84, 0.51)
465.79: (0.46, -0.83, 0.31)
465.91: (0.67, -0.73, 0.09)
466.01: (0.77, -0.63, -0.06)
466.11: (0.83, -0.53, -0.16)
466.22: (0.90, -0.34, -0.27)
466.34: (0.91, -0.14, -0.39)
466.44: (0.90, -0.01, -0.43)
466.56: (0.88, 0.13, -0.45)
466.67: (0.81, 0.36, -0.47)
466.79: (0.76, 0.50, -0.42)
466.91: (0.69, 0.65, -0.31)
467.02: (0.61, 0.78, -0.17)
467.14: (0.54, 0.84, 0.04)
467.26: (0.54, 0.82, 0.21)
467.37: (0.76, 0.54, 0.37)
467.49: (0.88, 0.27, 0.39)
467.59: (0.88, 0.27, 0.39)
467.67: (0.88, 0.27, 0.39)
467.67: (-0.91, -0.23, 0.33): 2
467.71: (0.88, 0.27, 0.39)
467.81: (0.88, 0.27, 0.39)
467.92: (0.88, 0.27, 0.39)
468.04: (0.88, 0.27, 0.39)
468.14: (0.88, 0.27, 0.39)
468.26: (0.91, 0.23, 0.35)
468.37: (0.92, 0.00, 0.39)
468.49: (0.92, 0.00, 0.39)
468.61: (0.93, -0.10, 0.36)
468.71: (0.93, -0.10, 0.36)
468.82: (0.93, -0.19, 0.30)
468.92: (0.89, -0.41, 0.20)
469.04: (0.68, -0.73, 0.07)
469.16: (0.44, -0.90, -0.03)
469.27: (0.13, -0.98, -0.17)
469.37: (-0.05, -0.97, -0.26)
469.49: (-0.20, -0.92, -0.33)
469.59: (-0.31, -0.88, -0.37)
469.69: (-0.48, -0.77, -0.42)
469.81: (-0.78, -0.44, -0.44)
469.92: (-0.95, -0.01, -0.33)
470.04: (-0.96, 0.21, -0.21)
470.14: (-0.94, 0.32, -0.14)
470.26: (-0.88, 0.47, -0.05)
470.37: (-0.80, 0.59, 0.04)
470.47: (-0.71, 0.66, 0.23)
470.59: (-0.64, 0.69, 0.35)
470.71: (-0.61, 0.68, 0.41)
470.81: (-0.61, 0.67, 0.43)
470.92: (-0.79, 0.57, 0.23)
471.02: (-0.87, 0.39, -0.29)
471.14: (-0.78, 0.09, -0.62)
471.26: (-0.64, -0.28, -0.72)
471.37: (-0.45, -0.58, -0.68)
471.47: (-0.24, -0.70, -0.68)
471.59: (-0.09, -0.74, -0.67)
471.71: (0.06, -0.81, -0.59)
471.82: (0.30, -0.86, -0.42)
471.92: (0.49, -0.85, -0.20)
472.02: (0.62, -0.78, -0.09)
472.12: (0.64, -0.74, -0.21)
472.24: (0.61, -0.68, -0.40)
472.36: (0.46, -0.61, -0.64)
472.47: (-0.09, -0.15, -0.99)
472.57: (-0.15, 0.06, -0.99)
472.67: (-0.13, 0.10, -0.99)
472.79: (-0.09, 0.15, -0.98)
472.91: (-0.06, 0.34, -0.94)
473.02: (-0.24, 0.64, -0.73)
473.14: (-0.40, 0.62, -0.67)
473.26: (-0.59, 0.71, -0.38)
473.36: (-0.77, 0.64, 0.07)
473.47: (-0.78, 0.32, 0.54)
473.59: (-0.68, 0.07, 0.73)
473.71: (-0.57, 0.06, 0.82)
473.82: (-0.55, 0.02, 0.83)
473.94: (-0.84, -0.06, 0.55)
474.06: (-0.89, -0.09, 0.45)
474.17: (-0.91, -0.17, 0.38)
474.29: (-0.94, -0.24, 0.25)
474.32: (-0.94, -0.24, 0.24)
474.32: (0.64, 0.26, -0.72): 0
474.39: (-0.94, -0.24, 0.24)
474.50: (-0.94, -0.24, 0.24)
474.60: (-0.93, -0.25, 0.25)
474.71: (-0.99, -0.14, -0.02)
474.82: (-0.99, -0.14, -0.02)
474.94: (-0.99, -0.14, -0.02)
475.04: (-0.96, 0.11, -0.27)
475.15: (-0.96, 0.15, -0.22)
475.27: (-0.93, 0.24, -0.26)
475.39: (-0.82, 0.50, -0.27)
475.50: (-0.64, 0.72, -0.27)
475.62: (-0.22, 0.94, -0.28)
475.72: (0.17, 0.97, -0.15)
475.84: (0.54, 0.84, 0.00)
475.95: (0.78, 0.62, 0.11)
476.07: (0.85, 0.50, 0.14)
476.17: (0.86, 0.48, 0.15)
476.29: (0.97, 0.09, 0.22)
476.40: (0.95, -0.31, 0.11)
476.50: (0.95, -0.31, 0.11)
476.62: (0.95, -0.31, 0.11)
476.74: (0.96, -0.10, 0.26)
476.85: (0.94, 0.12, 0.32)
476.97: (0.90, 0.17, 0.39)
477.09: (0.62, 0.51, 0.60)
477.20: (0.36, 0.68, 0.64)
477.32: (0.31, 0.56, 0.77)
477.44: (0.41, 0.20, 0.89)
477.54: (0.51, -0.09, 0.86)
477.65: (0.66, -0.44, 0.61)
477.75: (0.70, -0.68, 0.19)
477.87: (0.53, -0.75, -0.40)
477.99: (0.23, -0.53, -0.82)
478.09: (0.04, -0.30, -0.95)
478.20: (-0.07, -0.10, -0.99)
478.32: (-0.24, 0.11, -0.97)
478.44: (-0.37, 0.18, -0.91)
478.54: (-0.41, -0.08, -0.91)
478.64: (-0.26, -0.44, -0.86)
478.75: (-0.15, -0.62, -0.77)
478.87: (-0.06, -0.79, -0.60)
478.99: (0.14, -0.90, -0.42)
479.10: (0.21, -0.93, -0.32)
479.20: (0.28, -0.94, -0.18)
479.32: (0.32, -0.94, -0.10)
479.44: (0.16, -0.98, -0.06)
479.54: (-0.14, -0.97, -0.19)
479.65: (-0.55, -0.74, -0.39)
479.77: (-0.64, -0.62, -0.46)
479.87: (-0.68, -0.57, -0.47)
479.97: (-0.77, -0.39, -0.51)
480.09: (-0.83, 0.03, -0.55)
480.19: (-0.78, 0.34, -0.52)
480.30: (-0.70, 0.53, -0.48)
480.42: (-0.51, 0.77, -0.38)
480.54: (-0.31, 0.91, -0.27)
480.64: (-0.13, 0.96, -0.24)
480.75: (0.06, 0.98, -0.19)
480.85: (0.12, 0.98, -0.18)
480.97: (0.12, 0.98, -0.18)
481.09: (0.13, 0.98, -0.18)
481.19: (0.15, 0.96, -0.24)
481.29: (0.00, 0.78, -0.63)
481.40: (-0.22, 0.38, -0.90)
481.52: (-0.36, 0.17, -0.92)
481.64: (-0.54, -0.13, -0.83)
481.75: (-0.64, -0.51, -0.57)
481.87: (-0.56, -0.81, -0.17)
481.99: (-0.38, -0.91, 0.15)
482.10: (-0.16, -0.88, 0.46)
482.22: (0.05, -0.74, 0.67)
482.32: (0.18, -0.65, 0.74)
482.44: (0.32, -0.54, 0.78)
482.55: (0.42, -0.28, 0.86)
482.67: (0.47, 0.16, 0.87)
482.79: (0.36, 0.62, 0.70)
482.90: (-0.02, 0.93, 0.37)
483.02: (-0.33, 0.94, -0.10)
483.12: (-0.40, 0.81, -0.42)
483.24: (-0.42, 0.62, -0.66)
483.35: (-0.37, 0.34, -0.86)
483.47: (-0.35, 0.09, -0.93)
483.59: (-0.37, -0.14, -0.92)
483.69: (-0.43, -0.47, -0.77)
483.80: (-0.55, -0.65, -0.52)
483.90: (-0.56, -0.74, -0.36)
484.02: (-0.49, -0.86, -0.15)
484.12: (-0.34, -0.94, -0.03)
484.24: (0.02, -1.00, 0.06)
484.35: (0.36, -0.92, 0.14)
484.47: (0.53, -0.85, 0.07)
484.57: (0.67, -0.73, -0.14)
484.69: (0.75, -0.45, -0.48)
484.80: (0.76, -0.28, -0.58)
484.92: (0.79, -0.10, -0.61)
485.02: (0.81, 0.05, -0.59)
485.14: (0.72, 0.14, -0.68)
485.25: (0.59, 0.14, -0.80)
485.35: (0.58, 0.19, -0.79)
485.35: (0.26, 0.03, 0.97): 0
485.37: (0.59, 0.19, -0.79)
485.49: (0.61, 0.22, -0.76)
485.60: (0.61, 0.22, -0.76)
485.70: (0.61, 0.20, -0.76)
485.82: (0.62, 0.13, -0.78)
485.94: (0.69, 0.09, -0.72)
486.05: (0.67, 0.07, -0.74)
486.15: (0.67, 0.07, -0.74)
486.27: (0.53, -0.17, -0.83)
486.39: (0.45, -0.32, -0.83)
486.49: (0.47, -0.34, -0.81)
486.60: (0.49, -0.52, -0.70)
486.72: (0.42, -0.66, -0.62)
486.84: (0.34, -0.74, -0.58)
486.95: (0.22, -0.83, -0.52)
487.07: (0.09, -0.90, -0.43)
487.17: (-0.02, -0.92, -0.40)
487.29: (-0.03, -0.92, -0.40)
487.40: (-0.02, -0.92, -0.39)
487.52: (0.38, -0.89, -0.25)
487.64: (0.53, -0.84, 0.02)
487.75: (0.23, -0.94, 0.26)
487.87: (-0.01, -0.92, 0.39)
487.97: (-0.09, -0.92, 0.39)
488.09: (-0.21, -0.87, 0.45)
488.20: (-0.33, -0.79, 0.51)
488.30: (-0.47, -0.68, 0.56)
488.42: (-0.36, -0.77, 0.52)
488.52: (-0.36, -0.77, 0.52)
488.64: (-0.36, -0.77, 0.52)
488.74: (-0.21, -0.75, 0.62)
488.85: (0.25, -0.70, 0.66)
488.97: (0.55, -0.59, 0.59)
489.07: (0.73, -0.41, 0.54)
489.19: (0.88, -0.08, 0.47)
489.30: (0.91, 0.32, 0.27)
489.40: (0.82, 0.57, -0.03)
489.52: (0.49, 0.63, -0.60)
489.64: (0.40, 0.65, -0.65)
489.75: (0.46, 0.87, -0.18)
489.85: (0.43, 0.88, 0.22)
489.97: (0.45, 0.70, 0.55)
490.09: (0.58, 0.38, 0.72)
490.20: (0.62, 0.01, 0.78)
490.30: (0.50, 0.04, 0.86)
490.42: (0.39, 0.11, 0.91)
490.52: (0.30, 0.06, 0.95)
490.62: (0.30, 0.06, 0.95)
490.72: (0.30, 0.06, 0.95)
490.72: (-0.84, -0.40, 0.36): 1
490.74: (0.30, 0.06, 0.95)
490.85: (0.32, 0.05, 0.95)
490.97: (0.32, 0.06, 0.95)
491.07: (0.32, 0.06, 0.94)
491.18: (0.49, 0.10, 0.86)
491.30: (0.64, 0.02, 0.77)
491.40: (0.64, 0.02, 0.77)
491.52: (0.57, 0.00, 0.82)
491.63: (0.57, 0.00, 0.82)
491.73: (0.57, -0.02, 0.82)
491.85: (0.57, -0.02, 0.82)
491.95: (0.57, -0.02, 0.82)
492.07: (0.57, -0.02, 0.82)
492.17: (0.57, -0.04, 0.82)
492.28: (0.49, -0.17, 0.85)
492.40: (0.14, -0.42, 0.90)
492.52: (-0.33, -0.67, 0.67)
492.63: (-0.66, -0.68, 0.33)
492.73: (-0.67, -0.73, 0.11)
492.85: (-0.72, -0.69, 0.12)
492.97: (-0.81, -0.47, 0.35)
493.07: (-0.85, -0.37, 0.37)
493.18: (-0.85, -0.36, 0.37)
493.30: (-0.84, -0.32, 0.45)
493.32: (-0.84, -0.32, 0.45)
493.32: (0.71, 0.33, -0.62): 2
493.40: (-0.84, -0.32, 0.45)
493.52: (-0.84, -0.32, 0.45)
493.62: (-0.83, -0.32, 0.45)
493.73: (-0.77, -0.40, 0.50)
493.85: (-0.46, -0.62, 0.63)
493.95: (-0.45, -0.63, 0.63)
494.07: (-0.45, -0.63, 0.63)
494.18: (-0.45, -0.63, 0.63)
494.30: (-0.47, -0.61, 0.63)
494.40: (-0.58, -0.56, 0.60)
494.52: (-0.70, -0.49, 0.53)
494.62: (-0.78, -0.48, 0.39)
494.73: (-0.88, -0.47, 0.04)
494.85: (-0.82, -0.43, -0.37)
494.97: (-0.64, -0.25, -0.73)
495.08: (-0.62, 0.07, -0.78)
495.18: (-0.08, 0.23, -0.97)
495.30: (0.61, 0.14, -0.78)
495.42: (0.88, 0.06, -0.47)
495.52: (0.93, 0.08, -0.36)
495.63: (0.75, 0.25, -0.61)
495.75: (0.71, 0.28, -0.64)
495.87: (0.65, 0.34, -0.68)
495.90: (0.63, 0.35, -0.69)
495.90: (1.00, 0.05, 0.07): 1
495.98: (0.63, 0.35, -0.70)
496.08: (0.62, 0.35, -0.70)
496.20: (0.62, 0.33, -0.72)
496.32: (0.52, 0.09, -0.85)
496.43: (0.52, 0.09, -0.85)
496.55: (0.52, 0.09, -0.85)
496.67: (0.52, 0.09, -0.85)
496.78: (0.55, 0.08, -0.83)
496.88: (0.52, 0.13, -0.84)
497.00: (0.50, 0.22, -0.84)
497.12: (0.63, 0.23, -0.74)
497.22: (0.74, 0.18, -0.64)
497.33: (0.98, 0.07, -0.19)
497.43: (0.96, 0.06, 0.28)
497.55: (0.96, 0.05, 0.29)
497.67: (0.99, 0.06, 0.10)
497.77: (0.99, 0.07, 0.07)
497.82: (0.99, 0.07, 0.07)
497.82: (0.75, 0.52, -0.39): 0
497.88: (0.99, 0.09, 0.07)
498.00: (0.99, 0.09, 0.07)
498.12: (0.98, 0.20, -0.04)
498.22: (0.71, 0.52, -0.48)
498.33: (0.63, 0.58, -0.53)
498.45: (0.77, 0.51, -0.38)
498.57: (0.90, 0.37, -0.25)
498.68: (0.86, 0.38, -0.33)
498.80: (0.70, 0.52, -0.49)
498.90: (0.70, 0.55, -0.46)
499.02: (0.75, 0.55, -0.37)
499.03: (0.75, 0.55, -0.37)
499.03: (0.45, -0.89, -0.08): 0
499.13: (0.75, 0.55, -0.37)
499.23: (0.75, 0.55, -0.37)
499.35: (0.75, 0.55, -0.37)
499.47: (0.76, 0.54, -0.35)
499.57: (0.78, 0.54, -0.33)
499.68: (0.79, 0.55, -0.26)
499.80: (0.72, 0.66, 0.19)
499.90: (0.50, 0.44, 0.74)
500.02: (0.10, 0.02, 0.99)
500.13: (-0.05, -0.07, 1.00)
500.25: (-0.21, -0.11, 0.97)
500.37: (-0.55, -0.40, 0.73)
500.48: (-0.61, -0.77, 0.18)
500.60: (-0.51, -0.85, -0.10)
500.72: (-0.43, -0.84, -0.33)
500.82: (-0.36, -0.80, -0.49)
500.93: (-0.23, -0.67, -0.71)
501.05: (-0.12, -0.56, -0.82)
501.17: (0.16, -0.37, -0.92)
501.28: (0.19, -0.37, -0.91)
501.40: (0.19, -0.37, -0.91)
501.50: (0.19, -0.37, -0.91)
501.62: (0.24, -0.27, -0.93)
501.73: (0.28, 0.00, -0.96)
501.85: (0.29, 0.13, -0.95)
501.95: (0.13, -0.03, -0.99)
502.07: (-0.12, -0.31, -0.94)
502.18: (-0.46, -0.68, -0.57)
502.30: (-0.58, -0.81, 0.07)
502.40: (-0.58, -0.70, 0.42)
502.52: (-0.61, -0.51, 0.61)
502.63: (-0.72, -0.17, 0.68)
502.75: (-0.82, 0.01, 0.58)
502.85: (-0.87, 0.00, 0.49)
502.97: (-0.95, -0.15, 0.27)
503.07: (-1.00, -0.01, 0.06)
503.17: (-0.97, -0.13, -0.21)
503.28: (-0.84, -0.25, -0.48)
503.40: (-0.77, -0.29, -0.56)
503.52: (-0.25, -0.53, -0.81)
503.62: (0.33, -0.63, -0.70)
503.72: (0.46, -0.78, -0.43)
503.82: (0.53, -0.85, -0.04)
503.93: (0.47, -0.85, 0.23)
504.05: (0.44, -0.90, 0.08)
504.17: (0.37, -0.91, -0.16)
504.28: (0.36, -0.92, -0.17)
504.33: (0.36, -0.92, -0.17)
504.33: (0.97, -0.23, 0.12): 2
504.40: (0.36, -0.92, -0.17)
504.50: (0.36, -0.92, -0.16)
504.62: (0.36, -0.92, -0.16)
504.73: (0.31, -0.92, -0.22)
504.85: (0.14, -0.92, -0.37)
504.97: (-0.10, -0.89, -0.44)
505.08: (-0.27, -0.85, -0.45)
505.20: (0.21, -0.89, -0.41)
505.30: (0.73, -0.64, -0.24)
505.42: (0.95, -0.31, 0.01)
505.52: (0.98, -0.05, 0.21)
505.63: (0.96, 0.00, 0.27)
505.75: (0.97, -0.20, 0.17)
505.87: (0.96, -0.21, 0.16)
505.88: (0.96, -0.21, 0.16)
505.88: (-0.98, -0.04, -0.20): 2
505.97: (0.96, -0.21, 0.16)
506.08: (0.96, -0.23, 0.15)
506.18: (0.96, -0.25, 0.15)
506.30: (0.96, -0.27, 0.11)
506.42: (0.95, -0.28, 0.10)
506.53: (0.95, -0.29, 0.10)
506.65: (0.94, -0.33, 0.10)
506.77: (0.92, -0.37, 0.13)
506.88: (0.90, -0.41, 0.16)
507.00: (0.72, -0.69, 0.05)
507.10: (0.47, -0.87, -0.12)
507.20: (0.24, -0.92, -0.30)
507.31: (-0.14, -0.87, -0.48)
507.43: (-0.60, -0.63, -0.50)
507.53: (-0.86, -0.25, -0.44)
507.65: (-0.91, -0.14, -0.39)
507.75: (-0.92, -0.11, -0.38)
507.86: (-0.97, -0.09, -0.22)
507.98: (-0.98, -0.09, -0.19)
508.01: (-0.98, -0.09, -0.19)
508.01: (0.79, -0.61, -0.10): 2
508.08: (-0.98, -0.09, -0.19)
508.20: (-0.98, -0.09, -0.19)
508.31: (-0.98, -0.09, -0.19)
508.43: (-0.98, -0.09, -0.19)
508.55: (-1.00, -0.04, -0.09)
508.66: (-1.00, -0.06, 0.07)
508.76: (-0.99, -0.09, 0.08)
508.86: (-0.99, -0.09, 0.08)
508.98: (-0.99, -0.14, -0.01)
509.08: (-0.99, 0.10, 0.04)
509.20: (-0.91, 0.40, 0.11)
509.31: (-0.67, 0.73, 0.16)
509.41: (-0.26, 0.96, 0.12)
509.51: (0.17, 0.98, 0.09)
509.63: (0.49, 0.87, 0.06)
509.75: (0.76, 0.64, 0.07)
509.86: (0.94, 0.33, 0.07)
509.96: (0.99, 0.15, 0.07)
510.08: (1.00, -0.05, 0.00)
510.18: (0.97, -0.24, -0.05)
510.30: (0.90, -0.43, -0.06)
510.41: (0.82, -0.57, -0.08)
510.51: (0.76, -0.63, -0.12)
510.51: (-0.31, -0.62, 0.72): 2
510.51: (0.76, -0.63, -0.12)
510.63: (0.76, -0.63, -0.12)
510.75: (0.76, -0.63, -0.12)
510.86: (0.70, -0.69, -0.17)
510.96: (0.49, -0.84, -0.25)
511.08: (0.22, -0.92, -0.32)
511.20: (-0.01, -0.89, -0.45)
511.31: (-0.31, -0.83, -0.46)
511.43: (-0.61, -0.67, -0.42)
511.55: (-0.83, -0.45, -0.32)
511.66: (-0.97, -0.15, -0.17)
511.76: (-0.98, 0.19, 0.02)
511.88: (-0.85, 0.47, 0.23)
512.00: (-0.66, 0.68, 0.34)
512.11: (-0.41, 0.84, 0.35)
512.21: (-0.26, 0.93, 0.26)
512.31: (-0.09, 1.00, 0.01)
512.43: (0.09, 0.93, -0.35)
512.55: (0.21, 0.79, -0.58)
512.65: (0.17, 0.71, -0.68)
512.76: (0.02, 0.62, -0.78)
512.88: (-0.42, 0.42, -0.80)
512.98: (-0.84, 0.06, -0.53)
513.10: (-0.93, -0.37, 0.03)
513.21: (-0.69, -0.55, 0.48)
513.33: (-0.36, -0.57, 0.74)
513.45: (-0.18, -0.57, 0.80)
513.55: (-0.21, -0.62, 0.76)
513.65: (-0.23, -0.64, 0.74)
513.65: (-0.56, 0.66, -0.50): 0
513.66: (-0.23, -0.64, 0.74)
513.78: (-0.23, -0.64, 0.74)
513.88: (-0.23, -0.64, 0.74)
514.00: (-0.14, -0.59, 0.80)
514.11: (-0.12, -0.57, 0.81)
514.23: (-0.11, -0.57, 0.81)
514.35: (-0.50, -0.57, 0.65)
514.46: (-0.92, -0.32, 0.22)
514.58: (-0.98, 0.03, -0.22)
514.70: (-0.78, 0.26, -0.57)
514.81: (-0.56, 0.37, -0.74)
514.93: (-0.58, 0.53, -0.61)
515.05: (-0.65, 0.62, -0.45)
515.13: (-0.66, 0.61, -0.43)
515.13: (-0.74, 0.02, 0.67): 0
515.15: (-0.66, 0.61, -0.43)
515.26: (-0.66, 0.61, -0.43)
515.38: (-0.66, 0.61, -0.43)
515.50: (-0.80, 0.51, -0.32)
515.61: (-0.90, 0.39, -0.22)
515.73: (-0.96, 0.24, -0.13)
515.85: (-1.00, 0.00, 0.04)
515.95: (-0.90, -0.29, 0.33)
516.06: (-0.64, -0.56, 0.53)
516.16: (-0.57, -0.59, 0.57)
516.26: (-0.72, -0.32, 0.62)
516.38: (-0.67, -0.02, 0.74)
516.48: (-0.64, -0.01, 0.77)
516.48: (0.79, 0.56, -0.26): 0
516.50: (-0.64, -0.01, 0.77)
516.61: (-0.66, -0.02, 0.75)
516.71: (-0.80, 0.06, 0.60)
516.83: (-0.87, 0.10, 0.48)
516.95: (-0.98, 0.10, 0.17)
517.06: (-0.86, 0.29, -0.42)
517.16: (-0.59, 0.42, -0.69)
517.28: (-0.37, 0.44, -0.82)
517.38: (-0.20, 0.43, -0.88)
517.50: (-0.22, 0.46, -0.86)
517.61: (-0.22, 0.46, -0.86)
517.71: (-0.22, 0.46, -0.86)
517.83: (-0.32, 0.41, -0.85)
517.95: (-0.06, 0.38, -0.92)
518.06: (0.13, 0.36, -0.92)
518.18: (0.39, 0.31, -0.87)
518.30: (0.67, 0.23, -0.71)
518.41: (0.81, 0.21, -0.54)
518.51: (0.81, 0.37, -0.45)
518.63: (0.77, 0.52, -0.37)
518.70: (0.78, 0.52, -0.34)
518.70: (0.91, 0.08, -0.40): 0
518.75: (0.79, 0.52, -0.33)
518.85: (0.79, 0.52, -0.33)
518.96: (0.80, 0.51, -0.32)
519.08: (0.90, 0.31, -0.30)
519.20: (0.92, 0.13, -0.38)
519.31: (0.87, 0.11, -0.48)
519.36: (0.87, 0.09, -0.48)
519.36: (0.72, 0.67, -0.18): 2
519.41: (0.88, 0.08, -0.47)
519.53: (0.88, 0.08, -0.47)
519.65: (0.87, 0.09, -0.48)
519.76: (0.85, 0.14, -0.50)
519.86: (0.85, 0.14, -0.50)
519.98: (0.74, 0.16, -0.65)
520.10: (0.60, 0.26, -0.76)
520.21: (0.70, 0.46, -0.55)
520.33: (0.65, 0.69, -0.31)
520.45: (0.63, 0.70, -0.34)
520.48: (0.64, 0.69, -0.33)
520.48: (0.47, -0.59, 0.66): 0
520.55: (0.67, 0.66, -0.33)
520.66: (0.75, 0.59, -0.31)
520.78: (0.75, 0.58, -0.31)
520.90: (0.80, 0.55, -0.24)
521.01: (0.97, 0.14, 0.21)
521.11: (0.78, -0.29, 0.55)
521.23: (0.42, -0.63, 0.65)
521.35: (0.25, -0.74, 0.62)
521.46: (0.30, -0.73, 0.61)
521.58: (0.46, -0.63, 0.63)
521.66: (0.48, -0.62, 0.63)
521.66: (-0.68, 0.54, -0.49): 2
521.68: (0.48, -0.62, 0.63)
521.78: (0.48, -0.62, 0.63)
521.90: (0.45, -0.64, 0.62)
522.01: (0.13, -0.80, 0.58)
522.13: (-0.32, -0.85, 0.42)
522.25: (-0.59, -0.74, 0.31)
522.35: (-0.74, -0.64, 0.19)
522.46: (-0.90, -0.44, -0.04)
522.58: (-0.95, -0.06, -0.29)
522.69: (-0.91, 0.21, -0.36)
522.80: (-0.83, 0.35, -0.44)
522.91: (-0.73, 0.46, -0.51)
523.03: (-0.65, 0.54, -0.54)
523.06: (-0.65, 0.54, -0.54)
523.06: (-0.67, 0.59, 0.46): 2
523.13: (-0.65, 0.54, -0.54)
523.24: (-0.64, 0.54, -0.55)
523.36: (-0.59, 0.55, -0.59)
523.48: (-0.44, 0.59, -0.68)
523.58: (-0.37, 0.48, -0.80)
523.68: (-0.45, 0.39, -0.81)
523.79: (-0.73, 0.02, -0.68)
523.91: (-0.86, -0.34, -0.38)
524.03: (-0.89, -0.37, -0.28)
524.13: (-0.91, -0.41, -0.07)
524.24: (-0.98, -0.10, 0.14)
524.36: (-0.95, 0.19, 0.24)
524.46: (-0.89, 0.30, 0.34)
524.58: (-0.87, 0.39, 0.30)
524.69: (-0.79, 0.50, 0.35)
524.79: (-0.72, 0.52, 0.46)
524.91: (-0.69, 0.51, 0.51)
524.93: (-0.69, 0.51, 0.51)
524.93: (-0.45, 0.80, -0.39): 0
525.03: (-0.69, 0.51, 0.51)
525.14: (-0.72, 0.48, 0.50)
525.24: (-0.79, 0.40, 0.47)
525.34: (-0.86, 0.22, 0.46)
525.46: (-0.96, -0.07, 0.28)
525.58: (-0.99, -0.12, -0.09)
525.69: (-0.89, 0.05, -0.46)
525.81: (-0.74, 0.24, -0.63)
525.93: (-0.62, 0.38, -0.69)
526.03: (-0.61, 0.56, -0.57)
526.14: (-0.64, 0.65, -0.41)
526.26: (-0.53, 0.73, -0.43)
526.36: (-0.41, 0.80, -0.44)
526.38: (-0.41, 0.80, -0.44)
526.38: (-0.91, -0.07, 0.40): 1
526.48: (-0.42, 0.80, -0.44)
526.59: (-0.41, 0.79, -0.45)
526.69: (-0.33, 0.80, -0.50)
526.79: (-0.08, 0.81, -0.58)
526.89: (-0.13, 0.71, -0.69)
527.01: (-0.79, 0.39, -0.47)
527.13: (-0.99, 0.04, -0.13)
527.23: (-0.99, -0.14, 0.09)
527.34: (-0.91, -0.32, 0.27)
527.44: (-0.92, -0.13, 0.37)
527.56: (-0.90, -0.01, 0.43)
527.58: (-0.90, -0.01, 0.43)
527.58: (-0.96, 0.24, 0.14): 1
527.66: (-0.90, -0.01, 0.43)
527.78: (-0.90, -0.01, 0.43)
527.89: (-0.93, 0.06, 0.37)
528.01: (-0.94, 0.34, -0.02)
528.13: (-0.92, 0.38, -0.10)
528.23: (-0.94, 0.34, -0.06)
528.34: (-0.97, 0.21, 0.13)
528.44: (-0.97, 0.21, 0.14)
528.44: (-0.85, 0.45, -0.28): 2
528.44: (-0.97, 0.21, 0.14)
528.56: (-0.97, 0.22, 0.14)
528.68: (-0.96, 0.23, 0.13)
528.79: (-0.90, 0.41, -0.11)
528.91: (-0.80, 0.47, -0.37)
529.03: (-0.86, 0.40, -0.32)
529.14: (-0.87, 0.39, -0.29)
529.18: (-0.87, 0.40, -0.29)
529.18: (0.59, -0.81, 0.07): 1
529.24: (-0.87, 0.41, -0.29)
529.34: (-0.87, 0.41, -0.29)
529.46: (-0.85, 0.42, -0.33)
529.58: (-0.77, 0.48, -0.42)
529.69: (-0.68, 0.51, -0.52)
529.81: (-0.66, 0.51, -0.56)
529.91: (-0.85, 0.40, -0.34)
530.03: (-0.97, 0.23, -0.05)
530.14: (-0.99, 0.06, 0.16)
530.26: (-0.90, -0.17, 0.40)
530.36: (-0.68, -0.37, 0.63)
530.48: (-0.45, -0.53, 0.72)
530.59: (-0.27, -0.62, 0.74)
530.71: (-0.12, -0.68, 0.73)
530.81: (0.08, -0.72, 0.69)
530.93: (0.49, -0.65, 0.58)
531.03: (0.72, -0.55, 0.41)
531.14: (0.74, -0.59, 0.33)
531.26: (0.64, -0.73, 0.25)
531.38: (0.64, -0.77, 0.07)
531.41: (0.63, -0.77, 0.05)
531.41: (-0.87, 0.46, -0.19): 1
531.48: (0.62, -0.78, 0.03)
531.59: (0.62, -0.78, 0.01)
531.71: (0.65, -0.76, 0.00)
531.83: (0.76, -0.64, -0.11)
531.93: (0.89, -0.37, -0.28)
532.04: (0.90, -0.07, -0.42)
532.16: (0.88, -0.33, -0.34)
532.26: (0.68, -0.72, -0.14)
532.38: (0.37, -0.91, 0.20)
532.48: (0.20, -0.91, 0.37)
532.58: (0.06, -0.85, 0.52)
532.69: (-0.07, -0.70, 0.71)
532.81: (-0.27, -0.47, 0.84)
532.91: (-0.40, -0.22, 0.89)
533.03: (-0.48, 0.01, 0.88)
533.14: (-0.57, 0.29, 0.77)
533.26: (-0.71, 0.52, 0.48)
533.38: (-0.71, 0.69, 0.12)
533.49: (-0.69, 0.71, -0.13)
533.59: (-0.81, 0.55, -0.18)
533.69: (-0.85, 0.48, -0.22)
533.78: (-0.85, 0.46, -0.24)
533.78: (-0.39, -0.50, -0.77): 1
533.81: (-0.85, 0.46, -0.24)
533.93: (-0.86, 0.46, -0.22)
534.04: (-0.87, 0.48, -0.11)
534.16: (-0.84, 0.52, 0.16)
534.28: (-0.81, 0.48, 0.33)
534.39: (-0.87, 0.39, 0.29)
534.51: (-0.91, 0.41, -0.04)
534.61: (-0.84, 0.40, -0.36)
534.73: (-0.71, 0.33, -0.62)
534.84: (-0.57, 0.26, -0.78)
534.96: (-0.39, 0.21, -0.90)
535.08: (-0.19, 0.16, -0.97)
535.19: (0.19, -0.04, -0.98)
535.29: (0.53, -0.20, -0.82)
535.41: (0.63, -0.25, -0.73)
535.53: (0.71, -0.29, -0.64)
535.63: (0.80, -0.32, -0.51)
535.74: (0.90, -0.36, -0.25)
535.86: (0.85, -0.48, -0.22)
535.96: (0.55, -0.54, -0.64)
536.08: (0.08, -0.43, -0.90)
536.19: (-0.31, -0.09, -0.95)
536.31: (-0.47, 0.09, -0.88)
536.41: (-0.49, -0.16, -0.86)
536.53: (-0.47, -0.40, -0.79)
536.64: (-0.46, -0.54, -0.70)
536.71: (-0.43, -0.59, -0.68)
536.71: (-0.78, 0.13, -0.62): 1
536.74: (-0.43, -0.59, -0.68)
536.86: (-0.43, -0.59, -0.68)
536.98: (-0.47, -0.50, -0.72)
537.09: (-0.73, -0.06, -0.68)
537.21: (-0.82, 0.45, -0.35)
537.33: (-0.82, 0.45, -0.34)
537.43: (-0.82, 0.30, -0.49)
537.54: (-0.79, 0.16, -0.59)
537.64: (-0.79, 0.13, -0.60)
537.64: (0.54, 0.83, -0.13): 1
537.66: (-0.79, 0.13, -0.60)
537.76: (-0.79, 0.16, -0.60)
537.88: (-0.79, 0.42, -0.44)
537.98: (-0.73, 0.65, -0.22)
538.09: (-0.71, 0.68, -0.18)
538.21: (-0.67, 0.74, -0.11)
538.33: (-0.50, 0.84, 0.19)
538.44: (-0.21, 0.83, 0.51)
538.56: (0.03, 0.75, 0.66)
538.67: (0.10, 0.73, 0.67)
538.79: (0.40, 0.60, 0.69)
538.91: (0.67, 0.47, 0.57)
539.01: (0.80, 0.38, 0.46)
539.11: (0.91, 0.26, 0.33)
539.21: (0.97, 0.13, 0.19)
539.33: (0.98, 0.20, -0.01)
539.44: (0.85, 0.51, -0.15)
539.56: (0.70, 0.70, -0.14)
539.67: (0.60, 0.79, -0.12)
539.79: (0.56, 0.82, -0.14)
539.79: (0.96, 0.10, 0.26): 2
539.79: (0.56, 0.82, -0.14)
539.89: (0.55, 0.82, -0.14)
539.99: (0.55, 0.82, -0.14)
540.11: (0.56, 0.82, -0.13)
540.22: (0.58, 0.81, -0.08)
540.32: (0.66, 0.74, 0.11)
540.44: (0.73, 0.56, 0.38)
540.56: (0.85, 0.36, 0.38)
540.67: (0.94, 0.27, 0.19)
540.79: (0.96, 0.14, 0.22)
540.89: (0.95, 0.12, 0.30)
540.91: (0.95, 0.12, 0.30)
540.91: (0.09, -0.02, -1.00): 0
541.01: (0.95, 0.12, 0.30)
541.12: (0.95, 0.12, 0.30)
541.24: (0.98, 0.04, 0.20)
541.36: (0.99, -0.13, 0.09)
541.47: (0.92, -0.39, 0.08)
541.57: (0.83, -0.55, 0.07)
541.69: (0.77, -0.63, 0.06)
541.81: (0.61, -0.79, -0.05)
541.91: (0.28, -0.93, -0.21)
542.02: (-0.22, -0.91, -0.34)
542.14: (-0.44, -0.81, -0.39)
542.26: (-0.51, -0.78, -0.37)
542.37: (-0.70, -0.65, -0.30)
542.47: (-0.84, -0.46, -0.30)
542.59: (-0.91, -0.27, -0.32)
542.69: (-0.95, -0.04, -0.30)
542.79: (-0.92, 0.30, -0.24)
542.91: (-0.74, 0.62, -0.26)
543.02: (-0.50, 0.65, -0.57)
543.14: (-0.31, 0.43, -0.85)
543.24: (-0.32, 0.00, -0.95)
543.36: (-0.43, -0.54, -0.72)
543.47: (-0.47, -0.64, -0.61)
543.59: (-0.27, -0.35, -0.90)
543.71: (-0.08, -0.08, -0.99)
543.82: (-0.03, -0.07, -1.00)
543.94: (0.11, 0.02, -0.99)
543.99: (0.14, 0.02, -0.99)
543.99: (0.37, 0.87, 0.32): 1
544.06: (0.14, 0.02, -0.99)
544.17: (0.14, 0.02, -0.99)
544.27: (0.14, 0.02, -0.99)
544.39: (0.09, 0.01, -1.00)
544.51: (0.06, 0.04, -1.00)
544.61: (0.07, 0.15, -0.99)
544.72: (0.05, 0.47, -0.88)
544.84: (-0.05, 0.86, -0.51)
544.96: (0.05, 0.98, -0.20)
545.07: (0.08, 1.00, 0.04)
545.17: (0.17, 0.94, 0.30)
545.29: (0.37, 0.84, 0.39)
545.41: (0.42, 0.82, 0.38)
545.41: (0.85, 0.22, 0.48): 1
545.41: (0.42, 0.82, 0.38)
545.51: (0.42, 0.82, 0.38)
545.62: (0.42, 0.82, 0.38)
545.74: (0.45, 0.79, 0.41)
545.86: (0.63, 0.45, 0.63)
545.97: (0.76, 0.15, 0.63)
546.09: (0.86, 0.13, 0.50)
546.14: (0.87, 0.14, 0.48)
546.14: (-0.75, 0.24, 0.61): 1
546.19: (0.87, 0.14, 0.48)
546.31: (0.87, 0.14, 0.48)
546.42: (0.87, 0.14, 0.48)
546.54: (0.86, 0.14, 0.49)
546.66: (0.59, 0.03, 0.81)
546.77: (0.39, -0.22, 0.89)
546.89: (0.28, -0.46, 0.84)
546.99: (0.21, -0.57, 0.80)
547.09: (0.20, -0.60, 0.78)
547.21: (0.16, -0.66, 0.74)
547.32: (0.00, -0.79, 0.61)
547.44: (-0.20, -0.93, 0.31)
547.56: (-0.31, -0.95, 0.10)
547.67: (-0.39, -0.91, -0.11)
547.79: (-0.50, -0.72, -0.49)
547.91: (-0.54, -0.38, -0.75)
548.02: (-0.52, -0.34, -0.78)
548.14: (-0.46, -0.15, -0.88)
548.24: (-0.24, 0.27, -0.93)
548.36: (-0.01, 0.57, -0.82)
548.47: (0.08, 0.66, -0.75)
548.57: (0.15, 0.78, -0.61)
548.67: (0.26, 0.90, -0.35)
548.79: (0.27, 0.90, -0.33)
548.89: (0.27, 0.90, -0.33)
549.01: (0.27, 0.90, -0.33)
549.12: (0.26, 0.91, -0.33)
549.24: (0.20, 0.90, -0.38)
549.34: (0.11, 0.76, -0.64)
549.46: (0.00, 0.47, -0.88)
549.57: (-0.20, 0.01, -0.98)
549.67: (-0.31, -0.35, -0.88)
549.79: (-0.38, -0.62, -0.69)
549.91: (-0.40, -0.85, -0.34)
550.02: (-0.33, -0.94, 0.00)
550.14: (-0.31, -0.95, 0.07)
550.26: (-0.30, -0.94, 0.16)
550.36: (-0.26, -0.92, 0.30)
550.47: (-0.22, -0.85, 0.48)
550.59: (-0.17, -0.77, 0.61)
550.69: (-0.11, -0.69, 0.72)
550.81: (-0.07, -0.57, 0.82)
550.91: (-0.01, -0.41, 0.91)
551.02: (0.13, -0.15, 0.98)
551.14: (0.22, 0.08, 0.97)
551.26: (0.31, 0.33, 0.89)
551.37: (0.36, 0.55, 0.76)
551.47: (0.38, 0.71, 0.60)
551.57: (0.39, 0.79, 0.47)
551.69: (0.39, 0.85, 0.36)
551.81: (0.39, 0.89, 0.24)
551.92: (0.37, 0.93, 0.01)
552.04: (0.35, 0.92, -0.18)
552.16: (0.34, 0.91, -0.24)
552.27: (0.31, 0.88, -0.37)
552.39: (0.25, 0.83, -0.51)
552.49: (0.23, 0.81, -0.54)
552.61: (0.20, 0.76, -0.61)
552.72: (0.12, 0.63, -0.76)
552.82: (0.06, 0.52, -0.85)
552.94: (-0.02, 0.34, -0.94)
553.06: (-0.09, -0.05, -0.99)
553.17: (0.23, -0.41, -0.88)
553.29: (0.44, -0.56, -0.70)
553.39: (0.50, -0.61, -0.62)
553.49: (0.52, -0.68, -0.52)
553.61: (0.35, -0.85, -0.40)
553.72: (0.08, -0.92, -0.39)
553.84: (-0.55, -0.78, -0.32)
553.96: (-0.89, -0.41, -0.20)
554.06: (-0.98, -0.20, 0.01)
554.17: (-0.95, 0.02, 0.32)
554.29: (-0.82, 0.24, 0.52)
554.40: (-0.78, 0.27, 0.56)
554.51: (-0.76, 0.25, 0.60)
554.61: (-0.74, 0.24, 0.63)
554.61: (0.64, 0.47, 0.60): 0
554.62: (-0.74, 0.24, 0.63)
554.74: (-0.74, 0.24, 0.63)
554.84: (-0.73, 0.24, 0.63)
554.95: (-0.83, 0.20, 0.52)
555.07: (-0.83, 0.20, 0.52)
555.19: (-0.83, 0.20, 0.52)
555.29: (-0.83, 0.20, 0.52)
555.40: (-0.86, 0.21, 0.47)
555.52: (-0.68, 0.27, 0.68)
555.62: (-0.48, 0.31, 0.82)
555.74: (-0.19, 0.36, 0.91)
555.85: (0.19, 0.41, 0.89)
555.97: (0.61, 0.37, 0.70)
556.09: (0.67, 0.35, 0.65)
556.20: (0.62, 0.44, 0.65)
556.30: (0.68, 0.45, 0.58)
556.30: (-0.79, 0.33, 0.52): 2
556.32: (0.68, 0.45, 0.58)
556.42: (0.68, 0.45, 0.58)
556.52: (0.67, 0.45, 0.59)
556.64: (0.68, 0.44, 0.58)
556.75: (0.73, 0.42, 0.54)
556.87: (0.38, 0.52, 0.77)
556.99: (-0.25, 0.45, 0.86)
557.10: (-0.47, 0.38, 0.80)
557.22: (-0.69, 0.28, 0.67)
557.34: (-0.83, 0.23, 0.51)
557.45: (-0.81, 0.30, 0.50)
557.52: (-0.81, 0.31, 0.50)
557.52: (-0.54, -0.81, -0.23): 2
557.57: (-0.81, 0.31, 0.50)
557.67: (-0.80, 0.31, 0.51)
557.79: (-0.78, 0.32, 0.54)
557.89: (-0.76, 0.33, 0.56)
558.00: (-0.48, 0.46, 0.75)
558.12: (0.25, 0.53, 0.81)
558.24: (0.61, 0.42, 0.67)
558.34: (0.54, 0.45, 0.71)
558.45: (-0.20, 0.53, 0.83)
558.57: (-0.81, 0.31, 0.50)
558.69: (-0.95, 0.19, 0.25)
558.79: (-0.99, 0.09, 0.09)
558.90: (-1.00, 0.01, -0.05)
559.00: (-0.98, -0.08, -0.19)
559.12: (-0.82, -0.29, -0.49)
559.22: (-0.55, -0.40, -0.73)
559.34: (-0.42, -0.47, -0.77)
559.45: (-0.52, -0.69, -0.51)
559.57: (-0.52, -0.75, -0.42)
559.67: (-0.52, -0.75, -0.42)
559.79: (-0.52, -0.82, -0.24)
559.85: (-0.52, -0.83, -0.20)
559.85: (-0.62, -0.46, 0.64): 0
559.89: (-0.52, -0.83, -0.20)
559.99: (-0.52, -0.83, -0.20)
560.09: (-0.52, -0.83, -0.20)
560.20: (-0.52, -0.83, -0.20)
560.32: (-0.53, -0.83, -0.20)
560.44: (-0.64, -0.76, -0.12)
560.54: (-0.79, -0.61, 0.00)
560.65: (-0.88, -0.47, 0.06)
560.77: (-0.96, -0.28, 0.10)
560.89: (-0.98, 0.07, 0.20)
561.00: (-0.88, 0.40, 0.24)
561.10: (-0.82, 0.49, 0.31)
561.22: (-0.87, 0.23, 0.43)
561.34: (-0.85, -0.06, 0.53)
561.45: (-0.78, -0.18, 0.60)
561.57: (-0.71, -0.32, 0.63)
561.69: (-0.68, -0.40, 0.61)
561.70: (-0.68, -0.40, 0.61)
561.70: (0.99, 0.00, 0.12): 1
561.80: (-0.68, -0.40, 0.61)
561.90: (-0.69, -0.38, 0.61)
562.02: (-0.70, -0.34, 0.63)
562.14: (-0.70, -0.30, 0.65)
562.24: (-0.70, -0.28, 0.65)
562.35: (-0.72, -0.22, 0.66)
562.47: (-0.73, -0.16, 0.67)
562.59: (-0.70, 0.03, 0.72)
562.70: (-0.53, 0.38, 0.76)
562.80: (-0.35, 0.61, 0.71)
562.92: (-0.18, 0.75, 0.63)
563.04: (0.03, 0.85, 0.53)
563.15: (0.38, 0.88, 0.28)
563.27: (0.60, 0.79, 0.15)
563.39: (0.72, 0.69, 0.04)
563.50: (0.86, 0.50, -0.13)
563.62: (0.91, 0.28, -0.29)
563.72: (0.91, 0.16, -0.39)
563.84: (0.91, 0.14, -0.40)
563.95: (0.97, 0.10, -0.23)
564.05: (1.00, 0.03, -0.07)
564.17: (1.00, 0.04, 0.04)
564.20: (1.00, 0.03, 0.05)
564.20: (0.36, -0.87, 0.35): 2
564.27: (1.00, 0.02, 0.06)
564.39: (1.00, 0.03, 0.06)
564.50: (0.99, 0.13, -0.02)
564.62: (0.97, 0.23, 0.00)
564.74: (0.95, 0.29, -0.07)
564.84: (0.83, 0.51, -0.23)
564.95: (0.76, 0.61, -0.22)
565.07: (0.76, 0.62, -0.22)
565.19: (0.61, 0.74, -0.30)
565.30: (0.70, 0.47, -0.54)
565.42: (0.66, 0.05, -0.75)
565.52: (0.53, -0.27, -0.80)
565.64: (0.26, -0.63, -0.73)
565.75: (0.01, -0.87, -0.50)
565.85: (-0.10, -0.96, -0.25)
565.97: (-0.18, -0.98, -0.08)
566.09: (-0.30, -0.95, 0.14)
566.20: (-0.43, -0.71, 0.56)
566.30: (-0.44, -0.43, 0.79)
566.40: (-0.42, -0.25, 0.87)
566.52: (-0.32, -0.27, 0.91)
566.64: (-0.03, -0.58, 0.81)
566.74: (0.19, -0.83, 0.53)
566.85: (0.30, -0.91, 0.27)
566.97: (0.35, -0.90, 0.25)
567.05: (0.37, -0.89, 0.27)
567.05: (-0.68, -0.68, -0.26): 2
567.07: (0.37, -0.89, 0.27)
567.17: (0.37, -0.89, 0.26)
567.29: (0.34, -0.92, 0.19)
567.40: (0.32, -0.95, -0.03)
567.52: (0.25, -0.90, -0.35)
567.64: (0.27, -0.88, -0.39)
567.75: (0.27, -0.88, -0.39)
567.85: (0.27, -0.88, -0.39)
567.97: (0.25, -0.89, -0.39)
568.09: (0.16, -0.92, -0.36)
568.19: (0.11, -0.92, -0.38)
568.29: (0.11, -0.92, -0.38)
568.40: (0.13, -0.92, -0.37)
568.52: (0.25, -0.93, -0.28)
568.64: (0.56, -0.83, 0.03)
568.75: (0.71, -0.67, 0.23)
568.85: (0.71, -0.56, 0.44)
568.97: (0.67, -0.42, 0.61)
569.09: (0.58, -0.33, 0.75)
569.20: (0.31, -0.16, 0.94)
569.32: (-0.06, 0.04, 1.00)
569.44: (-0.36, 0.19, 0.91)
569.54: (-0.52, 0.24, 0.82)
569.64: (-0.67, 0.27, 0.70)
569.75: (-0.78, 0.30, 0.56)
569.87: (-0.84, 0.28, 0.45)
569.99: (-0.91, 0.26, 0.32)
570.10: (-0.96, 0.25, 0.13)
570.22: (-0.97, 0.23, -0.02)
570.32: (-0.97, 0.21, -0.09)
570.43: (-0.97, 0.19, -0.15)
570.54: (-0.96, 0.18, -0.20)
570.64: (-0.93, 0.17, -0.32)
570.75: (-0.85, 0.16, -0.50)
570.87: (-0.72, 0.12, -0.69)
570.99: (-0.60, 0.07, -0.79)
571.10: (-0.52, 0.06, -0.85)
571.22: (-0.42, 0.04, -0.90)
571.33: (-0.40, 0.03, -0.92)
571.45: (-0.40, 0.03, -0.92)
571.55: (-0.40, 0.03, -0.92)
571.67: (-0.52, -0.06, -0.85)
571.77: (-0.63, -0.24, -0.74)
571.88: (-0.65, -0.42, -0.63)
571.98: (-0.73, -0.54, -0.42)
572.09: (-0.77, -0.58, -0.26)
572.20: (-0.74, -0.62, -0.27)
572.32: (-0.72, -0.64, -0.27)
572.33: (-0.72, -0.64, -0.27)
572.33: (0.87, 0.05, 0.50): 2
572.43: (-0.72, -0.64, -0.27)
572.53: (-0.72, -0.64, -0.27)
572.63: (-0.72, -0.64, -0.27)
572.73: (-0.72, -0.64, -0.27)
572.85: (-0.72, -0.64, -0.27)
572.97: (-0.72, -0.64, -0.27)
573.08: (-0.72, -0.62, -0.32)
573.20: (-0.66, -0.62, -0.42)
573.32: (-0.51, -0.54, -0.67)
573.43: (-0.41, -0.33, -0.85)
573.55: (-0.31, -0.13, -0.94)
573.65: (-0.21, 0.00, -0.98)
573.77: (-0.08, 0.12, -0.99)
573.88: (0.08, 0.25, -0.97)
574.00: (0.24, 0.35, -0.91)
574.12: (0.42, 0.42, -0.81)
574.23: (0.65, 0.45, -0.61)
574.33: (0.81, 0.44, -0.40)
574.43: (0.89, 0.41, -0.19)
574.55: (0.94, 0.31, 0.13)
574.67: (0.92, 0.20, 0.32)
574.78: (0.91, 0.09, 0.40)
574.90: (0.92, 0.02, 0.40)
575.02: (0.88, -0.03, 0.48)
575.10: (0.85, -0.05, 0.53)
575.10: (-0.71, -0.29, -0.65): 2
575.12: (0.85, -0.05, 0.53)
575.23: (0.85, -0.05, 0.53)
575.35: (0.87, -0.06, 0.50)
575.45: (0.92, -0.05, 0.38)
575.55: (0.98, 0.01, 0.22)
575.67: (0.98, 0.01, 0.22)
575.78: (0.98, 0.01, 0.22)
575.88: (0.91, 0.05, -0.40)
576.00: (0.61, 0.00, -0.79)
576.12: (0.43, -0.04, -0.90)
576.23: (0.06, -0.08, -1.00)
576.35: (-0.36, -0.02, -0.93)
576.47: (-0.69, 0.18, -0.70)
576.57: (-0.87, 0.15, -0.47)
576.68: (-0.77, -0.21, -0.60)
576.80: (-0.66, -0.39, -0.65)
576.92: (-0.72, -0.31, -0.62)
577.03: (-0.78, -0.23, -0.59)
577.05: (-0.77, -0.22, -0.59)
577.05: (-0.28, 0.08, 0.96): 0
577.15: (-0.77, -0.22, -0.59)
577.25: (-0.77, -0.22, -0.60)
577.37: (-0.69, -0.21, -0.69)
577.48: (-0.51, -0.26, -0.82)
577.58: (-0.51, -0.26, -0.82)
577.70: (-0.44, -0.38, -0.82)
577.82: (-0.89, -0.15, -0.43)
577.93: (-0.99, -0.16, 0.01)
578.05: (-0.95, -0.11, 0.29)
578.15: (-0.92, -0.03, 0.38)
578.27: (-0.81, 0.08, 0.57)
578.38: (-0.50, 0.12, 0.86)
578.50: (-0.35, -0.02, 0.94)
578.62: (-0.34, -0.04, 0.94)
578.67: (-0.34, -0.04, 0.94)
578.67: (0.28, 0.96, 0.02): 0
578.73: (-0.34, -0.04, 0.94)
578.85: (-0.34, -0.04, 0.94)
578.97: (-0.34, -0.03, 0.94)
579.08: (-0.32, 0.06, 0.95)
579.20: (-0.01, 0.45, 0.89)
579.32: (0.19, 0.72, 0.67)
579.42: (0.38, 0.86, 0.33)
579.53: (0.48, 0.88, 0.01)
579.63: (0.37, 0.93, -0.06)
579.75: (0.27, 0.96, 0.04)
579.80: (0.27, 0.96, 0.04)
579.80: (-0.91, 0.24, 0.33): 1
579.87: (0.27, 0.96, 0.04)
579.98: (0.27, 0.96, 0.04)
580.10: (0.27, 0.96, 0.04)
580.22: (0.20, 0.98, 0.03)
580.32: (0.01, 0.99, 0.11)
580.43: (-0.40, 0.84, 0.37)
580.55: (-0.74, 0.46, 0.49)
580.67: (-0.86, 0.18, 0.49)
580.78: (-0.87, 0.20, 0.44)
580.88: (-0.90, 0.26, 0.35)
580.93: (-0.92, 0.24, 0.30)
580.93: (-0.17, 0.88, 0.45): 0
581.00: (-0.93, 0.24, 0.28)
581.10: (-0.93, 0.24, 0.28)
581.20: (-0.93, 0.26, 0.26)
581.32: (-0.88, 0.43, 0.20)
581.43: (-0.60, 0.77, 0.21)
581.55: (-0.14, 0.98, 0.15)
581.65: (-0.06, 0.98, 0.17)
581.77: (-0.20, 0.92, 0.32)
581.88: (-0.27, 0.87, 0.41)
581.93: (-0.27, 0.87, 0.41)
581.93: (0.99, 0.10, 0.10): 1
581.98: (-0.27, 0.87, 0.41)
582.10: (-0.27, 0.87, 0.41)
582.22: (-0.35, 0.84, 0.41)
582.32: (-0.53, 0.70, 0.48)
582.43: (-0.56, 0.63, 0.55)
582.55: (-0.14, 0.83, 0.55)
582.67: (0.34, 0.90, 0.26)
582.78: (0.46, 0.87, 0.15)
582.90: (0.60, 0.80, 0.00)
583.02: (0.74, 0.66, -0.14)
583.13: (0.79, 0.42, -0.45)
583.23: (0.75, 0.20, -0.63)
583.33: (0.81, 0.16, -0.56)
583.45: (0.93, 0.36, -0.07)
583.57: (0.92, 0.34, 0.19)
583.67: (0.94, 0.31, 0.13)
583.78: (0.96, 0.26, 0.09)
583.90: (0.98, 0.17, 0.09)
583.95: (0.98, 0.17, 0.10)
583.95: (0.56, -0.83, 0.06): 2
584.02: (0.98, 0.17, 0.10)
584.13: (0.97, 0.22, 0.08)
584.25: (0.92, 0.38, 0.06)
584.35: (0.92, 0.38, 0.06)
584.47: (0.86, 0.49, 0.13)
584.58: (0.63, 0.75, 0.19)
584.68: (0.11, 0.90, 0.42)
584.80: (-0.11, 0.88, 0.46)
584.92: (-0.42, 0.86, 0.30)
585.02: (-0.78, 0.62, 0.10)
585.13: (-0.96, 0.27, -0.04)
585.25: (-0.97, 0.25, -0.07)
585.37: (-0.72, 0.68, -0.11)
585.48: (-0.33, 0.94, -0.05)
585.60: (0.01, 0.95, 0.30)
585.70: (0.21, 0.90, 0.39)
585.82: (0.43, 0.86, 0.28)
585.92: (0.57, 0.81, -0.12)
586.03: (0.56, 0.64, -0.52)
586.15: (0.47, 0.48, -0.74)
586.27: (0.70, 0.28, -0.66)
586.37: (0.93, -0.02, -0.37)
586.48: (1.00, -0.08, 0.05)
586.60: (0.93, -0.17, 0.32)
586.70: (0.77, -0.32, 0.55)
586.82: (0.47, -0.59, 0.66)
586.93: (0.23, -0.88, 0.42)
587.05: (0.27, -0.96, 0.08)
587.15: (0.35, -0.94, 0.00)
587.26: (0.49, -0.87, 0.03)
587.38: (0.57, -0.82, 0.01)
587.41: (0.57, -0.82, 0.01)
587.41: (0.05, -0.85, -0.53): 1
587.48: (0.57, -0.82, 0.01)
587.60: (0.58, -0.81, 0.01)
587.70: (0.60, -0.80, 0.03)
587.81: (0.54, -0.84, 0.02)
587.93: (0.04, -0.97, -0.23)
588.03: (-0.25, -0.88, -0.40)
588.15: (-0.18, -0.86, -0.48)
588.26: (-0.05, -0.84, -0.54)
588.36: (-0.01, -0.81, -0.58)
588.41: (0.00, -0.80, -0.60)
588.41: (-0.14, -0.09, -0.99): 1
588.48: (0.00, -0.80, -0.60)
588.60: (0.00, -0.80, -0.60)
588.70: (0.00, -0.80, -0.60)
588.81: (0.03, -0.79, -0.61)
588.93: (0.03, -0.79, -0.61)
589.05: (0.03, -0.80, -0.59)
589.16: (0.09, -0.82, -0.56)
589.28: (-0.15, -0.76, -0.63)
589.40: (-0.55, -0.61, -0.57)
589.50: (-0.71, -0.53, -0.46)
589.61: (-0.84, -0.39, -0.38)
589.73: (-0.95, -0.17, -0.27)
589.83: (-0.99, 0.06, -0.15)
589.95: (-0.94, 0.34, -0.01)
590.05: (-0.93, 0.37, 0.05)
590.16: (-0.90, 0.33, 0.28)
590.26: (-0.79, 0.41, 0.45)
590.38: (-0.61, 0.48, 0.63)
590.50: (-0.54, 0.53, 0.65)
590.60: (-0.76, 0.30, 0.58)
590.71: (-0.89, -0.44, 0.13)
590.83: (-0.56, -0.79, -0.24)
590.93: (-0.45, -0.84, -0.29)
591.05: (-0.33, -0.89, -0.32)
591.16: (-0.09, -0.91, -0.40)
591.28: (0.24, -0.84, -0.48)
591.40: (0.52, -0.65, -0.56)
591.51: (0.72, -0.38, -0.58)
591.63: (0.85, -0.07, -0.52)
591.73: (0.87, 0.16, -0.46)
591.85: (0.80, 0.34, -0.49)
591.95: (0.69, 0.43, -0.58)
592.06: (0.52, 0.46, -0.72)
592.18: (0.32, 0.45, -0.84)
592.30: (0.11, 0.41, -0.91)
592.40: (-0.04, 0.37, -0.93)
592.51: (-0.15, 0.24, -0.96)
592.63: (-0.08, 0.01, -1.00)
592.75: (-0.05, -0.05, -1.00)
592.80: (-0.05, -0.05, -1.00)
592.80: (-0.19, 0.73, 0.66): 0
592.86: (-0.05, -0.05, -1.00)
592.96: (-0.07, -0.06, -1.00)
593.06: (-0.09, -0.08, -0.99)
593.18: (-0.09, -0.09, -0.99)
593.30: (-0.09, -0.09, -0.99)
593.41: (-0.17, 0.17, -0.97)
593.51: (-0.31, 0.45, -0.84)
593.63: (-0.44, 0.58, -0.69)
593.75: (-0.50, 0.71, -0.50)
593.86: (-0.51, 0.83, -0.24)
593.98: (-0.51, 0.86, -0.02)
594.10: (-0.47, 0.86, 0.19)
594.21: (-0.37, 0.82, 0.43)
594.31: (-0.19, 0.78, 0.60)
594.43: (-0.05, 0.73, 0.68)
594.46: (-0.05, 0.73, 0.69)
594.46: (0.67, -0.54, -0.51): 2
594.55: (-0.05, 0.73, 0.69)
594.66: (-0.06, 0.73, 0.68)
594.76: (-0.13, 0.76, 0.64)
594.88: (-0.20, 0.79, 0.58)
594.98: (-0.29, 0.81, 0.51)
595.10: (-0.43, 0.87, 0.26)
595.20: (-0.47, 0.87, -0.13)
595.31: (-0.29, 0.83, -0.47)
595.43: (-0.01, 0.91, -0.41)
595.53: (0.37, 0.91, -0.19)
595.65: (0.65, 0.76, -0.01)
595.76: (0.77, 0.59, -0.24)
595.88: (0.58, 0.37, -0.72)
596.00: (0.29, 0.12, -0.95)
596.10: (0.06, -0.04, -1.00)
596.21: (-0.12, -0.19, -0.97)
596.33: (-0.27, -0.33, -0.91)
596.43: (-0.46, -0.44, -0.78)
596.55: (-0.66, -0.49, -0.57)
596.66: (-0.82, -0.51, -0.28)
596.78: (-0.82, -0.52, -0.21)
596.88: (-0.66, -0.62, -0.43)
597.00: (-0.26, -0.65, -0.71)
597.10: (0.06, -0.63, -0.77)
597.21: (0.27, -0.48, -0.84)
597.33: (0.56, -0.23, -0.79)
597.43: (0.67, -0.28, -0.69)
597.55: (0.68, -0.39, -0.62)
597.66: (0.67, -0.43, -0.60)
597.78: (0.67, -0.47, -0.57)
597.86: (0.67, -0.48, -0.56)
597.86: (0.80, -0.11, 0.59): 0
597.90: (0.67, -0.48, -0.57)
598.00: (0.66, -0.47, -0.59)
598.11: (0.66, -0.47, -0.59)
598.23: (0.64, -0.47, -0.61)
598.33: (0.62, -0.46, -0.64)
598.45: (0.69, -0.21, -0.70)
598.56: (0.76, 0.30, -0.58)
598.68: (0.65, 0.67, -0.35)
598.78: (0.57, 0.80, -0.21)
598.90: (0.45, 0.89, 0.00)
599.01: (0.24, 0.93, 0.29)
599.11: (-0.01, 0.87, 0.50)
599.23: (-0.21, 0.70, 0.68)
599.33: (-0.35, 0.45, 0.82)
599.45: (-0.57, 0.25, 0.78)
599.56: (-0.73, 0.08, 0.68)
599.68: (-0.73, 0.08, 0.68)
599.78: (-0.73, 0.08, 0.68)
599.90: (-0.71, 0.28, 0.65)
600.01: (-0.57, 0.51, 0.64)
600.13: (-0.45, 0.73, 0.52)
600.25: (-0.34, 0.87, 0.35)
600.35: (-0.15, 0.97, 0.17)
600.46: (0.35, 0.90, -0.27)
600.58: (0.69, 0.45, -0.56)
600.70: (0.76, 0.09, -0.65)
600.81: (0.71, -0.20, -0.67)
600.93: (0.64, -0.36, -0.68)
601.05: (0.61, -0.41, -0.68)
601.16: (0.57, -0.43, -0.70)
601.26: (0.54, -0.19, -0.82)
601.36: (0.54, -0.19, -0.82)
601.48: (0.54, -0.19, -0.82)
601.60: (0.59, -0.19, -0.78)
601.71: (0.61, -0.18, -0.77)
601.81: (0.63, -0.22, -0.75)
601.93: (0.66, -0.29, -0.69)
602.05: (0.71, -0.50, -0.51)
602.16: (0.70, -0.65, -0.29)
602.28: (0.62, -0.77, -0.11)
602.38: (0.43, -0.90, 0.07)
602.50: (-0.28, -0.84, 0.46)
602.60: (-0.64, -0.57, 0.52)
602.71: (-0.64, -0.57, 0.51)
602.81: (-0.64, -0.57, 0.51)
602.93: (-0.64, -0.57, 0.51)
603.04: (-0.63, -0.55, 0.54)
603.16: (-0.63, -0.55, 0.54)
603.26: (-0.69, -0.51, 0.52)
603.38: (-0.80, -0.37, 0.46)
603.49: (-0.91, -0.13, 0.38)
603.61: (-0.94, 0.20, 0.30)
603.73: (-0.91, 0.33, 0.25)
603.84: (-0.87, 0.44, 0.22)
603.96: (-0.80, 0.54, 0.26)
604.08: (-0.70, 0.60, 0.39)
604.19: (-0.53, 0.65, 0.54)
604.29: (-0.51, 0.65, 0.57)
604.39: (-0.48, 0.58, 0.66)
604.51: (-0.48, 0.58, 0.66)
604.63: (-0.48, 0.58, 0.66)
604.74: (-0.48, 0.58, 0.66)
604.86: (-0.48, 0.58, 0.66)
604.96: (-0.48, 0.58, 0.66)
605.06: (-0.48, 0.58, 0.66)
605.16: (-0.48, 0.58, 0.66)
605.28: (0.17, 0.35, 0.92)
605.39: (0.27, 0.25, 0.93)
605.51: (0.32, 0.25, 0.92)
605.61: (0.40, 0.25, 0.88)
605.73: (0.54, 0.39, 0.75)
605.84: (0.63, 0.67, 0.40)
605.96: (0.68, 0.66, 0.33)
606.08: (0.76, 0.21, 0.62)
606.19: (0.79, -0.02, 0.61)
606.31: (0.81, -0.05, 0.58)
606.41: (0.80, -0.13, 0.59)
606.51: (0.79, -0.16, 0.59)
606.51: (0.44, -0.81, -0.38): 2
606.53: (0.79, -0.16, 0.59)
606.63: (0.79, -0.16, 0.59)
606.74: (0.79, -0.16, 0.59)
606.86: (0.78, -0.16, 0.61)
606.98: (0.71, -0.20, 0.68)
607.09: (0.29, -0.50, 0.82)
607.21: (-0.16, -0.67, 0.72)
607.33: (-0.33, -0.67, 0.67)
607.44: (-0.52, -0.67, 0.53)
607.54: (-0.61, -0.67, 0.42)
607.66: (-0.89, -0.46, -0.02)
607.76: (-0.91, -0.42, -0.01)
607.88: (-0.91, -0.42, -0.01)
607.98: (-0.91, -0.42, -0.01)
608.09: (-0.89, -0.45, -0.04)
608.19: (-0.86, -0.49, -0.14)
608.31: (-0.82, -0.49, -0.31)
608.43: (-0.71, -0.55, -0.43)
608.54: (-0.56, -0.63, -0.54)
608.66: (-0.33, -0.59, -0.74)
608.76: (-0.25, -0.63, -0.73)
608.88: (-0.20, -0.76, -0.63)
608.99: (-0.10, -0.86, -0.50)
609.11: (0.03, -0.92, -0.38)
609.23: (0.20, -0.89, -0.42)
609.34: (0.37, -0.79, -0.48)
609.44: (0.38, -0.79, -0.48)
609.51: (0.38, -0.79, -0.48)
END