3/27/2023 3:20:22 PM
Mode: Default
White time (s): [0.8332672, 1.066483, 2.832458, 3.615952, 2.299591, 2.099564, 4.149033, 2.066238, 0.8000336, 2.583084, 1.466431, 1.749786, 1.133133, 1.366852, 1.33287, 1.199921, 0.5335693, 2.749542, 0.9329834, 0.6498718, 1.149933, 2.98291, 1.866119, 1.116333, 1.033081, 2.116119, 2.349274, 2.683197, 2.815979, 0.6335449]
Shot time (s): [1.616226, 3.133148, 1.499634, 0.5498657, 5.382141, 1.033005, 0.9329987, 1.316315, 1.765747, 1.366455, 0.4333649, 0.7162628, 1.366257, 2.165955, 1.316437, 4.58255, 1.682922, 2.39917, 5.932098, 1.082916, 1.349579, 1.53302, 0.8665466, 0.7330322, 1.016571, 1.449707, 0.6833191, 2.316071, 1.78302, 1.599548]
Step time (s): [2.6828, 1.7827, 0.7162018, 0.4667816, 3.716095, 3.215729, 2.449753, 1.499802, 2.94931, 0.8163605, 4.18251, 2.049911, 3.399216, 1.149551, 2.082977, 1.516418, 0.6997375, 2.482849, 0.3997803, 2.799591, 5.182465, 1.632843, 2.416107, 1.416595, 6.04892, 2.149261, 0.5836182, 2.915741, 4.315826, 2.116119]
White horz (deg): [29.88999, 39.89999, 242.6899, 279.37, 90.85992, 150.9901, 386.6099, 80.84995, 28.62999, 170.38, 55.50997, 166.6, 109.83, 120.19, 55.22998, 57.81998, 12.81, 199.01, 43.53999, 45.28998, 128.8699, 266.63, 217.4199, 98.35001, 104.58, 109.8999, 167.79, 130.8999, 196.1399, 38.56999]
Shot horz (deg): [64.04996, 235.13, 113.96, 23.45, 447.09, 48.36999, 39.68998, 101.71, 128.5199, 83.78996, 9.239998, 26.88, 130.8299, 84.34995, 72.58997, 404.32, 116.83, 144.5501, 554.54, 79.51997, 130.48, 184.66, 53.26998, 25.68999, 122.9199, 110.3899, 21.98, 180.81, 121.9399, 101.08]
Step horz (deg): [186.97, 135.8, 24.70999, 22.47, 294.8399, 152.25, 151.83, 28.90999, 179.6199, 48.78999, 203.2101, 127.1199, 152.53, 58.02999, 127.5399, 110.6, 21.41999, 281.1899, 8.399999, 183.2599, 531.5101, 150.64, 257.8799, 91.76995, 423.2199, 159.8799, 6.929999, 173.95, 273.6999, 106.3999]
White vert (deg): [15.19, 50.81998, 111.9299, 203.91, 87.42996, 112.3499, 204.26, 112.91, 33.94999, 112.63, 70.20998, 48.01997, 22.67999, 37.51998, 39.61999, 54.59998, 20.3, 39.75995, 32.19999, 10.01, 21.48999, 213.5, 98.48994, 32.61999, 23.38, 79.93996, 91.97996, 73.49997, 129.29, 10.77999]
Shot vert (deg): [81.19996, 114.3099, 53.82996, 16.03, 298.6199, 32.61999, 31.00999, 24.84999, 57.74998, 34.29999, 5.949998, 40.73999, 45.56998, 104.51, 61.73998, 221.3399, 41.92999, 84.13993, 256.5499, 45.70999, 97.57993, 45.42999, 10.08, 30.45, 29.11999, 44.58998, 16.59, 92.53991, 73.56997, 81.82996]
Step vert (deg): [79.30993, 69.01997, 29.96, 5.879998, 190.9599, 191.6599, 56.55997, 59.70998, 182.28, 8.469997, 227.2899, 55.08998, 222.4599, 26.88, 76.57994, 37.23998, 14.49, 108.2199, 6.159999, 150.92, 238.9101, 43.60997, 89.24992, 62.08998, 314.7899, 94.42995, 23.73, 146.44, 188.2999, 128.8]

Time in sec: camera forward versor
Time in sec: target versor: sound type (0 = White, 1 = Shot, 2 = Step)
START
165.80: (0.44, -0.79, -0.42): 2
165.80: (0.00, 0.02, 1.00)
165.92: (0.00, 0.02, 1.00)
166.02: (0.00, 0.02, 1.00)
166.14: (-0.02, -0.04, 1.00)
166.25: (-0.05, -0.07, 1.00)
166.37: (-0.05, -0.07, 1.00)
166.47: (-0.05, -0.07, 1.00)
166.59: (-0.10, -0.18, 0.98)
166.70: (-0.25, -0.43, 0.87)
166.82: (-0.38, -0.62, 0.68)
166.94: (-0.49, -0.73, 0.47)
167.05: (-0.53, -0.79, 0.30)
167.17: (-0.56, -0.83, -0.02)
167.29: (-0.51, -0.84, -0.17)
167.40: (-0.28, -0.78, -0.56)
167.52: (-0.13, -0.57, -0.81)
167.62: (-0.08, -0.54, -0.84)
167.74: (0.04, -0.57, -0.82)
167.85: (0.20, -0.44, -0.88)
167.95: (0.30, -0.45, -0.84)
168.05: (0.26, -0.70, -0.67)
168.15: (0.28, -0.73, -0.62)
168.27: (0.37, -0.74, -0.56)
168.39: (0.44, -0.73, -0.52)
168.49: (0.46, -0.73, -0.50)
168.49: (0.16, -0.99, -0.07): 0
168.50: (0.46, -0.73, -0.50)
168.62: (0.44, -0.75, -0.49)
168.72: (0.45, -0.75, -0.49)
168.82: (0.45, -0.75, -0.49)
168.92: (0.35, -0.83, -0.43)
169.04: (0.17, -0.95, -0.27)
169.15: (0.18, -0.96, -0.22)
169.27: (0.16, -0.98, -0.14)
169.32: (0.16, -0.98, -0.13)
169.32: (0.99, 0.07, -0.12): 2
169.37: (0.17, -0.98, -0.13)
169.48: (0.16, -0.98, -0.12)
169.60: (0.19, -0.97, -0.14)
169.70: (0.21, -0.97, -0.14)
169.82: (0.19, -0.97, -0.13)
169.93: (0.37, -0.87, -0.34)
170.03: (0.56, -0.57, -0.61)
170.15: (0.65, -0.28, -0.70)
170.27: (0.74, 0.06, -0.67)
170.38: (0.69, 0.36, -0.63)
170.48: (0.68, 0.49, -0.55)
170.60: (0.88, 0.30, -0.37)
170.70: (0.95, 0.16, -0.26)
170.82: (0.95, 0.15, -0.27)
170.92: (0.97, 0.12, -0.19)
171.03: (0.99, 0.08, -0.12)
171.10: (0.99, 0.07, -0.11)
171.10: (0.14, -0.19, -0.97): 1
171.15: (0.99, 0.06, -0.11)
171.25: (0.99, 0.06, -0.11)
171.37: (0.99, 0.05, -0.12)
171.48: (0.99, 0.06, -0.13)
171.60: (0.98, 0.11, -0.18)
171.70: (0.95, 0.14, -0.28)
171.82: (0.84, 0.20, -0.50)
171.92: (0.63, 0.36, -0.69)
172.02: (0.52, 0.41, -0.75)
172.13: (0.44, 0.37, -0.82)
172.25: (0.31, 0.37, -0.88)
172.35: (0.27, 0.17, -0.95)
172.47: (0.27, 0.01, -0.96)
172.58: (0.21, -0.07, -0.97)
172.70: (0.14, -0.24, -0.96)
172.72: (0.14, -0.25, -0.96)
172.72: (0.94, -0.16, -0.30): 0
172.82: (0.14, -0.27, -0.95)
172.92: (0.17, -0.26, -0.95)
173.03: (0.17, -0.26, -0.95)
173.13: (0.17, -0.26, -0.95)
173.25: (0.28, -0.33, -0.90)
173.37: (0.59, -0.49, -0.65)
173.47: (0.74, -0.41, -0.53)
173.58: (0.85, -0.34, -0.41)
173.70: (0.92, -0.21, -0.33)
173.78: (0.93, -0.22, -0.31)
173.78: (0.74, 0.47, 0.47): 1
173.82: (0.93, -0.22, -0.31)
173.93: (0.93, -0.22, -0.31)
174.03: (0.92, -0.23, -0.31)
174.15: (0.92, -0.23, -0.31)
174.25: (0.90, -0.21, -0.38)
174.37: (0.67, 0.05, -0.74)
174.47: (0.52, 0.20, -0.83)
174.58: (0.45, 0.15, -0.88)
174.70: (0.30, 0.23, -0.92)
174.82: (0.13, 0.30, -0.95)
174.93: (0.06, 0.08, -1.00)
175.05: (0.15, -0.17, -0.98)
175.15: (0.28, -0.32, -0.91)
175.27: (0.27, -0.38, -0.89)
175.38: (0.27, -0.56, -0.79)
175.50: (0.32, -0.72, -0.61)
175.60: (0.42, -0.81, -0.41)
175.70: (0.52, -0.82, -0.22)
175.82: (0.58, -0.81, -0.07)
175.93: (0.71, -0.69, 0.16)
176.05: (0.76, -0.58, 0.28)
176.15: (0.78, -0.36, 0.51)
176.27: (0.76, -0.19, 0.62)
176.38: (0.65, -0.02, 0.76)
176.50: (0.72, 0.09, 0.69)
176.62: (0.80, 0.20, 0.57)
176.73: (0.78, 0.34, 0.53)
176.85: (0.76, 0.39, 0.51)
176.92: (0.76, 0.40, 0.51)
176.92: (0.95, 0.27, -0.15): 2
176.97: (0.76, 0.40, 0.51)
177.08: (0.76, 0.40, 0.51)
177.20: (0.77, 0.41, 0.48)
177.30: (0.89, 0.34, 0.32)
177.42: (0.95, 0.31, 0.01)
177.53: (0.93, 0.34, -0.11)
177.63: (0.93, 0.34, -0.11)
177.63: (0.72, 0.66, 0.21): 2
177.65: (0.93, 0.34, -0.11)
177.77: (0.93, 0.34, -0.11)
177.87: (0.91, 0.41, -0.08)
177.98: (0.80, 0.59, 0.14)
178.10: (0.79, 0.60, 0.16)
178.10: (0.12, -0.54, 0.83): 0
178.10: (0.79, 0.60, 0.16)
178.22: (0.78, 0.60, 0.16)
178.33: (0.78, 0.61, 0.17)
178.45: (0.81, 0.57, 0.15)
178.55: (0.90, 0.43, 0.02)
178.67: (0.90, 0.42, -0.05)
178.78: (0.92, 0.32, -0.24)
178.88: (0.89, 0.09, -0.45)
179.00: (0.82, -0.05, -0.57)
179.12: (0.64, -0.31, -0.70)
179.23: (0.43, -0.46, -0.78)
179.35: (0.25, -0.49, -0.84)
179.47: (-0.04, -0.58, -0.81)
179.58: (-0.21, -0.60, -0.77)
179.68: (-0.37, -0.69, -0.62)
179.80: (-0.55, -0.77, -0.31)
179.90: (-0.64, -0.75, -0.16)
180.02: (-0.60, -0.80, 0.04)
180.13: (-0.58, -0.70, 0.41)
180.25: (-0.59, -0.58, 0.56)
180.37: (-0.47, -0.53, 0.70)
180.47: (-0.33, -0.41, 0.85)
180.58: (-0.23, -0.40, 0.89)
180.70: (-0.11, -0.53, 0.84)
180.80: (-0.06, -0.57, 0.82)
180.92: (0.05, -0.58, 0.81)
180.93: (0.06, -0.58, 0.81)
180.93: (0.97, -0.23, 0.12): 0
181.03: (0.07, -0.57, 0.82)
181.15: (0.07, -0.57, 0.82)
181.27: (0.08, -0.58, 0.81)
181.38: (0.07, -0.67, 0.74)
181.48: (0.14, -0.57, 0.81)
181.60: (0.14, -0.11, 0.98)
181.72: (0.07, 0.33, 0.94)
181.82: (-0.03, 0.53, 0.85)
181.93: (-0.14, 0.69, 0.71)
182.05: (-0.27, 0.80, 0.53)
182.17: (-0.35, 0.87, 0.36)
182.28: (-0.47, 0.87, 0.15)
182.38: (-0.57, 0.82, -0.05)
182.50: (-0.58, 0.75, -0.32)
182.62: (-0.54, 0.65, -0.53)
182.73: (-0.47, 0.54, -0.69)
182.85: (-0.35, 0.38, -0.86)
182.95: (-0.21, 0.30, -0.93)
183.05: (-0.05, 0.51, -0.86)
183.17: (0.20, 0.77, -0.61)
183.28: (0.35, 0.69, -0.63)
183.38: (0.53, 0.56, -0.63)
183.50: (0.75, 0.48, -0.45)
183.62: (0.77, 0.56, -0.31)
183.72: (0.77, 0.56, -0.31)
183.83: (0.77, 0.56, -0.31)
183.95: (0.82, 0.53, -0.23)
184.07: (0.96, 0.26, -0.06)
184.18: (0.98, 0.17, -0.07)
184.30: (1.00, 0.00, 0.04)
184.42: (0.99, -0.06, 0.10)
184.53: (0.98, -0.12, 0.15)
184.55: (0.98, -0.14, 0.15)
184.55: (-0.19, -0.81, 0.55): 1
184.63: (0.98, -0.14, 0.15)
184.75: (0.98, -0.14, 0.14)
184.86: (0.99, -0.07, 0.11)
184.97: (0.99, -0.01, 0.10)
185.08: (1.00, -0.04, 0.09)
185.20: (0.90, -0.44, 0.01)
185.31: (0.55, -0.83, -0.05)
185.43: (0.20, -0.98, 0.03)
185.53: (0.07, -0.97, 0.22)
185.65: (0.10, -0.90, 0.42)
185.76: (0.06, -0.89, 0.46)
185.86: (-0.06, -0.86, 0.50)
185.98: (-0.14, -0.83, 0.53)
186.05: (-0.18, -0.81, 0.55)
186.05: (-0.07, 0.87, 0.48): 0
186.10: (-0.18, -0.81, 0.55)
186.21: (-0.18, -0.81, 0.55)
186.31: (-0.18, -0.81, 0.55)
186.43: (-0.18, -0.81, 0.55)
186.55: (-0.32, -0.77, 0.55)
186.66: (-0.54, -0.56, 0.63)
186.78: (-0.61, -0.41, 0.68)
186.90: (-0.60, -0.43, 0.68)
187.01: (-0.60, -0.43, 0.68)
187.13: (-0.62, -0.36, 0.69)
187.25: (-0.76, -0.05, 0.64)
187.36: (-0.80, 0.14, 0.58)
187.46: (-0.80, 0.24, 0.55)
187.58: (-0.73, 0.40, 0.55)
187.70: (-0.65, 0.52, 0.55)
187.81: (-0.56, 0.62, 0.55)
187.93: (-0.45, 0.70, 0.55)
188.05: (-0.28, 0.77, 0.58)
188.16: (-0.17, 0.81, 0.56)
188.26: (-0.14, 0.83, 0.54)
188.35: (-0.09, 0.85, 0.52)
188.35: (-0.36, 0.90, 0.24): 1
188.38: (-0.09, 0.86, 0.51)
188.50: (-0.08, 0.86, 0.50)
188.60: (-0.08, 0.86, 0.50)
188.71: (-0.16, 0.90, 0.41)
188.81: (-0.33, 0.93, 0.17)
188.90: (-0.36, 0.92, 0.13)
188.90: (0.87, 0.50, 0.01): 2
188.93: (-0.36, 0.92, 0.13)
189.05: (-0.36, 0.93, 0.12)
189.15: (-0.36, 0.93, 0.12)
189.26: (-0.37, 0.92, 0.17)
189.38: (-0.36, 0.90, 0.25)
189.48: (-0.35, 0.84, 0.42)
189.60: (-0.33, 0.75, 0.58)
189.70: (-0.42, 0.82, 0.38)
189.81: (-0.66, 0.74, -0.13)
189.93: (-0.81, 0.43, -0.39)
190.03: (-0.82, 0.18, -0.54)
190.15: (-0.82, 0.06, -0.56)
190.25: (-0.87, -0.09, -0.49)
190.36: (-0.91, -0.23, -0.35)
190.48: (-0.90, -0.35, -0.25)
190.58: (-0.91, -0.39, -0.14)
190.70: (-0.85, -0.51, -0.14)
190.81: (-0.63, -0.67, -0.39)
190.93: (-0.41, -0.71, -0.57)
191.05: (-0.31, -0.74, -0.60)
191.15: (-0.13, -0.75, -0.65)
191.25: (0.11, -0.66, -0.74)
191.36: (0.28, -0.58, -0.77)
191.48: (0.34, -0.51, -0.79)
191.60: (0.33, -0.52, -0.79)
191.71: (0.33, -0.52, -0.79)
191.83: (0.45, -0.42, -0.79)
191.95: (0.57, -0.07, -0.82)
192.06: (0.62, 0.41, -0.67)
192.16: (0.58, 0.61, -0.54)
192.28: (0.56, 0.74, -0.36)
192.40: (0.76, 0.62, -0.17)
192.50: (0.84, 0.54, -0.05)
192.61: (0.86, 0.51, 0.03)
192.61: (-0.98, 0.12, -0.17): 2
192.61: (0.86, 0.51, 0.03)
192.73: (0.86, 0.51, 0.02)
192.83: (0.86, 0.51, 0.02)
192.95: (0.86, 0.51, -0.01)
193.05: (0.86, 0.51, -0.02)
193.16: (0.86, 0.52, -0.02)
193.28: (0.84, 0.53, -0.09)
193.40: (0.84, 0.53, -0.08)
193.51: (0.89, 0.44, -0.11)
193.63: (0.94, 0.21, -0.25)
193.73: (0.97, -0.02, -0.26)
193.85: (0.96, -0.21, -0.16)
193.96: (0.87, -0.44, -0.23)
194.08: (0.81, -0.52, -0.28)
194.18: (0.88, -0.27, -0.39)
194.30: (0.79, 0.09, -0.60)
194.41: (0.77, 0.14, -0.62)
194.51: (0.61, 0.22, -0.76)
194.61: (0.43, 0.38, -0.82)
194.73: (0.34, 0.55, -0.77)
194.85: (0.16, 0.57, -0.81)
194.96: (-0.08, 0.44, -0.89)
195.08: (-0.30, 0.41, -0.86)
195.18: (-0.46, 0.43, -0.78)
195.28: (-0.63, 0.34, -0.70)
195.40: (-0.84, 0.12, -0.54)
195.51: (-0.92, 0.05, -0.38)
195.63: (-0.93, 0.07, -0.37)
195.75: (-0.95, 0.07, -0.32)
195.83: (-0.97, 0.07, -0.25)
195.83: (1.00, -0.01, -0.01): 0
195.86: (-0.97, 0.07, -0.23)
195.96: (-0.97, 0.06, -0.24)
196.08: (-0.96, 0.04, -0.26)
196.18: (-0.95, 0.02, -0.30)
196.28: (-0.93, 0.02, -0.36)
196.40: (-0.88, 0.13, -0.46)
196.51: (-0.63, 0.42, -0.65)
196.61: (-0.43, 0.53, -0.73)
196.73: (-0.20, 0.58, -0.79)
196.85: (0.03, 0.63, -0.78)
196.95: (0.18, 0.68, -0.71)
197.06: (0.41, 0.77, -0.49)
197.18: (0.55, 0.74, -0.39)
197.30: (0.67, 0.67, -0.31)
197.41: (0.87, 0.42, -0.27)
197.51: (0.96, 0.13, -0.24)
197.63: (0.97, -0.21, -0.07)
197.75: (0.99, -0.16, 0.00)
197.86: (0.99, -0.12, 0.01)
197.93: (0.99, -0.11, 0.00)
197.93: (-0.93, 0.01, -0.36): 2
197.98: (0.99, -0.11, 0.00)
198.10: (0.99, -0.11, 0.00)
198.21: (1.00, -0.09, -0.02)
198.31: (0.98, -0.05, -0.17)
198.41: (0.96, -0.05, -0.26)
198.53: (0.96, -0.05, -0.26)
198.65: (0.93, -0.03, -0.36)
198.76: (0.75, 0.03, -0.66)
198.88: (0.55, -0.01, -0.83)
199.00: (0.44, -0.08, -0.89)
199.11: (0.44, -0.11, -0.89)
199.21: (0.36, -0.23, -0.90)
199.33: (0.12, -0.34, -0.93)
199.45: (-0.06, -0.38, -0.92)
199.56: (-0.20, -0.41, -0.89)
199.68: (-0.34, -0.33, -0.88)
199.78: (-0.57, -0.18, -0.80)
199.90: (-0.67, -0.09, -0.73)
200.01: (-0.73, -0.08, -0.68)
200.13: (-0.84, -0.08, -0.54)
200.23: (-0.87, -0.04, -0.49)
200.35: (-0.91, 0.00, -0.41)
200.38: (-0.92, 0.01, -0.39)
200.38: (0.77, 0.51, 0.40): 1
200.45: (-0.92, 0.01, -0.39)
200.56: (-0.92, 0.01, -0.39)
200.68: (-0.92, 0.01, -0.39)
200.79: (-0.91, -0.04, -0.42)
200.90: (-0.76, -0.25, -0.59)
201.01: (-0.47, -0.50, -0.72)
201.13: (-0.43, -0.59, -0.68)
201.24: (-0.46, -0.71, -0.54)
201.36: (-0.38, -0.85, -0.37)
201.46: (-0.25, -0.95, -0.20)
201.58: (-0.04, -1.00, -0.04)
201.69: (0.24, -0.97, 0.01)
201.79: (0.40, -0.91, 0.01)
201.91: (0.50, -0.86, 0.06)
202.03: (0.66, -0.74, 0.08)
202.14: (0.81, -0.59, 0.00)
202.26: (0.95, -0.28, -0.14)
202.36: (0.95, -0.09, -0.29)
202.48: (0.89, 0.09, -0.44)
202.58: (0.82, 0.32, -0.46)
202.69: (0.74, 0.53, -0.41)
202.81: (0.63, 0.57, -0.53)
202.91: (0.48, 0.48, -0.74)
203.03: (0.35, 0.21, -0.91)
203.14: (0.33, 0.01, -0.95)
203.26: (0.18, -0.06, -0.98)
203.38: (0.06, -0.15, -0.99)
203.48: (0.02, -0.18, -0.98)
203.59: (-0.12, -0.13, -0.98)
203.69: (-0.42, 0.07, -0.90)
203.81: (-0.58, 0.13, -0.80)
203.93: (-0.59, 0.13, -0.80)
204.04: (-0.66, 0.27, -0.70)
204.16: (-0.66, 0.36, -0.66)
204.26: (-0.66, 0.36, -0.66)
204.38: (-0.59, 0.16, -0.79)
204.49: (-0.52, 0.58, -0.63)
204.61: (-0.45, 0.68, -0.58)
204.73: (-0.37, 0.80, -0.48)
204.84: (-0.22, 0.95, -0.21)
204.96: (0.08, 0.97, 0.21)
205.08: (0.37, 0.78, 0.50)
205.19: (0.30, 0.58, 0.76)
205.29: (0.30, 0.41, 0.86)
205.41: (0.57, 0.43, 0.70)
205.53: (0.65, 0.49, 0.58)
205.64: (0.68, 0.49, 0.54)
205.74: (0.73, 0.54, 0.42)
205.76: (0.73, 0.54, 0.42)
205.76: (0.91, -0.05, -0.40): 2
205.84: (0.73, 0.54, 0.42)
205.94: (0.71, 0.57, 0.42)
206.06: (0.71, 0.60, 0.37)
206.18: (0.71, 0.60, 0.37)
206.29: (0.71, 0.60, 0.37)
206.39: (0.72, 0.56, 0.41)
206.51: (0.75, 0.52, 0.41)
206.63: (0.83, 0.39, 0.41)
206.73: (0.92, 0.31, 0.25)
206.84: (0.99, 0.14, -0.01)
206.96: (0.99, -0.02, -0.17)
207.06: (0.97, -0.03, -0.23)
207.18: (0.96, -0.03, -0.28)
207.26: (0.95, -0.02, -0.30)
207.26: (-0.96, 0.25, 0.11): 0
207.29: (0.95, -0.02, -0.30)
207.41: (0.95, -0.02, -0.30)
207.53: (0.95, 0.02, -0.30)
207.64: (0.95, 0.06, -0.31)
207.74: (0.95, 0.06, -0.31)
207.86: (0.97, -0.13, -0.20)
207.98: (0.96, -0.23, -0.15)
208.09: (0.95, -0.27, -0.15)
208.21: (0.90, -0.43, -0.11)
208.31: (0.79, -0.58, -0.17)
208.43: (0.69, -0.68, -0.25)
208.54: (0.61, -0.72, -0.34)
208.64: (0.52, -0.76, -0.40)
208.76: (0.31, -0.88, -0.35)
208.88: (0.06, -0.98, -0.21)
208.99: (-0.12, -0.99, 0.05)
209.09: (-0.21, -0.96, 0.19)
209.21: (-0.31, -0.86, 0.41)
209.31: (-0.41, -0.75, 0.52)
209.43: (-0.56, -0.53, 0.63)
209.53: (-0.55, -0.54, 0.63)
209.63: (-0.26, -0.85, 0.45)
209.74: (0.25, -0.94, 0.24)
209.86: (0.60, -0.80, 0.01)
209.96: (0.74, -0.58, -0.34)
210.08: (0.72, -0.40, -0.56)
210.19: (0.67, -0.28, -0.69)
210.29: (0.51, -0.14, -0.85)
210.41: (0.17, 0.02, -0.98)
210.53: (-0.19, 0.11, -0.98)
210.63: (-0.38, 0.26, -0.89)
210.74: (-0.50, 0.33, -0.80)
210.86: (-0.64, 0.38, -0.67)
210.98: (-0.81, 0.43, -0.41)
211.09: (-0.89, 0.45, -0.08)
211.19: (-0.93, 0.37, 0.06)
211.31: (-0.96, 0.27, 0.10)
211.41: (-0.96, 0.25, 0.10)
211.41: (-0.21, -0.64, 0.74): 0
211.41: (-0.96, 0.25, 0.10)
211.51: (-0.96, 0.25, 0.10)
211.63: (-0.96, 0.27, 0.00)
211.74: (-0.96, 0.27, 0.00)
211.86: (-0.96, 0.27, 0.00)
211.96: (-0.85, 0.51, -0.10)
212.08: (-0.74, 0.66, -0.12)
212.19: (-0.76, 0.65, 0.00)
212.31: (-0.82, 0.56, 0.12)
212.41: (-0.89, 0.38, 0.27)
212.51: (-0.91, 0.21, 0.35)
212.63: (-0.87, 0.17, 0.47)
212.74: (-0.79, 0.08, 0.60)
212.84: (-0.73, -0.03, 0.69)
212.96: (-0.62, -0.17, 0.76)
213.08: (-0.53, -0.28, 0.80)
213.19: (-0.39, -0.47, 0.79)
213.31: (-0.30, -0.59, 0.74)
213.41: (-0.25, -0.65, 0.72)
213.48: (-0.25, -0.65, 0.72)
213.48: (0.48, -0.54, 0.69): 1
213.53: (-0.25, -0.65, 0.72)
213.64: (-0.25, -0.65, 0.72)
213.76: (-0.26, -0.64, 0.72)
213.86: (-0.26, -0.64, 0.72)
213.98: (-0.34, -0.53, 0.78)
214.08: (-0.05, -0.56, 0.83)
214.18: (0.16, -0.55, 0.82)
214.29: (0.28, -0.61, 0.74)
214.41: (0.43, -0.62, 0.66)
214.51: (0.49, -0.61, 0.62)
214.51: (0.66, 0.14, 0.74): 0
214.53: (0.49, -0.61, 0.62)
214.64: (0.49, -0.61, 0.62)
214.74: (0.49, -0.61, 0.62)
214.86: (0.54, -0.42, 0.73)
214.96: (0.55, -0.25, 0.80)
215.08: (0.59, -0.12, 0.80)
215.19: (0.62, 0.04, 0.78)
215.31: (0.64, 0.11, 0.76)
215.31: (-0.81, 0.49, -0.32): 2
215.31: (0.64, 0.11, 0.76)
215.43: (0.64, 0.11, 0.76)
215.54: (0.63, 0.09, 0.77)
215.66: (0.66, 0.10, 0.75)
215.77: (0.66, 0.02, 0.75)
215.88: (0.65, -0.14, 0.75)
215.99: (0.64, -0.36, 0.68)
216.09: (0.63, -0.57, 0.53)
216.21: (0.52, -0.79, 0.32)
216.33: (0.41, -0.89, 0.22)
216.44: (0.23, -0.97, 0.12)
216.54: (0.12, -0.99, 0.04)
216.66: (0.05, -1.00, 0.03)
216.76: (0.05, -1.00, 0.03)
216.88: (0.05, -1.00, 0.04)
216.99: (0.05, -0.89, 0.46)
217.11: (-0.17, -0.83, 0.53)
217.22: (-0.39, -0.85, 0.36)
217.34: (-0.61, -0.78, 0.11)
217.46: (-0.68, -0.72, -0.14)
217.57: (-0.77, -0.55, -0.33)
217.67: (-0.84, -0.46, -0.30)
217.79: (-0.94, -0.15, -0.30)
217.91: (-0.96, 0.13, -0.26)
218.01: (-0.88, 0.40, -0.26)
218.11: (-0.83, 0.49, -0.29)
218.22: (-0.82, 0.48, -0.31)
218.26: (-0.82, 0.48, -0.31)
218.26: (-0.59, -0.18, -0.79): 1
218.34: (-0.82, 0.48, -0.31)
218.44: (-0.82, 0.48, -0.31)
218.56: (-0.82, 0.44, -0.36)
218.67: (-0.84, 0.35, -0.41)
218.79: (-0.79, 0.12, -0.60)
218.91: (-0.67, -0.04, -0.74)
219.01: (-0.63, -0.06, -0.77)
219.12: (-0.59, -0.12, -0.80)
219.19: (-0.58, -0.16, -0.80)
219.19: (-0.22, -0.81, -0.54): 2
219.22: (-0.58, -0.16, -0.80)
219.32: (-0.58, -0.16, -0.80)
219.44: (-0.58, -0.17, -0.80)
219.56: (-0.51, -0.52, -0.68)
219.67: (-0.44, -0.65, -0.62)
219.79: (-0.37, -0.73, -0.57)
219.91: (-0.24, -0.83, -0.50)
220.01: (-0.22, -0.84, -0.50)
220.01: (0.86, 0.47, -0.22): 0
220.02: (-0.22, -0.84, -0.50)
220.12: (-0.22, -0.84, -0.50)
220.24: (-0.21, -0.84, -0.51)
220.36: (-0.22, -0.79, -0.57)
220.46: (-0.31, -0.63, -0.71)
220.57: (-0.23, -0.44, -0.87)
220.69: (-0.15, -0.16, -0.98)
220.81: (-0.14, 0.32, -0.94)
220.92: (-0.06, 0.70, -0.72)
221.02: (0.01, 0.82, -0.58)
221.14: (0.02, 0.92, -0.39)
221.26: (0.01, 0.95, -0.30)
221.37: (0.04, 0.94, -0.33)
221.49: (0.08, 0.93, -0.36)
221.61: (0.15, 0.94, -0.32)
221.72: (0.28, 0.94, -0.20)
221.82: (0.38, 0.92, -0.08)
221.94: (0.41, 0.91, -0.04)
222.04: (0.41, 0.91, 0.05)
222.16: (0.52, 0.85, -0.09)
222.27: (0.70, 0.66, -0.26)
222.37: (0.77, 0.57, -0.29)
222.49: (0.86, 0.46, -0.22)
222.59: (0.86, 0.46, -0.22)
222.59: (-0.19, 0.46, -0.87): 0
222.61: (0.86, 0.46, -0.22)
222.71: (0.86, 0.46, -0.22)
222.82: (0.87, 0.46, -0.20)
222.92: (0.87, 0.46, -0.20)
223.04: (0.85, 0.48, -0.21)
223.16: (0.71, 0.57, -0.42)
223.27: (0.49, 0.44, -0.75)
223.39: (0.39, 0.33, -0.86)
223.49: (0.31, 0.25, -0.92)
223.61: (0.25, 0.22, -0.94)
223.71: (0.11, 0.32, -0.94)
223.82: (0.01, 0.38, -0.93)
223.94: (-0.16, 0.41, -0.90)
224.06: (-0.28, 0.43, -0.86)
224.06: (-0.95, 0.05, -0.32): 2
224.06: (-0.28, 0.43, -0.86)
224.17: (-0.28, 0.43, -0.86)
224.29: (-0.28, 0.43, -0.86)
224.39: (-0.26, 0.44, -0.86)
224.51: (-0.15, 0.52, -0.84)
224.62: (-0.10, 0.55, -0.83)
224.74: (0.03, 0.56, -0.83)
224.86: (-0.08, 0.36, -0.93)
224.97: (-0.10, 0.07, -0.99)
225.09: (0.01, -0.02, -1.00)
225.21: (0.05, -0.15, -0.99)
225.32: (0.09, -0.18, -0.98)
225.44: (0.07, -0.24, -0.97)
225.56: (0.03, -0.30, -0.95)
225.67: (-0.03, -0.42, -0.91)
225.77: (-0.10, -0.49, -0.87)
225.87: (-0.15, -0.53, -0.83)
225.99: (-0.07, -0.64, -0.77)
226.11: (0.01, -0.82, -0.57)
226.21: (0.06, -0.98, -0.17)
226.32: (-0.01, -1.00, -0.06)
226.42: (0.06, -1.00, 0.00)
226.54: (0.10, -0.99, 0.11)
226.66: (0.26, -0.93, 0.28)
226.77: (0.33, -0.86, 0.39)
226.89: (0.34, -0.85, 0.41)
226.99: (0.35, -0.86, 0.36)
227.11: (0.02, -1.00, 0.03)
227.21: (-0.27, -0.94, -0.19)
227.32: (-0.54, -0.78, -0.33)
227.44: (-0.66, -0.64, -0.39)
227.56: (-0.76, -0.46, -0.45)
227.66: (-0.75, -0.30, -0.59)
227.76: (-0.70, -0.22, -0.68)
227.86: (-0.76, -0.18, -0.62)
227.97: (-0.90, -0.11, -0.43)
228.09: (-0.91, -0.07, -0.40)
228.21: (-0.93, 0.00, -0.36)
228.24: (-0.93, 0.00, -0.36)
228.24: (-0.39, 0.11, 0.91): 1
228.32: (-0.93, 0.00, -0.36)
228.42: (-0.93, 0.00, -0.36)
228.54: (-0.93, 0.00, -0.37)
228.66: (-0.88, -0.02, -0.47)
228.77: (-0.88, -0.02, -0.48)
228.89: (-0.98, -0.02, -0.22)
228.99: (-1.00, -0.08, 0.05)
229.11: (-0.89, -0.09, 0.44)
229.21: (-0.83, 0.00, 0.56)
229.31: (-0.69, 0.11, 0.71)
229.42: (-0.51, 0.11, 0.86)
229.54: (-0.41, 0.09, 0.91)
229.56: (-0.41, 0.09, 0.91)
229.56: (0.26, 0.39, -0.88): 0
229.66: (-0.41, 0.09, 0.91)
229.77: (-0.42, 0.09, 0.90)
229.89: (-0.44, 0.08, 0.89)
229.99: (-0.61, 0.04, 0.79)
230.11: (-0.88, -0.01, 0.48)
230.22: (-0.94, -0.05, 0.35)
230.32: (-0.97, -0.15, 0.19)
230.44: (-0.96, -0.23, -0.14)
230.56: (-0.85, -0.13, -0.51)
230.66: (-0.71, 0.05, -0.70)
230.77: (-0.58, 0.09, -0.81)
230.89: (-0.35, 0.14, -0.93)
231.01: (-0.06, 0.30, -0.95)
231.12: (0.07, 0.33, -0.94)
231.22: (0.15, 0.33, -0.93)
231.31: (0.18, 0.33, -0.93)
231.31: (0.63, 0.21, 0.75): 1
231.34: (0.18, 0.33, -0.93)
231.46: (0.18, 0.33, -0.93)
231.57: (0.19, 0.30, -0.94)
231.69: (0.22, 0.24, -0.94)
231.81: (0.33, 0.13, -0.93)
231.91: (0.66, -0.03, -0.75)
232.02: (0.86, -0.11, -0.49)
232.12: (0.92, -0.14, -0.38)
232.22: (0.94, -0.16, -0.30)
232.34: (0.96, -0.24, -0.12)
232.46: (0.99, -0.17, 0.05)
232.57: (0.95, -0.12, 0.30)
232.69: (0.81, -0.09, 0.58)
232.80: (0.78, 0.05, 0.62)
232.92: (0.74, 0.13, 0.66)
233.04: (0.64, 0.15, 0.75)
233.07: (0.63, 0.15, 0.76)
233.07: (-0.75, -0.15, 0.64): 2
233.14: (0.63, 0.15, 0.76)
233.24: (0.63, 0.15, 0.76)
233.35: (0.65, 0.15, 0.74)
233.47: (0.72, 0.16, 0.68)
233.57: (0.76, 0.12, 0.64)
233.69: (0.81, 0.03, 0.58)
233.80: (0.83, 0.02, 0.55)
233.92: (0.81, -0.02, 0.59)
234.04: (0.60, -0.07, 0.80)
234.15: (0.44, -0.07, 0.90)
234.27: (0.39, -0.08, 0.92)
234.37: (0.39, -0.08, 0.92)
234.49: (0.39, -0.08, 0.92)
234.59: (0.04, -0.02, 1.00)
234.69: (-0.34, 0.03, 0.94)
234.80: (-0.60, 0.13, 0.79)
234.92: (-0.77, 0.12, 0.63)
235.04: (-0.78, -0.12, 0.62)
235.12: (-0.78, -0.14, 0.61)
235.12: (0.97, -0.23, 0.12): 2
235.15: (-0.78, -0.14, 0.61)
235.27: (-0.78, -0.14, 0.61)
235.39: (-0.78, -0.14, 0.61)
235.50: (-0.78, -0.16, 0.61)
235.62: (-0.78, -0.17, 0.60)
235.72: (-0.79, -0.24, 0.56)
235.84: (-0.80, -0.28, 0.53)
235.95: (-0.78, -0.28, 0.55)
236.07: (-0.77, -0.32, 0.55)
236.17: (-0.71, -0.42, 0.57)
236.29: (-0.54, -0.52, 0.66)
236.40: (-0.53, -0.55, 0.64)
236.52: (-0.51, -0.59, 0.63)
236.62: (-0.46, -0.74, 0.48)
236.74: (-0.34, -0.89, 0.31)
236.85: (-0.34, -0.88, 0.33)
236.95: (-0.38, -0.80, 0.47)
237.07: (-0.46, -0.35, 0.82)
237.19: (-0.27, 0.08, 0.96)
237.30: (-0.10, 0.22, 0.97)
237.42: (0.21, 0.36, 0.91)
237.52: (0.46, 0.43, 0.78)
237.64: (0.59, 0.50, 0.63)
237.75: (0.71, 0.59, 0.39)
237.87: (0.76, 0.62, 0.16)
237.99: (0.79, 0.62, 0.01)
238.10: (0.94, 0.34, 0.06)
238.20: (0.99, 0.08, 0.15)
238.32: (0.98, -0.06, 0.19)
238.42: (0.98, -0.11, 0.18)
238.52: (0.98, -0.17, 0.12)
238.52: (-0.05, 0.63, 0.78): 0
238.54: (0.98, -0.17, 0.12)
238.65: (0.98, -0.17, 0.12)
238.77: (0.97, -0.17, 0.14)
238.87: (0.96, -0.13, 0.24)
238.99: (0.87, 0.07, 0.48)
239.10: (0.54, 0.37, 0.75)
239.22: (0.14, 0.62, 0.77)
239.34: (-0.13, 0.73, 0.67)
239.45: (-0.20, 0.70, 0.69)
239.57: (-0.16, 0.64, 0.75)
239.65: (-0.12, 0.64, 0.76)
239.65: (0.97, 0.24, 0.03): 1
239.67: (-0.12, 0.64, 0.76)
239.79: (-0.12, 0.64, 0.76)
239.89: (-0.12, 0.64, 0.76)
239.99: (-0.12, 0.64, 0.76)
240.10: (-0.11, 0.64, 0.76)
240.22: (0.07, 0.58, 0.81)
240.34: (0.51, 0.36, 0.78)
240.45: (0.66, 0.26, 0.70)
240.57: (0.74, 0.18, 0.65)
240.67: (0.83, 0.16, 0.53)
240.79: (0.95, 0.19, 0.24)
240.90: (0.97, 0.20, 0.13)
241.02: (0.98, 0.20, 0.05)
241.02: (0.92, 0.32, 0.23): 1
241.02: (0.98, 0.20, 0.05)
241.12: (0.98, 0.20, 0.05)
241.24: (0.97, 0.22, 0.11)
241.34: (0.95, 0.25, 0.20)
241.45: (0.94, 0.25, 0.23)
241.45: (0.17, 0.68, 0.71): 2
241.45: (0.94, 0.25, 0.23)
241.55: (0.94, 0.25, 0.23)
241.67: (0.94, 0.25, 0.24)
241.79: (0.92, 0.26, 0.29)
241.90: (0.89, 0.29, 0.36)
242.02: (0.81, 0.31, 0.49)
242.12: (0.74, 0.30, 0.60)
242.24: (0.51, 0.44, 0.74)
242.35: (0.40, 0.58, 0.71)
242.47: (0.29, 0.61, 0.74)
242.57: (0.21, 0.63, 0.74)
242.60: (0.20, 0.64, 0.74)
242.60: (0.97, 0.26, 0.01): 2
242.67: (0.19, 0.64, 0.74)
242.79: (0.19, 0.64, 0.75)
242.89: (0.12, 0.63, 0.77)
243.00: (0.09, 0.65, 0.75)
243.12: (-0.02, 0.64, 0.77)
243.24: (-0.26, 0.59, 0.77)
243.35: (-0.27, 0.59, 0.76)
243.47: (-0.07, 0.39, 0.92)
243.59: (0.02, 0.25, 0.97)
243.70: (0.19, 0.09, 0.98)
243.82: (0.34, 0.02, 0.94)
243.94: (0.37, -0.05, 0.93)
244.05: (0.55, 0.00, 0.83)
244.15: (0.79, 0.09, 0.61)
244.25: (0.89, 0.04, 0.45)
244.37: (0.92, 0.09, 0.38)
244.49: (0.94, 0.18, 0.28)
244.59: (0.96, 0.22, 0.14)
244.69: (0.97, 0.24, 0.09)
244.69: (-0.50, 0.28, 0.82): 2
244.70: (0.97, 0.24, 0.09)
244.80: (0.97, 0.24, 0.09)
244.92: (0.97, 0.22, 0.07)
245.02: (0.98, 0.16, 0.09)
245.14: (0.98, 0.17, 0.15)
245.24: (0.98, 0.17, 0.15)
245.35: (0.96, 0.17, 0.23)
245.47: (0.89, 0.15, 0.43)
245.59: (0.63, 0.13, 0.77)
245.70: (0.35, 0.19, 0.92)
245.80: (0.02, 0.12, 0.99)
245.92: (-0.29, 0.23, 0.93)
246.04: (-0.41, 0.28, 0.87)
246.14: (-0.42, 0.29, 0.86)
246.20: (-0.44, 0.29, 0.85)
246.20: (-0.09, -0.32, 0.94): 1
246.25: (-0.44, 0.29, 0.85)
246.37: (-0.37, 0.30, 0.88)
246.49: (-0.23, 0.31, 0.92)
246.60: (-0.11, 0.01, 0.99)
246.70: (-0.11, -0.13, 0.99)
246.82: (-0.09, -0.30, 0.95)
246.92: (-0.05, -0.36, 0.93)
246.92: (-0.84, 0.10, -0.53): 1
246.94: (-0.05, -0.36, 0.93)
247.04: (-0.05, -0.34, 0.94)
247.15: (0.01, -0.29, 0.96)
247.27: (0.04, -0.28, 0.96)
247.39: (-0.10, -0.20, 0.97)
247.49: (-0.42, -0.15, 0.89)
247.60: (-0.62, -0.13, 0.77)
247.70: (-0.84, 0.02, 0.54)
247.82: (-0.94, 0.19, 0.27)
247.93: (-0.97, 0.23, 0.07)
248.05: (-0.94, 0.20, -0.28)
248.17: (-0.88, 0.05, -0.48)
248.28: (-0.86, 0.04, -0.51)
248.28: (0.00, -0.22, 0.97): 0
248.28: (-0.86, 0.04, -0.51)
248.40: (-0.86, 0.04, -0.50)
248.52: (-0.90, 0.06, -0.43)
248.62: (-0.94, 0.05, -0.34)
248.73: (-0.94, 0.05, -0.34)
248.83: (-0.97, 0.03, -0.23)
248.95: (-0.92, 0.10, 0.39)
249.07: (-0.74, 0.11, 0.67)
249.19: (-0.59, 0.17, 0.79)
249.29: (-0.34, 0.13, 0.93)
249.40: (-0.23, -0.11, 0.97)
249.50: (-0.17, -0.19, 0.97)
249.62: (-0.06, -0.22, 0.97)
249.65: (-0.05, -0.22, 0.97)
249.65: (0.53, 0.55, 0.65): 1
249.73: (-0.05, -0.22, 0.97)
249.85: (-0.07, -0.23, 0.97)
249.97: (-0.12, -0.28, 0.95)
250.08: (-0.12, -0.33, 0.94)
250.20: (-0.02, -0.38, 0.92)
250.30: (0.12, -0.54, 0.83)
250.42: (0.23, -0.68, 0.70)
250.53: (0.26, -0.72, 0.64)
250.65: (0.27, -0.71, 0.65)
250.77: (0.46, -0.50, 0.73)
250.87: (0.55, -0.36, 0.75)
250.98: (0.61, -0.26, 0.75)
251.10: (0.75, -0.07, 0.66)
251.22: (0.78, 0.07, 0.62)
251.32: (0.80, 0.14, 0.58)
251.43: (0.77, 0.24, 0.59)
251.55: (0.65, 0.32, 0.68)
251.67: (0.58, 0.41, 0.70)
251.78: (0.54, 0.51, 0.67)
251.82: (0.54, 0.51, 0.67)
251.82: (0.14, -0.46, 0.87): 0
251.90: (0.54, 0.51, 0.67)
252.00: (0.54, 0.51, 0.67)
252.12: (0.56, 0.43, 0.71)
252.22: (0.56, 0.43, 0.71)
252.33: (0.52, 0.42, 0.74)
252.45: (0.45, 0.32, 0.83)
252.57: (0.48, 0.34, 0.81)
252.68: (0.45, 0.30, 0.84)
252.80: (0.19, -0.12, 0.97)
252.90: (0.17, -0.29, 0.94)
253.02: (0.17, -0.30, 0.94)
253.13: (0.15, -0.37, 0.92)
253.15: (0.15, -0.38, 0.91)
253.15: (-0.89, -0.27, 0.36): 1
253.25: (0.15, -0.38, 0.91)
253.37: (0.15, -0.38, 0.91)
253.48: (0.15, -0.38, 0.91)
253.60: (0.01, -0.52, 0.85)
253.72: (-0.21, -0.74, 0.64)
253.83: (-0.35, -0.81, 0.46)
253.93: (-0.37, -0.83, 0.41)
254.03: (-0.51, -0.79, 0.34)
254.15: (-0.69, -0.54, 0.49)
254.27: (-0.73, -0.45, 0.51)
254.38: (-0.85, -0.29, 0.44)
254.47: (-0.86, -0.26, 0.43)
254.47: (-0.63, -0.66, -0.41): 0
254.50: (-0.86, -0.26, 0.43)
254.60: (-0.86, -0.26, 0.43)
254.72: (-0.85, -0.26, 0.46)
254.83: (-0.84, -0.31, 0.44)
254.95: (-0.92, -0.36, 0.14)
255.05: (-0.96, -0.30, 0.00)
255.17: (-0.96, -0.30, 0.00)
255.27: (-0.94, -0.32, 0.08)
255.37: (-0.92, -0.32, -0.20)
255.48: (-0.79, -0.53, -0.30)
255.60: (-0.65, -0.68, -0.34)
255.67: (-0.65, -0.68, -0.34)
255.67: (-0.22, 0.75, 0.63): 1
255.72: (-0.65, -0.68, -0.34)
255.82: (-0.65, -0.68, -0.34)
255.93: (-0.66, -0.63, -0.41)
256.03: (-0.61, -0.49, -0.62)
256.15: (-0.65, -0.58, -0.49)
256.27: (-0.59, -0.81, -0.06)
256.38: (-0.52, -0.85, 0.08)
256.50: (-0.51, -0.83, 0.21)
256.62: (-0.55, -0.80, 0.24)
256.73: (-0.63, -0.73, -0.27)
256.85: (-0.59, -0.43, -0.69)
256.95: (-0.44, -0.27, -0.85)
257.07: (-0.34, -0.13, -0.93)
257.18: (-0.24, 0.01, -0.97)
257.28: (-0.23, 0.03, -0.97)
257.40: (-0.23, 0.03, -0.97)
257.52: (-0.23, 0.03, -0.97)
257.63: (-0.19, 0.08, -0.98)
257.75: (0.03, 0.33, -0.94)
257.87: (0.29, 0.62, -0.73)
257.97: (0.43, 0.75, -0.51)
258.07: (0.56, 0.78, -0.29)
258.18: (0.69, 0.71, 0.13)
258.30: (0.71, 0.63, 0.32)
258.42: (0.69, 0.50, 0.52)
258.52: (0.54, 0.26, 0.80)
258.63: (0.37, 0.03, 0.93)
258.75: (0.26, -0.11, 0.96)
258.85: (0.31, -0.34, 0.89)
258.97: (0.41, -0.51, 0.76)
259.07: (0.33, -0.61, 0.72)
259.18: (0.25, -0.67, 0.70)
259.30: (0.14, -0.39, 0.91)
259.42: (-0.10, -0.04, 0.99)
259.53: (-0.19, -0.01, 0.98)
259.65: (-0.27, 0.13, 0.95)
259.77: (-0.40, 0.27, 0.88)
259.88: (-0.45, 0.46, 0.76)
260.00: (-0.41, 0.68, 0.60)
260.12: (-0.34, 0.72, 0.60)
260.22: (-0.27, 0.72, 0.64)
260.25: (-0.27, 0.72, 0.64)
260.25: (-0.87, -0.07, -0.50): 1
260.33: (-0.27, 0.72, 0.64)
260.45: (-0.26, 0.74, 0.62)
260.57: (-0.20, 0.75, 0.62)
260.68: (-0.13, 0.75, 0.64)
260.80: (-0.40, 0.60, 0.69)
260.92: (-0.81, 0.25, 0.53)
261.02: (-0.92, 0.13, 0.36)
261.12: (-0.96, 0.06, 0.27)
261.23: (-0.96, 0.06, 0.27)
261.33: (-0.96, 0.06, 0.27)
261.45: (-0.98, 0.06, 0.17)
261.57: (-1.00, 0.00, -0.09)
261.67: (-0.98, -0.04, -0.19)
261.78: (-0.95, -0.05, -0.32)
261.90: (-0.90, -0.03, -0.43)
261.93: (-0.90, -0.03, -0.43)
261.93: (-1.00, 0.01, 0.05): 2
262.00: (-0.90, -0.03, -0.43)
262.12: (-0.90, -0.04, -0.44)
262.23: (-0.92, -0.03, -0.38)
262.35: (-1.00, 0.01, -0.08)
262.45: (-1.00, 0.01, -0.07)
262.57: (-1.00, 0.00, -0.03)
262.63: (-1.00, 0.00, -0.02)
262.63: (-0.90, 0.43, -0.07): 0
262.67: (-1.00, 0.00, -0.02)
262.78: (-1.00, 0.00, -0.01)
262.90: (-0.99, 0.10, -0.01)
263.00: (-0.95, 0.32, -0.06)
263.12: (-0.92, 0.39, -0.07)
263.17: (-0.91, 0.40, -0.07)
263.17: (0.53, 0.82, 0.23): 1
263.23: (-0.91, 0.40, -0.07)
263.35: (-0.91, 0.40, -0.06)
263.47: (-0.90, 0.43, -0.02)
263.58: (-0.96, 0.25, -0.11)
263.68: (-0.97, 0.24, -0.09)
263.80: (-0.80, 0.57, 0.21)
263.91: (-0.71, 0.66, 0.26)
264.03: (-0.53, 0.77, 0.36)
264.13: (-0.20, 0.82, 0.54)
264.25: (-0.11, 0.74, 0.66)
264.36: (0.07, 0.67, 0.74)
264.47: (0.30, 0.57, 0.77)
264.58: (0.34, 0.48, 0.81)
264.70: (0.45, 0.54, 0.71)
264.80: (0.54, 0.52, 0.66)
264.91: (0.47, 0.53, 0.71)
265.03: (0.46, 0.54, 0.71)
265.13: (0.51, 0.63, 0.58)
265.25: (0.54, 0.72, 0.44)
265.35: (0.55, 0.74, 0.38)
265.46: (0.57, 0.76, 0.31)
265.56: (0.58, 0.77, 0.27)
265.56: (-0.95, -0.30, -0.06): 2
265.58: (0.58, 0.77, 0.27)
265.68: (0.58, 0.77, 0.27)
265.80: (0.59, 0.76, 0.27)
265.91: (0.67, 0.64, 0.38)
266.01: (0.70, 0.60, 0.38)
266.13: (0.63, 0.61, 0.48)
266.25: (0.68, 0.47, 0.56)
266.36: (0.54, 0.51, 0.67)
266.48: (-0.34, 0.79, 0.52)
266.60: (-0.46, 0.83, 0.33)
266.71: (-0.46, 0.87, 0.17)
266.81: (-0.58, 0.81, -0.07)
266.91: (-0.69, 0.68, -0.22)
267.03: (-0.70, 0.68, -0.20)
267.13: (-0.70, 0.69, -0.20)
267.25: (-0.81, 0.43, -0.40)
267.36: (-0.73, -0.24, -0.64)
267.48: (-0.47, -0.62, -0.63)
267.60: (-0.34, -0.77, -0.55)
267.71: (-0.56, -0.76, -0.32)
267.81: (-0.76, -0.64, -0.15)
267.93: (-0.89, -0.43, -0.13)
268.05: (-0.93, -0.34, -0.10)
268.05: (0.64, 0.47, 0.60): 1
268.05: (-0.93, -0.34, -0.10)
268.15: (-0.93, -0.35, -0.10)
268.26: (-0.92, -0.40, -0.03)
268.38: (-0.89, -0.46, 0.05)
268.50: (-0.89, -0.45, 0.05)
268.60: (-0.85, -0.53, 0.06)
268.71: (-0.83, -0.55, 0.09)
268.81: (-0.85, -0.52, 0.10)
268.93: (-0.86, -0.50, 0.08)
269.05: (-0.82, -0.56, 0.13)
269.15: (-0.69, -0.63, 0.37)
269.26: (-0.71, -0.48, 0.51)
269.38: (-0.56, -0.50, 0.67)
269.50: (-0.43, -0.51, 0.74)
269.61: (-0.61, -0.23, 0.76)
269.73: (-0.50, -0.10, 0.86)
269.85: (-0.33, -0.28, 0.90)
269.96: (-0.04, -0.49, 0.87)
270.08: (0.15, -0.58, 0.80)
270.18: (0.20, -0.65, 0.73)
270.30: (0.32, -0.69, 0.65)
270.40: (0.32, -0.69, 0.65)
270.51: (0.26, -0.69, 0.68)
270.63: (0.26, -0.69, 0.68)
270.75: (0.24, -0.69, 0.68)
270.85: (0.11, -0.54, 0.83)
270.96: (0.23, -0.33, 0.91)
271.08: (0.79, -0.38, 0.48)
271.20: (0.92, -0.33, 0.22)
271.31: (0.93, -0.38, 0.01)
271.43: (0.90, -0.39, -0.18)
271.53: (0.90, -0.33, -0.30)
271.65: (0.85, -0.30, -0.43)
271.75: (0.80, -0.24, -0.55)
271.86: (0.69, -0.16, -0.71)
271.98: (0.53, -0.03, -0.85)
272.10: (0.19, 0.15, -0.97)
272.21: (-0.04, 0.31, -0.95)
272.31: (-0.39, 0.28, -0.88)
272.43: (-0.48, 0.35, -0.80)
272.53: (-0.11, 0.51, -0.85)
272.65: (0.66, 0.35, -0.66)
272.76: (0.92, 0.08, -0.39)
272.88: (0.98, 0.02, -0.20)
273.00: (0.99, -0.16, 0.05)
273.11: (0.97, -0.15, 0.20)
273.23: (0.88, -0.16, 0.44)
273.33: (0.72, -0.32, 0.61)
273.45: (0.65, -0.29, 0.70)
273.56: (0.57, -0.11, 0.82)
273.66: (0.56, 0.07, 0.82)
273.78: (0.66, 0.23, 0.72)
273.90: (0.68, 0.33, 0.66)
273.98: (0.69, 0.37, 0.62)
273.98: (0.66, 0.28, 0.70): 2
274.00: (0.69, 0.38, 0.62)
274.11: (0.69, 0.38, 0.62)
274.21: (0.69, 0.37, 0.62)
274.33: (0.65, 0.27, 0.71)
274.38: (0.65, 0.26, 0.71)
274.38: (-0.86, -0.06, -0.51): 0
274.45: (0.65, 0.26, 0.71)
274.56: (0.65, 0.25, 0.71)
274.66: (0.66, 0.24, 0.71)
274.78: (0.75, 0.28, 0.60)
274.90: (0.89, 0.33, 0.31)
275.01: (0.95, 0.28, 0.09)
275.11: (0.97, 0.23, -0.06)
275.23: (0.91, 0.20, -0.36)
275.35: (0.86, 0.14, -0.48)
275.45: (0.86, 0.13, -0.49)
275.56: (0.84, 0.16, -0.52)
275.66: (0.83, 0.17, -0.53)
275.76: (0.83, 0.17, -0.53)
275.88: (0.87, 0.16, -0.46)
276.00: (0.69, 0.16, -0.70)
276.11: (0.55, 0.18, -0.81)
276.23: (0.47, 0.17, -0.87)
276.33: (0.36, 0.16, -0.92)
276.45: (0.15, 0.11, -0.98)
276.56: (-0.27, 0.04, -0.96)
276.68: (-0.50, 0.00, -0.86)
276.78: (-0.70, -0.01, -0.71)
276.88: (-0.76, -0.03, -0.65)
277.00: (-0.81, -0.02, -0.59)
277.11: (-0.82, -0.03, -0.57)
277.13: (-0.82, -0.03, -0.57)
277.13: (0.97, -0.06, 0.23): 2
277.23: (-0.82, -0.03, -0.57)
277.35: (-0.82, 0.00, -0.57)
277.46: (-0.82, 0.00, -0.57)
277.56: (-0.82, 0.01, -0.58)
277.68: (-0.86, 0.01, -0.52)
277.80: (-0.93, 0.03, -0.36)
277.90: (-0.98, 0.06, -0.20)
278.01: (-0.99, 0.13, 0.07)
278.13: (-0.88, 0.21, 0.41)
278.25: (-0.74, 0.32, 0.58)
278.35: (-0.71, 0.43, 0.55)
278.46: (-0.61, 0.53, 0.59)
278.58: (-0.40, 0.74, 0.55)
278.68: (-0.34, 0.84, 0.43)
278.80: (-0.18, 0.91, 0.38)
278.91: (-0.06, 0.94, 0.35)
279.01: (0.16, 0.90, 0.41)
279.13: (0.40, 0.76, 0.51)
279.23: (0.45, 0.72, 0.52)
279.35: (0.68, 0.46, 0.57)
279.46: (0.77, 0.11, 0.63)
279.58: (0.80, -0.13, 0.58)
279.69: (0.84, -0.24, 0.48)
279.80: (0.92, -0.22, 0.33)
279.90: (0.95, -0.17, 0.25)
279.93: (0.95, -0.17, 0.25)
279.93: (0.64, -0.77, -0.03): 0
280.01: (0.95, -0.17, 0.25)
280.11: (0.95, -0.15, 0.26)
280.23: (0.95, -0.12, 0.28)
280.35: (0.95, -0.12, 0.28)
280.46: (0.92, -0.09, 0.37)
280.58: (0.84, -0.45, 0.30)
280.68: (0.75, -0.63, 0.19)
280.80: (0.73, -0.68, 0.04)
280.86: (0.71, -0.71, -0.01)
280.86: (0.79, 0.51, 0.34): 1
280.91: (0.70, -0.71, -0.02)
281.03: (0.70, -0.71, -0.02)
281.13: (0.70, -0.71, -0.02)
281.24: (0.73, -0.69, 0.01)
281.36: (0.70, -0.72, -0.02)
281.46: (0.86, -0.50, 0.06)
281.58: (0.92, 0.19, 0.35)
281.69: (0.82, 0.30, 0.49)
281.81: (0.85, 0.35, 0.39)
281.93: (0.84, 0.42, 0.33)
281.94: (0.84, 0.43, 0.33)
281.94: (0.24, 0.95, 0.19): 0
282.04: (0.84, 0.43, 0.33)
282.14: (0.83, 0.44, 0.34)
282.24: (0.64, 0.68, 0.35)
282.34: (0.48, 0.83, 0.29)
282.46: (0.35, 0.90, 0.25)
282.58: (0.26, 0.94, 0.21)
282.59: (0.26, 0.94, 0.21)
282.59: (-0.47, -0.44, 0.76): 2
282.69: (0.26, 0.94, 0.21)
282.81: (0.25, 0.95, 0.21)
282.93: (0.33, 0.92, 0.22)
283.04: (0.86, 0.42, 0.27)
283.16: (0.94, 0.20, 0.27)
283.26: (0.97, 0.13, 0.22)
283.38: (0.95, -0.30, 0.00)
283.49: (0.79, -0.61, -0.11)
283.61: (0.73, -0.66, -0.16)
283.73: (0.45, -0.85, -0.28)
283.84: (0.24, -0.90, -0.36)
283.96: (-0.19, -0.93, -0.31)
284.08: (-0.46, -0.87, -0.18)
284.19: (-0.45, -0.87, -0.18)
284.29: (-0.45, -0.87, -0.18)
284.41: (-0.58, -0.79, -0.20)
284.53: (-0.88, -0.48, -0.09)
284.64: (-0.97, -0.25, -0.02)
284.76: (-1.00, -0.06, 0.02)
284.88: (-0.99, 0.09, 0.05)
284.98: (-0.94, 0.31, 0.10)
285.09: (-0.91, 0.39, 0.12)
285.21: (-0.73, 0.66, 0.16)
285.33: (-0.58, 0.79, 0.17)
285.43: (-0.55, 0.82, 0.17)
285.54: (-0.27, 0.93, 0.26)
285.64: (-0.03, 0.95, 0.31)
285.76: (-0.09, 0.95, 0.29)
285.88: (-0.09, 0.95, 0.29)
285.99: (-0.08, 0.96, 0.26)
286.11: (0.33, 0.94, 0.09)
286.21: (0.57, 0.77, -0.27)
286.33: (0.65, 0.61, -0.45)
286.44: (0.78, 0.49, -0.38)
286.56: (0.94, 0.21, -0.26)
286.68: (0.98, 0.12, -0.18)
286.78: (0.99, 0.06, -0.11)
286.89: (0.99, -0.11, 0.05)
287.01: (0.94, -0.28, 0.22)
287.13: (0.71, -0.49, 0.51)
287.24: (0.46, -0.55, 0.70)
287.34: (0.20, -0.59, 0.78)
287.46: (-0.20, -0.55, 0.81)
287.56: (-0.50, -0.47, 0.73)
287.66: (-0.52, -0.46, 0.72)
287.78: (-0.47, -0.46, 0.76)
287.78: (-0.96, -0.27, 0.03): 0
287.78: (-0.47, -0.46, 0.76)
287.88: (-0.47, -0.46, 0.76)
287.99: (-0.36, -0.47, 0.81)
288.09: (-0.36, -0.47, 0.81)
288.21: (-0.21, -0.45, 0.87)
288.33: (-0.46, -0.38, 0.80)
288.44: (-0.91, -0.29, 0.30)
288.56: (-0.98, -0.16, -0.13)
288.66: (-0.94, -0.14, -0.31)
288.78: (-0.96, -0.26, -0.12)
288.88: (-0.96, -0.26, -0.07)
288.93: (-0.96, -0.27, -0.04)
288.93: (0.89, 0.16, 0.43): 2
288.98: (-0.96, -0.27, -0.04)
289.09: (-0.97, -0.26, 0.00)
289.19: (-0.95, -0.29, 0.12)
289.31: (-0.94, -0.30, 0.19)
289.41: (-0.86, -0.30, 0.41)
289.53: (-0.76, -0.28, 0.59)
289.64: (-0.44, -0.24, 0.86)
289.76: (-0.17, -0.24, 0.96)
289.88: (0.00, -0.20, 0.98)
289.98: (0.21, -0.16, 0.96)
290.09: (0.40, -0.12, 0.91)
290.21: (0.55, -0.05, 0.83)
290.33: (0.72, 0.03, 0.69)
290.44: (0.86, 0.12, 0.50)
290.56: (0.89, 0.15, 0.43)
290.56: (0.47, -0.88, 0.09): 0
290.56: (0.89, 0.15, 0.43)
290.66: (0.89, 0.14, 0.44)
290.78: (0.88, 0.13, 0.45)
290.89: (0.88, 0.13, 0.45)
291.01: (0.85, 0.10, 0.51)
291.13: (0.86, 0.16, 0.48)
291.24: (0.65, 0.18, 0.74)
291.34: (0.26, 0.04, 0.97)
291.46: (0.10, 0.02, 1.00)
291.56: (0.11, 0.11, 0.99)
291.68: (0.17, 0.42, 0.89)
291.79: (0.14, 0.63, 0.76)
291.91: (0.21, 0.73, 0.65)
292.03: (0.42, 0.88, 0.21)
292.13: (0.51, 0.86, 0.01)
292.24: (0.72, 0.61, -0.33)
292.34: (0.70, 0.53, -0.47)
292.46: (0.57, 0.28, -0.78)
292.58: (0.26, 0.03, -0.97)
292.69: (0.30, -0.09, -0.95)
292.81: (0.18, -0.58, -0.79)
292.93: (-0.01, -0.84, -0.55)
293.03: (-0.12, -0.92, -0.38)
293.14: (-0.07, -0.97, -0.23)
293.24: (0.29, -0.95, -0.09)
293.34: (0.52, -0.85, -0.02)
293.46: (0.53, -0.85, 0.06)
293.54: (0.50, -0.86, 0.09)
293.54: (-0.87, -0.17, -0.47): 0
293.58: (0.51, -0.86, 0.09)
293.69: (0.55, -0.84, 0.03)
293.81: (0.63, -0.77, -0.09)
293.93: (0.70, -0.68, -0.24)
294.04: (0.73, -0.46, -0.51)
294.14: (0.68, -0.27, -0.69)
294.26: (0.54, 0.05, -0.84)
294.36: (0.37, 0.32, -0.87)
294.48: (0.14, 0.54, -0.83)
294.59: (-0.20, 0.63, -0.75)
294.71: (-0.48, 0.59, -0.65)
294.83: (-0.74, 0.42, -0.52)
294.94: (-0.94, 0.27, -0.23)
295.06: (-0.99, 0.14, -0.05)
295.18: (-0.97, 0.00, -0.24)
295.29: (-0.90, -0.09, -0.43)
295.39: (-0.85, -0.18, -0.49)
295.41: (-0.85, -0.19, -0.50)
295.41: (-0.47, 0.88, -0.09): 1
295.51: (-0.79, -0.23, -0.57)
295.63: (-0.68, -0.19, -0.70)
295.73: (-0.62, -0.10, -0.78)
295.84: (-0.56, 0.05, -0.83)
295.96: (-0.44, 0.30, -0.85)
296.07: (-0.59, 0.58, -0.56)
296.18: (-0.78, 0.61, -0.16)
296.28: (-0.87, 0.44, 0.23)
296.39: (-0.86, 0.45, 0.24)
296.51: (-0.66, 0.75, -0.09)
296.63: (-0.54, 0.82, -0.17)
296.74: (-0.52, 0.84, -0.12)
296.76: (-0.52, 0.85, -0.11)
296.76: (0.95, -0.33, -0.01): 1
296.84: (-0.52, 0.85, -0.10)
296.96: (-0.44, 0.88, -0.15)
297.07: (-0.40, 0.90, -0.18)
297.18: (-0.57, 0.82, -0.09)
297.29: (-0.65, 0.75, -0.10)
297.41: (-0.29, 0.80, -0.53)
297.52: (0.08, 0.73, -0.68)
297.64: (0.39, 0.58, -0.71)
297.74: (0.61, 0.44, -0.66)
297.86: (0.75, 0.26, -0.61)
297.96: (0.86, 0.08, -0.50)
298.07: (0.94, -0.17, -0.28)
298.19: (0.94, -0.33, -0.07)
298.29: (0.94, -0.35, -0.04)
298.29: (-0.24, -0.71, 0.66): 2
298.31: (0.94, -0.35, -0.04)
298.41: (0.94, -0.34, -0.05)
298.52: (0.97, -0.14, -0.19)
298.64: (0.91, 0.10, -0.39)
298.76: (0.72, 0.36, -0.60)
298.87: (0.42, 0.57, -0.71)
298.97: (0.24, 0.65, -0.72)
299.09: (0.50, 0.61, -0.62)
299.21: (0.86, 0.48, -0.18)
299.32: (0.93, 0.29, 0.24)
299.44: (0.93, 0.16, 0.33)
299.54: (0.86, 0.03, 0.52)
299.66: (0.75, -0.17, 0.64)
299.77: (0.62, -0.36, 0.70)
299.89: (0.45, -0.53, 0.71)
299.99: (0.40, -0.57, 0.72)
300.11: (0.40, -0.57, 0.72)
300.22: (0.41, -0.55, 0.73)
300.32: (0.12, -0.63, 0.77)
300.44: (-0.06, -0.66, 0.75)
300.54: (-0.06, -0.67, 0.74)
300.66: (-0.21, -0.66, 0.72)
300.71: (-0.23, -0.66, 0.71)
300.71: (-0.80, -0.60, 0.06): 1
300.76: (-0.23, -0.66, 0.71)
300.87: (-0.21, -0.65, 0.73)
300.99: (-0.21, -0.66, 0.73)
301.11: (-0.49, -0.71, 0.51)
301.22: (-0.60, -0.70, 0.38)
301.34: (-0.70, -0.68, 0.24)
301.44: (-0.75, -0.64, 0.18)
301.56: (-0.80, -0.60, 0.10)
301.57: (-0.80, -0.60, 0.10)
301.57: (-0.26, 0.02, -0.97): 0
301.67: (-0.79, -0.60, 0.10)
301.77: (-0.80, -0.59, 0.08)
301.89: (-0.79, -0.59, 0.15)
301.99: (-0.77, -0.62, 0.16)
302.09: (-0.66, -0.74, 0.08)
302.21: (-0.65, -0.44, -0.62)
302.32: (-0.55, -0.34, -0.76)
302.44: (-0.41, -0.25, -0.87)
302.56: (-0.30, -0.13, -0.95)
302.67: (-0.27, -0.04, -0.96)
302.69: (-0.27, -0.04, -0.96)
302.69: (-0.87, 0.38, -0.32): 2
302.79: (-0.27, -0.04, -0.96)
302.89: (-0.30, -0.05, -0.95)
303.01: (-0.35, -0.05, -0.94)
303.11: (-0.41, -0.07, -0.91)
303.22: (-0.41, -0.07, -0.91)
303.34: (-0.53, -0.17, -0.83)
303.46: (-0.71, -0.18, -0.68)
303.56: (-0.90, -0.25, -0.36)
303.66: (-0.95, -0.29, -0.14)
303.76: (-0.97, -0.20, -0.11)
303.86: (-0.93, 0.20, -0.31)
303.97: (-0.89, 0.32, -0.33)
304.09: (-0.86, 0.37, -0.37)
304.11: (-0.86, 0.37, -0.37)
304.11: (-0.47, 0.87, -0.15): 1
304.19: (-0.86, 0.36, -0.37)
304.31: (-0.85, 0.36, -0.39)
304.42: (-0.77, 0.47, -0.43)
304.52: (-0.72, 0.60, -0.35)
304.62: (-0.69, 0.69, -0.22)
304.74: (-0.62, 0.75, -0.21)
304.84: (-0.52, 0.83, -0.17)
304.84: (-0.98, -0.19, 0.03): 1
304.86: (-0.52, 0.84, -0.17)
304.96: (-0.50, 0.85, -0.17)
305.07: (-0.38, 0.91, -0.15)
305.17: (-0.27, 0.95, -0.15)
305.29: (-0.23, 0.96, -0.16)
305.41: (-0.66, 0.75, 0.05)
305.52: (-0.97, 0.07, 0.24)
305.62: (-0.94, -0.32, 0.14)
305.74: (-0.92, -0.36, 0.12)
305.86: (-0.96, -0.28, 0.08)
305.86: (0.29, -0.68, 0.68): 2
305.86: (-0.96, -0.28, 0.08)
305.96: (-0.96, -0.28, 0.08)
306.07: (-0.96, -0.28, 0.07)
306.17: (-0.97, -0.24, 0.07)
306.29: (-0.99, 0.15, -0.02)
306.39: (-0.99, 0.17, -0.03)
306.49: (-0.99, 0.14, -0.02)
306.61: (-0.99, -0.14, 0.07)
306.71: (-0.75, -0.63, 0.21)
306.82: (-0.71, -0.68, 0.18)
306.94: (-0.58, -0.81, 0.00)
307.06: (-0.30, -0.95, 0.06)
307.17: (-0.10, -0.99, -0.05)
307.29: (0.01, -0.95, -0.32)
307.41: (-0.06, -0.89, -0.46)
307.52: (-0.02, -0.84, -0.55)
307.64: (0.15, -0.72, -0.67)
307.74: (0.18, -0.62, -0.76)
307.84: (0.21, -0.54, -0.82)
307.96: (0.44, -0.43, -0.79)
308.07: (0.53, -0.36, -0.77)
308.19: (0.64, -0.31, -0.70)
308.29: (0.89, -0.16, -0.43)
308.41: (0.94, 0.02, -0.34)
308.52: (0.94, 0.13, -0.30)
308.62: (0.92, 0.34, -0.22)
308.72: (0.87, 0.50, 0.01)
308.84: (0.77, 0.63, 0.05)
308.94: (0.66, 0.74, 0.12)
309.06: (0.52, 0.83, 0.22)
309.16: (0.40, 0.87, 0.28)
309.27: (0.25, 0.89, 0.37)
309.39: (0.19, 0.89, 0.41)
309.51: (-0.05, 0.85, 0.53)
309.61: (-0.07, 0.83, 0.55)
309.72: (-0.07, 0.83, 0.55)
309.84: (-0.03, 0.87, 0.50)
309.96: (-0.20, 0.78, 0.59)
310.07: (-0.33, 0.65, 0.69)
310.17: (-0.45, 0.50, 0.74)
310.29: (-0.64, 0.26, 0.73)
310.41: (-0.76, 0.12, 0.64)
310.52: (-0.80, 0.04, 0.60)
310.62: (-0.90, -0.18, 0.40)
310.72: (-0.93, -0.35, 0.10)
310.84: (-0.93, -0.34, 0.17)
310.96: (-0.86, -0.35, 0.37)
311.07: (-0.71, -0.40, 0.58)
311.19: (-0.54, -0.45, 0.71)
311.31: (-0.30, -0.48, 0.82)
311.41: (-0.18, -0.51, 0.84)
311.52: (-0.01, -0.53, 0.85)
311.64: (0.12, -0.62, 0.77)
311.74: (0.14, -0.63, 0.76)
311.84: (0.21, -0.66, 0.72)
311.91: (0.24, -0.67, 0.70)
311.91: (-0.19, -0.52, -0.83): 2
311.96: (0.24, -0.67, 0.70)
312.07: (0.29, -0.64, 0.71)
312.19: (0.30, -0.63, 0.72)
312.30: (0.22, -0.57, 0.79)
312.42: (0.24, -0.51, 0.83)
312.54: (0.46, -0.43, 0.77)
312.64: (0.56, -0.42, 0.72)
312.76: (0.68, -0.49, 0.55)
312.87: (0.74, -0.56, 0.38)
312.97: (0.83, -0.53, 0.19)
313.09: (0.88, -0.48, -0.01)
313.21: (0.84, -0.46, -0.29)
313.32: (0.71, -0.39, -0.58)
313.42: (0.63, -0.31, -0.71)
313.54: (0.50, -0.22, -0.84)
313.65: (0.32, -0.21, -0.92)
313.75: (0.14, -0.48, -0.87)
313.87: (0.02, -0.52, -0.85)
313.99: (-0.14, -0.52, -0.84)
314.05: (-0.21, -0.51, -0.84)
314.05: (0.98, -0.20, -0.04): 0
314.09: (-0.21, -0.50, -0.84)
314.20: (-0.12, -0.53, -0.84)
314.30: (-0.05, -0.55, -0.83)
314.42: (0.07, -0.58, -0.81)
314.52: (0.08, -0.59, -0.80)
314.64: (0.43, -0.63, -0.65)
314.75: (0.85, -0.46, -0.24)
314.87: (0.96, -0.26, 0.06)
314.99: (0.98, -0.19, 0.01)
315.09: (0.98, -0.17, -0.08)
315.09: (0.56, -0.27, 0.78): 0
315.10: (0.98, -0.17, -0.08)
315.22: (0.98, -0.17, -0.08)
315.34: (0.99, -0.11, -0.06)
315.44: (0.99, -0.10, -0.07)
315.55: (1.00, -0.02, -0.01)
315.67: (0.97, 0.19, 0.16)
315.79: (0.78, 0.44, 0.44)
315.89: (0.63, 0.53, 0.57)
316.00: (0.49, 0.57, 0.66)
316.12: (0.38, 0.61, 0.70)
316.24: (0.32, 0.62, 0.71)
316.35: (0.29, 0.63, 0.72)
316.45: (0.27, 0.63, 0.73)
316.57: (0.25, 0.46, 0.85)
316.67: (0.22, 0.14, 0.97)
316.79: (0.23, 0.04, 0.97)
316.90: (0.42, -0.04, 0.91)
317.02: (0.52, -0.14, 0.85)
317.14: (0.53, -0.19, 0.83)
317.20: (0.53, -0.23, 0.82)
317.20: (0.81, -0.51, -0.28): 1
317.25: (0.53, -0.23, 0.82)
317.37: (0.53, -0.23, 0.82)
317.49: (0.50, -0.19, 0.84)
317.59: (0.50, -0.17, 0.85)
317.70: (0.55, -0.13, 0.82)
317.82: (0.87, -0.02, 0.49)
317.94: (1.00, 0.06, 0.05)
318.05: (0.97, 0.07, -0.25)
318.15: (0.87, 0.08, -0.48)
318.25: (0.85, -0.08, -0.53)
318.37: (0.87, -0.28, -0.40)
318.49: (0.86, -0.37, -0.34)
318.60: (0.84, -0.45, -0.30)
318.65: (0.84, -0.46, -0.30)
318.65: (0.98, -0.10, 0.14): 1
318.72: (0.84, -0.46, -0.30)
318.84: (0.84, -0.45, -0.30)
318.94: (0.88, -0.41, -0.24)
319.05: (0.96, -0.29, -0.07)
319.15: (0.97, -0.24, 0.00)
319.27: (0.98, -0.19, 0.04)
319.34: (0.98, -0.17, 0.05)
319.34: (0.80, -0.60, -0.08): 2
319.39: (0.98, -0.17, 0.05)
319.49: (0.98, -0.17, 0.05)
319.60: (0.97, -0.23, 0.02)
319.72: (0.89, -0.46, -0.03)
319.82: (0.85, -0.52, -0.04)
319.92: (0.83, -0.56, -0.03)
319.92: (-1.00, 0.00, -0.05): 0
319.92: (0.83, -0.56, -0.03)
320.04: (0.83, -0.56, -0.03)
320.14: (0.84, -0.55, -0.04)
320.25: (0.87, -0.47, -0.14)
320.37: (0.86, -0.38, -0.33)
320.49: (0.83, -0.26, -0.49)
320.59: (0.79, -0.15, -0.60)
320.70: (0.66, -0.06, -0.75)
320.80: (0.51, 0.02, -0.86)
320.90: (0.35, 0.09, -0.93)
321.02: (0.14, 0.17, -0.98)
321.14: (-0.08, 0.20, -0.98)
321.25: (-0.25, 0.11, -0.96)
321.35: (-0.37, 0.01, -0.93)
321.47: (-0.46, -0.11, -0.88)
321.57: (-0.54, -0.23, -0.81)
321.67: (-0.64, -0.33, -0.69)
321.79: (-0.75, -0.36, -0.56)
321.90: (-0.77, -0.42, -0.47)
322.00: (-0.88, -0.32, -0.35)
322.12: (-0.98, -0.08, -0.19)
322.22: (-0.98, -0.06, -0.17)
322.27: (-0.98, -0.06, -0.17)
322.27: (-0.09, -0.97, 0.24): 2
322.34: (-0.98, -0.06, -0.17)
322.45: (-0.98, -0.06, -0.17)
322.55: (-0.98, -0.06, -0.18)
322.65: (-0.98, -0.06, -0.18)
322.77: (-0.98, -0.06, -0.18)
322.89: (-0.96, 0.04, -0.27)
322.99: (-0.85, 0.19, -0.49)
323.09: (-0.77, 0.36, -0.53)
323.20: (-0.63, 0.46, -0.63)
323.32: (-0.44, 0.52, -0.73)
323.44: (-0.29, 0.61, -0.74)
323.55: (-0.21, 0.57, -0.79)
323.65: (-0.15, 0.62, -0.77)
323.77: (0.00, 0.58, -0.81)
323.89: (0.18, 0.55, -0.82)
324.00: (0.28, 0.35, -0.89)
324.10: (0.24, 0.21, -0.95)
324.22: (0.15, -0.32, -0.93)
324.34: (0.24, -0.61, -0.76)
324.44: (0.23, -0.71, -0.67)
324.54: (0.23, -0.75, -0.62)
324.65: (0.13, -0.90, -0.42)
324.77: (0.10, -0.98, -0.18)
324.89: (0.05, -0.99, -0.10)
325.00: (-0.03, -1.00, 0.08)
325.10: (-0.05, -0.99, 0.13)
325.19: (-0.05, -0.99, 0.15)
325.19: (0.86, 0.34, 0.39): 0
325.22: (-0.05, -0.99, 0.15)
325.34: (-0.05, -0.99, 0.16)
325.45: (-0.04, -0.99, 0.13)
325.57: (-0.02, -1.00, 0.08)
325.69: (-0.01, -1.00, 0.03)
325.79: (-0.01, -1.00, 0.03)
325.89: (-0.01, -1.00, 0.03)
326.00: (-0.02, -1.00, 0.01)
326.12: (0.11, -0.96, 0.26)
326.24: (0.25, -0.78, 0.57)
326.34: (0.24, -0.74, 0.63)
326.45: (0.25, -0.70, 0.67)
326.57: (0.30, -0.59, 0.75)
326.69: (0.28, -0.39, 0.88)
326.79: (0.24, -0.09, 0.97)
326.90: (0.24, 0.08, 0.97)
327.02: (0.21, 0.16, 0.97)
327.12: (0.19, 0.25, 0.95)
327.24: (0.35, 0.31, 0.89)
327.35: (0.54, 0.37, 0.76)
327.45: (0.64, 0.40, 0.65)
327.57: (0.72, 0.41, 0.56)
327.69: (0.83, 0.34, 0.45)
327.79: (0.85, 0.31, 0.43)
327.87: (0.87, 0.27, 0.42)
327.87: (-1.00, 0.00, 0.05): 1
327.90: (0.87, 0.27, 0.42)
328.00: (0.87, 0.27, 0.42)
328.12: (0.87, 0.27, 0.40)
328.24: (0.88, 0.27, 0.40)
328.35: (0.88, 0.15, 0.44)
328.45: (0.86, -0.12, 0.50)
328.57: (0.89, -0.19, 0.41)
328.69: (0.93, -0.19, 0.32)
328.79: (0.93, -0.21, 0.31)
328.90: (0.85, -0.50, 0.19)
329.00: (0.59, -0.78, 0.22)
329.12: (0.31, -0.90, 0.31)
329.24: (0.13, -0.83, 0.55)
329.34: (0.01, -0.77, 0.63)
329.45: (0.00, -0.77, 0.63)
329.55: (-0.15, -0.74, 0.66)
329.67: (-0.52, -0.63, 0.58)
329.77: (-0.76, -0.48, 0.45)
329.87: (-0.87, -0.34, 0.36)
329.98: (-0.96, -0.16, 0.24)
330.10: (-0.99, 0.02, 0.14)
330.18: (-0.99, 0.04, 0.11)
330.18: (0.69, 0.65, 0.30): 0
330.20: (-0.99, 0.04, 0.11)
330.32: (-0.99, 0.04, 0.11)
330.42: (-0.99, 0.04, 0.11)
330.53: (-0.99, 0.02, 0.12)
330.65: (-0.99, 0.02, 0.12)
330.77: (-0.99, -0.03, 0.12)
330.88: (-0.97, 0.03, -0.23)
330.98: (-0.92, 0.02, -0.40)
331.10: (-0.84, 0.01, -0.54)
331.22: (-0.65, 0.06, -0.76)
331.33: (-0.60, 0.11, -0.79)
331.45: (-0.44, 0.17, -0.88)
331.55: (-0.22, 0.20, -0.95)
331.67: (-0.16, 0.21, -0.97)
331.77: (-0.07, 0.12, -0.99)
331.88: (0.11, -0.17, -0.98)
331.98: (0.24, -0.28, -0.93)
332.10: (0.51, -0.26, -0.82)
332.22: (0.61, 0.04, -0.79)
332.33: (0.71, 0.32, -0.62)
332.43: (0.69, 0.55, -0.46)
332.55: (0.62, 0.73, -0.29)
332.67: (0.65, 0.75, -0.12)
332.78: (0.71, 0.69, 0.14)
332.88: (0.71, 0.68, 0.16)
333.00: (0.71, 0.67, 0.20)
333.00: (0.34, -0.81, -0.47): 1
333.00: (0.71, 0.67, 0.20)
333.12: (0.71, 0.67, 0.20)
333.23: (0.72, 0.68, 0.11)
333.35: (0.72, 0.68, 0.11)
333.45: (0.72, 0.68, 0.11)
333.57: (0.79, 0.59, -0.14)
333.68: (0.68, 0.37, -0.64)
333.80: (0.61, 0.13, -0.78)
333.92: (0.56, 0.00, -0.83)
334.03: (0.41, -0.19, -0.89)
334.15: (0.32, -0.34, -0.88)
334.27: (0.26, -0.47, -0.84)
334.37: (0.19, -0.60, -0.78)
334.48: (0.12, -0.76, -0.64)
334.60: (0.24, -0.80, -0.55)
334.70: (0.27, -0.81, -0.52)
334.78: (0.32, -0.81, -0.49)
334.78: (-0.44, 0.75, 0.49): 2
334.82: (0.32, -0.81, -0.49)
334.92: (0.32, -0.81, -0.49)
335.03: (0.25, -0.83, -0.50)
335.15: (0.20, -0.85, -0.49)
335.27: (0.20, -0.85, -0.49)
335.37: (0.20, -0.85, -0.49)
335.48: (0.26, -0.85, -0.46)
335.58: (0.32, -0.86, -0.39)
335.70: (0.42, -0.88, -0.20)
335.82: (0.48, -0.87, -0.06)
335.93: (0.52, -0.85, 0.04)
336.05: (0.55, -0.82, 0.15)
336.17: (0.56, -0.78, 0.26)
336.27: (0.57, -0.77, 0.28)
336.38: (0.57, -0.77, 0.28)
336.50: (0.57, -0.80, 0.21)
336.62: (0.50, -0.83, -0.23)
336.72: (0.41, -0.73, -0.55)
336.83: (0.28, -0.61, -0.74)
336.95: (0.21, -0.55, -0.81)
337.07: (0.19, -0.54, -0.82)
337.18: (0.24, -0.46, -0.85)
337.28: (0.53, -0.27, -0.80)
337.40: (0.82, -0.03, -0.58)
337.50: (0.88, 0.05, -0.46)
337.62: (0.93, 0.15, -0.34)
337.73: (0.93, 0.31, -0.18)
337.83: (0.90, 0.44, -0.01)
337.93: (0.85, 0.52, 0.11)
338.03: (0.80, 0.55, 0.26)
338.15: (0.64, 0.45, 0.62)
338.27: (0.45, 0.47, 0.76)
338.38: (0.29, 0.51, 0.81)
338.48: (0.06, 0.42, 0.91)
338.60: (-0.19, 0.47, 0.86)
338.72: (-0.55, 0.49, 0.68)
338.83: (-0.65, 0.52, 0.55)
338.93: (-0.52, 0.63, 0.57)
339.05: (-0.43, 0.70, 0.56)
339.10: (-0.42, 0.71, 0.56)
339.10: (0.59, -0.57, 0.57): 1
339.15: (-0.42, 0.71, 0.56)
339.27: (-0.41, 0.71, 0.57)
339.37: (-0.41, 0.71, 0.58)
339.48: (-0.41, 0.71, 0.58)
339.60: (-0.32, 0.76, 0.56)
339.72: (-0.18, 0.69, 0.70)
339.83: (0.23, 0.54, 0.81)
339.93: (0.41, 0.39, 0.83)
340.05: (0.55, 0.21, 0.81)
340.17: (0.73, -0.01, 0.69)
340.28: (0.84, -0.05, 0.54)
340.38: (0.86, -0.18, 0.48)
340.50: (0.69, -0.41, 0.60)
340.60: (0.63, -0.47, 0.62)
340.70: (0.57, -0.53, 0.63)
340.70: (0.86, -0.51, -0.01): 0
340.72: (0.57, -0.53, 0.63)
340.83: (0.58, -0.53, 0.62)
340.95: (0.64, -0.55, 0.54)
341.07: (0.80, -0.54, 0.28)
341.18: (0.84, -0.52, 0.14)
341.28: (0.87, -0.50, 0.04)
341.33: (0.88, -0.48, 0.01)
341.33: (-0.97, 0.06, -0.22): 2
341.40: (0.88, -0.48, 0.00)
341.52: (0.88, -0.48, -0.02)
341.63: (0.85, -0.52, -0.08)
341.75: (0.77, -0.63, -0.10)
341.87: (0.66, -0.71, -0.23)
341.97: (0.57, -0.75, -0.34)
342.08: (0.47, -0.78, -0.41)
342.20: (0.31, -0.87, -0.39)
342.30: (0.15, -0.96, -0.21)
342.42: (0.06, -0.98, -0.18)
342.52: (0.05, -0.98, -0.18)
342.63: (-0.02, -0.95, -0.31)
342.75: (-0.24, -0.80, -0.55)
342.87: (-0.50, -0.55, -0.67)
342.98: (-0.64, -0.40, -0.65)
343.08: (-0.76, -0.26, -0.60)
343.20: (-0.90, -0.06, -0.43)
343.30: (-0.96, -0.07, -0.29)
343.42: (-0.97, -0.04, -0.25)
343.45: (-0.97, -0.03, -0.24)
END