3/27/2023 3:12:46 PM
Mode: Mono
White time (s): [1.499939, 2.849304, 6.648315, 2.416199, 1.233154, 5.865601, 2.565857, 2.349243, 2.249695, 0.7498779, 5.532166, 1.766357, 7.132141, 2.749268, 5.882507, 3.615601, 3.849304, 5.632202, 2.082886, 1.66626, 0.7330933, 6.03186, 4.781982, 2.31604, 2.116028, 5.298828, 2.332825, 0.866333, 2.166443, 5.99884]
Shot time (s): [2.882751, 0.7665405, 1.43335, 0.8665161, 2.499207, 4.749573, 0.8166504, 1.682922, 1.749878, 7.165222, 2.082642, 0.9164429, 0.6165771, 1.183228, 2.799377, 0.6333618, 2.299683, 0.9663086, 9.698181, 2.265808, 0.6333008, 1.516541, 0.8164673, 3.549194, 9.997742, 1.649963, 3.732605, 1.183167, 2.799438, 1.516296]
Step time (s): [6.231812, 7.215088, 7.08197, 2.099243, 2.466064, 3.899231, 1.899658, 1.399597, 1.432983, 0.7997437, 0.9998169, 2.699463, 6.031799, 3.149597, 1.132813, 0.7167358, 3.965759, 1.682861, 1.53302, 1.299683, 2.73291, 1.26593, 2.032898, 0.666687, 0.6333008, 0.666748, 0.5003052, 1.932983, 6.36554, 2.149536]
White horz (deg): [153.425, 377.3399, 881.7891, 413.6297, 238.7349, 773.1099, 312.265, 247.19, 284.4298, 60.51498, 859.3694, 184.015, 1202.319, 515.6599, 1067.229, 542.9249, 636.9749, 996.6445, 167.0099, 148.865, 54.14998, 1151.969, 747.0798, 306.66, 261.0601, 728.2697, 306.945, 57.47497, 349.5051, 1156.435]
Shot horz (deg): [462.3648, 37.71498, 173.375, 47.49998, 279.68, 770.5443, 40.27998, 393.0149, 58.32998, 994.9341, 198.17, 29.16498, 35.90998, 68.01998, 402.515, 8.644997, 202.1599, 26.02999, 481.7455, 139.365, 46.83498, 189.145, 71.34499, 639.7297, 1997.849, 243.01, 724.1847, 129.105, 298.965, 235.505]
Step horz (deg): [896.7043, 944.9641, 766.9343, 280.2499, 367.1749, 402.705, 207.765, 128.915, 203.7749, 34.29499, 39.99498, 334.59, 576.5544, 391.2099, 82.17496, 16.33999, 566.7698, 401.945, 199.0249, 131.1949, 355.6798, 177.8399, 207.385, 41.98997, 46.26498, 31.91998, 24.69999, 119.415, 858.8941, 317.5849]
White vert (deg): [19.28499, 186.675, 217.645, 102.695, 47.02498, 398.7152, 245.385, 137.56, 75.52496, 12.82499, 243.5801, 22.98998, 683.3345, 218.69, 695.8746, 333.3551, 303.81, 619.5901, 54.90997, 20.13999, 12.72999, 550.5247, 347.5102, 122.93, 143.355, 360.7152, 151.905, 5.794998, 144.21, 380.9501]
Shot vert (deg): [178.6949, 8.834996, 60.03996, 36.76499, 191.14, 455.62, 33.15498, 28.49998, 121.22, 450.4902, 54.52997, 54.14998, 15.57999, 74.09999, 115.33, 12.16, 116.66, 8.454996, 231.4201, 86.63996, 6.744996, 132.62, 11.495, 165.7751, 872.5743, 136.99, 209.475, 107.4449, 170.525, 64.21997]
Step vert (deg): [265.2402, 271.1302, 391.8754, 99.17997, 81.12997, 156.275, 62.79498, 100.605, 68.20997, 5.699997, 26.40998, 186.01, 182.5901, 118.75, 21.65999, 29.35498, 267.71, 64.78999, 63.83997, 59.84996, 148.865, 53.48498, 121.695, 26.97999, 9.689997, 16.14999, 16.52999, 131.955, 345.1352, 220.97]

Time in sec: camera forward versor
Time in sec: target versor: sound type (0 = White, 1 = Shot, 2 = Step)
START
620.34: (-0.87, 0.20, -0.46): 1
620.34: (0.08, 0.71, 0.70)
620.46: (0.08, 0.71, 0.70)
620.57: (0.09, 0.72, 0.69)
620.69: (0.09, 0.72, 0.69)
620.81: (0.09, 0.72, 0.68)
620.92: (0.33, 0.73, 0.60)
621.04: (0.77, 0.36, 0.53)
621.16: (0.89, -0.27, 0.35)
621.27: (0.84, -0.40, 0.35)
621.37: (0.62, -0.73, 0.29)
621.49: (0.10, -0.99, 0.12)
621.61: (-0.10, -1.00, 0.00)
621.72: (-0.23, -0.97, -0.07)
621.83: (0.28, -0.96, 0.07)
621.94: (0.96, -0.22, 0.17)
622.06: (0.96, 0.19, 0.18)
622.17: (0.91, 0.40, 0.13)
622.29: (0.42, 0.88, 0.22)
622.41: (-0.52, 0.83, 0.23)
622.52: (-0.90, 0.41, 0.17)
622.64: (-0.98, 0.01, 0.21)
622.76: (-0.94, -0.21, 0.28)
622.87: (-0.97, 0.23, -0.01)
622.99: (-0.90, 0.31, -0.29)
623.11: (-0.88, 0.20, -0.42)
623.21: (-0.88, 0.20, -0.42)
623.22: (-0.88, 0.20, -0.42)
623.22: (0.37, 0.22, -0.90): 2
623.32: (-0.88, 0.20, -0.42)
623.42: (-0.88, 0.20, -0.42)
623.54: (-0.90, 0.13, -0.41)
623.66: (-0.91, 0.00, -0.42)
623.77: (-0.93, 0.27, -0.24)
623.87: (-0.63, 0.77, 0.14)
623.99: (-0.50, 0.81, 0.30)
624.11: (-0.11, 0.81, 0.57)
624.21: (0.48, 0.54, 0.69)
624.32: (0.93, 0.10, 0.36)
624.44: (0.96, -0.25, 0.09)
624.54: (0.84, -0.54, -0.07)
624.66: (0.59, -0.75, -0.29)
624.77: (0.21, -0.84, -0.50)
624.89: (-0.20, -0.79, -0.58)
624.99: (-0.46, -0.68, -0.58)
625.11: (-0.76, -0.43, -0.49)
625.22: (-0.95, -0.12, -0.31)
625.34: (-0.99, 0.02, -0.11)
625.44: (-0.99, 0.15, 0.04)
625.56: (-0.91, 0.36, 0.20)
625.67: (-0.78, 0.55, 0.30)
625.79: (-0.59, 0.71, 0.38)
625.89: (-0.31, 0.83, 0.47)
626.01: (0.05, 0.88, 0.48)
626.12: (0.03, 0.88, 0.48)
626.24: (0.03, 0.88, 0.48)
626.34: (0.03, 0.88, 0.48)
626.46: (-0.44, 0.81, 0.39)
626.57: (0.00, 0.90, 0.43)
626.67: (0.44, 0.82, 0.37)
626.79: (0.72, 0.64, 0.25)
626.91: (0.91, 0.39, 0.12)
627.01: (0.99, 0.10, 0.00)
627.12: (0.99, -0.16, 0.01)
627.24: (0.91, -0.37, 0.19)
627.36: (0.85, -0.32, 0.41)
627.46: (0.78, -0.14, 0.61)
627.57: (0.62, 0.17, 0.76)
627.69: (0.44, 0.43, 0.79)
627.81: (0.25, 0.66, 0.70)
627.91: (0.11, 0.82, 0.56)
628.01: (-0.09, 0.93, 0.34)
628.12: (-0.26, 0.96, 0.08)
628.24: (-0.30, 0.95, -0.07)
628.36: (-0.24, 0.93, -0.26)
628.46: (-0.17, 0.92, -0.35)
628.56: (-0.07, 0.90, -0.44)
628.67: (0.15, 0.72, -0.68)
628.79: (0.23, 0.32, -0.92)
628.89: (0.05, 0.04, -1.00)
629.01: (-0.16, -0.32, -0.93)
629.12: (0.00, -0.19, -0.98)
629.24: (0.30, 0.11, -0.95)
629.36: (0.36, 0.27, -0.89)
629.46: (0.36, 0.29, -0.88)
629.46: (0.72, 0.69, -0.06): 0
629.47: (0.36, 0.29, -0.88)
629.57: (0.36, 0.29, -0.88)
629.69: (0.36, 0.29, -0.88)
629.79: (0.36, 0.29, -0.88)
629.89: (0.36, 0.29, -0.88)
630.01: (0.36, 0.30, -0.88)
630.12: (0.59, 0.64, -0.49)
630.22: (0.61, 0.78, 0.17)
630.34: (0.38, 0.62, 0.68)
630.46: (0.42, 0.60, 0.68)
630.56: (0.64, 0.64, 0.42)
630.67: (0.75, 0.66, 0.06)
630.79: (0.75, 0.66, 0.05)
630.89: (0.75, 0.66, 0.04)
630.96: (0.75, 0.66, 0.01)
630.96: (0.60, -0.19, 0.77): 2
631.01: (0.75, 0.66, 0.00)
631.12: (0.75, 0.66, 0.00)
631.24: (0.75, 0.66, 0.00)
631.34: (0.75, 0.66, 0.00)
631.46: (0.75, 0.66, 0.00)
631.57: (0.74, 0.67, -0.02)
631.69: (0.70, 0.67, -0.25)
631.79: (0.61, 0.60, -0.51)
631.91: (0.48, 0.48, -0.74)
632.02: (0.32, 0.27, -0.91)
632.14: (0.04, -0.01, -1.00)
632.26: (-0.27, -0.24, -0.93)
632.37: (-0.52, -0.42, -0.74)
632.47: (-0.70, -0.50, -0.51)
632.59: (-0.82, -0.54, -0.19)
632.71: (-0.82, -0.50, 0.29)
632.82: (-0.65, -0.38, 0.66)
632.94: (-0.56, -0.23, 0.80)
633.04: (-0.51, -0.02, 0.86)
633.16: (-0.55, 0.15, 0.82)
633.26: (-0.63, 0.17, 0.76)
633.37: (-0.77, 0.13, 0.63)
633.49: (-0.89, 0.08, 0.45)
633.61: (-0.99, -0.07, 0.16)
633.71: (-0.97, -0.19, -0.14)
633.82: (-0.83, -0.31, -0.47)
633.94: (-0.53, -0.44, -0.73)
634.06: (-0.17, -0.49, -0.86)
634.17: (0.19, -0.43, -0.88)
634.29: (0.49, -0.34, -0.80)
634.39: (0.76, -0.21, -0.62)
634.49: (0.95, 0.00, -0.30)
634.61: (0.94, 0.28, 0.18)
634.71: (0.77, 0.39, 0.51)
634.81: (0.55, 0.48, 0.68)
634.92: (0.22, 0.53, 0.82)
635.02: (-0.14, 0.48, 0.87)
635.12: (-0.50, 0.33, 0.80)
635.24: (-0.74, 0.18, 0.65)
635.36: (-0.88, 0.04, 0.47)
635.47: (-0.95, -0.03, 0.30)
635.59: (-0.98, -0.19, 0.02)
635.70: (-0.81, -0.44, -0.38)
635.81: (-0.63, -0.54, -0.56)
635.92: (-0.50, -0.58, -0.64)
636.04: (-0.33, -0.61, -0.73)
636.14: (0.06, -0.58, -0.81)
636.25: (0.14, -0.56, -0.82)
636.37: (0.14, -0.56, -0.82)
636.49: (0.14, -0.56, -0.82)
636.59: (0.00, -0.62, -0.79)
636.70: (-0.03, -0.84, -0.55)
636.80: (0.13, -0.98, -0.15)
636.90: (0.19, -0.98, 0.04)
637.02: (0.36, -0.90, 0.27)
637.14: (0.47, -0.59, 0.65)
637.25: (0.17, -0.21, 0.96)
637.35: (-0.50, -0.32, 0.81)
637.47: (-0.67, -0.50, 0.55)
637.57: (-0.15, -0.40, 0.90)
637.67: (0.34, -0.18, 0.92)
637.79: (0.48, -0.14, 0.87)
637.89: (0.48, -0.15, 0.86)
638.00: (0.55, -0.20, 0.81)
638.12: (0.60, -0.21, 0.77)
638.17: (0.60, -0.21, 0.77)
638.17: (0.99, 0.04, 0.15): 1
638.24: (0.60, -0.21, 0.77)
638.34: (0.60, -0.21, 0.77)
638.45: (0.60, -0.21, 0.77)
638.57: (0.69, -0.20, 0.70)
638.69: (0.86, -0.12, 0.49)
638.80: (0.97, 0.00, 0.26)
638.92: (0.97, 0.00, 0.26)
638.94: (0.97, 0.00, 0.26)
638.94: (-0.88, 0.08, -0.46): 2
639.02: (0.97, 0.00, 0.26)
639.14: (0.97, 0.01, 0.22)
639.25: (0.98, 0.01, 0.19)
639.37: (0.98, 0.01, 0.18)
639.47: (0.98, 0.01, 0.18)
639.57: (0.98, 0.01, 0.18)
639.69: (0.88, -0.01, 0.47)
639.80: (0.61, 0.10, 0.79)
639.90: (0.30, 0.09, 0.95)
640.02: (0.05, 0.08, 1.00)
640.14: (-0.11, -0.02, 0.99)
640.25: (-0.31, -0.17, 0.94)
640.35: (-0.48, -0.33, 0.81)
640.47: (-0.61, -0.55, 0.57)
640.57: (-0.69, -0.65, 0.34)
640.67: (-0.69, -0.69, 0.19)
640.79: (-0.67, -0.74, -0.06)
640.90: (-0.60, -0.69, -0.41)
641.02: (-0.45, -0.53, -0.72)
641.14: (-0.29, -0.43, -0.86)
641.24: (-0.11, -0.42, -0.90)
641.34: (0.00, -0.50, -0.86)
641.44: (0.06, -0.63, -0.78)
641.55: (0.12, -0.75, -0.65)
641.67: (0.15, -0.89, -0.43)
641.79: (0.10, -0.98, -0.14)
641.90: (0.04, -0.99, 0.11)
642.00: (0.01, -0.95, 0.31)
642.12: (-0.01, -0.85, 0.53)
642.24: (-0.08, -0.74, 0.67)
642.35: (-0.20, -0.52, 0.83)
642.47: (-0.31, -0.31, 0.90)
642.59: (-0.47, -0.09, 0.88)
642.69: (-0.57, 0.11, 0.82)
642.80: (-0.72, 0.48, 0.50)
642.90: (-0.72, 0.67, 0.21)
643.02: (-0.65, 0.76, 0.04)
643.14: (-0.54, 0.78, -0.31)
643.25: (-0.43, 0.73, -0.54)
643.35: (-0.32, 0.67, -0.68)
643.47: (-0.03, 0.32, -0.95)
643.57: (0.24, 0.03, -0.97)
643.69: (0.35, 0.06, -0.93)
643.80: (0.59, 0.21, -0.78)
643.92: (0.82, 0.28, -0.50)
644.02: (0.84, 0.27, -0.47)
644.12: (0.91, 0.23, -0.35)
644.24: (0.94, 0.24, -0.24)
644.34: (0.93, 0.38, -0.02)
644.45: (0.85, 0.45, 0.27)
644.57: (0.81, 0.47, 0.35)
644.69: (0.77, 0.51, 0.38)
644.80: (0.77, 0.51, 0.38)
644.90: (0.77, 0.51, 0.38)
645.00: (0.52, 0.81, -0.26)
645.12: (0.06, 0.52, -0.85)
645.22: (-0.25, 0.02, -0.97)
645.34: (-0.40, -0.30, -0.86)
645.45: (-0.47, -0.44, -0.77)
645.57: (-0.72, -0.51, -0.47)
645.67: (-0.91, -0.34, -0.25)
645.79: (-0.96, -0.07, -0.27)
645.90: (-0.94, 0.03, -0.35)
646.00: (-0.94, 0.04, -0.35)
646.02: (-0.94, 0.04, -0.35)
646.02: (1.00, 0.08, -0.03): 1
646.12: (-0.93, 0.06, -0.36)
646.22: (-0.86, 0.09, -0.49)
646.34: (-0.86, 0.09, -0.50)
646.45: (-0.83, 0.05, -0.55)
646.55: (-0.55, -0.02, -0.84)
646.67: (-0.07, -0.05, -1.00)
646.79: (0.63, -0.13, -0.77)
646.90: (0.77, -0.24, -0.59)
647.02: (0.88, -0.37, -0.30)
647.12: (0.98, -0.16, 0.10)
647.24: (0.99, 0.05, 0.11)
647.35: (0.99, 0.14, 0.03)
647.45: (0.99, 0.13, 0.02)
647.45: (0.07, -0.05, 1.00): 2
647.45: (0.99, 0.13, 0.02)
647.57: (0.99, 0.13, 0.02)
647.69: (0.99, 0.12, 0.03)
647.80: (0.99, 0.10, 0.11)
647.92: (0.99, 0.09, 0.11)
648.04: (0.99, 0.08, 0.09)
648.14: (0.99, 0.07, 0.08)
648.25: (1.00, -0.03, 0.02)
648.35: (0.85, -0.44, -0.28)
648.47: (0.71, -0.70, -0.03)
648.59: (0.58, -0.57, 0.58)
648.70: (0.52, -0.62, 0.59)
648.82: (0.22, -0.96, -0.18)
648.94: (0.18, -0.95, -0.24)
649.04: (0.32, -0.82, 0.47)
649.15: (0.32, -0.32, 0.89)
649.27: (0.23, 0.04, 0.97)
649.37: (0.18, 0.02, 0.98)
649.49: (0.12, -0.03, 0.99)
649.55: (0.08, -0.03, 1.00)
649.55: (-0.99, 0.16, 0.00): 0
649.60: (0.08, -0.03, 1.00)
649.72: (0.08, -0.03, 1.00)
649.82: (0.08, -0.03, 1.00)
649.94: (0.23, -0.10, 0.97)
650.05: (0.78, -0.27, 0.56)
650.17: (1.00, 0.01, 0.07)
650.29: (0.87, 0.46, 0.16)
650.39: (0.85, 0.51, 0.16)
650.50: (0.78, 0.62, 0.12)
650.62: (0.40, 0.91, 0.13)
650.72: (0.29, 0.95, 0.10)
650.84: (0.35, 0.94, -0.04)
650.95: (0.49, 0.86, -0.12)
651.07: (0.89, 0.41, -0.22)
651.19: (0.97, -0.15, -0.20)
651.30: (0.83, -0.54, -0.14)
651.40: (0.56, -0.83, 0.02)
651.52: (-0.01, -0.91, 0.42)
651.63: (-0.31, -0.82, 0.48)
651.73: (-0.47, -0.71, 0.53)
651.85: (-0.77, -0.39, 0.51)
651.97: (-0.94, -0.04, 0.34)
652.08: (-0.98, 0.16, 0.13)
652.20: (-0.96, 0.26, -0.04)
652.30: (-0.96, 0.27, -0.07)
652.40: (-0.97, 0.24, -0.10)
652.40: (-0.78, -0.61, 0.16): 1
652.42: (-0.97, 0.24, -0.10)
652.52: (-0.96, 0.24, -0.11)
652.63: (-0.96, 0.24, -0.11)
652.75: (-0.98, 0.17, -0.11)
652.87: (-0.92, -0.39, 0.05)
652.98: (-0.79, -0.59, 0.16)
653.10: (-0.84, -0.52, 0.18)
653.22: (-0.86, -0.48, 0.17)
653.27: (-0.86, -0.47, 0.17)
653.27: (-0.59, 0.60, -0.54): 1
653.33: (-0.86, -0.47, 0.17)
653.45: (-0.86, -0.48, 0.17)
653.57: (-0.84, -0.52, 0.17)
653.68: (-0.83, -0.54, 0.16)
653.80: (-0.76, -0.61, 0.20)
653.92: (-0.28, -0.85, 0.45)
654.02: (-0.04, -0.85, 0.53)
654.13: (-0.04, -0.85, 0.53)
654.25: (0.16, -0.83, 0.53)
654.37: (0.51, -0.65, 0.56)
654.48: (0.87, -0.12, 0.49)
654.60: (0.87, 0.35, 0.34)
654.72: (0.65, 0.74, 0.16)
654.82: (0.09, 0.98, 0.17)
654.92: (-0.52, 0.77, 0.37)
655.03: (-0.82, 0.33, 0.47)
655.13: (-0.85, 0.22, 0.47)
655.25: (-0.87, 0.25, 0.42)
655.37: (-0.83, 0.56, -0.03)
655.48: (-0.74, 0.58, -0.34)
655.60: (-0.68, 0.61, -0.41)
655.72: (-0.55, 0.68, -0.49)
655.77: (-0.54, 0.68, -0.50)
655.77: (-0.02, -0.84, 0.54): 1
655.83: (-0.54, 0.68, -0.50)
655.95: (-0.54, 0.68, -0.50)
656.05: (-0.56, 0.75, -0.35)
656.17: (-0.57, 0.82, -0.10)
656.27: (-0.62, 0.74, 0.26)
656.38: (-0.39, 0.41, 0.82)
656.50: (-0.02, 0.13, 0.99)
656.62: (-0.20, 0.55, 0.81)
656.73: (-0.57, 0.79, 0.24)
656.85: (-0.56, 0.73, -0.39)
656.97: (-0.41, 0.52, -0.75)
657.07: (-0.33, 0.39, -0.86)
657.18: (-0.21, 0.20, -0.96)
657.30: (-0.09, -0.04, -1.00)
657.42: (-0.24, -0.22, -0.95)
657.52: (-0.75, -0.12, -0.65)
657.63: (-0.72, 0.61, -0.34)
657.73: (-0.11, 0.99, 0.05)
657.85: (0.55, 0.73, 0.40)
657.97: (0.95, 0.07, 0.31)
658.07: (0.90, -0.44, 0.07)
658.17: (0.66, -0.72, -0.23)
658.28: (0.31, -0.83, -0.47)
658.40: (0.14, -0.80, -0.59)
658.50: (0.04, -0.76, -0.65)
658.62: (-0.15, -0.68, -0.72)
658.73: (-0.48, -0.48, -0.73)
658.85: (-0.58, -0.07, -0.81)
658.97: (-0.52, 0.33, -0.79)
659.08: (-0.51, 0.39, -0.77)
659.18: (-0.51, 0.40, -0.76)
659.30: (-0.56, 0.44, -0.71)
659.42: (-0.86, -0.12, -0.50)
659.53: (-0.64, -0.77, -0.08)
659.65: (-0.54, -0.81, 0.21)
659.77: (-0.52, -0.59, 0.63)
659.88: (-0.44, -0.10, 0.89)
659.98: (-0.43, 0.11, 0.90)
660.10: (-0.44, -0.46, 0.78)
660.20: (-0.21, -0.87, 0.44)
660.32: (-0.07, -0.87, 0.49)
660.42: (-0.05, -0.85, 0.52)
660.52: (-0.05, -0.85, 0.52)
660.52: (0.99, -0.14, -0.01): 0
660.53: (-0.05, -0.85, 0.52)
660.65: (-0.06, -0.85, 0.52)
660.77: (-0.06, -0.85, 0.52)
660.87: (-0.05, -0.86, 0.51)
660.98: (-0.01, -0.89, 0.46)
661.10: (0.11, -0.99, 0.05)
661.20: (0.20, -0.94, -0.27)
661.32: (0.25, -0.78, -0.57)
661.43: (0.20, 0.00, -0.98)
661.55: (0.10, 0.58, -0.80)
661.67: (0.06, 0.76, -0.65)
661.77: (0.02, 0.91, -0.41)
661.88: (-0.06, 0.99, -0.08)
662.00: (-0.10, 0.98, 0.14)
662.10: (-0.14, 0.93, 0.33)
662.20: (-0.16, 0.83, 0.54)
662.32: (-0.18, 0.70, 0.69)
662.43: (-0.23, 0.52, 0.82)
662.55: (-0.23, 0.33, 0.91)
662.65: (-0.21, 0.14, 0.97)
662.75: (-0.19, -0.07, 0.98)
662.87: (-0.19, -0.24, 0.95)
662.98: (-0.16, -0.41, 0.90)
663.10: (-0.12, -0.60, 0.80)
663.22: (-0.08, -0.72, 0.69)
663.32: (-0.02, -0.84, 0.55)
663.43: (0.04, -0.97, 0.24)
663.55: (0.07, -1.00, -0.05)
663.65: (0.13, -0.94, -0.31)
663.77: (0.17, -0.86, -0.49)
663.88: (0.21, -0.68, -0.70)
664.00: (0.21, -0.45, -0.87)
664.12: (0.18, -0.05, -0.98)
664.23: (0.15, 0.27, -0.95)
664.35: (0.02, 0.65, -0.76)
664.45: (-0.14, 0.90, -0.42)
664.57: (-0.33, 0.94, -0.10)
664.68: (-0.51, 0.86, 0.08)
664.78: (-0.67, 0.72, 0.18)
664.90: (-0.80, 0.53, 0.27)
665.02: (-0.90, 0.34, 0.26)
665.13: (-0.98, 0.11, 0.19)
665.23: (-1.00, -0.04, 0.09)
665.33: (-0.98, -0.14, -0.15)
665.45: (-0.98, -0.14, -0.15)
665.57: (-0.98, -0.14, -0.15)
665.68: (-0.96, -0.10, -0.25)
665.78: (-0.86, -0.02, -0.51)
665.90: (-0.58, 0.16, -0.80)
666.02: (-0.16, 0.38, -0.91)
666.13: (0.42, 0.57, -0.71)
666.25: (0.89, 0.45, -0.04)
666.35: (0.90, 0.15, 0.41)
666.47: (0.78, -0.13, 0.61)
666.58: (0.58, -0.31, 0.75)
666.70: (0.74, -0.30, 0.60)
666.82: (0.93, -0.26, 0.27)
666.93: (0.95, -0.25, 0.20)
667.03: (0.98, -0.20, 0.07)
667.15: (0.99, -0.12, -0.04)
667.17: (0.99, -0.12, -0.04)
667.17: (-0.50, -0.37, 0.78): 0
667.26: (0.99, -0.12, -0.04)
667.37: (0.99, -0.12, -0.04)
667.48: (0.99, 0.01, -0.10)
667.58: (0.92, 0.31, -0.24)
667.70: (0.26, 0.87, -0.42)
667.81: (-0.39, 0.85, -0.35)
667.91: (-0.65, 0.71, -0.28)
668.03: (-0.91, 0.38, -0.17)
668.13: (-0.97, -0.25, 0.05)
668.25: (-0.54, -0.79, 0.29)
668.36: (-0.13, -0.93, 0.35)
668.46: (0.27, -0.90, 0.35)
668.58: (0.66, -0.70, 0.28)
668.68: (0.73, -0.64, 0.26)
668.80: (0.80, -0.53, 0.29)
668.91: (0.67, -0.31, 0.67)
669.03: (0.38, -0.32, 0.87)
669.13: (0.12, -0.41, 0.90)
669.25: (-0.24, -0.64, 0.73)
669.36: (-0.46, -0.59, 0.66)
669.48: (-0.47, -0.36, 0.81)
669.58: (-0.49, -0.32, 0.81)
669.58: (-0.99, 0.08, -0.07): 0
669.60: (-0.49, -0.32, 0.81)
669.71: (-0.49, -0.32, 0.81)
669.81: (-0.49, -0.32, 0.81)
669.93: (-0.67, -0.37, 0.64)
670.05: (-0.99, -0.10, -0.02)
670.16: (-0.56, 0.01, -0.83)
670.28: (-0.01, -0.13, -0.99)
670.38: (-0.05, -0.15, -0.99)
670.50: (-0.87, -0.01, -0.50)
670.61: (-1.00, 0.07, -0.01)
670.71: (-1.00, 0.07, -0.01)
670.81: (-1.00, 0.07, -0.01)
670.81: (0.10, 0.50, 0.86): 2
670.83: (-1.00, 0.07, -0.01)
670.95: (-1.00, 0.07, -0.01)
671.05: (-1.00, 0.07, -0.01)
671.16: (-0.99, 0.07, -0.13)
671.28: (-0.81, 0.06, -0.58)
671.40: (-0.37, -0.08, -0.92)
671.51: (0.23, -0.20, -0.95)
671.63: (0.51, -0.21, -0.83)
671.73: (0.51, -0.20, -0.84)
671.85: (-0.06, -0.04, -1.00)
671.96: (-0.78, 0.08, -0.63)
672.08: (-0.97, 0.12, -0.22)
672.20: (-0.98, 0.17, 0.12)
672.30: (-0.90, 0.16, 0.40)
672.40: (-0.62, 0.11, 0.78)
672.51: (-0.11, -0.05, 0.99)
672.61: (0.19, -0.20, 0.96)
672.73: (0.30, -0.24, 0.92)
672.85: (0.26, 0.01, 0.97)
672.96: (0.20, 0.25, 0.95)
673.08: (0.18, 0.36, 0.91)
673.20: (0.16, 0.41, 0.90)
673.28: (0.15, 0.43, 0.89)
673.28: (0.59, 0.81, -0.04): 0
673.31: (0.15, 0.43, 0.89)
673.41: (0.15, 0.43, 0.89)
673.53: (0.15, 0.43, 0.89)
673.65: (0.15, 0.33, 0.93)
673.76: (0.41, 0.09, 0.91)
673.88: (0.84, -0.13, 0.53)
674.00: (0.89, -0.32, 0.31)
674.10: (0.84, -0.52, 0.16)
674.21: (0.63, -0.74, -0.23)
674.33: (0.38, -0.75, -0.55)
674.45: (0.14, -0.65, -0.74)
674.56: (0.08, -0.58, -0.81)
674.68: (0.00, -0.57, -0.82)
674.78: (-0.22, -0.41, -0.89)
674.88: (-0.25, -0.42, -0.87)
675.00: (-0.25, -0.42, -0.87)
675.11: (-0.25, -0.42, -0.87)
675.23: (-0.20, -0.44, -0.88)
675.35: (0.03, -0.05, -1.00)
675.46: (0.69, 0.04, -0.72)
675.58: (0.84, -0.07, -0.54)
675.70: (0.92, -0.13, -0.36)
675.81: (0.91, -0.40, -0.13)
675.93: (0.69, -0.72, 0.08)
676.03: (0.52, -0.84, 0.17)
676.15: (0.34, -0.91, 0.22)
676.26: (0.04, -0.95, 0.30)
676.38: (-0.39, -0.84, 0.38)
676.50: (-0.71, -0.60, 0.36)
676.61: (-0.88, -0.45, 0.17)
676.73: (-0.95, -0.23, -0.19)
676.85: (-0.84, -0.03, -0.54)
676.96: (-0.64, -0.07, -0.76)
677.06: (-0.45, -0.14, -0.88)
677.18: (-0.24, -0.19, -0.95)
677.30: (-0.04, -0.35, -0.94)
677.41: (0.16, -0.71, -0.69)
677.53: (0.29, -0.89, -0.36)
677.63: (0.33, -0.94, -0.12)
677.75: (0.30, -0.92, 0.24)
677.86: (0.19, -0.83, 0.53)
677.96: (0.05, -0.68, 0.73)
678.08: (-0.19, -0.25, 0.95)
678.20: (-0.40, 0.56, 0.73)
678.30: (-0.18, 0.97, 0.19)
678.41: (0.12, 0.95, -0.30)
678.53: (0.36, 0.66, -0.66)
678.65: (0.49, 0.42, -0.76)
678.76: (0.51, 0.52, -0.69)
678.88: (0.46, 0.88, -0.11)
678.98: (0.43, 0.90, -0.01)
679.08: (0.47, 0.88, 0.00)
679.15: (0.49, 0.87, -0.02)
679.15: (0.87, 0.48, -0.03): 1
679.20: (0.49, 0.87, -0.02)
679.30: (0.49, 0.87, -0.02)
679.41: (0.42, 0.91, 0.03)
679.53: (0.40, 0.89, 0.23)
679.65: (0.62, 0.76, 0.20)
679.76: (0.74, 0.66, 0.10)
679.86: (0.80, 0.60, 0.03)
679.96: (0.83, 0.55, 0.01)
679.96: (0.64, -0.63, 0.44): 0
679.96: (0.83, 0.55, 0.01)
680.08: (0.87, 0.50, 0.00)
680.20: (0.85, 0.53, -0.02)
680.31: (0.81, 0.58, 0.00)
680.41: (0.77, 0.64, 0.07)
680.53: (0.65, 0.73, 0.22)
680.65: (0.46, 0.84, 0.28)
680.75: (0.13, 0.94, 0.31)
680.86: (-0.40, 0.82, 0.41)
680.96: (-0.79, 0.47, 0.40)
681.08: (-0.95, -0.04, 0.29)
681.20: (-0.87, -0.44, 0.22)
681.31: (-0.69, -0.70, 0.15)
681.41: (-0.36, -0.93, 0.03)
681.53: (0.11, -0.99, -0.04)
681.63: (0.48, -0.87, -0.09)
681.75: (0.86, -0.48, -0.15)
681.86: (1.00, 0.01, -0.04)
681.96: (0.99, -0.03, 0.15)
682.06: (0.88, -0.19, 0.43)
682.18: (0.58, -0.35, 0.74)
682.30: (0.48, -0.50, 0.72)
682.40: (0.58, -0.64, 0.50)
682.51: (0.62, -0.65, 0.44)
682.53: (0.62, -0.65, 0.44)
682.53: (0.52, 0.07, 0.85): 1
682.63: (0.63, -0.65, 0.44)
682.73: (0.62, -0.67, 0.42)
682.85: (0.36, -0.93, 0.06)
682.96: (-0.29, -0.63, -0.72)
683.08: (-0.62, 0.30, -0.73)
683.20: (-0.60, 0.42, -0.68)
683.31: (-0.16, -0.74, -0.65)
683.43: (0.56, -0.67, 0.48)
683.55: (0.62, -0.45, 0.64)
683.65: (0.62, -0.43, 0.66)
683.76: (0.64, -0.27, 0.72)
683.88: (0.61, 0.06, 0.79)
683.98: (0.57, 0.19, 0.80)
684.09: (0.57, 0.19, 0.80)
684.21: (0.55, 0.17, 0.82)
684.21: (-0.57, -0.81, 0.13): 2
684.21: (0.55, 0.17, 0.82)
684.33: (0.55, 0.17, 0.82)
684.43: (0.55, 0.17, 0.82)
684.54: (0.60, 0.08, 0.79)
684.66: (0.75, -0.41, 0.52)
684.76: (0.62, -0.78, 0.08)
684.88: (0.59, -0.81, 0.00)
684.99: (0.54, -0.83, -0.16)
685.11: (0.26, -0.89, -0.36)
685.23: (0.07, -0.76, -0.64)
685.34: (0.20, -0.55, -0.81)
685.46: (0.47, -0.36, -0.81)
685.56: (0.72, -0.21, -0.66)
685.68: (0.87, -0.13, -0.48)
685.79: (0.94, -0.09, -0.34)
685.91: (1.00, 0.00, -0.09)
686.03: (1.00, 0.05, -0.02)
686.14: (0.98, 0.20, -0.07)
686.26: (0.92, 0.38, -0.08)
686.36: (0.88, 0.43, -0.17)
686.48: (0.83, 0.52, -0.22)
686.59: (0.73, 0.59, -0.35)
686.69: (0.53, 0.63, -0.57)
686.79: (0.39, 0.59, -0.71)
686.91: (0.26, 0.57, -0.78)
687.03: (-0.03, 0.40, -0.92)
687.13: (-0.37, 0.10, -0.92)
687.24: (-0.57, -0.12, -0.81)
687.34: (-0.68, -0.34, -0.65)
687.46: (-0.73, -0.51, -0.46)
687.58: (-0.72, -0.70, -0.04)
687.69: (-0.59, -0.75, 0.30)
687.79: (-0.59, -0.75, 0.30)
687.91: (-0.56, -0.79, 0.26)
688.03: (-0.52, -0.83, 0.19)
688.11: (-0.53, -0.83, 0.18)
688.11: (1.00, -0.06, 0.03): 1
688.14: (-0.53, -0.83, 0.18)
688.26: (-0.52, -0.84, 0.18)
688.38: (-0.52, -0.84, 0.18)
688.48: (-0.50, -0.85, 0.15)
688.59: (-0.42, -0.90, 0.12)
688.71: (-0.23, -0.97, 0.08)
688.81: (-0.02, -1.00, 0.00)
688.93: (0.16, -0.98, -0.12)
689.04: (0.44, -0.87, -0.24)
689.16: (0.66, -0.70, -0.29)
689.26: (0.76, -0.63, -0.17)
689.38: (0.80, -0.59, 0.13)
689.48: (0.79, -0.54, 0.28)
689.58: (0.90, -0.38, 0.22)
689.69: (0.99, -0.14, -0.02)
689.79: (0.99, -0.09, -0.06)
689.86: (0.99, -0.09, -0.06)
689.86: (-0.96, 0.23, -0.15): 1
689.89: (0.99, -0.08, -0.06)
690.01: (0.99, -0.08, -0.05)
690.13: (0.99, -0.10, -0.05)
690.24: (0.99, -0.14, -0.06)
690.36: (0.97, -0.21, -0.10)
690.48: (0.87, -0.50, -0.02)
690.59: (0.59, -0.73, 0.36)
690.71: (0.09, -0.27, 0.96)
690.81: (-0.26, 0.02, 0.97)
690.91: (-0.43, -0.23, 0.87)
691.03: (-0.40, -0.69, 0.60)
691.14: (-0.27, -0.90, 0.34)
691.26: (-0.12, -0.98, 0.13)
691.38: (-0.01, -1.00, 0.01)
691.49: (0.25, -0.92, -0.31)
691.61: (0.55, -0.55, -0.63)
691.73: (0.67, -0.18, -0.72)
691.84: (0.76, 0.05, -0.64)
691.96: (0.67, 0.64, -0.39)
692.06: (0.44, 0.88, -0.17)
692.18: (0.25, 0.97, 0.01)
692.28: (0.05, 0.97, 0.22)
692.38: (-0.25, 0.86, 0.44)
692.49: (-0.57, 0.57, 0.60)
692.61: (-0.68, -0.01, 0.73)
692.73: (-0.59, -0.59, 0.55)
692.84: (-0.33, -0.94, 0.12)
692.96: (0.02, -0.94, -0.33)
693.08: (0.32, -0.76, -0.56)
693.18: (0.60, -0.47, -0.65)
693.29: (0.76, -0.14, -0.63)
693.41: (0.80, 0.18, -0.57)
693.51: (0.76, 0.41, -0.50)
693.63: (0.58, 0.76, -0.31)
693.74: (0.21, 0.98, -0.02)
693.84: (-0.08, 0.98, 0.17)
693.96: (-0.38, 0.86, 0.35)
694.06: (-0.55, 0.65, 0.52)
694.18: (-0.72, 0.23, 0.65)
694.28: (-0.74, -0.19, 0.64)
694.39: (-0.65, -0.56, 0.51)
694.51: (-0.52, -0.74, 0.43)
694.63: (-0.28, -0.94, 0.19)
694.73: (0.02, -0.97, -0.24)
694.83: (0.24, -0.81, -0.53)
694.94: (0.37, -0.74, -0.56)
695.06: (0.39, -0.77, -0.50)
695.18: (-0.06, -0.94, -0.33)
695.29: (-0.45, -0.86, -0.24)
695.41: (-0.68, -0.72, -0.17)
695.53: (-0.86, -0.48, -0.15)
695.63: (-0.95, -0.28, -0.13)
695.74: (-0.99, -0.07, -0.07)
695.86: (-1.00, -0.08, -0.05)
695.98: (-1.00, -0.08, -0.05)
696.09: (-0.97, -0.22, -0.04)
696.21: (-0.97, -0.22, -0.04)
696.33: (-0.97, -0.22, -0.04)
696.44: (-0.97, -0.22, -0.04)
696.56: (-0.99, -0.10, 0.01)
696.68: (-1.00, 0.08, 0.02)
696.78: (-1.00, 0.09, 0.02)
696.89: (-0.99, 0.15, -0.01)
696.99: (-0.96, 0.26, -0.06)
697.03: (-0.96, 0.26, -0.06)
697.03: (0.62, 0.62, 0.49): 1
697.11: (-0.96, 0.26, -0.06)
697.23: (-0.96, 0.26, -0.07)
697.33: (-0.96, 0.27, -0.10)
697.43: (-0.96, 0.27, -0.10)
697.54: (-0.96, 0.27, -0.10)
697.66: (-0.95, 0.30, 0.03)
697.78: (-0.93, 0.30, 0.20)
697.89: (-0.78, 0.29, 0.56)
698.01: (-0.42, 0.28, 0.86)
698.11: (-0.02, 0.26, 0.97)
698.23: (0.34, 0.18, 0.92)
698.33: (0.52, 0.15, 0.84)
698.44: (0.70, 0.10, 0.70)
698.54: (0.88, 0.02, 0.47)
698.64: (0.94, -0.01, 0.34)
698.76: (0.88, 0.21, 0.42)
698.88: (0.75, 0.49, 0.45)
698.99: (0.70, 0.57, 0.43)
699.09: (0.60, 0.63, 0.49)
699.11: (0.58, 0.63, 0.51)
699.11: (-0.39, 0.87, 0.30): 2
699.21: (0.49, 0.64, 0.59)
699.31: (0.37, 0.64, 0.67)
699.42: (0.20, 0.61, 0.77)
699.52: (0.03, 0.55, 0.83)
699.62: (-0.12, 0.50, 0.86)
699.74: (-0.28, 0.46, 0.84)
699.86: (-0.47, 0.41, 0.78)
699.96: (-0.69, 0.31, 0.65)
700.07: (-0.96, 0.02, 0.29)
700.17: (-0.98, -0.18, -0.01)
700.29: (-0.98, -0.18, -0.11)
700.41: (-0.98, 0.19, 0.07)
700.51: (-0.88, 0.46, 0.14)
700.62: (-0.76, 0.63, 0.17)
700.74: (-0.62, 0.74, 0.27)
700.84: (-0.50, 0.80, 0.34)
700.94: (-0.44, 0.83, 0.35)
701.01: (-0.41, 0.84, 0.35)
701.01: (0.44, 0.03, 0.90): 0
701.06: (-0.41, 0.84, 0.35)
701.17: (-0.58, 0.77, 0.25)
701.29: (-0.80, 0.60, 0.04)
701.41: (-0.86, 0.51, -0.02)
701.52: (-0.92, 0.37, -0.14)
701.64: (-0.93, -0.02, -0.37)
701.76: (-0.71, -0.45, -0.55)
701.87: (-0.38, -0.74, -0.55)
701.97: (-0.09, -0.85, -0.51)
702.09: (0.27, -0.88, -0.39)
702.21: (0.51, -0.83, -0.23)
702.31: (0.59, -0.80, -0.11)
702.41: (0.61, -0.79, 0.05)
702.52: (0.61, -0.75, 0.27)
702.64: (0.46, -0.68, 0.58)
702.76: (0.30, -0.58, 0.76)
702.87: (0.10, -0.53, 0.84)
702.97: (0.07, -0.53, 0.84)
703.09: (0.35, -0.31, 0.88)
703.21: (0.53, -0.04, 0.85)
703.32: (0.52, 0.04, 0.85)
703.36: (0.51, 0.05, 0.86)
703.36: (0.98, -0.05, 0.20): 0
703.42: (0.50, 0.08, 0.86)
703.54: (0.42, 0.03, 0.90)
703.66: (0.29, -0.10, 0.95)
703.76: (0.17, -0.20, 0.96)
703.87: (-0.01, -0.33, 0.95)
703.97: (-0.19, -0.44, 0.88)
704.09: (-0.37, -0.55, 0.75)
704.21: (-0.53, -0.63, 0.56)
704.32: (-0.64, -0.65, 0.42)
704.42: (-0.70, -0.65, 0.31)
704.52: (-0.75, -0.64, 0.18)
704.64: (-0.75, -0.58, 0.31)
704.76: (-0.49, -0.30, 0.82)
704.87: (0.14, 0.11, 0.98)
704.97: (0.60, 0.34, 0.72)
705.09: (0.83, 0.41, 0.39)
705.19: (0.88, 0.44, 0.17)
705.29: (0.91, 0.39, 0.13)
705.41: (0.95, 0.14, 0.29)
705.52: (0.94, -0.02, 0.35)
705.61: (0.95, -0.04, 0.32)
705.61: (0.50, -0.21, 0.84): 0
705.64: (0.95, -0.05, 0.30)
705.76: (0.97, -0.08, 0.23)
705.86: (0.98, -0.08, 0.18)
705.97: (0.99, -0.09, 0.11)
706.09: (0.86, -0.14, 0.49)
706.21: (0.58, -0.14, 0.80)
706.32: (0.55, -0.13, 0.83)
706.36: (0.55, -0.13, 0.83)
706.36: (-0.56, 0.71, 0.43): 0
706.42: (0.55, -0.13, 0.83)
706.54: (0.43, -0.14, 0.89)
706.66: (0.21, -0.18, 0.96)
706.77: (-0.08, -0.17, 0.98)
706.89: (-0.40, -0.13, 0.91)
707.01: (-0.74, -0.14, 0.65)
707.12: (-0.92, -0.14, 0.36)
707.24: (-0.99, -0.11, 0.03)
707.34: (-0.96, 0.01, -0.27)
707.46: (-0.82, 0.20, -0.54)
707.57: (-0.64, 0.28, -0.71)
707.69: (-0.48, 0.31, -0.82)
707.79: (-0.23, 0.29, -0.93)
707.91: (0.15, 0.28, -0.95)
708.02: (0.55, 0.31, -0.78)
708.12: (0.74, 0.42, -0.53)
708.24: (0.78, 0.48, -0.39)
708.36: (0.78, 0.48, -0.39)
708.47: (0.71, 0.51, -0.48)
708.59: (0.70, 0.57, -0.43)
708.71: (0.91, 0.39, 0.17)
708.82: (0.79, -0.04, 0.61)
708.92: (0.59, -0.29, 0.75)
709.04: (0.11, -0.57, 0.82)
709.16: (-0.54, -0.67, 0.51)
709.27: (-0.59, -0.66, 0.47)
709.37: (-0.59, -0.66, 0.47)
709.49: (-0.59, -0.66, 0.47)
709.59: (-0.30, -0.57, 0.76)
709.71: (-0.14, -0.21, 0.97)
709.82: (0.26, 0.20, 0.94)
709.94: (0.65, 0.56, 0.52)
710.04: (0.34, 0.67, 0.66)
710.16: (-0.16, 0.43, 0.89)
710.27: (-0.42, 0.17, 0.89)
710.39: (-0.66, -0.05, 0.75)
710.49: (-0.80, -0.38, 0.46)
710.61: (-0.69, -0.73, 0.03)
710.72: (-0.46, -0.85, -0.26)
710.82: (-0.47, -0.85, -0.25)
710.94: (-0.67, -0.73, -0.12)
711.06: (-0.92, -0.40, 0.04)
711.17: (-0.95, -0.10, 0.30)
711.29: (-0.90, -0.01, 0.44)
711.41: (-0.86, 0.09, 0.50)
711.51: (-0.65, 0.28, 0.70)
711.62: (-0.51, 0.49, 0.71)
711.72: (-0.57, 0.62, 0.55)
711.84: (-0.59, 0.68, 0.44)
711.89: (-0.59, 0.68, 0.43)
711.89: (-0.60, 0.78, -0.18): 1
711.94: (-0.59, 0.68, 0.43)
712.06: (-0.60, 0.67, 0.44)
712.16: (-0.66, 0.58, 0.48)
712.27: (-0.78, 0.41, 0.47)
712.39: (-0.79, 0.55, 0.27)
712.51: (-0.66, 0.75, 0.03)
712.61: (-0.60, 0.80, -0.07)
712.72: (-0.60, 0.79, -0.11)
712.81: (-0.62, 0.77, -0.15)
712.81: (-0.92, 0.30, -0.25): 1
712.84: (-0.62, 0.77, -0.15)
712.94: (-0.62, 0.77, -0.15)
713.04: (-0.62, 0.77, -0.15)
713.16: (-0.81, 0.55, -0.20)
713.27: (-0.95, 0.24, -0.20)
713.39: (-0.96, 0.20, -0.18)
713.42: (-0.96, 0.20, -0.18)
713.42: (0.52, -0.15, 0.84): 2
713.51: (-0.96, 0.20, -0.18)
713.62: (-0.96, 0.20, -0.18)
713.72: (-0.96, 0.20, -0.18)
713.84: (-0.95, 0.27, -0.17)
713.94: (-0.86, 0.51, -0.11)
714.06: (-0.55, 0.81, 0.21)
714.17: (-0.14, 0.78, 0.61)
714.29: (0.07, 0.58, 0.82)
714.40: (0.12, 0.32, 0.94)
714.52: (0.14, -0.09, 0.99)
714.62: (0.31, -0.17, 0.94)
714.74: (0.58, -0.02, 0.82)
714.82: (0.59, 0.00, 0.81)
714.82: (0.05, -0.94, 0.34): 1
714.86: (0.59, 0.00, 0.81)
714.97: (0.57, -0.03, 0.82)
715.07: (0.51, -0.10, 0.85)
715.19: (0.48, -0.16, 0.86)
715.29: (0.28, -0.31, 0.91)
715.41: (-0.15, -0.56, 0.81)
715.52: (-0.28, -0.74, 0.61)
715.64: (-0.23, -0.87, 0.44)
715.74: (-0.13, -0.91, 0.40)
715.84: (0.00, -0.92, 0.38)
715.95: (0.12, -0.92, 0.36)
716.00: (0.10, -0.93, 0.36)
716.00: (-0.79, -0.05, -0.61): 2
716.06: (0.10, -0.93, 0.36)
716.17: (0.08, -0.93, 0.36)
716.29: (-0.11, -0.93, 0.35)
716.40: (-0.47, -0.84, 0.29)
716.52: (-0.73, -0.66, 0.17)
716.64: (-0.88, -0.47, -0.04)
716.75: (-0.97, -0.02, -0.23)
716.87: (-0.72, 0.61, -0.33)
716.99: (-0.46, 0.79, -0.40)
717.10: (-0.75, 0.30, -0.59)
717.22: (-0.78, 0.05, -0.63)
717.34: (-0.83, -0.02, -0.55)
717.44: (-0.84, -0.02, -0.55)
717.44: (-0.66, -0.03, 0.75): 1
717.44: (-0.84, -0.02, -0.55)
717.54: (-0.84, -0.02, -0.55)
717.65: (-0.83, -0.01, -0.56)
717.77: (-0.84, 0.01, -0.55)
717.87: (-0.80, 0.30, -0.52)
717.99: (-0.29, 0.86, -0.42)
718.10: (0.13, 0.96, -0.26)
718.22: (0.23, 0.93, -0.30)
718.32: (0.37, 0.85, -0.37)
718.44: (0.76, 0.58, -0.31)
718.55: (0.94, 0.24, -0.26)
718.67: (0.94, 0.18, -0.29)
718.79: (0.84, 0.07, -0.54)
718.90: (0.57, 0.10, -0.82)
719.02: (0.26, 0.14, -0.96)
719.12: (-0.12, 0.29, -0.95)
719.24: (-0.60, 0.47, -0.64)
719.35: (-0.82, 0.52, -0.26)
719.47: (-0.86, 0.41, 0.29)
719.59: (-0.63, 0.18, 0.76)
719.69: (-0.30, -0.09, 0.95)
719.80: (-0.19, -0.19, 0.96)
719.92: (-0.34, -0.23, 0.91)
720.04: (-0.46, -0.22, 0.86)
720.15: (-0.64, -0.06, 0.76)
720.24: (-0.66, -0.03, 0.75)
720.24: (-0.87, 0.36, 0.35): 2
720.25: (-0.66, -0.03, 0.75)
720.37: (-0.63, -0.02, 0.78)
720.47: (-0.62, -0.02, 0.78)
720.59: (-0.63, 0.01, 0.78)
720.70: (-0.77, 0.19, 0.61)
720.82: (-0.85, 0.32, 0.43)
720.92: (-0.85, 0.33, 0.41)
721.04: (-0.85, 0.33, 0.41)
721.04: (-0.95, 0.18, -0.25): 2
721.04: (-0.85, 0.33, 0.41)
721.15: (-0.84, 0.35, 0.42)
721.25: (-0.84, 0.38, 0.38)
721.37: (-0.84, 0.51, 0.17)
721.49: (-0.82, 0.57, -0.03)
721.60: (-0.89, 0.43, -0.16)
721.72: (-0.91, 0.36, -0.19)
721.84: (-0.93, 0.33, -0.15)
721.94: (-0.95, 0.27, -0.14)
722.04: (-0.95, 0.25, -0.16)
722.04: (-0.99, 0.04, -0.10): 1
722.05: (-0.95, 0.25, -0.16)
722.17: (-0.95, 0.28, -0.16)
722.29: (-0.95, 0.29, -0.15)
722.39: (-0.97, 0.24, -0.05)
722.49: (-0.99, 0.16, -0.07)
722.59: (-0.99, 0.12, -0.08)
722.67: (-0.99, 0.12, -0.09)
722.67: (0.16, 0.84, 0.52): 1
722.70: (-0.99, 0.12, -0.09)
722.80: (-0.99, 0.12, -0.09)
722.90: (-0.99, 0.12, -0.09)
723.02: (-0.99, 0.12, 0.01)
723.14: (-0.93, 0.02, 0.36)
723.24: (-0.85, -0.04, 0.53)
723.35: (-0.72, -0.08, 0.69)
723.47: (-0.55, -0.11, 0.83)
723.59: (-0.41, -0.10, 0.91)
723.70: (-0.22, 0.00, 0.98)
723.80: (0.06, 0.11, 0.99)
723.92: (0.30, 0.28, 0.91)
724.02: (0.54, 0.37, 0.76)
724.14: (0.76, 0.13, 0.64)
724.25: (0.87, 0.00, 0.49)
724.37: (0.79, 0.48, 0.38)
724.49: (0.42, 0.75, 0.52)
724.59: (0.29, 0.75, 0.59)
724.70: (0.29, 0.73, 0.62)
724.80: (0.24, 0.75, 0.61)
724.92: (0.15, 0.84, 0.52)
724.97: (0.16, 0.84, 0.51)
724.97: (0.54, 0.75, 0.37): 1
725.04: (0.16, 0.84, 0.51)
725.15: (0.10, 0.87, 0.48)
725.25: (0.10, 0.87, 0.48)
725.37: (0.10, 0.87, 0.48)
725.49: (0.11, 0.87, 0.48)
725.60: (0.19, 0.86, 0.47)
725.70: (0.32, 0.85, 0.41)
725.82: (0.40, 0.83, 0.39)
725.92: (0.49, 0.79, 0.36)
725.94: (0.49, 0.79, 0.36)
725.94: (-0.24, 0.27, -0.93): 2
726.04: (0.49, 0.79, 0.36)
726.14: (0.50, 0.79, 0.36)
726.25: (0.61, 0.74, 0.26)
726.37: (0.70, 0.69, 0.19)
726.47: (0.85, 0.51, 0.13)
726.59: (0.99, 0.00, 0.16)
726.70: (0.87, -0.44, 0.21)
726.80: (0.71, -0.67, 0.21)
726.92: (0.63, -0.73, 0.28)
727.04: (0.58, -0.42, 0.70)
727.14: (0.46, -0.10, 0.88)
727.25: (0.13, 0.48, 0.87)
727.37: (-0.09, 0.82, 0.57)
727.47: (-0.19, 0.89, 0.41)
727.59: (-0.30, 0.95, 0.10)
727.70: (-0.35, 0.91, -0.20)
727.82: (-0.32, 0.84, -0.44)
727.94: (-0.03, 0.71, -0.71)
728.05: (0.24, 0.13, -0.96)
728.17: (-0.04, 0.05, -1.00)
728.27: (-0.33, 0.16, -0.93)
728.37: (-0.40, 0.19, -0.90)
728.49: (-0.30, 0.23, -0.93)
728.60: (-0.22, 0.28, -0.94)
728.64: (-0.21, 0.28, -0.94)
728.64: (-0.93, 0.29, 0.24): 2
728.72: (-0.21, 0.28, -0.94)
728.84: (-0.21, 0.28, -0.94)
728.95: (-0.18, 0.28, -0.94)
729.05: (-0.02, 0.36, -0.93)
729.17: (-0.02, 0.36, -0.93)
729.29: (-0.02, 0.36, -0.93)
729.40: (0.01, 0.30, -0.95)
729.52: (0.02, 0.27, -0.96)
729.64: (0.03, 0.34, -0.94)
729.75: (0.07, 0.47, -0.88)
729.85: (0.15, 0.63, -0.76)
729.97: (0.27, 0.84, -0.48)
730.09: (0.41, 0.90, -0.11)
730.19: (0.61, 0.79, 0.02)
730.30: (0.61, 0.79, 0.02)
730.42: (0.57, 0.82, 0.02)
730.54: (0.54, 0.81, -0.24)
730.65: (0.41, 0.56, -0.72)
730.75: (0.31, 0.36, -0.88)
730.87: (0.23, 0.03, -0.97)
730.97: (0.20, -0.38, -0.90)
731.09: (0.01, -0.67, -0.74)
731.20: (0.01, -0.67, -0.74)
731.32: (0.02, -0.63, -0.78)
731.42: (-0.05, -0.74, -0.68)
731.52: (-0.26, -0.87, -0.43)
731.64: (-0.41, -0.90, -0.17)
731.75: (-0.46, -0.89, 0.01)
731.87: (-0.46, -0.89, 0.06)
731.97: (-0.37, -0.92, -0.14)
732.09: (-0.26, -0.93, -0.25)
732.20: (-0.21, -0.93, -0.30)
732.32: (0.02, -0.81, -0.59)
732.43: (0.19, -0.62, -0.76)
732.55: (0.27, -0.56, -0.79)
732.65: (0.39, -0.33, -0.86)
732.77: (0.52, -0.06, -0.85)
732.88: (0.61, 0.23, -0.76)
733.00: (0.66, 0.48, -0.58)
733.12: (0.65, 0.66, -0.37)
733.22: (0.57, 0.80, -0.17)
733.33: (0.38, 0.92, 0.08)
733.45: (0.23, 0.93, 0.30)
733.57: (0.11, 0.87, 0.48)
733.67: (-0.07, 0.83, 0.56)
733.78: (-0.44, 0.78, 0.44)
733.90: (-0.53, 0.79, 0.29)
734.00: (-0.49, 0.87, 0.06)
734.12: (-0.54, 0.84, 0.01)
734.23: (-0.83, 0.56, -0.05)
734.33: (-0.91, 0.42, 0.02)
734.45: (-0.91, 0.40, 0.05)
734.57: (-0.95, 0.27, 0.19)
734.67: (-0.96, 0.19, 0.20)
734.67: (-0.21, -0.19, 0.96): 2
734.68: (-0.96, 0.19, 0.20)
734.78: (-0.96, 0.19, 0.20)
734.90: (-0.96, 0.19, 0.20)
735.00: (-0.96, 0.19, 0.21)
735.12: (-0.90, 0.39, 0.18)
735.23: (-0.90, 0.39, 0.18)
735.33: (-0.90, 0.40, 0.17)
735.45: (-0.84, 0.54, 0.05)
735.57: (-0.62, 0.77, -0.16)
735.68: (-0.22, 0.89, -0.40)
735.80: (0.14, 0.86, -0.49)
735.90: (0.45, 0.73, -0.52)
736.02: (0.53, 0.67, -0.52)
736.13: (0.49, 0.70, -0.52)
736.25: (0.30, 0.82, -0.49)
736.37: (0.22, 0.86, -0.46)
736.48: (0.26, 0.78, -0.57)
736.58: (0.35, 0.43, -0.83)
736.68: (0.44, -0.05, -0.90)
736.80: (0.52, -0.47, -0.72)
736.92: (0.57, -0.73, -0.37)
737.02: (0.55, -0.82, 0.14)
737.13: (0.44, -0.70, 0.56)
737.25: (0.22, -0.54, 0.82)
737.37: (-0.22, 0.01, 0.97)
737.48: (-0.35, 0.21, 0.91)
737.58: (-0.30, -0.01, 0.95)
737.70: (-0.21, -0.23, 0.95)
737.82: (-0.22, -0.23, 0.95)
737.82: (-0.66, 0.68, 0.33): 2
737.82: (-0.22, -0.23, 0.95)
737.93: (-0.22, -0.23, 0.95)
738.05: (-0.22, -0.23, 0.95)
738.15: (-0.22, -0.23, 0.95)
738.27: (-0.22, -0.23, 0.95)
738.38: (-0.47, 0.16, 0.87)
738.50: (-0.60, 0.67, 0.44)
738.60: (-0.59, 0.66, 0.47)
738.72: (-0.60, 0.62, 0.51)
738.83: (-0.67, 0.63, 0.40)
738.95: (-0.69, 0.66, 0.30)
738.95: (-0.19, 0.83, 0.52): 2
738.95: (-0.69, 0.66, 0.30)
739.07: (-0.69, 0.66, 0.30)
739.18: (-0.68, 0.66, 0.31)
739.30: (-0.66, 0.64, 0.40)
739.40: (-0.51, 0.69, 0.52)
739.50: (-0.32, 0.79, 0.52)
739.62: (-0.25, 0.84, 0.49)
739.67: (-0.25, 0.84, 0.49)
739.67: (-1.00, 0.05, 0.02): 2
739.72: (-0.25, 0.84, 0.49)
739.83: (-0.25, 0.84, 0.49)
739.95: (-0.28, 0.79, 0.54)
740.07: (-0.33, 0.59, 0.73)
740.18: (-0.39, 0.34, 0.86)
740.30: (-0.40, -0.01, 0.92)
740.42: (-0.35, -0.46, 0.81)
740.53: (0.05, -0.93, 0.36)
740.63: (0.44, -0.87, -0.22)
740.75: (0.48, -0.58, -0.65)
740.87: (0.43, -0.26, -0.86)
740.98: (0.30, 0.18, -0.94)
741.10: (0.18, 0.56, -0.81)
741.22: (0.19, 0.81, -0.55)
741.33: (0.23, 0.95, -0.19)
741.45: (0.16, 0.92, 0.36)
741.57: (-0.07, 0.72, 0.69)
741.68: (-0.19, 0.41, 0.89)
741.80: (-0.28, -0.04, 0.96)
741.92: (-0.28, -0.35, 0.90)
742.03: (-0.27, -0.58, 0.76)
742.13: (-0.23, -0.82, 0.52)
742.25: (-0.08, -0.99, 0.14)
742.37: (0.09, -0.97, -0.23)
742.48: (0.12, -0.90, -0.43)
742.60: (0.13, -0.77, -0.63)
742.70: (0.12, -0.75, -0.65)
742.82: (-0.27, -0.87, -0.42)
742.92: (-0.67, -0.71, -0.22)
743.03: (-0.88, -0.44, -0.16)
743.15: (-0.95, -0.28, -0.13)
743.25: (-0.97, -0.16, -0.18)
743.37: (-1.00, -0.05, -0.08)
743.48: (-0.99, 0.00, 0.11)
743.60: (-0.99, 0.00, 0.12)
743.63: (-0.99, 0.01, 0.12)
743.63: (1.00, 0.01, -0.03): 0
743.70: (-0.99, 0.04, 0.12)
743.82: (-0.99, 0.05, 0.12)
743.93: (-0.99, 0.05, 0.12)
744.03: (-0.99, 0.03, 0.14)
744.15: (-0.94, -0.11, 0.32)
744.27: (-0.77, -0.37, 0.51)
744.38: (-0.59, -0.50, 0.63)
744.50: (-0.30, -0.65, 0.70)
744.60: (0.14, -0.71, 0.69)
744.72: (0.61, -0.61, 0.51)
744.83: (0.86, -0.40, 0.33)
744.95: (0.98, -0.16, 0.15)
745.05: (1.00, 0.01, -0.02)
745.17: (1.00, 0.03, -0.05)
745.27: (1.00, 0.01, -0.03)
745.38: (1.00, 0.00, -0.02)
745.40: (1.00, 0.00, -0.02)
745.40: (-0.17, 0.15, 0.97): 1
745.48: (1.00, 0.00, -0.02)
745.58: (1.00, 0.00, -0.02)
745.70: (1.00, 0.04, -0.05)
745.82: (0.98, 0.11, -0.18)
745.93: (0.87, 0.27, -0.41)
746.05: (0.70, 0.39, -0.60)
746.17: (0.34, 0.50, -0.80)
746.28: (0.03, 0.54, -0.84)
746.40: (-0.06, 0.52, -0.85)
746.50: (-0.19, 0.50, -0.84)
746.61: (-0.37, 0.47, -0.80)
746.73: (-0.48, 0.44, -0.76)
746.85: (-0.61, 0.41, -0.68)
746.97: (-0.73, 0.38, -0.57)
747.08: (-0.80, 0.36, -0.48)
747.20: (-0.86, 0.36, -0.37)
747.31: (-0.87, 0.35, -0.34)
747.43: (-0.92, 0.31, -0.24)
747.53: (-0.97, 0.23, -0.10)
747.65: (-0.99, 0.14, -0.01)
747.76: (-0.99, 0.12, 0.01)
747.88: (-0.98, -0.01, 0.17)
748.00: (-0.97, -0.04, 0.24)
748.10: (-0.97, -0.04, 0.25)
748.21: (-0.96, -0.04, 0.28)
748.33: (-0.96, -0.04, 0.28)
748.45: (-0.96, -0.04, 0.28)
748.55: (-0.96, -0.04, 0.28)
748.66: (-0.96, -0.04, 0.28)
748.76: (-0.96, -0.02, 0.27)
748.88: (-0.96, -0.02, 0.27)
749.00: (-0.96, -0.02, 0.27)
749.10: (-0.96, -0.02, 0.27)
749.21: (-0.96, -0.02, 0.27)
749.33: (-0.96, -0.02, 0.27)
749.45: (-0.96, -0.02, 0.27)
749.55: (-0.97, -0.04, 0.25)
749.66: (-0.97, -0.05, 0.22)
749.78: (-0.98, -0.01, 0.18)
749.90: (-0.99, 0.02, 0.13)
750.00: (-0.99, 0.02, 0.13)
750.11: (-0.99, 0.02, 0.13)
750.21: (-0.99, 0.02, 0.13)
750.33: (-0.98, 0.06, 0.17)
750.43: (-0.98, 0.06, 0.17)
750.53: (-0.98, 0.02, 0.20)
750.65: (-0.98, -0.01, 0.20)
750.76: (-0.98, -0.03, 0.20)
750.88: (-0.98, -0.04, 0.20)
751.00: (-0.98, -0.04, 0.19)
751.10: (-0.98, -0.05, 0.19)
751.21: (-0.98, -0.07, 0.18)
751.33: (-0.98, -0.08, 0.18)
751.43: (-0.98, -0.08, 0.18)
751.55: (-0.98, -0.08, 0.18)
751.65: (-0.98, -0.08, 0.18)
751.76: (-0.98, -0.08, 0.18)
751.88: (-0.97, -0.15, 0.20)
751.98: (-0.97, -0.16, 0.20)
752.10: (-0.97, -0.16, 0.20)
752.21: (-0.96, -0.17, 0.22)
752.33: (-0.93, -0.24, 0.28)
752.45: (-0.91, -0.28, 0.30)
752.56: (-0.88, -0.35, 0.32)
752.68: (-0.82, -0.49, 0.29)
752.80: (-0.77, -0.60, 0.24)
752.91: (-0.74, -0.64, 0.24)
753.03: (-0.72, -0.65, 0.22)
753.15: (-0.66, -0.72, 0.21)
753.26: (-0.52, -0.80, 0.31)
753.36: (-0.30, -0.86, 0.42)
753.48: (0.05, -0.83, 0.56)
753.60: (0.41, -0.69, 0.59)
753.71: (0.73, -0.50, 0.46)
753.83: (0.97, 0.13, 0.19)
753.95: (0.69, 0.71, 0.11)
754.05: (0.42, 0.90, 0.12)
754.16: (0.19, 0.97, 0.17)
754.26: (0.05, 0.95, 0.31)
754.38: (-0.11, 0.86, 0.51)
754.50: (-0.17, 0.72, 0.67)
754.61: (-0.08, 0.57, 0.82)
754.71: (0.15, 0.39, 0.91)
754.83: (0.15, 0.32, 0.93)
754.95: (-0.16, 0.21, 0.96)
755.05: (-0.22, 0.12, 0.97)
755.10: (-0.22, 0.11, 0.97)
755.10: (-0.45, 0.63, -0.63): 1
755.16: (-0.22, 0.11, 0.97)
755.26: (-0.22, 0.11, 0.97)
755.38: (-0.20, 0.11, 0.97)
755.50: (0.01, 0.22, 0.98)
755.61: (0.08, 0.27, 0.96)
755.73: (0.08, 0.27, 0.96)
755.85: (0.08, 0.27, 0.96)
755.96: (0.12, 0.28, 0.95)
756.08: (-0.19, 0.36, 0.91)
756.18: (-0.62, 0.44, 0.64)
756.28: (-0.84, 0.42, 0.35)
756.40: (-0.88, 0.45, 0.14)
756.51: (-0.86, 0.48, -0.15)
756.61: (-0.83, 0.51, -0.25)
756.73: (-0.83, 0.49, -0.27)
756.85: (-0.68, 0.61, -0.41)
756.96: (-0.37, 0.72, -0.59)
757.06: (-0.34, 0.73, -0.60)
757.18: (-0.44, 0.66, -0.61)
757.30: (-0.48, 0.62, -0.62)
757.36: (-0.48, 0.62, -0.62)
757.36: (-0.96, 0.24, -0.13): 0
757.41: (-0.48, 0.62, -0.62)
757.51: (-0.48, 0.62, -0.62)
757.61: (-0.42, 0.50, -0.75)
757.73: (-0.26, 0.07, -0.96)
757.85: (-0.26, 0.07, -0.96)
757.96: (-0.26, 0.07, -0.96)
758.06: (-0.48, 0.31, -0.82)
758.18: (-0.58, 0.42, -0.69)
758.30: (-0.35, 0.14, -0.93)
758.40: (-0.10, -0.16, -0.98)
758.51: (0.12, -0.45, -0.88)
758.63: (0.31, -0.64, -0.70)
758.73: (0.46, -0.74, -0.48)
758.85: (0.63, -0.77, -0.09)
758.96: (0.64, -0.75, 0.18)
759.06: (0.60, -0.73, 0.34)
759.18: (0.21, -0.84, 0.49)
759.30: (-0.29, -0.87, 0.40)
759.41: (-0.37, -0.93, -0.02)
759.51: (-0.19, -0.86, -0.47)
759.63: (-0.03, -0.57, -0.82)
759.75: (0.01, -0.33, -0.95)
759.86: (0.02, -0.04, -1.00)
759.98: (0.28, 0.58, -0.76)
760.10: (0.59, 0.76, -0.27)
760.21: (0.72, 0.68, 0.11)
760.33: (0.73, 0.42, 0.54)
760.43: (0.61, 0.13, 0.78)
760.55: (0.43, -0.29, 0.86)
760.66: (0.22, -0.70, 0.68)
760.78: (0.14, -0.96, 0.26)
760.90: (0.21, -0.97, -0.11)
761.00: (0.33, -0.88, -0.33)
761.11: (0.54, -0.63, -0.56)
761.21: (0.75, -0.34, -0.57)
761.33: (0.92, 0.13, -0.37)
761.45: (0.83, 0.53, -0.16)
761.56: (0.67, 0.74, -0.06)
761.66: (0.51, 0.86, 0.08)
761.78: (0.17, 0.91, 0.39)
761.88: (-0.23, 0.72, 0.66)
762.00: (-0.63, 0.27, 0.73)
762.11: (-0.82, -0.17, 0.54)
762.23: (-0.78, -0.61, 0.16)
762.35: (-0.36, -0.92, -0.15)
762.45: (0.08, -0.94, -0.32)
762.55: (0.48, -0.80, -0.38)
762.66: (0.82, -0.54, -0.20)
762.76: (0.92, -0.31, 0.23)
762.86: (0.71, 0.12, 0.70)
762.98: (0.18, 0.27, 0.94)
763.10: (-0.44, 0.21, 0.87)
763.21: (-0.83, -0.06, 0.55)
763.31: (-0.84, -0.48, 0.26)
763.43: (-0.35, -0.93, -0.07)
763.54: (0.32, -0.86, -0.41)
763.66: (0.32, -0.82, -0.48)
763.78: (-0.36, -0.73, -0.59)
763.88: (-0.81, -0.43, -0.40)
763.99: (-0.92, -0.33, -0.21)
764.09: (-0.95, -0.30, -0.04)
764.21: (-1.00, -0.05, -0.07)
764.33: (-0.97, 0.20, -0.15)
764.43: (-0.94, 0.29, -0.18)
764.49: (-0.93, 0.31, -0.18)
764.49: (0.53, 0.52, 0.67): 2
764.54: (-0.93, 0.31, -0.18)
764.64: (-0.94, 0.27, -0.20)
764.75: (-0.89, -0.09, -0.45)
764.86: (-0.56, -0.50, -0.66)
764.98: (-0.11, -0.62, -0.78)
765.09: (0.62, -0.58, -0.53)
765.21: (0.96, -0.26, -0.11)
765.31: (0.92, 0.13, 0.36)
765.43: (0.15, 0.50, 0.85)
765.54: (-0.65, 0.37, 0.67)
765.64: (-0.77, 0.30, 0.55)
765.76: (-0.37, 0.57, 0.74)
765.88: (0.12, 0.64, 0.76)
765.99: (0.37, 0.59, 0.72)
766.11: (0.48, 0.55, 0.68)
766.18: (0.52, 0.53, 0.67)
766.18: (-0.68, -0.31, 0.66): 0
766.23: (0.52, 0.53, 0.67)
766.34: (0.55, 0.51, 0.66)
766.46: (0.64, 0.46, 0.62)
766.58: (0.54, 0.55, 0.64)
766.68: (-0.06, 0.78, 0.62)
766.79: (-0.74, 0.55, 0.38)
766.89: (-0.91, 0.36, 0.20)
767.01: (-1.00, 0.00, -0.07)
767.13: (-0.79, -0.46, -0.41)
767.24: (-0.27, -0.74, -0.61)
767.34: (0.17, -0.79, -0.58)
767.46: (0.55, -0.72, -0.41)
767.58: (0.85, -0.49, -0.16)
767.69: (0.94, -0.04, 0.35)
767.79: (0.64, 0.38, 0.67)
767.91: (0.09, 0.69, 0.72)
768.03: (-0.54, 0.62, 0.56)
768.13: (-0.83, 0.40, 0.39)
768.24: (-0.94, 0.03, 0.35)
768.36: (-0.73, -0.47, 0.51)
768.46: (-0.31, -0.63, 0.71)
768.58: (-0.26, -0.49, 0.83)
768.69: (-0.48, -0.32, 0.82)
768.81: (-0.65, -0.34, 0.68)
768.93: (-0.73, -0.37, 0.58)
768.93: (-0.69, -0.54, 0.47): 1
768.93: (-0.73, -0.37, 0.58)
769.04: (-0.73, -0.37, 0.58)
769.14: (-0.62, -0.36, 0.70)
769.26: (-0.48, -0.33, 0.82)
769.38: (-0.59, -0.38, 0.72)
769.49: (-0.75, -0.46, 0.48)
769.56: (-0.75, -0.47, 0.47)
769.56: (-0.53, -0.65, -0.55): 0
769.59: (-0.75, -0.48, 0.46)
769.71: (-0.69, -0.47, 0.54)
769.83: (-0.47, -0.39, 0.79)
769.94: (-0.40, -0.34, 0.86)
770.04: (-0.25, -0.14, 0.96)
770.14: (0.03, 0.24, 0.97)
770.26: (0.16, 0.61, 0.78)
770.38: (0.18, 0.94, 0.29)
770.49: (0.10, 0.99, -0.10)
770.61: (-0.16, 0.92, -0.36)
770.73: (-0.63, 0.67, -0.38)
770.84: (-0.97, 0.15, -0.22)
770.96: (-0.95, -0.15, 0.27)
771.06: (-0.55, -0.37, 0.75)
771.18: (0.09, -0.42, 0.90)
771.29: (0.59, -0.24, 0.77)
771.41: (0.80, -0.06, 0.60)
771.53: (0.92, 0.19, 0.35)
771.63: (0.89, 0.45, 0.00)
771.74: (0.63, 0.69, -0.35)
771.86: (0.20, 0.82, -0.54)
771.98: (-0.11, 0.82, -0.56)
772.09: (-0.58, 0.77, -0.26)
772.21: (-0.79, 0.55, 0.26)
772.31: (-0.74, 0.36, 0.56)
772.43: (-0.43, 0.18, 0.89)
772.53: (0.15, 0.14, 0.98)
772.64: (0.77, 0.14, 0.62)
772.76: (0.99, 0.13, -0.08)
772.88: (0.75, 0.05, -0.66)
772.99: (0.29, 0.01, -0.96)
773.11: (-0.32, -0.01, -0.95)
773.21: (-0.77, 0.03, -0.63)
773.33: (-0.99, 0.04, -0.10)
773.44: (-0.90, 0.22, 0.38)
773.56: (-0.56, 0.34, 0.75)
773.68: (-0.22, 0.34, 0.91)
773.79: (0.23, 0.41, 0.88)
773.91: (0.67, 0.41, 0.62)
774.03: (0.90, 0.42, 0.13)
774.13: (0.66, 0.63, -0.40)
774.24: (0.22, 0.69, -0.69)
774.36: (-0.26, 0.57, -0.78)
774.48: (-0.62, 0.25, -0.75)
774.59: (-0.54, -0.17, -0.82)
774.69: (-0.07, -0.63, -0.77)
774.79: (0.39, -0.75, -0.54)
774.91: (0.49, -0.74, -0.46)
775.03: (0.05, -0.82, -0.57)
775.14: (-0.19, -0.88, -0.43)
775.26: (-0.35, -0.84, -0.41)
775.36: (-0.58, -0.63, -0.51)
775.44: (-0.65, -0.57, -0.51)
775.44: (-0.02, 0.21, 0.98): 0
775.48: (-0.65, -0.57, -0.51)
775.58: (-0.65, -0.57, -0.51)
775.69: (-0.58, -0.63, -0.52)
775.79: (-0.53, -0.67, -0.52)
775.91: (-0.49, -0.70, -0.53)
776.03: (-0.17, -0.87, -0.47)
776.14: (0.53, -0.84, 0.15)
776.26: (0.77, -0.40, 0.50)
776.36: (0.92, -0.13, 0.38)
776.48: (1.00, 0.05, 0.01)
776.59: (0.98, 0.07, -0.18)
776.71: (0.83, -0.31, -0.46)
776.83: (0.27, -0.63, -0.73)
776.94: (-0.13, -0.53, -0.84)
777.04: (-0.38, -0.17, -0.91)
777.16: (-0.73, -0.06, -0.68)
777.26: (-0.97, -0.19, -0.15)
777.38: (-0.77, -0.35, 0.53)
777.49: (-0.30, -0.57, 0.77)
777.61: (0.16, -0.82, 0.55)
777.73: (0.35, -0.93, 0.16)
777.84: (0.39, -0.90, -0.20)
777.96: (0.51, -0.60, -0.61)
778.08: (0.57, -0.35, -0.75)
778.18: (0.71, -0.09, -0.69)
778.29: (0.92, 0.24, -0.32)
778.41: (0.87, 0.46, 0.16)
778.51: (0.65, 0.54, 0.53)
778.61: (0.38, 0.54, 0.75)
778.73: (0.11, 0.50, 0.86)
778.84: (-0.10, 0.39, 0.91)
778.96: (-0.15, 0.21, 0.97)
779.06: (-0.11, 0.11, 0.99)
779.06: (-0.14, -0.69, 0.71): 2
779.08: (-0.10, 0.10, 0.99)
779.19: (-0.08, 0.09, 0.99)
779.29: (0.03, 0.05, 1.00)
779.41: (0.21, 0.01, 0.98)
779.52: (0.52, 0.04, 0.85)
779.64: (0.78, 0.11, 0.62)
779.74: (0.88, 0.20, 0.43)
779.84: (0.93, 0.29, 0.23)
779.96: (0.92, 0.31, 0.24)
780.06: (0.78, 0.08, 0.63)
780.17: (0.27, -0.35, 0.90)
780.29: (-0.18, -0.55, 0.81)
780.39: (-0.36, -0.59, 0.73)
780.51: (-0.28, -0.70, 0.65)
780.59: (-0.19, -0.76, 0.62)
780.59: (0.77, -0.58, -0.28): 2
780.62: (-0.18, -0.77, 0.61)
780.73: (-0.16, -0.78, 0.61)
780.84: (0.01, -0.80, 0.61)
780.96: (0.22, -0.77, 0.60)
781.07: (0.42, -0.71, 0.57)
781.19: (0.55, -0.66, 0.51)
781.31: (0.75, -0.55, 0.36)
781.42: (0.93, -0.35, 0.14)
781.52: (0.98, -0.17, -0.07)
781.64: (0.96, -0.08, -0.26)
781.76: (0.86, -0.44, -0.27)
781.87: (0.72, -0.66, -0.21)
781.89: (0.72, -0.66, -0.21)
781.89: (0.90, 0.23, 0.38): 2
781.99: (0.71, -0.67, -0.22)
782.11: (0.74, -0.61, -0.29)
782.21: (0.79, -0.50, -0.36)
782.32: (0.82, -0.36, -0.44)
782.42: (0.83, -0.20, -0.52)
782.54: (0.82, 0.00, -0.57)
782.66: (0.72, 0.30, -0.63)
782.77: (0.45, 0.59, -0.67)
782.89: (0.11, 0.78, -0.62)
783.01: (-0.18, 0.83, -0.52)
783.11: (-0.34, 0.79, -0.51)
783.22: (-0.39, 0.49, -0.78)
783.34: (-0.08, 0.00, -1.00)
783.44: (0.24, -0.23, -0.94)
783.56: (0.45, -0.32, -0.83)
783.67: (0.70, -0.40, -0.59)
783.77: (0.85, -0.40, -0.34)
783.89: (0.95, -0.32, -0.01)
784.01: (0.88, -0.18, 0.43)
784.12: (0.66, 0.08, 0.75)
784.24: (0.57, 0.20, 0.80)
784.36: (0.80, 0.05, 0.59)
784.47: (0.91, 0.12, 0.40)
784.57: (0.92, 0.20, 0.33)
784.62: (0.92, 0.21, 0.33)
784.62: (-0.99, -0.03, 0.10): 1
784.69: (0.92, 0.21, 0.33)
784.81: (0.96, 0.22, 0.15)
784.92: (0.94, 0.21, -0.25)
785.02: (0.74, 0.31, -0.60)
785.14: (0.27, 0.52, -0.81)
785.26: (-0.19, 0.60, -0.78)
785.37: (-0.54, 0.46, -0.70)
785.47: (-0.81, 0.25, -0.54)
785.57: (-0.95, 0.10, -0.29)
785.67: (-0.99, -0.05, -0.09)
785.79: (-0.94, -0.31, 0.13)
785.91: (-0.91, -0.37, 0.19)
786.01: (-0.98, -0.15, 0.09)
786.12: (-1.00, -0.06, 0.04)
786.14: (-1.00, -0.06, 0.04)
786.14: (1.00, -0.02, -0.05): 2
786.24: (-1.00, -0.07, 0.04)
786.36: (-0.96, -0.26, 0.11)
786.46: (-0.76, -0.61, 0.21)
786.57: (-0.40, -0.87, 0.27)
786.69: (0.19, -0.95, 0.25)
786.81: (0.75, -0.64, 0.14)
786.91: (0.93, -0.33, 0.14)
787.02: (0.93, -0.15, 0.34)
787.14: (0.94, -0.04, 0.35)
787.26: (0.99, -0.03, 0.10)
787.36: (1.00, 0.00, -0.03)
787.41: (1.00, 0.00, -0.03)
787.41: (0.54, 0.12, -0.83): 0
787.47: (1.00, 0.02, -0.05)
787.57: (0.97, 0.19, -0.14)
787.69: (0.79, 0.54, -0.29)
787.81: (0.68, 0.67, -0.30)
787.92: (0.46, 0.86, -0.23)
788.04: (0.01, 0.98, -0.20)
788.16: (-0.42, 0.89, -0.18)
788.27: (-0.30, 0.88, -0.36)
788.39: (-0.30, 0.88, -0.36)
788.51: (-0.17, 0.91, -0.38)
788.62: (-0.19, 0.98, -0.05)
788.74: (-0.03, 0.88, 0.47)
788.86: (0.44, 0.61, 0.65)
788.97: (0.79, 0.27, 0.55)
789.09: (0.94, -0.07, 0.33)
789.21: (0.86, -0.48, -0.17)
789.31: (0.43, -0.64, -0.63)
789.42: (-0.29, -0.49, -0.82)
789.54: (-0.76, -0.06, -0.65)
789.64: (-0.87, 0.23, -0.43)
789.76: (-0.82, 0.57, -0.09)
789.86: (-0.56, 0.77, 0.29)
789.97: (-0.09, 0.75, 0.65)
790.09: (0.28, 0.67, 0.68)
790.21: (0.66, 0.53, 0.53)
790.32: (0.91, 0.34, 0.23)
790.44: (0.98, 0.14, -0.13)
790.54: (0.88, -0.02, -0.47)
790.66: (0.60, -0.28, -0.75)
790.77: (0.32, -0.38, -0.87)
790.89: (0.36, -0.19, -0.91)
791.01: (0.40, 0.25, -0.88)
791.12: (0.47, 0.31, -0.83)
791.24: (0.59, 0.20, -0.78)
791.26: (0.59, 0.19, -0.79)
791.26: (-0.94, -0.15, -0.31): 0
791.36: (0.58, 0.19, -0.79)
791.47: (0.57, 0.22, -0.79)
791.59: (0.54, 0.54, -0.65)
791.69: (0.37, 0.93, -0.02)
791.79: (0.17, 0.80, 0.58)
791.91: (0.13, 0.17, 0.98)
792.02: (0.24, -0.35, 0.91)
792.12: (0.31, -0.74, 0.60)
792.22: (0.54, -0.79, 0.31)
792.32: (0.65, -0.75, -0.16)
792.44: (0.63, -0.41, -0.66)
792.54: (0.46, 0.02, -0.89)
792.66: (-0.06, 0.54, -0.84)
792.77: (-0.27, 0.76, -0.59)
792.89: (0.15, 0.98, -0.16)
792.99: (0.57, 0.74, 0.37)
793.09: (0.75, 0.26, 0.61)
793.21: (0.75, -0.26, 0.61)
793.32: (0.66, -0.50, 0.56)
793.44: (0.54, -0.70, 0.47)
793.54: (0.49, -0.76, 0.43)
793.66: (0.49, -0.77, 0.41)
793.76: (0.53, -0.80, 0.28)
793.87: (0.57, -0.80, -0.18)
793.99: (0.60, -0.72, -0.35)
794.11: (0.71, -0.52, -0.48)
794.22: (0.78, -0.44, -0.45)
794.34: (0.94, -0.25, -0.23)
794.44: (0.91, -0.28, 0.30)
794.56: (0.55, -0.61, 0.58)
794.67: (0.42, -0.71, 0.56)
794.77: (0.26, -0.83, 0.49)
794.87: (0.06, -0.99, 0.16)
794.99: (-0.19, -0.91, -0.36)
795.11: (-0.34, -0.48, -0.81)
795.21: (-0.35, 0.10, -0.93)
795.32: (-0.34, 0.33, -0.88)
795.44: (-0.45, -0.03, -0.89)
795.56: (-0.17, -0.85, -0.51)
795.67: (0.43, -0.77, 0.47)
795.79: (0.65, -0.16, 0.74)
795.89: (0.59, 0.48, 0.65)
796.01: (0.00, 0.99, 0.11)
796.12: (-0.47, 0.68, -0.56)
796.24: (-0.57, 0.22, -0.79)
796.35: (-0.55, -0.04, -0.83)
796.46: (-0.48, -0.20, -0.86)
796.57: (-0.72, -0.28, -0.64)
796.69: (-0.88, -0.24, -0.41)
796.80: (-0.95, -0.20, -0.26)
796.89: (-0.95, -0.19, -0.24)
796.89: (-0.53, -0.84, 0.09): 1
796.92: (-0.95, -0.19, -0.24)
797.04: (-0.95, -0.19, -0.24)
797.15: (-0.93, -0.36, -0.13)
797.25: (-0.62, -0.77, 0.15)
797.37: (-0.46, -0.84, 0.27)
797.49: (-0.53, -0.81, 0.26)
797.60: (-0.63, -0.76, 0.16)
797.70: (-0.63, -0.77, 0.11)
797.70: (0.62, 0.79, 0.07): 2
797.72: (-0.62, -0.78, 0.10)
797.84: (-0.57, -0.82, 0.09)
797.95: (-0.50, -0.86, 0.12)
798.07: (-0.23, -0.93, 0.29)
798.19: (0.03, -0.87, 0.49)
798.30: (0.31, -0.73, 0.61)
798.40: (0.60, -0.52, 0.60)
798.52: (0.68, -0.52, 0.51)
798.64: (0.66, -0.57, 0.49)
798.74: (0.66, -0.57, 0.49)
798.85: (0.66, -0.57, 0.49)
798.97: (0.67, -0.56, 0.49)
799.09: (0.89, 0.06, 0.46)
799.20: (0.74, 0.53, 0.40)
799.30: (0.38, 0.88, 0.29)
799.42: (0.12, 0.97, 0.22)
799.54: (0.42, 0.89, 0.18)
799.65: (0.67, 0.74, 0.12)
799.74: (0.68, 0.73, 0.10)
799.74: (0.73, 0.58, -0.36): 2
799.75: (0.68, 0.73, 0.10)
799.87: (0.65, 0.76, 0.04)
799.97: (0.61, 0.79, -0.11)
800.09: (0.53, 0.79, -0.32)
800.19: (0.65, 0.70, -0.29)
800.30: (0.79, 0.56, -0.23)
800.40: (0.82, 0.47, -0.31)
800.40: (-0.89, 0.39, -0.23): 0
800.42: (0.82, 0.47, -0.32)
800.52: (0.79, 0.48, -0.39)
800.64: (0.73, 0.50, -0.46)
800.74: (0.68, 0.53, -0.51)
800.85: (0.54, 0.52, -0.66)
800.97: (0.39, 0.53, -0.75)
801.09: (0.27, 0.52, -0.81)
801.20: (0.24, 0.50, -0.83)
801.30: (0.24, 0.50, -0.83)
801.42: (0.24, 0.50, -0.83)
801.54: (0.23, 0.49, -0.84)
801.64: (-0.04, 0.45, -0.89)
801.75: (-0.52, 0.22, -0.83)
801.87: (-0.77, 0.03, -0.64)
801.99: (-0.96, -0.09, -0.27)
802.10: (-0.99, 0.11, -0.07)
802.22: (-0.97, 0.20, -0.13)
802.34: (-0.95, 0.21, -0.24)
802.44: (-0.91, 0.37, -0.18)
802.49: (-0.91, 0.37, -0.17)
802.49: (-1.00, 0.03, 0.00): 2
802.55: (-0.91, 0.37, -0.17)
802.67: (-0.95, 0.30, -0.11)
802.77: (-0.98, 0.10, 0.15)
802.89: (-0.98, -0.01, 0.17)
803.00: (-1.00, 0.08, -0.01)
803.10: (-1.00, 0.09, -0.02)
803.12: (-1.00, 0.09, -0.02)
803.12: (0.99, -0.12, 0.02): 1
803.20: (-1.00, 0.08, -0.02)
803.32: (-0.99, -0.08, 0.14)
803.44: (-0.90, -0.27, 0.34)
803.55: (-0.73, -0.44, 0.53)
803.67: (-0.38, -0.60, 0.71)
803.79: (0.04, -0.55, 0.83)
803.89: (0.28, -0.17, 0.94)
804.00: (0.36, 0.03, 0.93)
804.12: (0.52, 0.27, 0.81)
804.24: (0.51, 0.48, 0.71)
804.34: (0.05, 0.57, 0.82)
804.45: (-0.48, 0.37, 0.79)
804.57: (-0.74, 0.18, 0.65)
804.67: (-0.88, -0.03, 0.47)
804.79: (-0.93, -0.30, 0.20)
804.90: (-0.71, -0.62, -0.35)
805.00: (-0.11, -0.67, -0.74)
805.10: (0.20, -0.60, -0.78)
805.22: (-0.14, -0.54, -0.83)
805.32: (-0.80, -0.38, -0.47)
805.44: (-0.85, 0.11, 0.52)
805.54: (-0.21, 0.37, 0.90)
805.64: (0.19, 0.38, 0.91)
805.75: (0.50, 0.34, 0.80)
805.87: (0.74, 0.22, 0.64)
805.99: (0.91, 0.07, 0.42)
806.10: (0.98, -0.12, 0.16)
806.20: (0.96, -0.20, 0.22)
806.32: (0.96, -0.20, 0.22)
806.44: (0.96, -0.18, 0.22)
806.54: (0.98, -0.18, 0.05)
806.65: (0.98, -0.18, -0.01)
806.67: (0.98, -0.18, -0.01)
806.67: (-0.53, -0.03, -0.85): 0
806.77: (0.98, -0.18, -0.01)
806.87: (0.98, -0.17, -0.03)
806.99: (0.97, -0.19, -0.14)
807.09: (0.81, -0.24, -0.54)
807.20: (0.58, -0.28, -0.77)
807.32: (0.40, -0.30, -0.87)
807.44: (0.14, -0.28, -0.95)
807.54: (-0.05, -0.22, -0.97)
807.65: (-0.17, -0.19, -0.97)
807.77: (-0.31, -0.12, -0.94)
807.87: (-0.18, -0.21, -0.96)
807.99: (-0.12, -0.18, -0.98)
808.10: (-0.33, -0.14, -0.93)
808.22: (-0.45, -0.11, -0.89)
808.34: (-0.49, -0.09, -0.86)
808.34: (-0.10, -0.02, -0.99): 2
808.34: (-0.49, -0.09, -0.86)
808.44: (-0.49, -0.09, -0.86)
808.55: (-0.55, -0.04, -0.83)
808.67: (-0.60, 0.02, -0.80)
808.77: (-0.37, 0.11, -0.92)
808.87: (-0.23, 0.09, -0.97)
808.99: (-0.21, 0.08, -0.97)
809.00: (-0.21, 0.08, -0.98)
809.00: (-0.71, 0.42, -0.57): 0
809.09: (-0.20, 0.08, -0.98)
809.19: (-0.16, 0.04, -0.99)
809.30: (-0.16, 0.03, -0.99)
809.42: (-0.64, 0.25, -0.73)
809.54: (-0.74, 0.33, -0.59)
809.65: (-0.69, 0.40, -0.61)
809.74: (-0.67, 0.38, -0.64)
809.74: (0.79, 0.60, 0.14): 0
809.75: (-0.67, 0.37, -0.64)
809.87: (-0.67, 0.37, -0.65)
809.99: (-0.66, 0.35, -0.67)
810.10: (-0.64, 0.33, -0.70)
810.20: (-0.59, 0.30, -0.75)
810.32: (-0.35, 0.18, -0.92)
810.44: (-0.01, 0.13, -0.99)
810.55: (0.36, 0.29, -0.89)
810.65: (0.68, 0.22, -0.70)
810.77: (0.94, -0.19, -0.29)
810.87: (0.89, -0.45, 0.12)
810.97: (0.60, -0.64, 0.48)
811.09: (0.03, -0.64, 0.77)
811.20: (-0.49, -0.40, 0.77)
811.32: (-0.71, -0.20, 0.67)
811.43: (-0.91, 0.15, 0.39)
811.55: (-0.86, 0.51, -0.10)
811.67: (-0.64, 0.65, -0.40)
811.77: (-0.40, 0.70, -0.59)
811.87: (-0.07, 0.65, -0.76)
811.98: (0.25, 0.52, -0.82)
812.10: (0.50, 0.37, -0.78)
812.22: (0.80, 0.06, -0.59)
812.32: (0.90, -0.30, -0.30)
812.43: (0.74, -0.67, 0.04)
812.55: (0.34, -0.89, 0.32)
812.67: (-0.25, -0.84, 0.48)
812.78: (-0.78, -0.52, 0.35)
812.88: (-0.97, -0.16, 0.19)
813.00: (-0.96, 0.27, -0.03)
813.10: (-0.87, 0.44, -0.23)
813.22: (-0.69, 0.30, -0.66)
813.33: (-0.39, -0.14, -0.91)
813.43: (0.00, -0.70, -0.71)
813.55: (0.31, -0.95, -0.06)
813.65: (0.36, -0.87, 0.34)
813.77: (0.23, -0.67, 0.71)
813.88: (-0.02, -0.24, 0.97)
814.00: (-0.28, 0.33, 0.90)
814.12: (-0.55, 0.69, 0.47)
814.23: (-0.78, 0.60, -0.17)
814.35: (-0.64, 0.18, -0.75)
814.45: (-0.25, -0.14, -0.96)
814.57: (0.14, -0.45, -0.88)
814.67: (0.26, -0.72, -0.64)
814.78: (0.42, -0.77, -0.49)
814.90: (0.77, -0.60, 0.23)
815.02: (0.74, -0.08, 0.67)
815.13: (0.55, 0.31, 0.77)
815.25: (0.35, 0.42, 0.84)
815.37: (0.40, 0.38, 0.83)
815.48: (0.79, 0.50, 0.35)
815.58: (0.79, 0.58, 0.18)
815.70: (0.79, 0.59, 0.18)
815.77: (0.81, 0.57, 0.14)
815.77: (0.56, 0.77, -0.31): 2
815.82: (0.83, 0.56, 0.04)
815.93: (0.83, 0.56, -0.04)
816.05: (0.80, 0.60, -0.07)
816.17: (0.64, 0.73, -0.25)
816.27: (0.60, 0.75, -0.29)
816.27: (0.07, 0.29, 0.95): 0
816.27: (0.60, 0.75, -0.29)
816.38: (0.55, 0.75, -0.36)
816.50: (0.26, 0.82, -0.52)
816.62: (0.10, 0.81, -0.58)
816.73: (-0.05, 0.78, -0.63)
816.85: (-0.16, 0.68, -0.72)
816.97: (0.00, 0.53, -0.85)
817.08: (0.00, 0.53, -0.85)
817.20: (0.00, 0.53, -0.85)
817.30: (0.00, 0.53, -0.85)
817.40: (-0.08, 0.58, -0.81)
817.52: (-0.37, 0.66, -0.65)
817.63: (-0.61, 0.66, -0.44)
817.75: (-0.82, 0.57, -0.01)
817.85: (-0.85, 0.27, 0.46)
817.95: (-0.66, -0.11, 0.74)
818.07: (-0.40, -0.50, 0.77)
818.17: (-0.21, -0.76, 0.61)
818.28: (0.09, -0.97, 0.21)
818.38: (0.22, -0.97, -0.09)
818.50: (0.25, -0.87, -0.43)
818.62: (0.33, -0.51, -0.80)
818.73: (0.32, 0.12, -0.94)
818.83: (0.20, 0.32, -0.93)
818.93: (0.01, 0.43, -0.90)
819.05: (-0.26, 0.36, -0.90)
819.17: (-0.42, 0.11, -0.90)
819.28: (-0.44, -0.11, -0.89)
819.40: (-0.35, -0.40, -0.85)
819.50: (-0.16, -0.66, -0.74)
819.62: (0.12, -0.85, -0.51)
819.73: (0.43, -0.90, -0.09)
819.85: (0.64, -0.71, 0.28)
819.97: (0.75, -0.49, 0.45)
820.07: (0.79, -0.07, 0.60)
820.17: (0.45, 0.39, 0.81)
820.28: (-0.43, 0.72, 0.54)
820.40: (-0.85, 0.52, 0.04)
820.52: (-0.92, 0.38, 0.10)
820.63: (-0.71, 0.35, 0.62)
820.73: (-0.35, 0.30, 0.89)
820.85: (-0.13, 0.32, 0.94)
820.95: (-0.03, 0.28, 0.96)
821.05: (0.06, 0.22, 0.97)
821.05: (-0.19, 0.78, -0.59): 1
821.07: (0.08, 0.21, 0.97)
821.18: (0.15, 0.21, 0.97)
821.30: (0.45, 0.19, 0.87)
821.40: (0.62, 0.19, 0.77)
821.52: (0.82, 0.19, 0.54)
821.62: (0.98, 0.14, 0.14)
821.73: (0.90, 0.04, -0.44)
821.83: (0.69, -0.05, -0.73)
821.95: (0.35, -0.14, -0.93)
822.07: (-0.17, -0.17, -0.97)
822.18: (-0.64, 0.03, -0.76)
822.30: (-0.88, 0.23, -0.42)
822.42: (-0.92, 0.36, 0.16)
822.52: (-0.77, 0.39, 0.50)
822.63: (-0.58, 0.46, 0.67)
822.73: (-0.27, 0.39, 0.88)
822.85: (0.07, 0.16, 0.99)
822.97: (0.12, -0.13, 0.98)
823.07: (0.03, -0.50, 0.86)
823.18: (-0.04, -0.74, 0.67)
823.30: (-0.20, -0.83, 0.52)
823.42: (-0.22, -0.88, 0.43)
823.53: (-0.33, -0.90, 0.30)
823.65: (-0.33, -0.90, 0.30)
823.77: (-0.33, -0.90, 0.30)
823.88: (-0.33, -0.90, 0.30)
824.00: (-0.27, -0.92, 0.29)
824.12: (-0.22, -0.96, 0.19)
824.23: (0.46, -0.89, -0.03)
824.35: (0.79, -0.62, -0.02)
824.47: (1.00, -0.04, 0.09)
824.57: (0.76, 0.58, 0.29)
824.68: (0.32, 0.84, 0.43)
824.78: (0.01, 0.78, 0.62)
824.90: (-0.32, 0.47, 0.82)
825.02: (-0.43, 0.01, 0.90)
825.13: (-0.36, -0.34, 0.87)
825.25: (-0.38, -0.64, 0.67)
825.35: (-0.35, -0.87, 0.34)
825.47: (-0.11, -0.98, -0.14)
825.58: (0.42, -0.80, -0.43)
825.70: (0.92, -0.28, -0.27)
825.80: (0.95, 0.31, -0.03)
825.92: (0.63, 0.77, 0.11)
826.02: (0.16, 0.95, 0.25)
826.13: (-0.30, 0.83, 0.47)
826.23: (-0.64, 0.45, 0.62)
826.35: (-0.71, -0.13, 0.69)
826.45: (-0.55, -0.52, 0.65)
826.57: (-0.30, -0.89, 0.34)
826.68: (0.15, -0.98, -0.12)
826.80: (0.46, -0.83, -0.30)
826.90: (0.70, -0.69, -0.19)
827.02: (0.84, -0.54, 0.04)
827.12: (0.87, -0.41, 0.29)
827.23: (0.79, -0.19, 0.58)
827.33: (0.44, 0.07, 0.89)
827.45: (-0.32, 0.15, 0.94)
827.57: (-0.92, 0.08, 0.39)
827.68: (-0.97, 0.00, -0.25)
827.80: (-0.59, -0.08, -0.80)
827.90: (0.00, -0.10, -0.99)
828.02: (0.63, -0.12, -0.76)
828.13: (0.93, -0.11, -0.35)
828.25: (0.99, -0.11, 0.07)
828.35: (0.86, -0.03, 0.51)
828.45: (0.44, 0.01, 0.90)
828.56: (-0.18, 0.08, 0.98)
828.68: (-0.64, 0.11, 0.76)
828.78: (-0.95, 0.10, 0.30)
828.90: (-0.93, 0.06, -0.37)
829.01: (-0.50, 0.01, -0.87)
829.13: (0.06, -0.02, -1.00)
829.23: (0.57, -0.07, -0.82)
829.35: (0.93, -0.14, -0.36)
829.46: (0.97, -0.20, 0.11)
829.58: (0.90, -0.38, 0.20)
829.70: (0.68, -0.73, 0.06)
829.81: (0.32, -0.94, -0.12)
829.93: (0.06, -0.99, -0.14)
830.03: (-0.12, -0.98, -0.17)
830.13: (-0.49, -0.78, -0.38)
830.25: (-0.59, -0.24, -0.77)
830.36: (0.12, 0.69, -0.71)
830.48: (0.52, 0.85, 0.07)
830.58: (0.53, 0.76, 0.37)
830.70: (0.26, 0.96, 0.05)
830.81: (-0.14, 0.91, -0.40)
830.93: (-0.24, 0.79, -0.57)
831.05: (-0.27, 0.76, -0.60)
831.05: (0.54, 0.82, 0.16): 2
831.05: (-0.27, 0.76, -0.60)
831.16: (-0.25, 0.75, -0.61)
831.26: (-0.25, 0.75, -0.61)
831.36: (-0.18, 0.80, -0.56)
831.48: (-0.13, 0.83, -0.54)
831.60: (0.00, 0.81, -0.58)
831.71: (0.00, 0.81, -0.58)
831.83: (0.00, 0.81, -0.58)
831.95: (0.00, 0.81, -0.58)
832.05: (0.03, 0.86, -0.51)
832.16: (-0.18, 0.97, -0.19)
832.28: (-0.28, 0.90, 0.32)
832.40: (-0.15, 0.73, 0.67)
832.51: (0.39, 0.76, 0.53)
832.63: (0.68, 0.65, 0.34)
832.75: (0.77, 0.61, 0.20)
832.86: (0.57, 0.81, 0.17)
832.96: (0.48, 0.86, 0.17)
832.98: (0.48, 0.86, 0.17)
832.98: (-0.97, -0.16, -0.20): 1
833.06: (0.48, 0.86, 0.17)
833.16: (0.48, 0.86, 0.17)
833.28: (0.46, 0.87, 0.18)
833.38: (-0.06, 0.93, 0.36)
833.50: (-0.70, 0.60, 0.40)
833.61: (-0.80, 0.22, 0.56)
833.71: (-0.40, -0.03, 0.91)
833.83: (0.28, 0.11, 0.95)
833.95: (0.01, 0.18, 0.98)
834.06: (-0.77, -0.01, 0.63)
834.18: (-0.96, -0.22, 0.19)
834.28: (-0.96, -0.28, 0.04)
834.40: (-0.97, -0.26, -0.04)
834.51: (-0.98, -0.15, -0.13)
834.63: (-0.98, -0.09, -0.16)
834.63: (-0.10, 0.37, 0.92): 0
834.63: (-0.98, -0.09, -0.16)
834.73: (-0.98, -0.09, -0.16)
834.85: (-0.97, -0.09, -0.23)
834.95: (-0.84, -0.18, -0.51)
835.05: (-0.48, -0.28, -0.83)
835.16: (-0.01, -0.32, -0.95)
835.28: (0.33, -0.30, -0.89)
835.40: (0.38, -0.19, -0.91)
835.50: (0.38, -0.19, -0.91)
835.61: (0.38, -0.19, -0.91)
835.73: (0.54, -0.18, -0.82)
835.85: (0.98, 0.03, -0.20)
835.95: (0.94, 0.15, 0.31)
836.06: (0.71, 0.10, 0.69)
836.18: (0.49, -0.09, 0.87)
836.30: (0.16, -0.21, 0.96)
836.40: (-0.18, -0.12, 0.98)
836.51: (-0.21, 0.26, 0.94)
836.63: (0.08, 0.38, 0.92)
836.75: (0.03, 0.39, 0.92)
836.85: (-0.19, 0.45, 0.87)
836.95: (-0.21, 0.45, 0.87)
836.95: (-0.19, 0.20, -0.96): 2
836.96: (-0.21, 0.45, 0.87)
837.06: (-0.21, 0.45, 0.87)
837.18: (-0.21, 0.45, 0.87)
837.30: (-0.42, 0.48, 0.77)
837.40: (-0.77, 0.46, 0.45)
837.51: (-0.95, 0.31, 0.00)
837.63: (-0.95, 0.07, -0.32)
837.73: (-0.94, 0.00, -0.34)
837.85: (-0.98, -0.10, -0.19)
837.96: (-0.98, -0.17, -0.08)
838.08: (-0.98, -0.18, -0.07)
838.20: (-0.98, -0.20, -0.06)
838.31: (-0.96, -0.15, -0.24)
838.43: (-0.96, -0.15, -0.24)
838.55: (-0.96, -0.15, -0.24)
838.65: (-0.96, -0.15, -0.24)
838.76: (-0.97, -0.20, -0.17)
838.88: (-0.93, -0.26, -0.26)
839.00: (-0.59, -0.51, -0.62)
839.11: (-0.05, -0.50, -0.86)
839.23: (0.50, -0.21, -0.84)
839.35: (0.88, 0.32, -0.35)
839.45: (0.83, 0.56, -0.03)
839.55: (0.73, 0.67, 0.14)
839.66: (0.44, 0.81, 0.38)
839.78: (0.11, 0.85, 0.52)
839.90: (-0.23, 0.80, 0.56)
840.01: (-0.51, 0.68, 0.54)
840.11: (-0.62, 0.64, 0.46)
840.21: (-0.63, 0.70, 0.33)
840.33: (-0.53, 0.85, 0.00)
840.45: (-0.46, 0.85, -0.25)
840.55: (-0.46, 0.85, -0.27)
840.66: (-0.43, 0.86, -0.28)
840.78: (0.06, 0.95, -0.30)
840.88: (0.66, 0.75, -0.06)
840.98: (0.91, 0.42, 0.04)
841.10: (0.98, 0.07, 0.18)
841.21: (0.92, -0.31, 0.23)
841.31: (0.76, -0.60, 0.24)
841.43: (0.40, -0.90, 0.16)
841.53: (0.10, -0.99, 0.06)
841.65: (-0.31, -0.94, -0.13)
841.76: (-0.70, -0.60, -0.39)
841.88: (-0.77, -0.20, -0.60)
841.98: (-0.72, 0.15, -0.67)
842.10: (-0.54, 0.53, -0.65)
842.21: (-0.17, 0.87, -0.45)
842.31: (0.15, 0.95, -0.29)
842.43: (0.35, 0.83, -0.44)
842.55: (0.32, 0.60, -0.74)
842.65: (0.16, 0.38, -0.91)
842.76: (0.00, 0.30, -0.95)
842.86: (-0.06, 0.30, -0.95)
842.98: (-0.23, 0.19, -0.95)
843.10: (-0.29, 0.09, -0.95)
843.21: (-0.19, 0.15, -0.97)
843.31: (-0.12, 0.22, -0.97)
843.31: (0.67, -0.44, -0.60): 0
843.31: (-0.12, 0.22, -0.97)
843.43: (-0.13, 0.22, -0.97)
843.55: (-0.26, 0.08, -0.96)
843.66: (-0.43, -0.06, -0.90)
843.78: (-0.74, -0.24, -0.62)
843.88: (-0.94, -0.33, -0.08)
844.00: (-0.95, -0.21, 0.23)
844.11: (-0.92, -0.24, -0.30)
844.23: (-0.52, -0.27, -0.81)
844.34: (-0.28, -0.41, -0.87)
844.45: (-0.14, -0.48, -0.87)
844.55: (-0.02, -0.56, -0.83)
844.66: (0.09, -0.65, -0.75)
844.78: (-0.06, -0.87, -0.49)
844.89: (-0.16, -0.94, -0.30)
845.01: (0.07, -0.83, -0.56)
845.11: (0.40, -0.53, -0.75)
845.23: (0.57, -0.37, -0.73)
845.34: (0.62, -0.38, -0.69)
845.43: (0.63, -0.44, -0.64)
845.43: (-0.64, 0.61, -0.46): 2
845.46: (0.64, -0.44, -0.63)
845.58: (0.64, -0.45, -0.63)
845.69: (0.51, -0.57, -0.64)
845.79: (0.26, -0.69, -0.68)
845.91: (-0.37, -0.72, -0.58)
846.03: (-0.93, -0.32, -0.19)
846.14: (-0.87, 0.20, 0.45)
846.26: (-0.53, 0.39, 0.75)
846.36: (-0.35, 0.49, 0.79)
846.48: (-0.22, 0.61, 0.76)
846.59: (-0.14, 0.73, 0.66)
846.69: (0.00, 0.88, 0.47)
846.81: (0.03, 1.00, -0.05)
846.91: (-0.40, 0.87, -0.30)
847.01: (-0.81, 0.44, -0.38)
847.13: (-0.90, -0.12, -0.41)
847.23: (-0.90, -0.14, -0.41)
847.34: (-0.86, 0.20, -0.47)
847.46: (-0.75, 0.45, -0.48)
847.58: (-0.62, 0.64, -0.45)
847.58: (0.12, 0.40, -0.91): 0
847.58: (-0.62, 0.64, -0.45)
847.69: (-0.56, 0.71, -0.43)
847.79: (-0.56, 0.71, -0.43)
847.91: (-0.47, 0.85, -0.25)
848.01: (0.00, 1.00, 0.06)
848.13: (0.51, 0.77, 0.39)
848.24: (0.78, 0.29, 0.56)
848.36: (0.73, -0.10, 0.68)
848.48: (0.46, -0.40, 0.79)
848.59: (0.26, -0.38, 0.89)
848.71: (-0.06, -0.09, 0.99)
848.81: (-0.30, 0.18, 0.94)
848.93: (-0.56, 0.14, 0.82)
849.03: (-0.72, -0.07, 0.69)
849.14: (-0.76, -0.30, 0.58)
849.26: (-0.69, -0.53, 0.49)
849.38: (-0.55, -0.78, 0.31)
849.49: (-0.44, -0.89, 0.14)
849.59: (-0.38, -0.93, 0.02)
849.71: (-0.17, -0.97, -0.18)
849.81: (0.20, -0.93, -0.32)
849.93: (0.49, -0.75, -0.44)
850.04: (0.60, -0.66, -0.44)
850.14: (0.60, -0.66, -0.44)
850.26: (0.60, -0.68, -0.43)
850.36: (0.71, -0.63, -0.33)
850.48: (0.97, -0.25, -0.05)
850.59: (0.90, 0.08, 0.44)
850.71: (0.64, 0.23, 0.74)
850.83: (0.26, 0.41, 0.88)
850.94: (-0.06, 0.65, 0.76)
851.04: (-0.33, 0.77, 0.54)
851.16: (-0.56, 0.64, 0.52)
851.28: (-0.67, 0.36, 0.65)
851.39: (-0.69, 0.14, 0.71)
851.51: (-0.59, -0.17, 0.79)
851.63: (-0.17, -0.53, 0.83)
851.74: (0.39, -0.74, 0.55)
851.84: (0.70, -0.67, 0.24)
851.96: (0.88, -0.44, -0.16)
852.08: (0.88, -0.30, -0.36)
852.19: (0.82, -0.08, -0.57)
852.29: (0.68, 0.15, -0.72)
852.41: (0.38, 0.42, -0.82)
852.53: (0.09, 0.60, -0.79)
852.64: (-0.01, 0.63, -0.78)
852.76: (0.01, 0.48, -0.88)
852.88: (0.03, 0.39, -0.92)
852.88: (-0.21, 0.69, 0.69): 1
852.88: (0.03, 0.39, -0.92)
852.98: (0.03, 0.39, -0.92)
853.09: (0.03, 0.39, -0.92)
853.21: (0.08, 0.42, -0.90)
853.31: (0.40, 0.35, -0.85)
853.43: (0.73, 0.11, -0.67)
853.54: (0.90, -0.14, -0.41)
853.66: (0.72, -0.60, 0.35)
853.78: (-0.12, -0.59, 0.80)
853.88: (-0.63, -0.31, 0.71)
853.98: (-0.85, -0.02, 0.53)
854.09: (-0.94, 0.25, 0.25)
854.19: (-0.88, 0.47, -0.07)
854.31: (-0.59, 0.66, -0.46)
854.43: (-0.21, 0.71, -0.68)
854.54: (0.20, 0.60, -0.77)
854.66: (0.65, 0.34, -0.68)
854.78: (0.92, -0.04, -0.39)
854.89: (0.92, -0.39, 0.08)
855.01: (0.57, -0.60, 0.56)
855.13: (-0.01, -0.60, 0.80)
855.24: (-0.60, -0.35, 0.72)
855.34: (-0.77, -0.14, 0.62)
855.44: (-0.78, -0.06, 0.63)
855.56: (-0.74, -0.12, 0.66)
855.66: (-0.52, -0.27, 0.81)
855.78: (-0.04, 0.07, 1.00)
855.88: (0.43, 0.56, 0.71)
855.99: (0.72, 0.61, 0.31)
856.11: (0.82, 0.55, 0.18)
856.23: (0.29, 0.86, 0.42)
856.34: (-0.05, 0.78, 0.63)
856.44: (-0.18, 0.69, 0.70)
856.56: (-0.28, 0.64, 0.72)
856.61: (-0.31, 0.63, 0.71)
856.61: (0.99, -0.10, -0.01): 1
856.68: (-0.31, 0.63, 0.71)
856.78: (-0.26, 0.65, 0.71)
856.88: (-0.11, 0.64, 0.76)
856.99: (0.19, 0.51, 0.84)
857.11: (0.65, 0.17, 0.75)
857.23: (0.81, -0.18, 0.56)
857.33: (0.77, -0.53, 0.36)
857.44: (0.62, -0.76, 0.19)
857.56: (0.85, -0.50, 0.14)
857.66: (0.97, -0.24, -0.01)
857.76: (0.98, -0.13, -0.14)
857.79: (0.98, -0.12, -0.17)
857.79: (-0.81, -0.50, 0.31): 1
857.88: (0.98, -0.12, -0.17)
857.99: (0.97, -0.18, -0.15)
858.09: (0.87, -0.46, -0.19)
858.19: (0.68, -0.68, -0.29)
858.31: (0.35, -0.81, -0.48)
858.43: (-0.01, -0.77, -0.64)
858.54: (-0.31, -0.60, -0.73)
858.64: (-0.47, -0.36, -0.80)
858.76: (-0.64, -0.03, -0.77)
858.88: (-0.73, 0.38, -0.58)
858.99: (-0.65, 0.71, -0.27)
859.11: (-0.62, 0.79, 0.01)
859.21: (-0.76, 0.62, 0.16)
859.33: (-0.90, 0.33, 0.30)
859.44: (-1.00, -0.04, 0.04)
859.56: (-0.77, -0.43, -0.48)
859.68: (-0.65, -0.51, -0.57)
859.79: (-0.71, -0.56, -0.43)
859.91: (-0.84, -0.55, -0.07)
860.01: (-0.86, -0.51, 0.07)
860.11: (-0.86, -0.51, 0.07)
860.23: (-0.85, -0.51, 0.10)
860.34: (-0.86, -0.48, 0.17)
860.46: (-0.86, -0.46, 0.21)
860.57: (-0.86, -0.47, 0.22)
860.59: (-0.86, -0.47, 0.22)
860.59: (-0.02, 0.83, -0.56): 0
860.67: (-0.86, -0.47, 0.22)
860.79: (-0.86, -0.46, 0.22)
860.91: (-0.86, -0.46, 0.22)
861.01: (-0.88, -0.46, 0.15)
861.12: (-0.92, -0.38, 0.02)
861.23: (-0.92, -0.38, 0.02)
861.34: (-0.92, -0.38, 0.02)
861.46: (-0.93, -0.36, 0.03)
861.56: (-0.86, -0.51, 0.00)
861.67: (-0.66, -0.71, 0.25)
861.79: (-0.22, -0.71, 0.66)
861.91: (-0.10, -0.36, 0.93)
862.02: (-0.12, 0.27, 0.95)
862.12: (-0.21, 0.93, 0.31)
862.24: (-0.27, 0.77, -0.58)
862.36: (-0.23, 0.24, -0.94)
862.46: (-0.20, -0.07, -0.98)
862.57: (-0.10, 0.20, -0.98)
862.69: (-0.04, 0.59, -0.80)
862.81: (-0.03, 0.81, -0.59)
862.92: (-0.07, 0.85, -0.52)
862.92: (-0.26, -0.31, 0.91): 1
862.92: (-0.07, 0.85, -0.52)
863.04: (-0.07, 0.85, -0.52)
863.16: (-0.07, 0.88, -0.47)
863.27: (-0.21, 0.98, -0.01)
863.37: (-0.32, 0.62, 0.72)
863.49: (-0.34, -0.11, 0.93)
863.61: (-0.28, -0.80, 0.53)
863.71: (-0.19, -0.94, 0.29)
863.81: (-0.18, -0.83, 0.53)
863.92: (-0.26, -0.41, 0.88)
864.04: (-0.30, -0.26, 0.92)
864.16: (-0.32, -0.31, 0.90)
864.26: (-0.30, -0.33, 0.90)
864.37: (-0.30, -0.33, 0.90)
864.44: (-0.30, -0.33, 0.90)
864.44: (-0.64, 0.39, 0.66): 0
864.47: (-0.30, -0.33, 0.90)
864.59: (-0.30, -0.33, 0.90)
864.69: (-0.30, -0.33, 0.90)
864.81: (-0.31, -0.32, 0.89)
864.92: (-0.48, 0.04, 0.88)
865.04: (-0.60, 0.44, 0.67)
865.16: (-0.61, 0.42, 0.67)
865.27: (-0.60, 0.33, 0.73)
865.31: (-0.60, 0.33, 0.73)
865.31: (-0.98, -0.19, -0.03): 0
865.37: (-0.60, 0.33, 0.73)
865.49: (-0.60, 0.33, 0.73)
865.61: (-0.57, 0.12, 0.82)
865.72: (-0.44, -0.28, 0.85)
865.84: (-0.08, -0.74, 0.66)
865.96: (0.37, -0.92, 0.12)
866.07: (0.60, -0.73, -0.33)
866.19: (0.69, -0.41, -0.59)
866.29: (0.68, -0.19, -0.70)
866.41: (0.47, 0.25, -0.85)
866.51: (0.07, 0.58, -0.81)
866.62: (-0.30, 0.79, -0.53)
866.72: (-0.52, 0.81, -0.26)
866.82: (-0.94, 0.34, -0.06)
866.92: (-0.94, -0.33, -0.01)
867.04: (-0.79, -0.58, -0.20)
867.16: (-0.79, -0.57, -0.22)
867.27: (-0.90, -0.44, -0.07)
867.39: (-0.95, -0.31, -0.04)
867.47: (-0.96, -0.26, -0.11)
867.47: (0.73, -0.34, -0.59): 0
867.51: (-0.96, -0.24, -0.11)
867.62: (-0.98, -0.17, 0.05)
867.74: (-0.99, -0.17, 0.03)
867.86: (-0.98, -0.16, -0.15)
867.96: (-0.86, -0.04, -0.51)
868.07: (-0.23, 0.43, -0.87)
868.17: (0.28, 0.69, -0.66)
868.29: (0.49, 0.81, -0.32)
868.41: (0.62, 0.79, 0.02)
868.52: (0.83, 0.40, 0.39)
868.62: (0.77, -0.28, 0.58)
868.74: (0.26, -0.87, 0.42)
868.86: (-0.25, -0.96, 0.15)
868.97: (-0.59, -0.79, -0.16)
869.09: (-0.81, -0.44, -0.40)
869.21: (-0.82, 0.01, -0.57)
869.31: (-0.77, 0.25, -0.59)
869.42: (-0.64, 0.55, -0.54)
869.54: (-0.38, 0.81, -0.45)
869.66: (-0.02, 0.95, -0.31)
869.76: (0.22, 0.96, -0.18)
869.87: (0.40, 0.91, -0.09)
869.99: (0.61, 0.79, 0.00)
870.09: (0.76, 0.64, 0.08)
870.19: (0.88, 0.46, 0.14)
870.29: (0.96, 0.19, 0.21)
870.41: (0.91, -0.29, 0.29)
870.51: (0.79, -0.56, 0.24)
870.62: (0.79, -0.56, 0.24)
870.72: (0.79, -0.56, 0.24)
870.84: (0.79, -0.56, 0.24)
870.96: (0.81, -0.50, 0.31)
871.06: (0.88, -0.25, 0.40)
871.17: (0.66, 0.33, 0.68)
871.29: (0.43, 0.51, 0.74)
871.41: (0.37, 0.79, 0.49)
871.51: (0.13, 0.96, -0.24)
871.62: (-0.16, 0.50, -0.85)
871.74: (-0.33, -0.39, -0.86)
871.84: (-0.25, -0.89, -0.38)
871.96: (-0.10, -0.98, 0.16)
872.07: (0.07, -0.79, 0.61)
872.19: (0.26, -0.38, 0.89)
872.29: (0.39, 0.07, 0.92)
872.41: (0.46, 0.64, 0.61)
872.52: (0.58, 0.82, 0.03)
872.64: (0.64, 0.59, -0.48)
872.74: (0.71, 0.33, -0.62)
872.84: (0.81, 0.14, -0.57)
872.96: (0.95, -0.18, -0.26)
873.06: (0.90, -0.44, 0.07)
873.17: (0.87, -0.50, 0.01)
873.29: (0.75, -0.59, -0.31)
873.41: (0.70, -0.39, -0.60)
873.47: (0.69, -0.31, -0.65)
END