3/27/2023 2:52:48 PM
Mode: Stereo
White time (s): [1.266721, 3.865698, 7.115456, 16.34646, 2.249542, 1.9664, 4.38266, 2.449463, 3.432434, 1.699356, 1.949295, 2.999115, 3.999146, 0.9334412, 2.016388, 1.449493, 5.065704, 0.78302, 0.7500305, 1.166428, 1.699753, 1.999588, 1.649704, 1.333038, 2.23288, 1.166534, 3.415802, 4.615906, 1.283142, 4.516205]
Shot time (s): [1.73295, 10.43111, 5.582199, 8.7481, 7.848434, 1.966034, 3.515388, 0.9329071, 5.532501, 4.315964, 3.599426, 5.332092, 2.566406, 2.399338, 0.6499481, 2.349442, 1.816559, 5.765228, 1.266403, 3.466354, 2.699097, 12.98079, 2.915894, 3.849121, 1.166565, 5.232178, 0.6498413, 1.549377, 3.882416, 1.032959]
Step time (s): [1.315886, 1.016708, 0.7164383, 0.733223, 5.948616, 7.265427, 3.232765, 4.682564, 4.815826, 4.065796, 6.148987, 4.482513, 2.232666, 3.082703, 3.549332, 1.582977, 1.499557, 0.6665955, 0.9996796, 1.349792, 0.916153, 2.049591, 1.866028, 1.616455, 2.282928, 3.149506, 1.616364, 1.96637, 2.265869, 4.165741]
White horz (deg): [103.5, 238.6799, 635.6996, 1148.22, 188.34, 91.97998, 207.3, 90.59999, 171.78, 197.4599, 37.38, 77.1, 87.71999, 10.62, 34.92, 95.57998, 445.1399, 19.08, 29.15999, 60.72, 110.94, 133.44, 78.30003, 25.86, 122.88, 74.93999, 64.02, 374.88, 102.06, 404.0401]
Shot horz (deg): [156.06, 699.9598, 449.9998, 549.2997, 409.7396, 124.86, 142.56, 5.459999, 329.3999, 188.4, 155.6399, 330.2999, 105.3, 68.45999, 12.36, 171.6, 124.26, 203.76, 70.74001, 87.47999, 82.50003, 847.7394, 165.9599, 274.6798, 78.35999, 482.7596, 26.22, 117.96, 342.1199, 50.88]
Step horz (deg): [113.88, 40.44, 10.5, 22.14, 352.0196, 490.4397, 73.25999, 198.6, 254.94, 216.3599, 390.4201, 358.9798, 47.4, 238.7399, 311.8198, 141.6, 144.12, 22.44, 47.34, 124.02, 56.81999, 176.34, 115.2, 63.06001, 162.12, 155.34, 146.52, 231.2399, 125.46, 273.7799]
White vert (deg): [53.76, 251.1599, 359.8798, 756.9594, 35.46, 77.64001, 112.56, 31.92, 130.08, 93.59998, 63.60001, 34.98, 96.35998, 30.17999, 122.34, 87.35997, 304.9799, 30.77999, 32.81999, 64.2, 206.04, 110.64, 25.44, 49.31999, 53.34, 46.68, 116.88, 334.2599, 23.46, 109.68]
Shot vert (deg): [47.46, 204.6, 81, 366.7197, 473.34, 78.6, 114.36, 3.719999, 199.1999, 153.6, 284.9999, 329.6998, 113.34, 88.5, 17.88, 95.93999, 138.12, 351.7201, 50.7, 205.8599, 204.06, 1021.5, 259.6199, 235.92, 39.6, 286.68, 10.8, 73.79998, 146.82, 29.04]
Step vert (deg): [58.44, 7.799997, 16.44, 29.28, 346.08, 292.8599, 88.25999, 93.71999, 166.5, 100.44, 191.28, 319.8599, 108.42, 236.64, 275.64, 117.24, 98.51999, 23.58, 15.12, 71.27998, 32.27999, 186.42, 130.92, 78.17999, 65.22, 159.96, 62.04, 70.38002, 48.42001, 143.5199]

Time in sec: camera forward versor
Time in sec: target versor: sound type (0 = White, 1 = Shot, 2 = Step)
START
12.70: (-0.39, -0.82, 0.42): 2
12.70: (0.05, 0.05, 1.00)
12.82: (0.05, 0.05, 1.00)
12.93: (0.05, 0.05, 1.00)
13.05: (0.05, 0.05, 1.00)
13.15: (0.03, 0.04, 1.00)
13.27: (-0.32, -0.09, 0.94)
13.38: (-0.63, -0.32, 0.71)
13.50: (-0.27, -0.57, 0.77)
13.62: (0.07, -0.57, 0.82)
13.73: (-0.18, -0.71, 0.68)
13.85: (-0.36, -0.77, 0.52)
13.97: (-0.36, -0.78, 0.51)
14.02: (-0.36, -0.78, 0.51)
14.02: (0.93, -0.19, 0.32): 0
14.07: (-0.36, -0.78, 0.51)
14.18: (-0.36, -0.78, 0.51)
14.30: (-0.36, -0.78, 0.51)
14.42: (-0.32, -0.76, 0.57)
14.53: (-0.22, -0.71, 0.67)
14.63: (0.20, -0.39, 0.90)
14.75: (0.55, -0.08, 0.83)
14.85: (0.74, 0.02, 0.67)
14.97: (0.87, 0.06, 0.50)
15.08: (0.89, -0.10, 0.44)
15.20: (0.92, -0.14, 0.36)
15.28: (0.93, -0.14, 0.34)
15.28: (-0.97, -0.22, 0.05): 1
15.32: (0.93, -0.14, 0.34)
15.43: (0.93, -0.15, 0.33)
15.53: (0.92, -0.18, 0.36)
15.65: (0.89, -0.21, 0.41)
15.77: (0.86, -0.27, 0.44)
15.88: (0.79, -0.27, 0.55)
15.98: (0.54, -0.35, 0.77)
16.10: (0.24, -0.43, 0.87)
16.22: (-0.07, -0.41, 0.91)
16.33: (-0.35, -0.43, 0.83)
16.45: (-0.64, -0.38, 0.66)
16.55: (-0.84, -0.17, 0.51)
16.67: (-0.94, 0.02, 0.35)
16.78: (-0.98, -0.04, 0.20)
16.88: (-0.99, -0.13, 0.06)
16.98: (-0.99, -0.14, 0.00)
17.02: (-0.99, -0.14, 0.00)
17.02: (0.96, -0.11, -0.25): 0
17.10: (-0.99, -0.13, 0.00)
17.22: (-0.99, -0.15, 0.05)
17.32: (-0.99, -0.15, 0.05)
17.43: (-0.99, -0.15, 0.05)
17.55: (-0.99, -0.15, 0.05)
17.65: (-0.99, -0.14, 0.04)
17.77: (-0.97, 0.01, 0.24)
17.88: (-0.85, 0.34, 0.41)
18.00: (-0.78, 0.48, 0.41)
18.12: (-0.72, 0.56, 0.42)
18.23: (-0.63, 0.72, 0.30)
18.33: (-0.58, 0.81, -0.12)
18.45: (-0.48, 0.71, -0.52)
18.57: (-0.33, 0.61, -0.72)
18.68: (-0.35, 0.60, -0.72)
18.78: (-0.35, 0.60, -0.72)
18.88: (-0.33, 0.61, -0.73)
19.00: (-0.22, 0.54, -0.81)
19.12: (0.11, 0.26, -0.96)
19.22: (0.32, -0.12, -0.94)
19.32: (0.41, -0.35, -0.85)
19.42: (0.42, -0.44, -0.79)
19.53: (0.15, -0.60, -0.79)
19.63: (-0.23, -0.72, -0.65)
19.75: (-0.49, -0.68, -0.54)
19.87: (-0.51, -0.66, -0.56)
19.98: (-0.49, -0.67, -0.55)
20.10: (-0.48, -0.49, -0.73)
20.22: (-0.11, -0.16, -0.98)
20.32: (0.24, -0.13, -0.96)
20.42: (0.66, -0.14, -0.74)
20.53: (0.80, -0.19, -0.57)
20.65: (0.82, -0.19, -0.54)
20.77: (0.91, -0.12, -0.39)
20.88: (0.92, -0.12, -0.38)
20.88: (-0.24, 0.35, 0.91): 0
20.88: (0.92, -0.12, -0.38)
20.98: (0.92, -0.12, -0.38)
21.10: (0.91, -0.14, -0.38)
21.20: (0.89, -0.12, -0.45)
21.30: (0.86, -0.11, -0.50)
21.42: (0.86, -0.11, -0.50)
21.53: (0.86, -0.11, -0.49)
21.65: (0.89, -0.15, -0.43)
21.75: (0.91, -0.10, -0.39)
21.87: (0.90, 0.21, -0.38)
21.98: (0.81, 0.46, -0.38)
22.08: (0.68, 0.64, -0.36)
22.20: (0.43, 0.84, -0.31)
22.32: (0.29, 0.90, -0.33)
22.42: (0.29, 0.90, -0.33)
22.53: (0.29, 0.90, -0.33)
22.65: (0.27, 0.91, -0.31)
22.77: (0.19, 0.94, -0.29)
22.87: (-0.13, 0.96, -0.27)
22.98: (-0.46, 0.82, -0.33)
23.08: (-0.53, 0.74, -0.41)
23.20: (-0.62, 0.61, -0.49)
23.30: (-0.79, 0.36, -0.50)
23.42: (-0.84, 0.30, -0.46)
23.52: (-0.83, 0.30, -0.46)
23.63: (-0.83, 0.31, -0.46)
23.75: (-0.89, 0.28, -0.36)
23.85: (-0.98, 0.16, 0.09)
23.97: (-0.81, -0.22, 0.55)
24.08: (-0.69, -0.39, 0.60)
24.20: (-0.52, -0.55, 0.65)
24.32: (-0.08, -0.78, 0.62)
24.43: (-0.10, -0.94, 0.31)
24.55: (-0.36, -0.93, 0.00)
24.65: (-0.52, -0.82, -0.24)
24.77: (-0.40, -0.81, -0.43)
24.88: (-0.37, -0.75, -0.54)
24.98: (-0.08, -0.92, -0.39)
25.10: (0.30, -0.95, -0.11)
25.20: (0.28, -0.95, -0.12)
25.32: (0.28, -0.95, -0.12)
25.43: (0.28, -0.95, -0.12)
25.55: (0.29, -0.95, -0.08)
25.66: (0.49, -0.87, -0.03)
25.76: (0.80, -0.59, -0.11)
25.88: (0.89, -0.21, -0.41)
25.98: (0.74, -0.27, -0.61)
26.10: (0.44, -0.55, -0.71)
26.21: (-0.06, -0.79, -0.61)
26.33: (-0.28, -0.87, -0.41)
26.45: (-0.32, -0.89, -0.33)
26.56: (-0.38, -0.92, 0.10)
26.66: (-0.27, -0.84, 0.47)
26.78: (-0.13, -0.62, 0.77)
26.90: (-0.05, -0.69, 0.72)
27.00: (-0.05, -0.69, 0.72)
27.11: (-0.05, -0.69, 0.72)
27.23: (-0.08, -0.63, 0.77)
27.33: (-0.23, -0.53, 0.82)
27.45: (-0.55, -0.20, 0.81)
27.56: (-0.53, 0.03, 0.85)
27.68: (-0.28, -0.06, 0.96)
27.78: (-0.30, 0.05, 0.95)
27.90: (-0.33, 0.23, 0.92)
28.00: (-0.33, 0.23, 0.91)
28.00: (0.99, -0.01, -0.10): 1
28.01: (-0.33, 0.23, 0.91)
28.13: (-0.33, 0.23, 0.91)
28.25: (-0.33, 0.23, 0.91)
28.36: (-0.39, 0.16, 0.91)
28.46: (-0.39, 0.16, 0.91)
28.56: (-0.39, 0.16, 0.91)
28.68: (-0.39, 0.16, 0.91)
28.80: (-0.33, 0.19, 0.92)
28.91: (-0.16, 0.32, 0.93)
29.03: (-0.10, 0.54, 0.84)
29.13: (-0.10, 0.54, 0.83)
29.25: (-0.18, 0.88, 0.43)
29.35: (-0.18, 0.98, 0.07)
29.46: (-0.19, 0.98, 0.07)
29.58: (-0.17, 0.99, 0.04)
29.70: (-0.15, 0.94, -0.31)
29.81: (-0.17, 0.92, -0.34)
29.91: (-0.17, 0.92, -0.34)
30.03: (-0.17, 0.92, -0.34)
30.15: (-0.17, 0.92, -0.34)
30.26: (-0.12, 0.92, -0.36)
30.38: (-0.09, 0.91, -0.40)
30.50: (0.09, 0.95, -0.29)
30.60: (0.19, 0.96, -0.21)
30.71: (0.20, 0.96, -0.21)
30.81: (0.20, 0.96, -0.21)
30.93: (0.20, 0.96, -0.21)
31.03: (0.20, 0.96, -0.21)
31.15: (0.20, 0.96, -0.21)
31.26: (0.21, 0.95, -0.21)
31.38: (0.22, 0.95, -0.21)
31.50: (0.23, 0.95, -0.21)
31.61: (0.23, 0.95, -0.21)
31.73: (0.23, 0.95, -0.21)
31.85: (0.23, 0.95, -0.21)
31.96: (0.23, 0.95, -0.21)
32.08: (0.23, 0.95, -0.21)
32.18: (0.23, 0.95, -0.21)
32.30: (0.23, 0.95, -0.21)
32.41: (0.24, 0.95, -0.19)
32.53: (0.23, 0.97, -0.02)
32.63: (0.22, 0.96, -0.17)
32.75: (0.15, 0.63, -0.76)
32.85: (0.08, 0.20, -0.98)
32.95: (0.07, 0.21, -0.98)
33.06: (0.07, 0.21, -0.98)
33.18: (0.07, 0.21, -0.98)
33.30: (0.08, 0.20, -0.98)
33.40: (0.12, 0.17, -0.98)
33.51: (0.14, 0.12, -0.98)
33.63: (0.21, -0.08, -0.97)
33.75: (0.17, -0.47, -0.87)
33.86: (0.11, -0.62, -0.78)
33.98: (0.04, -0.83, -0.56)
34.10: (-0.06, -0.88, -0.47)
34.20: (-0.06, -0.87, -0.48)
34.30: (-0.06, -0.87, -0.48)
34.41: (-0.06, -0.87, -0.48)
34.53: (-0.06, -0.87, -0.48)
34.65: (-0.05, -0.88, -0.48)
34.76: (-0.03, -0.89, -0.46)
34.88: (-0.02, -0.92, -0.40)
35.00: (-0.07, -0.98, -0.20)
35.10: (-0.16, -0.98, 0.09)
35.21: (-0.24, -0.89, 0.40)
35.33: (-0.27, -0.81, 0.53)
35.43: (-0.27, -0.81, 0.52)
35.53: (-0.09, -0.99, 0.13)
35.65: (0.18, -0.81, -0.56)
35.76: (0.22, -0.43, -0.88)
35.88: (0.19, -0.34, -0.92)
35.98: (0.19, -0.34, -0.92)
36.10: (0.19, -0.34, -0.92)
36.21: (0.34, 0.06, -0.94)
36.33: (0.38, 0.61, -0.70)
36.45: (0.29, 0.86, -0.42)
36.55: (0.16, 0.98, -0.15)
36.66: (0.06, 0.99, -0.08)
36.78: (0.06, 0.99, -0.08)
36.90: (0.06, 0.99, -0.08)
37.01: (0.03, 1.00, 0.07)
37.13: (0.08, 1.00, -0.02)
37.25: (0.38, 0.81, -0.44)
37.36: (0.57, 0.64, -0.51)
37.46: (0.56, 0.66, -0.51)
37.58: (0.56, 0.66, -0.51)
37.68: (0.63, 0.61, -0.48)
37.80: (0.86, 0.18, -0.47)
37.91: (0.86, -0.25, -0.44)
38.03: (0.89, -0.15, -0.44)
38.15: (0.97, 0.10, -0.22)
38.25: (0.98, 0.11, -0.16)
38.36: (0.98, 0.07, -0.17)
38.43: (0.99, 0.06, -0.14)
38.43: (-0.97, 0.04, -0.25): 1
38.48: (0.99, 0.06, -0.14)
38.58: (0.99, 0.06, -0.14)
38.70: (0.99, 0.06, -0.14)
38.81: (0.99, 0.07, -0.14)
38.93: (0.99, 0.07, -0.14)
39.03: (0.99, 0.07, -0.14)
39.15: (0.98, 0.09, -0.15)
39.26: (0.98, 0.11, -0.15)
39.38: (0.98, 0.11, -0.15)
39.50: (0.98, 0.11, -0.15)
39.60: (0.98, 0.11, -0.15)
39.71: (0.98, 0.15, -0.16)
39.83: (0.98, 0.15, -0.16)
39.93: (0.98, 0.15, -0.16)
40.05: (0.97, 0.16, -0.16)
40.16: (0.97, 0.17, -0.17)
40.28: (0.97, 0.17, -0.17)
40.40: (0.97, 0.17, -0.17)
40.51: (0.97, 0.17, -0.17)
40.61: (0.97, 0.20, -0.15)
40.71: (0.94, 0.34, -0.07)
40.83: (0.98, -0.02, -0.20)
40.95: (0.89, -0.27, -0.37)
41.06: (0.90, 0.43, -0.13)
41.18: (0.53, 0.84, 0.16)
41.28: (0.14, 0.88, 0.46)
41.40: (0.14, 0.88, 0.45)
41.51: (0.24, 0.88, 0.41)
41.63: (0.81, 0.58, -0.03)
41.73: (0.94, 0.26, -0.22)
41.84: (0.93, 0.31, -0.18)
41.96: (0.93, 0.32, -0.17)
42.06: (0.72, 0.68, 0.17)
42.18: (0.45, 0.83, 0.34)
42.29: (0.42, 0.81, 0.40)
42.41: (0.07, 0.80, 0.59)
42.51: (-0.02, 0.80, 0.60)
42.63: (-0.02, 0.80, 0.60)
42.74: (0.00, 0.80, 0.60)
42.84: (-0.05, 0.78, 0.62)
42.96: (-0.26, 0.71, 0.66)
43.08: (-0.65, 0.45, 0.61)
43.19: (-0.94, 0.03, 0.34)
43.29: (-0.97, -0.13, 0.21)
43.39: (-0.98, -0.12, 0.18)
43.51: (-0.99, 0.15, 0.02)
43.63: (-0.99, 0.09, -0.10)
43.74: (-0.99, 0.08, -0.10)
43.86: (-0.99, 0.03, -0.15)
43.96: (-0.98, -0.02, -0.20)
44.01: (-0.98, -0.02, -0.20)
44.01: (-0.36, -0.21, -0.91): 1
44.08: (-0.98, -0.02, -0.20)
44.18: (-0.98, -0.02, -0.20)
44.29: (-0.98, -0.02, -0.20)
44.39: (-0.98, -0.02, -0.20)
44.49: (-0.98, -0.02, -0.20)
44.61: (-0.98, -0.02, -0.20)
44.73: (-0.96, -0.18, -0.21)
44.83: (-0.93, -0.27, -0.23)
44.94: (-0.94, -0.27, -0.23)
45.06: (-0.92, -0.31, -0.23)
45.18: (-0.72, -0.61, -0.33)
45.29: (-0.65, -0.68, -0.35)
45.41: (-0.65, -0.68, -0.35)
45.53: (-0.65, -0.68, -0.35)
45.64: (-0.57, -0.74, -0.35)
45.76: (-0.22, -0.89, -0.40)
45.88: (0.13, -0.90, -0.42)
45.99: (0.52, -0.75, -0.41)
46.11: (0.81, -0.47, -0.34)
46.23: (0.91, -0.33, -0.25)
46.33: (0.86, -0.40, -0.32)
46.43: (0.84, -0.42, -0.34)
46.54: (0.84, -0.42, -0.34)
46.66: (0.84, -0.42, -0.35)
46.78: (0.79, -0.50, -0.36)
46.89: (0.64, -0.73, -0.25)
47.01: (0.54, -0.83, -0.11)
47.13: (0.42, -0.91, 0.00)
47.24: (0.40, -0.84, 0.37)
47.34: (0.38, -0.66, 0.65)
47.46: (0.28, -0.53, 0.80)
47.58: (0.24, -0.41, 0.88)
47.69: (0.26, -0.25, 0.93)
47.79: (0.25, -0.22, 0.94)
47.91: (0.16, -0.05, 0.99)
48.03: (-0.05, 0.36, 0.93)
48.13: (-0.05, 0.37, 0.93)
48.24: (-0.05, 0.37, 0.93)
48.36: (-0.05, 0.37, 0.93)
48.46: (-0.05, 0.37, 0.93)
48.58: (-0.05, 0.37, 0.93)
48.69: (-0.06, 0.38, 0.92)
48.79: (-0.14, 0.51, 0.85)
48.91: (-0.21, 0.73, 0.65)
49.03: (-0.29, 0.86, 0.42)
49.14: (-0.40, 0.91, 0.08)
49.26: (-0.51, 0.77, -0.38)
49.36: (-0.49, 0.69, -0.53)
49.46: (-0.49, 0.69, -0.53)
49.58: (-0.49, 0.69, -0.53)
49.69: (-0.17, 0.57, -0.80)
49.79: (-0.05, 0.53, -0.85)
49.91: (-0.05, 0.53, -0.85)
50.03: (-0.05, 0.53, -0.85)
50.14: (-0.01, 0.49, -0.87)
50.26: (0.31, 0.45, -0.84)
50.36: (0.69, 0.33, -0.64)
50.48: (0.84, 0.26, -0.47)
50.59: (0.94, 0.17, -0.29)
50.71: (1.00, 0.06, 0.05)
50.81: (0.95, 0.02, 0.30)
50.93: (0.89, 0.00, 0.45)
51.04: (0.88, -0.01, 0.48)
51.16: (0.98, 0.15, 0.12)
51.26: (0.95, 0.25, -0.20)
51.38: (0.84, 0.34, -0.43)
51.48: (0.79, 0.35, -0.51)
51.59: (0.79, 0.34, -0.51)
51.69: (0.79, 0.34, -0.51)
51.81: (0.71, 0.38, -0.59)
51.93: (0.34, 0.44, -0.83)
52.04: (0.12, 0.45, -0.89)
52.16: (-0.26, 0.40, -0.88)
52.28: (-0.51, 0.33, -0.79)
52.39: (-0.32, 0.30, -0.90)
52.51: (-0.32, 0.20, -0.93)
52.63: (-0.34, -0.01, -0.94)
52.73: (-0.33, -0.05, -0.94)
52.76: (-0.34, -0.05, -0.94)
52.76: (0.02, 0.83, 0.56): 0
52.84: (-0.35, -0.06, -0.93)
52.96: (-0.36, -0.10, -0.93)
53.08: (-0.38, -0.12, -0.92)
53.18: (-0.40, -0.09, -0.91)
53.29: (-0.40, -0.08, -0.91)
53.39: (-0.40, -0.08, -0.91)
53.49: (-0.40, -0.08, -0.91)
53.61: (-0.30, -0.11, -0.95)
53.73: (-0.30, -0.15, -0.94)
53.84: (-0.61, -0.33, -0.72)
53.96: (-0.89, -0.43, -0.11)
54.08: (-0.92, -0.38, -0.07)
54.18: (-0.92, -0.38, -0.07)
54.29: (-0.92, -0.38, -0.07)
54.41: (-0.92, -0.40, -0.02)
54.53: (-0.91, -0.41, -0.02)
54.64: (-0.87, -0.48, 0.08)
54.76: (-0.75, -0.56, 0.36)
54.88: (-0.65, -0.53, 0.54)
54.98: (-0.65, -0.53, 0.54)
55.09: (-0.65, -0.53, 0.54)
55.19: (-0.65, -0.53, 0.54)
55.31: (-0.65, -0.55, 0.53)
55.41: (-0.52, -0.62, 0.59)
55.53: (-0.18, -0.64, 0.75)
55.64: (0.16, -0.48, 0.86)
55.74: (0.51, -0.25, 0.82)
55.86: (0.67, -0.06, 0.74)
55.98: (0.70, 0.16, 0.70)
56.08: (0.68, 0.13, 0.73)
56.19: (0.68, 0.13, 0.73)
56.29: (0.68, 0.13, 0.72)
56.41: (0.73, 0.15, 0.67)
56.51: (0.79, 0.08, 0.60)
56.63: (0.85, 0.22, 0.48)
56.74: (0.83, 0.51, 0.23)
56.86: (0.66, 0.75, 0.00)
56.98: (0.44, 0.88, -0.19)
57.09: (0.45, 0.89, -0.02)
57.21: (0.45, 0.89, -0.02)
57.31: (0.45, 0.89, -0.02)
57.43: (0.48, 0.88, -0.03)
57.54: (0.53, 0.85, -0.05)
57.66: (0.56, 0.78, -0.27)
57.77: (0.43, 0.72, -0.54)
57.88: (0.21, 0.67, -0.71)
57.99: (0.05, 0.51, -0.86)
58.11: (0.01, 0.29, -0.96)
58.21: (-0.19, 0.16, -0.97)
58.32: (-0.28, 0.10, -0.95)
58.44: (0.00, 0.03, -1.00)
58.56: (0.38, -0.12, -0.92)
58.66: (0.49, -0.32, -0.81)
58.77: (0.56, -0.61, -0.56)
58.89: (0.59, -0.55, -0.59)
59.01: (0.59, -0.55, -0.59)
59.11: (0.59, -0.55, -0.59)
59.21: (0.59, -0.55, -0.59)
59.32: (0.58, -0.58, -0.56)
59.42: (0.52, -0.63, -0.57)
59.54: (0.36, -0.67, -0.65)
59.64: (0.12, -0.70, -0.71)
59.76: (-0.19, -0.69, -0.70)
59.87: (-0.42, -0.64, -0.65)
59.99: (-0.66, -0.56, -0.50)
60.09: (-0.70, -0.57, -0.44)
60.21: (-0.70, -0.57, -0.44)
60.31: (-0.70, -0.57, -0.44)
60.42: (-0.73, -0.55, -0.40)
60.54: (-0.82, -0.51, -0.27)
60.66: (-0.94, -0.35, -0.05)
60.76: (-0.96, -0.02, 0.28)
60.87: (-0.85, 0.22, 0.47)
60.97: (-0.84, 0.27, 0.48)
61.09: (-0.88, 0.21, 0.42)
61.19: (-0.88, 0.21, 0.42)
61.29: (-0.88, 0.21, 0.42)
61.41: (-0.86, 0.27, 0.43)
61.52: (-0.84, 0.50, 0.19)
61.64: (-0.71, 0.70, -0.08)
61.76: (-0.63, 0.75, -0.21)
61.87: (-0.63, 0.75, -0.19)
61.97: (-0.63, 0.75, -0.19)
62.09: (-0.52, 0.83, -0.22)
62.21: (-0.12, 0.96, -0.26)
62.32: (0.08, 0.97, -0.21)
62.42: (0.14, 0.97, -0.18)
62.54: (0.48, 0.87, -0.09)
62.66: (0.48, 0.87, -0.09)
62.77: (0.48, 0.87, -0.09)
62.89: (0.52, 0.85, -0.06)
62.99: (0.63, 0.78, -0.04)
63.11: (0.92, 0.38, 0.02)
63.22: (0.99, 0.16, 0.02)
63.32: (0.99, 0.01, -0.15)
63.42: (0.92, -0.28, -0.29)
63.54: (0.80, -0.55, -0.24)
63.66: (0.74, -0.67, -0.05)
63.76: (0.68, -0.70, 0.22)
63.87: (0.76, -0.48, 0.44)
63.99: (0.76, -0.48, 0.44)
64.09: (0.76, -0.48, 0.44)
64.21: (0.72, -0.45, 0.52)
64.32: (0.43, -0.49, 0.76)
64.44: (-0.10, -0.44, 0.89)
64.56: (-0.58, -0.30, 0.76)
64.66: (-0.80, -0.15, 0.58)
64.77: (-0.87, -0.09, 0.48)
64.89: (-0.91, -0.23, 0.35)
65.01: (-0.86, -0.51, -0.01)
65.11: (-0.67, -0.69, -0.27)
65.22: (-0.43, -0.81, -0.41)
65.32: (-0.26, -0.82, -0.51)
65.44: (-0.04, -0.82, -0.57)
65.54: (0.08, -0.82, -0.56)
65.66: (0.09, -0.82, -0.56)
65.77: (0.09, -0.82, -0.56)
65.89: (0.10, -0.78, -0.61)
65.99: (-0.01, -0.43, -0.90)
66.11: (-0.03, -0.27, -0.96)
66.22: (-0.03, -0.27, -0.96)
66.34: (-0.07, -0.30, -0.95)
66.46: (-0.11, -0.25, -0.96)
66.56: (-0.09, -0.07, -0.99)
66.67: (-0.03, 0.34, -0.94)
66.79: (-0.06, 0.55, -0.84)
66.89: (-0.31, 0.53, -0.79)
67.01: (-0.74, 0.35, -0.58)
67.11: (-0.85, 0.47, -0.23)
67.22: (-0.91, 0.39, -0.14)
67.34: (-0.92, 0.36, -0.14)
67.46: (-0.92, 0.36, -0.14)
67.57: (-0.92, 0.35, -0.14)
67.69: (-0.93, 0.35, -0.09)
67.81: (-0.94, 0.33, 0.01)
67.92: (-0.95, 0.26, 0.18)
68.04: (-0.83, 0.26, 0.50)
68.14: (-0.64, 0.36, 0.68)
68.26: (-0.71, 0.35, 0.61)
68.36: (-0.71, 0.35, 0.61)
68.47: (-0.66, 0.35, 0.66)
68.57: (-0.46, 0.54, 0.71)
68.69: (-0.23, 0.69, 0.69)
68.81: (-0.16, 0.71, 0.69)
68.92: (0.00, 0.80, 0.60)
69.04: (0.05, 0.82, 0.57)
69.11: (0.05, 0.82, 0.57)
69.11: (-0.80, -0.03, -0.60): 1
69.16: (0.06, 0.82, 0.57)
69.26: (0.06, 0.82, 0.57)
69.37: (0.07, 0.78, 0.62)
69.49: (0.07, 0.77, 0.63)
69.59: (0.07, 0.76, 0.64)
69.69: (0.07, 0.76, 0.64)
69.79: (0.06, 0.76, 0.64)
69.91: (0.06, 0.76, 0.64)
70.02: (0.05, 0.76, 0.65)
70.14: (0.02, 0.75, 0.66)
70.26: (0.00, 0.74, 0.67)
70.37: (-0.03, 0.74, 0.67)
70.47: (-0.02, 0.73, 0.68)
70.59: (0.00, 0.72, 0.69)
70.71: (0.00, 0.72, 0.69)
70.82: (0.00, 0.72, 0.69)
70.94: (-0.03, 0.70, 0.71)
71.04: (-0.04, 0.70, 0.72)
71.14: (-0.05, 0.69, 0.72)
71.26: (-0.07, 0.67, 0.74)
71.37: (-0.16, 0.66, 0.74)
71.49: (-0.35, 0.65, 0.68)
71.59: (-0.63, 0.49, 0.60)
71.71: (-0.95, -0.18, 0.26)
71.82: (-0.95, -0.28, 0.16)
71.94: (-0.66, -0.65, -0.37)
72.04: (-0.49, -0.69, -0.53)
72.16: (-0.49, -0.69, -0.53)
72.27: (-0.49, -0.69, -0.53)
72.39: (-0.48, -0.70, -0.54)
72.50: (-0.38, -0.74, -0.55)
72.62: (-0.09, -0.84, -0.54)
72.72: (0.13, -0.91, -0.39)
72.84: (0.15, -0.99, -0.01)
72.96: (0.16, -0.99, -0.01)
73.07: (0.16, -0.99, -0.01)
73.19: (0.16, -0.99, -0.01)
73.29: (0.30, -0.95, -0.01)
73.41: (0.81, -0.59, 0.04)
73.52: (1.00, 0.09, 0.04)
73.64: (0.98, 0.16, 0.15)
73.76: (0.86, -0.08, 0.50)
73.87: (0.66, -0.39, 0.65)
73.99: (0.61, -0.54, 0.59)
74.10: (0.61, -0.54, 0.59)
74.22: (0.61, -0.54, 0.59)
74.34: (0.61, -0.53, 0.59)
74.45: (0.61, -0.47, 0.64)
74.55: (0.62, -0.33, 0.71)
74.67: (0.27, 0.00, 0.96)
74.79: (0.19, 0.01, 0.98)
74.90: (0.20, 0.01, 0.98)
75.00: (0.20, 0.01, 0.98)
75.12: (0.20, 0.01, 0.98)
75.24: (0.18, 0.02, 0.98)
75.34: (0.04, 0.12, 0.99)
75.45: (-0.44, 0.37, 0.82)
75.57: (-0.82, 0.52, 0.26)
75.69: (-0.85, 0.51, -0.14)
75.80: (-0.72, 0.38, -0.59)
75.90: (-0.27, -0.01, -0.96)
76.02: (0.09, -0.22, -0.97)
76.14: (-0.22, -0.12, -0.97)
76.24: (-0.41, -0.09, -0.91)
76.35: (-0.64, -0.05, -0.77)
76.45: (-0.83, -0.19, -0.52)
76.57: (-0.83, -0.19, -0.53)
76.69: (-0.77, -0.17, -0.62)
76.80: (-0.76, -0.15, -0.63)
76.92: (-0.78, -0.14, -0.61)
76.95: (-0.78, -0.14, -0.61)
76.95: (-0.56, 0.28, -0.78): 2
77.04: (-0.78, -0.14, -0.61)
77.14: (-0.78, -0.14, -0.61)
77.25: (-0.78, -0.14, -0.61)
77.37: (-0.58, 0.16, -0.80)
77.49: (-0.62, 0.16, -0.77)
77.59: (-0.67, 0.10, -0.74)
77.70: (-0.67, 0.09, -0.73)
77.80: (-0.66, 0.10, -0.74)
77.92: (-0.58, 0.21, -0.78)
77.97: (-0.58, 0.21, -0.79)
77.97: (-0.78, 0.20, -0.60): 2
78.02: (-0.58, 0.21, -0.79)
78.14: (-0.58, 0.21, -0.78)
78.25: (-0.59, 0.21, -0.78)
78.37: (-0.62, 0.19, -0.76)
78.49: (-0.72, 0.20, -0.66)
78.60: (-0.79, 0.20, -0.58)
78.69: (-0.81, 0.21, -0.54)
78.69: (0.91, 0.40, 0.04): 1
78.70: (-0.81, 0.21, -0.54)
78.82: (-0.81, 0.21, -0.54)
78.94: (-0.81, 0.21, -0.55)
79.05: (-0.80, 0.22, -0.56)
79.17: (-0.78, 0.22, -0.59)
79.27: (-0.74, 0.20, -0.65)
79.39: (-0.47, 0.42, -0.78)
79.50: (0.14, 0.62, -0.77)
79.62: (0.56, 0.54, -0.63)
79.74: (0.80, 0.29, -0.52)
79.85: (0.88, 0.23, -0.41)
79.97: (0.88, 0.23, -0.41)
80.09: (0.88, 0.23, -0.41)
80.20: (0.87, 0.26, -0.42)
80.32: (0.89, 0.32, -0.32)
80.44: (0.95, 0.31, -0.06)
80.55: (0.95, 0.31, -0.06)
80.65: (0.92, 0.37, -0.10)
80.65: (0.64, 0.76, -0.07): 2
80.67: (0.92, 0.37, -0.10)
80.77: (0.92, 0.38, -0.10)
80.89: (0.93, 0.36, -0.06)
81.00: (0.90, 0.42, 0.08)
81.12: (0.75, 0.66, -0.03)
81.22: (0.72, 0.69, -0.03)
81.34: (0.73, 0.68, -0.03)
81.39: (0.73, 0.69, -0.04)
81.39: (-0.92, -0.38, 0.09): 0
81.45: (0.73, 0.69, -0.04)
81.57: (0.72, 0.69, -0.05)
81.67: (0.72, 0.69, -0.04)
81.77: (0.76, 0.64, 0.12)
81.87: (0.77, 0.47, 0.42)
81.99: (0.77, 0.47, 0.43)
82.10: (0.79, 0.47, 0.40)
82.20: (0.80, 0.45, 0.40)
82.30: (0.61, 0.18, 0.77)
82.42: (0.15, -0.19, 0.97)
82.54: (-0.32, -0.39, 0.87)
82.65: (-0.52, -0.45, 0.73)
82.75: (-0.50, -0.44, 0.74)
82.87: (-0.50, -0.44, 0.74)
82.99: (-0.50, -0.44, 0.74)
83.10: (-0.61, -0.51, 0.61)
83.20: (-0.73, -0.52, 0.44)
83.32: (-0.79, -0.48, 0.39)
83.44: (-0.86, -0.44, 0.26)
83.54: (-0.88, -0.44, 0.17)
83.64: (-0.89, -0.44, 0.12)
83.64: (0.02, 0.71, 0.71): 2
83.65: (-0.89, -0.44, 0.12)
83.77: (-0.89, -0.44, 0.12)
83.89: (-0.89, -0.44, 0.11)
84.00: (-0.90, -0.43, 0.06)
84.12: (-0.88, -0.39, -0.29)
84.24: (-0.87, -0.37, -0.33)
84.34: (-0.87, -0.37, -0.33)
84.45: (-0.88, -0.47, 0.07)
84.55: (-0.74, -0.53, 0.41)
84.67: (-0.57, -0.57, 0.59)
84.79: (-0.28, -0.62, 0.73)
84.90: (0.10, -0.49, 0.87)
85.00: (0.45, -0.29, 0.84)
85.12: (0.65, -0.10, 0.76)
85.22: (0.65, -0.10, 0.76)
85.32: (0.65, -0.10, 0.76)
85.44: (0.65, -0.10, 0.76)
85.55: (0.71, -0.07, 0.70)
85.67: (0.81, 0.01, 0.58)
85.79: (0.94, 0.33, 0.12)
85.90: (0.74, 0.57, -0.35)
86.00: (0.57, 0.62, -0.54)
86.12: (0.56, 0.66, -0.51)
86.22: (0.56, 0.66, -0.51)
86.34: (0.56, 0.66, -0.51)
86.45: (0.55, 0.66, -0.51)
86.57: (0.54, 0.55, -0.64)
86.69: (0.59, 0.30, -0.75)
86.79: (0.71, 0.03, -0.70)
86.89: (0.72, -0.20, -0.66)
87.00: (0.62, -0.41, -0.67)
87.12: (0.49, -0.61, -0.62)
87.24: (0.42, -0.67, -0.61)
87.35: (0.43, -0.66, -0.61)
87.47: (0.43, -0.66, -0.61)
87.59: (0.43, -0.66, -0.61)
87.69: (0.43, -0.66, -0.61)
87.80: (0.43, -0.67, -0.61)
87.92: (0.42, -0.71, -0.56)
88.02: (0.37, -0.77, -0.52)
88.14: (0.18, -0.93, -0.31)
88.25: (0.08, -0.99, -0.14)
88.37: (-0.20, -0.98, 0.07)
88.49: (-0.56, -0.80, 0.20)
88.60: (-0.70, -0.66, 0.28)
88.72: (-0.85, -0.34, 0.40)
88.84: (-0.85, 0.10, 0.51)
88.95: (-0.66, 0.51, 0.56)
89.05: (-0.43, 0.70, 0.57)
89.17: (-0.33, 0.75, 0.57)
89.29: (-0.26, 0.75, 0.60)
89.39: (-0.14, 0.73, 0.67)
89.50: (-0.05, 0.71, 0.70)
89.58: (-0.03, 0.71, 0.70)
89.58: (-0.95, -0.30, -0.12): 2
89.62: (-0.03, 0.71, 0.70)
89.73: (-0.03, 0.71, 0.71)
89.85: (-0.11, 0.67, 0.73)
89.97: (-0.14, 0.65, 0.74)
90.08: (-0.14, 0.65, 0.74)
90.18: (-0.14, 0.65, 0.74)
90.30: (-0.14, 0.65, 0.74)
90.40: (-0.12, 0.67, 0.73)
90.50: (-0.13, 0.73, 0.68)
90.62: (-0.32, 0.87, 0.38)
90.72: (-0.45, 0.89, -0.07)
90.82: (-0.45, 0.82, -0.36)
90.94: (-0.34, 0.68, -0.65)
91.05: (-0.15, 0.42, -0.90)
91.17: (-0.07, -0.14, -0.99)
91.27: (-0.14, 0.02, -0.99)
91.38: (-0.14, 0.02, -0.99)
91.50: (-0.14, 0.04, -0.99)
91.62: (-0.05, -0.30, -0.95)
91.73: (0.01, -0.86, -0.51)
91.83: (0.00, -0.95, 0.30)
91.95: (0.02, -0.80, 0.60)
92.07: (0.02, -0.80, 0.60)
92.17: (-0.01, -0.61, 0.79)
92.28: (-0.03, -0.16, 0.99)
92.40: (-0.04, -0.17, 0.98)
92.52: (-0.04, -0.17, 0.98)
92.63: (-0.04, -0.17, 0.98)
92.75: (-0.04, -0.17, 0.98)
92.85: (-0.04, -0.17, 0.98)
92.97: (-0.03, -0.14, 0.99)
93.08: (0.00, -0.16, 0.99)
93.20: (0.27, -0.40, 0.88)
93.30: (0.56, -0.57, 0.60)
93.42: (0.82, -0.46, 0.34)
93.53: (0.83, -0.46, 0.32)
93.63: (0.83, -0.46, 0.32)
93.73: (0.83, -0.46, 0.32)
93.85: (0.83, -0.46, 0.32)
93.97: (0.89, -0.43, 0.14)
94.07: (0.94, -0.30, -0.16)
94.18: (0.86, -0.10, -0.49)
94.30: (0.74, 0.03, -0.67)
94.42: (0.54, 0.18, -0.82)
94.53: (0.24, 0.27, -0.93)
94.63: (0.10, 0.29, -0.95)
94.75: (0.09, 0.29, -0.95)
94.85: (0.09, 0.29, -0.95)
94.97: (0.09, 0.29, -0.95)
95.08: (0.09, 0.29, -0.95)
95.20: (0.09, 0.29, -0.95)
95.32: (-0.20, 0.12, -0.97)
95.43: (-0.46, -0.05, -0.89)
95.53: (-0.58, -0.22, -0.78)
95.65: (-0.58, -0.22, -0.78)
95.77: (-0.58, -0.22, -0.78)
95.88: (-0.58, -0.22, -0.78)
96.00: (-0.58, -0.22, -0.78)
96.10: (-0.58, -0.22, -0.78)
96.22: (-0.70, -0.25, -0.67)
96.33: (-0.82, -0.30, -0.49)
96.45: (-0.85, -0.31, -0.42)
96.57: (-0.91, -0.29, -0.31)
96.68: (-0.95, -0.27, -0.15)
96.78: (-0.95, -0.29, -0.15)
96.85: (-0.95, -0.29, -0.15)
96.85: (-0.29, 0.56, 0.77): 2
96.88: (-0.95, -0.29, -0.15)
97.00: (-0.95, -0.29, -0.15)
97.10: (-0.95, -0.29, -0.15)
97.22: (-0.96, -0.28, -0.07)
97.33: (-0.96, -0.27, -0.05)
97.43: (-0.96, -0.27, -0.04)
97.55: (-0.96, -0.26, 0.00)
97.67: (-0.97, -0.26, 0.00)
97.77: (-0.97, -0.26, 0.00)
97.88: (-0.96, -0.26, 0.04)
98.00: (-0.96, -0.26, 0.04)
98.10: (-0.96, -0.27, 0.03)
98.22: (-0.96, -0.26, 0.03)
98.32: (-0.95, -0.20, 0.23)
98.43: (-0.87, -0.11, 0.48)
98.55: (-0.86, -0.16, 0.49)
98.65: (-0.86, -0.16, 0.49)
98.75: (-0.86, -0.16, 0.49)
98.87: (-0.86, -0.16, 0.49)
98.98: (-0.86, -0.16, 0.48)
99.08: (-0.83, -0.11, 0.54)
99.20: (-0.79, -0.05, 0.61)
99.32: (-0.53, 0.14, 0.83)
99.43: (-0.22, 0.24, 0.95)
99.53: (-0.16, 0.26, 0.95)
99.63: (-0.16, 0.30, 0.94)
99.75: (-0.25, 0.40, 0.88)
99.87: (-0.31, 0.43, 0.85)
99.98: (-0.33, 0.44, 0.83)
100.08: (-0.33, 0.47, 0.82)
100.08: (1.00, 0.00, -0.07): 0
100.10: (-0.33, 0.47, 0.82)
100.20: (-0.32, 0.47, 0.82)
100.32: (-0.32, 0.47, 0.82)
100.43: (-0.31, 0.46, 0.83)
100.53: (-0.19, 0.39, 0.90)
100.65: (0.22, 0.22, 0.95)
100.77: (0.27, 0.16, 0.95)
100.88: (0.27, 0.16, 0.95)
100.98: (0.27, 0.16, 0.95)
101.08: (0.27, 0.16, 0.95)
101.20: (0.32, 0.15, 0.93)
101.32: (0.51, 0.15, 0.84)
101.42: (0.85, 0.09, 0.51)
101.53: (0.93, 0.10, 0.36)
101.65: (0.98, 0.12, 0.13)
101.77: (0.99, 0.10, -0.13)
101.87: (0.99, 0.08, -0.11)
101.98: (1.00, 0.05, -0.07)
102.05: (1.00, 0.05, -0.07)
102.05: (-0.93, 0.26, 0.25): 1
102.08: (1.00, 0.05, -0.07)
102.20: (1.00, 0.04, -0.06)
102.32: (1.00, 0.04, -0.06)
102.43: (1.00, 0.04, -0.07)
102.55: (1.00, 0.03, -0.07)
102.67: (0.99, 0.09, -0.05)
102.77: (0.96, 0.29, 0.03)
102.88: (0.93, 0.36, 0.10)
102.98: (0.93, 0.33, 0.15)
103.10: (0.93, 0.33, 0.15)
103.20: (0.93, 0.33, 0.15)
103.30: (0.94, 0.29, 0.15)
103.42: (0.91, 0.40, 0.12)
103.52: (0.87, 0.49, 0.09)
103.63: (0.75, 0.66, 0.05)
103.73: (0.68, 0.73, -0.04)
103.85: (0.52, 0.84, -0.19)
103.97: (0.31, 0.91, -0.29)
104.08: (0.17, 0.94, -0.29)
104.20: (0.05, 0.96, -0.28)
104.32: (-0.05, 0.95, -0.30)
104.42: (-0.16, 0.94, -0.30)
104.53: (-0.47, 0.84, -0.26)
104.65: (-0.63, 0.76, -0.16)
104.77: (-0.64, 0.75, -0.13)
104.88: (-0.70, 0.71, -0.07)
105.00: (-0.81, 0.58, 0.06)
105.11: (-0.83, 0.54, 0.12)
105.22: (-0.86, 0.47, 0.19)
105.33: (-0.89, 0.40, 0.20)
105.45: (-0.94, 0.26, 0.22)
105.56: (-0.96, 0.18, 0.21)
105.56: (0.17, -0.61, -0.78): 0
105.56: (-0.96, 0.18, 0.21)
105.68: (-0.96, 0.18, 0.21)
105.78: (-0.96, 0.18, 0.21)
105.90: (-0.96, 0.18, 0.20)
106.01: (-0.94, 0.27, 0.20)
106.12: (-0.94, 0.29, 0.20)
106.23: (-0.94, 0.29, 0.20)
106.33: (-0.94, 0.29, 0.20)
106.45: (-0.94, 0.29, 0.20)
106.56: (-0.94, 0.26, 0.23)
106.68: (-0.95, 0.27, 0.17)
106.78: (-0.91, 0.35, -0.22)
106.90: (-0.66, 0.45, -0.61)
107.01: (-0.40, 0.42, -0.82)
107.13: (-0.38, 0.41, -0.83)
107.25: (-0.38, 0.41, -0.83)
107.35: (-0.37, 0.41, -0.83)
107.46: (-0.38, 0.40, -0.83)
107.58: (-0.38, 0.40, -0.83)
107.70: (-0.38, 0.40, -0.84)
107.80: (-0.38, 0.40, -0.84)
107.91: (-0.27, 0.35, -0.90)
108.03: (0.18, 0.13, -0.97)
108.13: (0.23, 0.10, -0.97)
108.25: (0.23, 0.10, -0.97)
108.35: (0.23, 0.10, -0.97)
108.46: (0.23, 0.10, -0.97)
108.58: (0.22, 0.10, -0.97)
108.70: (0.27, 0.06, -0.96)
108.81: (0.43, -0.07, -0.90)
108.91: (0.74, -0.24, -0.63)
109.03: (0.88, -0.29, -0.39)
109.15: (0.86, -0.29, -0.42)
109.26: (0.62, -0.42, -0.66)
109.36: (0.56, -0.47, -0.69)
109.48: (0.51, -0.50, -0.70)
109.60: (0.38, -0.56, -0.74)
109.71: (0.32, -0.58, -0.75)
109.83: (0.25, -0.62, -0.74)
109.93: (0.22, -0.63, -0.74)
109.95: (0.22, -0.63, -0.74)
109.95: (-0.96, 0.08, -0.28): 0
110.05: (0.22, -0.64, -0.74)
110.15: (0.22, -0.63, -0.75)
110.26: (0.22, -0.63, -0.75)
110.36: (0.22, -0.63, -0.75)
110.48: (0.21, -0.63, -0.75)
110.58: (0.21, -0.63, -0.75)
110.68: (0.20, -0.58, -0.79)
110.80: (0.20, -0.58, -0.79)
110.91: (0.20, -0.58, -0.79)
111.01: (0.20, -0.58, -0.79)
111.11: (0.20, -0.58, -0.79)
111.21: (0.17, -0.60, -0.78)
111.33: (0.03, -0.60, -0.80)
111.45: (-0.28, -0.57, -0.77)
111.56: (-0.56, -0.48, -0.67)
111.68: (-0.81, -0.30, -0.51)
111.80: (-0.80, -0.30, -0.53)
111.91: (-0.80, -0.30, -0.53)
112.03: (-0.85, -0.25, -0.46)
112.15: (-0.91, -0.12, -0.40)
112.26: (-0.94, 0.04, -0.33)
112.36: (-0.94, 0.04, -0.33)
112.40: (-0.94, 0.04, -0.33)
112.40: (0.87, -0.31, 0.38): 0
112.48: (-0.94, 0.04, -0.33)
112.60: (-0.94, 0.03, -0.33)
112.71: (-0.94, 0.03, -0.34)
112.83: (-0.94, 0.02, -0.34)
112.95: (-0.94, 0.04, -0.34)
113.06: (-0.94, 0.04, -0.33)
113.16: (-0.94, 0.04, -0.33)
113.28: (-0.94, 0.04, -0.33)
113.38: (-0.95, 0.01, -0.32)
113.50: (-0.96, 0.05, -0.28)
113.61: (-0.91, 0.40, 0.08)
113.71: (-0.78, 0.53, 0.34)
113.81: (-0.79, 0.53, 0.30)
113.93: (-0.79, 0.53, 0.30)
114.05: (-0.79, 0.54, 0.30)
114.16: (-0.74, 0.50, 0.46)
114.26: (-0.53, 0.49, 0.69)
114.38: (-0.27, 0.42, 0.87)
114.50: (-0.31, 0.47, 0.83)
114.61: (-0.31, 0.47, 0.83)
114.73: (-0.31, 0.47, 0.83)
114.83: (-0.28, 0.45, 0.85)
114.95: (-0.21, 0.37, 0.91)
115.06: (0.14, 0.17, 0.97)
115.16: (0.38, 0.05, 0.92)
115.28: (0.53, -0.16, 0.83)
115.40: (0.57, -0.51, 0.64)
115.51: (0.74, -0.53, 0.42)
115.61: (0.76, -0.46, 0.45)
115.73: (0.82, -0.35, 0.45)
115.83: (0.87, -0.31, 0.39)
115.83: (-0.99, -0.06, 0.11): 2
115.85: (0.87, -0.31, 0.39)
115.95: (0.87, -0.30, 0.39)
116.06: (0.88, -0.27, 0.40)
116.18: (0.88, -0.27, 0.40)
116.28: (0.88, -0.27, 0.40)
116.40: (0.88, -0.27, 0.40)
116.50: (0.88, -0.27, 0.40)
116.61: (0.90, -0.29, 0.33)
116.73: (0.95, -0.26, 0.16)
116.83: (0.97, -0.22, -0.04)
116.95: (0.88, -0.05, -0.48)
117.06: (0.81, 0.00, -0.58)
117.18: (0.81, 0.00, -0.58)
117.28: (0.81, 0.00, -0.58)
117.40: (0.81, 0.00, -0.58)
117.51: (0.81, 0.00, -0.58)
117.61: (0.81, 0.00, -0.58)
117.73: (0.81, 0.00, -0.59)
117.83: (0.81, 0.00, -0.59)
117.95: (0.80, 0.00, -0.59)
118.06: (0.71, 0.01, -0.70)
118.18: (0.42, 0.15, -0.90)
118.28: (0.32, 0.27, -0.91)
118.38: (0.32, 0.27, -0.91)
118.50: (0.32, 0.27, -0.91)
118.61: (0.32, 0.27, -0.91)
118.73: (0.30, 0.27, -0.92)
118.85: (0.20, 0.24, -0.95)
118.96: (-0.03, 0.18, -0.98)
119.06: (-0.27, 0.11, -0.96)
119.18: (-0.52, 0.14, -0.84)
119.30: (-0.68, 0.21, -0.70)
119.40: (-0.80, 0.33, -0.51)
119.51: (-0.75, 0.38, -0.54)
119.63: (-0.75, 0.38, -0.54)
119.73: (-0.75, 0.38, -0.54)
119.85: (-0.82, 0.31, -0.49)
119.95: (-0.94, 0.18, -0.30)
120.06: (-0.98, 0.07, -0.17)
120.18: (-0.98, 0.07, -0.17)
120.30: (-1.00, 0.06, -0.08)
120.40: (-1.00, 0.04, -0.01)
120.51: (-1.00, 0.04, -0.01)
120.51: (0.87, 0.41, 0.28): 2
120.51: (-1.00, 0.04, -0.01)
120.61: (-1.00, 0.03, -0.01)
120.73: (-1.00, 0.04, -0.01)
120.83: (-1.00, 0.04, -0.01)
120.95: (-1.00, 0.02, -0.02)
121.06: (-1.00, 0.01, -0.06)
121.18: (-0.99, 0.02, -0.14)
121.28: (-0.99, 0.02, -0.15)
121.40: (-0.98, 0.03, -0.19)
121.51: (-0.92, -0.01, -0.39)
121.61: (-0.90, 0.02, -0.43)
121.73: (-0.90, 0.02, -0.43)
121.85: (-0.90, 0.02, -0.43)
121.96: (-0.93, 0.01, -0.36)
122.08: (-0.98, -0.01, -0.18)
122.19: (-1.00, -0.02, 0.05)
122.29: (-0.93, 0.01, 0.37)
122.41: (-0.79, -0.05, 0.61)
122.53: (-0.69, -0.30, 0.65)
122.64: (-0.72, -0.56, 0.40)
122.74: (-0.65, -0.75, 0.13)
122.84: (-0.60, -0.80, 0.09)
122.96: (-0.53, -0.83, 0.18)
123.06: (-0.31, -0.71, 0.63)
123.18: (-0.28, -0.61, 0.74)
123.29: (-0.28, -0.61, 0.74)
123.41: (-0.28, -0.61, 0.74)
123.51: (-0.28, -0.61, 0.74)
123.63: (-0.28, -0.61, 0.74)
123.74: (-0.19, -0.66, 0.73)
123.86: (0.02, -0.73, 0.69)
123.98: (0.28, -0.72, 0.64)
124.09: (0.48, -0.69, 0.54)
124.19: (0.72, -0.56, 0.41)
124.31: (0.79, -0.49, 0.38)
124.41: (0.82, -0.43, 0.38)
124.53: (0.90, -0.10, 0.43)
124.64: (0.87, 0.04, 0.50)
124.74: (0.87, 0.04, 0.50)
124.86: (0.87, 0.06, 0.48)
124.96: (0.89, 0.20, 0.42)
125.08: (0.86, 0.35, 0.36)
125.19: (0.86, 0.39, 0.34)
125.29: (0.84, 0.46, 0.29)
125.33: (0.84, 0.46, 0.29)
125.33: (-0.99, 0.04, -0.10): 2
125.41: (0.84, 0.45, 0.29)
125.53: (0.84, 0.45, 0.29)
125.64: (0.92, 0.25, 0.29)
125.74: (0.95, -0.09, 0.31)
125.86: (0.95, -0.09, 0.31)
125.98: (0.95, -0.09, 0.31)
126.08: (0.95, -0.09, 0.31)
126.19: (0.96, -0.07, 0.26)
126.31: (0.97, -0.06, 0.24)
126.41: (0.97, -0.06, 0.24)
126.53: (0.97, -0.06, 0.24)
126.64: (0.97, -0.06, 0.23)
126.76: (0.97, -0.06, 0.23)
126.88: (0.97, -0.05, 0.23)
126.99: (0.98, -0.04, 0.20)
127.09: (0.98, 0.04, 0.17)
127.19: (0.94, 0.32, 0.12)
127.31: (0.71, 0.70, 0.05)
127.43: (0.32, 0.95, 0.03)
127.54: (0.32, 0.94, 0.11)
127.66: (0.32, 0.94, 0.11)
127.78: (0.32, 0.94, 0.11)
127.88: (0.32, 0.94, 0.11)
127.98: (0.32, 0.94, 0.10)
128.09: (0.25, 0.97, 0.03)
128.21: (0.03, 1.00, -0.08)
128.33: (-0.28, 0.93, -0.25)
128.44: (-0.52, 0.66, -0.55)
128.54: (-0.55, 0.46, -0.70)
128.66: (-0.56, 0.45, -0.70)
128.78: (-0.63, 0.38, -0.68)
128.88: (-0.85, 0.18, -0.49)
128.99: (-0.94, 0.12, -0.31)
129.11: (-0.97, 0.09, -0.25)
129.23: (-0.98, 0.05, -0.17)
129.33: (-0.99, 0.03, -0.14)
129.39: (-0.99, 0.03, -0.14)
129.39: (-1.00, -0.01, -0.05): 1
129.44: (-0.99, 0.03, -0.14)
129.56: (-0.99, 0.03, -0.15)
129.68: (-0.99, 0.03, -0.15)
129.78: (-0.99, 0.03, -0.15)
129.89: (-0.99, 0.02, -0.15)
130.01: (-0.99, 0.01, -0.13)
130.11: (-1.00, -0.01, -0.08)
130.23: (-1.00, -0.02, -0.06)
130.33: (-1.00, -0.02, -0.06)
130.33: (-0.72, 0.66, 0.23): 2
130.34: (-1.00, -0.02, -0.06)
130.44: (-1.00, -0.02, -0.07)
130.56: (-1.00, -0.02, -0.07)
130.66: (-1.00, -0.02, -0.07)
130.78: (-1.00, -0.01, -0.07)
130.89: (-0.99, 0.08, -0.10)
131.01: (-0.99, 0.08, -0.10)
131.13: (-0.99, 0.08, -0.10)
131.24: (-0.99, 0.08, -0.10)
131.36: (-0.99, 0.02, -0.12)
131.48: (-0.99, 0.01, -0.11)
131.59: (-0.99, 0.01, -0.11)
131.69: (-0.99, 0.01, -0.11)
131.81: (-0.99, 0.01, -0.11)
131.93: (-0.99, 0.01, -0.11)
132.04: (-0.99, 0.01, -0.11)
132.16: (-0.99, -0.05, -0.13)
132.28: (-0.89, -0.46, -0.05)
132.39: (-0.63, -0.76, 0.18)
132.49: (-0.42, -0.82, 0.38)
132.61: (-0.42, -0.82, 0.38)
132.73: (-0.42, -0.82, 0.38)
132.83: (-0.42, -0.82, 0.38)
132.93: (-0.38, -0.84, 0.38)
133.04: (-0.19, -0.84, 0.52)
133.16: (0.19, -0.73, 0.66)
133.26: (0.46, -0.53, 0.71)
133.38: (0.68, -0.32, 0.65)
133.49: (0.83, -0.05, 0.56)
133.61: (0.89, 0.35, 0.29)
133.71: (0.90, 0.39, 0.19)
133.83: (0.89, 0.42, 0.15)
133.94: (0.86, 0.49, -0.09)
134.04: (0.87, 0.48, -0.07)
134.16: (0.87, 0.48, -0.07)
134.26: (0.87, 0.48, -0.07)
134.38: (0.87, 0.48, -0.07)
134.49: (0.88, 0.45, -0.14)
134.61: (0.85, 0.41, -0.32)
134.71: (0.73, 0.24, -0.64)
134.83: (0.47, -0.01, -0.88)
134.93: (0.34, -0.07, -0.94)
135.04: (-0.06, 0.04, -1.00)
135.16: (-0.47, 0.25, -0.85)
135.28: (-0.47, 0.25, -0.85)
135.38: (-0.47, 0.25, -0.85)
135.49: (-0.47, 0.25, -0.85)
135.59: (-0.54, 0.24, -0.81)
135.71: (-0.68, 0.24, -0.70)
135.83: (-0.83, 0.27, -0.48)
135.94: (-0.97, 0.24, 0.01)
136.04: (-0.95, 0.19, 0.26)
136.14: (-0.91, 0.31, 0.26)
136.26: (-0.80, 0.53, 0.27)
136.38: (-0.73, 0.61, 0.30)
136.48: (-0.73, 0.61, 0.30)
136.48: (-0.22, 0.83, -0.52): 1
136.48: (-0.73, 0.61, 0.30)
136.59: (-0.74, 0.60, 0.30)
136.71: (-0.74, 0.60, 0.30)
136.81: (-0.74, 0.60, 0.30)
136.93: (-0.75, 0.60, 0.29)
137.04: (-0.88, 0.47, -0.07)
137.16: (-0.85, 0.24, -0.47)
137.28: (-0.93, 0.18, -0.32)
137.39: (-0.99, 0.16, 0.04)
137.51: (-0.97, 0.23, 0.12)
137.63: (-0.97, 0.23, 0.12)
137.73: (-0.97, 0.23, 0.12)
137.84: (-0.97, 0.22, 0.13)
137.96: (-0.97, 0.20, 0.15)
138.07: (-0.97, 0.18, 0.17)
138.19: (-0.97, 0.16, 0.19)
138.29: (-0.97, 0.16, 0.20)
138.39: (-0.97, 0.15, 0.20)
138.51: (-0.96, 0.16, 0.21)
138.61: (-0.96, 0.14, 0.23)
138.72: (-0.96, 0.13, 0.25)
138.84: (-0.95, 0.11, 0.28)
138.94: (-0.95, 0.11, 0.29)
139.06: (-0.95, 0.11, 0.30)
139.17: (-0.94, 0.10, 0.32)
139.29: (-0.91, 0.09, 0.40)
139.39: (-0.79, 0.02, 0.61)
139.51: (-0.52, -0.10, 0.85)
139.61: (-0.13, -0.26, 0.96)
139.71: (0.10, -0.43, 0.90)
139.82: (0.42, -0.39, 0.82)
139.94: (0.81, -0.29, 0.50)
140.04: (0.86, -0.22, 0.47)
140.16: (0.86, -0.22, 0.47)
140.27: (0.86, -0.22, 0.47)
140.39: (0.86, -0.21, 0.47)
140.51: (0.88, -0.22, 0.43)
140.62: (0.91, -0.22, 0.36)
140.72: (0.97, -0.19, 0.12)
140.82: (0.96, -0.05, -0.28)
140.94: (0.69, 0.24, -0.68)
141.06: (0.32, 0.47, -0.82)
141.17: (0.42, 0.50, -0.76)
141.29: (0.42, 0.50, -0.76)
141.39: (0.42, 0.50, -0.76)
141.51: (0.16, 0.67, -0.73)
141.62: (-0.07, 0.79, -0.61)
141.72: (-0.11, 0.81, -0.58)
141.82: (-0.13, 0.83, -0.55)
141.94: (-0.17, 0.85, -0.51)
142.01: (-0.17, 0.85, -0.51)
142.01: (-1.00, 0.02, 0.00): 0
142.04: (-0.16, 0.84, -0.51)
142.16: (-0.14, 0.84, -0.53)
142.27: (-0.09, 0.79, -0.60)
142.39: (0.31, 0.45, -0.84)
142.51: (0.48, 0.27, -0.84)
142.62: (0.39, 0.30, -0.87)
142.74: (0.03, 0.38, -0.92)
142.84: (-0.42, 0.47, -0.78)
142.96: (-0.87, 0.42, -0.26)
143.07: (-0.94, 0.26, 0.20)
143.19: (-0.92, 0.18, 0.35)
143.31: (-0.95, 0.32, 0.03)
143.42: (-0.96, 0.28, 0.00)
143.54: (-0.98, 0.18, 0.00)
143.64: (-1.00, 0.10, -0.02)
143.71: (-1.00, 0.09, -0.02)
143.71: (-0.66, -0.71, -0.25): 0
143.76: (-1.00, 0.09, -0.02)
143.87: (-1.00, 0.09, -0.01)
143.99: (-0.99, 0.16, -0.05)
144.11: (-0.99, 0.16, -0.05)
144.22: (-0.99, 0.16, -0.05)
144.32: (-0.99, 0.16, -0.05)
144.44: (-0.99, 0.15, -0.03)
144.56: (-1.00, 0.06, 0.02)
144.67: (-1.00, -0.01, 0.05)
144.79: (-0.98, -0.18, 0.08)
144.89: (-0.95, -0.29, 0.12)
145.01: (-0.92, -0.35, 0.18)
145.12: (-0.86, -0.51, 0.10)
145.22: (-0.73, -0.68, -0.07)
145.34: (-0.71, -0.70, -0.10)
145.46: (-0.71, -0.70, -0.10)
145.57: (-0.64, -0.74, -0.20)
145.66: (-0.65, -0.74, -0.19)
145.66: (1.00, 0.00, 0.00): 1
145.69: (-0.65, -0.74, -0.19)
145.81: (-0.65, -0.73, -0.20)
145.91: (-0.65, -0.73, -0.20)
146.02: (-0.65, -0.73, -0.20)
146.12: (-0.65, -0.73, -0.20)
146.24: (-0.65, -0.73, -0.20)
146.36: (-0.59, -0.79, -0.16)
146.47: (-0.38, -0.92, -0.01)
146.57: (-0.29, -0.95, 0.06)
146.69: (-0.29, -0.95, 0.07)
146.81: (-0.28, -0.95, 0.09)
146.92: (-0.28, -0.95, 0.09)
147.02: (-0.27, -0.96, 0.09)
147.14: (-0.27, -0.96, 0.09)
147.24: (-0.28, -0.96, 0.09)
147.34: (-0.27, -0.96, 0.08)
147.46: (-0.22, -0.94, 0.24)
147.57: (-0.25, -0.81, 0.53)
147.67: (-0.25, -0.81, 0.53)
147.79: (-0.25, -0.81, 0.53)
147.91: (-0.25, -0.81, 0.53)
148.02: (-0.19, -0.83, 0.53)
148.14: (-0.18, -0.83, 0.53)
148.26: (-0.03, -0.83, 0.56)
148.36: (0.18, -0.62, 0.76)
148.46: (0.27, -0.34, 0.90)
148.57: (0.33, -0.05, 0.94)
148.69: (0.58, 0.08, 0.81)
148.81: (0.72, 0.43, 0.54)
148.92: (0.61, 0.74, 0.29)
149.02: (0.61, 0.74, 0.29)
149.14: (0.61, 0.74, 0.29)
149.24: (0.61, 0.74, 0.29)
149.34: (0.65, 0.72, 0.25)
149.46: (0.90, 0.40, 0.18)
149.57: (0.98, 0.19, 0.09)
149.69: (0.99, 0.15, 0.06)
149.79: (0.99, 0.15, 0.05)
149.91: (1.00, 0.06, 0.01)
149.97: (1.00, 0.02, 0.00)
149.97: (-0.89, -0.13, 0.43): 1
150.02: (1.00, 0.02, 0.00)
150.14: (1.00, 0.01, 0.00)
150.24: (1.00, 0.01, 0.01)
150.36: (0.99, -0.14, 0.05)
150.46: (0.93, -0.36, 0.09)
150.56: (0.92, -0.40, -0.01)
150.67: (0.83, -0.33, -0.45)
150.79: (0.64, 0.04, -0.77)
150.91: (0.49, 0.26, -0.83)
151.02: (0.43, 0.21, -0.88)
151.12: (0.48, 0.24, -0.84)
151.24: (0.48, 0.24, -0.84)
151.34: (0.48, 0.24, -0.84)
151.46: (0.48, 0.24, -0.85)
151.57: (0.41, 0.18, -0.89)
151.69: (0.12, -0.10, -0.99)
151.79: (-0.18, -0.24, -0.95)
151.91: (-0.42, -0.31, -0.85)
152.02: (-0.69, -0.33, -0.65)
152.14: (-0.86, -0.45, -0.25)
152.26: (-0.82, -0.55, -0.19)
152.36: (-0.82, -0.55, -0.19)
152.46: (-0.82, -0.55, -0.19)
152.57: (-0.82, -0.55, -0.19)
152.69: (-0.79, -0.58, -0.20)
152.81: (-0.85, -0.51, 0.10)
152.92: (-0.84, -0.26, 0.49)
153.04: (-0.64, 0.08, 0.76)
153.16: (-0.67, 0.21, 0.71)
153.27: (-0.81, 0.11, 0.58)
153.37: (-0.88, 0.02, 0.47)
153.49: (-0.92, -0.03, 0.39)
153.57: (-0.92, -0.03, 0.39)
153.57: (-0.47, -0.26, -0.84): 1
153.61: (-0.92, -0.03, 0.39)
153.72: (-0.93, -0.03, 0.37)
153.84: (-0.92, -0.02, 0.38)
153.95: (-0.85, 0.06, 0.53)
154.06: (-0.68, 0.28, 0.68)
154.17: (-0.56, 0.61, 0.56)
154.29: (-0.39, 0.90, 0.19)
154.40: (-0.42, 0.90, 0.13)
154.52: (-0.42, 0.90, 0.13)
154.64: (-0.42, 0.90, 0.13)
154.74: (-0.41, 0.90, 0.14)
154.86: (-0.20, 0.95, 0.25)
154.97: (0.24, 0.84, 0.49)
155.09: (0.52, 0.65, 0.55)
155.20: (0.73, 0.44, 0.53)
155.32: (0.87, 0.20, 0.46)
155.42: (0.85, 0.30, 0.44)
155.54: (0.85, 0.30, 0.44)
155.65: (0.85, 0.30, 0.44)
155.77: (0.85, 0.30, 0.44)
155.89: (0.87, 0.26, 0.42)
156.00: (0.90, 0.10, 0.42)
156.12: (0.83, -0.43, 0.36)
156.24: (0.58, -0.78, 0.24)
156.34: (0.53, -0.84, 0.14)
156.44: (0.59, -0.80, -0.01)
156.55: (0.74, -0.63, -0.26)
156.65: (0.71, -0.62, -0.32)
156.77: (0.71, -0.63, -0.33)
156.89: (0.71, -0.63, -0.33)
156.99: (0.71, -0.63, -0.33)
157.10: (0.39, -0.80, -0.45)
157.20: (0.00, -0.84, -0.55)
157.32: (0.00, -0.84, -0.55)
157.44: (0.00, -0.84, -0.55)
157.55: (0.00, -0.84, -0.55)
157.67: (0.00, -0.84, -0.55)
157.79: (-0.32, -0.84, -0.43)
157.89: (-0.74, -0.64, -0.18)
158.00: (-0.94, -0.35, 0.02)
158.12: (-0.99, -0.13, 0.05)
158.24: (-0.95, -0.21, -0.24)
158.34: (-0.84, -0.27, -0.46)
158.45: (-0.70, -0.31, -0.64)
158.57: (-0.71, -0.25, -0.66)
158.69: (-0.56, -0.27, -0.78)
158.79: (-0.53, -0.28, -0.80)
158.90: (-0.53, -0.27, -0.80)
158.90: (-0.97, 0.05, 0.24): 0
158.90: (-0.53, -0.27, -0.80)
159.02: (-0.52, -0.27, -0.81)
159.14: (-0.55, -0.30, -0.78)
159.25: (-0.55, -0.30, -0.78)
159.37: (-0.55, -0.30, -0.78)
159.47: (-0.55, -0.30, -0.78)
159.59: (-0.55, -0.30, -0.78)
159.70: (-0.55, -0.30, -0.78)
159.82: (-0.55, -0.30, -0.78)
159.94: (-0.55, -0.30, -0.78)
160.04: (-0.55, -0.30, -0.78)
160.15: (-0.54, -0.28, -0.80)
160.27: (-0.53, -0.28, -0.80)
160.39: (-0.55, -0.26, -0.80)
160.49: (-0.57, -0.23, -0.79)
160.60: (-0.69, -0.06, -0.72)
160.70: (-0.81, 0.04, -0.59)
160.82: (-0.81, 0.07, -0.58)
160.94: (-0.81, 0.07, -0.58)
161.05: (-0.86, 0.10, -0.50)
161.17: (-0.99, 0.13, -0.11)
161.29: (-0.99, 0.10, -0.13)
161.40: (-0.99, 0.04, -0.14)
161.52: (-1.00, 0.05, -0.02)
161.62: (-1.00, 0.04, 0.01)
161.74: (-0.99, 0.08, 0.07)
161.85: (-0.99, 0.09, 0.15)
161.90: (-0.98, 0.09, 0.15)
161.90: (-0.16, 0.93, -0.32): 0
161.95: (-0.98, 0.09, 0.15)
162.07: (-0.98, 0.08, 0.18)
162.19: (-0.98, 0.07, 0.19)
162.29: (-0.98, 0.07, 0.19)
162.40: (-0.98, 0.06, 0.18)
162.52: (-0.98, 0.06, 0.17)
162.64: (-0.99, 0.05, 0.15)
162.75: (-0.99, 0.02, 0.13)
162.87: (-0.99, 0.00, 0.12)
162.97: (-0.99, -0.01, 0.11)
163.09: (-0.99, 0.00, 0.11)
163.20: (-1.00, -0.01, 0.10)
163.32: (-1.00, 0.00, 0.10)
163.44: (-1.00, 0.00, 0.09)
163.54: (-1.00, 0.00, 0.09)
163.65: (-1.00, -0.01, 0.09)
163.77: (-1.00, -0.01, 0.09)
163.89: (-1.00, -0.01, 0.09)
163.99: (-1.00, -0.01, 0.09)
164.10: (-1.00, -0.01, 0.09)
164.22: (-1.00, 0.01, 0.09)
164.34: (-1.00, 0.01, 0.09)
164.44: (-1.00, 0.02, 0.09)
164.55: (-0.92, 0.21, 0.34)
164.67: (-0.78, 0.42, 0.46)
164.79: (-0.61, 0.79, 0.12)
164.90: (-0.37, 0.89, 0.25)
165.00: (-0.38, 0.88, 0.28)
165.12: (-0.38, 0.88, 0.28)
165.24: (-0.38, 0.88, 0.28)
165.35: (-0.31, 0.93, 0.20)
165.45: (-0.24, 0.97, -0.01)
165.57: (-0.21, 0.96, -0.19)
165.69: (-0.21, 0.96, -0.19)
165.80: (-0.18, 0.95, -0.24)
165.90: (-0.16, 0.95, -0.27)
165.90: (0.19, 0.88, -0.43): 0
165.92: (-0.16, 0.95, -0.27)
166.04: (-0.16, 0.95, -0.27)
166.14: (-0.17, 0.96, -0.23)
166.24: (-0.20, 0.97, -0.15)
166.35: (-0.20, 0.97, -0.15)
166.47: (-0.02, 0.97, -0.22)
166.57: (0.19, 0.94, -0.28)
166.69: (0.20, 0.94, -0.29)
166.79: (0.19, 0.94, -0.30)
166.84: (0.19, 0.94, -0.30)
166.84: (-0.93, -0.22, -0.28): 2
166.90: (0.19, 0.94, -0.30)
167.02: (0.18, 0.94, -0.30)
167.14: (0.20, 0.93, -0.30)
167.25: (0.29, 0.90, -0.32)
167.35: (0.53, 0.84, -0.10)
167.47: (0.82, 0.55, 0.15)
167.57: (0.92, 0.37, 0.11)
167.69: (0.98, 0.07, 0.20)
167.80: (0.95, -0.25, 0.21)
167.90: (0.95, -0.24, 0.21)
168.02: (0.95, -0.24, 0.21)
168.12: (0.95, -0.24, 0.21)
168.24: (0.93, -0.30, 0.20)
168.35: (0.91, -0.37, 0.19)
168.45: (0.84, -0.54, 0.07)
168.57: (0.61, -0.68, -0.40)
168.69: (0.27, -0.64, -0.72)
168.80: (0.02, -0.39, -0.92)
168.92: (-0.08, 0.08, -0.99)
169.02: (-0.08, 0.45, -0.89)
169.14: (-0.08, 0.56, -0.83)
169.25: (-0.11, 0.88, -0.45)
169.37: (-0.08, 0.91, -0.41)
169.49: (-0.08, 0.91, -0.41)
169.60: (-0.08, 0.91, -0.41)
169.72: (-0.13, 0.91, -0.39)
169.84: (-0.22, 0.93, -0.31)
169.95: (-0.46, 0.88, 0.09)
170.07: (-0.63, 0.57, 0.53)
170.18: (-0.60, 0.16, 0.79)
170.30: (-0.55, -0.03, 0.84)
170.40: (-0.54, -0.03, 0.84)
170.52: (-0.54, -0.03, 0.84)
170.63: (-0.65, -0.11, 0.75)
170.73: (-0.95, -0.31, -0.01)
170.85: (-0.90, -0.30, -0.32)
170.97: (-0.84, -0.31, -0.45)
171.08: (-0.84, -0.30, -0.45)
171.18: (-0.89, -0.27, -0.37)
171.29: (-0.91, -0.25, -0.32)
171.32: (-0.91, -0.25, -0.32)
171.32: (0.50, -0.46, -0.73): 2
171.40: (-0.92, -0.25, -0.31)
171.52: (-0.92, -0.23, -0.32)
171.63: (-0.93, -0.19, -0.32)
171.73: (-0.93, -0.19, -0.32)
171.85: (-0.93, -0.19, -0.32)
171.95: (-0.93, -0.16, -0.32)
172.05: (-0.93, -0.16, -0.32)
172.17: (-0.93, -0.17, -0.33)
172.28: (-0.92, -0.19, -0.34)
172.40: (-0.91, -0.18, -0.37)
172.52: (-0.88, -0.22, -0.42)
172.62: (-0.71, -0.34, -0.61)
172.73: (-0.30, -0.48, -0.83)
172.83: (0.01, -0.49, -0.87)
172.95: (0.19, -0.54, -0.82)
173.05: (0.37, -0.66, -0.66)
173.17: (0.54, -0.57, -0.62)
173.28: (0.54, -0.56, -0.63)
173.40: (0.56, -0.54, -0.63)
173.52: (0.58, -0.48, -0.66)
173.55: (0.58, -0.48, -0.66)
173.55: (1.00, 0.00, 0.00): 0
173.62: (0.58, -0.48, -0.66)
173.72: (0.58, -0.48, -0.66)
173.83: (0.57, -0.48, -0.67)
173.93: (0.39, -0.47, -0.79)
174.05: (0.39, -0.47, -0.79)
174.15: (0.39, -0.47, -0.79)
174.27: (0.40, -0.48, -0.78)
174.38: (0.48, -0.52, -0.70)
174.50: (0.68, -0.41, -0.61)
174.60: (0.89, -0.22, -0.41)
174.72: (1.00, 0.03, -0.02)
174.83: (0.94, 0.17, 0.29)
174.95: (0.94, 0.16, 0.30)
175.07: (0.97, 0.12, 0.19)
175.18: (1.00, 0.04, 0.07)
175.30: (1.00, -0.06, 0.01)
175.40: (1.00, -0.09, 0.00)
175.50: (1.00, -0.09, 0.00)
175.57: (1.00, -0.09, 0.00)
175.57: (-0.42, 0.81, 0.41): 0
175.62: (1.00, -0.09, 0.00)
175.73: (1.00, -0.08, 0.00)
175.85: (1.00, 0.02, 0.01)
175.95: (0.93, 0.37, 0.00)
176.07: (0.74, 0.67, 0.08)
176.17: (0.49, 0.85, 0.20)
176.28: (0.23, 0.94, 0.25)
176.40: (-0.19, 0.88, 0.42)
176.52: (-0.27, 0.85, 0.45)
176.62: (-0.27, 0.85, 0.45)
176.73: (-0.27, 0.85, 0.45)
176.85: (-0.35, 0.81, 0.48)
176.95: (-0.36, 0.79, 0.49)
177.02: (-0.37, 0.79, 0.49)
177.02: (-0.67, -0.73, 0.15): 1
177.07: (-0.37, 0.79, 0.49)
177.18: (-0.37, 0.79, 0.48)
177.28: (-0.40, 0.79, 0.47)
177.40: (-0.74, 0.64, 0.21)
177.52: (-0.91, 0.42, 0.00)
177.63: (-0.89, 0.46, -0.01)
177.73: (-0.89, 0.46, -0.01)
177.83: (-0.89, 0.46, -0.01)
177.95: (-0.89, 0.46, -0.01)
178.05: (-0.89, 0.46, -0.01)
178.15: (-0.89, 0.46, -0.01)
178.27: (-0.89, 0.46, -0.02)
178.38: (-0.90, 0.44, 0.00)
178.50: (-0.91, 0.41, 0.00)
178.62: (-0.93, 0.38, 0.01)
178.73: (-0.97, 0.23, 0.11)
178.85: (-0.98, 0.10, 0.16)
178.97: (-0.94, -0.13, 0.32)
179.08: (-0.66, -0.58, 0.48)
179.18: (-0.55, -0.78, 0.29)
179.30: (-0.63, -0.77, 0.11)
179.40: (-0.64, -0.76, 0.14)
179.52: (-0.72, -0.65, 0.23)
179.58: (-0.72, -0.65, 0.25)
179.58: (-0.96, 0.16, 0.25): 2
179.63: (-0.72, -0.65, 0.25)
179.75: (-0.71, -0.65, 0.25)
179.85: (-0.71, -0.65, 0.25)
179.97: (-0.70, -0.71, 0.10)
180.08: (-0.47, -0.87, -0.10)
180.18: (-0.34, -0.93, 0.11)
180.30: (-0.01, -0.89, 0.45)
180.40: (0.35, -0.76, 0.54)
180.52: (0.66, -0.52, 0.55)
180.63: (0.90, 0.00, 0.44)
180.75: (0.87, 0.04, 0.50)
180.85: (0.77, 0.17, 0.61)
180.97: (0.46, 0.56, 0.69)
181.08: (-0.09, 0.84, 0.53)
181.20: (-0.18, 0.83, 0.53)
181.30: (-0.18, 0.83, 0.53)
181.40: (-0.18, 0.83, 0.53)
181.52: (-0.18, 0.83, 0.53)
181.63: (-0.18, 0.83, 0.53)
181.73: (-0.24, 0.83, 0.50)
181.85: (-0.35, 0.82, 0.45)
181.95: (-0.49, 0.82, 0.28)
182.05: (-0.67, 0.74, -0.06)
182.17: (-0.80, 0.57, -0.19)
182.28: (-0.92, 0.37, 0.13)
182.40: (-0.95, 0.08, 0.29)
182.52: (-0.97, 0.12, 0.22)
182.62: (-0.96, 0.23, 0.16)
182.67: (-0.96, 0.23, 0.16)
182.67: (-0.28, -0.07, -0.96): 1
182.73: (-0.96, 0.23, 0.16)
182.83: (-0.96, 0.23, 0.16)
182.95: (-0.96, 0.23, 0.16)
183.05: (-0.96, 0.24, 0.16)
183.17: (-0.96, 0.24, 0.16)
183.28: (-0.96, 0.24, 0.16)
183.38: (-0.96, 0.24, 0.16)
183.50: (-0.96, 0.25, 0.14)
183.62: (-0.96, 0.25, 0.13)
183.73: (-0.99, -0.06, -0.12)
183.85: (-0.91, -0.15, -0.38)
183.97: (-0.91, -0.15, -0.38)
184.08: (-0.91, -0.15, -0.38)
184.20: (-0.91, -0.15, -0.38)
184.30: (-0.87, -0.15, -0.48)
184.40: (-0.76, -0.16, -0.63)
184.50: (-0.51, -0.13, -0.85)
184.62: (-0.11, -0.11, -0.99)
184.73: (-0.06, -0.09, -0.99)
184.85: (-0.11, -0.07, -0.99)
184.95: (-0.18, -0.05, -0.98)
185.07: (-0.19, -0.06, -0.98)
185.07: (-0.68, 0.15, 0.72): 2
185.07: (-0.19, -0.06, -0.98)
185.18: (-0.19, -0.06, -0.98)
185.28: (-0.19, -0.06, -0.98)
185.40: (-0.19, -0.05, -0.98)
185.52: (-0.06, -0.04, -1.00)
185.63: (0.06, -0.03, -1.00)
185.75: (0.10, -0.03, -1.00)
185.86: (0.63, -0.19, -0.75)
185.97: (0.88, -0.24, -0.40)
186.08: (0.85, 0.03, -0.53)
186.18: (0.60, 0.52, -0.61)
186.30: (0.40, 0.80, -0.44)
186.41: (0.47, 0.86, -0.17)
186.52: (0.79, 0.61, -0.08)
186.63: (0.93, 0.36, 0.00)
186.75: (0.99, -0.07, 0.13)
186.85: (0.99, -0.07, 0.12)
186.96: (0.99, -0.07, 0.12)
187.07: (0.99, -0.07, 0.12)
187.18: (0.99, -0.05, 0.11)
187.30: (0.98, 0.15, 0.13)
187.41: (0.74, 0.62, 0.25)
187.53: (0.26, 0.86, 0.43)
187.65: (0.10, 0.80, 0.59)
187.76: (0.08, 0.78, 0.62)
187.88: (-0.25, 0.54, 0.80)
187.98: (-0.70, 0.14, 0.70)
188.10: (-0.84, -0.17, 0.51)
188.20: (-0.86, -0.24, 0.46)
188.31: (-0.79, -0.09, 0.60)
188.43: (-0.75, 0.06, 0.66)
188.53: (-0.73, 0.10, 0.68)
188.61: (-0.69, 0.14, 0.71)
188.61: (0.83, 0.29, 0.48): 2
188.65: (-0.69, 0.14, 0.71)
188.76: (-0.69, 0.14, 0.71)
188.88: (-0.70, 0.14, 0.70)
188.98: (-0.72, 0.09, 0.69)
189.10: (-0.75, -0.31, 0.59)
189.21: (-0.45, -0.77, 0.46)
189.33: (-0.01, -0.94, 0.34)
189.43: (0.31, -0.91, 0.28)
189.55: (0.52, -0.77, 0.37)
189.66: (0.67, -0.53, 0.52)
189.78: (0.78, -0.12, 0.61)
189.90: (0.77, 0.25, 0.58)
190.01: (0.86, 0.16, 0.49)
190.11: (0.86, 0.16, 0.49)
190.20: (0.84, 0.20, 0.50)
190.20: (-0.98, 0.02, 0.19): 0
190.23: (0.84, 0.21, 0.51)
190.33: (0.84, 0.19, 0.51)
190.45: (0.84, 0.19, 0.51)
190.56: (0.82, 0.39, 0.42)
190.68: (0.64, 0.75, 0.16)
190.78: (0.61, 0.77, 0.19)
190.88: (0.61, 0.77, 0.19)
191.00: (0.61, 0.77, 0.19)
191.11: (0.60, 0.78, 0.19)
191.23: (0.52, 0.85, 0.04)
191.33: (0.40, 0.90, -0.16)
191.45: (0.20, 0.87, -0.45)
191.56: (-0.05, 0.71, -0.70)
191.66: (-0.23, 0.56, -0.80)
191.78: (-0.48, 0.34, -0.81)
191.90: (-0.68, 0.01, -0.73)
192.01: (-0.80, -0.38, -0.47)
192.13: (-0.76, -0.64, -0.11)
192.23: (-0.69, -0.71, 0.15)
192.35: (-0.61, -0.69, 0.38)
192.45: (-0.53, -0.71, 0.47)
192.56: (-0.37, -0.83, 0.42)
192.68: (-0.08, -0.98, 0.20)
192.80: (0.09, -0.99, -0.13)
192.90: (0.11, -0.95, -0.31)
193.00: (0.11, -0.87, -0.49)
193.11: (0.11, -0.70, -0.70)
193.23: (0.08, -0.69, -0.72)
193.35: (0.08, -0.69, -0.72)
193.46: (0.08, -0.69, -0.72)
193.58: (0.09, -0.68, -0.73)
193.70: (0.23, -0.56, -0.80)
193.81: (0.35, -0.28, -0.90)
193.93: (0.41, 0.03, -0.91)
194.05: (0.44, 0.29, -0.85)
194.15: (0.40, 0.50, -0.77)
194.26: (0.30, 0.76, -0.57)
194.38: (0.12, 0.95, -0.29)
194.48: (-0.01, 1.00, -0.06)
194.60: (-0.28, 0.94, 0.18)
194.71: (-0.55, 0.76, 0.34)
194.81: (-0.73, 0.56, 0.39)
194.93: (-0.84, 0.32, 0.44)
195.03: (-0.91, 0.08, 0.41)
195.15: (-0.94, 0.12, 0.31)
195.25: (-0.95, 0.13, 0.29)
195.26: (-0.95, 0.13, 0.28)
195.26: (0.99, 0.12, 0.03): 2
195.36: (-0.97, 0.04, 0.24)
195.48: (-0.97, 0.03, 0.24)
195.60: (-0.97, 0.04, 0.24)
195.71: (-0.94, 0.09, 0.33)
195.81: (-0.85, 0.21, 0.49)
195.91: (-0.67, 0.40, 0.62)
196.03: (-0.15, 0.64, 0.75)
196.13: (0.28, 0.64, 0.71)
196.25: (0.49, 0.57, 0.66)
196.36: (0.70, 0.46, 0.54)
196.46: (0.93, 0.25, 0.28)
196.58: (1.00, 0.05, 0.02)
196.70: (1.00, 0.02, 0.03)
196.76: (1.00, 0.03, 0.04)
196.76: (0.97, -0.24, 0.08): 1
196.81: (1.00, 0.04, 0.04)
196.93: (1.00, 0.04, 0.03)
197.05: (1.00, 0.04, -0.03)
197.16: (0.99, -0.16, -0.05)
197.26: (0.97, -0.25, 0.03)
197.38: (0.97, -0.25, 0.04)
197.41: (0.97, -0.25, 0.04)
197.41: (0.93, 0.27, -0.24): 0
197.48: (0.97, -0.25, 0.04)
197.60: (0.97, -0.25, 0.04)
197.71: (0.96, -0.27, 0.01)
197.83: (0.98, -0.07, -0.21)
197.95: (0.97, 0.04, -0.23)
198.05: (0.96, 0.13, -0.26)
198.16: (0.93, 0.23, -0.28)
198.20: (0.93, 0.24, -0.29)
198.20: (0.97, -0.20, 0.17): 2
198.28: (0.93, 0.24, -0.29)
198.38: (0.93, 0.24, -0.29)
198.50: (0.98, 0.10, -0.16)
198.61: (1.00, -0.01, -0.03)
198.73: (1.00, -0.09, 0.04)
198.85: (0.98, -0.17, 0.09)
198.86: (0.98, -0.17, 0.09)
198.86: (0.56, -0.66, -0.50): 1
198.96: (0.98, -0.17, 0.09)
199.06: (0.98, -0.16, 0.09)
199.16: (0.99, -0.12, 0.04)
199.28: (1.00, -0.06, -0.01)
199.40: (0.97, 0.07, -0.23)
199.51: (0.75, 0.12, -0.65)
199.63: (0.37, 0.02, -0.93)
199.75: (0.23, -0.03, -0.97)
199.85: (0.17, 0.04, -0.99)
199.96: (-0.06, 0.08, -0.99)
200.06: (-0.06, 0.08, -0.99)
200.16: (-0.06, 0.08, -0.99)
200.28: (-0.06, 0.08, -0.99)
200.40: (-0.11, 0.09, -0.99)
200.50: (-0.14, 0.00, -0.99)
200.61: (-0.08, -0.14, -0.99)
200.71: (0.08, -0.23, -0.97)
200.83: (0.43, -0.44, -0.79)
200.95: (0.64, -0.60, -0.48)
201.06: (0.64, -0.63, -0.44)
201.16: (0.56, -0.64, -0.52)
201.21: (0.56, -0.64, -0.53)
201.21: (-0.92, -0.16, 0.36): 1
201.28: (0.56, -0.65, -0.52)
201.40: (0.56, -0.65, -0.52)
201.50: (0.57, -0.65, -0.50)
201.61: (0.70, -0.65, -0.29)
201.73: (0.76, -0.65, -0.06)
201.84: (0.60, -0.79, 0.10)
201.96: (0.26, -0.93, 0.25)
202.08: (-0.12, -0.96, 0.25)
202.18: (-0.45, -0.87, 0.19)
202.28: (-0.70, -0.70, 0.14)
202.40: (-0.83, -0.55, 0.04)
202.51: (-0.91, -0.39, -0.12)
202.63: (-0.97, -0.24, 0.06)
202.74: (-0.97, -0.18, 0.18)
202.86: (-0.96, -0.14, 0.25)
202.96: (-0.93, -0.04, 0.37)
203.03: (-0.92, -0.02, 0.40)
203.03: (-0.78, -0.44, -0.45): 1
203.08: (-0.92, -0.03, 0.39)
203.19: (-0.94, -0.05, 0.35)
203.31: (-0.94, -0.08, 0.32)
203.43: (-0.94, -0.09, 0.32)
203.54: (-0.95, -0.02, 0.32)
203.66: (-0.90, 0.24, 0.37)
203.76: (-0.90, 0.22, 0.37)
203.88: (-0.90, 0.22, 0.37)
203.99: (-0.90, 0.22, 0.37)
204.11: (-0.90, 0.22, 0.37)
204.21: (-0.89, 0.24, 0.38)
204.33: (-0.89, 0.26, 0.38)
204.44: (-0.85, 0.31, 0.43)
204.54: (-0.79, 0.37, 0.48)
204.66: (-0.68, 0.46, 0.56)
204.78: (-0.68, 0.47, 0.57)
204.89: (-0.70, 0.47, 0.54)
204.99: (-0.64, 0.50, 0.58)
205.09: (-0.66, 0.50, 0.57)
205.21: (-0.65, 0.50, 0.57)
205.33: (-0.61, 0.54, 0.58)
205.43: (-0.49, 0.60, 0.64)
205.54: (-0.32, 0.67, 0.67)
205.66: (-0.18, 0.70, 0.69)
205.78: (-0.02, 0.69, 0.72)
205.88: (0.17, 0.73, 0.66)
205.99: (0.46, 0.80, 0.39)
206.09: (0.54, 0.82, 0.18)
206.21: (0.55, 0.83, 0.04)
206.33: (0.60, 0.78, -0.19)
206.44: (0.66, 0.56, -0.49)
206.56: (0.69, 0.41, -0.60)
206.68: (0.73, 0.28, -0.62)
206.78: (0.74, -0.02, -0.67)
206.89: (0.75, -0.32, -0.57)
206.99: (0.72, -0.60, -0.34)
207.11: (0.61, -0.79, -0.11)
207.23: (0.34, -0.89, 0.31)
207.34: (0.19, -0.87, 0.45)
207.46: (0.05, -0.95, 0.30)
207.56: (-0.12, -0.99, 0.06)
207.68: (-0.43, -0.87, -0.24)
207.78: (-0.55, -0.77, -0.32)
207.89: (-0.55, -0.77, -0.32)
208.01: (-0.55, -0.77, -0.32)
208.13: (-0.55, -0.77, -0.32)
208.24: (-0.51, -0.76, -0.40)
208.36: (-0.60, -0.70, -0.40)
208.48: (-0.65, -0.65, -0.40)
208.58: (-0.68, -0.58, -0.45)
208.69: (-0.73, -0.52, -0.44)
208.79: (-0.73, -0.52, -0.44)
208.79: (-0.87, 0.03, 0.48): 1
208.79: (-0.73, -0.52, -0.44)
208.91: (-0.73, -0.52, -0.44)
209.03: (-0.74, -0.52, -0.42)
209.13: (-0.75, -0.52, -0.41)
209.24: (-0.82, -0.48, -0.31)
209.36: (-0.89, -0.45, 0.12)
209.48: (-0.75, -0.42, 0.51)
209.59: (-0.70, -0.37, 0.61)
209.69: (-0.80, -0.22, 0.56)
209.81: (-0.84, -0.13, 0.53)
209.93: (-0.83, -0.06, 0.56)
210.03: (-0.86, -0.01, 0.52)
210.06: (-0.86, -0.01, 0.52)
210.06: (-0.99, -0.09, -0.11): 2
210.14: (-0.86, -0.01, 0.52)
210.24: (-0.86, -0.01, 0.52)
210.36: (-0.87, -0.02, 0.50)
210.48: (-0.99, -0.04, 0.10)
210.58: (-0.99, -0.05, 0.09)
210.69: (-0.97, -0.06, 0.22)
210.81: (-0.98, -0.08, 0.17)
210.91: (-0.99, -0.14, 0.01)
211.03: (-0.99, -0.14, -0.04)
211.06: (-0.99, -0.14, -0.03)
211.06: (1.00, 0.00, 0.00): 1
211.14: (-0.99, -0.14, -0.03)
211.24: (-0.99, -0.14, -0.03)
211.34: (-0.99, -0.14, -0.03)
211.46: (-0.99, -0.14, -0.04)
211.58: (-0.98, -0.19, 0.04)
211.69: (-0.98, -0.19, 0.04)
211.81: (-0.98, -0.19, 0.04)
211.93: (-0.98, -0.18, 0.04)
212.04: (-0.99, -0.12, 0.07)
212.16: (-0.99, -0.02, 0.12)
212.26: (-0.96, 0.17, 0.20)
212.38: (-0.89, 0.37, 0.26)
212.48: (-0.88, 0.38, 0.27)
212.59: (-0.88, 0.38, 0.27)
212.71: (-0.81, 0.46, 0.35)
212.83: (-0.80, 0.48, 0.36)
212.93: (-0.80, 0.48, 0.36)
213.04: (-0.80, 0.48, 0.36)
213.14: (-0.78, 0.51, 0.36)
213.26: (-0.65, 0.65, 0.39)
213.38: (-0.30, 0.86, 0.41)
213.49: (0.02, 0.96, 0.26)
213.61: (0.27, 0.96, 0.03)
213.73: (0.58, 0.77, -0.25)
213.83: (0.76, 0.51, -0.40)
213.94: (0.78, 0.30, -0.56)
214.04: (0.76, 0.26, -0.59)
214.14: (0.85, 0.18, -0.50)
214.26: (0.94, 0.11, -0.34)
214.38: (0.98, 0.00, -0.19)
214.49: (0.99, -0.04, -0.15)
214.53: (0.99, -0.04, -0.15)
214.53: (-0.98, 0.11, 0.18): 1
214.59: (0.99, -0.04, -0.15)
214.71: (0.99, -0.03, -0.14)
214.83: (0.99, -0.02, -0.14)
214.93: (0.98, 0.10, -0.15)
215.04: (0.98, 0.10, -0.15)
215.16: (0.98, 0.10, -0.15)
215.26: (0.98, 0.10, -0.15)
215.38: (0.98, 0.10, -0.15)
215.48: (0.99, 0.02, -0.11)
215.59: (1.00, -0.02, -0.02)
215.71: (0.98, -0.14, 0.13)
215.83: (0.83, -0.47, 0.32)
215.94: (0.57, -0.75, 0.34)
216.04: (0.48, -0.83, 0.29)
216.16: (0.26, -0.94, 0.21)
216.28: (-0.12, -0.99, 0.10)
216.38: (-0.46, -0.89, 0.05)
216.49: (-0.75, -0.66, 0.06)
216.61: (-0.92, -0.38, 0.13)
216.73: (-1.00, -0.04, 0.00)
216.84: (-0.98, 0.19, -0.05)
216.94: (-0.98, 0.20, -0.03)
217.06: (-0.98, 0.19, 0.06)
217.16: (-0.98, 0.18, 0.13)
217.23: (-0.98, 0.17, 0.13)
217.23: (0.44, -0.61, -0.66): 1
217.28: (-0.98, 0.17, 0.13)
217.39: (-0.98, 0.17, 0.14)
217.51: (-0.98, 0.17, 0.14)
217.61: (-0.98, 0.15, 0.16)
217.73: (-0.98, 0.15, 0.16)
217.84: (-0.98, 0.15, 0.16)
217.96: (-0.98, 0.14, 0.16)
218.08: (-0.99, 0.12, 0.10)
218.19: (-0.96, -0.07, -0.28)
218.29: (-0.95, -0.15, -0.28)
218.41: (-0.95, -0.15, -0.28)
218.52: (-0.95, -0.15, -0.28)
218.63: (-0.95, -0.14, -0.29)
218.73: (-0.93, -0.08, -0.35)
218.84: (-0.86, -0.11, -0.50)
218.96: (-0.74, 0.02, -0.67)
219.07: (-0.50, 0.20, -0.84)
219.19: (0.03, 0.24, -0.97)
219.31: (0.37, 0.30, -0.88)
219.42: (0.43, 0.30, -0.85)
219.54: (0.53, 0.24, -0.81)
219.64: (0.53, 0.24, -0.81)
219.76: (0.53, 0.24, -0.81)
219.87: (0.55, 0.24, -0.80)
219.99: (0.69, 0.25, -0.67)
220.11: (0.72, 0.26, -0.64)
220.22: (0.77, 0.25, -0.59)
220.32: (0.78, 0.28, -0.55)
220.44: (0.80, 0.32, -0.51)
220.56: (0.81, 0.33, -0.49)
220.67: (0.82, 0.34, -0.45)
220.79: (0.87, 0.37, -0.33)
220.89: (0.89, 0.38, -0.25)
221.01: (0.89, 0.44, 0.13)
221.12: (0.73, 0.39, 0.57)
221.24: (0.61, 0.33, 0.72)
221.34: (0.46, 0.23, 0.86)
221.44: (0.21, 0.00, 0.98)
221.56: (-0.09, -0.32, 0.94)
221.67: (-0.04, -0.37, 0.93)
221.77: (-0.04, -0.37, 0.93)
221.89: (-0.04, -0.37, 0.93)
222.01: (-0.04, -0.38, 0.92)
222.11: (-0.15, -0.41, 0.90)
222.21: (-0.35, -0.54, 0.77)
222.32: (-0.67, -0.57, 0.48)
222.42: (-0.82, -0.54, 0.20)
222.54: (-0.89, -0.42, -0.18)
222.64: (-0.84, -0.25, -0.48)
222.76: (-0.72, -0.10, -0.69)
222.87: (-0.47, 0.09, -0.88)
222.99: (-0.15, 0.20, -0.97)
223.11: (0.00, 0.16, -0.99)
223.21: (0.00, 0.16, -0.99)
223.32: (0.00, 0.16, -0.99)
223.44: (0.00, 0.16, -0.99)
223.56: (0.00, 0.16, -0.99)
223.67: (0.07, 0.27, -0.96)
223.77: (0.19, 0.39, -0.90)
223.89: (0.45, 0.54, -0.71)
224.01: (0.77, 0.50, -0.40)
224.11: (0.93, 0.35, -0.07)
224.21: (0.97, 0.15, 0.20)
224.32: (0.92, -0.07, 0.39)
224.44: (0.85, -0.26, 0.46)
224.56: (0.83, -0.35, 0.43)
224.67: (0.70, -0.42, 0.58)
224.77: (0.31, -0.66, 0.68)
224.89: (0.10, -0.84, 0.54)
225.01: (0.10, -0.84, 0.54)
225.11: (0.10, -0.84, 0.54)
225.22: (0.10, -0.84, 0.54)
225.34: (0.10, -0.84, 0.54)
225.44: (0.09, -0.84, 0.54)
225.56: (0.04, -0.81, 0.59)
225.67: (-0.12, -0.75, 0.64)
225.79: (-0.47, -0.60, 0.65)
225.91: (-0.87, -0.31, 0.38)
226.02: (-1.00, 0.03, -0.07)
226.14: (-0.83, 0.31, -0.46)
226.26: (-0.46, 0.47, -0.75)
226.37: (0.18, 0.42, -0.89)
226.49: (0.60, 0.38, -0.71)
226.59: (0.70, 0.34, -0.63)
226.71: (0.69, 0.30, -0.66)
226.82: (0.69, 0.30, -0.66)
226.94: (0.68, 0.30, -0.67)
227.06: (0.68, 0.30, -0.67)
227.17: (0.75, 0.25, -0.61)
227.29: (0.83, 0.28, -0.49)
227.39: (0.92, 0.32, -0.24)
227.51: (0.93, 0.32, 0.21)
227.62: (0.74, 0.16, 0.66)
227.74: (0.55, -0.03, 0.84)
227.84: (0.33, -0.23, 0.92)
227.96: (-0.11, -0.49, 0.86)
228.07: (-0.45, -0.64, 0.63)
228.19: (-0.68, -0.63, 0.39)
228.31: (-0.66, -0.67, 0.35)
228.41: (-0.66, -0.67, 0.35)
228.52: (-0.66, -0.67, 0.35)
228.64: (-0.67, -0.66, 0.34)
228.76: (-0.79, -0.55, 0.26)
228.87: (-0.96, -0.23, 0.15)
228.99: (-0.97, 0.24, 0.01)
229.11: (-0.72, 0.68, -0.14)
229.21: (-0.45, 0.85, -0.27)
229.32: (-0.22, 0.78, -0.58)
229.44: (0.08, 0.53, -0.84)
229.56: (0.31, 0.13, -0.94)
229.66: (0.45, -0.19, -0.87)
229.77: (0.55, -0.60, -0.57)
229.87: (0.57, -0.64, -0.51)
229.99: (0.55, -0.64, -0.54)
230.11: (0.48, -0.65, -0.59)
230.21: (0.44, -0.65, -0.62)
230.21: (0.91, 0.31, 0.27): 2
230.21: (0.44, -0.65, -0.62)
230.32: (0.44, -0.65, -0.62)
230.42: (0.43, -0.65, -0.62)
230.54: (0.44, -0.65, -0.62)
230.66: (0.72, -0.40, -0.58)
230.77: (0.93, -0.08, -0.37)
230.87: (0.98, 0.05, -0.18)
230.99: (0.80, 0.58, 0.18)
231.09: (0.62, 0.74, 0.26)
231.21: (0.79, 0.56, 0.22)
231.32: (0.88, 0.42, 0.21)
231.44: (0.89, 0.40, 0.23)
231.54: (0.91, 0.32, 0.26)
231.56: (0.91, 0.32, 0.26)
231.56: (0.64, -0.75, 0.16): 1
231.66: (0.90, 0.36, 0.27)
231.77: (0.87, 0.40, 0.30)
231.87: (0.74, 0.50, 0.44)
231.99: (0.43, 0.64, 0.64)
232.11: (0.29, 0.59, 0.76)
232.22: (0.10, 0.32, 0.94)
232.32: (-0.19, -0.05, 0.98)
232.44: (-0.36, -0.24, 0.90)
232.56: (-0.36, -0.24, 0.90)
232.67: (-0.36, -0.24, 0.90)
232.79: (-0.36, -0.24, 0.90)
232.89: (-0.35, -0.23, 0.91)
233.01: (-0.35, -0.33, 0.88)
233.12: (-0.33, -0.55, 0.77)
233.22: (-0.29, -0.72, 0.63)
233.34: (-0.23, -0.89, 0.39)
233.44: (-0.22, -0.97, 0.11)
233.56: (-0.15, -0.95, -0.28)
233.67: (-0.07, -0.76, -0.64)
233.79: (0.25, -0.65, -0.72)
233.90: (0.62, -0.70, -0.35)
234.02: (0.71, -0.70, -0.11)
234.14: (0.78, -0.62, 0.10)
234.24: (0.77, -0.63, 0.15)
234.35: (0.71, -0.70, 0.13)
234.46: (0.70, -0.70, 0.14)
234.47: (0.70, -0.70, 0.14)
234.47: (0.45, -0.84, -0.29): 0
234.56: (0.70, -0.70, 0.14)
234.66: (0.70, -0.70, 0.14)
234.77: (0.69, -0.72, 0.10)
234.89: (0.54, -0.80, -0.27)
235.01: (0.45, -0.82, -0.36)
235.11: (0.48, -0.83, -0.27)
235.22: (0.52, -0.83, -0.22)
235.22: (0.48, -0.36, -0.80): 0
235.22: (0.52, -0.83, -0.22)
235.34: (0.52, -0.82, -0.22)
235.45: (0.51, -0.83, -0.23)
235.57: (0.39, -0.83, -0.41)
235.67: (0.13, -0.74, -0.66)
235.79: (0.02, -0.61, -0.79)
235.90: (0.13, -0.39, -0.91)
236.02: (0.27, -0.26, -0.92)
236.14: (0.30, -0.31, -0.90)
236.25: (0.41, -0.35, -0.84)
236.35: (0.51, -0.34, -0.79)
236.39: (0.51, -0.34, -0.79)
236.39: (0.85, -0.52, -0.11): 2
236.45: (0.51, -0.34, -0.79)
236.57: (0.52, -0.34, -0.78)
236.69: (0.39, -0.33, -0.86)
236.80: (0.56, -0.37, -0.74)
236.90: (0.78, -0.40, -0.49)
237.02: (0.81, -0.43, -0.40)
237.14: (0.87, -0.45, -0.20)
237.25: (0.89, -0.44, -0.11)
237.30: (0.89, -0.44, -0.11)
237.30: (-0.57, 0.65, 0.50): 0
237.37: (0.89, -0.44, -0.11)
237.49: (0.89, -0.44, -0.11)
237.60: (0.87, -0.44, -0.23)
237.70: (0.77, -0.37, -0.52)
237.82: (0.67, -0.28, -0.69)
237.94: (0.41, 0.09, -0.91)
238.05: (0.15, 0.54, -0.83)
238.15: (-0.18, 0.71, -0.68)
238.27: (-0.47, 0.76, -0.45)
238.39: (-0.72, 0.69, -0.02)
238.49: (-0.83, 0.43, 0.37)
238.60: (-0.77, 0.24, 0.60)
238.70: (-0.70, 0.34, 0.63)
238.82: (-0.62, 0.57, 0.55)
238.94: (-0.58, 0.63, 0.52)
239.00: (-0.57, 0.64, 0.51)
239.00: (-0.56, -0.26, -0.79): 2
239.05: (-0.57, 0.64, 0.51)
239.17: (-0.57, 0.64, 0.52)
239.29: (-0.57, 0.53, 0.62)
239.39: (-0.54, 0.30, 0.78)
239.50: (-0.45, 0.09, 0.89)
239.62: (-0.29, -0.18, 0.94)
239.72: (-0.05, -0.38, 0.92)
239.84: (0.27, -0.65, 0.71)
239.95: (0.40, -0.82, 0.41)
240.07: (0.38, -0.92, 0.12)
240.19: (-0.17, -0.96, -0.24)
240.30: (-0.74, -0.57, -0.36)
240.40: (-0.89, -0.20, -0.41)
240.52: (-0.87, -0.15, -0.46)
240.64: (-0.74, -0.16, -0.65)
240.75: (-0.53, -0.08, -0.84)
240.87: (-0.56, -0.11, -0.82)
240.99: (-0.60, -0.16, -0.79)
241.05: (-0.60, -0.16, -0.79)
241.05: (-0.91, -0.14, 0.40): 1
241.09: (-0.60, -0.16, -0.79)
241.20: (-0.59, -0.16, -0.79)
241.30: (-0.59, -0.15, -0.79)
241.42: (-0.59, -0.15, -0.79)
241.54: (-0.57, -0.16, -0.80)
241.64: (-0.49, -0.36, -0.80)
241.75: (-0.19, -0.72, -0.66)
241.87: (0.19, -0.89, -0.42)
241.99: (0.33, -0.85, -0.41)
242.10: (0.33, -0.85, -0.41)
242.20: (0.33, -0.85, -0.41)
242.32: (0.33, -0.85, -0.41)
242.42: (0.33, -0.85, -0.41)
242.54: (0.33, -0.85, -0.41)
242.65: (0.36, -0.85, -0.39)
242.77: (0.55, -0.73, -0.40)
242.87: (0.87, -0.41, -0.28)
242.99: (0.99, -0.14, -0.03)
243.10: (0.98, -0.08, 0.21)
243.22: (0.84, 0.12, 0.53)
243.32: (0.48, 0.34, 0.80)
243.44: (0.20, 0.71, 0.68)
243.55: (0.18, 0.97, 0.19)
243.65: (-0.02, 1.00, 0.07)
243.75: (-0.26, 0.93, 0.28)
243.85: (-0.50, 0.71, 0.50)
243.97: (-0.71, 0.29, 0.64)
244.09: (-0.69, 0.29, 0.66)
244.20: (-0.69, 0.29, 0.66)
244.30: (-0.69, 0.29, 0.66)
244.40: (-0.75, 0.23, 0.62)
244.52: (-0.83, 0.05, 0.55)
244.62: (-0.87, -0.01, 0.50)
244.74: (-0.89, -0.10, 0.44)
244.85: (-0.91, -0.17, 0.37)
244.90: (-0.91, -0.17, 0.37)
244.90: (0.48, -0.38, -0.79): 0
244.97: (-0.91, -0.17, 0.37)
245.09: (-0.91, -0.15, 0.38)
245.20: (-0.93, -0.13, 0.34)
245.30: (-0.93, -0.34, 0.16)
245.42: (-0.73, -0.67, -0.13)
245.52: (-0.43, -0.85, -0.29)
245.64: (-0.43, -0.85, -0.29)
245.75: (-0.43, -0.85, -0.29)
245.87: (-0.43, -0.85, -0.29)
245.97: (-0.43, -0.85, -0.32)
246.09: (-0.28, -0.87, -0.40)
246.19: (-0.03, -0.83, -0.56)
246.30: (0.31, -0.63, -0.71)
246.42: (0.62, -0.25, -0.74)
246.52: (0.59, -0.11, -0.80)
246.64: (0.49, -0.20, -0.85)
246.75: (0.48, -0.30, -0.82)
246.87: (0.53, -0.31, -0.79)
246.90: (0.53, -0.31, -0.79)
246.90: (1.00, 0.00, 0.03): 0
246.97: (0.54, -0.31, -0.79)
247.07: (0.53, -0.31, -0.79)
247.19: (0.53, -0.31, -0.79)
247.29: (0.51, -0.29, -0.81)
247.40: (0.53, -0.28, -0.80)
247.52: (0.55, -0.26, -0.79)
247.62: (0.65, -0.17, -0.74)
247.74: (0.64, -0.17, -0.75)
247.85: (0.65, -0.17, -0.74)
247.97: (0.63, -0.15, -0.76)
248.07: (0.83, -0.08, -0.56)
248.19: (0.98, 0.08, -0.17)
248.30: (0.99, 0.09, -0.07)
248.42: (0.99, 0.00, -0.13)
248.52: (1.00, -0.04, -0.08)
248.55: (1.00, -0.04, -0.08)
248.55: (0.77, -0.51, 0.39): 0
248.62: (1.00, -0.04, -0.08)
248.74: (1.00, -0.04, -0.09)
248.85: (1.00, -0.03, -0.06)
248.97: (1.00, -0.04, -0.05)
249.09: (1.00, -0.04, -0.05)
249.20: (1.00, -0.04, -0.06)
249.32: (1.00, 0.02, -0.04)
249.42: (1.00, 0.01, -0.03)
249.54: (0.93, -0.29, 0.21)
249.64: (0.87, -0.38, 0.31)
249.75: (0.84, -0.42, 0.34)
249.85: (0.75, -0.51, 0.43)
249.89: (0.75, -0.51, 0.43)
249.89: (0.10, 0.54, 0.83): 1
249.97: (0.75, -0.51, 0.43)
250.07: (0.73, -0.51, 0.47)
250.19: (0.74, -0.50, 0.45)
250.30: (0.81, -0.43, 0.40)
250.42: (0.77, -0.33, 0.55)
250.53: (0.70, -0.05, 0.71)
250.63: (0.59, 0.23, 0.78)
250.73: (0.40, 0.37, 0.84)
250.85: (0.28, 0.42, 0.86)
250.95: (0.13, 0.51, 0.85)
251.05: (0.13, 0.51, 0.85)
251.05: (0.50, -0.86, 0.06): 1
251.07: (0.13, 0.51, 0.85)
251.18: (0.13, 0.51, 0.85)
251.30: (0.14, 0.50, 0.85)
251.42: (0.18, 0.44, 0.88)
251.53: (0.18, 0.44, 0.88)
251.65: (0.28, 0.50, 0.82)
251.75: (0.61, 0.49, 0.62)
251.87: (0.85, 0.43, 0.30)
251.98: (0.92, 0.37, 0.14)
252.10: (0.93, 0.17, -0.33)
252.20: (0.81, -0.10, -0.58)
252.32: (0.53, -0.38, -0.76)
252.43: (0.21, -0.58, -0.79)
252.55: (-0.22, -0.75, -0.62)
252.65: (-0.22, -0.78, -0.58)
252.75: (-0.22, -0.78, -0.58)
252.87: (-0.24, -0.78, -0.58)
252.98: (-0.36, -0.79, -0.50)
253.10: (-0.74, -0.66, -0.12)
253.22: (-0.91, -0.34, 0.22)
253.32: (-0.97, 0.07, 0.22)
253.43: (-0.90, 0.44, 0.00)
253.53: (-0.78, 0.61, -0.09)
253.65: (-0.60, 0.79, -0.09)
253.77: (-0.22, 0.98, 0.05)
253.88: (-0.16, 0.97, 0.16)
254.00: (-0.16, 0.97, 0.16)
254.10: (-0.16, 0.97, 0.16)
254.22: (-0.14, 0.98, 0.15)
254.33: (-0.09, 0.99, 0.14)
254.45: (0.05, 0.98, 0.21)
254.57: (0.27, 0.90, 0.35)
254.67: (0.30, 0.87, 0.38)
254.78: (0.40, 0.78, 0.48)
254.90: (0.20, 0.67, 0.72)
255.02: (0.40, 0.53, 0.75)
255.12: (0.36, 0.53, 0.77)
255.23: (0.38, 0.48, 0.79)
255.35: (0.39, 0.46, 0.80)
255.45: (0.40, 0.46, 0.80)
255.57: (0.47, 0.38, 0.80)
255.68: (0.60, -0.11, 0.79)
255.80: (0.63, -0.56, 0.54)
255.90: (0.56, -0.80, 0.21)
256.02: (0.47, -0.88, -0.05)
256.13: (0.50, -0.87, 0.06)
256.25: (0.50, -0.86, 0.10)
256.28: (0.50, -0.86, 0.10)
256.28: (0.66, -0.59, 0.46): 1
256.37: (0.50, -0.86, 0.10)
256.47: (0.50, -0.86, 0.10)
256.58: (0.51, -0.86, 0.10)
256.70: (0.62, -0.69, 0.37)
256.82: (0.65, -0.61, 0.45)
256.93: (0.64, -0.61, 0.47)
256.93: (0.19, 0.98, 0.09): 0
256.93: (0.64, -0.61, 0.47)
257.05: (0.63, -0.62, 0.46)
257.15: (0.63, -0.63, 0.45)
257.27: (0.63, -0.64, 0.44)
257.38: (0.63, -0.65, 0.42)
257.50: (0.64, -0.65, 0.41)
257.62: (0.64, -0.66, 0.40)
257.73: (0.64, -0.65, 0.40)
257.85: (0.64, -0.66, 0.39)
257.97: (0.66, -0.63, 0.40)
258.07: (0.68, -0.55, 0.49)
258.17: (0.69, -0.52, 0.51)
258.28: (0.74, -0.51, 0.44)
258.40: (0.82, -0.26, 0.51)
258.52: (0.89, -0.05, 0.46)
258.62: (0.90, 0.32, 0.30)
258.73: (0.71, 0.69, 0.15)
258.85: (0.44, 0.89, 0.12)
258.97: (0.21, 0.97, 0.11)
259.07: (0.20, 0.97, 0.11)
259.17: (0.16, 0.98, 0.15)
259.17: (0.78, 0.28, -0.57): 0
259.18: (0.16, 0.98, 0.15)
259.28: (0.17, 0.98, 0.14)
259.40: (0.19, 0.97, 0.13)
259.52: (0.21, 0.97, 0.13)
259.63: (0.28, 0.95, 0.12)
259.75: (0.74, 0.67, -0.04)
259.85: (0.89, 0.43, -0.15)
259.97: (0.91, 0.28, -0.31)
260.08: (0.78, 0.38, -0.49)
260.18: (0.76, 0.32, -0.56)
260.30: (0.76, 0.30, -0.58)
260.33: (0.76, 0.30, -0.58)
260.33: (-0.68, -0.43, -0.59): 0
260.42: (0.76, 0.30, -0.58)
260.53: (0.76, 0.30, -0.57)
260.65: (0.77, 0.30, -0.56)
260.75: (0.77, 0.30, -0.56)
260.87: (0.81, 0.32, -0.49)
260.98: (0.81, 0.32, -0.49)
261.08: (0.81, 0.32, -0.49)
261.20: (0.81, 0.32, -0.49)
261.32: (0.81, 0.32, -0.49)
261.43: (0.81, 0.32, -0.49)
261.53: (0.81, 0.32, -0.49)
261.65: (0.81, 0.32, -0.49)
261.75: (0.79, 0.29, -0.54)
261.87: (0.79, 0.30, -0.53)
261.98: (0.78, 0.30, -0.55)
262.08: (0.78, 0.29, -0.56)
262.20: (0.77, 0.26, -0.58)
262.30: (0.77, 0.24, -0.60)
262.40: (0.76, 0.24, -0.61)
262.52: (0.75, 0.22, -0.63)
262.63: (0.75, 0.21, -0.63)
262.75: (0.75, 0.19, -0.63)
262.87: (0.61, -0.17, -0.77)
262.98: (0.28, -0.38, -0.88)
263.08: (-0.09, -0.61, -0.79)
263.20: (-0.10, -0.62, -0.78)
263.32: (-0.32, -0.68, -0.66)
263.43: (-0.59, -0.59, -0.55)
263.55: (-0.60, -0.52, -0.61)
263.65: (-0.63, -0.47, -0.62)
263.75: (-0.65, -0.42, -0.63)
263.75: (0.97, 0.08, 0.21): 0
263.77: (-0.65, -0.42, -0.63)
263.87: (-0.65, -0.43, -0.63)
263.98: (-0.64, -0.44, -0.63)
264.10: (-0.64, -0.45, -0.62)
264.22: (-0.63, -0.46, -0.62)
264.33: (-0.61, -0.49, -0.62)
264.43: (-0.64, -0.49, -0.59)
264.53: (-0.68, -0.50, -0.54)
264.65: (-0.73, -0.45, -0.51)
264.77: (-0.73, -0.45, -0.51)
264.88: (-0.73, -0.45, -0.51)
264.98: (-0.73, -0.45, -0.51)
265.10: (-0.79, -0.45, -0.41)
265.20: (-0.93, -0.34, -0.11)
265.32: (-0.97, -0.05, 0.24)
265.43: (-0.98, 0.07, 0.20)
265.55: (-0.93, 0.34, 0.12)
265.66: (-0.62, 0.76, 0.18)
265.78: (-0.47, 0.85, 0.25)
265.88: (-0.47, 0.85, 0.25)
266.00: (-0.47, 0.85, 0.25)
266.10: (-0.39, 0.89, 0.24)
266.22: (-0.10, 0.98, 0.19)
266.32: (0.09, 0.98, 0.18)
266.43: (0.48, 0.87, -0.09)
266.55: (0.75, 0.46, -0.47)
266.66: (0.59, -0.04, -0.81)
266.78: (0.29, -0.21, -0.93)
266.88: (-0.01, -0.30, -0.96)
266.98: (-0.29, -0.43, -0.86)
267.10: (-0.37, -0.54, -0.76)
267.21: (-0.03, -0.65, -0.76)
267.33: (0.34, -0.82, -0.46)
267.43: (0.55, -0.79, -0.27)
267.53: (0.70, -0.66, -0.27)
267.65: (0.87, -0.49, -0.09)
267.76: (1.00, 0.06, 0.02)
267.88: (0.79, 0.62, 0.01)
267.98: (0.84, 0.54, 0.06)
268.10: (0.94, 0.30, 0.13)
268.20: (0.96, 0.23, 0.15)
268.31: (0.98, 0.09, 0.18)
268.36: (0.98, 0.08, 0.18)
268.36: (-1.00, 0.00, 0.00): 2
268.43: (0.98, 0.08, 0.18)
268.55: (0.99, 0.10, 0.13)
268.66: (0.99, 0.11, 0.11)
268.78: (0.99, 0.11, 0.11)
268.90: (0.99, 0.11, 0.11)
269.00: (0.99, 0.11, 0.11)
269.10: (0.98, 0.13, 0.14)
269.21: (0.93, 0.32, 0.20)
269.33: (0.56, 0.76, 0.33)
269.45: (0.17, 0.91, 0.37)
269.56: (-0.33, 0.84, 0.44)
269.68: (-0.78, 0.55, 0.29)
269.78: (-0.94, 0.31, 0.11)
269.88: (-0.97, 0.23, -0.01)
270.00: (-0.98, 0.20, -0.02)
270.11: (-1.00, 0.09, -0.03)
270.23: (-1.00, 0.09, -0.03)
270.23: (0.12, -0.71, 0.69): 2
270.23: (-1.00, 0.09, -0.03)
270.33: (-1.00, 0.08, -0.02)
270.43: (-1.00, 0.08, -0.02)
270.55: (-1.00, 0.08, -0.02)
270.66: (-1.00, 0.08, -0.02)
270.78: (-1.00, 0.08, -0.02)
270.90: (-1.00, 0.08, -0.02)
271.00: (-1.00, 0.08, 0.01)
271.11: (-0.96, 0.02, 0.29)
271.23: (-0.80, -0.18, 0.57)
271.35: (-0.53, -0.47, 0.70)
271.46: (-0.24, -0.70, 0.67)
271.58: (-0.05, -0.72, 0.69)
271.70: (0.02, -0.72, 0.69)
271.81: (0.08, -0.72, 0.69)
271.85: (0.09, -0.72, 0.69)
271.85: (-0.89, -0.33, -0.31): 1
271.91: (0.09, -0.72, 0.69)
272.03: (0.09, -0.72, 0.69)
272.13: (0.09, -0.72, 0.69)
272.25: (0.09, -0.72, 0.69)
272.36: (0.07, -0.76, 0.64)
272.48: (-0.09, -0.94, 0.32)
272.60: (-0.19, -0.98, 0.01)
272.71: (-0.29, -0.91, -0.31)
272.83: (-0.41, -0.68, -0.60)
272.95: (-0.51, -0.37, -0.78)
273.06: (-0.66, -0.43, -0.62)
273.18: (-0.77, -0.49, -0.41)
273.30: (-0.85, -0.42, -0.32)
273.40: (-0.88, -0.36, -0.32)
273.40: (0.42, -0.17, 0.89): 2
273.41: (-0.88, -0.36, -0.32)
273.51: (-0.87, -0.38, -0.31)
273.61: (-0.86, -0.39, -0.32)
273.71: (-0.86, -0.39, -0.32)
273.83: (-0.86, -0.39, -0.32)
273.95: (-0.79, -0.49, -0.37)
274.06: (-0.62, -0.68, -0.39)
274.18: (-0.33, -0.88, -0.34)
274.30: (-0.01, -0.98, -0.21)
274.41: (0.24, -0.97, -0.10)
274.53: (0.36, -0.93, 0.02)
274.63: (0.36, -0.93, 0.02)
274.75: (0.36, -0.93, 0.02)
274.86: (0.36, -0.93, 0.02)
274.96: (0.47, -0.87, 0.15)
275.08: (0.59, -0.77, 0.22)
275.20: (0.71, -0.55, 0.43)
275.30: (0.77, -0.32, 0.55)
275.41: (0.72, -0.15, 0.68)
275.53: (0.47, -0.05, 0.88)
275.65: (0.45, -0.07, 0.89)
275.68: (0.45, -0.07, 0.89)
275.68: (-0.97, 0.05, 0.25): 2
275.75: (0.45, -0.07, 0.89)
275.86: (0.44, -0.09, 0.89)
275.96: (0.44, -0.09, 0.89)
276.08: (0.45, -0.08, 0.89)
276.18: (0.45, -0.08, 0.89)
276.30: (0.45, -0.08, 0.89)
276.41: (0.55, -0.06, 0.84)
276.53: (0.80, -0.01, 0.60)
276.65: (0.87, -0.06, 0.49)
276.75: (0.96, -0.08, 0.27)
276.86: (1.00, 0.04, 0.04)
276.98: (0.97, 0.22, 0.06)
277.08: (0.97, 0.22, 0.06)
277.20: (0.97, 0.22, 0.06)
277.30: (0.97, 0.22, 0.06)
277.41: (0.96, 0.27, 0.02)
277.53: (0.93, 0.35, 0.04)
277.65: (0.86, 0.47, 0.21)
277.76: (0.55, 0.64, 0.54)
277.86: (0.37, 0.65, 0.66)
277.98: (0.17, 0.67, 0.72)
278.10: (-0.07, 0.66, 0.75)
278.20: (-0.31, 0.56, 0.77)
278.31: (-0.55, 0.44, 0.71)
278.41: (-0.66, 0.40, 0.63)
278.53: (-0.78, 0.36, 0.51)
278.65: (-0.93, 0.18, 0.33)
278.76: (-0.95, 0.10, 0.29)
278.83: (-0.95, 0.11, 0.30)
278.83: (0.96, -0.05, 0.27): 2
278.88: (-0.95, 0.11, 0.30)
278.98: (-0.95, 0.11, 0.29)
279.08: (-0.94, 0.13, 0.30)
279.18: (-0.94, 0.14, 0.32)
279.30: (-0.94, 0.14, 0.32)
279.40: (-0.94, 0.14, 0.32)
279.51: (-0.85, 0.34, 0.40)
279.63: (-0.50, 0.57, 0.66)
279.75: (-0.19, 0.63, 0.75)
279.85: (0.04, 0.62, 0.79)
279.96: (0.40, 0.52, 0.76)
280.08: (0.80, 0.16, 0.57)
280.20: (0.91, -0.12, 0.38)
280.30: (0.91, -0.08, 0.40)
280.40: (0.92, 0.00, 0.40)
280.45: (0.92, 0.01, 0.39)
280.45: (-1.00, -0.02, -0.03): 2
280.50: (0.92, 0.01, 0.39)
280.61: (0.92, 0.00, 0.39)
280.73: (0.92, 0.00, 0.39)
280.85: (0.95, -0.22, 0.20)
280.95: (0.90, -0.43, 0.01)
281.06: (0.90, -0.43, 0.01)
281.16: (0.90, -0.43, 0.01)
281.28: (0.99, -0.08, 0.11)
281.40: (0.87, 0.43, 0.22)
281.51: (0.54, 0.77, 0.33)
281.63: (0.11, 0.91, 0.39)
281.73: (-0.35, 0.86, 0.38)
281.85: (-0.71, 0.66, 0.24)
281.96: (-0.91, 0.41, 0.06)
282.08: (-0.99, 0.15, -0.09)
282.20: (-0.99, 0.03, -0.14)
282.31: (-0.99, 0.03, -0.10)
282.41: (-1.00, 0.02, -0.05)
282.41: (0.02, -0.05, 1.00): 1
282.41: (-1.00, 0.02, -0.05)
282.53: (-1.00, 0.02, -0.05)
282.64: (-1.00, 0.02, -0.04)
282.75: (-1.00, 0.06, -0.01)
282.86: (-1.00, 0.07, -0.01)
282.98: (-1.00, 0.07, -0.01)
283.08: (-1.00, 0.07, -0.01)
283.18: (-0.99, 0.11, 0.03)
283.29: (-1.00, -0.04, -0.05)
283.40: (-0.89, -0.42, -0.16)
283.51: (-0.51, -0.83, -0.23)
283.63: (-0.10, -0.97, -0.23)
283.74: (0.28, -0.94, -0.21)
283.84: (0.30, -0.94, -0.18)
283.96: (0.25, -0.95, -0.20)
284.08: (-0.08, -0.96, -0.27)
284.18: (-0.33, -0.90, -0.29)
284.29: (-0.44, -0.85, -0.28)
284.41: (-0.38, -0.87, -0.32)
284.53: (-0.04, -0.82, -0.57)
284.64: (0.56, -0.54, -0.63)
284.76: (0.83, -0.32, -0.46)
284.86: (0.93, -0.26, -0.27)
284.98: (0.98, -0.19, 0.00)
285.08: (0.98, -0.19, 0.00)
285.19: (0.98, -0.19, 0.00)
285.29: (0.98, -0.17, -0.02)
285.41: (0.99, -0.16, -0.03)
285.53: (0.95, -0.26, 0.17)
285.64: (0.80, -0.37, 0.47)
285.76: (0.69, -0.41, 0.60)
285.88: (0.52, -0.31, 0.79)
285.99: (0.37, -0.22, 0.90)
286.11: (0.10, -0.10, 0.99)
286.23: (0.06, -0.08, 1.00)
286.29: (0.06, -0.08, 0.99)
286.29: (0.64, -0.76, -0.08): 0
286.34: (0.06, -0.08, 0.99)
286.44: (0.06, -0.08, 1.00)
286.56: (0.21, -0.17, 0.96)
286.66: (0.53, -0.43, 0.73)
286.78: (0.57, -0.46, 0.68)
286.89: (0.55, -0.43, 0.72)
287.01: (0.72, -0.63, 0.30)
287.13: (0.71, -0.68, 0.18)
287.24: (0.70, -0.65, 0.29)
287.36: (0.71, -0.66, 0.24)
287.48: (0.69, -0.72, 0.07)
287.58: (0.69, -0.72, 0.07)
287.58: (-0.34, 0.32, 0.88): 2
287.58: (0.69, -0.72, 0.07)
287.69: (0.69, -0.72, 0.03)
287.81: (0.69, -0.72, 0.07)
287.93: (0.69, -0.72, 0.06)
288.03: (0.70, -0.71, 0.06)
288.14: (0.76, -0.65, 0.07)
288.24: (0.88, -0.47, 0.08)
288.36: (0.94, -0.25, 0.25)
288.48: (0.92, -0.17, 0.36)
288.59: (0.87, -0.14, 0.47)
288.71: (0.56, 0.04, 0.83)
288.83: (0.45, 0.01, 0.89)
288.94: (0.45, 0.01, 0.89)
289.04: (0.45, 0.01, 0.89)
289.16: (0.47, 0.04, 0.88)
289.28: (0.23, 0.16, 0.96)
289.39: (-0.02, 0.25, 0.97)
289.51: (-0.10, 0.22, 0.97)
289.63: (-0.19, 0.24, 0.95)
289.74: (-0.31, 0.30, 0.90)
289.84: (-0.31, 0.32, 0.90)
289.84: (0.10, 0.97, -0.21): 0
289.86: (-0.31, 0.32, 0.89)
289.98: (-0.31, 0.33, 0.89)
290.08: (-0.36, 0.34, 0.87)
290.18: (-0.32, 0.33, 0.89)
290.28: (-0.03, 0.28, 0.96)
290.39: (0.20, 0.23, 0.95)
290.51: (0.18, 0.22, 0.96)
290.61: (0.18, 0.22, 0.96)
290.73: (0.01, 0.32, 0.95)
290.84: (-0.38, 0.52, 0.76)
290.94: (-0.37, 0.47, 0.80)
291.06: (-0.37, 0.47, 0.80)
291.16: (-0.36, 0.47, 0.81)
291.28: (-0.38, 0.50, 0.78)
291.39: (-0.50, 0.55, 0.67)
291.49: (-0.63, 0.62, 0.46)
291.61: (-0.76, 0.65, 0.02)
291.73: (-0.78, 0.51, -0.35)
291.84: (-0.73, 0.26, -0.63)
291.96: (-0.66, 0.04, -0.75)
292.08: (-0.60, -0.13, -0.79)
292.18: (-0.60, -0.14, -0.79)
292.28: (-0.60, -0.14, -0.79)
292.39: (-0.62, -0.09, -0.78)
292.49: (-0.72, 0.07, -0.69)
292.61: (-0.80, 0.34, -0.50)
292.71: (-0.78, 0.54, -0.31)
292.83: (-0.71, 0.70, -0.10)
292.93: (-0.62, 0.79, 0.06)
293.03: (-0.51, 0.84, 0.20)
293.14: (-0.34, 0.86, 0.37)
293.26: (-0.14, 0.84, 0.53)
293.36: (-0.08, 0.82, 0.57)
293.48: (-0.06, 0.81, 0.58)
293.59: (-0.12, 0.87, 0.47)
293.71: (-0.23, 0.96, 0.15)
293.81: (-0.27, 0.96, -0.10)
293.93: (-0.31, 0.86, -0.41)
294.03: (-0.11, 0.91, -0.39)
294.14: (0.00, 0.95, -0.31)
294.26: (0.11, 0.97, -0.23)
294.36: (0.12, 0.97, -0.23)
294.36: (-0.57, 0.75, -0.33): 1
294.36: (0.12, 0.97, -0.23)
294.48: (0.11, 0.97, -0.23)
294.59: (0.10, 0.97, -0.23)
294.71: (-0.03, 0.95, -0.30)
294.83: (-0.42, 0.80, -0.43)
294.94: (-0.42, 0.85, -0.33)
295.06: (-0.38, 0.89, -0.27)
295.16: (-0.47, 0.83, -0.32)
295.28: (-0.53, 0.78, -0.34)
295.39: (-0.55, 0.77, -0.34)
295.39: (0.97, -0.21, 0.09): 2
295.39: (-0.55, 0.77, -0.34)
295.51: (-0.55, 0.77, -0.34)
295.61: (-0.55, 0.77, -0.34)
295.73: (-0.55, 0.77, -0.33)
295.83: (-0.57, 0.78, -0.28)
295.94: (-0.59, 0.77, -0.25)
296.04: (-0.59, 0.77, -0.25)
296.16: (-0.57, 0.78, -0.27)
296.26: (-0.56, 0.76, -0.33)
296.38: (-0.52, 0.78, -0.35)
296.49: (-0.50, 0.79, -0.36)
296.61: (-0.50, 0.79, -0.36)
296.71: (-0.50, 0.79, -0.36)
296.83: (-0.52, 0.76, -0.38)
296.94: (-0.63, 0.63, -0.45)
297.06: (-0.72, 0.47, -0.50)
297.18: (-0.81, 0.26, -0.52)
297.28: (-0.82, 0.11, -0.56)
297.39: (-0.86, -0.02, -0.51)
297.51: (-0.96, 0.21, -0.19)
297.61: (-0.96, 0.29, 0.02)
297.73: (-0.77, 0.60, 0.24)
297.83: (-0.41, 0.83, 0.37)
297.94: (-0.25, 0.88, 0.39)
298.06: (-0.23, 0.89, 0.40)
298.18: (0.08, 0.97, 0.24)
298.28: (0.37, 0.93, 0.00)
298.39: (0.61, 0.75, -0.26)
298.51: (0.75, 0.49, -0.44)
298.61: (0.83, 0.33, -0.46)
298.72: (0.83, 0.35, -0.45)
298.84: (0.83, 0.35, -0.45)
298.96: (0.89, 0.21, -0.40)
299.06: (0.98, 0.04, -0.21)
299.18: (1.00, -0.06, -0.06)
299.29: (1.00, -0.04, -0.09)
299.41: (0.99, -0.10, -0.08)
299.52: (0.98, -0.21, -0.02)
299.56: (0.98, -0.21, -0.02)
END