3/27/2023 3:04:25 PM
Mode: Stereo
White time (s): [2.449615, 0.8998718, 2.532806, 0.9496155, 2.166321, 2.216202, 3.499344, 1.682861, 0.9331818, 3.432785, 1.91629, 2.315903, 1.266495, 2.98259, 0.8499451, 1.816406, 2.382996, 1.149872, 9.181366, 2.649689, 1.899628, 0.9995422, 1.716492, 1.516479, 1.91629, 1.599792, 2.132874, 10.6312, 2.382629, 0.583374]
Shot time (s): [2.882477, 2.765717, 8.031464, 1.53299, 3.115891, 1.182709, 2.382782, 1.033005, 2.532974, 3.249176, 2.482819, 2.016388, 3.516006, 2.682724, 4.948669, 0.5997925, 1.333099, 1.632904, 7.23172, 4.58252, 1.683319, 1.233063, 1.016754, 1.666321, 2.266388, 1.733002, 0.7000427, 2.666016, 2.565918, 2.765717]
Step time (s): [2.049774, 2.299911, 1.982788, 3.399353, 2.049744, 1.649734, 1.632996, 2.18335, 5.798721, 3.815933, 7.848328, 1.78302, 3.099503, 2.932449, 2.482864, 2.299667, 7.465164, 4.84903, 1.899719, 1.982758, 1.782898, 0.716217, 5.415222, 1.232727, 1.033051, 6.098633, 2.332947, 2.099182, 0.7166138, 2.150085]
White horz (deg): [368.2199, 15.29499, 346.1799, 56.80997, 198.075, 168.435, 467.875, 70.29997, 39.51999, 142.69, 150.575, 171.19, 46.54998, 249.185, 15.48499, 187.91, 284.2399, 105.07, 893.7592, 241.3, 154.5649, 79.70494, 43.03498, 56.04998, 114.095, 116.47, 162.83, 1276.705, 82.83998, 11.96999]
Shot horz (deg): [383.8, 563.4446, 1274.425, 151.62, 374.1099, 77.04499, 102.0299, 24.03498, 226.1, 253.935, 194.75, 191.615, 486.97, 104.595, 730.6448, 2.754999, 147.63, 171.855, 878.5598, 232.845, 153.71, 14.535, 53.57998, 148.58, 146.68, 148.8649, 37.23999, 194.655, 268.9449, 192.565]
Step horz (deg): [132.05, 229.9949, 142.215, 334.78, 146.015, 134.71, 230.375, 294.5, 639.3497, 428.7349, 592.9897, 134.615, 199.0249, 155.23, 187.055, 164.54, 704.9943, 352.6399, 196.935, 159.695, 99.08495, 15.675, 330.6004, 68.96997, 92.90997, 386.5552, 179.55, 143.07, 29.63999, 179.645]
White vert (deg): [158.84, 15.29499, 151.905, 19.09499, 65.45497, 96.51996, 120.84, 42.36999, 7.694995, 61.55996, 71.15496, 105.925, 21.46999, 96.61499, 37.61999, 76.28498, 79.79998, 30.87498, 446.6901, 80.36999, 53.10498, 11.68499, 40.18499, 71.05997, 54.90998, 37.04998, 95.09497, 438.8056, 50.63498, 6.364997]
Shot vert (deg): [147.82, 140.98, 412.3004, 38.28498, 181.5449, 41.13499, 80.84496, 34.95999, 117.325, 92.52998, 84.92997, 52.05997, 188.86, 142.215, 191.14, 14.24999, 33.43998, 43.88998, 244.9104, 249.2802, 28.21499, 32.86999, 11.59, 119.225, 68.68497, 27.64499, 3.704998, 50.91997, 75.71497, 54.05499]
Step vert (deg): [55.95498, 34.57998, 52.72498, 119.5099, 98.41997, 38.47498, 63.93497, 70.96502, 152.475, 217.5499, 223.7251, 30.01999, 64.78997, 84.92996, 55.00498, 55.85998, 376.6753, 178.5052, 121.7899, 69.44497, 55.85998, 17.57499, 208.905, 43.12999, 45.40997, 219.4502, 40.84999, 37.04998, 19.66499, 35.90999]

Time in sec: camera forward versor
Time in sec: target versor: sound type (0 = White, 1 = Shot, 2 = Step)
START
135.06: (-0.87, -0.18, 0.47): 0
135.06: (0.07, -0.09, 0.99)
135.18: (0.06, -0.09, 0.99)
135.28: (-0.04, -0.21, 0.98)
135.39: (-0.18, -0.36, 0.92)
135.51: (-0.24, -0.44, 0.87)
135.63: (-0.43, -0.69, 0.58)
135.73: (-0.63, -0.78, -0.02)
135.84: (-0.72, -0.37, -0.59)
135.96: (-0.60, 0.20, -0.78)
136.06: (-0.40, 0.26, -0.88)
136.18: (-0.24, 0.27, -0.93)
136.29: (-0.79, -0.36, -0.50)
136.41: (-0.50, -0.70, 0.50)
136.51: (-0.35, -0.65, 0.67)
136.62: (-0.31, -0.64, 0.70)
136.74: (-0.07, -0.64, 0.77)
136.86: (-0.32, -0.48, 0.82)
136.98: (-0.77, -0.14, 0.62)
137.09: (-0.88, -0.05, 0.47)
137.21: (-0.83, -0.14, 0.54)
137.32: (-0.85, -0.24, 0.47)
137.42: (-0.89, -0.23, 0.38)
137.51: (-0.90, -0.23, 0.38)
137.51: (0.60, -0.43, 0.67): 1
137.53: (-0.90, -0.23, 0.38)
137.64: (-0.85, -0.24, 0.47)
137.76: (-0.70, -0.21, 0.68)
137.88: (-0.39, -0.27, 0.88)
137.99: (-0.19, -0.24, 0.95)
138.11: (-0.17, -0.22, 0.96)
138.22: (0.00, -0.02, 1.00)
138.32: (0.31, 0.32, 0.90)
138.44: (0.49, 0.59, 0.65)
138.56: (0.51, 0.69, 0.51)
138.67: (0.49, 0.83, 0.26)
138.77: (0.47, 0.88, 0.00)
138.89: (0.45, 0.85, -0.28)
139.01: (0.14, 0.90, -0.40)
139.11: (-0.09, 1.00, 0.01)
139.22: (-0.10, 0.74, 0.67)
139.34: (-0.05, 0.30, 0.95)
139.44: (0.07, -0.01, 1.00)
139.56: (0.13, -0.32, 0.94)
139.67: (0.15, -0.69, 0.70)
139.77: (0.19, -0.81, 0.55)
139.89: (0.51, -0.52, 0.68)
140.01: (0.63, -0.27, 0.73)
140.12: (0.60, -0.38, 0.70)
140.24: (0.58, -0.49, 0.66)
140.36: (0.57, -0.49, 0.66)
140.39: (0.58, -0.48, 0.66)
140.39: (-0.37, -0.75, -0.54): 2
140.46: (0.58, -0.48, 0.66)
140.57: (0.58, -0.48, 0.66)
140.67: (0.58, -0.48, 0.66)
140.79: (0.58, -0.50, 0.65)
140.91: (0.58, -0.52, 0.62)
141.02: (0.62, -0.58, 0.53)
141.14: (0.58, -0.75, 0.32)
141.26: (0.45, -0.89, 0.10)
141.37: (0.26, -0.95, -0.14)
141.49: (0.02, -0.88, -0.47)
141.61: (-0.15, -0.73, -0.66)
141.72: (-0.28, -0.74, -0.62)
141.84: (-0.38, -0.83, -0.42)
141.94: (-0.47, -0.72, -0.51)
142.06: (-0.42, -0.66, -0.62)
142.16: (-0.33, -0.71, -0.63)
142.27: (-0.34, -0.74, -0.58)
142.39: (-0.36, -0.73, -0.58)
142.44: (-0.36, -0.73, -0.58)
142.44: (-0.69, 0.61, 0.38): 1
142.49: (-0.36, -0.73, -0.59)
142.61: (-0.35, -0.73, -0.59)
142.72: (-0.32, -0.74, -0.59)
142.84: (-0.26, -0.71, -0.65)
142.96: (-0.22, -0.51, -0.83)
143.07: (-0.41, 0.14, -0.90)
143.17: (-0.38, 0.69, -0.62)
143.29: (-0.32, 0.81, -0.50)
143.41: (-0.21, 0.93, -0.31)
143.52: (-0.13, 0.98, -0.16)
143.62: (-0.32, -0.02, -0.95)
143.74: (0.32, -0.76, 0.57)
143.86: (0.46, -0.08, 0.88)
143.97: (0.40, 0.13, 0.91)
144.09: (0.15, 0.70, 0.70)
144.21: (-0.22, 0.97, 0.09)
144.32: (-0.44, 0.85, -0.28)
144.44: (-0.73, 0.67, -0.10)
144.56: (-0.93, 0.36, 0.00)
144.67: (-0.87, 0.48, 0.08)
144.79: (-0.56, 0.72, 0.40)
144.91: (-0.57, 0.67, 0.47)
145.02: (-0.67, 0.62, 0.42)
145.12: (-0.70, 0.59, 0.39)
145.21: (-0.70, 0.60, 0.39)
145.21: (0.16, -0.43, -0.89): 2
145.24: (-0.70, 0.60, 0.39)
145.34: (-0.69, 0.60, 0.39)
145.44: (-0.68, 0.62, 0.40)
145.54: (-0.63, 0.65, 0.42)
145.66: (-0.62, 0.66, 0.42)
145.77: (-0.62, 0.66, 0.42)
145.89: (-0.62, 0.66, 0.42)
145.99: (-0.68, 0.62, 0.39)
146.11: (-0.69, 0.62, 0.38)
146.21: (-0.73, 0.60, 0.34)
146.32: (-0.77, 0.58, 0.27)
146.42: (-0.80, 0.58, 0.15)
146.54: (-0.83, 0.34, -0.44)
146.66: (-0.65, 0.05, -0.76)
146.77: (-0.43, -0.18, -0.88)
146.89: (0.20, -0.50, -0.84)
146.99: (0.65, -0.54, -0.53)
147.11: (0.37, -0.50, -0.78)
147.22: (0.00, -0.43, -0.90)
147.34: (0.04, -0.42, -0.91)
147.44: (0.11, -0.42, -0.90)
147.51: (0.11, -0.42, -0.90)
147.51: (-0.98, -0.17, 0.04): 1
147.56: (0.11, -0.42, -0.90)
147.67: (0.11, -0.42, -0.90)
147.79: (0.08, -0.40, -0.91)
147.89: (0.05, -0.35, -0.93)
148.01: (-0.08, -0.23, -0.97)
148.12: (-0.35, -0.03, -0.94)
148.22: (-0.62, 0.17, -0.77)
148.34: (-0.86, 0.40, -0.32)
148.46: (-0.86, 0.51, 0.05)
148.57: (-0.68, 0.53, 0.50)
148.67: (-0.46, 0.49, 0.74)
148.79: (-0.07, 0.38, 0.92)
148.91: (0.46, 0.02, 0.89)
149.02: (0.65, -0.30, 0.70)
149.14: (0.74, -0.42, 0.53)
149.24: (0.77, -0.57, 0.28)
149.36: (0.67, -0.66, -0.35)
149.47: (0.32, -0.65, -0.69)
149.59: (-0.01, -0.74, -0.67)
149.71: (-0.37, -0.70, -0.61)
149.81: (-0.61, -0.33, -0.73)
149.92: (-0.70, 0.00, -0.71)
150.02: (-0.63, 0.47, -0.61)
150.12: (-0.33, 0.90, -0.29)
150.24: (-0.02, 1.00, 0.02)
150.36: (0.18, 0.88, 0.44)
150.47: (0.34, 0.76, 0.55)
150.57: (0.15, 0.98, -0.11)
150.67: (-0.17, 0.39, -0.91)
150.79: (-0.27, -0.48, -0.84)
150.91: (-0.48, -0.82, -0.32)
151.02: (-0.62, -0.60, 0.51)
151.14: (-0.45, -0.24, 0.86)
151.26: (-0.20, 0.27, 0.94)
151.37: (0.34, 0.81, 0.48)
151.47: (0.38, 0.92, 0.11)
151.59: (0.29, 0.93, -0.24)
151.71: (0.14, 0.83, -0.53)
151.82: (0.00, 0.73, -0.68)
151.92: (-0.08, 0.56, -0.83)
152.02: (-0.15, 0.32, -0.94)
152.14: (0.05, -0.04, -1.00)
152.26: (0.47, -0.51, -0.72)
152.37: (0.68, -0.69, -0.25)
152.49: (0.76, -0.65, -0.03)
152.59: (0.80, -0.59, 0.15)
152.69: (0.80, -0.57, 0.20)
152.79: (0.81, -0.57, 0.16)
152.91: (0.81, -0.57, 0.15)
153.02: (0.81, -0.57, 0.15)
153.14: (0.82, -0.55, 0.13)
153.24: (0.86, -0.50, 0.07)
153.35: (0.91, -0.41, -0.06)
153.47: (0.94, -0.33, -0.07)
153.59: (0.98, -0.14, 0.11)
153.71: (0.94, -0.01, 0.33)
153.82: (0.84, -0.01, 0.54)
153.94: (0.63, -0.11, 0.77)
154.04: (0.54, -0.14, 0.83)
154.16: (0.49, -0.14, 0.86)
154.27: (0.23, -0.10, 0.97)
154.39: (-0.19, -0.15, 0.97)
154.50: (-0.33, -0.23, 0.92)
154.62: (-0.51, -0.33, 0.80)
154.72: (-0.62, -0.41, 0.67)
154.84: (-0.81, -0.41, 0.42)
154.95: (-0.92, -0.35, 0.18)
155.07: (-0.94, -0.33, 0.09)
155.17: (-0.94, -0.31, 0.13)
155.29: (-0.94, -0.25, 0.22)
155.40: (-0.96, -0.23, 0.13)
155.50: (-0.98, -0.21, 0.01)
155.54: (-0.98, -0.21, 0.01)
155.54: (-0.98, 0.16, -0.11): 0
155.62: (-0.98, -0.21, 0.01)
155.74: (-0.98, -0.21, 0.01)
155.85: (-0.98, -0.21, 0.01)
155.97: (-0.99, -0.12, -0.03)
156.09: (-1.00, 0.03, -0.01)
156.20: (-1.00, 0.04, -0.01)
156.32: (-0.99, 0.12, -0.12)
156.44: (-0.98, 0.13, -0.14)
156.44: (-0.62, -0.71, 0.33): 1
156.44: (-0.98, 0.13, -0.14)
156.54: (-0.98, 0.13, -0.14)
156.65: (-0.98, 0.12, -0.14)
156.77: (-0.98, 0.12, -0.14)
156.89: (-0.98, 0.12, -0.14)
157.00: (-1.00, 0.05, 0.02)
157.12: (-0.89, -0.13, 0.43)
157.24: (-0.57, -0.30, 0.76)
157.34: (-0.17, -0.37, 0.91)
157.45: (-0.15, -0.38, 0.91)
157.57: (-0.67, -0.46, 0.58)
157.69: (-0.71, -0.58, 0.39)
157.80: (-0.59, -0.69, 0.42)
157.90: (-0.58, -0.70, 0.42)
157.97: (-0.59, -0.69, 0.42)
157.97: (0.95, -0.02, 0.31): 2
158.02: (-0.59, -0.69, 0.42)
158.14: (-0.60, -0.68, 0.43)
158.24: (-0.59, -0.67, 0.45)
158.35: (-0.53, -0.65, 0.54)
158.47: (-0.52, -0.65, 0.56)
158.59: (-0.46, -0.63, 0.62)
158.70: (-0.34, -0.62, 0.70)
158.80: (-0.29, -0.63, 0.72)
158.92: (-0.23, -0.63, 0.74)
159.02: (-0.18, -0.62, 0.76)
159.14: (-0.05, -0.66, 0.75)
159.25: (0.53, -0.61, 0.58)
159.35: (0.90, -0.30, 0.31)
159.47: (0.99, -0.02, 0.13)
159.59: (0.97, 0.05, 0.25)
159.69: (0.90, -0.03, 0.43)
159.79: (0.92, -0.03, 0.40)
159.90: (0.95, 0.00, 0.32)
159.95: (0.95, 0.00, 0.32)
159.95: (-0.60, 0.68, 0.42): 2
160.00: (0.95, 0.00, 0.32)
160.12: (0.95, 0.00, 0.32)
160.24: (0.95, 0.00, 0.32)
160.35: (0.94, 0.02, 0.35)
160.47: (0.92, 0.06, 0.39)
160.57: (0.92, 0.06, 0.39)
160.69: (0.91, 0.08, 0.40)
160.80: (0.91, 0.10, 0.41)
160.90: (0.91, 0.10, 0.41)
161.02: (0.90, 0.12, 0.41)
161.14: (0.89, 0.24, 0.38)
161.25: (0.89, 0.25, 0.38)
161.35: (0.89, 0.25, 0.37)
161.47: (0.91, 0.36, 0.22)
161.59: (0.75, 0.64, -0.17)
161.69: (0.39, 0.78, -0.49)
161.80: (-0.20, 0.70, -0.68)
161.92: (-0.66, 0.36, -0.66)
162.02: (-0.85, 0.06, -0.53)
162.14: (-0.91, -0.28, -0.29)
162.25: (-0.91, -0.42, -0.05)
162.37: (-0.94, -0.31, 0.15)
162.49: (-0.91, -0.03, 0.41)
162.59: (-0.74, 0.08, 0.67)
162.69: (-0.68, 0.18, 0.71)
162.80: (-0.81, 0.53, 0.24)
162.92: (-0.65, 0.72, -0.24)
163.04: (-0.67, 0.74, 0.12)
163.15: (-0.59, 0.69, 0.41)
163.25: (-0.59, 0.69, 0.41)
163.35: (-0.59, 0.69, 0.41)
163.35: (-0.09, 0.00, 1.00): 2
163.37: (-0.59, 0.69, 0.41)
163.47: (-0.59, 0.69, 0.41)
163.59: (-0.59, 0.69, 0.41)
163.70: (-0.61, 0.69, 0.38)
163.82: (-0.62, 0.70, 0.35)
163.92: (-0.66, 0.69, 0.29)
164.04: (-0.70, 0.69, 0.18)
164.15: (-0.74, 0.61, 0.28)
164.27: (-0.76, 0.34, 0.56)
164.37: (-0.74, -0.01, 0.68)
164.49: (-0.47, -0.47, 0.75)
164.60: (-0.20, -0.46, 0.87)
164.70: (0.04, -0.17, 0.98)
164.82: (0.14, 0.00, 0.99)
164.92: (0.10, -0.01, 0.99)
165.04: (-0.12, -0.01, 0.99)
165.15: (-0.26, 0.06, 0.96)
165.27: (-0.13, 0.06, 0.99)
165.37: (-0.05, 0.05, 1.00)
165.40: (-0.05, 0.05, 1.00)
165.40: (-0.47, -0.88, -0.03): 0
165.49: (-0.05, 0.05, 1.00)
165.60: (-0.05, 0.05, 1.00)
165.72: (-0.03, 0.01, 1.00)
165.84: (0.16, -0.09, 0.98)
165.94: (0.22, -0.15, 0.96)
166.05: (-0.22, -0.16, 0.96)
166.17: (-0.79, 0.13, 0.59)
166.27: (-0.89, 0.26, 0.37)
166.39: (-0.93, 0.29, 0.22)
166.50: (-0.90, 0.43, 0.10)
166.60: (-0.80, 0.58, 0.15)
166.72: (-0.54, 0.66, 0.52)
166.84: (-0.38, 0.55, 0.74)
166.95: (-0.21, 0.27, 0.94)
167.07: (-0.14, -0.38, 0.91)
167.17: (-0.13, -0.89, 0.44)
167.29: (-0.05, -0.96, -0.29)
167.40: (-0.02, -0.84, -0.55)
167.50: (-0.01, -0.81, -0.59)
167.62: (-0.39, -0.91, -0.16)
167.74: (-0.54, -0.84, 0.01)
167.85: (-0.54, -0.84, 0.01)
167.94: (-0.54, -0.84, 0.01)
167.94: (-0.59, 0.80, -0.13): 1
167.95: (-0.54, -0.84, 0.01)
168.07: (-0.49, -0.87, 0.02)
168.19: (-0.48, -0.87, 0.02)
168.30: (-0.48, -0.87, 0.02)
168.40: (-0.55, -0.84, 0.06)
168.52: (-0.55, -0.84, 0.06)
168.63: (-0.55, -0.84, 0.06)
168.74: (-0.62, -0.74, 0.25)
168.85: (-0.70, -0.65, 0.31)
168.97: (-0.76, -0.17, 0.63)
169.08: (-0.45, 0.47, 0.76)
169.19: (0.03, 0.89, 0.46)
169.30: (0.17, 0.94, 0.31)
169.42: (0.23, 0.94, 0.24)
169.52: (0.43, 0.90, 0.01)
169.62: (0.72, 0.67, -0.20)
169.73: (0.93, 0.35, -0.13)
169.85: (0.83, 0.49, 0.27)
169.97: (0.82, 0.53, 0.21)
170.07: (0.24, 0.91, 0.35)
170.18: (-0.66, 0.74, 0.15)
170.30: (-0.71, 0.62, -0.33)
170.42: (-0.56, 0.66, -0.50)
170.53: (-0.60, 0.77, -0.22)
170.65: (-0.73, 0.68, -0.03)
170.75: (-0.76, 0.65, 0.02)
170.87: (-0.72, 0.70, -0.01)
170.98: (-0.53, 0.84, -0.13)
171.05: (-0.52, 0.84, -0.14)
171.05: (-0.92, -0.22, 0.32): 2
171.10: (-0.52, 0.84, -0.14)
171.22: (-0.61, 0.78, -0.12)
171.32: (-0.71, 0.70, -0.10)
171.43: (-0.84, 0.54, 0.08)
171.53: (-0.85, 0.49, 0.20)
171.63: (-0.81, 0.55, 0.21)
171.75: (-0.90, 0.35, 0.27)
171.87: (-0.91, -0.37, 0.20)
171.98: (-0.89, -0.44, 0.16)
172.10: (-0.93, -0.27, 0.24)
172.22: (-0.93, -0.16, 0.32)
172.33: (-0.89, -0.30, 0.34)
172.43: (-0.87, -0.35, 0.35)
172.55: (-0.89, -0.30, 0.36)
172.67: (-0.92, -0.18, 0.35)
172.70: (-0.92, -0.18, 0.35)
172.70: (0.56, 0.72, -0.41): 2
172.78: (-0.92, -0.19, 0.34)
172.90: (-0.92, -0.22, 0.32)
173.02: (-0.79, -0.57, 0.24)
173.12: (-0.28, -0.95, 0.09)
173.23: (0.19, -0.98, -0.03)
173.35: (0.49, -0.87, -0.08)
173.47: (0.67, -0.73, -0.15)
173.58: (0.92, 0.15, -0.36)
173.70: (0.73, 0.64, -0.25)
173.80: (0.69, 0.72, -0.10)
173.92: (0.69, 0.72, -0.12)
174.02: (0.68, 0.67, -0.30)
174.13: (0.58, 0.68, -0.45)
174.23: (0.51, 0.77, -0.37)
174.33: (0.50, 0.81, -0.31)
174.33: (0.54, -0.01, -0.84): 1
174.35: (0.50, 0.81, -0.31)
174.47: (0.51, 0.79, -0.33)
174.58: (0.56, 0.73, -0.39)
174.70: (0.55, 0.73, -0.41)
174.80: (0.48, 0.79, -0.38)
174.92: (0.37, 0.86, -0.36)
175.03: (0.50, 0.74, -0.44)
175.13: (0.72, 0.34, -0.60)
175.25: (0.64, 0.15, -0.75)
175.37: (0.57, 0.03, -0.82)
175.48: (0.62, -0.09, -0.78)
175.52: (0.63, -0.11, -0.77)
175.52: (-0.63, -0.78, 0.00): 2
175.60: (0.63, -0.10, -0.77)
175.72: (0.63, -0.09, -0.77)
175.83: (0.65, -0.03, -0.76)
175.95: (0.65, -0.02, -0.76)
176.05: (0.65, 0.02, -0.76)
176.17: (0.60, 0.34, -0.73)
176.28: (0.37, 0.74, -0.56)
176.40: (0.73, 0.37, -0.58)
176.50: (0.82, -0.53, -0.20)
176.62: (0.53, -0.83, 0.16)
176.73: (0.34, -0.91, 0.23)
176.85: (0.03, -0.96, 0.29)
176.95: (-0.53, -0.75, 0.39)
177.05: (-0.80, -0.48, 0.37)
177.17: (-0.71, -0.65, 0.26)
177.28: (-0.64, -0.76, 0.11)
177.40: (-0.72, -0.69, 0.05)
177.50: (-0.73, -0.68, 0.01)
177.60: (-0.63, -0.78, 0.00)
177.70: (-0.59, -0.80, 0.02)
177.70: (-0.96, 0.09, 0.28): 0
177.72: (-0.59, -0.80, 0.02)
177.83: (-0.60, -0.80, 0.03)
177.95: (-0.60, -0.80, 0.03)
178.07: (-0.76, -0.65, 0.05)
178.18: (-0.90, -0.44, 0.09)
178.30: (-0.99, -0.11, 0.11)
178.40: (-0.98, -0.04, 0.20)
178.52: (-0.95, 0.00, 0.32)
178.63: (-0.94, 0.07, 0.34)
178.65: (-0.94, 0.07, 0.34)
178.65: (0.21, 0.29, 0.94): 2
178.75: (-0.94, 0.12, 0.33)
178.87: (-0.92, 0.28, 0.29)
178.98: (-0.87, 0.41, 0.27)
179.08: (-0.80, 0.56, 0.23)
179.20: (-0.73, 0.65, 0.22)
179.30: (-0.72, 0.65, 0.22)
179.40: (-0.72, 0.65, 0.22)
179.52: (-0.81, 0.53, 0.24)
179.62: (-0.81, 0.53, 0.25)
179.73: (-0.81, 0.53, 0.25)
179.85: (-0.81, 0.53, 0.24)
179.95: (-0.81, 0.53, 0.24)
180.07: (-0.81, 0.53, 0.24)
180.18: (-0.81, 0.53, 0.24)
180.28: (-0.89, 0.38, 0.25)
180.40: (-0.87, -0.39, 0.30)
180.52: (-0.46, -0.86, 0.20)
180.63: (-0.17, -0.98, 0.09)
180.75: (0.12, -0.99, -0.02)
180.87: (0.40, -0.90, -0.16)
180.98: (0.64, -0.72, -0.28)
181.08: (0.77, -0.53, -0.36)
181.20: (0.87, -0.27, -0.41)
181.32: (0.90, 0.15, -0.42)
181.43: (0.73, 0.63, -0.26)
181.55: (0.53, 0.84, -0.11)
181.67: (0.32, 0.95, 0.03)
181.78: (0.06, 0.99, 0.14)
181.88: (-0.16, 0.96, 0.23)
182.00: (-0.43, 0.82, 0.37)
182.10: (-0.60, 0.66, 0.45)
182.22: (-0.69, 0.55, 0.47)
182.33: (-0.82, 0.31, 0.48)
182.45: (-0.88, 0.19, 0.44)
182.55: (-0.90, 0.24, 0.36)
182.67: (-0.92, 0.36, 0.14)
182.78: (-0.92, 0.40, -0.07)
182.88: (-0.82, 0.56, -0.16)
182.98: (-0.33, 0.94, -0.13)
183.10: (0.12, 0.99, 0.01)
183.22: (0.17, 0.98, 0.09)
183.33: (0.19, 0.95, 0.24)
183.45: (0.34, 0.84, 0.41)
183.55: (0.57, 0.65, 0.51)
183.67: (0.79, 0.27, 0.55)
183.78: (0.86, 0.03, 0.50)
183.90: (0.86, -0.13, 0.50)
184.02: (0.65, 0.10, 0.75)
184.12: (0.37, 0.30, 0.88)
184.23: (0.28, 0.36, 0.89)
184.35: (0.26, 0.34, 0.90)
184.45: (0.24, 0.33, 0.91)
184.45: (0.73, -0.34, -0.59): 0
184.47: (0.24, 0.33, 0.91)
184.57: (0.24, 0.33, 0.91)
184.68: (0.24, 0.33, 0.91)
184.80: (0.30, 0.32, 0.90)
184.90: (0.34, 0.31, 0.89)
185.02: (0.34, 0.31, 0.89)
185.13: (0.36, 0.19, 0.91)
185.25: (0.54, -0.14, 0.83)
185.36: (0.68, -0.40, 0.61)
185.47: (0.72, -0.54, 0.43)
185.58: (0.70, -0.71, 0.05)
185.70: (0.53, -0.76, -0.37)
185.82: (0.17, -0.59, -0.79)
185.93: (0.13, -0.51, -0.85)
186.05: (0.48, -0.45, -0.75)
186.16: (0.59, -0.25, -0.76)
186.26: (0.59, -0.30, -0.75)
186.38: (0.65, -0.34, -0.68)
186.50: (0.72, -0.36, -0.59)
186.61: (0.76, -0.35, -0.55)
186.61: (-0.99, 0.09, -0.11): 2
186.61: (0.76, -0.35, -0.55)
186.73: (0.75, -0.35, -0.56)
186.83: (0.76, -0.37, -0.54)
186.95: (0.82, -0.34, -0.45)
187.05: (0.85, -0.37, -0.38)
187.16: (0.84, -0.54, 0.02)
187.26: (0.63, -0.66, 0.41)
187.36: (0.50, -0.78, 0.37)
187.48: (0.49, -0.87, -0.08)
187.60: (0.47, -0.81, -0.37)
187.71: (0.39, -0.67, -0.63)
187.83: (0.27, -0.44, -0.86)
187.95: (0.12, -0.17, -0.98)
188.06: (-0.04, 0.13, -0.99)
188.16: (-0.16, 0.36, -0.92)
188.28: (-0.23, 0.56, -0.79)
188.40: (-0.34, 0.76, -0.55)
188.50: (-0.39, 0.87, -0.31)
188.61: (-0.40, 0.91, -0.09)
188.71: (-0.39, 0.90, 0.21)
188.83: (-0.35, 0.83, 0.43)
188.95: (-0.27, 0.76, 0.59)
189.05: (-0.13, 0.76, 0.64)
189.16: (0.11, 0.77, 0.63)
189.28: (0.38, 0.80, 0.47)
189.40: (0.58, 0.77, 0.26)
189.51: (0.54, 0.84, 0.11)
189.61: (0.24, 0.97, -0.11)
189.73: (-0.32, 0.94, -0.07)
189.85: (-0.75, 0.64, -0.15)
189.96: (-0.88, 0.29, -0.37)
190.06: (-0.90, 0.13, -0.42)
190.18: (-0.94, 0.02, -0.34)
190.30: (-0.98, 0.05, -0.18)
190.40: (-0.98, 0.03, -0.17)
190.43: (-0.98, 0.03, -0.17)
190.43: (0.47, -0.43, 0.77): 0
190.51: (-0.99, 0.03, -0.17)
190.63: (-0.99, 0.06, -0.15)
190.75: (-0.97, 0.11, -0.22)
190.85: (-0.97, 0.11, -0.22)
190.96: (-0.97, 0.11, -0.22)
191.06: (-0.97, 0.10, -0.21)
191.18: (-0.99, 0.06, -0.12)
191.30: (-0.99, 0.11, -0.01)
191.41: (-0.83, 0.40, 0.38)
191.51: (-0.47, 0.50, 0.73)
191.63: (-0.24, 0.47, 0.85)
191.75: (-0.10, 0.49, 0.87)
191.86: (0.32, 0.47, 0.82)
191.98: (0.55, 0.27, 0.79)
192.10: (0.46, -0.17, 0.87)
192.20: (0.22, -0.39, 0.89)
192.31: (0.19, -0.39, 0.90)
192.43: (0.38, -0.39, 0.84)
192.55: (0.52, -0.38, 0.77)
192.65: (0.52, -0.38, 0.77)
192.65: (0.33, 0.84, 0.43): 1
192.65: (0.52, -0.38, 0.77)
192.76: (0.52, -0.38, 0.77)
192.86: (0.52, -0.38, 0.77)
192.98: (0.53, -0.36, 0.76)
193.10: (0.55, -0.34, 0.76)
193.20: (0.55, -0.33, 0.77)
193.31: (0.55, -0.33, 0.77)
193.41: (0.56, -0.30, 0.77)
193.53: (0.56, -0.25, 0.79)
193.63: (0.57, -0.21, 0.79)
193.75: (0.57, -0.18, 0.80)
193.85: (0.52, -0.12, 0.85)
193.96: (0.40, 0.03, 0.92)
194.06: (0.23, 0.19, 0.95)
194.16: (0.11, 0.32, 0.94)
194.28: (-0.02, 0.44, 0.90)
194.40: (-0.19, 0.55, 0.82)
194.50: (-0.33, 0.63, 0.71)
194.61: (-0.16, 0.71, 0.69)
194.73: (0.16, 0.75, 0.65)
194.85: (0.26, 0.81, 0.52)
194.96: (0.40, 0.79, 0.46)
195.03: (0.41, 0.79, 0.46)
195.03: (-0.17, 0.77, -0.62): 0
195.06: (0.41, 0.79, 0.46)
195.18: (0.41, 0.79, 0.46)
195.30: (0.39, 0.80, 0.47)
195.41: (0.37, 0.79, 0.49)
195.51: (0.36, 0.78, 0.51)
195.63: (0.27, 0.79, 0.55)
195.75: (-0.05, 0.81, 0.58)
195.86: (-0.36, 0.76, 0.54)
195.98: (-0.67, 0.61, 0.43)
196.08: (-0.84, 0.47, 0.28)
196.20: (-0.88, 0.42, 0.23)
196.31: (-1.00, -0.03, -0.08)
196.41: (-0.79, -0.46, -0.40)
196.53: (-0.42, -0.72, -0.55)
196.65: (-0.17, -0.80, -0.58)
196.76: (0.20, -0.84, -0.50)
196.88: (0.59, -0.75, -0.30)
197.00: (0.87, -0.50, 0.04)
197.10: (0.94, -0.15, 0.31)
197.21: (0.84, 0.18, 0.51)
197.33: (0.47, 0.68, 0.56)
197.43: (0.16, 0.92, 0.37)
197.55: (-0.06, 0.99, 0.14)
197.66: (-0.31, 0.95, -0.11)
197.78: (-0.55, 0.77, -0.33)
197.90: (-0.59, 0.69, -0.42)
198.00: (-0.35, 0.82, -0.46)
198.11: (-0.03, 0.79, -0.62)
198.23: (-0.04, 0.76, -0.64)
198.35: (-0.10, 0.76, -0.64)
198.46: (-0.17, 0.76, -0.63)
198.53: (-0.19, 0.76, -0.62)
198.53: (0.47, 0.84, 0.26): 0
198.58: (-0.19, 0.76, -0.62)
198.70: (-0.18, 0.76, -0.63)
198.80: (-0.12, 0.77, -0.63)
198.90: (-0.12, 0.77, -0.63)
199.01: (-0.12, 0.77, -0.63)
199.13: (-0.12, 0.77, -0.63)
199.25: (-0.07, 0.85, -0.52)
199.36: (-0.07, 0.88, -0.46)
199.48: (-0.08, 0.90, -0.42)
199.60: (-0.06, 0.97, -0.21)
199.70: (0.03, 1.00, 0.08)
199.81: (0.10, 0.96, 0.26)
199.93: (0.21, 0.93, 0.31)
200.05: (0.38, 0.85, 0.36)
200.15: (0.42, 0.84, 0.35)
200.21: (0.45, 0.83, 0.35)
200.21: (0.81, 0.27, 0.52): 0
200.26: (0.45, 0.82, 0.34)
200.36: (0.45, 0.82, 0.34)
200.46: (0.45, 0.82, 0.34)
200.58: (0.46, 0.82, 0.34)
200.68: (0.59, 0.66, 0.46)
200.80: (0.72, 0.43, 0.54)
200.91: (0.76, 0.37, 0.54)
201.01: (0.77, 0.35, 0.53)
201.13: (0.80, 0.27, 0.53)
201.15: (0.80, 0.27, 0.53)
201.15: (1.00, -0.06, -0.03): 1
201.25: (0.80, 0.27, 0.53)
201.35: (0.80, 0.27, 0.53)
201.46: (0.80, 0.27, 0.53)
201.58: (0.83, 0.23, 0.51)
201.69: (0.93, -0.04, 0.36)
201.80: (0.97, -0.14, 0.22)
201.91: (0.98, -0.13, 0.14)
202.01: (0.99, -0.10, 0.08)
202.13: (0.99, -0.11, 0.02)
202.18: (0.99, -0.11, 0.01)
202.18: (0.62, 0.05, -0.79): 2
202.23: (0.99, -0.11, 0.01)
202.34: (0.99, -0.11, 0.01)
202.46: (0.99, -0.11, 0.02)
202.58: (0.99, -0.10, 0.02)
202.68: (1.00, -0.09, 0.03)
202.78: (1.00, -0.09, 0.03)
202.89: (1.00, -0.09, 0.03)
203.01: (1.00, -0.08, 0.04)
203.11: (1.00, -0.08, 0.04)
203.23: (1.00, -0.08, 0.04)
203.33: (1.00, -0.08, 0.04)
203.44: (1.00, -0.08, 0.04)
203.54: (1.00, -0.07, 0.04)
203.66: (1.00, -0.07, 0.04)
203.76: (1.00, -0.07, 0.04)
203.88: (1.00, -0.07, 0.04)
203.99: (1.00, 0.07, 0.03)
204.11: (0.97, 0.23, 0.01)
204.23: (0.94, 0.35, 0.02)
204.34: (0.90, 0.44, 0.04)
204.44: (0.87, 0.48, 0.05)
204.56: (0.85, 0.52, 0.06)
204.68: (0.83, 0.56, 0.07)
204.79: (0.77, 0.63, 0.11)
204.89: (0.69, 0.71, 0.13)
205.01: (0.65, 0.75, 0.14)
205.13: (0.55, 0.82, 0.14)
205.24: (0.38, 0.92, 0.13)
205.36: (0.29, 0.95, 0.13)
205.46: (0.23, 0.97, 0.12)
205.58: (0.13, 0.99, 0.11)
205.68: (-0.04, 1.00, 0.05)
205.78: (-0.12, 0.99, 0.00)
205.89: (-0.18, 0.98, -0.02)
206.01: (-0.28, 0.96, -0.05)
206.13: (-0.39, 0.91, -0.12)
206.23: (-0.49, 0.86, -0.13)
206.34: (-0.54, 0.83, -0.15)
206.46: (-0.58, 0.79, -0.18)
206.58: (-0.51, 0.85, -0.14)
206.69: (-0.13, 0.99, 0.02)
206.79: (0.27, 0.95, 0.16)
206.91: (0.81, 0.51, 0.29)
207.03: (0.97, -0.05, 0.24)
207.13: (0.96, -0.16, 0.22)
207.24: (0.94, -0.30, 0.15)
207.36: (0.82, -0.57, 0.02)
207.48: (0.60, -0.79, -0.11)
207.58: (0.49, -0.85, -0.20)
207.69: (0.36, -0.88, -0.30)
207.81: (0.17, -0.90, -0.41)
207.93: (-0.04, -0.85, -0.52)
208.03: (-0.01, -0.87, -0.50)
208.14: (0.36, -0.89, -0.27)
208.26: (0.61, -0.79, 0.07)
208.38: (0.71, -0.66, 0.25)
208.49: (0.83, -0.40, 0.38)
208.61: (0.85, 0.03, 0.53)
208.71: (0.74, 0.39, 0.55)
208.83: (0.65, 0.63, 0.42)
208.93: (0.57, 0.76, 0.32)
209.04: (0.55, 0.83, 0.06)
209.16: (0.69, 0.70, -0.17)
209.26: (0.69, 0.59, -0.41)
209.38: (0.52, 0.51, -0.69)
209.48: (0.32, 0.37, -0.87)
209.59: (0.09, 0.34, -0.94)
209.71: (0.44, 0.19, -0.88)
209.81: (0.61, 0.13, -0.79)
209.93: (0.60, 0.08, -0.79)
210.03: (0.65, 0.02, -0.76)
210.03: (-0.53, 0.79, 0.30): 1
210.04: (0.65, 0.02, -0.76)
210.14: (0.65, 0.02, -0.76)
210.26: (0.62, 0.04, -0.78)
210.38: (0.61, 0.04, -0.79)
210.49: (0.61, 0.04, -0.79)
210.59: (0.64, 0.03, -0.77)
210.69: (0.67, 0.04, -0.74)
210.81: (0.43, 0.24, -0.87)
210.93: (0.16, 0.38, -0.91)
211.04: (0.08, 0.46, -0.88)
211.14: (-0.18, 0.59, -0.78)
211.26: (-0.37, 0.76, -0.53)
211.36: (-0.03, 0.94, -0.35)
211.48: (0.46, 0.81, -0.37)
211.59: (0.61, 0.67, -0.42)
211.69: (0.53, 0.77, -0.36)
211.81: (0.03, 0.99, -0.16)
211.93: (-0.39, 0.92, -0.09)
212.03: (-0.50, 0.86, -0.08)
212.14: (-0.57, 0.82, 0.09)
212.24: (-0.62, 0.76, 0.18)
212.36: (-0.66, 0.71, 0.25)
212.46: (-0.62, 0.72, 0.32)
212.56: (-0.57, 0.73, 0.39)
212.56: (-0.59, 0.65, -0.48): 0
212.58: (-0.57, 0.73, 0.39)
212.69: (-0.57, 0.74, 0.36)
212.81: (-0.56, 0.74, 0.36)
212.91: (-0.56, 0.74, 0.36)
213.01: (-0.56, 0.74, 0.36)
213.13: (-0.56, 0.74, 0.36)
213.23: (-0.56, 0.74, 0.36)
213.34: (-0.56, 0.75, 0.36)
213.46: (-0.54, 0.78, 0.33)
213.58: (-0.50, 0.82, 0.28)
213.69: (-0.43, 0.87, 0.23)
213.81: (-0.41, 0.89, 0.22)
213.93: (-0.39, 0.89, 0.22)
214.04: (-0.39, 0.89, 0.22)
214.16: (-0.39, 0.90, 0.21)
214.26: (-0.30, 0.94, 0.14)
214.36: (-0.17, 0.98, 0.06)
214.46: (-0.03, 1.00, -0.03)
214.58: (0.12, 0.99, -0.12)
214.69: (0.25, 0.95, -0.20)
214.81: (0.34, 0.90, -0.26)
214.93: (0.43, 0.84, -0.33)
215.03: (0.44, 0.83, -0.34)
215.14: (0.25, 0.93, -0.27)
215.24: (-0.01, 0.98, -0.18)
215.36: (-0.25, 0.96, -0.11)
215.48: (-0.44, 0.90, -0.01)
215.59: (-0.54, 0.84, 0.00)
215.71: (-0.53, 0.82, -0.20)
215.81: (-0.55, 0.73, -0.42)
215.91: (-0.57, 0.67, -0.48)
215.99: (-0.57, 0.66, -0.49)
215.99: (0.91, 0.26, -0.31): 2
216.01: (-0.57, 0.66, -0.49)
216.13: (-0.57, 0.66, -0.49)
216.24: (-0.57, 0.66, -0.49)
216.36: (-0.57, 0.66, -0.49)
216.48: (-0.57, 0.66, -0.49)
216.58: (-0.57, 0.66, -0.49)
216.69: (-0.56, 0.67, -0.49)
216.81: (-0.47, 0.72, -0.51)
216.93: (-0.16, 0.83, -0.54)
217.03: (0.15, 0.85, -0.51)
217.14: (0.54, 0.75, -0.39)
217.24: (0.82, 0.50, -0.28)
217.34: (0.96, 0.20, -0.18)
217.46: (0.98, 0.03, -0.19)
217.56: (0.95, 0.10, -0.29)
217.68: (0.92, 0.23, -0.31)
217.78: (0.91, 0.30, -0.27)
217.78: (-0.39, 0.89, 0.24): 1
217.79: (0.91, 0.30, -0.27)
217.91: (0.91, 0.30, -0.27)
218.02: (0.92, 0.26, -0.29)
218.14: (0.93, 0.21, -0.30)
218.26: (0.94, 0.17, -0.31)
218.37: (0.94, 0.13, -0.31)
218.48: (0.89, 0.26, -0.38)
218.59: (0.70, 0.47, -0.54)
218.71: (0.58, 0.54, -0.61)
218.82: (0.44, 0.62, -0.65)
218.92: (0.32, 0.67, -0.67)
219.04: (0.14, 0.74, -0.66)
219.16: (-0.12, 0.78, -0.61)
219.27: (-0.44, 0.74, -0.51)
219.37: (-0.73, 0.60, -0.32)
219.47: (-0.90, 0.42, -0.14)
219.57: (-0.91, 0.40, -0.12)
219.69: (-0.94, 0.33, 0.02)
219.81: (-0.94, 0.17, 0.30)
219.92: (-0.84, 0.19, 0.51)
220.04: (-0.75, 0.30, 0.59)
220.16: (-0.63, 0.37, 0.69)
220.26: (-0.47, 0.33, 0.82)
220.36: (-0.34, 0.31, 0.89)
220.47: (-0.41, 0.70, 0.58)
220.57: (-0.45, 0.86, 0.25)
220.69: (-0.47, 0.85, 0.23)
220.81: (-0.48, 0.85, 0.23)
220.92: (-0.46, 0.85, 0.25)
221.02: (-0.46, 0.85, 0.25)
221.02: (0.86, -0.51, -0.04): 2
221.04: (-0.46, 0.86, 0.25)
221.16: (-0.45, 0.86, 0.23)
221.26: (-0.46, 0.87, 0.16)
221.37: (-0.51, 0.75, -0.41)
221.49: (-0.26, 0.11, -0.96)
221.61: (-0.18, 0.01, -0.98)
221.71: (-0.17, 0.00, -0.99)
221.82: (-0.17, 0.00, -0.99)
221.92: (-0.15, -0.04, -0.99)
222.02: (-0.15, -0.05, -0.99)
222.14: (-0.15, -0.05, -0.99)
222.26: (-0.20, -0.05, -0.98)
222.36: (-0.21, -0.05, -0.98)
222.47: (-0.21, -0.05, -0.98)
222.57: (-0.21, -0.05, -0.98)
222.67: (-0.21, -0.05, -0.98)
222.79: (-0.21, -0.05, -0.98)
222.91: (-0.12, -0.18, -0.98)
223.02: (0.15, -0.40, -0.91)
223.14: (0.24, -0.49, -0.84)
223.26: (0.30, -0.60, -0.74)
223.36: (0.39, -0.74, -0.55)
223.47: (0.46, -0.79, -0.40)
223.59: (0.50, -0.77, -0.39)
223.71: (0.68, -0.62, -0.39)
223.81: (0.79, -0.58, -0.21)
223.91: (0.83, -0.56, -0.07)
224.02: (0.86, -0.50, -0.07)
224.12: (0.87, -0.49, -0.07)
224.12: (-0.99, -0.16, 0.00): 2
224.12: (0.87, -0.49, -0.07)
224.24: (0.87, -0.49, -0.07)
224.36: (0.86, -0.50, -0.07)
224.47: (0.85, -0.52, -0.05)
224.59: (0.85, -0.53, -0.05)
224.71: (0.80, -0.60, -0.09)
224.81: (0.80, -0.60, -0.09)
224.91: (0.80, -0.60, -0.09)
225.02: (0.81, -0.58, -0.01)
225.12: (0.82, -0.57, 0.00)
225.24: (0.82, -0.57, 0.00)
225.34: (0.82, -0.57, 0.00)
225.46: (0.82, -0.57, -0.02)
225.57: (0.74, -0.60, -0.30)
225.69: (0.47, -0.60, -0.65)
225.79: (0.27, -0.54, -0.80)
225.91: (0.11, -0.49, -0.86)
226.02: (-0.12, -0.44, -0.89)
226.14: (-0.33, -0.37, -0.87)
226.26: (-0.53, -0.30, -0.80)
226.36: (-0.68, -0.23, -0.69)
226.47: (-0.84, -0.14, -0.52)
226.57: (-0.92, -0.06, -0.39)
226.69: (-0.96, 0.04, -0.29)
226.81: (-0.97, 0.01, -0.26)
226.91: (-0.98, -0.10, -0.15)
227.02: (-0.99, -0.13, 0.00)
227.06: (-0.99, -0.13, 0.01)
227.06: (0.67, 0.64, -0.38): 1
227.12: (-0.99, -0.13, 0.01)
227.24: (-0.99, -0.12, 0.00)
227.34: (-0.99, -0.11, -0.02)
227.44: (-0.99, -0.16, 0.00)
227.56: (-0.99, -0.16, 0.00)
227.67: (-0.99, -0.16, 0.00)
227.79: (-0.97, -0.15, -0.17)
227.91: (-0.98, 0.22, -0.03)
228.02: (-0.91, 0.40, 0.09)
228.14: (-0.82, 0.55, 0.15)
228.24: (-0.67, 0.72, 0.18)
228.36: (-0.35, 0.90, 0.25)
228.47: (0.00, 0.97, 0.26)
228.59: (0.18, 0.96, 0.24)
228.71: (0.38, 0.91, 0.18)
228.81: (0.64, 0.75, 0.14)
228.92: (0.83, 0.53, 0.14)
229.04: (0.89, 0.45, 0.10)
229.16: (0.80, 0.59, -0.12)
229.27: (0.77, 0.56, -0.29)
229.39: (0.75, 0.54, -0.38)
229.49: (0.66, 0.62, -0.42)
229.54: (0.64, 0.65, -0.42)
229.54: (-0.89, -0.40, 0.21): 2
229.61: (0.64, 0.65, -0.41)
229.71: (0.64, 0.65, -0.41)
229.81: (0.64, 0.65, -0.41)
229.92: (0.63, 0.67, -0.40)
230.04: (0.61, 0.69, -0.39)
230.16: (0.58, 0.74, -0.34)
230.26: (0.58, 0.75, -0.34)
230.37: (0.58, 0.75, -0.34)
230.49: (0.55, 0.76, -0.35)
230.61: (0.64, 0.66, -0.40)
230.72: (0.63, 0.66, -0.41)
230.84: (0.37, 0.78, -0.50)
230.96: (-0.16, 0.87, -0.47)
231.07: (-0.54, 0.79, -0.31)
231.19: (-0.70, 0.71, -0.12)
231.29: (-0.83, 0.55, 0.02)
231.41: (-0.93, 0.24, 0.28)
231.52: (-0.87, -0.04, 0.49)
231.62: (-0.85, -0.11, 0.51)
231.74: (-0.93, -0.15, 0.35)
231.86: (-0.88, -0.36, 0.32)
231.97: (-0.83, -0.45, 0.31)
232.02: (-0.84, -0.45, 0.31)
232.02: (-0.71, -0.21, -0.68): 0
232.09: (-0.84, -0.45, 0.31)
232.21: (-0.84, -0.45, 0.31)
232.31: (-0.84, -0.45, 0.31)
232.42: (-0.82, -0.46, 0.35)
232.52: (-0.81, -0.46, 0.36)
232.64: (-0.96, -0.17, 0.22)
232.76: (-0.90, 0.42, -0.08)
232.87: (-0.69, 0.68, -0.23)
232.97: (-0.64, 0.69, -0.34)
233.07: (-0.55, 0.66, -0.52)
233.19: (-0.43, 0.54, -0.72)
233.30: (-0.51, 0.38, -0.77)
233.41: (-0.68, 0.20, -0.71)
233.52: (-0.68, -0.01, -0.73)
233.64: (-0.60, -0.10, -0.79)
233.74: (-0.59, -0.16, -0.79)
233.86: (-0.70, -0.23, -0.67)
233.94: (-0.71, -0.23, -0.67)
233.94: (0.94, 0.03, 0.34): 0
233.97: (-0.71, -0.22, -0.67)
234.09: (-0.72, -0.22, -0.66)
234.20: (-0.73, -0.16, -0.67)
234.30: (-0.72, -0.09, -0.69)
234.42: (-0.72, -0.09, -0.69)
234.52: (-0.72, -0.09, -0.69)
234.64: (-0.75, 0.05, -0.66)
234.75: (-0.65, 0.46, -0.61)
234.87: (-0.50, 0.65, -0.58)
234.97: (-0.41, 0.71, -0.58)
235.07: (-0.27, 0.83, -0.50)
235.19: (0.04, 0.90, -0.44)
235.30: (0.36, 0.85, -0.40)
235.42: (0.55, 0.75, -0.37)
235.54: (0.76, 0.57, -0.31)
235.65: (0.96, 0.20, -0.19)
235.77: (0.98, -0.18, -0.05)
235.89: (0.97, -0.24, 0.07)
236.00: (0.94, -0.12, 0.32)
236.12: (0.92, -0.04, 0.38)
236.22: (0.95, 0.01, 0.33)
236.25: (0.95, 0.05, 0.31)
236.25: (-0.89, -0.33, -0.31): 1
236.32: (0.95, 0.06, 0.31)
236.44: (0.95, 0.06, 0.31)
236.55: (0.94, 0.15, 0.30)
236.67: (0.94, 0.15, 0.30)
236.77: (0.94, 0.15, 0.30)
236.89: (0.96, 0.24, 0.13)
237.00: (0.99, -0.05, 0.11)
237.12: (0.84, -0.46, 0.27)
237.24: (0.60, -0.68, 0.41)
237.35: (0.28, -0.86, 0.43)
237.45: (0.00, -0.93, 0.37)
237.55: (-0.42, -0.87, 0.27)
237.67: (-0.71, -0.70, 0.09)
237.79: (-0.86, -0.52, -0.05)
237.90: (-0.86, -0.49, -0.16)
238.02: (-0.86, -0.42, -0.30)
238.12: (-0.88, -0.33, -0.35)
238.24: (-0.88, -0.33, -0.35)
238.27: (-0.88, -0.33, -0.35)
238.27: (1.00, -0.03, 0.00): 2
238.35: (-0.88, -0.33, -0.35)
238.47: (-0.88, -0.33, -0.35)
238.59: (-0.87, -0.34, -0.35)
238.70: (-0.87, -0.39, -0.31)
238.80: (-0.79, -0.55, -0.26)
238.92: (-0.55, -0.82, -0.19)
239.04: (-0.45, -0.87, -0.20)
239.15: (-0.44, -0.87, -0.21)
239.27: (-0.43, -0.88, -0.19)
239.39: (-0.42, -0.89, -0.19)
239.49: (-0.35, -0.92, -0.15)
239.60: (0.14, -0.99, 0.06)
239.72: (0.51, -0.84, 0.20)
239.84: (0.70, -0.62, 0.34)
239.94: (0.80, -0.43, 0.43)
240.05: (0.85, -0.15, 0.50)
240.15: (0.95, -0.13, 0.29)
240.27: (0.98, -0.15, 0.13)
240.39: (0.99, -0.12, 0.10)
240.50: (1.00, -0.03, 0.01)
240.57: (1.00, -0.04, -0.03)
240.57: (-0.54, 0.33, -0.77): 1
240.60: (1.00, -0.04, -0.03)
240.72: (1.00, -0.04, -0.03)
240.84: (1.00, -0.02, -0.02)
240.95: (1.00, 0.10, 0.01)
241.07: (0.92, 0.35, 0.16)
241.19: (0.67, 0.74, 0.09)
241.29: (0.53, 0.84, 0.07)
241.40: (0.22, 0.97, 0.06)
241.50: (-0.38, 0.93, -0.01)
241.62: (-0.72, 0.69, 0.01)
241.74: (-0.90, 0.39, 0.16)
241.84: (-0.98, 0.08, 0.20)
241.95: (-0.98, -0.05, 0.21)
242.05: (-0.93, -0.28, 0.22)
242.17: (-0.88, -0.48, 0.00)
242.29: (-0.88, -0.32, -0.36)
242.40: (-0.89, 0.41, -0.19)
242.52: (-0.71, 0.70, 0.06)
242.64: (-0.42, 0.88, 0.25)
242.74: (0.04, 0.89, 0.45)
242.85: (0.48, 0.72, 0.50)
242.97: (0.37, 0.84, 0.40)
243.09: (-0.05, 0.97, 0.22)
243.20: (-0.25, 0.96, -0.08)
243.32: (-0.14, 0.74, -0.65)
243.44: (-0.35, 0.29, -0.89)
243.55: (-0.53, 0.13, -0.84)
243.67: (-0.64, 0.16, -0.75)
243.77: (-0.67, 0.24, -0.70)
243.89: (-0.63, 0.24, -0.74)
243.99: (-0.56, 0.28, -0.78)
244.09: (-0.55, 0.30, -0.78)
244.09: (-0.89, -0.03, -0.45): 0
244.10: (-0.55, 0.30, -0.78)
244.22: (-0.55, 0.30, -0.78)
244.34: (-0.58, 0.36, -0.73)
244.45: (-0.58, 0.43, -0.69)
244.57: (-0.58, 0.43, -0.69)
244.67: (-0.58, 0.43, -0.69)
244.79: (-0.65, 0.35, -0.68)
244.90: (-0.82, 0.07, -0.56)
245.02: (-0.86, 0.05, -0.51)
245.14: (-0.86, 0.05, -0.51)
245.25: (-0.87, 0.02, -0.50)
245.35: (-0.88, -0.04, -0.47)
245.35: (-0.05, 0.29, 0.95): 0
245.35: (-0.88, -0.04, -0.47)
245.47: (-0.88, -0.04, -0.47)
245.59: (-0.88, -0.04, -0.47)
245.69: (-0.88, -0.09, -0.47)
245.80: (-0.91, -0.30, -0.29)
245.92: (-0.91, -0.30, -0.29)
246.02: (-0.91, -0.30, -0.29)
246.14: (-0.87, -0.43, -0.24)
246.25: (-0.76, -0.62, -0.19)
246.37: (-0.55, -0.83, -0.02)
246.49: (-0.45, -0.87, 0.17)
246.60: (-0.44, -0.86, 0.27)
246.70: (-0.18, -0.80, 0.57)
246.82: (0.24, -0.49, 0.84)
246.94: (0.37, -0.29, 0.88)
247.04: (0.37, -0.25, 0.89)
247.15: (0.37, -0.25, 0.89)
247.27: (0.45, -0.23, 0.86)
247.37: (0.50, -0.09, 0.86)
247.49: (0.57, 0.16, 0.81)
247.60: (0.58, 0.48, 0.66)
247.70: (0.49, 0.66, 0.57)
247.82: (0.35, 0.74, 0.57)
247.94: (0.14, 0.52, 0.84)
248.04: (-0.04, 0.30, 0.95)
248.15: (-0.04, 0.25, 0.97)
248.27: (0.03, 0.28, 0.96)
248.34: (0.00, 0.28, 0.96)
248.34: (0.93, 0.21, -0.29): 1
248.37: (-0.01, 0.28, 0.96)
248.49: (-0.01, 0.28, 0.96)
248.59: (-0.01, 0.28, 0.96)
248.69: (-0.01, 0.28, 0.96)
248.80: (-0.10, 0.27, 0.96)
248.92: (-0.10, 0.27, 0.96)
249.04: (-0.09, 0.27, 0.96)
249.15: (0.01, 0.18, 0.98)
249.27: (0.18, -0.30, 0.94)
249.38: (0.34, -0.59, 0.73)
249.50: (0.38, -0.63, 0.68)
249.62: (0.40, -0.63, 0.67)
249.72: (0.40, -0.64, 0.66)
249.83: (0.40, -0.67, 0.63)
249.95: (0.42, -0.59, 0.69)
250.07: (0.43, -0.51, 0.74)
250.18: (0.43, -0.51, 0.74)
250.28: (0.52, -0.52, 0.68)
250.40: (0.76, -0.55, 0.34)
250.52: (0.95, -0.30, -0.05)
250.63: (0.98, -0.05, -0.19)
250.75: (0.97, 0.06, -0.22)
250.85: (0.97, 0.09, -0.23)
250.97: (0.96, 0.14, -0.26)
251.02: (0.93, 0.18, -0.31)
251.02: (-0.87, 0.32, 0.36): 2
251.07: (0.92, 0.19, -0.34)
251.18: (0.92, 0.19, -0.34)
251.30: (0.92, 0.19, -0.34)
251.42: (0.92, 0.19, -0.34)
251.53: (0.92, 0.19, -0.34)
251.65: (0.91, 0.10, -0.41)
251.77: (0.91, -0.01, -0.42)
251.87: (0.91, -0.01, -0.42)
251.98: (0.91, -0.01, -0.42)
252.08: (0.87, 0.11, -0.48)
252.18: (0.79, 0.26, -0.55)
252.30: (0.57, 0.60, -0.57)
252.42: (0.34, 0.86, -0.38)
252.53: (0.24, 0.97, -0.02)
252.65: (0.21, 0.92, 0.34)
252.77: (0.18, 0.70, 0.69)
252.88: (0.22, 0.33, 0.92)
252.98: (0.20, 0.02, 0.98)
253.10: (0.21, -0.22, 0.95)
253.22: (0.24, -0.49, 0.84)
253.32: (0.25, -0.65, 0.72)
253.42: (0.25, -0.65, 0.71)
253.53: (0.30, -0.71, 0.64)
253.65: (0.40, -0.74, 0.54)
253.77: (0.63, -0.60, 0.50)
253.88: (0.83, -0.16, 0.54)
254.00: (0.83, 0.31, 0.47)
254.12: (0.64, 0.73, 0.23)
254.23: (0.26, 0.94, -0.20)
254.33: (-0.24, 0.87, -0.44)
254.43: (-0.63, 0.57, -0.53)
254.55: (-0.87, 0.21, -0.44)
254.67: (-0.95, 0.00, -0.31)
254.78: (-0.94, -0.24, -0.26)
254.88: (-0.82, -0.56, -0.13)
254.98: (-0.53, -0.85, 0.05)
255.10: (-0.14, -0.95, 0.26)
255.20: (0.10, -0.93, 0.34)
255.32: (0.24, -0.88, 0.42)
255.43: (0.46, -0.73, 0.50)
255.55: (0.74, -0.40, 0.54)
255.65: (0.83, -0.21, 0.51)
255.75: (0.88, -0.10, 0.47)
255.87: (0.89, -0.03, 0.45)
255.98: (0.89, -0.03, 0.45)
256.10: (0.89, -0.03, 0.45)
256.22: (0.89, -0.03, 0.45)
256.33: (0.89, -0.03, 0.45)
256.45: (0.90, -0.09, 0.43)
256.57: (0.90, -0.09, 0.43)
256.67: (0.90, -0.09, 0.43)
256.77: (0.66, -0.24, 0.71)
256.88: (0.53, 0.31, 0.79)
257.00: (0.28, 0.68, 0.68)
257.10: (0.00, 0.68, 0.73)
257.20: (-0.30, 0.68, 0.67)
257.32: (-0.52, 0.71, 0.48)
257.43: (-0.50, 0.73, 0.46)
257.55: (-0.46, 0.75, 0.48)
257.65: (-0.57, 0.68, 0.45)
257.77: (-0.70, 0.59, 0.40)
257.88: (-0.73, 0.55, 0.40)
257.98: (-0.85, 0.35, 0.40)
258.10: (-0.96, 0.08, 0.28)
258.20: (-0.95, 0.10, 0.29)
258.32: (-0.89, 0.28, 0.36)
258.43: (-0.85, 0.34, 0.40)
258.48: (-0.85, 0.35, 0.40)
258.48: (-0.29, 0.28, -0.91): 2
258.53: (-0.85, 0.35, 0.40)
258.65: (-0.85, 0.35, 0.38)
258.77: (-0.85, 0.35, 0.38)
258.88: (-0.84, 0.36, 0.39)
258.98: (-0.81, 0.40, 0.44)
259.10: (-0.73, 0.42, 0.54)
259.20: (-0.61, 0.53, 0.59)
259.30: (-0.61, 0.53, 0.59)
259.42: (-0.62, 0.54, 0.58)
259.53: (-0.62, 0.56, 0.54)
259.65: (-0.62, 0.56, 0.54)
259.77: (-0.57, 0.74, 0.36)
259.87: (-0.34, 0.94, -0.03)
259.98: (-0.02, 0.94, -0.34)
260.10: (0.18, 0.84, -0.51)
260.22: (0.36, 0.70, -0.61)
260.32: (0.46, 0.59, -0.66)
260.42: (0.55, 0.48, -0.69)
260.53: (0.66, 0.32, -0.68)
260.65: (0.74, 0.16, -0.65)
260.77: (0.79, -0.02, -0.62)
260.88: (0.80, -0.18, -0.57)
261.00: (0.80, -0.32, -0.51)
261.10: (0.78, -0.43, -0.45)
261.22: (0.80, -0.50, -0.34)
261.32: (0.82, -0.48, -0.30)
261.43: (0.91, -0.41, -0.10)
261.55: (0.94, -0.27, 0.19)
261.65: (0.93, -0.17, 0.32)
261.77: (0.90, -0.04, 0.44)
261.88: (0.86, 0.08, 0.51)
262.00: (0.84, 0.18, 0.52)
262.12: (0.79, 0.41, 0.46)
262.23: (0.66, 0.69, 0.30)
262.35: (0.48, 0.86, 0.15)
262.47: (0.24, 0.97, -0.08)
262.58: (-0.07, 0.95, -0.30)
262.70: (-0.25, 0.86, -0.45)
262.80: (-0.37, 0.77, -0.52)
262.92: (-0.43, 0.63, -0.65)
263.03: (-0.27, 0.56, -0.78)
263.13: (-0.21, 0.44, -0.87)
263.25: (-0.27, 0.30, -0.92)
263.33: (-0.27, 0.28, -0.92)
263.33: (-0.48, 0.79, 0.38): 2
263.37: (-0.27, 0.28, -0.92)
263.48: (-0.26, 0.28, -0.92)
263.58: (-0.26, 0.28, -0.92)
263.70: (-0.19, 0.15, -0.97)
263.82: (0.06, -0.26, -0.96)
263.93: (0.35, -0.48, -0.81)
264.05: (0.52, -0.52, -0.68)
264.15: (0.59, -0.56, -0.58)
264.27: (0.79, -0.41, -0.45)
264.38: (0.93, 0.12, -0.36)
264.48: (0.61, 0.77, -0.16)
264.60: (0.24, 0.97, 0.07)
264.70: (0.10, 0.98, 0.15)
264.82: (-0.34, 0.92, 0.22)
264.93: (-0.54, 0.80, 0.26)
265.05: (-0.51, 0.81, 0.29)
265.16: (-0.44, 0.83, 0.33)
265.23: (-0.44, 0.83, 0.34)
265.23: (-0.82, 0.43, -0.38): 1
265.27: (-0.44, 0.83, 0.34)
265.38: (-0.44, 0.83, 0.34)
265.50: (-0.44, 0.83, 0.34)
265.61: (-0.24, 0.92, 0.30)
265.73: (0.04, 0.98, 0.18)
265.85: (0.00, 0.99, 0.13)
265.95: (-0.41, 0.89, 0.19)
266.06: (-0.86, 0.38, 0.35)
266.18: (-0.93, 0.02, 0.36)
266.28: (-0.93, -0.06, 0.36)
266.38: (-0.90, -0.27, 0.34)
266.50: (-0.79, -0.57, 0.23)
266.61: (-0.70, -0.70, 0.12)
266.73: (-0.57, -0.82, 0.02)
266.85: (-0.28, -0.94, -0.18)
266.96: (-0.09, -0.94, -0.32)
267.06: (-0.09, -0.94, -0.32)
267.16: (-0.27, -0.93, -0.26)
267.28: (-0.91, -0.37, 0.17)
267.40: (-0.80, 0.37, 0.48)
267.50: (-0.47, 0.73, 0.50)
267.60: (-0.17, 0.88, 0.45)
267.71: (0.18, 0.94, 0.30)
267.83: (0.41, 0.89, 0.20)
267.95: (0.61, 0.75, 0.25)
268.06: (0.78, 0.56, 0.28)
268.18: (0.85, 0.46, 0.27)
268.28: (0.90, 0.32, 0.29)
268.40: (0.95, 0.09, 0.30)
268.51: (0.98, -0.04, 0.17)
268.63: (0.99, -0.15, 0.04)
268.75: (0.90, -0.43, -0.10)
268.86: (0.89, -0.28, 0.35)
268.96: (0.53, 0.26, 0.81)
269.08: (-0.19, 0.59, 0.78)
269.20: (-0.44, 0.63, 0.64)
269.31: (-0.60, 0.55, 0.58)
269.43: (-0.84, 0.48, 0.24)
269.55: (-0.93, 0.35, -0.08)
269.66: (-0.84, 0.34, -0.43)
269.78: (-0.79, 0.49, -0.36)
269.90: (-0.80, 0.56, -0.22)
270.01: (-0.79, 0.50, -0.34)
270.13: (-0.80, 0.41, -0.45)
270.18: (-0.79, 0.38, -0.47)
270.18: (0.91, -0.08, -0.40): 2
270.25: (-0.79, 0.38, -0.47)
270.35: (-0.79, 0.38, -0.47)
270.46: (-0.79, 0.40, -0.46)
270.58: (-0.74, 0.53, -0.41)
270.70: (-0.74, 0.53, -0.41)
270.81: (-0.74, 0.53, -0.41)
270.93: (-0.72, 0.56, -0.42)
271.03: (-0.58, 0.55, -0.61)
271.15: (-0.32, 0.43, -0.85)
271.26: (0.09, 0.05, -0.99)
271.36: (0.40, -0.26, -0.88)
271.48: (0.64, -0.49, -0.58)
271.60: (0.71, -0.54, -0.44)
271.71: (0.76, -0.45, -0.47)
271.81: (0.83, -0.13, -0.54)
271.93: (0.88, 0.03, -0.47)
272.05: (0.90, -0.02, -0.44)
272.16: (0.90, -0.18, -0.41)
272.16: (0.95, 0.33, -0.02): 0
272.16: (0.90, -0.18, -0.41)
272.26: (0.90, -0.18, -0.40)
272.38: (0.90, -0.18, -0.40)
272.50: (0.88, -0.18, -0.43)
272.61: (0.95, -0.07, -0.32)
272.73: (0.98, 0.18, -0.05)
272.83: (0.97, 0.23, -0.03)
272.95: (0.98, 0.21, -0.08)
273.01: (0.97, 0.21, -0.08)
273.01: (-0.84, 0.54, 0.05): 0
273.06: (0.97, 0.21, -0.08)
273.16: (0.97, 0.21, -0.08)
273.28: (0.98, 0.21, -0.08)
273.40: (0.99, 0.15, -0.06)
273.51: (1.00, 0.00, -0.06)
273.63: (0.93, -0.27, -0.27)
273.75: (0.68, -0.26, -0.69)
273.86: (0.44, -0.09, -0.89)
273.98: (0.30, -0.07, -0.95)
274.10: (0.09, 0.07, -0.99)
274.20: (-0.28, 0.39, -0.88)
274.31: (-0.63, 0.59, -0.51)
274.41: (-0.78, 0.59, -0.20)
274.53: (-0.84, 0.53, 0.10)
274.65: (-0.85, 0.52, 0.06)
274.75: (-0.82, 0.56, -0.13)
274.83: (-0.81, 0.56, -0.14)
274.83: (-0.98, -0.18, 0.05): 0
274.86: (-0.81, 0.56, -0.14)
274.96: (-0.82, 0.56, -0.11)
275.06: (-0.82, 0.56, -0.09)
275.18: (-0.82, 0.56, -0.11)
275.30: (-0.80, 0.56, -0.20)
275.41: (-0.64, 0.53, -0.56)
275.53: (-0.31, 0.44, -0.84)
275.65: (-0.06, 0.24, -0.97)
275.75: (0.14, 0.09, -0.99)
275.85: (0.32, -0.06, -0.95)
275.96: (0.44, -0.12, -0.89)
276.08: (0.42, -0.03, -0.91)
276.18: (-0.08, 0.39, -0.92)
276.30: (-0.57, 0.55, -0.61)
276.40: (-0.68, 0.53, -0.51)
276.51: (-0.81, 0.50, -0.31)
276.63: (-0.96, 0.26, 0.07)
276.75: (-0.94, 0.05, 0.34)
276.85: (-0.95, 0.00, 0.32)
276.96: (-1.00, -0.02, 0.03)
277.08: (-0.99, -0.10, -0.08)
277.18: (-0.98, -0.21, -0.06)
277.21: (-0.97, -0.22, -0.06)
277.21: (-1.00, 0.06, -0.04): 1
277.28: (-0.97, -0.22, -0.06)
277.40: (-0.97, -0.22, -0.06)
277.51: (-0.98, -0.19, -0.06)
277.61: (-0.99, -0.12, -0.02)
277.73: (-1.00, 0.02, 0.02)
277.81: (-1.00, 0.02, 0.02)
277.81: (-0.07, -0.07, 1.00): 0
277.83: (-1.00, 0.02, 0.02)
277.95: (-1.00, 0.02, 0.02)
278.05: (-1.00, 0.04, -0.05)
278.16: (-0.99, 0.09, -0.10)
278.26: (-0.99, 0.14, -0.05)
278.38: (-0.91, 0.03, 0.41)
278.50: (-0.67, -0.13, 0.73)
278.60: (-0.49, -0.18, 0.85)
278.71: (-0.12, -0.22, 0.97)
278.83: (-0.01, -0.13, 0.99)
278.93: (-0.04, -0.02, 1.00)
278.96: (-0.04, -0.02, 1.00)
278.96: (1.00, -0.05, -0.02): 1
279.05: (-0.04, -0.02, 1.00)
279.16: (-0.11, 0.00, 0.99)
279.28: (-0.27, 0.03, 0.96)
279.40: (-0.34, 0.05, 0.94)
279.50: (-0.50, 0.08, 0.86)
279.61: (-0.30, 0.00, 0.95)
279.73: (0.41, -0.06, 0.91)
279.85: (0.78, -0.10, 0.62)
279.96: (0.92, -0.13, 0.37)
280.08: (0.98, -0.15, 0.13)
280.18: (0.99, -0.11, 0.03)
280.28: (1.00, -0.01, -0.01)
280.30: (1.00, 0.00, 0.00)
280.30: (-0.97, -0.08, 0.25): 1
280.40: (1.00, 0.00, 0.00)
280.51: (1.00, 0.01, 0.10)
280.63: (0.99, 0.02, 0.14)
280.75: (0.99, 0.02, 0.14)
280.86: (0.98, 0.03, 0.19)
280.96: (0.85, 0.11, 0.52)
281.08: (0.48, 0.13, 0.87)
281.20: (0.17, 0.08, 0.98)
281.30: (-0.14, 0.03, 0.99)
281.41: (-0.58, 0.01, 0.81)
281.53: (-0.88, -0.06, 0.47)
281.65: (-0.98, -0.12, 0.16)
281.75: (-0.98, -0.11, 0.16)
281.86: (-0.97, -0.11, 0.22)
281.93: (-0.96, -0.09, 0.26)
281.93: (-0.24, 0.56, -0.79): 0
281.98: (-0.96, -0.09, 0.26)
282.09: (-0.96, -0.09, 0.26)
282.20: (-0.96, -0.09, 0.26)
282.31: (-0.96, -0.09, 0.26)
282.41: (-0.96, -0.09, 0.26)
282.53: (-0.99, -0.12, 0.01)
282.64: (-0.93, -0.18, -0.33)
282.75: (-0.82, -0.25, -0.52)
282.86: (-0.64, -0.40, -0.65)
282.98: (-0.46, -0.50, -0.74)
283.09: (-0.28, -0.55, -0.79)
283.21: (0.00, -0.63, -0.77)
283.33: (0.19, -0.64, -0.75)
283.44: (0.26, -0.64, -0.72)
283.56: (0.41, -0.63, -0.66)
283.66: (0.55, -0.59, -0.60)
283.78: (0.72, -0.48, -0.50)
283.88: (0.83, -0.38, -0.41)
283.99: (0.88, -0.34, -0.32)
284.09: (0.94, -0.30, -0.18)
284.21: (0.98, -0.22, 0.01)
284.33: (0.98, -0.15, 0.13)
284.44: (0.97, -0.05, 0.22)
284.56: (0.95, 0.10, 0.30)
284.68: (0.88, 0.32, 0.36)
284.78: (0.83, 0.41, 0.37)
284.89: (0.77, 0.52, 0.37)
285.01: (0.67, 0.65, 0.37)
285.11: (0.57, 0.74, 0.36)
285.21: (0.46, 0.82, 0.34)
285.33: (0.38, 0.86, 0.34)
285.44: (0.34, 0.87, 0.34)
285.54: (0.28, 0.89, 0.35)
285.66: (0.24, 0.90, 0.35)
285.78: (0.24, 0.90, 0.35)
285.88: (0.22, 0.91, 0.35)
285.99: (0.09, 0.93, 0.34)
286.11: (-0.13, 0.93, 0.34)
286.21: (-0.24, 0.92, 0.31)
286.33: (-0.41, 0.87, 0.28)
286.44: (-0.63, 0.74, 0.24)
286.54: (-0.73, 0.66, 0.17)
286.66: (-0.79, 0.60, 0.12)
286.78: (-0.96, 0.29, -0.03)
286.88: (-0.98, -0.08, -0.19)
286.99: (-0.95, -0.22, -0.24)
287.09: (-0.94, -0.23, -0.24)
287.21: (-0.81, -0.51, -0.28)
287.33: (-0.36, -0.87, -0.33)
287.44: (-0.33, -0.88, -0.34)
287.56: (-0.50, -0.85, -0.17)
287.68: (-0.74, -0.67, 0.04)
287.78: (-0.87, -0.37, 0.33)
287.89: (-0.88, 0.13, 0.45)
288.01: (-0.78, 0.39, 0.49)
288.13: (-0.59, 0.76, 0.28)
288.24: (0.10, 0.94, -0.32)
288.36: (0.60, 0.53, -0.60)
288.46: (0.73, 0.18, -0.65)
288.56: (0.73, -0.14, -0.67)
288.68: (0.53, -0.52, -0.67)
288.79: (0.27, -0.76, -0.59)
288.91: (0.20, -0.78, -0.59)
289.03: (0.18, -0.73, -0.66)
289.14: (0.22, -0.43, -0.88)
289.24: (0.43, 0.03, -0.90)
289.34: (0.59, 0.39, -0.70)
289.46: (0.65, 0.70, -0.30)
289.56: (0.54, 0.84, 0.07)
289.68: (0.48, 0.85, 0.21)
289.79: (0.47, 0.77, 0.43)
289.91: (0.54, 0.56, 0.63)
290.01: (0.55, 0.18, 0.82)
290.13: (0.55, 0.16, 0.82)
290.24: (0.57, 0.38, 0.73)
290.36: (0.55, 0.76, 0.35)
290.48: (0.41, 0.91, -0.09)
290.59: (0.17, 0.88, -0.44)
290.69: (-0.05, 0.75, -0.66)
290.79: (-0.19, 0.68, -0.71)
290.89: (-0.26, 0.64, -0.73)
291.01: (-0.23, 0.64, -0.73)
291.11: (-0.22, 0.64, -0.73)
291.11: (-0.17, 0.70, 0.70): 2
291.13: (-0.22, 0.64, -0.73)
291.24: (-0.22, 0.64, -0.73)
291.34: (-0.22, 0.64, -0.73)
291.46: (-0.26, 0.54, -0.80)
291.56: (-0.26, 0.54, -0.80)
291.66: (-0.26, 0.54, -0.80)
291.78: (-0.26, 0.54, -0.80)
291.89: (-0.26, 0.54, -0.80)
292.01: (-0.16, 0.55, -0.82)
292.13: (-0.26, 0.78, -0.57)
292.24: (-0.31, 0.91, -0.29)
292.36: (-0.37, 0.92, 0.11)
292.48: (-0.41, 0.84, 0.37)
292.58: (-0.34, 0.80, 0.49)
292.69: (-0.25, 0.79, 0.57)
292.81: (-0.25, 0.70, 0.67)
292.89: (-0.24, 0.67, 0.71)
292.89: (-0.98, 0.19, 0.09): 1
292.93: (-0.24, 0.66, 0.71)
293.03: (-0.24, 0.65, 0.72)
293.14: (-0.24, 0.65, 0.72)
293.26: (-0.28, 0.60, 0.75)
293.38: (-0.36, 0.14, 0.92)
293.49: (-0.30, -0.28, 0.91)
293.61: (-0.22, -0.56, 0.80)
293.73: (-0.16, -0.67, 0.72)
293.84: (-0.15, -0.64, 0.76)
293.94: (-0.20, -0.27, 0.94)
294.06: (-0.20, 0.29, 0.94)
294.18: (-0.10, 0.54, 0.84)
294.28: (-0.01, 0.63, 0.78)
294.39: (0.12, 0.81, 0.57)
294.51: (0.18, 0.97, 0.18)
294.63: (0.22, 0.97, -0.11)
294.73: (0.22, 0.93, -0.29)
294.84: (0.19, 0.74, -0.65)
294.96: (0.13, 0.40, -0.91)
295.06: (0.03, 0.12, -0.99)
295.16: (-0.09, -0.10, -0.99)
295.26: (-0.12, -0.22, -0.97)
295.38: (-0.04, -0.36, -0.93)
295.48: (0.20, -0.38, -0.90)
295.59: (0.35, -0.31, -0.88)
295.69: (0.42, -0.25, -0.87)
295.81: (0.39, -0.33, -0.86)
295.93: (0.18, -0.67, -0.71)
296.04: (-0.11, -0.89, -0.45)
296.16: (-0.37, -0.92, -0.16)
296.28: (-0.60, -0.76, 0.25)
296.38: (-0.67, -0.59, 0.45)
296.49: (-0.67, -0.37, 0.64)
296.61: (-0.57, -0.17, 0.80)
296.73: (-0.41, 0.04, 0.91)
296.84: (-0.17, 0.32, 0.93)
296.96: (0.11, 0.56, 0.82)
297.08: (0.17, 0.70, 0.70)
297.19: (0.17, 0.70, 0.70)
297.31: (0.17, 0.70, 0.70)
297.43: (0.17, 0.70, 0.70)
297.54: (0.25, 0.64, 0.73)
297.64: (0.21, 0.61, 0.76)
297.74: (0.09, 0.56, 0.82)
297.86: (-0.15, 0.41, 0.90)
297.97: (-0.45, 0.08, 0.89)
298.07: (-0.63, -0.17, 0.76)
298.19: (-0.72, -0.30, 0.63)
298.31: (-0.79, -0.45, 0.42)
298.42: (-0.76, -0.65, 0.06)
298.52: (-0.74, -0.67, -0.09)
298.64: (-0.65, -0.68, -0.33)
298.76: (-0.39, -0.59, -0.70)
298.87: (-0.01, -0.40, -0.91)
298.97: (0.14, -0.28, -0.95)
299.09: (0.21, -0.16, -0.96)
299.21: (0.11, -0.11, -0.99)
299.31: (-0.15, -0.09, -0.98)
299.41: (-0.43, -0.03, -0.90)
299.51: (-0.65, 0.02, -0.76)
299.62: (-0.92, 0.07, -0.39)
299.72: (-1.00, -0.01, -0.09)
299.84: (-0.99, -0.05, 0.11)
299.94: (-0.99, -0.01, 0.11)
300.06: (-0.99, 0.06, 0.13)
300.12: (-0.99, 0.08, 0.14)
300.12: (1.00, 0.03, 0.00): 1
300.17: (-0.99, 0.08, 0.14)
300.27: (-0.99, 0.08, 0.14)
300.37: (-0.99, 0.08, 0.14)
300.49: (-1.00, 0.05, 0.09)
300.59: (-1.00, 0.00, 0.04)
300.71: (-0.99, -0.11, -0.01)
300.81: (-0.95, -0.29, -0.08)
300.92: (-0.89, -0.43, -0.15)
301.04: (-0.86, -0.48, -0.17)
301.16: (-0.78, -0.57, -0.26)
301.27: (-0.60, -0.69, -0.40)
301.39: (-0.49, -0.73, -0.48)
301.51: (-0.32, -0.77, -0.56)
301.61: (-0.07, -0.79, -0.61)
301.72: (0.22, -0.76, -0.61)
301.84: (0.25, -0.75, -0.61)
301.94: (0.25, -0.75, -0.61)
302.06: (0.25, -0.75, -0.61)
302.17: (0.12, -0.79, -0.61)
302.27: (-0.17, -0.82, -0.54)
302.39: (-0.65, -0.68, -0.35)
302.51: (-0.88, -0.46, -0.12)
302.62: (-0.95, -0.32, -0.05)
302.74: (-0.98, -0.21, -0.07)
302.84: (-0.99, -0.08, -0.12)
302.96: (-0.96, 0.06, -0.26)
303.07: (-0.84, 0.22, -0.49)
303.19: (-0.63, 0.45, -0.63)
303.31: (-0.32, 0.52, -0.79)
303.42: (-0.02, 0.45, -0.90)
303.52: (-0.02, 0.45, -0.89)
303.64: (-0.02, 0.45, -0.89)
303.76: (-0.04, 0.44, -0.90)
303.87: (0.29, 0.42, -0.86)
303.97: (0.55, 0.36, -0.75)
304.09: (0.70, 0.30, -0.64)
304.21: (0.84, 0.20, -0.51)
304.32: (0.98, 0.04, -0.21)
304.44: (0.99, 0.05, -0.10)
304.54: (0.99, 0.07, -0.10)
304.66: (1.00, 0.03, 0.01)
304.71: (1.00, 0.02, 0.03)
304.71: (-0.45, 0.08, -0.89): 0
304.77: (1.00, 0.02, 0.03)
304.89: (1.00, 0.02, 0.03)
305.01: (1.00, 0.02, 0.03)
305.12: (1.00, -0.05, 0.02)
305.24: (0.98, -0.19, 0.08)
305.34: (0.91, -0.36, 0.21)
305.46: (0.80, -0.49, 0.35)
305.57: (0.66, -0.58, 0.48)
305.69: (0.53, -0.63, 0.57)
305.81: (0.49, -0.65, 0.59)
305.91: (0.59, -0.62, 0.52)
306.02: (0.92, -0.40, 0.01)
306.14: (0.91, -0.06, -0.40)
306.26: (0.81, 0.06, -0.59)
306.37: (0.69, 0.14, -0.71)
306.49: (0.50, 0.27, -0.82)
306.61: (0.23, 0.41, -0.89)
306.71: (-0.07, 0.48, -0.88)
306.81: (-0.32, 0.50, -0.80)
306.92: (-0.43, 0.45, -0.78)
307.04: (-0.42, 0.16, -0.89)
307.14: (-0.43, -0.02, -0.90)
307.24: (-0.47, 0.01, -0.88)
307.36: (-0.48, 0.11, -0.87)
307.36: (0.87, 0.28, 0.39): 0
307.36: (-0.48, 0.11, -0.87)
307.47: (-0.47, 0.12, -0.88)
307.59: (-0.40, 0.12, -0.91)
307.71: (-0.15, 0.04, -0.99)
307.82: (0.05, -0.06, -1.00)
307.94: (0.20, -0.20, -0.96)
308.04: (0.32, -0.32, -0.89)
308.16: (0.46, -0.39, -0.80)
308.27: (0.65, -0.46, -0.61)
308.39: (0.79, -0.46, -0.41)
308.51: (0.89, -0.38, -0.24)
308.62: (0.95, -0.30, -0.07)
308.74: (0.97, -0.22, 0.08)
308.86: (0.97, -0.10, 0.20)
308.97: (0.96, 0.12, 0.25)
309.09: (0.94, 0.20, 0.30)
309.21: (0.89, 0.26, 0.38)
309.26: (0.86, 0.29, 0.41)
309.26: (-0.36, 0.23, 0.91): 0
309.31: (0.85, 0.30, 0.42)
309.42: (0.83, 0.32, 0.45)
309.54: (0.64, 0.40, 0.66)
309.66: (0.48, 0.42, 0.77)
309.77: (0.36, 0.42, 0.83)
309.89: (0.08, 0.45, 0.89)
309.99: (-0.16, 0.41, 0.90)
310.11: (-0.26, 0.35, 0.90)
310.22: (-0.30, 0.28, 0.91)
310.26: (-0.32, 0.28, 0.91)
310.26: (-0.09, -0.57, -0.82): 1
310.32: (-0.39, 0.27, 0.88)
310.44: (-0.45, 0.26, 0.85)
310.56: (-0.54, 0.23, 0.81)
310.66: (-0.64, 0.18, 0.75)
310.77: (-0.79, 0.12, 0.60)
310.87: (-0.92, 0.04, 0.40)
310.99: (-0.98, -0.08, 0.16)
311.11: (-0.99, -0.17, 0.03)
311.22: (-0.95, -0.26, -0.14)
311.34: (-0.85, -0.31, -0.41)
311.44: (-0.71, -0.37, -0.60)
311.54: (-0.57, -0.38, -0.73)
311.66: (-0.47, -0.42, -0.78)
311.76: (-0.32, -0.53, -0.78)
311.87: (-0.11, -0.57, -0.81)
311.94: (-0.08, -0.56, -0.82)
311.94: (0.07, -0.78, -0.63): 2
311.97: (-0.08, -0.56, -0.82)
312.09: (-0.07, -0.56, -0.82)
312.21: (0.04, -0.51, -0.86)
312.32: (0.07, -0.52, -0.85)
312.44: (0.03, -0.65, -0.76)
312.56: (0.04, -0.71, -0.70)
312.66: (0.05, -0.73, -0.68)
312.66: (0.80, -0.54, 0.27): 2
312.66: (0.05, -0.73, -0.68)
312.77: (0.05, -0.73, -0.68)
312.89: (-0.08, -0.72, -0.68)
313.01: (-0.31, -0.69, -0.65)
313.12: (-0.41, -0.68, -0.61)
313.24: (-0.43, -0.67, -0.60)
313.34: (-0.43, -0.67, -0.60)
313.46: (-0.43, -0.67, -0.61)
313.57: (-0.34, -0.67, -0.66)
313.69: (-0.13, -0.65, -0.75)
313.80: (0.10, -0.61, -0.79)
313.91: (0.22, -0.57, -0.79)
314.02: (0.36, -0.53, -0.77)
314.14: (0.57, -0.40, -0.72)
314.25: (0.73, -0.21, -0.65)
314.35: (0.83, -0.07, -0.56)
314.46: (0.89, 0.03, -0.45)
314.57: (0.94, 0.13, -0.32)
314.67: (0.95, 0.25, -0.18)
314.79: (0.93, 0.38, -0.05)
314.90: (0.87, 0.49, 0.09)
315.02: (0.79, 0.56, 0.23)
315.14: (0.76, 0.59, 0.29)
315.25: (0.67, 0.62, 0.41)
315.35: (0.54, 0.62, 0.57)
315.47: (0.45, 0.62, 0.64)
315.57: (0.43, 0.62, 0.65)
315.69: (0.43, 0.62, 0.65)
315.79: (0.57, 0.62, 0.54)
315.90: (0.76, 0.56, 0.33)
316.00: (0.84, 0.50, 0.20)
316.12: (0.92, 0.39, -0.03)
316.22: (0.93, 0.24, -0.27)
316.32: (0.89, 0.11, -0.45)
316.44: (0.87, 0.09, -0.48)
316.55: (0.77, 0.29, -0.56)
316.67: (0.42, 0.53, -0.74)
316.77: (0.30, 0.57, -0.76)
316.89: (0.16, 0.62, -0.77)
317.00: (0.10, 0.62, -0.78)
317.10: (0.48, 0.47, -0.74)
317.22: (0.80, 0.28, -0.54)
317.32: (0.86, 0.21, -0.47)
317.44: (0.93, 0.08, -0.36)
317.55: (0.97, -0.19, -0.18)
317.67: (0.93, -0.38, -0.05)
317.79: (0.86, -0.50, 0.06)
317.90: (0.83, -0.52, 0.18)
318.02: (0.79, -0.55, 0.26)
318.07: (0.79, -0.55, 0.26)
318.07: (0.98, -0.01, -0.17): 0
318.14: (0.79, -0.55, 0.26)
318.24: (0.79, -0.55, 0.26)
318.35: (0.81, -0.52, 0.27)
318.47: (0.86, -0.43, 0.28)
318.57: (0.86, -0.43, 0.28)
318.69: (0.86, -0.43, 0.28)
318.80: (0.86, -0.43, 0.28)
318.90: (0.85, -0.43, 0.28)
319.02: (0.86, -0.48, 0.19)
319.12: (0.80, -0.60, -0.04)
319.24: (0.86, -0.51, -0.09)
319.35: (0.93, -0.33, -0.15)
319.45: (0.94, -0.27, -0.19)
319.55: (0.96, -0.22, -0.20)
319.67: (0.98, -0.12, -0.16)
319.79: (0.98, -0.08, -0.18)
319.79: (0.75, 0.65, 0.09): 0
319.79: (0.98, -0.08, -0.18)
319.89: (0.98, -0.08, -0.18)
320.00: (0.98, -0.09, -0.18)
320.10: (0.98, -0.09, -0.18)
320.22: (0.98, -0.09, -0.16)
320.34: (0.98, 0.17, -0.12)
320.45: (0.82, 0.57, 0.04)
320.57: (0.73, 0.68, -0.01)
320.69: (0.81, 0.59, 0.02)
320.80: (0.89, 0.45, 0.05)
320.92: (0.90, 0.43, 0.00)
321.04: (0.82, 0.57, -0.05)
321.15: (0.79, 0.61, 0.03)
321.25: (0.80, 0.59, 0.11)
321.30: (0.80, 0.59, 0.11)
321.30: (0.89, 0.10, 0.44): 1
321.37: (0.80, 0.59, 0.11)
321.47: (0.80, 0.59, 0.12)
321.59: (0.80, 0.59, 0.12)
321.69: (0.80, 0.59, 0.12)
321.80: (0.80, 0.59, 0.15)
321.92: (0.80, 0.58, 0.13)
322.04: (0.82, 0.54, 0.18)
322.15: (0.85, 0.37, 0.37)
322.27: (0.88, 0.27, 0.40)
322.39: (0.89, 0.24, 0.39)
322.50: (0.88, 0.16, 0.46)
322.54: (0.87, 0.15, 0.46)
322.54: (0.84, 0.42, -0.35): 0
322.60: (0.87, 0.15, 0.46)
322.72: (0.87, 0.15, 0.46)
322.84: (0.87, 0.14, 0.47)
322.95: (0.87, 0.14, 0.48)
323.07: (0.87, 0.14, 0.48)
323.17: (0.87, 0.14, 0.47)
323.29: (0.87, 0.14, 0.47)
323.40: (0.94, 0.16, 0.30)
323.52: (0.97, -0.01, -0.23)
323.62: (0.78, -0.25, -0.58)
323.74: (0.77, -0.24, -0.60)
323.84: (0.88, 0.13, -0.45)
323.95: (0.87, 0.40, -0.31)
324.05: (0.88, 0.33, -0.35)
324.15: (0.88, 0.30, -0.38)
324.27: (0.86, 0.32, -0.39)
324.39: (0.84, 0.37, -0.41)
324.45: (0.84, 0.37, -0.41)
324.45: (0.74, 0.53, 0.40): 1
324.49: (0.84, 0.37, -0.41)
324.60: (0.84, 0.37, -0.41)
324.70: (0.84, 0.37, -0.41)
324.82: (0.84, 0.37, -0.41)
324.94: (0.85, 0.47, -0.23)
325.05: (0.77, 0.57, 0.29)
325.17: (0.78, 0.53, 0.33)
325.27: (0.82, 0.50, 0.28)
325.39: (0.83, 0.50, 0.26)
325.47: (0.83, 0.50, 0.26)
325.47: (0.62, -0.33, 0.71): 2
325.50: (0.83, 0.50, 0.26)
325.62: (0.83, 0.50, 0.26)
325.74: (0.78, 0.47, 0.42)
325.85: (0.76, 0.44, 0.47)
325.97: (0.57, 0.33, 0.75)
326.07: (0.38, 0.27, 0.89)
326.19: (0.51, 0.27, 0.82)
326.30: (0.62, -0.06, 0.79)
326.42: (0.53, -0.32, 0.78)
326.54: (0.52, -0.32, 0.79)
326.64: (0.53, -0.32, 0.79)
326.70: (0.55, -0.33, 0.77)
326.70: (-0.86, 0.04, 0.51): 2
326.75: (0.56, -0.34, 0.76)
326.85: (0.56, -0.28, 0.78)
326.97: (0.51, -0.19, 0.84)
327.07: (0.32, -0.15, 0.93)
327.17: (-0.13, -0.19, 0.97)
327.29: (-0.48, -0.11, 0.87)
327.40: (-0.69, 0.02, 0.72)
327.52: (-0.80, 0.06, 0.60)
327.62: (-0.84, 0.00, 0.55)
327.74: (-0.88, -0.07, 0.48)
327.74: (0.90, -0.21, 0.38): 0
327.74: (-0.88, -0.07, 0.48)
327.84: (-0.88, -0.07, 0.48)
327.94: (-0.87, -0.07, 0.48)
328.05: (-0.87, -0.07, 0.48)
328.17: (-0.87, -0.08, 0.49)
328.29: (-0.87, -0.09, 0.49)
328.40: (-0.71, -0.06, 0.71)
328.52: (-0.48, -0.06, 0.87)
328.62: (-0.27, -0.11, 0.96)
328.74: (0.13, -0.19, 0.97)
328.85: (0.33, -0.18, 0.93)
328.95: (0.43, -0.17, 0.88)
329.07: (0.67, -0.18, 0.72)
329.17: (0.81, -0.21, 0.54)
329.27: (0.85, -0.20, 0.49)
329.34: (0.86, -0.21, 0.46)
329.34: (-0.78, 0.60, -0.17): 2
329.39: (0.86, -0.21, 0.46)
329.50: (0.87, -0.22, 0.44)
329.60: (0.88, -0.21, 0.43)
329.72: (0.88, -0.20, 0.43)
329.82: (0.88, -0.20, 0.43)
329.92: (0.88, -0.20, 0.43)
330.02: (0.88, -0.20, 0.42)
330.13: (0.88, -0.20, 0.42)
330.25: (0.88, -0.20, 0.42)
330.35: (0.88, -0.20, 0.42)
330.47: (0.87, -0.20, 0.45)
330.58: (0.90, -0.16, 0.40)
330.70: (0.92, -0.03, 0.39)
330.80: (0.91, 0.00, 0.42)
330.92: (0.90, 0.01, 0.43)
331.02: (0.84, 0.10, 0.54)
331.13: (0.68, 0.25, 0.69)
331.25: (0.55, 0.38, 0.74)
331.37: (0.48, 0.51, 0.71)
331.48: (0.39, 0.61, 0.69)
331.60: (0.19, 0.80, 0.57)
331.70: (0.11, 0.86, 0.50)
331.80: (0.06, 0.90, 0.44)
331.92: (-0.04, 0.95, 0.30)
332.03: (-0.05, 0.96, 0.28)
332.15: (-0.03, 0.89, 0.45)
332.27: (-0.17, 0.69, 0.71)
332.37: (-0.26, 0.44, 0.86)
332.48: (-0.29, 0.18, 0.94)
332.58: (-0.30, -0.14, 0.94)
332.70: (-0.28, -0.59, 0.76)
332.80: (-0.29, -0.81, 0.51)
332.90: (-0.26, -0.91, 0.33)
333.02: (-0.22, -0.96, 0.17)
333.13: (-0.10, -0.98, -0.16)
333.25: (0.09, -0.82, -0.57)
333.35: (0.13, -0.67, -0.73)
333.47: (0.10, -0.51, -0.86)
333.58: (0.05, -0.41, -0.91)
333.68: (0.05, -0.41, -0.91)
333.80: (0.05, -0.41, -0.91)
333.90: (0.05, -0.41, -0.91)
334.02: (0.16, -0.40, -0.90)
334.13: (0.21, -0.07, -0.98)
334.25: (0.20, 0.30, -0.93)
334.35: (0.15, 0.48, -0.86)
334.45: (0.13, 0.54, -0.83)
334.57: (0.13, 0.63, -0.76)
334.68: (0.09, 0.87, -0.48)
334.80: (-0.02, 0.99, -0.17)
334.92: (-0.20, 0.97, -0.14)
335.02: (-0.49, 0.85, -0.19)
335.13: (-0.67, 0.72, -0.19)
335.25: (-0.74, 0.66, -0.13)
335.35: (-0.74, 0.65, -0.13)
335.43: (-0.75, 0.65, -0.13)
335.43: (-0.45, -0.42, -0.79): 1
335.47: (-0.75, 0.65, -0.13)
335.58: (-0.74, 0.65, -0.14)
335.70: (-0.72, 0.68, -0.14)
335.82: (-0.62, 0.77, -0.16)
335.93: (-0.47, 0.87, -0.16)
336.03: (-0.13, 0.99, -0.08)
336.15: (0.27, 0.96, -0.07)
336.27: (0.47, 0.78, -0.41)
336.38: (0.43, 0.29, -0.86)
336.50: (0.26, -0.25, -0.93)
336.62: (0.12, -0.51, -0.85)
336.73: (-0.04, -0.72, -0.69)
336.83: (-0.22, -0.71, -0.67)
336.93: (-0.46, -0.49, -0.74)
337.05: (-0.48, -0.47, -0.75)
337.10: (-0.47, -0.49, -0.74)
337.10: (0.42, -0.28, 0.86): 1
337.15: (-0.47, -0.49, -0.74)
337.27: (-0.47, -0.49, -0.74)
337.38: (-0.47, -0.49, -0.74)
337.48: (-0.47, -0.49, -0.74)
337.60: (-0.47, -0.49, -0.74)
337.72: (-0.61, -0.56, -0.56)
337.83: (-0.68, -0.74, -0.02)
337.95: (-0.59, -0.74, 0.31)
338.07: (-0.54, -0.69, 0.48)
338.17: (-0.53, -0.64, 0.56)
338.28: (-0.53, -0.64, 0.56)
338.38: (-0.53, -0.64, 0.56)
338.50: (-0.44, -0.63, 0.64)
338.60: (-0.34, -0.72, 0.61)
338.72: (-0.27, -0.80, 0.53)
338.83: (-0.03, -0.74, 0.68)
338.93: (0.13, -0.49, 0.86)
339.05: (0.22, -0.33, 0.92)
339.17: (0.32, -0.38, 0.87)
339.27: (0.43, -0.36, 0.82)
339.37: (0.46, -0.34, 0.82)
339.37: (0.03, -0.63, -0.78): 0
339.38: (0.46, -0.34, 0.82)
339.48: (0.45, -0.34, 0.83)
339.60: (0.45, -0.34, 0.83)
339.72: (0.44, -0.34, 0.83)
339.83: (0.31, -0.48, 0.82)
339.93: (0.13, -0.64, 0.76)
340.03: (-0.02, -0.68, 0.73)
340.15: (-0.18, -0.79, 0.59)
340.27: (-0.35, -0.87, 0.34)
340.38: (-0.38, -0.89, 0.25)
340.50: (-0.45, -0.89, 0.13)
340.62: (-0.57, -0.79, -0.23)
340.72: (-0.60, -0.54, -0.59)
340.83: (-0.46, -0.39, -0.80)
340.93: (-0.28, -0.56, -0.78)
341.05: (0.01, -0.69, -0.72)
341.15: (0.14, -0.59, -0.79)
341.27: (0.11, -0.57, -0.81)
341.38: (0.00, -0.63, -0.77)
341.48: (-0.03, -0.65, -0.76)
341.50: (-0.03, -0.65, -0.76)
341.50: (0.82, -0.47, 0.33): 0
341.60: (-0.03, -0.65, -0.76)
341.72: (-0.03, -0.65, -0.76)
341.83: (-0.03, -0.65, -0.76)
341.93: (-0.03, -0.65, -0.76)
342.03: (-0.05, -0.68, -0.73)
342.15: (-0.25, -0.88, -0.40)
342.27: (-0.41, -0.90, 0.11)
342.38: (-0.34, -0.93, -0.15)
342.50: (-0.01, -0.49, -0.87)
342.62: (0.22, 0.07, -0.97)
342.73: (0.27, 0.21, -0.94)
342.83: (0.26, 0.20, -0.94)
342.95: (0.26, 0.20, -0.94)
343.05: (0.26, 0.20, -0.94)
343.15: (0.26, 0.20, -0.94)
343.27: (0.19, -0.04, -0.98)
343.38: (-0.04, -0.66, -0.75)
343.50: (-0.14, -0.87, -0.47)
343.62: (-0.21, -0.95, -0.24)
343.73: (-0.32, -0.94, 0.09)
343.85: (-0.38, -0.78, 0.49)
343.97: (-0.33, -0.56, 0.76)
344.08: (-0.29, -0.40, 0.87)
344.18: (-0.24, -0.20, 0.95)
344.30: (-0.17, 0.13, 0.98)
344.42: (-0.14, 0.35, 0.93)
344.53: (-0.15, 0.46, 0.88)
344.65: (-0.16, 0.52, 0.84)
344.77: (-0.20, 0.49, 0.85)
344.88: (-0.35, 0.41, 0.84)
345.00: (-0.54, 0.26, 0.80)
345.10: (-0.58, -0.27, 0.77)
345.22: (-0.44, -0.69, 0.57)
345.33: (-0.33, -0.87, 0.36)
345.45: (-0.14, -0.99, 0.08)
345.55: (0.06, -0.99, -0.15)
345.66: (0.22, -0.89, -0.41)
345.76: (0.28, -0.79, -0.54)
345.86: (0.32, -0.67, -0.67)
345.98: (0.39, -0.29, -0.87)
346.08: (0.46, 0.06, -0.88)
346.20: (0.51, 0.42, -0.75)
346.31: (0.50, 0.69, -0.52)
346.43: (0.42, 0.88, -0.21)
346.55: (0.32, 0.94, 0.08)
346.65: (0.25, 0.91, 0.32)
346.76: (0.15, 0.85, 0.51)
346.88: (-0.05, 0.72, 0.69)
347.00: (-0.22, 0.50, 0.84)
347.11: (-0.26, 0.46, 0.85)
347.23: (-0.15, 0.28, 0.95)
347.35: (0.12, -0.05, 0.99)
347.45: (0.22, -0.12, 0.97)
347.55: (0.29, -0.20, 0.94)
347.66: (0.32, -0.30, 0.90)
347.78: (0.20, -0.48, 0.85)
347.88: (-0.12, -0.70, 0.71)
347.98: (-0.45, -0.78, 0.44)
348.10: (-0.64, -0.73, 0.23)
348.20: (-0.73, -0.68, 0.09)
348.31: (-0.78, -0.63, -0.03)
348.43: (-0.79, -0.62, -0.05)
348.53: (-0.79, -0.62, -0.05)
348.63: (-0.79, -0.61, -0.03)
348.75: (-0.77, -0.60, 0.22)
348.85: (-0.71, -0.50, 0.49)
348.96: (-0.54, -0.46, 0.70)
349.08: (-0.23, -0.32, 0.92)
349.20: (0.35, 0.03, 0.94)
349.30: (0.69, 0.29, 0.66)
349.41: (0.83, 0.44, 0.34)
349.51: (0.84, 0.51, 0.17)
349.63: (0.82, 0.58, -0.02)
349.73: (0.77, 0.62, -0.18)
349.83: (0.69, 0.65, -0.33)
349.93: (0.51, 0.73, -0.46)
350.05: (0.29, 0.78, -0.55)
350.16: (0.06, 0.77, -0.63)
350.28: (-0.11, 0.75, -0.65)
350.40: (-0.29, 0.72, -0.63)
350.51: (-0.40, 0.74, -0.54)
350.61: (-0.37, 0.86, -0.36)
350.73: (-0.17, 0.98, -0.09)
350.85: (-0.01, 0.99, 0.11)
350.96: (0.42, 0.88, 0.20)
351.06: (0.84, 0.54, 0.09)
351.16: (0.96, 0.14, -0.23)
351.28: (0.82, -0.16, -0.55)
351.40: (0.67, -0.26, -0.70)
351.51: (0.84, -0.32, -0.44)
351.63: (0.89, -0.40, 0.20)
351.73: (0.81, -0.43, 0.40)
351.85: (0.81, -0.45, 0.37)
351.96: (0.80, -0.47, 0.36)
352.06: (0.78, -0.54, 0.31)
352.13: (0.78, -0.54, 0.31)
352.13: (-0.14, -0.09, 0.99): 0
352.18: (0.78, -0.54, 0.31)
352.30: (0.78, -0.54, 0.31)
352.41: (0.81, -0.49, 0.31)
352.53: (0.81, -0.49, 0.31)
352.63: (0.81, -0.49, 0.31)
352.75: (0.81, -0.49, 0.31)
352.86: (0.81, -0.49, 0.31)
352.98: (0.81, -0.52, 0.26)
353.10: (0.79, -0.55, 0.25)
353.21: (0.75, -0.58, 0.32)
353.33: (0.72, -0.57, 0.39)
353.43: (0.67, -0.57, 0.47)
353.55: (0.53, -0.59, 0.60)
353.66: (0.35, -0.61, 0.71)
353.76: (0.21, -0.58, 0.78)
353.86: (0.05, -0.54, 0.84)
353.96: (-0.10, -0.46, 0.88)
354.08: (-0.14, -0.31, 0.94)
354.20: (-0.07, -0.18, 0.98)
354.30: (-0.08, -0.09, 0.99)
354.41: (-0.12, -0.04, 0.99)
354.51: (-0.14, -0.05, 0.99)
354.51: (0.98, -0.20, 0.06): 1
354.53: (-0.14, -0.05, 0.99)
354.63: (-0.14, -0.05, 0.99)
354.75: (-0.14, -0.05, 0.99)
354.85: (-0.14, -0.05, 0.99)
354.96: (-0.14, -0.05, 0.99)
355.08: (-0.14, -0.05, 0.99)
355.20: (-0.14, -0.05, 0.99)
355.31: (-0.12, -0.06, 0.99)
355.43: (0.18, -0.17, 0.97)
355.55: (0.57, -0.30, 0.77)
355.66: (0.85, -0.37, 0.38)
355.76: (0.94, -0.31, -0.13)
355.88: (0.91, -0.15, -0.38)
355.98: (0.98, -0.15, -0.14)
356.08: (0.98, -0.19, 0.11)
356.20: (0.98, -0.18, 0.11)
356.25: (0.98, -0.18, 0.11)
356.25: (0.91, 0.01, -0.41): 1
356.31: (0.98, -0.18, 0.11)
356.41: (0.98, -0.18, 0.11)
356.53: (0.97, -0.19, 0.12)
356.65: (0.99, -0.14, 0.02)
356.75: (0.94, 0.00, -0.35)
356.86: (0.89, 0.01, -0.46)
356.95: (0.89, 0.01, -0.46)
356.95: (-0.59, 0.42, 0.69): 2
356.98: (0.89, 0.01, -0.46)
357.10: (0.89, 0.01, -0.45)
357.20: (0.89, 0.01, -0.45)
357.31: (0.89, 0.01, -0.45)
357.43: (0.90, 0.01, -0.43)
357.55: (0.94, -0.01, -0.35)
357.65: (0.94, 0.00, -0.33)
357.76: (0.95, -0.01, -0.32)
357.86: (0.95, -0.01, -0.32)
357.96: (0.95, -0.01, -0.32)
358.08: (0.95, -0.01, -0.32)
358.18: (0.97, -0.05, -0.24)
358.30: (0.83, -0.32, 0.46)
358.41: (0.08, -0.37, 0.93)
358.51: (-0.26, -0.29, 0.92)
358.63: (-0.45, -0.24, 0.86)
358.75: (-0.69, -0.12, 0.71)
358.86: (-0.77, 0.01, 0.64)
358.96: (-0.65, 0.16, 0.74)
359.06: (-0.63, 0.29, 0.72)
359.18: (-0.63, 0.34, 0.70)
359.28: (-0.61, 0.37, 0.70)
359.28: (-0.12, 0.36, -0.93): 2
359.30: (-0.61, 0.37, 0.70)
359.41: (-0.61, 0.37, 0.70)
359.53: (-0.61, 0.37, 0.70)
359.65: (-0.62, 0.36, 0.70)
359.75: (-0.62, 0.36, 0.70)
359.86: (-0.55, 0.29, 0.78)
359.96: (-0.55, 0.29, 0.78)
360.06: (-0.54, 0.24, 0.81)
360.18: (-0.62, 0.14, 0.77)
360.30: (-0.77, 0.33, 0.54)
360.41: (-0.85, 0.46, 0.26)
360.53: (-0.86, 0.52, 0.03)
360.65: (-0.83, 0.51, -0.23)
360.75: (-0.76, 0.48, -0.44)
360.85: (-0.63, 0.40, -0.67)
360.96: (-0.46, 0.31, -0.83)
361.06: (-0.36, 0.33, -0.87)
361.18: (-0.26, 0.43, -0.86)
361.28: (-0.20, 0.42, -0.88)
361.38: (-0.15, 0.39, -0.91)
361.38: (0.56, 0.31, -0.77): 2
361.40: (-0.15, 0.39, -0.91)
361.51: (-0.15, 0.39, -0.91)
361.61: (-0.15, 0.39, -0.91)
361.73: (0.00, 0.35, -0.94)
361.85: (0.33, 0.29, -0.90)
361.96: (0.45, 0.37, -0.81)
362.06: (0.45, 0.37, -0.81)
362.10: (0.45, 0.37, -0.81)
362.10: (-0.16, -0.02, 0.99): 1
362.18: (0.45, 0.37, -0.81)
362.29: (0.47, 0.35, -0.81)
362.41: (0.53, 0.23, -0.81)
362.53: (0.68, 0.01, -0.74)
362.63: (0.76, -0.23, -0.60)
362.74: (0.73, -0.17, -0.67)
362.86: (0.73, -0.17, -0.67)
362.96: (0.73, -0.17, -0.67)
363.06: (0.73, -0.17, -0.67)
363.18: (0.70, -0.23, -0.68)
363.29: (0.75, -0.36, -0.55)
363.41: (0.79, -0.50, -0.36)
363.53: (0.77, -0.60, -0.22)
363.64: (0.72, -0.69, 0.04)
363.76: (0.70, -0.70, 0.15)
363.88: (0.65, -0.68, 0.33)
363.99: (0.45, -0.64, 0.63)
364.09: (0.25, -0.60, 0.76)
364.19: (0.04, -0.51, 0.86)
364.31: (-0.17, -0.28, 0.95)
364.43: (-0.09, -0.08, 0.99)
364.53: (-0.08, -0.07, 0.99)
364.64: (-0.18, -0.02, 0.98)
364.76: (-0.22, 0.02, 0.98)
364.76: (-0.09, -0.19, 0.98): 0
364.76: (-0.22, 0.02, 0.98)
364.88: (-0.22, 0.01, 0.98)
364.98: (-0.21, 0.01, 0.98)
365.09: (-0.16, -0.06, 0.98)
365.19: (-0.12, -0.15, 0.98)
365.31: (-0.13, -0.20, 0.97)
365.34: (-0.13, -0.20, 0.97)
365.34: (-0.98, -0.19, 0.00): 1
365.43: (-0.13, -0.20, 0.97)
365.53: (-0.13, -0.20, 0.97)
365.64: (-0.08, -0.21, 0.97)
365.76: (0.06, -0.28, 0.96)
365.88: (0.02, -0.28, 0.96)
365.99: (-0.35, -0.14, 0.93)
366.11: (-0.65, 0.24, 0.72)
366.23: (-0.75, 0.56, 0.36)
366.34: (-0.74, 0.67, 0.04)
366.46: (-0.74, 0.66, -0.10)
366.58: (-0.76, 0.63, -0.16)
366.69: (-0.79, 0.59, -0.14)
366.81: (-0.90, 0.40, 0.17)
366.91: (-0.86, 0.12, 0.50)
367.01: (-0.61, -0.17, 0.77)
367.13: (-0.53, -0.28, 0.80)
367.24: (-0.85, -0.16, 0.50)
367.34: (-0.93, -0.11, 0.34)
367.46: (-0.95, -0.15, 0.26)
367.56: (-1.00, -0.09, 0.01)
367.66: (-1.00, -0.03, -0.03)
367.78: (-1.00, -0.04, -0.02)
367.89: (-0.99, -0.14, 0.05)
367.91: (-0.99, -0.14, 0.05)
367.91: (0.99, 0.10, -0.07): 2
367.99: (-0.99, -0.14, 0.05)
368.11: (-0.99, -0.14, 0.05)
368.23: (-0.99, -0.14, 0.05)
368.34: (-0.99, -0.13, 0.10)
368.46: (-0.99, -0.13, 0.11)
368.58: (-0.99, -0.12, 0.12)
368.69: (-0.97, -0.13, 0.21)
368.81: (-0.95, -0.13, 0.28)
368.91: (-0.63, -0.30, 0.71)
369.03: (-0.17, -0.41, 0.89)
369.14: (-0.07, -0.40, 0.91)
369.26: (0.08, -0.37, 0.92)
369.38: (0.40, -0.35, 0.85)
369.49: (0.77, -0.30, 0.56)
369.59: (0.92, -0.25, 0.32)
369.69: (0.96, -0.21, 0.17)
369.81: (0.99, -0.15, 0.02)
369.93: (1.00, -0.04, -0.05)
370.04: (0.99, 0.04, -0.13)
370.06: (0.99, 0.04, -0.13)
370.06: (-0.83, -0.46, -0.31): 1
370.16: (0.99, 0.04, -0.13)
370.28: (0.99, 0.04, -0.13)
370.39: (0.99, 0.04, -0.13)
370.51: (0.99, 0.04, -0.13)
370.63: (0.99, 0.05, -0.13)
370.74: (0.96, 0.05, -0.26)
370.84: (0.91, 0.09, -0.40)
370.94: (0.84, 0.12, -0.52)
371.06: (0.68, 0.18, -0.71)
371.16: (0.50, 0.23, -0.84)
371.28: (0.16, 0.29, -0.94)
371.38: (-0.19, 0.34, -0.92)
371.48: (-0.43, 0.35, -0.83)
371.59: (-0.62, 0.34, -0.71)
371.71: (-0.79, 0.24, -0.56)
371.83: (-0.86, 0.19, -0.47)
371.93: (-0.91, 0.16, -0.38)
372.03: (-0.95, 0.13, -0.28)
372.14: (-0.91, 0.05, -0.40)
372.26: (-0.80, -0.08, -0.60)
372.38: (-0.82, -0.14, -0.55)
372.49: (-0.84, -0.31, -0.44)
372.59: (-0.82, -0.44, -0.37)
372.71: (-0.82, -0.47, -0.34)
372.83: (-0.83, -0.48, -0.29)
END