3/27/2023 2:57:16 PM
Mode: Default
White time (s): [0.9997864, 1.283051, 1.232819, 1.51651, 2.599304, 5.181976, 8.798004, 5.048737, 0.4502563, 2.132751, 0.6999512, 1.549744, 1.46637, 1.049896, 1.199768, 2.915955, 2.199677, 1.649872, 1.766174, 1.0336, 2.682709, 0.6000366, 1.616241, 2.449554, 2.482849, 0.5997925, 4.232666, 2.216309, 3.365845, 3.782532]
Shot time (s): [2.599701, 5.682648, 5.848785, 4.415649, 1.233398, 2.81601, 0.9831543, 2.36618, 2.065979, 7.615234, 3.799103, 3.282867, 1.782562, 1.849609, 1.766663, 2.16571, 2.816315, 0.599884, 5.098633, 0.5167542, 1.933044, 2.399109, 2.399841, 0.9163208, 2.216003, 3.599304, 0.8165894, 2.499695, 3.116028, 0.8500366]
Step time (s): [2.69928, 3.848999, 2.282837, 2.066254, 2.049438, 1.183319, 1.166412, 3.516266, 2.49939, 5.648865, 1.933014, 9.38147, 3.316132, 0.5830383, 0.8163452, 0.9328918, 2.132721, 1.399628, 0.6328125, 2.08316, 0.9327393, 2.866333, 1.066528, 1.282898, 4.082458, 2.199463, 0.9663086, 0.7333374, 2.682495, 1.783081]
White horz (deg): [23.58, 92.10001, 83.33999, 30.6, 88.01998, 405.9, 725.0389, 504.8997, 14.46, 124.5, 9.059999, 81.71998, 126.66, 122.34, 33.35999, 366.7798, 169.74, 119.82, 179.76, 82.67999, 189.18, 10.2, 147, 207.3599, 134.04, 7.859999, 413.0399, 188.3401, 147.12, 342.7199]
Shot horz (deg): [106.86, 367.9797, 637.4997, 146.04, 34.55999, 148.56, 40.98, 97.79999, 127.56, 773.2792, 274.5599, 179.94, 174, 172.38, 158.04, 112.32, 232.02, 5.219999, 494.5801, 6.179998, 174.6, 219.8999, 184.8599, 48.23999, 94.37999, 336.5399, 45.66, 135.84, 192.9599, 45.18]
Step horz (deg): [141.72, 190.02, 62.64, 213.4799, 99.65997, 12.9, 7.199997, 140.7599, 154.26, 527.8195, 202.6799, 901.1393, 325.1398, 26.33999, 37.86, 60.24, 157.0799, 208.08, 28.8, 100.44, 34.08, 173.94, 6.959998, 40.68001, 219.9, 112.86, 49.56, 36.96, 97.67999, 32.52]
White vert (deg): [3.72, 38.28, 57.42001, 47.39999, 49.62, 204.54, 338.9998, 258.4198, 12.54, 98.52, 29.15999, 32.04, 45.24, 34.20001, 37.38, 135.84, 63.96001, 24.9, 41.22001, 47.94001, 186.96, 25.62, 82.79997, 98.39999, 151.02, 7.559999, 282.5999, 139.3199, 210.66, 206.88]
Shot vert (deg): [70.80001, 169.8599, 237.5399, 89.4, 44.09999, 58.68, 41.58, 173.1599, 93.53999, 359.34, 107.16, 98.4, 118.92, 26.04, 37.8, 58.49999, 83.45999, 25.26, 278.5799, 16.44, 117.18, 100.74, 98.16003, 17.88, 144.48, 202.8, 29.46, 125.22, 73.08, 25.73999]
Step vert (deg): [64.8, 108.9, 56.28, 72.6, 61.19999, 41.16, 29.34, 199.74, 104.88, 186.1799, 90.71998, 281.34, 103.38, 2.88, 10.08, 17.16, 62.52, 69.11999, 9.9, 44.94, 26.52, 216.18, 34.68, 16.08, 248.58, 86.81999, 20.94, 23.16, 107.04, 42.12]

Time in sec: camera forward versor
Time in sec: target versor: sound type (0 = White, 1 = Shot, 2 = Step)
START
350.30: (0.91, -0.32, -0.28): 0
350.30: (0.70, -0.71, -0.07)
350.41: (0.70, -0.71, -0.07)
350.51: (0.72, -0.69, -0.06)
350.63: (0.72, -0.69, -0.06)
350.75: (0.72, -0.69, -0.06)
350.86: (0.76, -0.65, -0.07)
350.96: (0.86, -0.48, -0.16)
351.08: (0.90, -0.38, -0.21)
351.20: (0.90, -0.38, -0.21)
351.30: (0.90, -0.38, -0.21)
351.30: (-0.09, -0.79, 0.61): 0
351.31: (0.90, -0.38, -0.21)
351.43: (0.90, -0.38, -0.21)
351.55: (0.90, -0.38, -0.21)
351.65: (0.90, -0.38, -0.21)
351.76: (0.90, -0.38, -0.21)
351.88: (0.66, -0.74, -0.08)
351.98: (0.37, -0.93, 0.09)
352.10: (0.04, -0.97, 0.23)
352.20: (-0.09, -0.92, 0.38)
352.31: (0.07, -0.81, 0.59)
352.43: (0.02, -0.79, 0.62)
352.55: (-0.10, -0.79, 0.61)
352.58: (-0.10, -0.79, 0.61)
352.58: (-1.00, -0.03, -0.02): 2
352.65: (-0.10, -0.79, 0.61)
352.76: (-0.10, -0.78, 0.61)
352.88: (-0.10, -0.78, 0.61)
353.00: (-0.10, -0.78, 0.61)
353.11: (-0.09, -0.80, 0.60)
353.21: (0.16, -0.91, 0.38)
353.33: (0.32, -0.91, 0.24)
353.45: (0.32, -0.91, 0.24)
353.55: (0.32, -0.91, 0.24)
353.66: (0.33, -0.91, 0.25)
353.78: (0.01, -0.97, 0.24)
353.90: (-0.35, -0.90, 0.26)
354.01: (-0.35, -0.90, 0.26)
354.13: (-0.35, -0.90, 0.26)
354.23: (-0.35, -0.90, 0.26)
354.35: (-0.37, -0.90, 0.24)
354.46: (-0.43, -0.86, 0.27)
354.58: (-0.66, -0.69, 0.31)
354.70: (-0.92, -0.26, 0.30)
354.80: (-0.96, 0.00, 0.29)
354.91: (-0.99, 0.01, 0.13)
355.03: (-1.00, -0.04, 0.04)
355.15: (-1.00, -0.05, 0.02)
355.26: (-1.00, -0.07, -0.03)
355.28: (-1.00, -0.07, -0.03)
355.28: (0.37, -0.60, 0.71): 1
355.38: (-1.00, -0.07, -0.03)
355.50: (-1.00, -0.07, -0.02)
355.61: (-1.00, -0.07, -0.02)
355.71: (-1.00, -0.07, -0.01)
355.83: (-1.00, -0.07, -0.01)
355.93: (-0.99, -0.12, -0.01)
356.05: (-0.87, -0.49, -0.01)
356.15: (-0.63, -0.77, -0.02)
356.26: (-0.33, -0.94, -0.04)
356.38: (0.04, -1.00, 0.04)
356.50: (0.04, -1.00, 0.05)
356.61: (0.04, -1.00, 0.05)
356.71: (0.04, -1.00, 0.05)
356.83: (0.04, -1.00, 0.05)
356.95: (0.05, -1.00, 0.04)
357.06: (0.07, -1.00, 0.02)
357.18: (0.10, -0.99, 0.07)
357.28: (0.18, -0.93, 0.31)
357.40: (0.22, -0.78, 0.58)
357.51: (0.22, -0.63, 0.74)
357.63: (0.23, -0.61, 0.76)
357.75: (0.32, -0.64, 0.70)
357.85: (0.36, -0.64, 0.68)
357.88: (0.36, -0.64, 0.68)
357.88: (-0.66, -0.67, -0.34): 0
357.96: (0.36, -0.64, 0.68)
358.06: (0.36, -0.64, 0.68)
358.16: (0.36, -0.64, 0.68)
358.28: (0.36, -0.64, 0.68)
358.40: (0.27, -0.71, 0.65)
358.50: (-0.02, -0.90, 0.43)
358.61: (-0.39, -0.91, 0.16)
358.73: (-0.67, -0.74, -0.07)
358.85: (-0.77, -0.61, -0.19)
358.96: (-0.68, -0.69, -0.24)
359.08: (-0.64, -0.72, -0.26)
359.11: (-0.64, -0.72, -0.26)
359.11: (-0.50, -0.31, -0.81): 0
359.18: (-0.64, -0.72, -0.26)
359.30: (-0.64, -0.72, -0.26)
359.40: (-0.64, -0.72, -0.26)
359.51: (-0.59, -0.79, -0.15)
359.63: (-0.59, -0.79, -0.15)
359.73: (-0.59, -0.79, -0.15)
359.85: (-0.60, -0.79, -0.16)
359.96: (-0.65, -0.68, -0.35)
360.08: (-0.61, -0.53, -0.59)
360.18: (-0.57, -0.45, -0.69)
360.28: (-0.57, -0.44, -0.70)
360.40: (-0.56, -0.39, -0.73)
360.51: (-0.54, -0.29, -0.79)
360.61: (-0.53, -0.30, -0.79)
360.63: (-0.53, -0.30, -0.79)
360.63: (-0.24, -0.07, 0.97): 2
360.73: (-0.53, -0.30, -0.79)
360.83: (-0.53, -0.33, -0.78)
360.95: (-0.56, -0.40, -0.73)
361.06: (-0.56, -0.40, -0.73)
361.18: (-0.56, -0.40, -0.73)
361.30: (-0.56, -0.40, -0.73)
361.41: (-0.56, -0.40, -0.73)
361.51: (-0.54, -0.40, -0.74)
361.63: (-0.54, -0.38, -0.75)
361.75: (-0.53, -0.37, -0.77)
361.85: (-0.51, -0.38, -0.77)
361.96: (-0.52, -0.34, -0.78)
362.08: (-0.60, -0.02, -0.80)
362.20: (-0.58, 0.10, -0.81)
362.31: (-0.58, 0.15, -0.80)
362.43: (-0.45, 0.58, -0.68)
362.54: (-0.34, 0.80, -0.50)
362.65: (-0.40, 0.78, -0.49)
362.76: (-0.40, 0.78, -0.49)
362.88: (-0.40, 0.78, -0.49)
363.00: (-0.36, 0.82, -0.44)
363.11: (-0.32, 0.91, -0.28)
363.21: (-0.33, 0.94, 0.04)
363.33: (-0.40, 0.88, 0.26)
363.43: (-0.51, 0.71, 0.48)
363.53: (-0.57, 0.59, 0.57)
363.65: (-0.59, 0.39, 0.70)
363.76: (-0.55, 0.37, 0.75)
363.88: (-0.55, 0.37, 0.75)
363.99: (-0.51, 0.40, 0.76)
364.11: (-0.38, 0.31, 0.87)
364.23: (-0.23, 0.05, 0.97)
364.34: (-0.28, 0.02, 0.96)
364.44: (-0.35, 0.04, 0.93)
364.48: (-0.35, 0.03, 0.94)
364.48: (-0.90, -0.43, -0.07): 1
364.56: (-0.34, 0.03, 0.94)
364.66: (-0.33, 0.02, 0.94)
364.78: (-0.25, -0.03, 0.97)
364.89: (0.01, -0.10, 0.99)
364.99: (0.18, -0.05, 0.98)
365.11: (-0.05, 0.31, 0.95)
365.21: (-0.35, 0.56, 0.75)
365.33: (-0.64, 0.67, 0.39)
365.43: (-0.76, 0.63, 0.13)
365.54: (-0.76, 0.63, 0.13)
365.66: (-0.76, 0.63, 0.13)
365.78: (-0.76, 0.65, 0.05)
365.88: (-0.81, 0.58, -0.09)
365.99: (-0.84, 0.42, -0.35)
366.11: (-0.74, 0.11, -0.67)
366.23: (-0.55, -0.11, -0.83)
366.33: (-0.26, -0.39, -0.88)
366.43: (-0.29, -0.40, -0.87)
366.54: (-0.29, -0.40, -0.87)
366.64: (-0.27, -0.40, -0.87)
366.76: (-0.26, -0.46, -0.85)
366.88: (-0.25, -0.48, -0.84)
366.98: (-0.23, -0.50, -0.84)
367.08: (-0.16, -0.57, -0.81)
367.19: (-0.12, -0.54, -0.83)
367.31: (-0.10, -0.55, -0.83)
367.43: (-0.06, -0.59, -0.81)
367.53: (0.02, -0.67, -0.74)
367.64: (0.14, -0.82, -0.56)
367.74: (0.20, -0.94, -0.28)
367.86: (0.20, -0.95, -0.26)
367.98: (0.20, -0.95, -0.26)
368.08: (0.21, -0.94, -0.25)
368.19: (0.25, -0.94, -0.22)
368.29: (0.27, -0.94, -0.21)
368.41: (0.29, -0.93, -0.24)
368.53: (-0.23, -0.80, -0.55)
368.64: (-0.55, -0.48, -0.69)
368.76: (-0.52, -0.52, -0.68)
368.88: (-0.52, -0.52, -0.68)
368.99: (-0.52, -0.51, -0.68)
369.11: (-0.57, -0.45, -0.69)
369.23: (-0.61, -0.36, -0.71)
369.34: (-0.71, -0.32, -0.62)
369.44: (-0.82, -0.40, -0.41)
369.56: (-0.86, -0.48, -0.18)
369.68: (-0.85, -0.51, -0.11)
369.79: (-0.84, -0.50, -0.18)
369.89: (-0.88, -0.45, -0.18)
370.01: (-0.90, -0.40, -0.14)
370.11: (-0.90, -0.40, -0.14)
370.16: (-0.90, -0.40, -0.14)
370.16: (-0.83, 0.45, 0.33): 2
370.23: (-0.90, -0.40, -0.14)
370.33: (-0.91, -0.41, -0.12)
370.44: (-0.92, -0.38, -0.12)
370.56: (-0.92, -0.39, -0.11)
370.68: (-0.92, -0.39, -0.11)
370.79: (-0.92, -0.38, -0.12)
370.91: (-0.93, -0.35, -0.13)
371.03: (-0.93, -0.34, -0.12)
371.14: (-0.93, -0.33, -0.14)
371.24: (-0.93, -0.32, -0.16)
371.36: (-0.94, -0.31, -0.11)
371.48: (-0.95, -0.30, -0.11)
371.59: (-0.94, -0.15, -0.32)
371.71: (-0.97, 0.14, -0.21)
371.83: (-0.95, 0.32, 0.01)
371.94: (-0.90, 0.42, 0.13)
372.06: (-0.89, 0.43, 0.13)
372.16: (-0.87, 0.45, 0.19)
372.28: (-0.82, 0.45, 0.37)
372.39: (-0.81, 0.47, 0.34)
372.44: (-0.81, 0.47, 0.34)
372.44: (-0.63, -0.64, 0.43): 1
372.49: (-0.81, 0.47, 0.34)
372.61: (-0.81, 0.47, 0.35)
372.73: (-0.81, 0.47, 0.35)
372.84: (-0.82, 0.46, 0.34)
372.96: (-0.85, 0.48, 0.20)
373.06: (-0.95, 0.29, -0.12)
373.18: (-0.95, -0.09, -0.31)
373.29: (-0.75, -0.46, -0.48)
373.41: (-0.53, -0.53, -0.66)
373.53: (-0.32, -0.63, -0.71)
373.64: (-0.05, -0.79, -0.61)
373.76: (0.29, -0.85, -0.43)
373.88: (0.55, -0.82, -0.18)
373.99: (0.79, -0.57, 0.22)
374.11: (0.78, -0.58, 0.22)
374.23: (0.78, -0.58, 0.22)
374.34: (0.78, -0.58, 0.22)
374.46: (0.81, -0.56, 0.17)
374.58: (0.83, -0.53, 0.19)
374.69: (0.85, -0.49, 0.18)
374.81: (0.90, -0.40, 0.19)
374.93: (0.92, 0.07, 0.39)
375.03: (0.72, 0.30, 0.62)
375.14: (0.73, 0.29, 0.62)
375.26: (0.73, 0.29, 0.62)
375.38: (0.73, 0.30, 0.61)
375.49: (0.69, 0.39, 0.60)
375.61: (0.47, 0.51, 0.72)
375.73: (-0.04, 0.52, 0.85)
375.83: (-0.11, 0.25, 0.96)
375.93: (0.30, 0.01, 0.95)
376.04: (0.37, 0.11, 0.92)
376.16: (-0.32, 0.51, 0.79)
376.28: (-0.85, 0.49, 0.19)
376.39: (-0.92, 0.38, -0.03)
376.49: (-0.92, 0.38, -0.03)
376.59: (-0.92, 0.38, -0.03)
376.71: (-0.93, 0.34, -0.14)
376.83: (-0.92, 0.26, -0.30)
376.94: (-0.84, 0.06, -0.54)
377.06: (-0.43, -0.39, -0.81)
377.18: (-0.18, -0.58, -0.80)
377.29: (-0.16, -0.59, -0.79)
377.39: (-0.16, -0.59, -0.79)
377.51: (-0.27, -0.63, -0.72)
377.61: (-0.51, -0.80, -0.32)
377.73: (-0.54, -0.83, -0.17)
377.83: (-0.78, -0.62, 0.13)
377.94: (-0.92, -0.24, 0.31)
378.06: (-0.83, -0.40, 0.39)
378.18: (-0.68, -0.60, 0.42)
378.29: (-0.65, -0.65, 0.40)
378.29: (-0.93, 0.31, -0.21): 0
378.29: (-0.65, -0.65, 0.40)
378.41: (-0.65, -0.65, 0.39)
378.53: (-0.66, -0.65, 0.39)
378.64: (-0.67, -0.63, 0.39)
378.76: (-0.69, -0.62, 0.38)
378.87: (-0.70, -0.61, 0.36)
378.98: (-0.71, -0.61, 0.34)
379.08: (-0.72, -0.61, 0.32)
379.19: (-0.73, -0.61, 0.31)
379.31: (-0.73, -0.61, 0.31)
379.43: (-0.73, -0.61, 0.31)
379.53: (-0.74, -0.60, 0.30)
379.64: (-0.74, -0.60, 0.29)
379.76: (-0.75, -0.60, 0.28)
379.86: (-0.75, -0.61, 0.27)
379.97: (-0.76, -0.60, 0.27)
380.09: (-0.83, -0.52, 0.22)
380.19: (-0.92, -0.37, 0.13)
380.31: (-0.98, -0.15, 0.11)
380.42: (-0.89, 0.43, -0.13)
380.52: (-0.84, 0.48, -0.25)
380.62: (-0.89, 0.38, -0.24)
380.74: (-0.93, 0.27, -0.26)
380.84: (-0.94, 0.23, -0.26)
380.89: (-0.94, 0.23, -0.26)
380.89: (0.34, 0.58, 0.74): 2
380.96: (-0.94, 0.23, -0.26)
381.07: (-0.94, 0.22, -0.26)
381.17: (-0.94, 0.23, -0.27)
381.29: (-0.94, 0.23, -0.27)
381.41: (-0.85, 0.39, -0.35)
381.52: (-0.28, 0.78, -0.56)
381.62: (-0.02, 0.89, -0.45)
381.74: (0.17, 0.93, -0.32)
381.84: (0.16, 0.93, -0.32)
381.94: (0.16, 0.93, -0.32)
382.06: (0.17, 0.93, -0.32)
382.17: (0.37, 0.91, -0.17)
382.29: (0.74, 0.57, 0.36)
382.41: (0.69, 0.00, 0.72)
382.52: (0.63, -0.06, 0.77)
382.64: (0.51, 0.29, 0.81)
382.76: (0.43, 0.45, 0.78)
382.86: (0.44, 0.51, 0.74)
382.96: (0.42, 0.53, 0.74)
382.96: (0.37, -0.90, 0.21): 2
382.96: (0.42, 0.53, 0.74)
383.07: (0.42, 0.52, 0.74)
383.19: (0.43, 0.52, 0.74)
383.31: (0.45, 0.51, 0.74)
383.42: (0.45, 0.50, 0.74)
383.52: (0.46, 0.50, 0.74)
383.64: (0.48, 0.46, 0.75)
383.76: (0.50, 0.41, 0.76)
383.87: (0.57, 0.04, 0.82)
383.97: (0.55, -0.25, 0.79)
384.09: (0.39, -0.68, 0.62)
384.21: (0.33, -0.72, 0.61)
384.31: (0.34, -0.71, 0.62)
384.41: (0.34, -0.71, 0.62)
384.52: (0.35, -0.71, 0.61)
384.62: (0.36, -0.78, 0.51)
384.74: (0.39, -0.88, 0.28)
384.84: (0.38, -0.89, 0.26)
384.96: (0.37, -0.90, 0.23)
385.01: (0.37, -0.90, 0.22)
385.01: (-0.95, 0.20, -0.26): 1
385.06: (0.37, -0.90, 0.22)
385.17: (0.37, -0.90, 0.23)
385.27: (0.37, -0.90, 0.23)
385.39: (0.37, -0.91, 0.21)
385.51: (0.36, -0.91, 0.21)
385.62: (0.36, -0.91, 0.21)
385.74: (0.36, -0.91, 0.20)
385.84: (0.36, -0.91, 0.20)
385.96: (0.36, -0.91, 0.20)
386.07: (0.36, -0.91, 0.21)
386.19: (0.37, -0.90, 0.21)
386.31: (0.37, -0.90, 0.22)
386.42: (0.37, -0.90, 0.23)
386.52: (0.37, -0.90, 0.23)
386.64: (0.35, -0.91, 0.24)
386.76: (0.35, -0.91, 0.24)
386.86: (0.35, -0.90, 0.25)
386.97: (0.34, -0.90, 0.27)
387.09: (0.31, -0.90, 0.31)
387.21: (0.31, -0.90, 0.31)
387.32: (0.31, -0.90, 0.32)
387.44: (0.31, -0.90, 0.32)
387.54: (0.31, -0.90, 0.31)
387.66: (0.31, -0.90, 0.30)
387.76: (0.31, -0.90, 0.30)
387.87: (0.31, -0.90, 0.30)
387.97: (0.31, -0.90, 0.30)
388.07: (0.31, -0.92, 0.23)
388.19: (0.08, -0.97, -0.23)
388.29: (-0.34, -0.72, -0.60)
388.41: (-0.53, -0.54, -0.65)
388.51: (-0.53, -0.54, -0.65)
388.61: (-0.53, -0.54, -0.65)
388.72: (-0.51, -0.53, -0.68)
388.84: (-0.59, -0.43, -0.68)
388.96: (-0.92, -0.04, -0.38)
389.07: (-0.99, 0.09, -0.11)
389.17: (-0.98, 0.07, -0.20)
389.27: (-0.96, 0.09, -0.27)
389.39: (-0.94, 0.18, -0.29)
389.42: (-0.94, 0.18, -0.29)
389.42: (-0.80, 0.30, 0.52): 1
389.49: (-0.94, 0.18, -0.29)
389.59: (-0.94, 0.18, -0.29)
389.71: (-0.93, 0.17, -0.33)
389.81: (-0.92, 0.18, -0.35)
389.92: (-0.94, 0.21, -0.27)
390.02: (-0.95, 0.31, 0.00)
390.12: (-0.95, 0.29, 0.06)
390.24: (-0.95, 0.28, 0.14)
390.36: (-0.92, 0.23, 0.32)
390.47: (-0.85, 0.26, 0.46)
390.57: (-0.82, 0.26, 0.51)
390.66: (-0.82, 0.26, 0.51)
390.66: (-0.24, -0.92, -0.30): 0
390.67: (-0.82, 0.26, 0.51)
390.79: (-0.83, 0.26, 0.50)
390.89: (-0.83, 0.27, 0.49)
391.01: (-0.85, 0.27, 0.46)
391.11: (-0.90, 0.25, 0.36)
391.22: (-0.90, 0.32, 0.29)
391.34: (-0.98, 0.19, 0.10)
391.46: (-0.97, -0.07, -0.22)
391.57: (-0.95, -0.16, -0.26)
391.67: (-0.95, -0.17, -0.26)
391.79: (-0.95, -0.17, -0.25)
391.91: (-0.95, -0.17, -0.26)
392.02: (-0.95, -0.17, -0.26)
392.12: (-0.95, -0.17, -0.26)
392.22: (-0.95, -0.17, -0.25)
392.34: (-0.95, -0.13, -0.28)
392.46: (-0.89, 0.06, -0.45)
392.57: (-0.90, 0.19, -0.40)
392.69: (-0.74, 0.63, -0.22)
392.81: (-0.59, 0.79, -0.18)
392.91: (-0.63, 0.76, -0.12)
393.02: (-0.73, 0.63, 0.26)
393.14: (-0.54, 0.55, 0.64)
393.24: (-0.34, 0.44, 0.83)
393.34: (-0.34, 0.44, 0.83)
393.46: (-0.34, 0.44, 0.83)
393.57: (-0.31, 0.45, 0.84)
393.69: (-0.07, 0.49, 0.87)
393.81: (0.52, 0.33, 0.79)
393.92: (0.90, 0.00, 0.43)
394.02: (0.93, -0.04, 0.36)
394.12: (0.95, -0.09, 0.31)
394.24: (0.90, -0.44, 0.06)
394.34: (0.81, -0.58, -0.01)
394.46: (0.81, -0.58, -0.01)
394.57: (0.81, -0.58, -0.01)
394.67: (0.81, -0.58, -0.01)
394.79: (0.83, -0.56, -0.02)
394.89: (0.77, -0.64, -0.07)
395.01: (0.50, -0.74, -0.45)
395.12: (0.08, -0.70, -0.71)
395.24: (-0.29, -0.57, -0.77)
395.34: (-0.53, -0.54, -0.65)
395.45: (-0.46, -0.77, -0.44)
395.55: (-0.34, -0.88, -0.34)
395.67: (-0.29, -0.91, -0.28)
395.79: (-0.22, -0.94, -0.24)
395.84: (-0.21, -0.95, -0.24)
395.84: (0.14, -0.51, -0.85): 2
395.90: (-0.21, -0.95, -0.24)
396.00: (-0.21, -0.95, -0.24)
396.12: (-0.20, -0.94, -0.29)
396.22: (-0.20, -0.90, -0.38)
396.34: (-0.19, -0.89, -0.41)
396.45: (-0.19, -0.87, -0.45)
396.57: (-0.20, -0.82, -0.54)
396.69: (-0.16, -0.78, -0.61)
396.80: (0.06, -0.61, -0.79)
396.90: (0.06, -0.61, -0.79)
397.00: (0.06, -0.61, -0.79)
397.02: (0.06, -0.61, -0.79)
397.02: (0.84, 0.18, -0.51): 0
397.12: (0.06, -0.61, -0.79)
397.24: (0.06, -0.62, -0.78)
397.35: (0.05, -0.60, -0.80)
397.47: (-0.04, -0.46, -0.89)
397.59: (-0.27, -0.17, -0.95)
397.70: (-0.28, -0.15, -0.95)
397.82: (-0.31, -0.19, -0.93)
397.94: (-0.34, 0.02, -0.94)
398.04: (-0.38, 0.13, -0.91)
398.15: (-0.37, 0.28, -0.89)
398.27: (-0.51, 0.30, -0.80)
398.39: (-0.72, 0.66, -0.19)
398.49: (-0.69, 0.70, 0.18)
398.60: (-0.69, 0.70, 0.18)
398.70: (-0.69, 0.70, 0.18)
398.82: (-0.57, 0.62, 0.54)
398.92: (-0.61, 0.63, 0.48)
399.04: (-0.61, 0.63, 0.48)
399.14: (-0.61, 0.63, 0.48)
399.25: (-0.61, 0.63, 0.48)
399.37: (-0.46, 0.55, 0.69)
399.49: (-0.12, 0.16, 0.98)
399.60: (0.12, -0.19, 0.97)
399.70: (0.18, -0.28, 0.94)
399.82: (0.28, -0.51, 0.81)
399.94: (0.26, -0.79, 0.55)
400.04: (0.19, -0.82, 0.54)
400.15: (0.19, -0.82, 0.54)
400.25: (0.19, -0.82, 0.54)
400.37: (0.20, -0.82, 0.54)
400.49: (0.24, -0.83, 0.51)
400.59: (0.41, -0.88, 0.26)
400.70: (0.52, -0.84, -0.15)
400.82: (0.51, -0.74, -0.44)
400.92: (0.50, -0.74, -0.45)
401.04: (0.44, -0.74, -0.52)
401.15: (0.25, -0.59, -0.76)
401.27: (0.21, -0.45, -0.87)
401.39: (-0.09, -0.26, -0.96)
401.49: (-0.32, -0.18, -0.93)
401.60: (-0.46, -0.05, -0.88)
401.72: (-0.64, 0.35, -0.68)
401.82: (-0.62, 0.44, -0.65)
401.92: (-0.61, 0.44, -0.66)
402.04: (-0.55, 0.47, -0.69)
402.15: (-0.21, 0.49, -0.85)
402.27: (0.11, 0.49, -0.86)
402.37: (0.23, 0.52, -0.82)
402.49: (0.15, 0.42, -0.89)
402.60: (0.11, 0.38, -0.92)
402.72: (0.11, 0.38, -0.92)
402.82: (0.11, 0.38, -0.92)
402.94: (0.11, 0.38, -0.92)
403.04: (0.11, 0.38, -0.92)
403.15: (0.12, 0.39, -0.91)
403.25: (0.22, 0.54, -0.81)
403.37: (0.34, 0.91, -0.25)
403.49: (0.31, 0.78, 0.55)
403.60: (0.11, 0.26, 0.96)
403.72: (0.10, 0.26, 0.96)
403.84: (0.13, 0.31, 0.94)
403.94: (0.34, 0.70, 0.63)
404.05: (0.45, 0.89, 0.06)
404.17: (0.44, 0.90, 0.02)
404.29: (0.44, 0.90, 0.02)
404.40: (0.44, 0.90, 0.02)
404.52: (0.43, 0.90, -0.07)
404.62: (0.35, 0.90, -0.27)
404.74: (0.34, 0.91, -0.26)
404.84: (0.34, 0.91, -0.26)
404.95: (0.36, 0.90, -0.25)
405.07: (0.51, 0.83, -0.22)
405.19: (0.83, 0.55, -0.11)
405.29: (0.98, 0.18, -0.02)
405.40: (0.99, -0.08, -0.07)
405.52: (0.96, 0.03, -0.28)
405.64: (0.88, 0.15, -0.45)
405.75: (0.86, 0.19, -0.48)
405.82: (0.85, 0.19, -0.49)
405.82: (-0.02, 0.44, -0.90): 1
405.85: (0.85, 0.19, -0.49)
405.97: (0.85, 0.19, -0.49)
406.09: (0.85, 0.18, -0.49)
406.19: (0.85, 0.18, -0.49)
406.29: (0.85, 0.18, -0.49)
406.40: (0.85, 0.18, -0.49)
406.50: (0.85, 0.19, -0.48)
406.62: (0.85, 0.19, -0.48)
406.74: (0.85, 0.19, -0.48)
406.84: (0.85, 0.19, -0.48)
406.95: (0.85, 0.19, -0.48)
407.07: (0.85, 0.19, -0.48)
407.17: (0.85, 0.19, -0.48)
407.27: (0.85, 0.19, -0.48)
407.39: (0.88, 0.18, -0.45)
407.50: (0.84, 0.15, -0.52)
407.62: (0.46, -0.07, -0.88)
407.72: (0.22, -0.09, -0.97)
407.84: (-0.43, -0.19, -0.88)
407.94: (-0.65, -0.22, -0.72)
408.04: (-0.51, 0.01, -0.86)
408.15: (-0.32, 0.24, -0.92)
408.27: (-0.24, 0.32, -0.92)
408.39: (-0.16, 0.35, -0.93)
408.50: (-0.01, 0.41, -0.91)
408.62: (0.00, 0.40, -0.92)
408.64: (0.00, 0.40, -0.92)
408.64: (0.33, -0.38, -0.86): 1
408.72: (0.00, 0.40, -0.92)
408.84: (0.00, 0.39, -0.92)
408.95: (0.12, 0.28, -0.95)
409.07: (0.32, 0.02, -0.95)
409.17: (0.42, -0.07, -0.91)
409.29: (0.45, -0.33, -0.83)
409.40: (0.40, -0.36, -0.84)
409.50: (0.39, -0.35, -0.85)
409.62: (0.37, -0.33, -0.87)
409.62: (-0.90, 0.39, 0.20): 1
409.62: (0.37, -0.33, -0.87)
409.72: (0.37, -0.33, -0.87)
409.84: (0.40, -0.22, -0.89)
409.95: (0.41, -0.21, -0.89)
410.07: (0.41, -0.21, -0.89)
410.19: (0.41, -0.21, -0.89)
410.29: (0.40, -0.23, -0.89)
410.39: (0.40, -0.27, -0.88)
410.50: (0.35, -0.49, -0.79)
410.62: (0.14, -0.80, -0.58)
410.72: (-0.07, -0.93, -0.37)
410.84: (-0.20, -0.96, -0.20)
410.94: (-0.30, -0.95, -0.09)
411.05: (-0.47, -0.88, 0.06)
411.17: (-0.71, -0.69, 0.16)
411.27: (-0.88, -0.44, 0.17)
411.39: (-1.00, 0.01, 0.04)
411.50: (-0.93, 0.35, 0.07)
411.62: (-0.85, 0.42, 0.33)
411.72: (-0.83, 0.43, 0.37)
411.82: (-0.85, 0.42, 0.30)
411.93: (-0.88, 0.42, 0.22)
411.98: (-0.88, 0.43, 0.22)
411.98: (-0.60, 0.64, 0.48): 2
412.05: (-0.88, 0.43, 0.21)
412.17: (-0.88, 0.43, 0.20)
412.28: (-0.90, 0.40, 0.19)
412.40: (-0.90, 0.40, 0.19)
412.52: (-0.90, 0.40, 0.19)
412.62: (-0.89, 0.43, 0.19)
412.73: (-0.78, 0.53, 0.33)
412.85: (-0.72, 0.57, 0.39)
412.97: (-0.71, 0.58, 0.41)
413.08: (-0.64, 0.62, 0.46)
413.15: (-0.64, 0.62, 0.45)
413.15: (0.97, -0.16, 0.21): 0
413.18: (-0.64, 0.62, 0.45)
413.30: (-0.65, 0.62, 0.45)
413.40: (-0.65, 0.62, 0.44)
413.52: (-0.63, 0.58, 0.52)
413.63: (-0.51, 0.09, 0.86)
413.75: (-0.39, -0.45, 0.80)
413.85: (-0.18, -0.70, 0.69)
413.97: (-0.19, -0.75, 0.64)
414.07: (-0.28, -0.83, 0.47)
414.18: (-0.26, -0.94, 0.20)
414.30: (-0.26, -0.96, -0.10)
414.42: (-0.27, -0.87, -0.41)
414.52: (-0.15, -0.68, -0.72)
414.63: (0.13, -0.45, -0.88)
414.75: (0.26, -0.34, -0.90)
414.85: (0.26, -0.34, -0.90)
414.97: (0.26, -0.34, -0.90)
415.08: (0.31, -0.32, -0.90)
415.18: (0.44, -0.12, -0.89)
415.30: (0.62, 0.28, -0.74)
415.42: (0.63, 0.64, -0.44)
415.53: (0.52, 0.84, -0.17)
415.65: (0.28, 0.94, 0.18)
415.77: (-0.02, 0.97, 0.26)
415.88: (-0.09, 0.96, 0.27)
415.98: (-0.09, 0.94, 0.34)
416.10: (-0.08, 0.66, 0.75)
416.22: (-0.06, 0.45, 0.89)
416.32: (-0.06, 0.45, 0.89)
416.43: (-0.06, 0.45, 0.89)
416.53: (-0.06, 0.45, 0.89)
416.65: (-0.10, 0.10, 0.99)
416.77: (-0.18, -0.49, 0.85)
416.88: (-0.17, -0.98, 0.13)
416.98: (-0.17, -0.95, -0.24)
417.10: (-0.17, -0.95, -0.25)
417.22: (-0.17, -0.95, -0.25)
417.33: (-0.17, -0.95, -0.25)
417.45: (-0.09, -0.97, -0.23)
417.57: (0.38, -0.91, -0.18)
417.67: (0.65, -0.75, -0.12)
417.78: (0.88, -0.48, -0.05)
417.90: (0.99, -0.17, 0.01)
418.02: (1.00, -0.05, 0.05)
418.13: (0.99, -0.10, 0.11)
418.20: (0.98, -0.11, 0.14)
418.20: (0.94, -0.04, 0.34): 0
418.23: (0.98, -0.12, 0.14)
418.35: (0.98, -0.13, 0.15)
418.47: (0.98, -0.14, 0.15)
418.58: (0.93, -0.05, 0.36)
418.65: (0.91, -0.01, 0.42)
418.65: (-0.80, 0.39, 0.45): 1
418.70: (0.91, -0.01, 0.42)
418.82: (0.91, -0.02, 0.41)
418.92: (0.92, -0.02, 0.40)
419.02: (0.93, -0.04, 0.35)
419.13: (0.97, -0.18, 0.19)
419.25: (0.97, -0.18, 0.19)
419.37: (0.97, -0.18, 0.19)
419.47: (0.96, -0.17, 0.22)
419.58: (0.88, -0.15, 0.44)
419.70: (0.70, -0.08, 0.71)
419.82: (0.33, 0.06, 0.94)
419.93: (-0.01, 0.23, 0.97)
420.03: (-0.33, 0.36, 0.87)
420.15: (-0.49, 0.34, 0.80)
420.27: (-0.47, 0.32, 0.83)
420.37: (-0.47, 0.32, 0.83)
420.48: (-0.60, 0.36, 0.71)
420.60: (-0.71, 0.40, 0.58)
420.72: (-0.72, 0.40, 0.57)
420.72: (-0.36, -0.79, 0.49): 1
420.72: (-0.72, 0.40, 0.57)
420.83: (-0.72, 0.40, 0.57)
420.95: (-0.72, 0.40, 0.56)
421.07: (-0.79, 0.37, 0.49)
421.18: (-0.90, 0.25, 0.36)
421.30: (-0.90, 0.25, 0.36)
421.42: (-0.90, 0.25, 0.36)
421.53: (-0.95, 0.21, 0.24)
421.65: (-0.99, 0.14, -0.07)
421.75: (-0.92, -0.07, -0.37)
421.87: (-0.93, -0.16, -0.33)
421.97: (-0.93, -0.16, -0.33)
422.08: (-0.93, -0.16, -0.33)
422.20: (-0.91, -0.14, -0.39)
422.32: (-0.90, 0.28, -0.34)
422.42: (-0.64, 0.77, 0.03)
422.53: (-0.24, 0.86, 0.46)
422.65: (0.07, 0.67, 0.74)
422.77: (0.11, 0.64, 0.76)
422.88: (-0.04, 0.76, 0.65)
423.00: (-0.52, 0.86, 0.04)
423.10: (-0.70, 0.49, -0.52)
423.22: (-0.61, -0.02, -0.79)
423.33: (-0.65, -0.07, -0.76)
423.43: (-0.65, -0.07, -0.76)
423.55: (-0.65, -0.07, -0.76)
423.65: (-0.61, -0.04, -0.79)
423.77: (-0.52, -0.13, -0.84)
423.87: (-0.38, -0.32, -0.87)
423.98: (-0.22, -0.51, -0.83)
424.08: (0.00, -0.70, -0.71)
424.20: (0.29, -0.87, -0.41)
424.32: (0.51, -0.86, 0.00)
424.43: (0.49, -0.86, 0.11)
424.53: (0.49, -0.86, 0.11)
424.65: (0.49, -0.86, 0.11)
424.77: (0.49, -0.86, 0.11)
424.88: (0.52, -0.85, 0.11)
425.00: (0.56, -0.81, 0.19)
425.12: (0.59, -0.79, 0.16)
425.22: (0.59, -0.76, -0.25)
425.33: (0.35, -0.66, -0.67)
425.43: (0.21, -0.55, -0.81)
425.55: (-0.14, -0.23, -0.96)
425.67: (-0.20, -0.20, -0.96)
425.78: (-0.20, -0.20, -0.96)
425.88: (-0.20, -0.20, -0.96)
426.00: (-0.20, -0.20, -0.96)
426.12: (-0.20, -0.20, -0.96)
426.22: (-0.19, -0.14, -0.97)
426.33: (-0.18, 0.29, -0.94)
426.45: (-0.13, 0.78, -0.62)
426.57: (0.02, 0.95, -0.31)
426.68: (-0.02, 1.00, -0.07)
426.80: (-0.22, 0.98, -0.02)
426.92: (-0.22, 0.98, -0.02)
427.03: (-0.22, 0.98, -0.02)
427.15: (-0.20, 0.98, -0.02)
427.26: (-0.43, 0.89, 0.14)
427.38: (-0.81, 0.49, 0.30)
427.50: (-0.96, -0.20, 0.19)
427.61: (-0.49, -0.87, -0.08)
427.72: (0.00, -1.00, -0.09)
427.83: (0.00, -1.00, 0.02)
427.95: (-0.15, -0.93, 0.33)
428.06: (-0.26, -0.80, 0.54)
428.16: (-0.29, -0.79, 0.55)
428.28: (-0.34, -0.80, 0.49)
428.33: (-0.35, -0.80, 0.49)
428.33: (-0.10, -0.65, -0.75): 1
428.40: (-0.35, -0.80, 0.49)
428.51: (-0.35, -0.80, 0.49)
428.61: (-0.35, -0.79, 0.50)
428.73: (-0.39, -0.73, 0.56)
428.85: (-0.39, -0.45, 0.80)
428.96: (-0.49, -0.42, 0.76)
429.08: (-0.49, -0.42, 0.76)
429.18: (-0.49, -0.42, 0.76)
429.30: (-0.48, -0.37, 0.80)
429.41: (-0.36, -0.27, 0.89)
429.51: (0.01, -0.16, 0.99)
429.63: (0.17, -0.11, 0.98)
429.75: (0.15, -0.11, 0.98)
429.85: (0.13, -0.10, 0.99)
429.96: (0.13, -0.10, 0.99)
430.08: (0.10, -0.09, 0.99)
430.20: (0.04, -0.06, 1.00)
430.31: (0.03, -0.05, 1.00)
430.43: (0.03, -0.05, 1.00)
430.53: (0.09, -0.01, 1.00)
430.63: (0.48, 0.07, 0.87)
430.75: (0.98, 0.15, 0.10)
430.86: (1.00, 0.09, -0.03)
430.96: (1.00, 0.09, -0.03)
431.08: (1.00, 0.09, -0.03)
431.20: (1.00, 0.09, -0.03)
431.31: (0.99, 0.09, -0.07)
431.43: (0.84, 0.01, -0.54)
431.53: (0.49, -0.10, -0.86)
431.65: (0.09, -0.20, -0.98)
431.75: (-0.19, -0.22, -0.96)
431.86: (-0.34, -0.45, -0.82)
431.98: (-0.23, -0.64, -0.73)
432.10: (-0.19, -0.64, -0.75)
432.13: (-0.19, -0.64, -0.75)
432.13: (0.31, 0.70, -0.65): 0
432.20: (-0.18, -0.64, -0.75)
432.31: (-0.18, -0.64, -0.75)
432.43: (-0.18, -0.64, -0.75)
432.53: (-0.23, -0.57, -0.79)
432.65: (-0.03, -0.39, -0.92)
432.75: (0.40, -0.21, -0.89)
432.86: (0.75, 0.04, -0.66)
432.98: (0.80, 0.14, -0.58)
433.10: (0.80, 0.14, -0.58)
433.21: (0.80, 0.14, -0.58)
433.33: (0.80, 0.14, -0.58)
433.45: (0.80, 0.18, -0.57)
433.55: (0.80, 0.22, -0.56)
433.66: (0.77, 0.26, -0.58)
433.78: (0.45, 0.52, -0.73)
433.90: (0.07, 0.62, -0.78)
434.01: (0.07, 0.70, -0.71)
434.13: (0.26, 0.69, -0.68)
434.25: (0.26, 0.66, -0.70)
434.26: (0.26, 0.66, -0.70)
434.26: (-0.98, 0.19, 0.04): 1
434.35: (0.26, 0.66, -0.70)
434.45: (0.26, 0.66, -0.70)
434.56: (0.24, 0.66, -0.71)
434.68: (0.15, 0.65, -0.75)
434.80: (-0.42, 0.34, -0.84)
434.90: (-0.60, -0.04, -0.80)
435.01: (-0.66, -0.42, -0.62)
435.13: (-0.59, -0.52, -0.61)
435.25: (-0.59, -0.52, -0.61)
435.36: (-0.59, -0.52, -0.61)
435.46: (-0.60, -0.53, -0.59)
435.56: (-0.59, -0.58, -0.56)
435.68: (-0.58, -0.64, -0.51)
435.80: (-0.54, -0.80, -0.26)
435.91: (-0.45, -0.88, 0.14)
436.03: (-0.45, -0.88, 0.14)
436.13: (-0.45, -0.88, 0.14)
436.25: (-0.45, -0.88, 0.14)
436.36: (-0.66, -0.73, 0.15)
436.48: (-0.85, -0.52, -0.09)
436.60: (-0.85, -0.53, -0.09)
436.70: (-0.85, -0.53, -0.09)
436.81: (-0.85, -0.53, -0.09)
436.93: (-0.85, -0.53, -0.09)
437.05: (-0.87, -0.47, -0.12)
437.16: (-0.95, -0.31, -0.10)
437.28: (-1.00, -0.07, 0.03)
437.38: (-1.00, 0.03, 0.07)
437.50: (-1.00, 0.03, 0.06)
437.55: (-1.00, 0.03, 0.05)
437.55: (0.90, 0.41, -0.16): 2
437.61: (-1.00, 0.03, 0.05)
437.71: (-1.00, 0.03, 0.01)
437.83: (-1.00, 0.05, 0.03)
437.95: (-1.00, 0.06, 0.03)
438.05: (-1.00, 0.07, 0.03)
438.15: (-1.00, 0.07, 0.03)
438.25: (-1.00, 0.00, 0.00)
438.35: (-0.96, -0.24, -0.16)
438.46: (-0.77, -0.52, -0.38)
438.56: (-0.65, -0.63, -0.43)
438.66: (-0.44, -0.77, -0.46)
438.78: (-0.09, -0.88, -0.46)
438.90: (0.19, -0.90, -0.39)
439.01: (0.20, -0.90, -0.38)
439.13: (0.20, -0.90, -0.38)
439.23: (0.20, -0.90, -0.38)
439.33: (0.16, -0.91, -0.39)
439.45: (0.12, -0.92, -0.37)
439.55: (0.21, -0.90, -0.39)
439.65: (0.51, -0.68, -0.53)
439.76: (0.67, -0.39, -0.63)
439.88: (0.72, -0.13, -0.69)
439.98: (0.69, 0.11, -0.72)
440.10: (0.60, 0.35, -0.72)
440.21: (0.46, 0.63, -0.62)
440.31: (0.46, 0.63, -0.62)
440.43: (0.46, 0.63, -0.62)
440.53: (0.47, 0.63, -0.62)
440.65: (0.59, 0.55, -0.60)
440.76: (0.77, 0.44, -0.46)
440.88: (0.84, 0.49, -0.23)
440.98: (0.84, 0.50, -0.19)
441.06: (0.85, 0.48, -0.19)
441.06: (0.59, 0.46, -0.66): 0
441.08: (0.85, 0.48, -0.19)
441.20: (0.85, 0.49, -0.20)
441.31: (0.82, 0.53, -0.22)
441.43: (0.80, 0.52, -0.30)
441.55: (0.71, 0.40, -0.58)
441.66: (0.70, 0.41, -0.59)
441.76: (0.69, 0.43, -0.58)
441.76: (-0.50, 0.43, 0.75): 1
441.76: (0.69, 0.43, -0.58)
441.88: (0.69, 0.45, -0.57)
442.00: (0.69, 0.45, -0.57)
442.11: (0.69, 0.45, -0.57)
442.23: (0.71, 0.38, -0.59)
442.35: (0.62, 0.23, -0.75)
442.46: (0.41, 0.34, -0.85)
442.58: (0.13, 0.34, -0.93)
442.68: (-0.26, 0.42, -0.87)
442.78: (-0.59, 0.50, -0.63)
442.90: (-0.87, 0.45, -0.22)
443.01: (-0.93, 0.34, 0.17)
443.13: (-0.85, 0.20, 0.49)
443.25: (-0.71, 0.11, 0.70)
443.36: (-0.59, 0.25, 0.77)
443.48: (-0.40, 0.40, 0.82)
443.54: (-0.38, 0.42, 0.82)
443.54: (-1.00, -0.04, 0.08): 0
443.59: (-0.38, 0.42, 0.82)
443.70: (-0.38, 0.43, 0.82)
443.81: (-0.44, 0.47, 0.77)
443.93: (-0.44, 0.47, 0.77)
444.04: (-0.44, 0.47, 0.77)
444.16: (-0.44, 0.47, 0.77)
444.28: (-0.44, 0.47, 0.77)
444.39: (-0.45, 0.46, 0.77)
444.51: (-0.56, 0.42, 0.72)
444.61: (-0.77, 0.32, 0.56)
444.73: (-0.97, 0.17, 0.18)
444.83: (-1.00, -0.01, -0.05)
444.94: (-0.99, -0.08, 0.07)
445.06: (-0.98, -0.04, 0.20)
445.09: (-0.98, -0.04, 0.20)
445.09: (0.69, 0.48, 0.53): 1
445.18: (-0.98, -0.04, 0.20)
445.29: (-0.98, -0.03, 0.20)
445.41: (-0.99, -0.13, 0.05)
445.53: (-0.95, -0.26, -0.17)
445.64: (-0.95, -0.27, -0.17)
445.74: (-0.95, -0.26, -0.16)
445.84: (-0.96, -0.25, -0.15)
445.96: (-0.97, -0.24, -0.05)
446.08: (-0.97, -0.22, 0.13)
446.19: (-0.87, -0.11, 0.49)
446.29: (-0.42, 0.06, 0.91)
446.41: (-0.02, 0.22, 0.97)
446.51: (0.21, 0.31, 0.93)
446.63: (0.38, 0.38, 0.85)
446.74: (0.57, 0.42, 0.70)
446.86: (0.65, 0.44, 0.61)
446.94: (0.66, 0.44, 0.61)
446.94: (-1.00, 0.00, 0.00): 0
446.98: (0.66, 0.44, 0.61)
447.09: (0.65, 0.46, 0.60)
447.21: (0.64, 0.46, 0.61)
447.31: (0.50, 0.50, 0.70)
447.43: (0.50, 0.50, 0.70)
447.53: (0.50, 0.50, 0.70)
447.64: (0.45, 0.47, 0.76)
447.76: (-0.05, 0.36, 0.93)
447.88: (-0.56, 0.37, 0.74)
447.98: (-0.76, 0.30, 0.57)
448.09: (-0.91, 0.25, 0.34)
448.21: (-0.99, 0.06, 0.10)
448.33: (-0.99, 0.01, 0.13)
448.41: (-0.99, 0.00, 0.14)
448.41: (0.93, -0.04, 0.36): 1
448.44: (-0.99, 0.00, 0.14)
448.54: (-0.99, 0.00, 0.14)
448.66: (-0.99, 0.01, 0.14)
448.78: (-0.94, 0.15, 0.32)
448.88: (-0.81, 0.29, 0.51)
448.98: (-0.65, 0.42, 0.64)
449.09: (-0.62, 0.43, 0.65)
449.19: (-0.52, 0.49, 0.70)
449.31: (0.10, 0.65, 0.75)
449.43: (0.56, 0.60, 0.57)
449.54: (0.65, 0.56, 0.51)
449.66: (0.76, 0.40, 0.52)
449.78: (0.79, 0.15, 0.60)
449.89: (0.84, 0.11, 0.52)
450.01: (0.91, 0.05, 0.42)
450.11: (0.95, -0.02, 0.32)
450.18: (0.95, -0.03, 0.31)
450.18: (-0.16, 0.84, 0.52): 1
450.23: (0.95, -0.03, 0.31)
450.34: (0.96, 0.01, 0.30)
450.46: (0.95, 0.05, 0.32)
450.56: (0.95, 0.05, 0.32)
450.68: (0.95, 0.05, 0.32)
450.79: (0.95, 0.04, 0.31)
450.91: (0.92, 0.04, 0.40)
451.03: (0.62, 0.23, 0.75)
451.13: (0.32, 0.36, 0.88)
451.24: (0.04, 0.40, 0.91)
451.34: (-0.25, 0.43, 0.87)
451.46: (-0.26, 0.48, 0.84)
451.58: (-0.26, 0.48, 0.84)
451.69: (-0.27, 0.46, 0.84)
451.79: (-0.27, 0.40, 0.88)
451.91: (-0.22, 0.49, 0.84)
452.03: (-0.08, 0.80, 0.60)
452.14: (-0.13, 0.79, 0.60)
452.24: (-0.13, 0.77, 0.63)
452.34: (-0.17, 0.76, 0.63)
452.34: (-0.48, -0.09, 0.87): 1
452.36: (-0.17, 0.76, 0.63)
452.48: (-0.17, 0.76, 0.63)
452.59: (-0.19, 0.78, 0.60)
452.69: (-0.24, 0.81, 0.54)
452.81: (-0.60, 0.70, 0.38)
452.93: (-0.99, 0.10, 0.04)
453.04: (-0.99, 0.11, 0.02)
453.16: (-0.99, 0.11, 0.02)
453.26: (-0.99, 0.11, 0.02)
453.38: (-1.00, 0.02, -0.03)
453.49: (-0.96, -0.23, -0.16)
453.59: (-0.98, -0.17, -0.06)
453.71: (-0.87, 0.29, 0.40)
453.83: (-0.79, 0.42, 0.44)
453.94: (-0.79, 0.42, 0.44)
454.04: (-0.79, 0.42, 0.44)
454.16: (-0.80, 0.41, 0.43)
454.28: (-0.79, 0.40, 0.47)
454.39: (-0.62, 0.48, 0.62)
454.49: (-0.27, 0.55, 0.79)
454.59: (-0.12, 0.46, 0.88)
454.71: (-0.16, 0.47, 0.87)
454.83: (-0.39, 0.16, 0.91)
454.94: (-0.50, -0.03, 0.87)
455.06: (-0.50, -0.01, 0.87)
455.16: (-0.50, -0.01, 0.87)
455.16: (-0.16, 0.65, -0.75): 2
455.16: (-0.50, -0.01, 0.87)
455.26: (-0.50, -0.01, 0.87)
455.38: (-0.51, 0.00, 0.86)
455.49: (-0.67, 0.06, 0.74)
455.61: (-0.67, 0.06, 0.74)
455.71: (-0.67, 0.06, 0.74)
455.83: (-0.67, 0.06, 0.74)
455.93: (-0.69, 0.00, 0.73)
456.04: (-0.93, -0.11, 0.36)
456.16: (-0.98, -0.01, 0.18)
456.26: (-0.98, -0.01, 0.18)
456.38: (-0.98, -0.01, 0.18)
456.49: (-0.98, -0.01, 0.18)
456.61: (-0.98, -0.01, 0.18)
456.71: (-0.98, -0.02, 0.18)
456.83: (-0.99, 0.11, 0.08)
456.94: (-0.85, 0.38, -0.37)
457.04: (-0.51, 0.42, -0.75)
457.16: (-0.19, 0.22, -0.96)
457.28: (-0.14, 0.28, -0.95)
457.38: (-0.15, 0.52, -0.84)
457.49: (-0.15, 0.57, -0.81)
457.61: (-0.17, 0.63, -0.76)
457.66: (-0.18, 0.64, -0.75)
457.66: (-0.56, 0.31, -0.77): 1
457.73: (-0.18, 0.64, -0.75)
457.83: (-0.18, 0.63, -0.75)
457.94: (-0.19, 0.62, -0.76)
458.06: (-0.46, 0.43, -0.78)
458.18: (-0.53, 0.38, -0.76)
458.26: (-0.54, 0.38, -0.75)
458.26: (0.41, 0.21, -0.89): 1
458.28: (-0.54, 0.38, -0.75)
458.39: (-0.54, 0.38, -0.75)
458.49: (-0.55, 0.38, -0.75)
458.61: (-0.59, 0.22, -0.78)
458.71: (-0.57, -0.08, -0.82)
458.83: (-0.44, -0.24, -0.87)
458.94: (-0.10, -0.52, -0.85)
459.04: (-0.09, -0.49, -0.86)
459.16: (-0.09, -0.49, -0.86)
459.27: (-0.09, -0.49, -0.86)
459.39: (-0.09, -0.50, -0.86)
459.51: (0.00, -0.54, -0.84)
459.61: (0.28, -0.58, -0.76)
459.72: (0.78, -0.47, -0.42)
459.84: (0.95, -0.32, 0.01)
459.96: (0.95, -0.25, 0.18)
460.06: (0.92, -0.36, 0.17)
460.18: (0.61, -0.79, -0.07)
460.29: (0.12, -0.90, -0.43)
460.41: (-0.28, -0.74, -0.62)
460.52: (-0.57, -0.35, -0.74)
460.62: (-0.56, -0.10, -0.82)
460.74: (-0.56, -0.10, -0.82)
460.84: (-0.56, -0.10, -0.82)
460.96: (-0.56, -0.10, -0.82)
461.07: (-0.65, 0.00, -0.76)
461.19: (-0.82, 0.08, -0.57)
461.31: (-0.94, 0.23, -0.25)
461.42: (-0.92, 0.40, -0.05)
461.52: (-0.82, 0.55, 0.13)
461.62: (-0.66, 0.63, 0.42)
461.74: (-0.37, 0.67, 0.64)
461.84: (-0.28, 0.63, 0.72)
461.96: (0.24, 0.67, 0.70)
462.07: (0.26, 0.68, 0.69)
462.19: (0.26, 0.68, 0.69)
462.29: (0.26, 0.68, 0.69)
462.41: (0.26, 0.68, 0.69)
462.52: (0.28, 0.68, 0.68)
462.64: (0.42, 0.71, 0.56)
462.76: (0.73, 0.67, 0.10)
462.86: (0.83, 0.46, -0.30)
462.96: (0.77, 0.21, -0.60)
463.07: (0.66, -0.04, -0.75)
463.19: (0.49, 0.03, -0.87)
463.31: (0.29, 0.09, -0.95)
463.36: (0.29, 0.09, -0.95)
463.36: (0.14, 0.75, 0.65): 0
463.42: (0.31, 0.10, -0.95)
463.54: (0.40, 0.16, -0.90)
463.64: (0.40, 0.19, -0.90)
463.76: (0.49, 0.26, -0.83)
463.87: (0.84, 0.50, -0.21)
463.99: (0.76, 0.62, 0.19)
464.09: (0.61, 0.70, 0.36)
464.21: (0.31, 0.70, 0.65)
464.32: (0.27, 0.69, 0.67)
464.41: (0.26, 0.69, 0.68)
464.41: (-0.24, 0.80, -0.54): 2
464.42: (0.26, 0.69, 0.68)
464.54: (0.26, 0.69, 0.68)
464.64: (0.26, 0.69, 0.68)
464.76: (0.27, 0.68, 0.68)
464.87: (0.27, 0.67, 0.69)
464.99: (0.39, 0.52, 0.76)
465.09: (0.51, 0.49, 0.71)
465.21: (0.74, 0.45, 0.50)
465.31: (0.88, 0.38, -0.28)
465.42: (0.86, 0.37, -0.35)
465.54: (0.86, 0.37, -0.35)
465.64: (0.86, 0.37, -0.35)
465.76: (0.86, 0.37, -0.35)
465.87: (0.86, 0.37, -0.35)
465.97: (0.87, 0.35, -0.35)
466.09: (0.88, 0.31, -0.36)
466.19: (0.88, 0.31, -0.36)
466.31: (0.88, 0.30, -0.36)
466.42: (0.90, 0.03, -0.44)
466.52: (0.87, 0.01, -0.50)
466.64: (0.87, 0.01, -0.50)
466.76: (0.87, 0.01, -0.50)
466.86: (0.87, 0.00, -0.49)
466.97: (0.95, -0.08, -0.29)
467.09: (0.94, -0.02, 0.33)
467.21: (0.66, 0.11, 0.74)
467.31: (0.43, 0.17, 0.89)
467.42: (0.15, 0.19, 0.97)
467.54: (0.00, 0.23, 0.97)
467.66: (0.05, 0.15, 0.99)
467.76: (0.52, -0.21, 0.83)
467.87: (0.86, -0.41, 0.30)
467.99: (0.89, -0.37, 0.27)
468.09: (0.89, -0.37, 0.27)
468.21: (0.89, -0.37, 0.27)
468.32: (0.89, -0.37, 0.27)
468.44: (0.90, -0.42, 0.11)
468.56: (0.87, -0.42, -0.26)
468.67: (0.66, -0.35, -0.67)
468.79: (0.31, -0.19, -0.93)
468.89: (-0.02, -0.05, -1.00)
469.01: (-0.39, 0.13, -0.91)
469.11: (-0.61, 0.31, -0.73)
469.22: (-0.76, 0.48, -0.44)
469.32: (-0.79, 0.60, -0.10)
469.42: (-0.65, 0.76, -0.05)
469.54: (-0.50, 0.81, -0.31)
469.64: (-0.27, 0.88, -0.39)
469.76: (-0.25, 0.89, -0.39)
469.87: (-0.27, 0.86, -0.42)
469.97: (-0.31, 0.81, -0.51)
470.06: (-0.31, 0.78, -0.55)
470.06: (0.99, -0.01, 0.14): 2
470.09: (-0.31, 0.78, -0.55)
470.21: (-0.30, 0.76, -0.58)
470.31: (-0.36, 0.56, -0.75)
470.42: (-0.33, 0.52, -0.78)
470.54: (-0.33, 0.52, -0.78)
470.66: (-0.38, 0.48, -0.79)
470.76: (-0.49, 0.32, -0.81)
470.87: (-0.61, -0.14, -0.78)
470.97: (-0.27, -0.87, -0.41)
471.07: (0.63, -0.78, -0.03)
471.19: (0.78, -0.63, 0.00)
471.31: (0.77, -0.64, -0.01)
471.41: (0.90, -0.43, 0.11)
471.52: (0.96, -0.26, 0.14)
471.62: (0.96, -0.23, 0.15)
471.74: (0.96, -0.23, 0.13)
471.86: (0.99, -0.07, 0.14)
471.97: (0.99, 0.01, 0.15)
471.99: (0.99, 0.01, 0.15)
471.99: (0.79, -0.01, 0.62): 0
472.07: (0.99, 0.00, 0.14)
472.17: (0.99, -0.01, 0.11)
472.29: (0.99, -0.15, 0.03)
472.39: (0.99, -0.15, 0.03)
472.51: (0.99, -0.15, 0.03)
472.62: (0.99, -0.13, 0.09)
472.74: (0.93, -0.06, 0.35)
472.86: (0.89, -0.05, 0.45)
472.97: (0.85, -0.04, 0.53)
473.09: (0.78, 0.03, 0.62)
473.19: (0.75, 0.06, 0.65)
473.19: (0.71, 0.19, -0.68): 2
473.21: (0.76, 0.05, 0.65)
473.31: (0.76, 0.05, 0.65)
473.42: (0.76, 0.05, 0.65)
473.52: (0.76, 0.05, 0.64)
473.64: (0.80, -0.21, 0.56)
473.76: (0.80, -0.47, 0.38)
473.86: (0.65, -0.75, 0.10)
473.97: (0.48, -0.87, -0.10)
474.07: (0.48, -0.87, -0.10)
474.19: (0.48, -0.87, -0.10)
474.29: (0.48, -0.87, -0.10)
474.41: (0.48, -0.87, -0.10)
474.52: (0.48, -0.87, -0.10)
474.64: (0.37, -0.91, -0.19)
474.76: (0.28, -0.92, -0.28)
474.87: (0.23, -0.93, -0.29)
474.97: (0.32, -0.93, -0.17)
475.09: (0.67, -0.71, 0.23)
475.21: (0.80, -0.29, 0.53)
475.31: (0.74, 0.13, 0.66)
475.42: (0.53, 0.58, 0.62)
475.54: (0.41, 0.80, 0.44)
475.65: (0.29, 0.95, 0.14)
475.77: (0.36, 0.93, 0.06)
475.87: (0.36, 0.93, 0.06)
475.99: (0.36, 0.93, 0.06)
476.10: (0.36, 0.93, 0.06)
476.22: (0.36, 0.93, 0.07)
476.32: (0.34, 0.94, 0.05)
476.42: (0.15, 0.99, 0.00)
476.54: (-0.46, 0.86, -0.23)
476.65: (-0.83, 0.42, -0.38)
476.77: (-0.87, -0.12, -0.48)
476.87: (-0.83, -0.25, -0.50)
476.99: (-0.83, -0.23, -0.51)
477.09: (-0.83, -0.23, -0.51)
477.20: (-0.83, -0.23, -0.51)
477.30: (-0.84, -0.23, -0.48)
477.42: (-0.83, -0.34, -0.45)
477.54: (-0.66, -0.67, -0.34)
477.65: (-0.08, -0.99, -0.07)
477.77: (0.45, -0.88, 0.15)
477.89: (0.67, -0.70, 0.26)
477.99: (0.64, -0.73, 0.26)
478.10: (0.26, -0.96, 0.14)
478.22: (-0.37, -0.93, -0.09)
478.34: (-0.55, -0.82, -0.16)
478.45: (-0.55, -0.82, -0.16)
478.55: (-0.51, -0.85, -0.13)
478.67: (-0.77, -0.56, -0.30)
478.77: (-0.87, -0.28, -0.41)
478.89: (-0.87, -0.28, -0.41)
478.99: (-0.87, -0.28, -0.41)
479.10: (-0.87, -0.28, -0.41)
479.20: (-0.87, -0.28, -0.41)
479.30: (-0.87, -0.28, -0.41)
479.42: (-0.87, -0.28, -0.40)
479.54: (-0.86, -0.34, -0.38)
479.64: (-0.86, -0.36, -0.36)
479.75: (-0.89, -0.31, -0.33)
479.87: (-0.99, -0.03, -0.17)
479.97: (-0.86, 0.50, -0.05)
480.09: (-0.67, 0.74, 0.06)
480.20: (-0.81, 0.58, 0.05)
480.32: (-0.81, 0.58, 0.05)
480.44: (-0.81, 0.58, 0.05)
480.55: (-0.81, 0.58, 0.05)
480.67: (-0.82, 0.57, 0.10)
480.79: (-0.84, 0.50, 0.20)
480.90: (-0.79, 0.40, 0.47)
481.00: (-0.58, 0.44, 0.69)
481.12: (-0.26, 0.62, 0.74)
481.24: (-0.06, 0.77, 0.64)
481.35: (0.21, 0.82, 0.54)
481.45: (0.57, 0.66, 0.49)
481.57: (0.92, 0.29, 0.28)
481.69: (0.97, 0.00, -0.24)
481.79: (0.96, 0.11, -0.26)
481.90: (0.96, 0.11, -0.26)
482.02: (0.96, 0.11, -0.25)
482.14: (0.93, 0.09, -0.34)
482.25: (0.89, 0.11, -0.45)
482.35: (0.71, 0.17, -0.68)
482.45: (0.64, 0.20, -0.74)
482.57: (0.65, 0.20, -0.73)
482.57: (-0.07, -0.96, -0.27): 0
482.57: (0.65, 0.20, -0.73)
482.69: (0.69, 0.19, -0.70)
482.80: (0.68, 0.20, -0.70)
482.90: (0.69, 0.19, -0.70)
483.02: (0.79, 0.16, -0.59)
483.14: (0.98, 0.06, 0.21)
483.25: (0.55, 0.00, 0.84)
483.37: (-0.17, -0.03, 0.98)
483.49: (-0.38, -0.03, 0.92)
483.60: (-0.37, -0.03, 0.93)
483.70: (-0.24, -0.04, 0.97)
483.82: (0.33, -0.12, 0.94)
483.94: (0.87, -0.14, 0.48)
484.04: (0.99, -0.13, 0.03)
484.15: (0.78, -0.06, -0.62)
484.27: (0.72, 0.02, -0.70)
484.37: (0.72, 0.02, -0.70)
484.49: (0.72, 0.02, -0.70)
484.60: (0.72, 0.02, -0.70)
484.72: (0.74, -0.25, -0.63)
484.84: (0.60, -0.69, -0.40)
484.95: (0.30, -0.92, -0.27)
485.05: (0.08, -1.00, -0.03)
485.17: (-0.04, -1.00, -0.05)
485.29: (-0.06, -0.99, -0.14)
485.39: (-0.08, -0.98, -0.20)
485.49: (-0.08, -0.96, -0.28)
485.49: (-0.53, 0.73, 0.42): 2
485.50: (-0.08, -0.96, -0.28)
485.60: (-0.08, -0.96, -0.28)
485.72: (-0.08, -0.96, -0.28)
485.84: (-0.07, -0.99, -0.08)
485.95: (0.12, -0.77, 0.62)
486.05: (0.43, -0.20, 0.88)
486.17: (0.43, -0.20, 0.88)
486.29: (0.43, -0.20, 0.88)
486.40: (0.43, -0.20, 0.88)
486.52: (0.40, -0.04, 0.92)
486.62: (0.36, 0.37, 0.86)
486.74: (0.12, 0.95, 0.29)
486.85: (-0.06, 0.97, -0.24)
486.97: (-0.19, 0.74, -0.64)
487.09: (-0.23, 0.44, -0.87)
487.20: (-0.23, 0.44, -0.87)
487.32: (-0.23, 0.44, -0.87)
487.44: (-0.23, 0.44, -0.87)
487.55: (-0.23, 0.44, -0.87)
487.65: (-0.23, 0.44, -0.87)
487.77: (-0.23, 0.44, -0.87)
487.89: (-0.23, 0.44, -0.86)
488.00: (-0.30, 0.47, -0.83)
488.10: (-0.42, 0.55, -0.72)
488.20: (-0.61, 0.57, -0.54)
488.32: (-0.78, 0.60, -0.18)
488.44: (-0.72, 0.67, 0.19)
488.55: (-0.66, 0.69, 0.28)
488.67: (-0.54, 0.74, 0.41)
488.77: (-0.49, 0.75, 0.44)
488.80: (-0.49, 0.75, 0.44)
488.80: (0.02, 0.83, 0.56): 2
488.89: (-0.49, 0.75, 0.44)
489.00: (-0.48, 0.76, 0.44)
489.12: (-0.48, 0.76, 0.44)
489.22: (-0.22, 0.78, 0.58)
489.34: (-0.07, 0.78, 0.62)
489.39: (-0.07, 0.78, 0.62)
489.39: (-0.21, -0.82, -0.53): 0
489.45: (-0.07, 0.78, 0.62)
489.57: (-0.06, 0.79, 0.61)
489.67: (-0.06, 0.79, 0.61)
489.79: (-0.05, 0.80, 0.60)
489.90: (-0.15, 0.82, 0.55)
490.02: (-0.36, 0.84, 0.41)
490.14: (-0.46, 0.82, 0.34)
490.25: (-0.81, 0.58, 0.06)
490.35: (-0.81, 0.58, 0.01)
490.47: (-0.81, 0.58, 0.01)
490.59: (-0.81, 0.58, 0.01)
490.70: (-0.84, 0.54, 0.01)
490.82: (-0.92, 0.37, -0.13)
490.92: (-0.96, 0.05, -0.28)
491.04: (-0.88, -0.28, -0.37)
491.14: (-0.80, -0.47, -0.37)
491.25: (-0.56, -0.78, -0.27)
491.37: (-0.27, -0.88, -0.40)
491.48: (-0.37, -0.76, -0.53)
491.59: (-0.38, -0.75, -0.54)
491.59: (0.26, -0.74, -0.62): 2
491.59: (-0.38, -0.75, -0.54)
491.70: (-0.38, -0.75, -0.54)
491.82: (-0.36, -0.76, -0.54)
491.92: (-0.04, -0.84, -0.54)
492.02: (0.01, -0.82, -0.58)
492.13: (0.01, -0.80, -0.60)
492.23: (0.01, -0.80, -0.60)
492.35: (0.22, -0.77, -0.60)
492.40: (0.22, -0.76, -0.61)
492.40: (0.85, 0.37, 0.38): 0
492.45: (0.21, -0.76, -0.61)
492.57: (0.20, -0.76, -0.62)
492.68: (0.20, -0.76, -0.62)
492.80: (0.18, -0.76, -0.63)
492.92: (0.17, -0.76, -0.63)
493.02: (0.56, -0.63, -0.53)
493.13: (0.77, -0.51, -0.40)
493.25: (0.77, -0.51, -0.40)
493.35: (0.77, -0.51, -0.40)
493.47: (0.78, -0.51, -0.35)
493.58: (0.95, -0.29, -0.08)
493.70: (0.99, -0.04, 0.15)
493.80: (0.95, 0.18, 0.26)
493.92: (0.90, 0.28, 0.33)
494.03: (0.85, 0.34, 0.41)
494.05: (0.85, 0.34, 0.41)
494.05: (-0.07, 0.86, 0.51): 2
494.13: (0.85, 0.34, 0.41)
494.25: (0.85, 0.34, 0.41)
494.37: (0.79, 0.38, 0.49)
494.47: (0.65, 0.50, 0.58)
494.58: (0.41, 0.64, 0.65)
494.70: (0.06, 0.75, 0.66)
494.80: (-0.01, 0.78, 0.63)
494.92: (0.04, 0.82, 0.57)
494.98: (0.04, 0.83, 0.56)
494.98: (-0.10, -0.42, -0.90): 0
495.03: (0.04, 0.83, 0.56)
495.15: (-0.08, 0.84, 0.53)
495.25: (-0.29, 0.81, 0.50)
495.37: (-0.56, 0.70, 0.45)
495.47: (-0.81, 0.51, 0.30)
495.58: (-0.99, 0.11, -0.09)
495.68: (-0.98, 0.13, -0.14)
495.80: (-0.98, 0.13, -0.14)
495.92: (-0.98, 0.17, -0.10)
496.03: (-0.98, 0.11, -0.19)
496.13: (-0.96, 0.04, -0.27)
496.25: (-0.77, -0.24, -0.59)
496.37: (-0.56, -0.31, -0.77)
496.48: (-0.31, -0.38, -0.87)
496.58: (-0.21, -0.46, -0.86)
496.70: (-0.16, -0.48, -0.86)
496.75: (-0.16, -0.49, -0.86)
496.75: (-0.16, -0.76, -0.63): 1
496.80: (-0.16, -0.49, -0.86)
496.92: (-0.16, -0.49, -0.86)
497.02: (-0.16, -0.49, -0.86)
497.13: (-0.15, -0.69, -0.71)
497.23: (-0.17, -0.72, -0.67)
497.27: (-0.17, -0.72, -0.67)
497.27: (0.42, 0.00, -0.91): 2
497.33: (-0.17, -0.72, -0.67)
497.45: (-0.17, -0.72, -0.68)
497.55: (-0.17, -0.72, -0.68)
497.67: (-0.16, -0.72, -0.67)
497.77: (-0.16, -0.72, -0.67)
497.88: (-0.16, -0.72, -0.67)
498.00: (-0.16, -0.72, -0.67)
498.12: (0.14, -0.83, -0.54)
498.22: (0.55, -0.74, -0.39)
498.33: (0.85, -0.45, -0.27)
498.45: (0.99, -0.10, -0.10)
498.57: (0.99, -0.03, -0.11)
498.67: (0.99, -0.03, -0.10)
498.78: (0.96, -0.09, -0.26)
498.90: (0.72, -0.29, -0.63)
499.02: (0.53, -0.38, -0.76)
499.12: (0.41, -0.38, -0.83)
499.23: (0.44, -0.20, -0.87)
499.35: (0.43, -0.13, -0.89)
499.40: (0.43, -0.13, -0.89)
499.40: (0.90, 0.29, 0.33): 0
499.47: (0.43, -0.11, -0.90)
499.58: (0.45, -0.09, -0.89)
499.70: (0.47, -0.12, -0.88)
499.80: (0.68, -0.08, -0.72)
499.92: (0.92, -0.09, -0.39)
500.02: (0.99, -0.12, -0.06)
500.12: (0.97, -0.04, 0.25)
500.23: (0.93, 0.14, 0.34)
500.33: (0.92, 0.20, 0.33)
500.43: (0.92, 0.21, 0.33)
500.43: (-0.96, -0.24, -0.17): 0
500.45: (0.92, 0.21, 0.33)
500.57: (0.91, 0.23, 0.33)
500.68: (0.92, 0.18, 0.35)
500.80: (0.90, 0.04, 0.44)
500.92: (0.82, -0.03, 0.57)
501.03: (0.68, -0.18, 0.71)
501.15: (0.53, -0.36, 0.77)
501.25: (0.51, -0.39, 0.77)
501.37: (0.48, -0.51, 0.71)
501.48: (0.43, -0.68, 0.59)
501.58: (0.45, -0.81, 0.37)
501.68: (0.45, -0.89, 0.12)
501.80: (0.47, -0.86, -0.20)
501.92: (0.49, -0.73, -0.48)
502.03: (0.32, -0.38, -0.87)
502.15: (0.00, -0.20, -0.98)
502.25: (-0.17, -0.25, -0.95)
502.35: (-0.38, -0.26, -0.89)
502.45: (-0.73, -0.21, -0.65)
502.57: (-0.89, -0.07, -0.45)
502.67: (-0.97, 0.00, -0.24)
502.78: (-0.99, -0.15, -0.05)
502.90: (-0.97, -0.23, 0.01)
503.00: (-0.97, -0.25, -0.03)
503.12: (-0.96, -0.25, -0.10)
503.12: (0.81, -0.51, 0.28): 2
503.12: (-0.96, -0.25, -0.10)
503.22: (-0.96, -0.25, -0.10)
503.33: (-0.96, -0.25, -0.10)
503.45: (-0.90, -0.42, -0.14)
503.57: (-0.50, -0.84, -0.21)
503.68: (0.08, -0.92, -0.39)
503.80: (0.73, -0.57, -0.37)
503.92: (1.00, 0.06, 0.03)
504.02: (0.98, 0.11, 0.16)
504.13: (0.95, -0.32, 0.07)
504.25: (0.89, -0.45, 0.06)
504.35: (0.86, -0.49, 0.14)
504.47: (0.83, -0.51, 0.23)
504.52: (0.83, -0.51, 0.24)
504.52: (1.00, -0.09, 0.00): 0
504.58: (0.83, -0.51, 0.24)
504.68: (0.83, -0.51, 0.24)
504.80: (0.83, -0.51, 0.24)
504.92: (0.94, -0.30, 0.18)
505.03: (0.99, -0.14, 0.02)
505.12: (0.99, -0.13, 0.01)
505.12: (-0.99, -0.14, -0.03): 0
505.13: (0.99, -0.13, 0.01)
505.25: (0.99, -0.12, 0.00)
505.37: (0.99, -0.13, 0.00)
505.47: (0.99, -0.13, 0.02)
505.58: (0.97, -0.24, -0.04)
505.70: (0.78, -0.59, -0.21)
505.82: (0.41, -0.90, -0.18)
505.93: (0.04, -0.99, -0.12)
506.05: (-0.31, -0.94, -0.11)
506.17: (-0.63, -0.75, -0.21)
506.27: (-0.78, -0.61, -0.12)
506.38: (-0.93, -0.37, 0.05)
506.50: (-0.95, -0.30, 0.05)
506.60: (-0.96, -0.27, 0.02)
506.70: (-0.99, -0.15, -0.03)
506.73: (-0.99, -0.14, -0.03)
506.73: (0.62, 0.76, 0.22): 1
506.82: (-0.99, -0.15, -0.03)
506.93: (-0.98, -0.18, -0.02)
507.03: (-0.91, -0.40, 0.10)
507.15: (-0.75, -0.63, 0.19)
507.27: (-0.73, -0.65, 0.19)
507.37: (-0.73, -0.65, 0.19)
507.48: (-0.90, -0.42, 0.15)
507.60: (-1.00, 0.05, 0.03)
507.71: (-0.88, 0.48, 0.07)
507.83: (-0.62, 0.75, 0.25)
507.95: (-0.36, 0.82, 0.45)
508.06: (-0.01, 0.78, 0.62)
508.16: (0.31, 0.61, 0.73)
508.26: (0.43, 0.50, 0.75)
508.37: (0.55, 0.63, 0.55)
508.48: (0.66, 0.69, 0.30)
508.60: (0.67, 0.70, 0.26)
508.67: (0.66, 0.70, 0.26)
508.67: (0.82, 0.54, -0.21): 2
508.70: (0.66, 0.70, 0.26)
508.81: (0.66, 0.70, 0.26)
508.91: (0.66, 0.70, 0.27)
509.03: (0.77, 0.62, 0.11)
509.15: (0.83, 0.54, -0.13)
509.26: (0.84, 0.52, -0.17)
509.30: (0.84, 0.52, -0.17)
509.30: (0.39, -0.83, 0.39): 0
509.36: (0.84, 0.52, -0.17)
509.48: (0.84, 0.52, -0.17)
509.60: (0.80, 0.59, -0.07)
509.71: (0.80, 0.59, -0.07)
509.83: (0.80, 0.59, -0.07)
509.95: (0.80, 0.59, -0.07)
510.05: (0.80, 0.59, -0.07)
510.16: (0.80, 0.60, -0.04)
510.28: (0.73, 0.60, 0.33)
510.40: (0.38, 0.38, 0.84)
510.50: (-0.01, 0.06, 1.00)
510.61: (-0.43, -0.32, 0.84)
510.71: (-0.68, -0.58, 0.45)
510.81: (-0.71, -0.62, 0.34)
510.93: (-0.71, -0.61, 0.36)
511.05: (-0.70, -0.61, 0.36)
511.15: (-0.70, -0.61, 0.36)
511.26: (-0.52, -0.68, 0.52)
511.38: (-0.12, -0.79, 0.60)
511.50: (0.14, -0.83, 0.54)
511.60: (0.33, -0.82, 0.47)
511.71: (0.47, -0.81, 0.34)
511.75: (0.47, -0.81, 0.34)
511.75: (0.17, -0.61, -0.78): 2
511.83: (0.47, -0.81, 0.35)
511.95: (0.47, -0.80, 0.37)
512.06: (0.47, -0.80, 0.37)
512.16: (0.46, -0.80, 0.38)
512.28: (0.46, -0.80, 0.38)
512.40: (0.46, -0.80, 0.38)
512.51: (0.45, -0.82, 0.36)
512.63: (0.10, -0.99, -0.08)
512.73: (-0.16, -0.92, -0.36)
512.83: (-0.29, -0.78, -0.55)
512.95: (-0.37, -0.70, -0.61)
513.06: (-0.37, -0.70, -0.61)
513.18: (-0.37, -0.70, -0.61)
513.30: (-0.35, -0.71, -0.62)
513.41: (-0.22, -0.73, -0.65)
513.51: (-0.06, -0.75, -0.66)
513.61: (0.00, -0.69, -0.72)
513.73: (0.07, -0.61, -0.79)
513.83: (0.08, -0.59, -0.81)
513.83: (0.41, 0.21, 0.89): 0
513.83: (0.08, -0.59, -0.81)
513.95: (0.08, -0.59, -0.80)
514.05: (0.08, -0.59, -0.80)
514.16: (0.07, -0.59, -0.81)
514.28: (0.16, -0.60, -0.78)
514.40: (0.46, -0.71, -0.54)
514.51: (0.45, -0.71, -0.54)
514.61: (0.45, -0.71, -0.54)
514.73: (0.45, -0.71, -0.54)
514.85: (0.50, -0.65, -0.57)
514.96: (0.61, -0.56, -0.56)
515.06: (0.78, -0.37, -0.51)
515.18: (0.97, -0.08, -0.23)
515.28: (0.99, 0.08, -0.09)
515.40: (0.98, 0.19, 0.00)
515.51: (0.87, 0.45, 0.20)
515.63: (0.68, 0.60, 0.43)
515.75: (0.48, 0.69, 0.54)
515.86: (0.32, 0.72, 0.62)
515.96: (0.23, 0.47, 0.85)
516.08: (0.22, 0.27, 0.94)
516.20: (0.26, 0.17, 0.95)
516.30: (0.30, 0.18, 0.94)
516.31: (0.30, 0.18, 0.94)
516.31: (0.99, -0.13, 0.08): 1
516.41: (0.30, 0.18, 0.94)
516.53: (0.30, 0.18, 0.94)
516.65: (0.30, 0.19, 0.93)
516.76: (0.31, 0.28, 0.91)
516.88: (0.41, 0.53, 0.74)
517.00: (0.54, 0.73, 0.43)
517.10: (0.53, 0.85, 0.02)
517.21: (0.54, 0.82, -0.19)
517.33: (0.67, 0.69, -0.29)
517.45: (0.71, 0.42, -0.56)
517.56: (0.56, 0.08, -0.83)
517.66: (0.53, -0.07, -0.85)
517.78: (0.56, -0.07, -0.82)
517.90: (0.57, -0.06, -0.82)
518.00: (0.72, -0.06, -0.69)
518.11: (0.96, 0.09, -0.25)
518.23: (0.96, 0.26, 0.09)
518.35: (0.97, 0.09, 0.24)
518.45: (0.97, -0.08, 0.25)
518.56: (0.98, -0.05, 0.21)
518.68: (1.00, -0.02, 0.07)
518.71: (1.00, -0.02, 0.07)
518.71: (-0.86, 0.02, -0.51): 1
518.78: (1.00, -0.02, 0.07)
518.90: (1.00, -0.02, 0.07)
519.00: (1.00, -0.01, 0.07)
519.11: (1.00, -0.01, 0.07)
519.23: (0.99, 0.06, 0.14)
519.35: (0.93, 0.20, 0.32)
519.45: (0.76, 0.41, 0.50)
519.56: (0.43, 0.65, 0.62)
519.68: (-0.04, 0.70, 0.71)
519.78: (-0.36, 0.62, 0.70)
519.88: (-0.66, 0.45, 0.61)
520.00: (-0.67, 0.42, 0.62)
520.11: (-0.67, 0.42, 0.62)
520.23: (-0.67, 0.42, 0.62)
520.35: (-0.67, 0.42, 0.62)
520.46: (-0.71, 0.41, 0.57)
520.58: (-0.78, 0.41, 0.47)
520.68: (-0.94, 0.31, 0.17)
520.80: (-0.98, 0.04, -0.20)
520.91: (-0.89, -0.09, -0.44)
521.03: (-0.86, -0.04, -0.52)
521.11: (-0.86, -0.04, -0.51)
521.11: (-0.62, 0.49, -0.62): 2
521.13: (-0.86, -0.04, -0.51)
521.25: (-0.86, -0.06, -0.50)
521.36: (-0.86, -0.06, -0.50)
521.46: (-0.76, 0.29, -0.58)
521.58: (-0.71, 0.40, -0.58)
521.68: (-0.72, 0.35, -0.59)
521.80: (-0.73, 0.31, -0.60)
521.91: (-0.73, 0.32, -0.61)
522.03: (-0.67, 0.41, -0.62)
522.05: (-0.67, 0.41, -0.62)
522.05: (0.44, -0.90, 0.06): 2
522.15: (-0.67, 0.41, -0.62)
522.25: (-0.67, 0.41, -0.62)
522.36: (-0.67, 0.41, -0.62)
522.48: (-0.72, 0.35, -0.59)
522.58: (-0.74, 0.37, -0.57)
522.70: (-0.59, 0.56, -0.58)
522.81: (-0.31, 0.80, -0.51)
522.93: (-0.23, 0.88, -0.42)
523.03: (-0.28, 0.90, -0.34)
523.15: (-0.28, 0.90, -0.34)
523.26: (-0.28, 0.90, -0.34)
523.38: (-0.21, 0.91, -0.36)
523.49: (-0.08, 0.92, -0.39)
523.61: (0.37, 0.92, -0.09)
523.73: (0.70, 0.68, 0.21)
523.84: (0.79, 0.60, 0.14)
523.96: (0.85, 0.51, -0.15)
524.08: (0.86, 0.23, -0.46)
524.19: (0.75, -0.17, -0.64)
524.29: (0.58, -0.43, -0.69)
524.41: (0.45, -0.70, -0.55)
524.53: (0.35, -0.88, -0.32)
524.64: (0.29, -0.95, -0.13)
524.74: (0.34, -0.94, -0.01)
524.86: (0.40, -0.91, 0.11)
524.91: (0.40, -0.91, 0.11)
524.91: (0.19, -0.93, 0.30): 2
524.98: (0.40, -0.91, 0.11)
525.09: (0.41, -0.91, 0.09)
525.21: (0.47, -0.88, 0.00)
525.33: (0.47, -0.88, 0.00)
525.43: (0.47, -0.88, 0.00)
525.54: (0.50, -0.87, 0.02)
525.66: (0.41, -0.91, 0.11)
525.78: (0.29, -0.93, 0.24)
525.89: (0.25, -0.93, 0.27)
525.98: (0.25, -0.93, 0.27)
525.98: (-0.22, -0.90, -0.38): 1
525.99: (0.24, -0.93, 0.27)
526.11: (0.25, -0.93, 0.26)
526.21: (0.25, -0.93, 0.26)
526.31: (0.25, -0.93, 0.27)
526.43: (0.22, -0.95, 0.23)
526.54: (0.01, -0.98, -0.18)
526.66: (-0.07, -0.90, -0.43)
526.78: (-0.13, -0.91, -0.40)
526.89: (-0.19, -0.91, -0.37)
526.89: (0.07, -0.93, -0.36): 0
526.89: (-0.19, -0.91, -0.37)
526.99: (-0.19, -0.91, -0.37)
527.11: (-0.19, -0.91, -0.37)
527.21: (-0.19, -0.91, -0.37)
527.33: (-0.02, -0.94, -0.35)
527.44: (-0.01, -0.94, -0.35)
527.49: (-0.01, -0.94, -0.35)
527.49: (0.98, 0.12, 0.15): 0
527.56: (-0.02, -0.94, -0.35)
527.68: (-0.01, -0.93, -0.36)
527.78: (-0.01, -0.94, -0.35)
527.89: (-0.02, -0.94, -0.35)
527.99: (-0.02, -0.94, -0.34)
528.11: (0.14, -0.99, 0.09)
528.21: (0.25, -0.73, 0.64)
528.33: (0.23, -0.56, 0.80)
528.44: (0.08, -0.41, 0.91)
528.56: (0.04, -0.38, 0.92)
528.66: (0.00, -0.43, 0.91)
528.78: (-0.04, 0.01, 1.00)
528.89: (-0.07, 0.13, 0.99)
529.01: (0.27, 0.09, 0.96)
529.11: (0.53, 0.19, 0.83)
529.21: (0.53, 0.48, 0.70)
529.33: (0.22, 0.91, 0.36)
529.44: (-0.16, 0.96, 0.25)
529.56: (-0.55, 0.78, 0.31)
529.68: (-0.76, 0.46, 0.45)
529.79: (-0.84, 0.13, 0.53)
529.91: (-0.85, -0.01, 0.53)
530.01: (-0.84, -0.03, 0.54)
530.13: (-0.84, -0.02, 0.54)
530.23: (-0.84, -0.02, 0.54)
530.33: (-0.84, -0.02, 0.54)
530.44: (-0.69, -0.17, 0.71)
530.54: (-0.38, -0.42, 0.82)
530.66: (-0.08, -0.68, 0.73)
530.78: (0.14, -0.85, 0.51)
530.89: (0.45, -0.85, 0.28)
531.01: (0.76, -0.65, 0.06)
531.13: (0.93, -0.37, -0.06)
531.24: (0.98, -0.16, -0.15)
531.34: (0.99, 0.10, -0.13)
531.46: (0.95, 0.29, -0.08)
531.58: (0.96, 0.25, -0.08)
531.69: (0.99, 0.13, 0.06)
531.73: (0.99, 0.15, 0.07)
531.73: (-0.45, 0.45, -0.77): 1
531.81: (0.99, 0.15, 0.07)
531.93: (0.99, 0.14, 0.07)
532.04: (1.00, 0.09, 0.04)
532.16: (1.00, 0.03, -0.02)
532.28: (1.00, 0.02, 0.02)
532.39: (1.00, 0.02, 0.02)
532.49: (1.00, 0.02, 0.02)
532.61: (0.99, 0.09, 0.07)
532.73: (1.00, 0.04, -0.02)
532.84: (0.99, -0.07, -0.15)
532.96: (0.93, -0.04, -0.36)
533.08: (0.72, 0.08, -0.69)
533.19: (0.43, 0.17, -0.89)
533.31: (0.21, 0.27, -0.94)
533.41: (0.02, 0.30, -0.95)
533.53: (-0.37, 0.29, -0.88)
533.63: (-0.59, 0.24, -0.77)
533.74: (-0.54, 0.31, -0.79)
533.86: (-0.49, 0.45, -0.75)
533.94: (-0.47, 0.48, -0.74)
533.94: (-0.96, -0.01, 0.28): 0
533.98: (-0.47, 0.48, -0.74)
534.08: (-0.47, 0.47, -0.74)
534.18: (-0.43, 0.28, -0.86)
534.29: (-0.35, -0.02, -0.94)
534.41: (-0.03, -0.57, -0.82)
534.53: (0.15, -0.80, -0.58)
534.63: (0.03, -0.79, -0.62)
534.74: (-0.46, -0.63, -0.63)
534.86: (-0.81, -0.33, -0.49)
534.96: (-0.86, -0.14, -0.49)
535.06: (-0.86, -0.14, -0.49)
535.18: (-0.86, -0.14, -0.49)
535.28: (-0.86, -0.14, -0.49)
535.39: (-0.83, -0.15, -0.54)
535.51: (-0.87, -0.09, -0.49)
535.63: (-0.99, 0.01, -0.15)
535.73: (-0.97, 0.12, 0.19)
535.84: (-0.86, 0.21, 0.46)
535.96: (-0.89, 0.12, 0.43)
536.08: (-0.93, 0.02, 0.37)
536.16: (-0.94, 0.01, 0.35)
536.16: (-0.80, 0.49, -0.35): 1
536.18: (-0.94, 0.01, 0.35)
536.28: (-0.94, 0.01, 0.35)
536.39: (-0.94, 0.01, 0.35)
536.51: (-0.93, 0.01, 0.37)
536.63: (-0.78, -0.06, 0.62)
536.73: (-0.65, 0.03, 0.76)
536.84: (-0.32, 0.23, 0.92)
536.96: (-0.01, 0.32, 0.95)
537.06: (0.25, 0.40, 0.88)
537.18: (0.48, 0.60, 0.64)
537.29: (0.51, 0.84, 0.20)
537.41: (0.43, 0.90, -0.02)
537.53: (0.43, 0.90, -0.02)
537.63: (0.43, 0.90, -0.02)
537.74: (0.35, 0.93, -0.14)
537.86: (0.04, 0.74, -0.67)
537.96: (-0.10, 0.63, -0.77)
538.08: (-0.10, 0.63, -0.77)
538.19: (-0.10, 0.63, -0.77)
538.29: (-0.10, 0.63, -0.77)
538.39: (-0.13, 0.55, -0.83)
538.49: (-0.28, 0.39, -0.88)
538.61: (-0.60, -0.08, -0.80)
538.73: (-0.70, -0.31, -0.64)
538.84: (-0.79, -0.49, -0.36)
538.94: (-0.81, -0.58, 0.03)
539.06: (-0.86, -0.52, 0.02)
539.18: (-0.99, -0.15, -0.08)
539.29: (-0.96, 0.28, -0.07)
539.41: (-0.90, 0.41, -0.16)
539.51: (-0.90, 0.32, -0.31)
539.61: (-0.86, 0.35, -0.38)
539.72: (-0.78, 0.45, -0.43)
539.76: (-0.78, 0.45, -0.43)
539.76: (0.12, 0.14, 0.98): 0
539.83: (-0.78, 0.45, -0.43)
539.94: (-0.79, 0.44, -0.43)
540.06: (-0.80, 0.41, -0.43)
540.17: (-0.79, 0.36, -0.49)
540.29: (-0.80, 0.32, -0.50)
540.41: (-0.85, 0.20, -0.49)
540.52: (-0.72, 0.16, -0.67)
540.62: (-0.39, 0.22, -0.90)
540.74: (-0.10, 0.12, -0.99)
540.86: (0.05, 0.04, -1.00)
540.97: (0.22, -0.07, -0.97)
541.07: (0.35, -0.19, -0.92)
541.19: (0.49, -0.34, -0.80)
541.31: (0.72, -0.31, -0.62)
541.42: (0.86, -0.22, -0.47)
541.54: (0.86, -0.22, -0.47)
541.64: (0.86, -0.22, -0.47)
541.74: (0.86, -0.22, -0.47)
541.86: (0.86, -0.22, -0.47)
541.97: (0.89, -0.24, -0.39)
542.09: (0.91, -0.29, -0.29)
542.21: (0.90, -0.42, 0.06)
542.32: (0.71, -0.55, 0.44)
542.44: (0.52, -0.56, 0.65)
542.54: (0.49, -0.52, 0.70)
542.66: (0.43, -0.41, 0.80)
542.77: (0.33, -0.12, 0.94)
542.89: (0.19, 0.08, 0.98)
542.99: (0.18, 0.10, 0.98)
543.11: (0.18, 0.10, 0.98)
543.12: (0.18, 0.10, 0.98)
543.12: (0.82, 0.46, -0.34): 0
543.21: (0.18, 0.10, 0.98)
543.32: (0.18, 0.10, 0.98)
543.44: (0.17, 0.10, 0.98)
543.56: (0.11, 0.29, 0.95)
543.66: (0.06, 0.79, 0.61)
543.77: (0.02, 0.99, 0.14)
543.87: (-0.01, 0.91, -0.41)
543.99: (-0.01, 0.91, -0.41)
544.09: (-0.01, 0.91, -0.41)
544.19: (-0.01, 0.91, -0.41)
544.31: (-0.01, 0.91, -0.41)
544.42: (-0.01, 0.91, -0.41)
544.54: (-0.03, 0.90, -0.44)
544.66: (-0.10, 0.76, -0.64)
544.77: (-0.27, 0.43, -0.86)
544.89: (-0.56, 0.12, -0.82)
544.99: (-0.77, -0.23, -0.60)
545.11: (-0.84, -0.33, -0.43)
545.21: (-0.88, -0.41, -0.23)
545.32: (-0.91, -0.40, 0.10)
545.44: (-0.89, -0.19, 0.42)
545.56: (-0.86, 0.06, 0.50)
545.67: (-0.82, 0.21, 0.54)
545.79: (-0.70, 0.40, 0.59)
545.91: (-0.47, 0.64, 0.61)
546.02: (-0.40, 0.70, 0.59)
546.14: (-0.37, 0.74, 0.56)
546.26: (-0.15, 0.91, 0.40)
546.37: (0.15, 0.98, 0.15)
546.49: (0.49, 0.86, -0.11)
546.61: (0.68, 0.68, -0.26)
546.71: (0.78, 0.58, -0.23)
546.82: (0.80, 0.48, -0.35)
546.91: (0.81, 0.48, -0.35)
546.91: (0.22, 0.97, 0.00): 1
546.94: (0.81, 0.48, -0.35)
547.06: (0.80, 0.48, -0.36)
547.17: (0.80, 0.48, -0.36)
547.27: (0.70, 0.69, -0.19)
547.39: (0.50, 0.85, -0.14)
547.49: (0.39, 0.91, -0.15)
547.61: (0.24, 0.97, -0.03)
547.72: (0.21, 0.98, 0.04)
547.72: (0.05, -0.61, -0.79): 1
547.72: (0.21, 0.98, 0.04)
547.82: (0.22, 0.97, 0.03)
547.94: (0.23, 0.97, 0.03)
548.06: (0.32, 0.95, 0.04)
548.17: (0.66, 0.75, -0.05)
548.27: (0.65, 0.76, -0.07)
548.39: (0.65, 0.76, -0.07)
548.51: (0.65, 0.76, -0.07)
548.61: (0.65, 0.76, -0.07)
548.72: (0.65, 0.76, -0.07)
548.84: (0.65, 0.76, -0.07)
548.96: (0.68, 0.73, -0.02)
549.07: (0.78, 0.63, 0.03)
549.19: (0.96, 0.28, 0.02)
549.31: (0.99, -0.08, -0.10)
549.41: (0.91, -0.35, -0.24)
549.52: (0.72, -0.58, -0.39)
549.64: (0.46, -0.73, -0.50)
549.76: (0.13, -0.78, -0.61)
549.86: (-0.08, -0.72, -0.69)
549.97: (-0.11, -0.62, -0.78)
550.09: (-0.02, -0.57, -0.82)
550.19: (0.02, -0.54, -0.84)
550.22: (0.02, -0.54, -0.84)
550.22: (-0.16, -0.31, -0.94): 2
550.31: (0.02, -0.54, -0.84)
550.42: (0.02, -0.54, -0.84)
550.54: (0.01, -0.58, -0.82)
550.66: (0.00, -0.60, -0.80)
550.76: (-0.18, -0.39, -0.91)
550.87: (-0.23, -0.30, -0.93)
550.97: (-0.10, -0.39, -0.92)
551.09: (-0.09, -0.39, -0.92)
551.21: (-0.09, -0.39, -0.92)
551.32: (-0.14, -0.32, -0.94)
551.44: (-0.14, -0.32, -0.94)
551.51: (-0.14, -0.32, -0.94)
551.51: (0.85, -0.04, 0.53): 2
551.56: (-0.14, -0.32, -0.94)
551.67: (-0.14, -0.32, -0.94)
551.79: (-0.14, -0.32, -0.94)
551.91: (-0.27, -0.32, -0.91)
552.01: (-0.56, -0.12, -0.82)
552.11: (-0.52, -0.08, -0.85)
552.22: (-0.52, -0.08, -0.85)
552.34: (-0.52, -0.08, -0.85)
552.46: (-0.54, -0.15, -0.83)
552.56: (-0.52, -0.27, -0.81)
552.66: (-0.45, -0.49, -0.75)
552.77: (-0.39, -0.70, -0.60)
552.87: (-0.37, -0.74, -0.56)
552.99: (-0.33, -0.79, -0.52)
553.11: (-0.33, -0.78, -0.53)
553.21: (-0.30, -0.80, -0.51)
553.32: (0.09, -0.95, -0.31)
553.42: (0.30, -0.95, -0.01)
553.52: (0.25, -0.90, 0.37)
553.64: (0.14, -0.67, 0.73)
553.76: (-0.02, -0.47, 0.88)
553.87: (-0.21, -0.31, 0.93)
553.99: (-0.25, -0.16, 0.95)
554.11: (-0.15, -0.28, 0.95)
554.22: (-0.15, -0.28, 0.95)
554.34: (-0.15, -0.28, 0.95)
554.46: (-0.15, -0.28, 0.95)
554.57: (-0.04, -0.14, 0.99)
554.69: (0.33, 0.28, 0.90)
554.79: (0.54, 0.50, 0.67)
554.89: (0.62, 0.59, 0.52)
555.01: (0.75, 0.47, 0.48)
555.12: (0.86, 0.14, 0.49)
555.24: (0.91, -0.07, 0.41)
555.36: (0.91, -0.02, 0.42)
555.47: (0.86, 0.01, 0.51)
555.57: (0.85, 0.02, 0.52)
555.59: (0.85, 0.02, 0.52)
555.59: (0.45, -0.23, -0.86): 2
555.69: (0.85, 0.04, 0.53)
555.79: (0.85, 0.05, 0.52)
555.89: (0.86, 0.05, 0.51)
556.01: (0.86, 0.05, 0.51)
556.12: (0.80, 0.41, 0.43)
556.22: (0.73, 0.66, 0.17)
556.34: (0.74, 0.66, 0.14)
556.44: (0.66, 0.73, -0.17)
556.55: (0.61, 0.71, -0.36)
556.67: (0.61, 0.64, -0.47)
556.79: (0.43, 0.40, -0.81)
556.90: (0.54, 0.38, -0.75)
557.00: (0.54, 0.38, -0.75)
557.12: (0.54, 0.38, -0.75)
557.24: (0.56, 0.37, -0.74)
557.35: (0.53, 0.29, -0.79)
557.47: (0.57, 0.05, -0.82)
557.59: (0.50, -0.13, -0.86)
557.69: (0.50, -0.13, -0.86)
557.79: (0.47, -0.15, -0.87)
557.79: (-0.45, 0.38, 0.81): 1
557.80: (0.47, -0.15, -0.87)
557.90: (0.47, -0.14, -0.87)
558.02: (0.45, -0.12, -0.88)
558.14: (0.43, -0.10, -0.90)
558.25: (0.43, -0.10, -0.90)
558.35: (0.43, -0.10, -0.90)
558.47: (0.39, -0.09, -0.91)
558.57: (0.38, -0.09, -0.92)
558.67: (0.37, -0.09, -0.92)
558.79: (0.37, -0.09, -0.92)
558.89: (0.27, -0.16, -0.95)
559.00: (0.14, -0.23, -0.96)
559.10: (0.23, -0.12, -0.97)
559.22: (0.22, -0.10, -0.97)
559.34: (0.22, -0.10, -0.97)
559.45: (0.22, -0.10, -0.97)
559.57: (0.22, -0.10, -0.97)
559.69: (0.11, -0.20, -0.97)
559.80: (-0.30, -0.57, -0.77)
559.90: (-0.59, -0.70, -0.40)
560.02: (-0.84, -0.54, 0.05)
560.14: (-0.78, -0.32, 0.53)
560.24: (-0.73, -0.31, 0.60)
560.35: (-0.63, -0.19, 0.75)
560.47: (-0.66, 0.16, 0.73)
560.59: (-0.67, 0.15, 0.73)
560.69: (-0.62, 0.24, 0.75)
560.80: (-0.56, 0.32, 0.76)
560.90: (-0.56, 0.33, 0.76)
560.90: (-1.00, 0.09, -0.01): 2
560.92: (-0.56, 0.33, 0.76)
561.02: (-0.56, 0.33, 0.76)
561.14: (-0.56, 0.32, 0.76)
561.25: (-0.58, 0.32, 0.75)
561.35: (-0.78, 0.34, 0.52)
561.47: (-0.91, 0.28, 0.31)
561.59: (-0.98, 0.11, 0.18)
561.70: (-0.99, 0.03, 0.11)
561.82: (-1.00, 0.04, 0.09)
561.87: (-1.00, 0.04, 0.09)
561.87: (-0.74, -0.61, -0.28): 1
561.94: (-1.00, 0.04, 0.09)
562.04: (-1.00, 0.03, 0.09)
562.15: (-0.99, 0.07, 0.12)
562.27: (-0.97, -0.25, 0.04)
562.39: (-0.89, -0.44, -0.12)
562.50: (-0.87, -0.49, -0.12)
562.62: (-0.76, -0.61, -0.22)
562.72: (-0.76, -0.61, -0.23)
562.72: (-0.94, -0.31, 0.14): 2
562.72: (-0.76, -0.61, -0.23)
562.84: (-0.76, -0.61, -0.23)
562.94: (-0.77, -0.60, -0.23)
563.04: (-0.85, -0.51, -0.16)
563.15: (-0.97, -0.19, 0.12)
563.27: (-0.93, -0.34, 0.15)
563.39: (-0.92, -0.37, 0.14)
563.45: (-0.92, -0.37, 0.14)
563.45: (-0.24, 0.87, 0.43): 2
563.50: (-0.91, -0.38, 0.14)
563.62: (-0.92, -0.38, 0.14)
563.74: (-0.92, -0.37, 0.15)
563.85: (-0.92, -0.37, 0.15)
563.97: (-0.89, -0.42, 0.18)
564.09: (-0.85, -0.48, 0.24)
564.19: (-0.84, -0.48, 0.25)
564.30: (-0.81, -0.52, 0.27)
564.40: (-0.81, -0.52, 0.28)
564.52: (-0.81, -0.51, 0.29)
564.64: (-0.81, -0.51, 0.29)
564.74: (-0.81, -0.51, 0.29)
564.85: (-0.82, -0.49, 0.28)
564.97: (-0.85, -0.10, 0.52)
565.09: (-0.82, 0.24, 0.51)
565.20: (-0.88, 0.44, 0.19)
565.30: (-0.77, 0.63, -0.10)
565.42: (-0.47, 0.88, 0.08)
565.54: (-0.35, 0.92, 0.17)
565.65: (-0.37, 0.90, 0.20)
565.77: (-0.37, 0.87, 0.32)
565.89: (-0.30, 0.87, 0.39)
565.99: (-0.29, 0.87, 0.39)
566.10: (-0.25, 0.88, 0.39)
566.14: (-0.25, 0.88, 0.39)
566.14: (0.29, 0.96, -0.02): 2
566.22: (-0.25, 0.88, 0.39)
566.34: (-0.24, 0.89, 0.39)
566.45: (-0.25, 0.88, 0.41)
566.57: (-0.29, 0.86, 0.41)
566.67: (-0.29, 0.86, 0.41)
566.77: (-0.29, 0.86, 0.41)
566.89: (-0.29, 0.86, 0.41)
566.99: (-0.20, 0.91, 0.36)
567.10: (0.14, 0.96, 0.26)
567.22: (0.17, 0.95, 0.26)
567.34: (0.12, 0.96, 0.26)
567.45: (0.15, 0.98, 0.15)
567.57: (0.17, 0.98, 0.14)
567.67: (0.16, 0.98, 0.14)
567.79: (0.20, 0.97, 0.13)
567.90: (0.24, 0.97, 0.05)
567.92: (0.24, 0.97, 0.05)
END