3/27/2023 3:26:51 PM
Mode: Stereo
White time (s): [1.233215, 1.482788, 3.532715, 0.5166626, 1.699707, 1.099609, 0.3668823, 0.3665161, 1.866089, 0.750061, 1.666504, 0.4498901, 1.049744, 1.816284, 1.716431, 0.7832642, 0.9830322, 1.166626, 4.165894, 0.499939, 1.166321, 2.449524, 4.382507, 1.333069, 1.91626, 1.732544, 1.916199, 0.3834839, 1.449768, 2.333008]
Shot time (s): [3.182617, 1.249756, 0.9832764, 1.032837, 3.616211, 2.449036, 2.083252, 1.06665, 0.3334961, 0.9329224, 1.382874, 0.4830933, 1.366272, 3.416077, 1.282959, 2.199463, 0.4501343, 2.882629, 1.533081, 1.666504, 1.899292, 2.48291, 2.149597, 1.749939, 1.316589, 0.3999023, 1.983215, 4.04895, 1.999634, 2.682556]
Step time (s): [1.316345, 0.699707, 3.582764, 3.832275, 2.416443, 1.63269, 0.5994263, 1.816467, 4.149231, 3.649048, 1.133057, 0.4165649, 1.616272, 0.8165894, 1.749451, 1.633301, 2.232361, 2.332947, 3.682739, 2.299683, 1.899658, 3.332581, 2.232971, 1.782715, 1.516418, 1.366211, 2.232849, 1.382874, 0.6165771, 1.382996]
White horz (deg): [150.29, 176.68, 266.2099, 7.77, 150.08, 129.5, 5.599998, 2.309999, 172.62, 53.47998, 156.45, 26.66999, 109.27, 170.38, 179.2, 46.68999, 126.77, 148.75, 329.7701, 11.34, 136.15, 216.9298, 419.86, 145.95, 281.5399, 142.8, 79.58994, 8.959998, 268.87, 252.6999]
Shot horz (deg): [267.82, 119.49, 89.24998, 90.64999, 239.6101, 232.33, 59.70998, 97.01995, 11.69, 102.76, 147.7699, 37.23999, 122.4999, 300.5802, 144.83, 206.85, 27.85999, 243.6, 170.52, 139.72, 99.11993, 229.5299, 166.46, 152.8799, 184.5899, 15.68, 59.21997, 231.4203, 164.01, 331.45]
Step horz (deg): [122.85, 46.68998, 345.8, 327.46, 220.2899, 138.0399, 25.96999, 66.98997, 327.9499, 429.1698, 121.1, 21.91, 178.1499, 77.20996, 191.17, 73.07999, 222.5999, 147, 261.1, 187.5299, 204.75, 274.68, 110.3199, 227.85, 37.58997, 99.32996, 204.6799, 142.8, 50.81999, 137.62]
White vert (deg): [48.64998, 52.42999, 229.04, 25.76, 126.14, 39.82999, 7.909998, 4.269999, 78.81997, 33.80999, 92.46994, 23.87, 47.03998, 72.86996, 115.78, 42.42, 44.72999, 49.41998, 294.7699, 25.89999, 54.10999, 98.06992, 208.4599, 76.02, 84.83996, 46.47998, 117.74, 7.279998, 70.55997, 203.49]
Shot vert (deg): [142.94, 25.89999, 10.64, 20.71999, 312.6899, 142.8699, 171.36, 34.02, 3.919999, 55.92999, 79.02999, 12.46, 51.16999, 178.0799, 42.27997, 100.1, 11.62, 104.9999, 92.61, 62.15998, 170.45, 149.94, 163.87, 30.93999, 73.14998, 2.169999, 189.0699, 298.97, 59.63999, 161.98]
Step vert (deg): [68.94996, 8.189999, 244.86, 233.5901, 54.59998, 106.9599, 43.61, 159.5299, 209.1599, 129.7799, 33.66999, 10.71, 48.15997, 35.21, 119.21, 82.73996, 122.92, 126.21, 172.4099, 94.98992, 113.19, 228.5501, 176.47, 107.38, 172.1999, 34.08999, 97.64999, 76.92999, 8.539996, 25.12999]

Time in sec: camera forward versor
Time in sec: target versor: sound type (0 = White, 1 = Shot, 2 = Step)
START
572.82: (-0.16, 0.94, -0.29): 1
572.82: (0.92, 0.19, 0.34)
572.93: (0.92, 0.19, 0.33)
573.03: (0.92, 0.19, 0.33)
573.15: (0.92, 0.19, 0.33)
573.27: (0.93, 0.16, 0.32)
573.38: (0.91, 0.19, 0.38)
573.50: (0.62, 0.39, 0.68)
573.62: (0.29, 0.51, 0.81)
573.72: (0.03, 0.54, 0.84)
573.83: (-0.25, 0.57, 0.78)
573.95: (-0.52, 0.55, 0.65)
574.07: (-0.86, 0.41, 0.30)
574.18: (-0.97, 0.22, -0.05)
574.30: (-0.95, 0.04, -0.30)
574.42: (-0.91, -0.06, -0.41)
574.52: (-0.90, -0.08, -0.43)
574.62: (-0.90, -0.11, -0.42)
574.73: (-0.90, -0.11, -0.42)
574.85: (-0.67, -0.37, -0.64)
574.97: (-0.25, -0.56, -0.79)
575.07: (-0.32, -0.52, -0.79)
575.18: (-0.32, -0.46, -0.83)
575.28: (-0.27, -0.15, -0.95)
575.38: (-0.20, 0.13, -0.97)
575.50: (-0.16, 0.38, -0.91)
575.62: (-0.10, 0.70, -0.71)
575.73: (-0.01, 0.87, -0.49)
575.85: (0.02, 0.95, -0.33)
575.97: (-0.20, 0.91, -0.37)
576.00: (-0.20, 0.91, -0.37)
576.00: (0.72, 0.47, -0.51): 2
576.08: (-0.19, 0.92, -0.36)
576.20: (-0.18, 0.92, -0.34)
576.32: (-0.33, 0.91, -0.27)
576.43: (-0.37, 0.90, -0.23)
576.55: (-0.35, 0.90, -0.26)
576.65: (-0.33, 0.90, -0.28)
576.77: (-0.06, 0.82, -0.56)
576.88: (0.48, 0.36, -0.80)
577.00: (0.72, -0.02, -0.70)
577.10: (0.70, 0.23, -0.67)
577.22: (0.65, 0.45, -0.61)
577.32: (0.65, 0.52, -0.56)
577.32: (1.00, -0.04, -0.04): 2
577.32: (0.65, 0.52, -0.56)
577.43: (0.65, 0.52, -0.56)
577.55: (0.65, 0.51, -0.57)
577.67: (0.72, 0.46, -0.52)
577.78: (0.96, 0.16, -0.23)
577.90: (1.00, 0.00, -0.08)
578.02: (1.00, -0.02, -0.09)
578.02: (-0.17, -0.72, 0.67): 1
578.02: (1.00, -0.02, -0.09)
578.12: (1.00, -0.03, -0.09)
578.23: (0.99, -0.01, -0.12)
578.35: (0.98, 0.04, -0.18)
578.45: (0.97, 0.07, -0.23)
578.57: (0.97, 0.07, -0.23)
578.68: (0.92, -0.40, 0.02)
578.78: (0.56, -0.76, 0.33)
578.90: (0.27, -0.85, 0.46)
579.02: (0.06, -0.84, 0.53)
579.13: (0.01, -0.79, 0.61)
579.25: (-0.14, -0.75, 0.65)
579.27: (-0.15, -0.75, 0.65)
579.27: (0.69, 0.53, 0.49): 2
579.37: (-0.15, -0.75, 0.65)
579.48: (-0.14, -0.75, 0.65)
579.58: (-0.14, -0.75, 0.65)
579.68: (-0.14, -0.75, 0.65)
579.80: (-0.14, -0.75, 0.65)
579.92: (-0.17, -0.81, 0.56)
580.03: (-0.26, -0.89, 0.37)
580.15: (0.33, -0.88, 0.35)
580.25: (0.52, -0.83, 0.20)
580.37: (0.20, -0.96, 0.18)
580.48: (-0.22, -0.96, 0.16)
580.60: (-0.26, -0.96, 0.06)
580.70: (0.16, -0.98, -0.08)
580.82: (0.79, -0.56, -0.23)
580.92: (0.88, -0.37, -0.31)
581.03: (0.85, -0.36, -0.39)
581.15: (0.62, -0.52, -0.59)
581.27: (0.30, -0.63, -0.72)
581.38: (0.09, -0.55, -0.83)
581.50: (-0.07, -0.37, -0.93)
581.62: (-0.31, -0.16, -0.94)
581.72: (-0.46, 0.07, -0.88)
581.83: (-0.62, 0.36, -0.70)
581.95: (-0.46, 0.69, -0.56)
582.07: (-0.07, 0.88, -0.47)
582.18: (0.08, 0.94, -0.33)
582.30: (0.46, 0.87, -0.15)
582.42: (0.66, 0.75, 0.02)
582.53: (0.71, 0.68, 0.16)
582.63: (0.66, 0.65, 0.39)
582.75: (0.65, 0.50, 0.58)
582.85: (0.68, 0.45, 0.57)
582.85: (-0.66, 0.23, -0.72): 0
582.85: (0.68, 0.45, 0.57)
582.97: (0.68, 0.46, 0.57)
583.07: (0.68, 0.45, 0.58)
583.17: (0.66, 0.38, 0.65)
583.28: (0.63, 0.46, 0.63)
583.40: (0.24, 0.89, 0.39)
583.50: (-0.18, 0.98, -0.02)
583.62: (-0.28, 0.87, -0.40)
583.73: (-0.27, 0.75, -0.61)
583.85: (-0.32, 0.60, -0.73)
583.95: (-0.56, 0.41, -0.72)
584.07: (-0.66, 0.24, -0.71)
584.08: (-0.66, 0.24, -0.71)
584.08: (-0.64, -0.47, 0.60): 2
584.18: (-0.65, 0.24, -0.72)
584.30: (-0.62, 0.34, -0.71)
584.42: (-0.47, 0.60, -0.65)
584.53: (-0.41, 0.72, -0.55)
584.63: (-0.36, 0.79, -0.50)
584.75: (-0.32, 0.84, -0.43)
584.87: (-0.38, 0.80, -0.46)
584.97: (-0.65, 0.45, -0.61)
585.08: (-0.78, -0.16, -0.60)
585.20: (-0.77, -0.34, -0.54)
585.30: (-0.74, -0.33, -0.59)
585.42: (-0.45, -0.20, -0.87)
585.53: (-0.09, -0.10, -0.99)
585.65: (0.22, 0.00, -0.98)
585.77: (0.50, 0.11, -0.86)
585.88: (0.76, 0.21, -0.62)
585.98: (0.90, 0.26, -0.35)
586.10: (0.97, 0.25, -0.06)
586.20: (0.99, 0.10, 0.03)
586.32: (0.96, -0.26, 0.05)
586.43: (0.78, -0.62, 0.00)
586.55: (0.61, -0.79, -0.02)
586.66: (0.51, -0.86, -0.01)
586.76: (0.33, -0.94, 0.02)
586.88: (-0.07, -0.99, -0.09)
586.98: (-0.31, -0.94, -0.16)
587.10: (-0.35, -0.92, -0.17)
587.20: (-0.35, -0.92, -0.17)
587.31: (-0.27, -0.95, -0.16)
587.43: (-0.69, -0.72, -0.06)
587.55: (-0.84, -0.53, 0.13)
587.66: (-0.83, -0.48, 0.28)
587.76: (-0.77, -0.45, 0.45)
587.88: (-0.60, -0.50, 0.62)
587.91: (-0.59, -0.50, 0.64)
587.91: (0.37, -0.91, 0.16): 1
588.00: (-0.58, -0.50, 0.64)
588.11: (-0.58, -0.50, 0.64)
588.21: (-0.58, -0.50, 0.64)
588.33: (-0.57, -0.57, 0.59)
588.45: (-0.24, -0.81, 0.53)
588.55: (0.20, -0.94, 0.29)
588.66: (0.48, -0.88, 0.06)
588.76: (0.48, -0.87, 0.05)
588.88: (0.39, -0.91, 0.13)
588.90: (0.39, -0.91, 0.13)
588.90: (-0.82, -0.57, 0.04): 0
589.00: (0.39, -0.91, 0.13)
589.11: (0.54, -0.84, 0.01)
589.21: (0.70, -0.69, -0.18)
589.33: (0.75, -0.59, -0.29)
589.45: (0.60, -0.79, -0.14)
589.56: (0.00, -0.95, 0.30)
589.66: (-0.40, -0.74, 0.53)
589.78: (-0.52, -0.57, 0.64)
589.88: (-0.59, -0.46, 0.66)
590.00: (-0.73, -0.26, 0.63)
590.10: (-0.87, -0.32, 0.37)
590.21: (-0.85, -0.48, 0.23)
590.33: (-0.84, -0.52, 0.15)
590.38: (-0.84, -0.53, 0.11)
590.38: (0.82, 0.54, -0.20): 0
590.43: (-0.84, -0.53, 0.10)
590.53: (-0.84, -0.55, 0.06)
590.65: (-0.71, -0.71, -0.05)
590.76: (-0.63, -0.76, -0.13)
590.88: (-0.61, -0.75, -0.27)
591.00: (-0.44, -0.80, -0.40)
591.11: (-0.26, -0.82, -0.52)
591.23: (-0.11, -0.80, -0.60)
591.35: (0.05, -0.74, -0.67)
591.46: (0.30, -0.68, -0.67)
591.58: (0.42, -0.62, -0.66)
591.68: (0.59, -0.61, -0.53)
591.80: (0.68, -0.71, -0.18)
591.91: (0.67, -0.73, 0.13)
592.01: (0.67, -0.66, 0.34)
592.13: (0.63, -0.56, 0.54)
592.25: (0.54, -0.47, 0.70)
592.36: (0.28, -0.35, 0.89)
592.46: (0.07, -0.20, 0.98)
592.58: (-0.05, 0.07, 1.00)
592.70: (-0.07, 0.18, 0.98)
592.81: (-0.03, 0.19, 0.98)
592.93: (0.08, 0.35, 0.93)
593.05: (0.33, 0.52, 0.79)
593.16: (0.48, 0.58, 0.65)
593.28: (0.56, 0.66, 0.50)
593.40: (0.54, 0.78, 0.33)
593.51: (0.53, 0.84, 0.14)
593.63: (0.52, 0.85, -0.11)
593.73: (0.67, 0.72, -0.18)
593.85: (0.77, 0.59, -0.23)
593.91: (0.80, 0.55, -0.23)
593.91: (-0.57, -0.10, 0.81): 2
593.96: (0.80, 0.55, -0.23)
594.06: (0.78, 0.56, -0.26)
594.18: (0.71, 0.58, -0.40)
594.30: (0.58, 0.58, -0.57)
594.40: (0.41, 0.56, -0.72)
594.51: (0.36, 0.53, -0.77)
594.61: (0.36, 0.53, -0.77)
594.73: (0.36, 0.53, -0.77)
594.85: (0.39, 0.52, -0.76)
594.96: (0.19, 0.36, -0.92)
595.08: (-0.02, 0.19, -0.98)
595.18: (-0.16, 0.09, -0.98)
595.30: (-0.34, -0.03, -0.94)
595.40: (-0.52, -0.15, -0.84)
595.50: (-0.66, -0.26, -0.70)
595.61: (-0.77, -0.35, -0.53)
595.71: (-0.86, -0.42, -0.30)
595.83: (-0.91, -0.41, 0.02)
595.95: (-0.92, -0.32, 0.24)
596.05: (-0.92, -0.16, 0.37)
596.16: (-0.80, -0.16, 0.58)
596.26: (-0.65, -0.16, 0.74)
596.33: (-0.61, -0.14, 0.78)
596.33: (-0.98, -0.01, -0.17): 1
596.38: (-0.61, -0.14, 0.78)
596.50: (-0.61, -0.14, 0.78)
596.61: (-0.61, -0.14, 0.78)
596.73: (-0.62, -0.14, 0.77)
596.83: (-0.68, -0.16, 0.72)
596.95: (-0.92, -0.28, 0.29)
597.05: (-0.92, -0.31, -0.26)
597.15: (-0.84, -0.25, -0.48)
597.26: (-0.92, -0.15, -0.38)
597.36: (-0.95, -0.07, -0.30)
597.36: (-0.79, -0.59, -0.16): 0
597.38: (-0.95, -0.07, -0.30)
597.48: (-0.95, -0.07, -0.30)
597.60: (-0.95, -0.06, -0.30)
597.71: (-0.92, -0.32, -0.22)
597.83: (-0.86, -0.47, -0.20)
597.88: (-0.84, -0.50, -0.20)
597.88: (0.22, 0.61, 0.76): 0
597.95: (-0.84, -0.51, -0.20)
598.05: (-0.84, -0.51, -0.19)
598.16: (-0.80, -0.59, -0.08)
598.28: (-0.72, -0.70, 0.04)
598.38: (-0.59, -0.79, 0.18)
598.50: (-0.42, -0.79, 0.45)
598.61: (-0.18, -0.74, 0.65)
598.73: (0.06, -0.66, 0.75)
598.83: (0.23, -0.57, 0.79)
598.93: (0.43, -0.42, 0.80)
599.05: (0.61, -0.18, 0.77)
599.16: (0.74, 0.15, 0.66)
599.26: (0.75, 0.43, 0.50)
599.38: (0.61, 0.52, 0.59)
599.50: (0.35, 0.56, 0.75)
599.58: (0.25, 0.59, 0.77)
599.58: (0.91, -0.39, 0.17): 0
599.61: (0.25, 0.59, 0.77)
599.71: (0.25, 0.58, 0.77)
599.83: (0.28, 0.55, 0.78)
599.93: (0.39, 0.40, 0.83)
600.05: (0.59, -0.28, 0.76)
600.16: (0.45, -0.79, 0.42)
600.28: (0.35, -0.91, 0.23)
600.40: (0.47, -0.85, 0.21)
600.51: (0.71, -0.66, 0.25)
600.63: (0.82, -0.51, 0.24)
600.68: (0.83, -0.50, 0.23)
600.68: (0.16, -0.07, -0.99): 1
600.73: (0.84, -0.50, 0.23)
600.85: (0.82, -0.52, 0.23)
600.96: (0.75, -0.65, 0.15)
601.08: (0.51, -0.85, -0.13)
601.18: (0.20, -0.89, -0.41)
601.30: (-0.15, -0.76, -0.63)
601.40: (-0.30, -0.64, -0.71)
601.51: (-0.40, -0.51, -0.76)
601.61: (-0.48, -0.38, -0.79)
601.73: (-0.60, -0.17, -0.78)
601.85: (-0.71, 0.17, -0.68)
601.96: (-0.74, 0.33, -0.59)
602.08: (-0.73, 0.43, -0.53)
602.19: (-0.72, 0.57, -0.41)
602.31: (-0.72, 0.57, -0.39)
602.41: (-0.91, 0.36, -0.18)
602.53: (-0.99, 0.04, 0.13)
602.63: (-0.92, -0.17, 0.35)
602.73: (-0.79, -0.32, 0.52)
602.85: (-0.55, -0.49, 0.68)
602.96: (-0.19, -0.62, 0.76)
603.08: (0.27, -0.67, 0.69)
603.19: (0.68, -0.57, 0.46)
603.31: (0.91, -0.38, 0.18)
603.43: (0.98, -0.18, -0.08)
603.54: (0.95, 0.01, -0.32)
603.65: (0.85, 0.20, -0.49)
603.76: (0.70, 0.36, -0.62)
603.88: (0.57, 0.48, -0.67)
603.99: (0.47, 0.52, -0.71)
604.11: (0.32, 0.27, -0.91)
604.23: (0.19, 0.00, -0.98)
604.29: (0.15, -0.06, -0.99)
604.29: (-1.00, 0.09, -0.01): 1
604.33: (0.15, -0.06, -0.99)
604.44: (0.18, -0.13, -0.98)
604.56: (0.26, -0.22, -0.94)
604.68: (0.39, -0.32, -0.86)
604.78: (0.42, -0.42, -0.81)
604.89: (0.33, -0.60, -0.73)
605.01: (0.29, -0.77, -0.57)
605.11: (0.11, -0.96, -0.26)
605.21: (-0.18, -0.98, 0.02)
605.33: (-0.44, -0.85, 0.28)
605.44: (-0.62, -0.62, 0.48)
605.56: (-0.73, -0.34, 0.59)
605.68: (-0.76, 0.01, 0.65)
605.79: (-0.70, 0.29, 0.65)
605.91: (-0.64, 0.49, 0.59)
606.03: (-0.67, 0.44, 0.60)
606.14: (-0.75, 0.28, 0.60)
606.24: (-0.92, 0.19, 0.34)
606.36: (-0.99, 0.04, -0.14)
606.48: (-0.89, -0.05, -0.45)
606.59: (-0.96, 0.00, -0.28)
606.71: (-1.00, 0.05, -0.07)
606.74: (-1.00, 0.06, -0.03)
606.74: (-1.00, -0.01, 0.01): 0
606.83: (-1.00, 0.06, -0.04)
606.93: (-1.00, 0.10, -0.02)
607.04: (-1.00, 0.04, 0.08)
607.11: (-1.00, 0.04, 0.08)
607.11: (-1.00, 0.04, -0.04): 0
607.16: (-1.00, 0.04, 0.08)
607.28: (-1.00, 0.03, 0.08)
607.39: (-1.00, 0.03, 0.07)
607.48: (-1.00, 0.06, 0.02)
607.48: (-0.52, 0.65, -0.56): 0
607.51: (-1.00, 0.06, 0.02)
607.63: (-1.00, 0.06, 0.02)
607.74: (-1.00, 0.05, 0.03)
607.86: (-1.00, 0.03, 0.05)
607.98: (-0.99, -0.08, 0.10)
608.08: (-0.86, -0.45, 0.24)
608.19: (-0.69, -0.67, 0.27)
608.31: (-0.48, -0.82, 0.31)
608.43: (-0.68, -0.67, 0.31)
608.54: (-0.95, -0.12, 0.30)
608.64: (-0.94, 0.10, 0.31)
608.76: (-0.98, 0.10, 0.17)
608.88: (-0.93, 0.37, -0.02)
608.99: (-0.75, 0.63, -0.21)
609.09: (-0.63, 0.62, -0.47)
609.21: (-0.66, 0.58, -0.48)
609.33: (-0.66, 0.57, -0.49)
609.34: (-0.66, 0.57, -0.49)
609.34: (0.14, 0.99, -0.09): 0
609.44: (-0.64, 0.56, -0.52)
609.54: (-0.62, 0.58, -0.52)
609.66: (-0.60, 0.67, -0.44)
609.78: (-0.44, 0.86, -0.25)
609.89: (-0.29, 0.96, -0.06)
610.01: (0.04, 1.00, -0.08)
610.09: (0.10, 0.99, -0.09)
610.09: (-0.88, -0.47, 0.05): 0
610.11: (0.10, 0.99, -0.09)
610.23: (0.12, 0.99, -0.03)
610.34: (0.21, 0.97, 0.12)
610.44: (0.23, 0.93, 0.29)
610.54: (0.11, 0.89, 0.44)
610.66: (-0.19, 0.88, 0.43)
610.78: (-0.40, 0.89, 0.21)
610.89: (-0.49, 0.87, -0.07)
611.01: (-0.65, 0.74, -0.19)
611.13: (-0.76, 0.61, -0.22)
611.24: (-0.87, 0.38, -0.31)
611.36: (-0.92, 0.06, -0.38)
611.46: (-0.88, -0.28, -0.38)
611.58: (-0.79, -0.55, -0.27)
611.68: (-0.87, -0.49, 0.01)
611.76: (-0.87, -0.49, 0.09)
611.76: (0.99, 0.09, -0.10): 2
611.79: (-0.87, -0.49, 0.10)
611.91: (-0.85, -0.49, 0.17)
612.01: (-0.78, -0.53, 0.33)
612.13: (-0.63, -0.55, 0.55)
612.23: (-0.55, -0.52, 0.66)
612.34: (-0.38, -0.51, 0.77)
612.44: (-0.22, -0.51, 0.83)
612.56: (0.01, -0.56, 0.83)
612.68: (0.28, -0.67, 0.69)
612.79: (0.51, -0.67, 0.54)
612.89: (0.72, -0.58, 0.39)
613.01: (0.85, -0.49, 0.18)
613.11: (0.92, -0.39, -0.01)
613.23: (0.97, -0.14, -0.21)
613.34: (0.97, 0.17, -0.19)
613.39: (0.96, 0.23, -0.17)
613.39: (-0.73, -0.23, 0.64): 1
613.46: (0.96, 0.24, -0.16)
613.56: (0.96, 0.24, -0.17)
613.68: (0.95, 0.25, -0.17)
613.79: (0.94, 0.32, -0.12)
613.91: (0.88, 0.47, -0.04)
614.01: (0.79, 0.62, 0.04)
614.11: (0.66, 0.74, 0.12)
614.23: (0.49, 0.85, 0.21)
614.34: (0.26, 0.92, 0.30)
614.46: (0.01, 0.93, 0.36)
614.58: (-0.27, 0.88, 0.39)
614.69: (-0.52, 0.77, 0.36)
614.81: (-0.73, 0.60, 0.33)
614.93: (-0.82, 0.49, 0.30)
615.03: (-0.91, 0.35, 0.22)
615.14: (-0.99, 0.12, 0.12)
615.24: (-0.99, -0.01, 0.15)
615.36: (-0.87, -0.12, 0.48)
615.46: (-0.69, -0.18, 0.70)
615.48: (-0.69, -0.18, 0.70)
615.48: (-0.86, 0.38, 0.34): 2
615.58: (-0.70, -0.22, 0.68)
615.69: (-0.71, -0.28, 0.64)
615.81: (-0.80, -0.17, 0.58)
615.93: (-0.87, 0.21, 0.45)
616.04: (-0.82, 0.41, 0.41)
616.08: (-0.81, 0.43, 0.40)
616.08: (1.00, -0.05, 0.01): 2
616.16: (-0.81, 0.44, 0.39)
616.26: (-0.80, 0.47, 0.37)
616.36: (-0.77, 0.56, 0.30)
616.48: (-0.73, 0.68, 0.07)
616.59: (-0.64, 0.75, -0.13)
616.69: (-0.54, 0.83, -0.11)
616.81: (-0.40, 0.92, -0.02)
616.91: (-0.26, 0.96, 0.07)
617.03: (-0.07, 0.99, 0.13)
617.14: (0.15, 0.98, 0.11)
617.24: (0.39, 0.91, 0.09)
617.36: (0.65, 0.76, 0.02)
617.46: (0.84, 0.54, -0.05)
617.58: (0.95, 0.28, -0.17)
617.69: (0.97, 0.04, -0.22)
617.81: (0.98, -0.07, -0.16)
617.89: (1.00, -0.04, -0.08)
617.89: (-1.00, 0.03, -0.01): 2
617.92: (1.00, -0.04, -0.08)
618.02: (1.00, -0.05, -0.08)
618.14: (0.98, -0.14, -0.11)
618.26: (0.98, -0.18, -0.11)
618.36: (0.93, -0.34, -0.15)
618.46: (0.80, -0.54, -0.25)
618.57: (0.53, -0.77, -0.36)
618.69: (0.43, -0.81, -0.40)
618.81: (0.41, -0.70, -0.58)
618.91: (0.33, -0.54, -0.78)
619.02: (0.20, -0.36, -0.91)
619.12: (0.14, -0.25, -0.96)
619.24: (-0.01, 0.02, -1.00)
619.34: (-0.16, 0.22, -0.96)
619.46: (-0.30, 0.41, -0.86)
619.57: (-0.44, 0.60, -0.67)
619.69: (-0.58, 0.72, -0.38)
619.81: (-0.62, 0.78, 0.03)
619.92: (-0.57, 0.71, 0.40)
620.02: (-0.53, 0.66, 0.53)
620.14: (-0.48, 0.63, 0.60)
620.26: (-0.30, 0.48, 0.82)
620.37: (-0.13, 0.32, 0.94)
620.49: (0.00, 0.19, 0.98)
620.59: (0.06, 0.14, 0.99)
620.71: (0.13, 0.06, 0.99)
620.81: (0.16, 0.02, 0.99)
620.92: (0.21, -0.03, 0.98)
621.04: (0.26, -0.13, 0.96)
621.16: (-0.03, -0.17, 0.98)
621.26: (-0.38, -0.21, 0.90)
621.36: (-0.57, -0.27, 0.77)
621.47: (-0.72, -0.32, 0.61)
621.59: (-0.84, -0.38, 0.39)
621.71: (-0.91, -0.41, 0.07)
621.81: (-0.91, -0.37, -0.16)
621.92: (-0.98, -0.16, -0.08)
622.02: (-1.00, 0.04, -0.03)
622.04: (-1.00, 0.04, -0.03)
622.04: (-0.60, -0.18, -0.78): 2
622.14: (-1.00, 0.04, -0.04)
622.26: (-1.00, 0.07, -0.02)
622.36: (-1.00, 0.07, -0.02)
622.47: (-0.73, 0.68, 0.07)
622.59: (-0.49, 0.79, 0.37)
622.71: (-0.42, 0.66, 0.62)
622.82: (-0.45, 0.47, 0.76)
622.94: (-0.39, 0.48, 0.78)
623.04: (-0.07, 0.67, 0.74)
623.16: (0.26, 0.77, 0.58)
623.27: (0.55, 0.75, 0.36)
623.39: (0.76, 0.64, 0.10)
623.51: (0.85, 0.52, -0.08)
623.61: (0.88, 0.38, -0.28)
623.72: (0.83, 0.06, -0.56)
623.84: (0.60, -0.28, -0.75)
623.96: (0.32, -0.49, -0.81)
624.07: (0.11, -0.61, -0.79)
624.19: (-0.14, -0.73, -0.67)
624.31: (-0.39, -0.76, -0.51)
624.42: (-0.66, -0.71, -0.25)
624.54: (-0.80, -0.60, -0.02)
624.64: (-0.79, -0.61, -0.02)
624.76: (-0.79, -0.61, -0.02)
624.86: (-0.81, -0.59, 0.00)
624.97: (-0.87, -0.39, 0.30)
625.07: (-0.92, -0.30, 0.26)
625.19: (-0.99, -0.10, 0.09)
625.31: (-0.99, -0.11, -0.10)
625.41: (-0.82, -0.38, -0.42)
625.52: (-0.60, -0.42, -0.68)
625.64: (-0.60, -0.20, -0.78)
625.69: (-0.59, -0.16, -0.79)
625.69: (-0.63, 0.05, 0.78): 1
625.76: (-0.59, -0.16, -0.79)
625.87: (-0.59, -0.15, -0.79)
625.99: (-0.68, -0.14, -0.72)
626.11: (-0.75, -0.14, -0.64)
626.22: (-0.93, -0.04, -0.36)
626.34: (-0.97, 0.20, 0.11)
626.44: (-0.92, 0.25, 0.31)
626.56: (-0.80, 0.29, 0.52)
626.67: (-0.74, 0.16, 0.66)
626.76: (-0.68, 0.05, 0.73)
626.76: (-0.71, 0.32, 0.63): 0
626.79: (-0.67, 0.04, 0.74)
626.91: (-0.59, 0.07, 0.81)
627.01: (-0.46, 0.07, 0.89)
627.12: (-0.60, 0.21, 0.77)
627.21: (-0.66, 0.32, 0.68)
627.21: (0.73, 0.67, 0.12): 2
627.24: (-0.67, 0.32, 0.67)
627.36: (-0.63, 0.35, 0.69)
627.47: (-0.46, 0.44, 0.77)
627.57: (-0.31, 0.51, 0.80)
627.69: (0.05, 0.53, 0.85)
627.81: (0.44, 0.46, 0.77)
627.92: (0.72, 0.39, 0.57)
628.02: (0.89, 0.27, 0.37)
628.14: (0.89, 0.35, 0.30)
628.26: (0.79, 0.55, 0.28)
628.34: (0.76, 0.59, 0.25)
628.34: (0.81, 0.57, 0.13): 1
628.37: (0.76, 0.59, 0.25)
628.47: (0.77, 0.60, 0.23)
628.57: (0.78, 0.59, 0.19)
628.67: (0.86, 0.49, 0.10)
628.67: (0.16, 0.46, 0.87): 1
628.69: (0.87, 0.48, 0.10)
628.81: (0.89, 0.44, 0.10)
628.91: (0.93, 0.36, 0.12)
629.02: (0.97, 0.22, 0.12)
629.14: (0.83, 0.26, 0.49)
629.26: (0.30, 0.46, 0.84)
629.37: (-0.03, 0.65, 0.76)
629.49: (0.03, 0.63, 0.78)
629.59: (0.13, 0.48, 0.87)
629.61: (0.13, 0.48, 0.87)
629.61: (0.90, -0.32, -0.30): 0
629.69: (0.13, 0.48, 0.87)
629.81: (0.14, 0.41, 0.90)
629.92: (0.23, 0.30, 0.93)
630.04: (0.34, 0.18, 0.92)
630.16: (0.64, -0.01, 0.77)
630.27: (0.94, -0.11, 0.31)
630.37: (1.00, -0.05, -0.03)
630.49: (0.96, -0.15, -0.22)
630.61: (0.90, -0.31, -0.30)
630.66: (0.88, -0.35, -0.31)
630.66: (-0.95, -0.29, 0.14): 0
630.72: (0.88, -0.35, -0.32)
630.84: (0.85, -0.36, -0.39)
630.96: (0.77, -0.43, -0.47)
631.07: (0.71, -0.48, -0.52)
631.19: (0.55, -0.31, -0.78)
631.29: (0.43, -0.18, -0.88)
631.41: (0.52, -0.24, -0.82)
631.52: (0.52, -0.24, -0.82)
631.62: (0.54, -0.22, -0.81)
631.74: (-0.16, -0.18, -0.97)
631.86: (-0.52, -0.12, -0.84)
631.97: (-0.70, -0.15, -0.70)
632.09: (-0.79, -0.26, -0.56)
632.19: (-0.91, -0.21, -0.36)
632.31: (-0.95, -0.28, -0.13)
632.42: (-0.93, -0.35, 0.11)
632.47: (-0.93, -0.36, 0.13)
632.47: (-0.83, -0.25, 0.50): 2
632.54: (-0.93, -0.36, 0.13)
632.66: (-0.94, -0.30, 0.18)
632.77: (-0.91, -0.20, 0.37)
632.87: (-0.84, -0.24, 0.49)
632.89: (-0.83, -0.24, 0.50)
632.89: (0.36, 0.36, -0.86): 0
632.97: (-0.83, -0.24, 0.50)
633.09: (-0.79, -0.15, 0.59)
633.21: (-0.74, -0.04, 0.67)
633.32: (-0.91, -0.04, 0.41)
633.42: (-0.99, -0.10, 0.02)
633.54: (-0.86, -0.22, -0.46)
633.64: (-0.71, -0.23, -0.67)
633.76: (-0.59, -0.24, -0.77)
633.87: (-0.37, -0.35, -0.86)
633.99: (-0.01, -0.40, -0.92)
634.09: (0.23, -0.30, -0.92)
634.21: (0.41, -0.10, -0.90)
634.32: (0.53, 0.18, -0.83)
634.44: (0.51, 0.47, -0.72)
634.55: (0.30, 0.39, -0.87)
634.60: (0.27, 0.40, -0.88)
634.60: (-0.77, -0.57, -0.30): 1
634.65: (0.27, 0.40, -0.88)
634.77: (0.34, 0.43, -0.83)
634.89: (0.45, 0.41, -0.80)
635.00: (0.69, 0.29, -0.66)
635.12: (0.68, 0.27, -0.68)
635.22: (0.28, 0.28, -0.92)
635.34: (-0.11, 0.14, -0.98)
635.45: (-0.31, 0.01, -0.95)
635.55: (-0.38, -0.10, -0.92)
635.67: (-0.55, -0.30, -0.78)
635.79: (-0.67, -0.56, -0.49)
635.90: (-0.69, -0.67, -0.28)
635.99: (-0.72, -0.67, -0.17)
635.99: (-0.96, 0.29, 0.06): 0
636.00: (-0.72, -0.67, -0.17)
636.12: (-0.75, -0.62, -0.23)
636.24: (-0.75, -0.62, -0.24)
636.35: (-0.85, -0.49, -0.22)
636.45: (-0.95, -0.29, -0.14)
636.57: (-0.99, 0.05, 0.09)
636.69: (-0.96, 0.26, 0.13)
636.77: (-0.96, 0.26, 0.12)
636.77: (-0.66, -0.63, -0.41): 0
636.80: (-0.96, 0.26, 0.12)
636.90: (-0.95, 0.28, 0.12)
637.02: (-0.91, 0.40, 0.07)
637.12: (-0.94, 0.32, -0.11)
637.24: (-0.84, -0.04, -0.54)
637.35: (-0.37, -0.42, -0.82)
637.47: (-0.14, -0.57, -0.81)
637.57: (-0.41, -0.62, -0.67)
637.69: (-0.60, -0.62, -0.50)
637.75: (-0.62, -0.64, -0.46)
637.75: (-0.98, -0.15, -0.12): 1
637.79: (-0.62, -0.64, -0.45)
637.90: (-0.64, -0.67, -0.36)
638.02: (-0.72, -0.62, -0.31)
638.14: (-0.96, -0.21, -0.20)
638.24: (-0.97, -0.19, -0.17)
638.24: (0.73, -0.67, 0.14): 0
638.25: (-0.97, -0.19, -0.17)
638.37: (-0.98, -0.15, -0.12)
638.49: (-1.00, -0.05, -0.07)
638.59: (-0.98, -0.14, -0.14)
638.70: (-0.76, -0.51, -0.41)
638.82: (-0.37, -0.72, -0.59)
638.94: (0.09, -0.85, -0.52)
639.04: (0.35, -0.87, -0.34)
639.15: (0.52, -0.85, -0.05)
639.27: (0.62, -0.77, 0.16)
639.37: (0.69, -0.71, 0.13)
639.40: (0.71, -0.70, 0.12)
639.40: (0.12, 0.82, -0.56): 0
639.47: (0.71, -0.70, 0.12)
639.57: (0.69, -0.72, 0.10)
639.69: (0.67, -0.74, 0.05)
639.80: (0.76, -0.65, 0.04)
639.92: (0.87, -0.49, -0.08)
640.02: (0.95, -0.29, -0.10)
640.14: (1.00, 0.00, 0.07)
640.25: (0.96, 0.20, 0.19)
640.37: (0.95, 0.25, 0.21)
640.49: (0.86, 0.43, 0.27)
640.60: (0.77, 0.47, 0.43)
640.72: (0.68, 0.39, 0.62)
640.82: (0.51, 0.30, 0.80)
640.92: (0.33, 0.25, 0.91)
641.04: (0.11, 0.23, 0.97)
641.15: (-0.10, 0.23, 0.97)
641.27: (-0.33, 0.24, 0.92)
641.39: (-0.55, 0.28, 0.79)
641.50: (-0.69, 0.27, 0.67)
641.60: (-0.82, 0.27, 0.49)
641.70: (-0.89, 0.33, 0.32)
641.82: (-0.93, 0.38, 0.03)
641.94: (-0.88, 0.38, -0.29)
642.05: (-0.77, 0.31, -0.56)
642.17: (-0.60, 0.20, -0.77)
642.27: (-0.41, 0.08, -0.91)
642.39: (-0.18, -0.12, -0.98)
642.49: (-0.02, -0.31, -0.95)
642.60: (0.22, -0.47, -0.85)
642.72: (0.44, -0.57, -0.70)
642.82: (0.50, -0.55, -0.67)
642.94: (0.45, -0.10, -0.89)
643.05: (0.29, 0.35, -0.89)
643.15: (0.15, 0.64, -0.75)
643.25: (0.07, 0.84, -0.54)
643.35: (0.05, 0.92, -0.40)
643.47: (0.10, 0.88, -0.47)
643.57: (0.13, 0.85, -0.51)
643.57: (-1.00, 0.00, 0.00): 2
643.59: (0.12, 0.85, -0.51)
643.70: (0.10, 0.86, -0.50)
643.82: (0.07, 0.85, -0.52)
643.94: (0.07, 0.85, -0.52)
644.04: (-0.16, 0.86, -0.49)
644.15: (0.25, 0.91, -0.32)
644.25: (0.46, 0.87, -0.19)
644.35: (0.18, 0.93, -0.32)
644.47: (-0.40, 0.77, -0.50)
644.59: (-0.58, 0.55, -0.61)
644.70: (-0.78, 0.28, -0.56)
644.82: (-0.86, 0.20, -0.47)
644.94: (-0.93, -0.14, -0.33)
645.05: (-0.98, -0.11, -0.19)
645.15: (-0.99, -0.08, -0.08)
645.19: (-0.99, -0.08, -0.07)
645.19: (0.63, -0.57, 0.53): 1
645.25: (-0.99, -0.08, -0.07)
645.37: (-1.00, -0.07, -0.03)
645.49: (-0.98, -0.09, 0.17)
645.60: (-0.96, -0.13, 0.26)
645.72: (-0.80, -0.48, 0.37)
645.84: (-0.52, -0.71, 0.47)
645.95: (-0.38, -0.74, 0.56)
646.05: (-0.13, -0.81, 0.57)
646.17: (0.07, -0.86, 0.51)
646.27: (0.13, -0.86, 0.50)
646.39: (0.34, -0.76, 0.55)
646.50: (0.63, -0.58, 0.53)
646.55: (0.65, -0.56, 0.52)
646.55: (-0.48, 0.68, 0.55): 1
646.60: (0.65, -0.56, 0.52)
646.72: (0.64, -0.57, 0.52)
646.84: (0.63, -0.57, 0.53)
646.95: (0.48, -0.67, 0.57)
647.05: (0.28, -0.71, 0.65)
647.15: (0.01, -0.70, 0.71)
647.27: (-0.19, -0.67, 0.72)
647.39: (-0.34, -0.62, 0.70)
647.50: (-0.78, -0.37, 0.49)
647.62: (-0.96, -0.12, 0.24)
647.74: (-0.98, 0.16, -0.07)
647.85: (-0.91, 0.34, -0.22)
647.95: (-0.81, 0.45, -0.38)
648.07: (-0.56, 0.61, -0.57)
648.19: (-0.23, 0.70, -0.68)
648.30: (0.00, 0.71, -0.70)
648.42: (0.19, 0.70, -0.69)
648.54: (0.45, 0.61, -0.66)
648.65: (0.67, 0.49, -0.56)
648.77: (0.83, 0.37, -0.42)
648.89: (0.83, 0.43, -0.37)
649.00: (0.79, 0.60, -0.16)
649.12: (0.68, 0.73, 0.09)
649.22: (0.56, 0.79, 0.25)
649.32: (0.40, 0.83, 0.40)
649.44: (0.16, 0.80, 0.58)
649.55: (-0.13, 0.68, 0.73)
649.67: (-0.45, 0.44, 0.78)
649.79: (-0.58, 0.37, 0.72)
649.90: (-0.56, 0.57, 0.60)
649.97: (-0.53, 0.62, 0.57)
649.97: (-0.75, 0.10, 0.65): 0
650.00: (-0.53, 0.62, 0.57)
650.10: (-0.54, 0.62, 0.57)
650.20: (-0.54, 0.62, 0.57)
650.32: (-0.66, 0.41, 0.63)
650.43: (-0.73, 0.21, 0.65)
650.47: (-0.73, 0.19, 0.65)
650.47: (-0.98, -0.21, 0.00): 2
650.55: (-0.73, 0.19, 0.65)
650.67: (-0.77, 0.12, 0.63)
650.78: (-0.87, 0.14, 0.48)
650.88: (-0.94, 0.33, -0.01)
651.00: (-0.89, 0.33, -0.32)
651.10: (-0.95, 0.20, -0.25)
651.20: (-0.99, 0.02, -0.14)
651.28: (-0.99, -0.06, -0.11)
651.28: (0.82, 0.36, -0.45): 1
651.32: (-0.99, -0.06, -0.11)
651.43: (-0.99, -0.08, -0.10)
651.55: (-0.99, -0.12, -0.09)
651.65: (-0.95, -0.22, -0.23)
651.77: (-0.77, -0.31, -0.55)
651.88: (-0.51, -0.14, -0.85)
652.00: (-0.16, 0.04, -0.99)
652.10: (0.11, 0.17, -0.98)
652.22: (0.41, 0.30, -0.86)
652.32: (0.63, 0.39, -0.67)
652.43: (0.76, 0.41, -0.50)
652.53: (0.81, 0.37, -0.45)
652.57: (0.81, 0.37, -0.45)
652.57: (-0.98, -0.14, -0.13): 1
652.65: (0.82, 0.37, -0.43)
652.75: (0.86, 0.39, -0.34)
652.87: (0.91, 0.39, -0.12)
652.97: (0.91, 0.42, -0.08)
653.08: (0.87, 0.46, -0.15)
653.20: (0.65, 0.47, -0.60)
653.32: (0.21, 0.19, -0.96)
653.42: (0.12, 0.01, -0.99)
653.53: (-0.06, -0.13, -0.99)
653.63: (-0.17, -0.30, -0.94)
653.75: (-0.32, -0.49, -0.82)
653.85: (-0.32, -0.49, -0.81)
653.97: (-0.32, -0.49, -0.81)
654.07: (-0.36, -0.35, -0.87)
654.18: (-0.53, -0.52, -0.67)
654.30: (-0.60, -0.75, -0.28)
654.40: (-0.65, -0.75, -0.10)
654.52: (-0.87, -0.49, -0.08)
654.62: (-0.94, -0.27, -0.18)
654.73: (-0.96, -0.20, -0.19)
654.77: (-0.96, -0.20, -0.18)
654.77: (0.94, -0.18, -0.29): 2
654.83: (-0.96, -0.20, -0.18)
654.95: (-0.96, -0.17, -0.21)
655.07: (-0.97, -0.10, -0.23)
655.18: (-0.92, -0.31, -0.24)
655.30: (-0.97, -0.25, 0.02)
655.40: (-0.98, -0.12, 0.19)
655.52: (-1.00, -0.04, -0.06)
655.63: (-0.80, 0.15, -0.58)
655.75: (-0.53, 0.43, -0.73)
655.85: (-0.17, 0.47, -0.87)
655.97: (0.21, 0.31, -0.93)
656.07: (0.36, 0.28, -0.89)
656.18: (0.67, -0.04, -0.75)
656.30: (0.84, -0.12, -0.53)
656.42: (0.94, -0.19, -0.29)
656.52: (0.96, -0.16, -0.23)
656.52: (0.92, -0.29, -0.26): 1
656.53: (0.96, -0.16, -0.23)
656.65: (0.96, -0.21, -0.19)
656.75: (0.95, -0.30, -0.02)
656.87: (0.92, -0.39, -0.07)
656.97: (0.92, -0.33, -0.22)
656.97: (-0.09, -0.99, -0.05): 1
656.97: (0.92, -0.33, -0.22)
657.08: (0.92, -0.33, -0.21)
657.20: (0.89, -0.45, -0.05)
657.30: (0.82, -0.57, 0.09)
657.42: (0.73, -0.64, 0.25)
657.53: (0.44, -0.71, 0.55)
657.65: (0.17, -0.74, 0.65)
657.77: (-0.06, -0.78, 0.63)
657.87: (-0.30, -0.71, 0.63)
657.98: (-0.74, -0.50, 0.45)
658.08: (-0.90, -0.32, 0.30)
658.20: (-0.88, -0.32, 0.36)
658.32: (-0.88, -0.32, 0.36)
658.43: (-0.90, -0.32, 0.29)
658.55: (-0.96, -0.19, 0.22)
658.67: (-0.97, -0.16, 0.17)
658.78: (-0.98, -0.15, 0.15)
658.88: (-0.97, -0.20, 0.15)
659.00: (-0.95, -0.29, 0.11)
659.10: (-0.95, -0.30, -0.09)
659.20: (-0.88, -0.41, -0.22)
659.32: (-0.80, -0.57, -0.18)
659.43: (-0.70, -0.57, -0.43)
659.55: (-0.33, -0.91, -0.26)
659.67: (-0.30, -0.93, -0.20)
659.78: (-0.24, -0.96, -0.12)
659.85: (-0.19, -0.98, -0.09)
659.85: (-0.21, 0.84, 0.50): 1
659.88: (-0.19, -0.98, -0.08)
660.00: (-0.18, -0.98, -0.08)
660.12: (-0.16, -0.98, -0.14)
660.23: (0.12, -0.96, -0.23)
660.35: (0.31, -0.94, 0.11)
660.47: (0.41, -0.82, 0.39)
660.58: (0.58, -0.59, 0.57)
660.70: (0.52, -0.41, 0.75)
660.82: (0.51, -0.04, 0.86)
660.92: (0.40, 0.37, 0.84)
661.03: (0.22, 0.75, 0.63)
661.15: (0.13, 0.86, 0.49)
661.27: (-0.08, 0.88, 0.46)
661.38: (-0.19, 0.82, 0.54)
661.38: (-1.00, 0.07, 0.00): 2
661.38: (-0.19, 0.82, 0.54)
661.48: (-0.19, 0.82, 0.54)
661.58: (-0.22, 0.82, 0.53)
661.70: (-0.31, 0.74, 0.60)
661.82: (-0.49, 0.72, 0.49)
661.93: (-0.61, 0.69, 0.38)
662.05: (-0.69, 0.68, 0.26)
662.17: (-0.79, 0.61, -0.07)
662.27: (-0.82, 0.54, -0.17)
662.38: (-0.88, 0.45, -0.13)
662.48: (-0.88, 0.45, -0.13)
662.60: (-0.91, 0.40, -0.10)
662.70: (-0.99, 0.10, -0.11)
662.82: (-1.00, 0.00, -0.05)
662.92: (-1.00, 0.01, -0.03)
663.02: (-1.00, 0.02, -0.01)
663.02: (0.57, 0.06, -0.82): 2
663.03: (-1.00, 0.02, -0.01)
663.15: (-1.00, 0.03, 0.01)
663.27: (-0.96, 0.07, 0.26)
663.37: (-0.81, 0.00, 0.59)
663.48: (-0.76, 0.01, 0.65)
663.58: (-0.68, 0.11, 0.73)
663.70: (-0.50, 0.13, 0.85)
663.82: (-0.60, -0.09, 0.80)
663.92: (-0.84, -0.20, 0.51)
664.03: (-0.93, -0.25, 0.28)
664.15: (-0.94, -0.33, 0.01)
664.25: (-0.92, -0.30, -0.23)
664.37: (-0.84, -0.33, -0.43)
664.48: (-0.67, -0.33, -0.66)
664.60: (-0.54, -0.32, -0.78)
664.70: (-0.39, -0.35, -0.85)
664.82: (-0.17, -0.16, -0.97)
664.93: (0.08, 0.08, -0.99)
665.05: (0.29, 0.20, -0.94)
665.16: (0.48, 0.09, -0.87)
665.25: (0.58, 0.07, -0.81)
665.25: (-0.99, -0.04, -0.10): 1
665.28: (0.58, 0.07, -0.81)
665.38: (0.56, 0.06, -0.83)
665.48: (0.56, 0.06, -0.82)
665.60: (0.45, -0.07, -0.89)
665.71: (0.14, -0.31, -0.94)
665.83: (-0.09, -0.49, -0.87)
665.95: (-0.21, -0.58, -0.79)
666.06: (-0.28, -0.62, -0.73)
666.18: (-0.39, -0.67, -0.63)
666.30: (-0.63, -0.70, -0.33)
666.40: (-0.76, -0.64, -0.07)
666.51: (-0.82, -0.56, -0.06)
666.63: (-0.98, -0.20, -0.08)
666.75: (-1.00, 0.10, 0.02)
666.85: (-1.00, 0.06, 0.00)
666.91: (-1.00, 0.02, -0.03)
666.91: (0.86, 0.51, -0.04): 2
666.95: (-1.00, 0.02, -0.03)
667.06: (-1.00, 0.02, -0.03)
667.18: (-0.99, 0.11, 0.02)
667.28: (-0.97, 0.26, -0.05)
667.40: (-0.92, 0.35, -0.16)
667.51: (-0.90, 0.43, -0.06)
667.63: (-0.86, 0.50, 0.06)
667.75: (-0.84, 0.52, -0.13)
667.85: (-0.80, 0.60, -0.01)
667.95: (-0.66, 0.69, 0.30)
668.06: (-0.49, 0.73, 0.48)
668.18: (-0.31, 0.72, 0.62)
668.28: (-0.14, 0.71, 0.69)
668.40: (-0.08, 0.80, 0.59)
668.50: (0.02, 0.86, 0.51)
668.61: (0.26, 0.83, 0.50)
668.73: (0.37, 0.86, 0.35)
668.83: (0.40, 0.90, 0.17)
668.95: (0.51, 0.86, 0.11)
669.05: (0.71, 0.69, 0.15)
669.16: (0.81, 0.58, 0.08)
669.25: (0.85, 0.52, 0.01)
669.25: (0.28, -0.93, -0.23): 2
669.26: (0.86, 0.52, 0.01)
669.38: (0.86, 0.51, 0.01)
669.50: (0.93, 0.34, 0.09)
669.61: (0.96, 0.19, 0.22)
669.73: (0.91, 0.10, 0.39)
669.85: (0.83, -0.11, 0.55)
669.95: (0.73, -0.24, 0.63)
670.06: (0.47, -0.45, 0.76)
670.16: (0.30, -0.54, 0.79)
670.28: (0.17, -0.70, 0.69)
670.38: (0.14, -0.72, 0.68)
670.50: (0.14, -0.72, 0.68)
670.61: (0.10, -0.75, 0.65)
670.73: (-0.36, -0.85, 0.39)
670.85: (-0.50, -0.82, 0.28)
670.95: (-0.54, -0.82, 0.21)
671.06: (-0.64, -0.77, 0.04)
671.18: (-0.67, -0.73, 0.14)
671.30: (-0.75, -0.66, 0.04)
671.41: (-0.85, -0.51, -0.13)
671.53: (-0.90, -0.41, 0.15)
671.65: (-0.70, -0.52, 0.50)
671.75: (-0.64, -0.53, 0.56)
671.86: (-0.48, -0.51, 0.72)
671.98: (-0.41, -0.67, 0.63)
672.08: (-0.31, -0.86, 0.40)
672.20: (-0.23, -0.93, 0.30)
672.30: (-0.17, -0.97, 0.15)
672.41: (-0.04, -1.00, -0.07)
672.53: (0.10, -0.98, -0.16)
672.63: (0.10, -0.98, -0.15)
672.73: (0.11, -0.98, -0.18)
672.85: (0.21, -0.94, -0.28)
672.93: (0.25, -0.91, -0.34)
672.93: (-0.36, 0.83, -0.42): 1
672.96: (0.25, -0.91, -0.34)
673.08: (0.25, -0.91, -0.33)
673.20: (0.25, -0.91, -0.33)
673.30: (0.34, -0.87, -0.36)
673.41: (0.66, -0.70, -0.25)
673.51: (0.57, -0.72, -0.41)
673.63: (0.48, -0.66, -0.58)
673.73: (0.56, -0.55, -0.62)
673.85: (0.59, -0.19, -0.78)
673.95: (0.73, -0.15, -0.67)
674.06: (0.81, -0.16, -0.56)
674.16: (0.83, 0.06, -0.56)
674.28: (0.54, 0.47, -0.70)
674.38: (0.33, 0.63, -0.70)
674.50: (0.04, 0.78, -0.62)
674.60: (-0.13, 0.82, -0.56)
674.71: (-0.40, 0.80, -0.44)
674.83: (-0.41, 0.79, -0.45)
674.83: (0.48, -0.85, -0.21): 2
674.83: (-0.41, 0.79, -0.45)
674.93: (-0.40, 0.79, -0.46)
675.05: (-0.50, 0.77, -0.41)
675.16: (-0.60, 0.62, -0.51)
675.28: (-0.74, 0.49, -0.46)
675.40: (-0.63, 0.66, -0.40)
675.51: (-0.63, 0.66, -0.40)
675.61: (-0.61, 0.67, -0.42)
675.71: (-0.60, 0.63, -0.50)
675.83: (-0.80, 0.54, -0.25)
675.93: (-0.82, 0.52, -0.23)
676.05: (-0.86, 0.43, -0.27)
676.16: (-0.96, 0.19, -0.23)
676.28: (-0.91, -0.29, -0.28)
676.38: (-0.85, -0.45, -0.26)
676.50: (-0.72, -0.66, -0.23)
676.61: (-0.53, -0.83, -0.15)
676.71: (-0.25, -0.96, -0.09)
676.83: (0.08, -0.99, -0.06)
676.95: (0.28, -0.95, -0.12)
677.05: (0.34, -0.92, -0.19)
677.13: (0.37, -0.89, -0.25)
677.13: (-0.78, -0.17, 0.60): 0
677.16: (0.38, -0.89, -0.26)
677.28: (0.40, -0.88, -0.27)
677.40: (0.48, -0.82, -0.30)
677.51: (0.25, -0.80, -0.54)
677.61: (-0.25, -0.84, -0.47)
677.73: (-0.65, -0.70, -0.28)
677.85: (-0.86, -0.50, -0.13)
677.96: (-0.94, -0.31, 0.10)
678.06: (-0.96, -0.07, 0.29)
678.18: (-0.88, -0.16, 0.45)
678.28: (-0.78, -0.21, 0.58)
678.30: (-0.78, -0.21, 0.59)
678.30: (0.99, -0.09, 0.08): 2
678.38: (-0.79, -0.21, 0.58)
678.50: (-0.79, -0.20, 0.58)
678.61: (-0.82, -0.03, 0.57)
678.73: (-0.72, 0.37, 0.59)
678.85: (-0.71, 0.40, 0.58)
678.95: (-0.66, 0.58, 0.48)
679.06: (-0.22, 0.92, 0.33)
679.18: (0.00, 0.98, 0.22)
679.28: (0.12, 0.99, 0.09)
679.40: (0.32, 0.92, -0.24)
679.51: (0.11, 0.94, -0.33)
679.63: (0.50, 0.78, -0.38)
679.75: (0.86, 0.47, -0.18)
679.86: (0.93, 0.24, -0.28)
679.96: (0.98, 0.08, -0.21)
680.08: (1.00, 0.07, -0.02)
680.18: (0.99, 0.03, 0.12)
680.20: (0.99, 0.03, 0.12)
680.20: (-0.95, -0.21, -0.25): 2
680.30: (1.00, 0.02, 0.09)
680.41: (1.00, 0.01, 0.08)
680.51: (0.98, 0.20, -0.04)
680.63: (0.96, 0.09, -0.28)
680.73: (0.90, -0.20, -0.40)
680.85: (0.83, -0.15, -0.53)
680.96: (0.83, -0.15, -0.53)
681.06: (0.77, -0.25, -0.59)
681.18: (0.51, -0.32, -0.80)
681.30: (0.21, -0.38, -0.90)
681.40: (0.04, -0.44, -0.90)
681.51: (-0.10, -0.54, -0.83)
681.63: (-0.14, -0.81, -0.56)
681.75: (-0.04, -0.97, -0.24)
681.85: (-0.21, -0.98, 0.06)
681.96: (-0.42, -0.88, 0.22)
682.06: (-0.61, -0.70, 0.37)
682.18: (-0.68, -0.58, 0.45)
682.28: (-0.69, -0.51, 0.51)
682.40: (-0.66, -0.32, 0.68)
682.51: (-0.65, -0.20, 0.73)
682.63: (-0.60, 0.00, 0.80)
682.73: (-0.61, 0.06, 0.79)
682.84: (-0.61, 0.06, 0.79)
682.96: (-0.65, 0.03, 0.76)
683.08: (-0.90, 0.03, 0.44)
683.19: (-0.95, 0.23, 0.19)
683.31: (-0.96, 0.29, 0.05)
683.43: (-0.99, -0.06, -0.15)
683.53: (-0.95, -0.22, -0.22)
683.53: (0.85, -0.39, 0.35): 0
683.54: (-0.95, -0.22, -0.22)
683.66: (-0.95, -0.19, -0.24)
683.78: (-0.89, -0.19, -0.42)
683.88: (-0.87, -0.09, -0.48)
683.99: (-0.94, 0.29, -0.20)
684.11: (-0.88, 0.48, -0.02)
684.23: (-0.82, 0.57, -0.08)
684.34: (-0.77, 0.63, -0.15)
684.46: (-0.58, 0.81, -0.02)
684.58: (-0.46, 0.89, 0.09)
684.69: (-0.34, 0.93, 0.14)
684.79: (-0.15, 0.95, 0.27)
684.89: (-0.08, 0.96, 0.27)
685.01: (0.11, 0.93, 0.34)
685.11: (0.23, 0.90, 0.38)
685.23: (0.35, 0.84, 0.41)
685.34: (0.51, 0.71, 0.49)
685.44: (0.66, 0.55, 0.51)
685.56: (0.80, 0.38, 0.46)
685.68: (0.86, 0.17, 0.47)
685.78: (0.87, -0.14, 0.48)
685.89: (0.81, -0.43, 0.41)
685.98: (0.79, -0.50, 0.36)
685.98: (-0.37, -0.02, 0.93): 2
686.01: (0.79, -0.51, 0.36)
686.11: (0.79, -0.51, 0.36)
686.23: (0.79, -0.49, 0.35)
686.34: (0.83, -0.49, 0.27)
686.46: (0.86, -0.52, 0.01)
686.56: (0.87, -0.50, 0.01)
686.68: (0.92, -0.39, -0.04)
686.79: (0.94, -0.26, -0.23)
686.91: (0.92, -0.19, -0.35)
687.03: (0.92, -0.20, -0.33)
687.14: (0.81, -0.51, -0.27)
687.26: (0.65, -0.76, -0.08)
687.38: (0.78, -0.61, 0.15)
687.49: (0.75, -0.35, 0.56)
687.59: (0.54, -0.14, 0.83)
687.71: (0.30, 0.05, 0.95)
687.83: (0.03, 0.18, 0.98)
687.93: (-0.15, 0.08, 0.98)
688.04: (-0.29, -0.06, 0.95)
688.16: (-0.34, -0.09, 0.94)
688.21: (-0.37, -0.09, 0.92)
688.21: (-0.29, 0.70, -0.65): 0
688.28: (-0.38, -0.09, 0.92)
688.39: (-0.37, -0.06, 0.93)
688.51: (-0.37, -0.02, 0.93)
688.61: (-0.36, 0.02, 0.93)
688.73: (-0.36, 0.02, 0.93)
688.84: (-0.20, 0.45, 0.87)
688.94: (0.01, 0.69, 0.73)
689.06: (0.27, 0.79, 0.55)
689.18: (0.40, 0.81, 0.42)
689.29: (0.62, 0.76, 0.18)
689.41: (0.84, 0.54, -0.06)
689.53: (0.87, 0.37, -0.34)
689.63: (0.82, 0.24, -0.51)
689.74: (0.86, 0.15, -0.48)
689.86: (0.78, 0.01, -0.62)
689.96: (0.70, -0.16, -0.70)
690.08: (0.47, -0.35, -0.81)
690.19: (0.31, -0.50, -0.81)
690.31: (0.16, -0.63, -0.76)
690.43: (-0.12, -0.75, -0.65)
690.54: (-0.38, -0.74, -0.55)
690.66: (-0.46, -0.76, -0.45)
690.78: (-0.69, -0.69, -0.21)
690.89: (-0.76, -0.65, 0.09)
690.99: (-0.86, -0.47, 0.21)
691.11: (-0.82, -0.51, 0.28)
691.23: (-0.84, -0.20, 0.50)
691.33: (-0.75, 0.17, 0.64)
691.43: (-0.55, 0.51, 0.66)
691.54: (-0.56, 0.65, 0.52)
691.66: (-0.50, 0.82, 0.29)
691.78: (-0.67, 0.74, -0.01)
691.89: (-0.59, 0.79, -0.17)
692.01: (-0.54, 0.79, -0.29)
692.11: (-0.54, 0.79, -0.29)
692.23: (-0.56, 0.77, -0.31)
692.33: (-0.39, 0.77, -0.51)
692.44: (-0.36, 0.75, -0.56)
692.56: (-0.31, 0.73, -0.61)
692.59: (-0.31, 0.73, -0.61)
692.59: (0.17, -0.90, 0.40): 1
692.68: (-0.31, 0.73, -0.61)
692.79: (-0.36, 0.74, -0.57)
692.91: (-0.36, 0.74, -0.57)
693.03: (-0.36, 0.74, -0.57)
693.13: (-0.37, 0.73, -0.58)
693.24: (-0.40, 0.64, -0.66)
693.36: (-0.56, 0.38, -0.74)
693.48: (-0.54, 0.34, -0.78)
693.58: (-0.56, 0.23, -0.80)
693.69: (-0.73, 0.13, -0.67)
693.81: (-0.79, 0.16, -0.59)
693.93: (-0.92, 0.02, -0.39)
694.03: (-0.98, -0.15, 0.12)
694.13: (-0.95, -0.11, 0.30)
694.24: (-0.95, -0.30, 0.07)
694.36: (-0.84, -0.53, -0.07)
694.46: (-0.64, -0.75, 0.16)
694.58: (-0.21, -0.74, 0.64)
694.68: (0.05, -0.38, 0.92)
694.79: (0.04, -0.35, 0.94)
694.91: (0.05, -0.73, 0.69)
695.03: (0.08, -0.82, 0.57)
695.08: (0.09, -0.83, 0.56)
695.08: (-0.17, 0.89, 0.42): 2
695.13: (0.09, -0.82, 0.56)
695.23: (0.08, -0.84, 0.53)
695.34: (0.06, -0.89, 0.45)
695.44: (-0.29, -0.92, 0.26)
695.56: (-0.56, -0.81, -0.16)
695.68: (-0.75, -0.54, -0.38)
695.78: (-0.81, -0.26, -0.53)
695.89: (-0.89, 0.01, -0.45)
696.01: (-0.89, 0.19, -0.41)
696.13: (-0.76, 0.49, -0.42)
696.23: (-0.93, 0.31, -0.19)
696.34: (-0.94, 0.33, 0.07)
696.44: (-0.67, 0.73, 0.11)
696.56: (-0.52, 0.80, 0.31)
696.68: (-0.35, 0.84, 0.40)
696.79: (-0.19, 0.89, 0.41)
696.86: (-0.15, 0.91, 0.39)
696.86: (-0.72, -0.56, 0.41): 0
696.89: (-0.15, 0.91, 0.39)
697.01: (-0.14, 0.89, 0.44)
697.13: (0.00, 0.90, 0.44)
697.24: (0.23, 0.88, 0.41)
697.34: (0.34, 0.84, 0.42)
697.46: (0.30, 0.77, 0.57)
697.58: (-0.25, 0.52, 0.82)
697.69: (-0.76, 0.09, 0.65)
697.81: (-0.90, -0.14, 0.42)
697.91: (-0.95, -0.02, 0.30)
698.02: (-0.86, -0.28, 0.43)
698.14: (-0.74, -0.52, 0.41)
698.19: (-0.73, -0.55, 0.41)
698.19: (0.73, 0.45, -0.51): 1
698.24: (-0.73, -0.55, 0.41)
698.34: (-0.74, -0.50, 0.45)
698.46: (-0.73, -0.44, 0.53)
698.58: (-0.59, -0.50, 0.63)
698.69: (-0.50, -0.27, 0.83)
698.81: (-0.29, -0.15, 0.94)
698.92: (-0.12, -0.46, 0.88)
699.02: (-0.02, -0.64, 0.77)
699.14: (0.16, -0.57, 0.80)
699.26: (0.41, -0.45, 0.79)
699.37: (0.62, -0.29, 0.73)
699.49: (0.75, 0.06, 0.66)
699.61: (0.82, 0.26, 0.51)
699.71: (0.85, 0.38, 0.37)
699.82: (0.88, 0.42, 0.21)
699.92: (0.82, 0.56, 0.07)
700.04: (0.74, 0.65, -0.16)
700.14: (0.70, 0.61, -0.37)
700.24: (0.70, 0.49, -0.52)
700.34: (0.71, 0.40, -0.58)
700.34: (-0.42, 0.05, 0.91): 2
700.36: (0.71, 0.40, -0.58)
700.47: (0.70, 0.48, -0.53)
700.59: (0.69, 0.55, -0.48)
700.71: (0.74, 0.53, -0.41)
700.81: (0.79, 0.49, -0.37)
700.91: (0.78, 0.50, -0.38)
701.02: (0.78, 0.49, -0.38)
701.14: (0.78, 0.52, -0.35)
701.26: (0.50, 0.77, 0.39)
701.37: (0.03, 0.55, 0.83)
701.47: (-0.19, 0.33, 0.93)
701.59: (-0.47, 0.02, 0.88)
701.71: (-0.55, -0.14, 0.82)
701.82: (-0.46, 0.02, 0.89)
701.86: (-0.44, 0.04, 0.90)
701.86: (-0.75, 0.37, -0.54): 2
701.94: (-0.42, 0.05, 0.91)
702.06: (-0.44, 0.03, 0.90)
702.16: (-0.46, 0.02, 0.89)
702.27: (-0.46, 0.02, 0.89)
702.39: (-0.47, 0.03, 0.88)
702.49: (-0.48, 0.02, 0.88)
702.61: (-0.74, 0.03, 0.68)
702.72: (-0.90, 0.23, 0.37)
702.82: (-0.92, 0.39, 0.08)
702.92: (-0.88, 0.46, -0.09)
703.04: (-0.77, 0.47, -0.44)
703.14: (-0.76, 0.38, -0.52)
703.22: (-0.74, 0.32, -0.59)
703.22: (0.67, -0.55, 0.50): 0
703.26: (-0.74, 0.32, -0.59)
703.36: (-0.74, 0.32, -0.59)
703.47: (-0.78, 0.32, -0.53)
703.59: (-0.78, 0.32, -0.53)
703.71: (-0.78, 0.32, -0.53)
703.81: (-0.97, 0.22, -0.07)
703.92: (-0.82, 0.11, 0.55)
704.04: (-0.64, 0.11, 0.76)
704.16: (-0.44, 0.14, 0.89)
704.26: (-0.06, 0.15, 0.99)
704.37: (0.38, 0.14, 0.92)
704.49: (-0.02, 0.38, 0.92)
704.61: (-0.24, 0.48, 0.85)
704.71: (0.28, 0.29, 0.91)
704.81: (0.42, -0.04, 0.91)
704.92: (0.48, -0.25, 0.84)
705.02: (0.57, -0.38, 0.73)
705.14: (0.73, -0.52, 0.44)
705.14: (-0.92, 0.39, -0.03): 1
705.14: (0.73, -0.52, 0.44)
705.24: (0.73, -0.52, 0.44)
705.36: (0.68, -0.50, 0.54)
705.47: (0.67, -0.49, 0.56)
705.59: (0.44, -0.33, 0.83)
705.71: (0.42, -0.32, 0.85)
705.82: (0.35, -0.26, 0.90)
705.92: (0.23, -0.19, 0.95)
706.04: (0.05, -0.07, 1.00)
706.16: (-0.21, 0.12, 0.97)
706.26: (-0.38, 0.25, 0.89)
706.37: (-0.54, 0.38, 0.75)
706.49: (-0.66, 0.49, 0.57)
706.61: (-0.76, 0.55, 0.35)
706.72: (-0.83, 0.51, 0.23)
706.84: (-0.91, 0.42, 0.01)
706.89: (-0.92, 0.40, -0.02)
706.89: (0.19, -0.48, -0.86): 0
706.94: (-0.92, 0.40, -0.03)
707.06: (-0.92, 0.40, -0.03)
707.16: (-0.92, 0.40, -0.03)
707.27: (-0.92, 0.39, -0.01)
707.39: (-0.93, 0.37, -0.02)
707.51: (-0.94, 0.35, -0.04)
707.62: (-0.94, 0.34, -0.07)
707.74: (-0.92, 0.35, -0.18)
707.86: (-0.76, 0.28, -0.59)
707.97: (-0.38, 0.19, -0.91)
708.07: (-0.01, 0.13, -0.99)
708.19: (0.44, 0.01, -0.90)
708.31: (0.61, -0.06, -0.79)
708.42: (0.40, -0.20, -0.89)
708.52: (0.29, -0.34, -0.89)
708.62: (0.27, -0.41, -0.87)
708.62: (-1.00, -0.03, 0.05): 1
708.64: (0.27, -0.42, -0.87)
708.76: (0.33, -0.43, -0.84)
708.87: (0.58, -0.53, -0.62)
708.97: (0.72, -0.47, -0.51)
709.09: (0.64, -0.34, -0.69)
709.21: (-0.02, -0.04, -1.00)
709.31: (-0.43, 0.23, -0.87)
709.42: (-0.65, 0.39, -0.65)
709.52: (-0.75, 0.47, -0.47)
709.64: (-0.84, 0.47, -0.25)
709.76: (-0.94, 0.32, -0.11)
709.87: (-0.99, 0.07, -0.12)
709.94: (-1.00, 0.02, -0.02)
709.94: (-0.09, 0.51, 0.85): 2
709.99: (-1.00, 0.03, 0.01)
710.09: (-1.00, 0.04, 0.02)
710.21: (-1.00, 0.04, 0.02)
710.32: (-0.99, 0.14, -0.09)
710.44: (-0.92, 0.26, -0.29)
710.54: (-0.82, 0.25, -0.51)
710.64: (-0.76, 0.32, -0.56)
710.76: (-0.51, 0.37, -0.78)
710.87: (-0.37, 0.32, -0.87)
710.97: (-0.34, 0.29, -0.89)
711.09: (-0.33, 0.27, -0.90)
711.21: (-0.21, 0.26, -0.94)
711.32: (-0.30, 0.33, -0.89)
711.44: (-0.60, 0.43, -0.67)
711.56: (-0.89, 0.46, -0.09)
711.67: (-0.81, 0.49, 0.33)
711.79: (-0.59, 0.54, 0.60)
711.91: (-0.38, 0.48, 0.79)
712.02: (-0.21, 0.42, 0.88)
712.12: (-0.08, 0.46, 0.88)
712.17: (-0.08, 0.49, 0.87)
712.17: (-0.97, -0.21, 0.09): 0
712.24: (-0.09, 0.49, 0.86)
712.34: (-0.07, 0.48, 0.87)
712.46: (0.06, 0.45, 0.89)
712.57: (-0.03, 0.64, 0.77)
712.67: (-0.04, 0.78, 0.62)
712.77: (0.09, 0.77, 0.63)
712.89: (0.12, 0.76, 0.63)
713.01: (0.12, 0.76, 0.63)
713.12: (0.11, 0.77, 0.63)
713.22: (0.10, 0.77, 0.63)
713.32: (0.03, 0.80, 0.60)
713.44: (-0.26, 0.77, 0.58)
713.56: (-0.49, 0.49, 0.73)
713.67: (-0.74, 0.20, 0.64)
713.77: (-0.86, 0.01, 0.52)
713.87: (-0.92, -0.10, 0.38)
713.99: (-0.96, -0.17, 0.24)
714.09: (-0.97, -0.17, 0.17)
714.09: (-1.00, 0.05, 0.03): 1
714.10: (-0.97, -0.17, 0.17)
714.22: (-0.97, -0.16, 0.17)
714.32: (-0.97, -0.17, 0.18)
714.44: (-1.00, -0.03, 0.05)
714.49: (-1.00, 0.02, 0.00)
714.49: (0.74, 0.02, 0.67): 2
714.54: (-1.00, 0.02, 0.00)
714.65: (-1.00, 0.03, 0.00)
714.77: (-1.00, 0.07, 0.00)
714.87: (-0.99, 0.07, 0.12)
714.99: (-0.90, -0.07, 0.43)
715.10: (-0.81, -0.10, 0.58)
715.22: (-0.62, -0.13, 0.77)
715.34: (-0.17, -0.30, 0.94)
715.44: (0.21, -0.31, 0.93)
715.55: (0.56, -0.24, 0.79)
715.67: (0.81, -0.22, 0.55)
715.79: (0.84, -0.05, 0.54)
715.87: (0.81, 0.02, 0.59)
715.87: (0.86, 0.12, 0.50): 0
715.90: (0.80, 0.02, 0.60)
716.00: (0.79, 0.02, 0.61)
716.12: (0.80, 0.02, 0.60)
716.24: (0.87, 0.08, 0.49)
716.25: (0.88, 0.09, 0.47)
716.25: (0.17, 0.38, 0.91): 2
716.34: (0.88, 0.12, 0.45)
716.45: (0.87, 0.15, 0.46)
716.57: (0.76, 0.24, 0.61)
716.69: (0.42, 0.31, 0.85)
716.79: (0.29, 0.31, 0.91)
716.87: (0.22, 0.31, 0.92)
716.87: (-0.81, -0.26, -0.53): 2
716.89: (0.22, 0.31, 0.92)
716.99: (0.22, 0.32, 0.92)
717.10: (0.14, 0.33, 0.94)
717.22: (-0.31, 0.31, 0.90)
717.34: (-0.44, 0.37, 0.82)
717.45: (-0.44, 0.38, 0.81)
717.55: (-0.55, 0.36, 0.76)
717.67: (-0.88, 0.24, 0.40)
717.79: (-0.98, 0.20, 0.06)
717.90: (-0.99, 0.17, -0.03)
718.02: (-0.97, 0.01, -0.25)
718.12: (-0.86, -0.19, -0.46)
718.24: (-0.82, -0.23, -0.52)
718.25: (-0.82, -0.23, -0.52)
718.25: (0.94, 0.33, -0.07): 1
718.34: (-0.82, -0.23, -0.52)
718.45: (-0.82, -0.23, -0.53)
718.57: (-0.82, -0.23, -0.52)
718.69: (-0.89, -0.11, -0.44)
718.79: (-0.86, -0.12, -0.49)
718.90: (-0.79, -0.09, -0.61)
719.00: (-0.71, 0.05, -0.70)
719.12: (-0.55, 0.32, -0.77)
719.24: (-0.35, 0.54, -0.76)
719.35: (-0.13, 0.68, -0.72)
719.45: (0.05, 0.78, -0.62)
719.57: (0.26, 0.87, -0.42)
719.69: (0.48, 0.85, -0.22)
719.79: (0.65, 0.76, 0.04)
719.90: (0.78, 0.52, 0.36)
720.02: (0.85, 0.33, 0.41)
720.14: (0.93, 0.34, 0.13)
720.24: (0.93, 0.36, 0.01)
720.24: (0.05, -0.60, 0.80): 1
720.24: (0.93, 0.36, 0.01)
720.35: (0.94, 0.35, 0.01)
720.47: (0.94, 0.35, 0.01)
720.59: (0.94, 0.35, 0.01)
720.70: (0.93, 0.36, 0.04)
720.82: (0.72, 0.57, 0.39)
720.94: (0.43, 0.67, 0.60)
721.05: (0.28, 0.68, 0.68)
721.17: (0.11, 0.68, 0.73)
721.29: (-0.09, 0.66, 0.75)
721.39: (-0.22, 0.63, 0.75)
721.50: (-0.34, 0.60, 0.73)
721.62: (-0.51, 0.53, 0.68)
721.74: (-0.73, 0.38, 0.57)
721.85: (-0.89, 0.20, 0.41)
721.97: (-0.97, 0.01, 0.23)
722.09: (-0.99, -0.12, 0.07)
722.20: (-0.97, -0.23, -0.04)
722.32: (-0.92, -0.35, -0.15)
722.42: (-0.87, -0.43, -0.23)
722.52: (-0.89, -0.31, -0.32)
722.64: (-0.82, 0.10, -0.56)
722.75: (-0.52, 0.55, -0.65)
722.87: (-0.21, 0.78, -0.59)
722.99: (0.07, 0.86, -0.51)
723.09: (0.29, 0.86, -0.42)
723.19: (0.48, 0.82, -0.31)
723.30: (0.69, 0.71, -0.13)
723.42: (0.86, 0.50, 0.09)
723.54: (0.93, 0.23, 0.29)
723.64: (0.89, -0.02, 0.45)
723.74: (0.80, -0.24, 0.55)
723.85: (0.65, -0.48, 0.60)
723.97: (0.41, -0.69, 0.60)
724.09: (0.13, -0.81, 0.57)
724.19: (0.06, -0.77, 0.63)
724.29: (0.00, -0.64, 0.77)
724.29: (0.19, 0.49, -0.85): 1
724.30: (0.00, -0.64, 0.77)
724.40: (0.00, -0.64, 0.77)
724.52: (0.01, -0.64, 0.77)
724.64: (0.01, -0.64, 0.77)
724.75: (0.02, -0.65, 0.76)
724.85: (0.15, -0.79, 0.60)
724.95: (0.30, -0.90, 0.30)
725.05: (0.34, -0.91, 0.23)
725.17: (0.42, -0.91, 0.05)
725.29: (0.49, -0.86, -0.15)
725.40: (0.53, -0.76, -0.37)
725.52: (0.54, -0.65, -0.53)
725.64: (0.53, -0.47, -0.71)
725.75: (0.57, -0.25, -0.78)
725.87: (0.65, 0.05, -0.76)
725.97: (0.61, 0.26, -0.75)
726.09: (0.44, 0.34, -0.83)
726.20: (0.22, 0.42, -0.88)
726.29: (0.14, 0.49, -0.86)
726.29: (0.24, 0.88, 0.41): 1
726.30: (0.14, 0.49, -0.86)
726.42: (0.17, 0.49, -0.86)
726.52: (0.18, 0.48, -0.86)
726.62: (0.18, 0.48, -0.86)
726.74: (0.19, 0.48, -0.86)
726.84: (0.19, 0.46, -0.87)
726.94: (0.19, 0.46, -0.87)
727.05: (0.19, 0.46, -0.87)
727.17: (0.38, 0.42, -0.82)
727.29: (-0.16, 0.84, -0.51)
727.40: (-0.33, 0.91, -0.26)
727.50: (-0.45, 0.89, -0.08)
727.62: (-0.69, 0.69, 0.21)
727.74: (-0.92, 0.22, 0.31)
727.85: (-0.99, -0.08, 0.05)
727.95: (-0.96, -0.25, -0.09)
728.07: (-0.78, -0.29, -0.55)
728.19: (-0.58, 0.29, -0.76)
728.30: (-0.40, 0.55, -0.73)
728.42: (-0.03, 0.81, -0.59)
728.52: (0.30, 0.92, -0.25)
728.64: (0.56, 0.82, 0.13)
728.75: (0.53, 0.69, 0.49)
728.87: (0.32, 0.76, 0.57)
728.97: (0.26, 0.82, 0.52)
728.97: (0.47, 0.70, -0.54): 0
728.99: (0.26, 0.82, 0.51)
729.10: (0.26, 0.82, 0.51)
729.20: (0.26, 0.81, 0.53)
729.30: (0.25, 0.61, 0.75)
729.42: (0.13, 0.38, 0.92)
729.54: (0.00, 0.70, 0.71)
729.65: (-0.04, 0.96, -0.29)
729.75: (-0.04, 0.24, -0.97)
729.87: (-0.12, -0.27, -0.95)
729.98: (0.09, 0.06, -0.99)
730.09: (0.29, 0.50, -0.82)
730.20: (0.33, 0.70, -0.63)
730.32: (0.36, 0.71, -0.61)
730.42: (0.41, 0.68, -0.61)
730.42: (-0.16, -0.93, 0.32): 0
730.43: (0.41, 0.68, -0.61)
730.55: (0.35, 0.71, -0.62)
730.65: (0.22, 0.86, -0.46)
730.77: (0.10, 0.94, -0.33)
730.88: (0.01, 0.83, -0.56)
731.00: (-0.02, 0.49, -0.87)
731.12: (-0.19, 0.40, -0.90)
731.23: (-0.44, 0.32, -0.84)
731.35: (-0.51, -0.03, -0.86)
731.45: (-0.61, -0.17, -0.78)
731.57: (-0.82, -0.09, -0.56)
731.68: (-0.97, 0.07, -0.22)
731.78: (-0.99, 0.16, 0.04)
731.88: (-0.95, 0.21, 0.24)
732.00: (-0.88, 0.19, 0.43)
732.12: (-0.91, -0.15, 0.38)
732.23: (-0.71, -0.69, 0.12)
732.33: (-0.50, -0.87, -0.02)
732.45: (-0.26, -0.96, -0.06)
732.57: (-0.04, -1.00, 0.04)
732.68: (0.01, -0.96, 0.28)
732.75: (-0.02, -0.94, 0.34)
END