3/28/2023 1:29:51 PM
Mode: Default
White time (s): [2.71582, 1.23291, 4.765503, 0.616333, 2.416138, 2.465942, 1.300293, 0.6828613, 0.6495361, 0.6000977, 1.866577, 2.71582, 1.116455, 2.199463, 0.4168701, 2.316162, 2.482666, 1.083374, 2.432983, 1.049805, 1.082642, 1.466919, 1.549316, 0.7497559, 4.366211, 3.148926, 2.216064, 1.24939, 1.866577, 1.39978]
Shot time (s): [2.116333, 0.9499512, 3.649048, 0.3666992, 2.06665, 1.733154, 2.383057, 1.883179, 1.616333, 3.599365, 0.583252, 0.8331299, 0.8829346, 0.7503662, 0.5499268, 1.049805, 1.083008, 0.6496582, 1.48291, 0.6665039, 3.799072, 4.382446, 0.6000977, 3.299561, 1.766357, 0.3662109, 2.416382, 2.749756, 1.14978, 2.399536]
Step time (s): [4.765747, 1.299438, 1.199951, 1.449341, 2.032959, 2.349854, 1.816284, 0.6330566, 1.983398, 2.899048, 1.083252, 2.333008, 3.582764, 0.6331787, 2.015869, 1.366577, 2.682617, 2.449341, 2.199463, 1.616455, 0.4165039, 0.5670166, 1.799805, 3.265625, 2.199463, 1.466553, 1.149902, 3.449219, 5.249023, 0.6331787]
White horz (deg): [519.0349, 68.85999, 657.525, 28.435, 311.9599, 423.5, 170.94, 91.74, 43.72499, 44.22001, 214.39, 428.5048, 108.24, 326.0949, 11.11, 390.6649, 368.4451, 63.91001, 252.5049, 138.765, 137.61, 145.805, 182.27, 36.08001, 521.1799, 327.91, 208.78, 141.02, 238.6449, 181.83]
Shot horz (deg): [287.265, 14.08, 564.9597, 1.32, 283.3049, 258.72, 250.1949, 176.275, 221.045, 483.2299, 16.995, 59.61999, 135.795, 68.31001, 43.615, 105.875, 119.9, 26.29, 193.7649, 24.42, 421.4099, 667.5897, 64.13, 536.9099, 199.54, 4.62, 542.6299, 492.855, 82.72001, 396.3849]
Step horz (deg): [740.685, 70.62002, 177.595, 192.94, 283.8, 215.435, 226.325, 17.765, 318.4499, 520.7401, 127.93, 272.195, 661.3198, 52.14, 228.03, 171.215, 413.985, 235.8949, 265.925, 128.48, 9.624999, 10.67, 169.84, 432.41, 196.405, 128.755, 78.54002, 338.8552, 722.9747, 6.984998]
White vert (deg): [206.195, 128.755, 415.3601, 23.1, 217.58, 191.6749, 134.805, 17.6, 4.784999, 19.03, 99.44002, 196.8999, 60.06, 138.4899, 1.815, 163.0199, 180.785, 88.66, 154.055, 26.51, 43.505, 72.32499, 104.665, 31.02, 343.255, 287.7599, 182.93, 106.48, 170.665, 47.68502]
Shot vert (deg): [55.55, 37.785, 177.87, 1.1, 136.07, 77.82502, 147.51, 167.9699, 72.65499, 246.1249, 23.815, 19.965, 27.72, 31.57, 14.245, 26.34499, 61.15999, 6.269999, 108.405, 21.67, 340.2849, 316.2499, 11.605, 134.75, 97.34998, 13.97, 164.89, 197.78, 10.065, 212.465]
Step vert (deg): [345.1801, 209, 89.26501, 96.85502, 90.86, 231.4949, 37.39999, 22.165, 105.71, 177.0999, 47.795, 79.20003, 237.8199, 23.43, 134.42, 44.38499, 130.5701, 156.2, 150.4799, 101.53, 14.52, 32.505, 116.435, 189.8051, 133.65, 82.33501, 38.11501, 266.2549, 355.08, 38.39]

Time in sec: camera forward versor
Time in sec: target versor: sound type (0 = White, 1 = Shot, 2 = Step)
START
1365.80: (-0.91, -0.19, 0.36): 1
1365.80: (0.90, 0.43, -0.13)
1365.92: (0.90, 0.43, -0.13)
1366.03: (0.90, 0.43, -0.13)
1366.15: (0.90, 0.43, -0.13)
1366.27: (0.97, 0.25, -0.05)
1366.38: (0.91, -0.31, 0.26)
1366.50: (0.81, -0.46, 0.36)
1366.62: (0.60, -0.66, 0.45)
1366.73: (0.36, -0.80, 0.49)
1366.83: (-0.02, -0.90, 0.44)
1366.95: (-0.34, -0.89, 0.31)
1367.07: (-0.30, -0.90, 0.33)
1367.18: (0.32, -0.86, 0.40)
1367.28: (0.51, -0.77, 0.39)
1367.40: (-0.30, -0.81, 0.50)
1367.52: (-0.73, -0.55, 0.40)
1367.62: (-0.77, -0.48, 0.42)
1367.72: (-0.83, -0.27, 0.49)
1367.83: (-0.87, -0.17, 0.46)
1367.92: (-0.88, -0.16, 0.45)
1367.92: (-0.71, 0.29, 0.65): 1
1367.95: (-0.88, -0.16, 0.45)
1368.07: (-0.88, -0.16, 0.45)
1368.17: (-0.87, -0.23, 0.45)
1368.28: (-0.86, -0.26, 0.44)
1368.40: (-0.84, -0.06, 0.54)
1368.52: (-0.78, 0.12, 0.62)
1368.63: (-0.78, 0.12, 0.62)
1368.73: (-0.74, 0.21, 0.64)
1368.83: (-0.71, 0.27, 0.65)
1368.87: (-0.71, 0.27, 0.65)
1368.87: (0.95, 0.30, 0.14): 1
1368.95: (-0.71, 0.27, 0.65)
1369.07: (-0.71, 0.27, 0.65)
1369.17: (-0.71, 0.27, 0.65)
1369.28: (-0.53, 0.07, 0.85)
1369.40: (0.48, -0.63, 0.60)
1369.52: (0.74, -0.66, -0.14)
1369.62: (0.71, -0.61, -0.36)
1369.73: (0.71, -0.34, -0.62)
1369.85: (0.62, 0.04, -0.78)
1369.95: (0.06, 0.50, -0.86)
1370.07: (-0.56, 0.68, -0.47)
1370.17: (-0.55, 0.62, -0.56)
1370.28: (-0.55, 0.62, -0.56)
1370.40: (-0.61, 0.64, -0.47)
1370.52: (-0.79, 0.60, 0.16)
1370.63: (-0.76, 0.35, 0.55)
1370.75: (-0.53, -0.14, 0.84)
1370.87: (-0.36, -0.46, 0.82)
1370.98: (-0.24, -0.59, 0.77)
1371.10: (0.08, -0.78, 0.62)
1371.22: (0.40, -0.79, 0.47)
1371.33: (0.44, -0.58, 0.69)
1371.45: (0.35, -0.10, 0.93)
1371.55: (0.42, 0.06, 0.91)
1371.67: (0.42, 0.05, 0.90)
1371.78: (0.85, -0.19, 0.49)
1371.90: (0.86, -0.42, 0.28)
1372.01: (0.86, -0.42, 0.28)
1372.13: (0.90, -0.36, 0.23)
1372.23: (0.99, -0.09, 0.13)
1372.35: (0.97, 0.18, 0.14)
1372.46: (0.97, 0.19, 0.15)
1372.51: (0.97, 0.19, 0.15)
1372.51: (0.95, 0.21, 0.22): 1
1372.58: (0.97, 0.19, 0.15)
1372.68: (0.97, 0.18, 0.15)
1372.80: (0.97, 0.17, 0.17)
1372.88: (0.97, 0.17, 0.17)
1372.88: (0.00, 0.98, -0.21): 0
1372.90: (0.97, 0.17, 0.17)
1373.01: (0.97, 0.17, 0.17)
1373.13: (0.97, 0.17, 0.17)
1373.25: (0.91, 0.13, 0.40)
1373.36: (0.48, 0.04, 0.88)
1373.46: (-0.19, -0.09, 0.98)
1373.58: (-0.74, -0.08, 0.67)
1373.68: (-0.92, -0.07, 0.40)
1373.80: (-0.99, -0.06, -0.10)
1373.90: (-0.90, -0.04, -0.44)
1374.01: (-0.76, -0.15, -0.64)
1374.13: (-0.63, -0.44, -0.64)
1374.25: (-0.22, -0.85, -0.47)
1374.36: (0.25, -0.96, -0.13)
1374.48: (0.38, -0.86, 0.34)
1374.60: (-0.34, -0.66, 0.67)
1374.71: (-0.93, 0.14, 0.33)
1374.81: (-0.53, 0.80, -0.27)
1374.93: (0.29, 0.71, -0.65)
1375.03: (0.52, 0.45, -0.72)
1375.15: (0.45, 0.58, -0.68)
1375.25: (0.11, 0.84, -0.52)
1375.36: (0.07, 0.88, -0.47)
1375.48: (0.10, 0.92, -0.37)
1375.60: (0.07, 0.97, -0.24)
1375.60: (-0.48, 0.14, -0.86): 0
1375.60: (0.07, 0.97, -0.24)
1375.71: (0.07, 0.97, -0.24)
1375.83: (0.06, 0.96, -0.26)
1375.95: (0.04, 0.96, -0.29)
1376.06: (-0.18, 0.90, -0.40)
1376.18: (-0.65, 0.58, -0.49)
1376.30: (-0.63, -0.03, -0.78)
1376.41: (-0.47, -0.40, -0.78)
1376.53: (-0.48, -0.08, -0.88)
1376.65: (-0.52, 0.20, -0.83)
1376.76: (-0.51, 0.15, -0.85)
1376.83: (-0.50, 0.14, -0.85)
1376.83: (0.94, -0.23, 0.25): 1
1376.86: (-0.50, 0.14, -0.85)
1376.98: (-0.50, 0.13, -0.86)
1377.08: (-0.46, -0.14, -0.88)
1377.20: (-0.57, -0.34, -0.75)
1377.31: (-0.67, -0.54, -0.51)
1377.43: (-0.64, -0.70, 0.31)
1377.55: (-0.27, -0.42, 0.87)
1377.65: (-0.36, -0.59, 0.72)
1377.76: (-0.19, -0.29, 0.94)
1377.88: (0.55, 0.43, 0.72)
1378.00: (0.47, 0.36, 0.81)
1378.10: (0.47, 0.36, 0.81)
1378.20: (0.47, 0.36, 0.81)
1378.31: (0.74, 0.31, 0.59)
1378.43: (0.98, -0.03, 0.20)
1378.53: (0.99, -0.11, 0.02)
1378.65: (0.99, -0.10, 0.05)
1378.75: (0.94, -0.17, 0.30)
1378.86: (0.92, -0.26, 0.30)
1378.90: (0.92, -0.26, 0.30)
1378.90: (-0.93, 0.13, -0.35): 1
1378.98: (0.92, -0.26, 0.30)
1379.10: (0.93, -0.22, 0.29)
1379.21: (1.00, -0.01, 0.03)
1379.33: (0.85, 0.37, -0.37)
1379.45: (0.28, 0.74, -0.61)
1379.55: (-0.06, 0.79, -0.62)
1379.66: (0.08, 0.80, -0.60)
1379.78: (0.18, 0.78, -0.60)
1379.90: (-0.12, 0.72, -0.68)
1380.00: (-0.73, 0.50, -0.47)
1380.11: (-0.97, 0.22, -0.02)
1380.23: (-0.97, 0.05, 0.24)
1380.33: (-0.99, 0.08, -0.13)
1380.45: (-0.97, 0.09, -0.22)
1380.56: (-0.96, 0.10, -0.28)
1380.63: (-0.94, 0.13, -0.31)
1380.63: (0.56, 0.73, -0.39): 0
1380.68: (-0.94, 0.13, -0.31)
1380.80: (-0.97, 0.11, -0.24)
1380.91: (-0.97, 0.11, -0.24)
1381.03: (-0.95, 0.13, -0.27)
1381.15: (-0.85, -0.52, 0.08)
1381.26: (-0.35, -0.85, 0.40)
1381.38: (-0.08, -0.80, 0.60)
1381.48: (0.07, -0.76, 0.65)
1381.60: (0.11, -0.90, 0.42)
1381.71: (0.19, -0.98, 0.01)
1381.83: (0.17, -0.95, -0.28)
1381.95: (0.05, -0.89, -0.46)
1382.05: (0.05, -0.87, -0.50)
1382.16: (0.20, -0.88, -0.43)
1382.28: (0.71, -0.66, -0.24)
1382.40: (0.92, -0.39, -0.02)
1382.51: (0.97, -0.10, 0.20)
1382.63: (0.90, 0.08, 0.42)
1382.73: (0.75, 0.16, 0.64)
1382.85: (0.32, 0.42, 0.85)
1382.96: (-0.12, 0.51, 0.85)
1383.08: (-0.33, 0.48, 0.82)
1383.20: (-0.45, 0.40, 0.80)
1383.30: (-0.42, 0.28, 0.86)
1383.41: (-0.22, -0.13, 0.97)
1383.53: (-0.08, -0.50, 0.86)
1383.65: (-0.21, -0.66, 0.72)
1383.76: (-0.47, -0.70, 0.54)
1383.88: (-0.81, -0.58, 0.05)
1384.00: (-0.77, -0.48, -0.41)
1384.11: (-0.20, -0.93, -0.32)
1384.23: (0.46, -0.85, 0.25)
1384.33: (0.73, -0.29, 0.62)
1384.45: (0.77, 0.26, 0.58)
1384.55: (0.60, 0.74, 0.32)
1384.66: (0.05, 0.99, -0.11)
1384.78: (0.00, 0.99, -0.12)
1384.88: (0.06, 0.99, -0.09)
1385.00: (0.40, 0.89, -0.22)
1385.11: (0.65, 0.66, -0.38)
1385.23: (0.57, 0.73, -0.38)
1385.33: (0.54, 0.78, -0.31)
1385.40: (0.54, 0.79, -0.31)
1385.40: (0.47, -0.61, 0.64): 1
1385.45: (0.54, 0.79, -0.31)
1385.56: (0.55, 0.77, -0.32)
1385.68: (0.54, 0.75, -0.38)
1385.78: (0.23, 0.74, -0.63)
1385.90: (-0.31, 0.73, -0.61)
1386.01: (-0.68, 0.59, -0.43)
1386.13: (-0.98, 0.16, -0.15)
1386.23: (-0.95, -0.27, 0.15)
1386.35: (-0.72, -0.68, 0.10)
1386.45: (-0.56, -0.83, 0.05)
1386.55: (-0.71, -0.71, -0.02)
1386.66: (-0.71, -0.70, -0.02)
1386.76: (-0.80, -0.60, 0.01)
1386.88: (-0.65, -0.71, 0.27)
1387.00: (-0.46, -0.70, 0.55)
1387.11: (-0.41, -0.73, 0.54)
1387.23: (-0.41, -0.73, 0.54)
1387.33: (-0.40, -0.74, 0.54)
1387.45: (0.06, -0.82, 0.57)
1387.56: (0.36, -0.66, 0.67)
1387.66: (0.33, -0.66, 0.68)
1387.78: (0.31, -0.66, 0.68)
1387.78: (0.50, -0.86, 0.05): 0
1387.78: (0.31, -0.66, 0.68)
1387.90: (0.31, -0.66, 0.68)
1388.01: (0.32, -0.67, 0.68)
1388.13: (0.60, -0.70, 0.39)
1388.25: (0.49, -0.84, 0.24)
1388.36: (0.44, -0.87, 0.23)
1388.40: (0.44, -0.87, 0.23)
1388.40: (0.10, 0.26, -0.96): 2
1388.48: (0.50, -0.85, 0.19)
1388.60: (0.53, -0.84, 0.13)
1388.71: (0.50, -0.86, 0.13)
1388.83: (0.35, -0.90, 0.26)
1388.94: (-0.41, -0.73, 0.56)
1389.04: (-0.84, -0.25, 0.48)
1389.16: (-0.95, -0.01, 0.30)
1389.28: (-0.94, 0.34, 0.06)
1389.40: (-0.78, 0.59, -0.20)
1389.51: (-0.63, 0.70, -0.34)
1389.63: (-0.21, 0.93, -0.31)
1389.74: (0.38, 0.91, 0.15)
1389.86: (0.67, 0.64, 0.38)
1389.98: (0.67, 0.65, 0.36)
1390.08: (0.67, 0.65, 0.36)
1390.19: (0.69, 0.55, 0.47)
1390.31: (0.72, 0.12, 0.68)
1390.43: (0.57, -0.57, 0.60)
1390.53: (0.52, -0.78, 0.34)
1390.64: (0.49, -0.87, -0.10)
1390.76: (0.38, -0.80, -0.47)
1390.88: (0.01, -0.57, -0.82)
1390.99: (-0.43, -0.30, -0.85)
1391.09: (-0.56, -0.14, -0.82)
1391.21: (-0.63, 0.11, -0.77)
1391.33: (-0.61, 0.09, -0.79)
1391.44: (-0.61, 0.09, -0.79)
1391.54: (-0.78, -0.05, -0.62)
1391.66: (-0.98, 0.00, 0.20)
1391.78: (-0.69, 0.35, 0.63)
1391.88: (-0.21, 0.80, 0.56)
1391.99: (-0.03, 0.93, 0.36)
1392.09: (-0.04, 0.93, 0.36)
1392.21: (-0.04, 0.93, 0.36)
1392.33: (0.28, 0.95, 0.10)
1392.43: (0.44, 0.81, -0.40)
1392.54: (0.34, 0.56, -0.75)
1392.64: (0.43, 0.31, -0.85)
1392.76: (0.57, -0.06, -0.82)
1392.88: (0.38, 0.30, -0.88)
1392.99: (0.31, 0.32, -0.90)
1393.11: (0.20, 0.32, -0.93)
1393.16: (0.19, 0.32, -0.93)
1393.16: (-0.99, -0.08, 0.14): 1
1393.23: (0.19, 0.32, -0.93)
1393.34: (0.20, 0.32, -0.93)
1393.44: (0.28, 0.23, -0.93)
1393.56: (0.55, -0.35, -0.76)
1393.68: (0.46, -0.67, -0.58)
1393.79: (0.52, -0.84, -0.17)
1393.91: (0.53, -0.82, -0.21)
1394.03: (0.43, -0.78, -0.45)
1394.14: (-0.22, -0.82, -0.52)
1394.26: (-0.83, -0.34, -0.44)
1394.36: (-0.88, -0.16, -0.45)
1394.48: (-0.82, -0.23, -0.52)
1394.59: (-0.81, -0.23, -0.54)
1394.69: (-0.96, -0.26, -0.04)
1394.81: (-0.97, -0.12, 0.20)
1394.91: (-0.99, -0.10, 0.14)
1395.03: (-1.00, -0.09, 0.01)
1395.04: (-1.00, -0.09, 0.01)
1395.04: (0.99, -0.02, -0.14): 2
1395.14: (-1.00, -0.09, 0.02)
1395.26: (-1.00, -0.09, 0.02)
1395.38: (-0.93, -0.33, -0.16)
1395.49: (-0.52, -0.80, -0.29)
1395.59: (-0.02, -0.95, -0.30)
1395.71: (0.61, -0.60, -0.51)
1395.83: (0.85, 0.01, -0.53)
1395.94: (0.86, 0.26, -0.44)
1396.06: (0.91, 0.34, -0.25)
1396.18: (0.98, -0.04, -0.20)
1396.28: (0.96, -0.07, -0.25)
1396.34: (0.96, -0.07, -0.25)
1396.34: (-0.67, -0.74, 0.04): 1
1396.39: (0.96, -0.07, -0.25)
1396.51: (0.97, -0.06, -0.25)
1396.63: (0.98, -0.06, -0.18)
1396.74: (0.93, -0.26, 0.26)
1396.84: (0.93, -0.29, 0.22)
1396.96: (0.95, -0.26, 0.19)
1397.06: (0.98, -0.05, 0.17)
1397.18: (0.63, -0.22, 0.74)
1397.29: (0.10, -0.37, 0.93)
1397.41: (-0.17, -0.56, 0.81)
1397.53: (-0.57, -0.64, 0.51)
1397.63: (-0.76, -0.63, 0.16)
1397.74: (-0.79, -0.61, -0.09)
1397.84: (-0.74, -0.67, 0.08)
1397.96: (-0.71, -0.69, 0.12)
1397.96: (0.91, -0.34, -0.22): 1
1397.96: (-0.71, -0.69, 0.12)
1398.08: (-0.70, -0.70, 0.11)
1398.19: (-0.65, -0.74, 0.17)
1398.31: (-0.65, -0.74, 0.17)
1398.41: (-0.62, -0.74, 0.27)
1398.53: (-0.90, -0.35, -0.26)
1398.64: (-0.80, -0.06, -0.59)
1398.74: (-0.60, -0.05, -0.80)
1398.86: (-0.35, 0.05, -0.94)
1398.98: (-0.28, 0.45, -0.85)
1399.09: (-0.18, 0.73, -0.66)
1399.21: (0.32, 0.75, -0.58)
1399.33: (0.65, 0.57, -0.50)
1399.43: (0.64, 0.51, -0.58)
1399.54: (0.64, 0.51, -0.58)
1399.64: (0.64, 0.51, -0.58)
1399.76: (0.41, 0.80, -0.43)
1399.88: (0.35, 0.92, 0.16)
1399.99: (0.25, 0.81, 0.53)
1400.11: (0.34, 0.50, 0.80)
1400.23: (0.45, 0.17, 0.88)
1400.34: (0.52, -0.22, 0.82)
1400.46: (0.65, -0.50, 0.57)
1400.58: (0.62, -0.78, 0.13)
1400.68: (0.38, -0.91, -0.15)
1400.79: (0.15, -0.90, -0.42)
1400.89: (0.01, -0.76, -0.65)
1401.01: (0.02, -0.53, -0.85)
1401.13: (0.37, -0.49, -0.79)
1401.24: (0.62, -0.56, -0.55)
1401.36: (0.81, -0.53, -0.26)
1401.48: (0.87, -0.41, -0.27)
1401.56: (0.87, -0.40, -0.27)
1401.56: (0.52, -0.49, 0.70): 0
1401.58: (0.87, -0.40, -0.27)
1401.69: (0.87, -0.41, -0.26)
1401.79: (0.89, -0.40, -0.22)
1401.91: (0.74, -0.49, -0.47)
1402.03: (0.47, -0.54, -0.70)
1402.13: (0.08, -0.85, -0.52)
1402.24: (-0.36, -0.90, 0.26)
1402.36: (-0.38, -0.77, 0.50)
1402.48: (-0.37, -0.80, 0.47)
1402.59: (-0.32, -0.83, 0.45)
1402.71: (-0.32, -0.83, 0.45)
1402.83: (-0.70, -0.68, 0.21)
1402.94: (-0.88, -0.09, -0.47)
1403.06: (-0.82, -0.02, -0.58)
1403.18: (-0.74, 0.02, -0.68)
1403.28: (-0.83, -0.15, -0.53)
1403.39: (-0.48, -0.85, 0.19)
1403.51: (0.32, -0.90, 0.30)
1403.63: (0.54, -0.83, 0.18)
1403.73: (0.64, -0.66, 0.39)
1403.83: (0.46, -0.53, 0.71)
1403.94: (0.36, -0.48, 0.80)
1403.98: (0.37, -0.50, 0.78)
1403.98: (0.28, -0.15, 0.95): 1
1404.06: (0.40, -0.51, 0.76)
1404.18: (0.49, -0.46, 0.74)
1404.28: (0.49, -0.36, 0.79)
1404.39: (0.36, -0.29, 0.89)
1404.51: (0.34, -0.28, 0.90)
1404.56: (0.35, -0.25, 0.90)
1404.56: (0.50, -0.06, -0.86): 0
1404.63: (0.35, -0.23, 0.91)
1404.73: (0.35, -0.17, 0.92)
1404.84: (0.29, 0.36, 0.89)
1404.96: (0.26, 0.73, 0.63)
1405.08: (0.18, 0.98, 0.05)
1405.19: (-0.06, 0.94, -0.34)
1405.29: (-0.48, 0.84, -0.26)
1405.41: (-0.79, 0.40, -0.46)
1405.53: (-0.67, -0.15, -0.73)
1405.64: (-0.60, -0.10, -0.79)
1405.76: (-0.61, -0.07, -0.79)
1405.86: (-0.70, 0.23, -0.67)
1405.96: (-0.77, 0.11, -0.63)
1406.07: (-0.60, -0.48, -0.64)
1406.19: (-0.10, -0.81, -0.57)
1406.31: (0.44, -0.73, -0.53)
1406.41: (0.73, -0.46, -0.51)
1406.52: (0.95, -0.05, -0.30)
1406.62: (0.93, 0.11, -0.35)
1406.74: (0.57, 0.00, -0.82)
1406.86: (0.42, -0.12, -0.90)
1406.97: (0.49, -0.08, -0.86)
1407.02: (0.52, -0.06, -0.85)
1407.02: (-0.91, 0.40, 0.14): 0
1407.09: (0.52, -0.06, -0.85)
1407.19: (0.53, -0.06, -0.85)
1407.31: (0.50, -0.31, -0.81)
1407.42: (0.16, -0.84, -0.51)
1407.54: (-0.09, -0.99, -0.11)
1407.66: (-0.53, -0.85, -0.06)
1407.77: (-0.90, -0.40, -0.17)
1407.87: (-0.94, 0.21, -0.28)
1407.97: (-0.83, 0.46, -0.32)
1408.09: (-0.88, 0.45, -0.15)
1408.21: (-0.91, 0.40, 0.09)
1408.32: (-0.90, 0.43, 0.10)
1408.32: (-1.00, 0.00, 0.03): 0
1408.32: (-0.90, 0.43, 0.10)
1408.44: (-0.90, 0.43, 0.11)
1408.56: (-0.56, 0.77, 0.31)
1408.67: (-0.92, 0.37, 0.12)
1408.79: (-1.00, 0.07, -0.03)
1408.91: (-1.00, 0.00, -0.03)
1409.01: (-1.00, 0.07, 0.00)
1409.01: (0.99, 0.14, 0.01): 2
1409.01: (-1.00, 0.07, 0.00)
1409.12: (-1.00, 0.07, 0.00)
1409.24: (-1.00, 0.10, 0.01)
1409.36: (-0.81, 0.48, 0.33)
1409.47: (-0.11, 0.86, 0.50)
1409.59: (0.52, 0.85, 0.06)
1409.71: (0.67, 0.74, 0.00)
1409.81: (0.82, 0.51, 0.26)
1409.92: (0.92, 0.23, 0.33)
1410.02: (0.99, 0.11, 0.09)
1410.14: (0.97, 0.23, 0.06)
1410.21: (0.97, 0.25, 0.06)
1410.21: (0.87, -0.50, -0.05): 0
1410.26: (0.97, 0.25, 0.06)
1410.37: (0.97, 0.24, 0.03)
1410.47: (0.97, 0.26, 0.02)
1410.59: (0.97, 0.22, 0.03)
1410.71: (0.93, -0.35, -0.11)
1410.82: (0.91, -0.40, -0.12)
1410.86: (0.91, -0.40, -0.12)
1410.86: (0.88, 0.17, 0.44): 1
1410.92: (0.91, -0.40, -0.11)
1411.04: (0.91, -0.41, -0.08)
1411.16: (0.99, -0.14, 0.03)
1411.27: (0.96, 0.18, 0.22)
1411.37: (0.96, 0.08, 0.26)
1411.49: (0.96, 0.01, 0.29)
1411.61: (0.92, 0.15, 0.37)
1411.69: (0.91, 0.17, 0.38)
1411.69: (0.52, 0.79, 0.33): 0
1411.72: (0.91, 0.17, 0.38)
1411.82: (0.91, 0.17, 0.38)
1411.94: (0.87, 0.18, 0.46)
1412.06: (0.60, 0.66, 0.45)
1412.17: (0.59, 0.72, 0.36)
1412.29: (0.60, 0.72, 0.35)
1412.29: (-1.00, -0.03, -0.01): 1
1412.29: (0.60, 0.72, 0.35)
1412.41: (0.60, 0.73, 0.34)
1412.52: (0.53, 0.77, 0.35)
1412.64: (0.10, 0.96, 0.25)
1412.76: (-0.54, 0.84, 0.02)
1412.86: (-0.92, 0.35, -0.20)
1412.97: (-0.99, -0.04, -0.12)
1413.09: (-1.00, -0.01, 0.00)
1413.17: (-1.00, -0.01, 0.00)
1413.17: (-0.71, 0.28, 0.65): 1
1413.21: (-1.00, -0.01, 0.00)
1413.31: (-1.00, -0.04, 0.00)
1413.42: (-0.93, -0.38, 0.01)
1413.54: (-0.97, 0.02, 0.24)
1413.66: (-0.88, 0.20, 0.42)
1413.77: (-0.82, 0.22, 0.53)
1413.87: (-0.77, 0.27, 0.58)
1413.92: (-0.76, 0.28, 0.59)
1413.92: (0.72, 0.66, -0.21): 2
1413.99: (-0.76, 0.28, 0.59)
1414.11: (-0.76, 0.30, 0.58)
1414.22: (-0.71, 0.42, 0.57)
1414.34: (-0.83, 0.48, 0.28)
1414.46: (-0.66, 0.74, 0.08)
1414.56: (-0.37, 0.84, 0.39)
1414.67: (-0.19, 0.92, 0.34)
1414.79: (0.18, 0.98, 0.05)
1414.89: (0.74, 0.64, -0.20)
1415.01: (0.98, 0.11, -0.18)
1415.11: (0.92, 0.37, -0.13)
1415.22: (0.79, 0.59, -0.14)
1415.34: (0.70, 0.70, -0.17)
1415.37: (0.70, 0.70, -0.17)
1415.37: (1.00, -0.02, -0.01): 1
1415.44: (0.70, 0.70, -0.17)
1415.56: (0.83, 0.54, -0.16)
1415.67: (0.96, 0.24, -0.14)
1415.79: (1.00, 0.07, -0.03)
1415.89: (0.99, 0.11, 0.03)
1415.92: (0.99, 0.11, 0.03)
1415.92: (-0.47, -0.43, 0.77): 2
1416.01: (0.99, 0.11, 0.03)
1416.11: (0.99, -0.11, -0.03)
1416.22: (0.96, -0.27, -0.10)
1416.34: (0.79, -0.60, -0.13)
1416.46: (0.23, -0.97, -0.05)
1416.57: (0.29, -0.95, -0.11)
1416.67: (0.30, -0.95, -0.12)
1416.79: (0.29, -0.94, -0.18)
1416.91: (-0.21, -0.94, -0.28)
1417.02: (-0.51, -0.85, -0.17)
1417.14: (-0.73, -0.67, 0.13)
1417.26: (-0.88, -0.31, 0.37)
1417.36: (-0.92, -0.05, 0.39)
1417.47: (-0.91, -0.02, 0.41)
1417.57: (-0.66, -0.60, 0.44)
1417.69: (-0.61, -0.62, 0.50)
1417.81: (-0.61, -0.46, 0.64)
1417.92: (-0.50, -0.48, 0.72)
1417.96: (-0.50, -0.49, 0.72)
1417.96: (-0.39, 0.92, 0.08): 1
1418.02: (-0.50, -0.49, 0.72)
1418.14: (-0.59, -0.51, 0.62)
1418.26: (-0.59, -0.51, 0.62)
1418.37: (-0.53, -0.56, 0.63)
1418.49: (-0.76, 0.00, 0.66)
1418.61: (-0.72, 0.45, 0.52)
1418.72: (-0.64, 0.64, 0.42)
1418.84: (-0.53, 0.78, 0.32)
1418.94: (-0.44, 0.88, 0.15)
1419.01: (-0.44, 0.89, 0.14)
1419.01: (1.00, -0.02, -0.05): 1
1419.06: (-0.44, 0.89, 0.14)
1419.17: (-0.44, 0.89, 0.13)
1419.27: (-0.38, 0.92, 0.06)
1419.39: (0.23, 0.92, -0.33)
1419.51: (0.78, 0.44, -0.44)
1419.62: (0.80, 0.30, -0.52)
1419.74: (0.75, 0.19, -0.64)
1419.84: (0.93, 0.15, -0.35)
1419.96: (0.98, -0.02, -0.20)
1420.07: (0.99, -0.02, -0.11)
1420.09: (0.99, -0.02, -0.11)
1420.09: (-0.74, 0.47, 0.47): 0
1420.17: (0.99, -0.02, -0.11)
1420.29: (0.98, -0.03, -0.18)
1420.39: (0.98, -0.03, -0.18)
1420.51: (0.99, 0.01, -0.15)
1420.62: (0.80, -0.57, -0.19)
1420.72: (0.45, -0.87, -0.19)
1420.84: (0.35, -0.91, -0.23)
1420.94: (0.09, -0.96, -0.28)
1421.06: (-0.38, -0.85, -0.37)
1421.17: (-0.53, -0.84, -0.11)
1421.29: (-0.67, -0.72, 0.20)
1421.39: (-0.83, -0.33, 0.45)
1421.51: (-0.84, 0.02, 0.54)
1421.62: (-0.74, 0.03, 0.68)
1421.72: (-0.68, 0.17, 0.71)
1421.84: (-0.76, 0.40, 0.52)
1421.96: (-0.76, 0.44, 0.48)
1421.96: (-0.85, -0.06, 0.53): 1
1421.96: (-0.76, 0.44, 0.48)
1422.07: (-0.76, 0.44, 0.48)
1422.19: (-0.77, 0.40, 0.50)
1422.29: (-0.77, 0.40, 0.50)
1422.41: (-0.77, 0.32, 0.55)
1422.52: (-0.82, 0.01, 0.57)
1422.60: (-0.82, 0.02, 0.57)
1422.60: (1.00, 0.05, -0.01): 2
1422.64: (-0.82, 0.02, 0.57)
1422.75: (-0.82, 0.02, 0.57)
1422.87: (-0.81, -0.02, 0.58)
1422.99: (-0.81, -0.03, 0.59)
1423.10: (-0.66, 0.37, 0.66)
1423.22: (-0.19, 0.65, 0.73)
1423.34: (0.02, 0.60, 0.80)
1423.45: (0.15, 0.54, 0.83)
1423.57: (0.33, 0.57, 0.75)
1423.69: (0.03, 0.91, 0.42)
1423.80: (-0.30, 0.94, -0.16)
1423.92: (-0.28, 0.85, -0.43)
1424.04: (-0.10, 0.60, -0.80)
1424.15: (-0.08, 0.34, -0.94)
1424.25: (-0.08, 0.34, -0.94)
1424.37: (-0.07, 0.44, -0.89)
1424.49: (0.39, 0.64, -0.66)
1424.60: (0.85, 0.48, -0.20)
1424.72: (0.94, 0.32, -0.11)
1424.82: (0.99, 0.11, -0.09)
1424.92: (0.99, 0.10, -0.09)
1424.95: (0.99, 0.10, -0.08)
1424.95: (-0.95, 0.03, 0.32): 2
1425.04: (0.99, 0.10, -0.06)
1425.15: (1.00, -0.06, -0.07)
1425.27: (0.96, -0.24, -0.17)
1425.39: (0.51, -0.84, -0.19)
1425.49: (0.49, -0.83, -0.27)
1425.60: (0.50, -0.82, -0.27)
1425.72: (0.25, -0.96, -0.14)
1425.84: (-0.50, -0.86, 0.02)
1425.95: (-0.86, -0.50, 0.13)
1426.07: (-0.96, -0.17, 0.20)
1426.19: (-0.97, -0.08, 0.23)
1426.30: (-0.93, -0.31, 0.20)
1426.40: (-0.93, -0.31, 0.20)
1426.52: (-0.91, -0.33, 0.24)
1426.64: (-0.94, -0.18, 0.30)
1426.74: (-0.94, -0.02, 0.34)
1426.77: (-0.94, -0.02, 0.34)
1426.77: (-0.99, -0.01, 0.14): 2
1426.84: (-0.94, -0.02, 0.34)
1426.95: (-0.94, -0.02, 0.34)
1427.07: (-0.97, 0.09, 0.24)
1427.19: (-0.99, 0.11, 0.09)
1427.30: (-0.98, -0.03, 0.19)
1427.40: (-0.98, -0.03, 0.19)
1427.40: (-0.50, -0.37, -0.78): 0
1427.40: (-0.98, -0.03, 0.19)
1427.52: (-0.98, -0.02, 0.18)
1427.64: (-0.99, 0.07, 0.11)
1427.75: (-0.86, 0.50, -0.09)
1427.87: (-0.28, 0.93, -0.24)
1427.97: (0.26, 0.96, -0.14)
1428.09: (0.19, 0.96, -0.20)
1428.19: (0.19, 0.96, -0.20)
1428.30: (0.26, 0.96, -0.04)
1428.42: (0.48, 0.60, 0.64)
1428.54: (0.57, 0.14, 0.81)
1428.65: (0.77, 0.02, 0.63)
1428.77: (0.90, 0.00, 0.43)
1428.89: (0.88, 0.24, 0.41)
1428.99: (0.36, 0.70, 0.62)
1429.10: (-0.29, 0.87, 0.40)
1429.22: (-0.83, 0.54, -0.09)
1429.34: (-0.91, -0.16, -0.38)
1429.44: (-0.74, -0.54, -0.40)
1429.55: (-0.57, -0.67, -0.47)
1429.67: (-0.55, -0.44, -0.71)
1429.79: (-0.42, -0.20, -0.88)
1429.90: (-0.42, -0.22, -0.88)
1430.02: (-0.47, -0.28, -0.83)
1430.12: (-0.49, -0.31, -0.81)
1430.12: (-0.09, -0.24, 0.97): 2
1430.14: (-0.49, -0.31, -0.81)
1430.25: (-0.49, -0.31, -0.81)
1430.37: (-0.33, -0.50, -0.80)
1430.49: (0.00, -0.80, -0.60)
1430.59: (0.23, -0.93, -0.27)
1430.70: (0.65, -0.72, 0.25)
1430.82: (0.75, -0.52, 0.42)
1430.92: (0.80, -0.17, 0.57)
1431.04: (0.83, -0.17, 0.52)
1431.14: (0.83, -0.17, 0.52)
1431.25: (0.77, -0.26, 0.58)
1431.37: (0.34, 0.13, 0.93)
1431.49: (0.04, 0.60, 0.80)
1431.60: (-0.03, 0.86, 0.51)
1431.72: (0.05, 0.21, 0.98)
1431.84: (0.01, 0.07, 1.00)
1431.95: (-0.02, -0.09, 1.00)
1432.07: (0.01, -0.28, 0.96)
1432.10: (0.01, -0.28, 0.96)
1432.10: (-0.57, 0.75, 0.33): 2
1432.17: (0.01, -0.28, 0.96)
1432.29: (0.01, -0.28, 0.96)
1432.40: (-0.01, -0.43, 0.90)
1432.50: (-0.03, -0.91, 0.41)
1432.62: (0.20, -0.73, -0.65)
1432.72: (0.38, -0.12, -0.92)
1432.84: (0.13, -0.07, -0.99)
1432.95: (-0.20, 0.62, -0.76)
1433.07: (-0.10, 0.64, -0.76)
1433.17: (-0.10, 0.64, -0.76)
1433.27: (-0.10, 0.64, -0.76)
1433.39: (-0.09, 0.85, -0.52)
1433.50: (0.01, 0.99, -0.16)
1433.62: (0.24, 0.96, 0.17)
1433.74: (0.36, 0.79, 0.50)
1433.85: (0.29, 0.68, 0.67)
1433.95: (-0.11, 0.42, 0.90)
1434.07: (-0.70, 0.04, 0.72)
1434.19: (-0.66, -0.18, 0.73)
1434.29: (-0.56, -0.34, 0.76)
1434.40: (-0.54, 0.57, 0.62)
1434.52: (-0.23, 0.96, 0.19)
1434.64: (-0.18, 0.98, 0.07)
1434.75: (-0.35, 0.91, 0.22)
1434.85: (-0.48, 0.83, 0.28)
1434.97: (-0.61, 0.71, 0.35)
1435.00: (-0.61, 0.71, 0.35)
1435.00: (-0.98, 0.16, -0.10): 0
1435.07: (-0.61, 0.71, 0.35)
1435.19: (-0.54, 0.76, 0.37)
1435.30: (-0.54, 0.76, 0.37)
1435.42: (-0.54, 0.76, 0.37)
1435.54: (-0.90, 0.36, 0.26)
1435.65: (-0.93, -0.24, 0.26)
1435.75: (-0.84, -0.39, 0.37)
1435.87: (-1.00, 0.01, 0.07)
1435.99: (-0.98, 0.15, -0.09)
1436.10: (-0.99, 0.11, -0.10)
1436.12: (-0.99, 0.11, -0.10)
1436.12: (0.10, -0.64, 0.76): 2
1436.22: (-0.99, 0.11, -0.10)
1436.34: (-0.99, -0.08, 0.06)
1436.45: (-0.93, -0.34, 0.11)
1436.57: (-0.53, -0.82, 0.19)
1436.69: (0.14, -0.80, 0.58)
1436.80: (-0.02, -0.81, 0.59)
1436.90: (-0.02, -0.82, 0.57)
1437.02: (0.04, -0.79, 0.62)
1437.14: (0.09, -0.68, 0.73)
1437.20: (0.10, -0.67, 0.73)
1437.20: (-0.95, 0.10, 0.29): 0
1437.25: (0.10, -0.67, 0.73)
1437.35: (0.22, -0.65, 0.73)
1437.47: (0.78, -0.21, 0.59)
1437.59: (0.78, -0.05, 0.63)
1437.70: (0.73, -0.11, 0.68)
1437.82: (0.88, 0.01, 0.48)
1437.94: (0.83, 0.55, 0.09)
1438.05: (0.42, 0.90, -0.13)
1438.17: (0.00, 0.96, -0.27)
1438.29: (-0.20, 0.88, -0.42)
1438.39: (-0.53, 0.63, -0.57)
1438.50: (-0.51, 0.68, -0.53)
1438.62: (-0.51, 0.68, -0.53)
1438.73: (-0.64, 0.61, -0.47)
1438.85: (-0.99, 0.03, -0.16)
1438.97: (-0.90, -0.42, 0.14)
1439.08: (-0.85, -0.50, 0.13)
1439.20: (-0.98, 0.00, 0.18)
1439.30: (-0.97, 0.07, 0.23)
1439.40: (-0.95, 0.09, 0.30)
1439.40: (-0.10, 0.98, 0.14): 1
1439.42: (-0.95, 0.09, 0.30)
1439.53: (-0.97, 0.06, 0.25)
1439.65: (-1.00, -0.08, 0.01)
1439.77: (-0.89, -0.19, -0.41)
1439.88: (-0.63, -0.23, -0.74)
1439.98: (-0.42, -0.16, -0.89)
1440.10: (-0.35, 0.15, -0.92)
1440.22: (-0.38, 0.58, -0.72)
1440.33: (-0.35, 0.85, -0.40)
1440.45: (-0.27, 0.87, 0.42)
1440.57: (-0.17, 0.80, 0.58)
1440.68: (-0.23, 0.94, 0.25)
1440.80: (-0.23, 0.95, 0.20)
1440.88: (-0.19, 0.96, 0.20)
1440.88: (-0.34, 0.94, 0.08): 1
1440.92: (-0.13, 0.97, 0.21)
1441.03: (-0.11, 0.97, 0.21)
1441.15: (-0.13, 0.97, 0.20)
1441.27: (-0.36, 0.93, 0.04)
1441.38: (-0.40, 0.91, -0.03)
1441.50: (-0.34, 0.94, 0.04)
1441.55: (-0.34, 0.94, 0.05)
1441.55: (0.97, 0.13, 0.22): 2
1441.62: (-0.34, 0.94, 0.05)
1441.72: (-0.38, 0.92, -0.08)
1441.83: (-0.46, 0.87, -0.16)
1441.93: (-0.58, 0.74, -0.33)
1442.05: (-0.50, 0.28, -0.82)
1442.17: (-0.28, -0.12, -0.95)
1442.28: (-0.30, -0.19, -0.94)
1442.38: (-0.24, -0.45, -0.86)
1442.50: (-0.08, -0.68, -0.73)
1442.62: (0.12, -0.79, -0.59)
1442.73: (0.30, -0.87, -0.40)
1442.85: (0.48, -0.88, -0.07)
1442.97: (0.64, -0.71, 0.30)
1443.08: (0.74, -0.43, 0.52)
1443.18: (0.72, -0.48, 0.50)
1443.30: (0.72, -0.48, 0.50)
1443.42: (0.74, -0.56, 0.38)
1443.53: (0.89, -0.36, 0.26)
1443.65: (0.97, -0.14, 0.22)
1443.75: (0.93, 0.08, 0.36)
1443.87: (0.95, 0.06, 0.31)
1443.88: (0.95, 0.06, 0.31)
1443.88: (0.34, -0.18, -0.92): 1
1443.98: (0.95, 0.06, 0.30)
1444.08: (0.94, 0.09, 0.34)
1444.20: (0.64, 0.49, 0.60)
1444.32: (0.16, 0.67, 0.73)
1444.43: (-0.28, 0.63, 0.72)
1444.55: (-0.19, 0.60, 0.78)
1444.65: (-0.14, 0.58, 0.80)
1444.77: (-0.53, 0.33, 0.78)
1444.88: (-0.88, 0.06, 0.47)
1444.98: (-0.93, 0.28, 0.23)
1445.10: (-0.68, 0.73, 0.03)
1445.22: (-0.31, 0.94, -0.14)
1445.33: (0.06, 0.94, -0.34)
1445.45: (-0.02, 0.88, -0.48)
1445.57: (-0.45, 0.71, -0.55)
1445.68: (-0.78, 0.40, -0.48)
1445.80: (-0.87, 0.12, -0.47)
1445.92: (-0.84, -0.23, -0.49)
1446.03: (-0.73, -0.41, -0.55)
1446.15: (-0.65, -0.56, -0.51)
1446.25: (-0.60, -0.70, -0.40)
1446.37: (-0.61, -0.78, -0.16)
1446.48: (-0.61, -0.79, 0.06)
1446.60: (-0.51, -0.86, 0.05)
1446.72: (-0.51, -0.86, 0.05)
1446.83: (-0.62, -0.79, 0.04)
1446.93: (-0.47, -0.86, -0.17)
1447.05: (0.17, -0.82, -0.55)
1447.17: (0.68, -0.43, -0.60)
1447.27: (0.76, -0.23, -0.61)
1447.38: (0.77, -0.17, -0.62)
1447.50: (0.42, -0.31, -0.85)
1447.62: (0.38, -0.21, -0.90)
1447.68: (0.37, -0.19, -0.91)
1447.68: (0.22, -0.19, -0.96): 0
1447.73: (0.37, -0.19, -0.91)
1447.85: (0.37, -0.19, -0.91)
1447.95: (0.37, -0.20, -0.91)
1448.05: (0.21, -0.23, -0.95)
1448.10: (0.19, -0.23, -0.95)
1448.10: (0.60, -0.72, -0.34): 2
1448.15: (0.19, -0.23, -0.95)
1448.27: (0.26, -0.23, -0.94)
1448.38: (0.22, -0.21, -0.95)
1448.50: (0.30, -0.01, -0.95)
1448.62: (0.75, 0.20, -0.63)
1448.73: (0.23, 0.01, -0.97)
1448.85: (-0.50, -0.13, -0.86)
1448.95: (-0.83, -0.11, -0.55)
1449.07: (-0.93, -0.25, -0.27)
1449.18: (-0.92, -0.40, 0.00)
1449.30: (-0.88, -0.38, -0.29)
1449.42: (-0.15, 0.06, -0.99)
1449.52: (0.76, 0.28, -0.58)
1449.62: (0.96, 0.21, -0.19)
1449.73: (0.96, 0.19, -0.21)
1449.85: (0.94, 0.25, -0.22)
1449.97: (0.89, 0.31, 0.34)
1450.08: (0.68, -0.02, 0.74)
1450.18: (0.42, -0.30, 0.86)
1450.30: (0.35, -0.28, 0.89)
1450.42: (0.42, 0.23, 0.88)
1450.53: (0.33, 0.74, 0.58)
1450.65: (0.42, 0.89, 0.17)
1450.77: (0.63, 0.78, -0.04)
1450.88: (0.78, 0.55, -0.29)
1451.00: (0.78, -0.04, -0.63)
1451.10: (0.47, -0.62, -0.63)
1451.22: (0.07, -0.80, -0.60)
1451.33: (0.25, -0.78, -0.58)
1451.45: (0.57, -0.65, -0.49)
1451.55: (0.53, -0.73, -0.42)
1451.67: (0.55, -0.77, -0.33)
1451.68: (0.55, -0.77, -0.33)
1451.68: (0.95, -0.29, -0.10): 2
1451.78: (0.55, -0.76, -0.33)
1451.90: (0.61, -0.71, -0.36)
1452.02: (0.90, -0.37, -0.24)
1452.13: (0.98, -0.16, -0.11)
1452.25: (0.94, -0.31, -0.11)
1452.32: (0.94, -0.32, -0.10)
1452.32: (-0.93, -0.19, -0.30): 0
1452.37: (0.94, -0.32, -0.10)
1452.47: (0.94, -0.31, -0.10)
1452.58: (0.99, 0.10, -0.07)
1452.70: (0.65, 0.76, 0.01)
1452.82: (-0.10, 0.98, 0.15)
1452.92: (-0.16, 0.95, 0.29)
1453.02: (-0.13, 0.95, 0.27)
1453.13: (-0.19, 0.88, 0.44)
1453.25: (-0.26, 0.50, 0.83)
1453.37: (0.30, 0.39, 0.87)
1453.47: (0.80, 0.38, 0.46)
1453.58: (0.91, 0.35, 0.24)
1453.70: (0.26, 0.66, 0.71)
1453.82: (-0.74, 0.31, 0.60)
1453.93: (-0.75, 0.21, 0.62)
1454.03: (-0.75, 0.21, 0.62)
1454.15: (-0.85, 0.24, 0.47)
1454.25: (-0.99, 0.14, 0.05)
1454.37: (-0.98, 0.06, -0.19)
1454.48: (-0.97, -0.05, -0.24)
1454.60: (-0.95, -0.13, -0.28)
1454.63: (-0.95, -0.14, -0.28)
1454.63: (0.57, -0.21, 0.79): 1
1454.72: (-0.95, -0.14, -0.28)
1454.83: (-0.94, -0.16, -0.29)
1454.93: (-0.71, -0.54, -0.45)
1455.05: (-0.37, -0.77, -0.52)
1455.17: (0.08, -0.88, -0.46)
1455.28: (0.36, -0.84, -0.41)
1455.38: (0.37, -0.84, -0.41)
1455.50: (0.65, -0.71, -0.27)
1455.61: (0.49, -0.80, -0.36)
1455.73: (0.13, -0.89, -0.44)
1455.83: (-0.22, -0.88, -0.42)
1455.95: (-0.90, -0.38, -0.20)
1456.06: (-0.97, 0.24, 0.09)
1456.16: (-0.67, 0.69, 0.28)
1456.28: (-0.38, 0.85, 0.37)
1456.40: (-0.06, 0.85, 0.52)
1456.51: (0.29, 0.60, 0.74)
1456.63: (0.54, 0.54, 0.64)
1456.75: (0.81, 0.55, 0.19)
1456.86: (0.84, 0.44, -0.31)
1456.96: (0.79, 0.30, -0.54)
1457.06: (0.82, 0.33, -0.47)
1457.18: (0.82, 0.36, -0.45)
1457.30: (0.76, 0.21, -0.61)
1457.41: (0.30, -0.31, -0.90)
1457.53: (-0.02, -0.28, -0.96)
1457.63: (-0.25, -0.29, -0.92)
1457.75: (-0.65, -0.48, -0.59)
1457.86: (-0.56, -0.80, -0.20)
1457.98: (-0.11, -0.99, -0.05)
1458.10: (0.24, -0.96, 0.11)
1458.20: (0.21, -0.88, 0.42)
1458.31: (-0.11, -0.76, 0.64)
1458.43: (-0.04, -0.59, 0.80)
1458.55: (-0.04, -0.60, 0.80)
1458.66: (0.26, -0.54, 0.80)
1458.78: (0.55, -0.30, 0.78)
1458.90: (0.60, -0.24, 0.76)
1459.00: (0.55, -0.20, 0.81)
1459.01: (0.55, -0.19, 0.81)
1459.01: (-0.14, 0.45, -0.88): 2
1459.11: (0.55, -0.19, 0.81)
1459.23: (0.54, -0.20, 0.82)
1459.35: (0.39, 0.18, 0.90)
1459.46: (0.27, 0.49, 0.83)
1459.58: (0.34, 0.50, 0.79)
1459.68: (0.34, 0.50, 0.80)
1459.80: (0.41, 0.36, 0.83)
1459.91: (-0.12, 0.83, 0.54)
1460.03: (-0.71, 0.70, 0.07)
1460.15: (-0.84, 0.51, -0.21)
1460.26: (-0.91, 0.22, -0.36)
1460.38: (-0.89, -0.08, -0.46)
1460.50: (-0.73, -0.19, -0.65)
1460.60: (-0.40, -0.09, -0.91)
1460.70: (-0.26, 0.17, -0.95)
1460.81: (-0.25, 0.35, -0.90)
1460.93: (-0.24, 0.36, -0.90)
1461.03: (-0.18, 0.41, -0.89)
1461.03: (-0.93, 0.04, 0.36): 2
1461.05: (-0.18, 0.41, -0.89)
1461.16: (-0.18, 0.41, -0.89)
1461.28: (-0.15, 0.37, -0.92)
1461.40: (0.26, 0.12, -0.96)
1461.51: (0.29, 0.00, -0.96)
1461.61: (0.28, 0.03, -0.96)
1461.73: (0.27, 0.02, -0.96)
1461.85: (-0.15, 0.14, -0.98)
1461.96: (-0.88, 0.38, -0.29)
1462.08: (-0.92, 0.32, 0.23)
1462.20: (-0.90, 0.24, 0.35)
1462.31: (-0.98, 0.03, 0.21)
1462.40: (-0.97, 0.02, 0.24)
1462.40: (-0.93, -0.09, -0.35): 1
1462.43: (-0.97, 0.01, 0.24)
1462.55: (-0.94, 0.03, 0.35)
1462.65: (-0.87, 0.04, 0.50)
1462.76: (-0.99, 0.01, -0.16)
1462.86: (-0.96, -0.01, -0.29)
1462.98: (-0.95, -0.01, -0.32)
1463.00: (-0.95, -0.01, -0.32)
1463.00: (0.31, 0.91, -0.26): 0
1463.10: (-0.95, -0.01, -0.32)
1463.21: (-0.96, -0.07, -0.28)
1463.31: (-0.87, -0.21, -0.44)
1463.43: (-0.65, 0.00, -0.76)
1463.55: (-0.50, 0.36, -0.79)
1463.66: (-0.03, 0.46, -0.89)
1463.78: (0.44, 0.26, -0.86)
1463.90: (0.74, 0.13, -0.66)
1464.01: (0.80, 0.01, -0.59)
1464.13: (0.89, -0.19, -0.41)
1464.25: (0.72, -0.12, -0.68)
1464.36: (-0.05, 0.21, -0.98)
1464.48: (-0.69, 0.44, -0.57)
1464.60: (-0.84, 0.54, -0.06)
1464.71: (-0.70, 0.70, 0.16)
1464.83: (-0.62, 0.72, 0.32)
1464.95: (-0.47, 0.75, 0.47)
1465.06: (-0.03, 0.86, 0.52)
1465.16: (0.28, 0.93, 0.24)
1465.26: (0.36, 0.93, -0.03)
1465.38: (0.37, 0.91, -0.20)
1465.48: (0.30, 0.92, -0.24)
1465.48: (-0.64, 0.68, -0.35): 0
1465.50: (0.30, 0.92, -0.24)
1465.61: (0.29, 0.92, -0.25)
1465.71: (0.28, 0.93, -0.25)
1465.83: (0.08, 0.98, -0.21)
1465.95: (-0.04, 0.95, -0.31)
1466.06: (-0.33, 0.74, -0.59)
1466.18: (-0.78, 0.42, -0.45)
1466.30: (-0.87, 0.42, -0.26)
1466.40: (-0.75, 0.57, -0.33)
1466.51: (-0.69, 0.60, -0.41)
1466.56: (-0.68, 0.61, -0.40)
1466.56: (0.57, -0.73, 0.37): 2
1466.63: (-0.68, 0.61, -0.40)
1466.73: (-0.75, 0.56, -0.36)
1466.85: (-0.84, 0.49, -0.25)
1466.96: (-0.73, 0.68, 0.04)
1467.08: (-0.58, 0.75, 0.30)
1467.18: (-0.33, 0.78, 0.54)
1467.30: (-0.25, 0.71, 0.66)
1467.41: (-0.12, 0.44, 0.89)
1467.53: (-0.17, 0.14, 0.98)
1467.65: (-0.76, 0.24, 0.61)
1467.76: (-0.97, 0.18, 0.19)
1467.88: (-0.99, 0.13, 0.10)
1468.00: (-0.99, 0.14, -0.01)
1468.10: (-0.84, 0.22, 0.50)
1468.21: (-0.05, 0.10, 0.99)
1468.33: (0.72, -0.12, 0.69)
1468.43: (0.97, -0.24, 0.06)
1468.55: (0.97, -0.26, -0.01)
1468.66: (0.97, -0.23, -0.06)
1468.78: (0.72, -0.50, 0.48)
1468.90: (0.71, -0.52, 0.48)
1469.00: (0.75, -0.59, 0.30)
1469.11: (0.66, -0.69, 0.31)
1469.23: (0.60, -0.71, 0.38)
1469.25: (0.59, -0.71, 0.39)
1469.25: (-0.97, -0.18, 0.19): 2
1469.35: (0.59, -0.71, 0.39)
1469.45: (0.71, -0.62, 0.34)
1469.56: (0.71, -0.62, 0.34)
1469.68: (0.71, -0.62, 0.34)
1469.80: (0.88, -0.46, 0.11)
1469.90: (0.98, -0.18, -0.13)
1470.01: (0.81, -0.09, -0.58)
1470.11: (0.56, -0.02, -0.83)
1470.23: (0.25, 0.23, -0.94)
1470.35: (-0.06, 0.39, -0.92)
1470.45: (-0.32, 0.41, -0.85)
1470.56: (-0.72, 0.38, -0.58)
1470.68: (-0.70, 0.36, -0.62)
1470.80: (-0.70, 0.36, -0.62)
1470.90: (-0.70, 0.36, -0.62)
1471.01: (-0.82, 0.10, -0.57)
1471.13: (-0.87, -0.37, -0.32)
1471.25: (-0.75, -0.66, -0.04)
1471.36: (-0.86, -0.51, 0.09)
1471.48: (-0.92, -0.35, 0.19)
1471.59: (-0.94, -0.26, 0.23)
1471.69: (-0.94, -0.23, 0.24)
1471.69: (0.73, -0.57, -0.37): 0
1471.71: (-0.94, -0.23, 0.24)
1471.83: (-0.94, -0.24, 0.25)
1471.94: (-0.86, -0.27, 0.44)
1472.06: (-0.42, -0.16, 0.89)
1472.16: (0.04, -0.07, 1.00)
1472.28: (0.55, 0.03, 0.83)
1472.38: (0.72, 0.07, 0.69)
1472.50: (0.72, 0.09, 0.68)
1472.61: (0.75, 0.14, 0.65)
1472.73: (0.66, 0.31, 0.68)
1472.84: (0.46, 0.49, 0.74)
1472.96: (0.74, 0.57, 0.36)
1473.08: (0.91, 0.40, -0.15)
1473.19: (0.92, 0.33, -0.21)
1473.30: (0.92, 0.34, -0.21)
1473.41: (0.92, 0.34, -0.21)
1473.53: (1.00, 0.01, -0.07)
1473.64: (0.79, -0.60, -0.15)
1473.76: (0.40, -0.84, -0.35)
1473.88: (0.52, -0.74, -0.42)
1473.98: (0.62, -0.66, -0.41)
1474.09: (0.66, -0.62, -0.42)
1474.13: (0.66, -0.62, -0.42)
1474.13: (-0.64, 0.71, -0.29): 0
1474.21: (0.66, -0.62, -0.42)
1474.33: (0.57, -0.62, -0.54)
1474.44: (0.28, -0.44, -0.85)
1474.56: (-0.12, -0.12, -0.99)
1474.68: (-0.40, 0.08, -0.91)
1474.79: (-0.53, 0.28, -0.80)
1474.91: (-0.60, 0.52, -0.61)
1475.03: (-0.63, 0.68, -0.38)
1475.14: (-0.67, 0.68, -0.29)
1475.18: (-0.68, 0.67, -0.30)
1475.18: (-0.07, -0.85, 0.53): 1
1475.26: (-0.68, 0.67, -0.30)
1475.38: (-0.64, 0.68, -0.35)
1475.49: (-0.64, 0.68, -0.35)
1475.59: (-0.65, 0.66, -0.37)
1475.71: (-0.68, 0.73, -0.01)
1475.83: (-0.45, 0.56, 0.69)
1475.94: (-0.28, 0.41, 0.87)
1476.04: (-0.14, 0.29, 0.95)
1476.16: (0.15, 0.12, 0.98)
1476.28: (0.61, 0.00, 0.80)
1476.38: (0.75, -0.20, 0.63)
1476.49: (0.63, -0.42, 0.66)
1476.61: (0.60, -0.48, 0.64)
1476.73: (0.57, -0.53, 0.62)
1476.84: (0.53, -0.32, 0.78)
1476.94: (0.50, -0.30, 0.82)
1477.06: (0.34, -0.02, 0.94)
1477.18: (0.27, 0.13, 0.96)
1477.29: (-0.11, 0.67, 0.73)
1477.39: (-0.51, 0.83, -0.21)
1477.51: (-0.34, 0.14, -0.93)
1477.61: (-0.07, -0.52, -0.85)
1477.73: (0.28, -0.95, -0.12)
1477.84: (0.47, -0.86, 0.17)
1477.96: (0.47, -0.88, 0.12)
1478.06: (0.47, -0.88, 0.12)
1478.18: (0.30, -0.85, 0.43)
1478.29: (0.03, -0.86, 0.52)
1478.41: (-0.06, -0.88, 0.47)
1478.48: (-0.07, -0.88, 0.47)
1478.48: (-0.24, 0.10, -0.96): 0
1478.53: (-0.07, -0.88, 0.47)
1478.64: (-0.06, -0.87, 0.48)
1478.76: (-0.02, -0.90, 0.43)
1478.88: (-0.12, -0.99, -0.12)
1478.98: (-0.19, -0.80, -0.57)
1479.09: (-0.23, -0.21, -0.95)
1479.21: (-0.43, 0.16, -0.89)
1479.33: (-0.49, 0.23, -0.84)
1479.44: (-0.32, 0.20, -0.92)
1479.56: (-0.26, 0.15, -0.95)
1479.56: (-0.47, 0.45, 0.76): 0
1479.56: (-0.26, 0.15, -0.95)
1479.66: (-0.27, 0.15, -0.95)
1479.76: (-0.25, 0.40, -0.88)
1479.88: (-0.12, 0.73, -0.67)
1479.99: (-0.11, 0.73, -0.68)
1480.11: (-0.11, 0.73, -0.68)
1480.23: (-0.15, 0.92, -0.36)
1480.33: (-0.18, 0.98, 0.11)
1480.43: (-0.24, 0.89, 0.39)
1480.54: (-0.15, 0.79, 0.59)
1480.66: (-0.03, 0.71, 0.71)
1480.78: (-0.37, 0.65, 0.66)
1480.89: (-0.46, 0.56, 0.68)
1481.01: (-0.45, 0.43, 0.78)
1481.03: (-0.45, 0.43, 0.78)
1481.03: (-0.69, 0.70, -0.16): 0
1481.13: (-0.45, 0.43, 0.78)
1481.24: (-0.41, 0.48, 0.77)
1481.36: (-0.39, 0.50, 0.78)
1481.48: (-0.37, 0.53, 0.76)
1481.59: (-0.34, 0.81, 0.47)
1481.69: (0.06, 0.72, 0.69)
1481.81: (0.55, 0.39, 0.73)
1481.93: (-0.04, 0.85, 0.53)
1482.04: (-0.45, 0.80, 0.39)
1482.14: (-0.57, 0.75, 0.34)
1482.26: (-0.67, 0.74, 0.00)
1482.38: (-0.71, 0.65, -0.29)
1482.49: (-0.72, 0.65, -0.24)
1482.58: (-0.73, 0.66, -0.19)
1482.58: (1.00, 0.02, 0.00): 1
1482.61: (-0.73, 0.66, -0.19)
1482.71: (-0.73, 0.66, -0.19)
1482.83: (-0.72, 0.67, -0.17)
1482.94: (-0.64, 0.76, -0.05)
1483.06: (-0.39, 0.88, 0.28)
1483.18: (0.12, 0.42, 0.90)
1483.28: (0.26, 0.34, 0.91)
1483.39: (0.37, 0.42, 0.83)
1483.49: (0.70, 0.13, 0.71)
1483.61: (0.81, -0.47, 0.34)
1483.71: (0.82, -0.54, 0.21)
1483.83: (0.82, -0.54, 0.21)
1483.94: (0.87, -0.44, 0.23)
1484.04: (0.97, -0.24, 0.05)
1484.16: (1.00, -0.03, 0.00)
1484.28: (1.00, 0.05, 0.05)
1484.34: (0.99, 0.09, 0.07)
1484.34: (-0.10, 0.81, -0.57): 2
1484.38: (0.99, 0.09, 0.07)
1484.49: (0.99, 0.08, 0.07)
1484.61: (1.00, -0.06, 0.07)
1484.73: (0.78, -0.62, 0.08)
1484.84: (0.27, -0.96, 0.02)
1484.96: (-0.10, -0.99, 0.02)
1485.08: (-0.20, -0.98, -0.03)
1485.19: (-0.63, -0.76, -0.19)
1485.29: (-0.81, -0.58, -0.09)
1485.41: (-0.92, -0.19, -0.35)
1485.53: (-0.92, -0.15, -0.37)
1485.64: (-0.80, -0.09, -0.59)
1485.76: (-0.45, 0.14, -0.88)
1485.88: (-0.06, 0.23, -0.97)
1485.99: (-0.07, 0.11, -0.99)
1486.09: (-0.06, 0.08, -1.00)
1486.21: (-0.20, 0.05, -0.98)
1486.33: (-0.13, 0.54, -0.83)
1486.44: (-0.09, 0.73, -0.68)
1486.54: (-0.10, 0.75, -0.65)
1486.54: (0.99, -0.09, -0.05): 2
1486.56: (-0.10, 0.75, -0.65)
1486.68: (-0.10, 0.75, -0.65)
1486.78: (-0.06, 0.78, -0.63)
1486.88: (0.08, 0.91, -0.42)
1486.99: (0.32, 0.92, 0.21)
1487.11: (0.39, 0.85, 0.36)
1487.23: (0.39, 0.89, 0.23)
1487.33: (0.39, 0.89, 0.23)
1487.44: (0.45, 0.80, 0.41)
1487.56: (0.79, 0.47, 0.39)
1487.66: (0.95, 0.11, 0.28)
1487.78: (0.94, 0.07, 0.32)
1487.89: (0.86, 0.16, 0.49)
1488.01: (0.97, 0.00, 0.23)
1488.11: (0.99, -0.09, 0.11)
1488.16: (0.99, -0.08, 0.10)
1488.16: (0.98, 0.11, 0.13): 2
1488.23: (0.99, -0.07, 0.09)
1488.33: (1.00, -0.03, 0.01)
1488.44: (1.00, 0.04, 0.03)
1488.56: (0.98, 0.15, 0.11)
1488.57: (0.98, 0.15, 0.11)
1488.57: (0.96, -0.11, -0.25): 2
1488.68: (0.98, 0.14, 0.11)
1488.79: (0.98, 0.17, 0.14)
1488.91: (0.99, 0.15, -0.05)
1489.01: (0.98, -0.07, -0.19)
1489.11: (0.98, -0.04, -0.18)
1489.14: (0.98, -0.04, -0.17)
1489.14: (1.00, 0.00, 0.00): 1
1489.23: (0.98, -0.04, -0.17)
1489.34: (0.99, 0.00, -0.15)
1489.46: (1.00, 0.08, 0.03)
1489.51: (1.00, 0.09, 0.04)
1489.51: (0.79, -0.11, -0.61): 0
1489.57: (1.00, 0.09, 0.04)
1489.69: (1.00, 0.01, -0.04)
1489.79: (0.98, 0.06, -0.19)
1489.91: (0.91, 0.10, -0.40)
1490.01: (0.92, 0.00, -0.40)
1490.12: (0.89, -0.08, -0.45)
1490.24: (0.83, -0.03, -0.56)
1490.26: (0.83, -0.03, -0.56)
1490.26: (-0.02, -1.00, -0.07): 1
1490.34: (0.83, -0.03, -0.56)
1490.46: (0.84, -0.03, -0.55)
1490.57: (0.80, -0.08, -0.60)
1490.69: (0.56, 0.19, -0.80)
1490.79: (0.69, 0.12, -0.72)
1490.91: (0.11, 0.69, -0.71)
1491.01: (-0.60, 0.79, -0.13)
1491.12: (-0.62, 0.78, -0.06)
1491.24: (-0.75, 0.42, 0.51)
1491.36: (-0.60, -0.11, 0.79)
1491.46: (-0.48, -0.24, 0.85)
1491.57: (-0.24, -0.40, 0.89)
1491.67: (-0.36, -0.16, 0.92)
1491.79: (-0.41, 0.87, 0.29)
1491.91: (0.32, 0.44, -0.84)
1492.02: (0.52, -0.43, -0.74)
1492.14: (0.56, -0.78, -0.29)
1492.24: (0.56, -0.82, 0.08)
1492.36: (0.38, -0.89, 0.26)
1492.47: (0.09, -0.99, -0.09)
1492.59: (0.03, -0.99, -0.11)
1492.67: (0.02, -1.00, -0.07)
1492.67: (0.16, 0.78, 0.61): 2
1492.71: (0.01, -1.00, -0.05)
1492.82: (0.02, -1.00, -0.08)
1492.94: (0.02, -1.00, -0.08)
1493.04: (0.03, -1.00, -0.08)
1493.16: (-0.17, -0.97, 0.18)
1493.27: (-0.40, -0.81, 0.42)
1493.39: (-0.53, -0.68, 0.50)
1493.51: (-0.76, -0.07, 0.65)
1493.62: (-0.70, 0.11, 0.70)
1493.72: (-0.58, 0.26, 0.77)
1493.84: (-0.26, 0.35, 0.90)
1493.96: (0.27, 0.31, 0.91)
1494.07: (0.55, 0.54, 0.63)
1494.19: (0.33, 0.71, 0.63)
1494.29: (0.19, 0.78, 0.60)
1494.41: (0.08, 0.85, 0.51)
1494.47: (0.07, 0.86, 0.50)
1494.47: (-1.00, 0.03, 0.06): 2
1494.52: (0.07, 0.86, 0.50)
1494.64: (0.10, 0.84, 0.53)
1494.76: (0.07, 0.78, 0.62)
1494.87: (0.07, 0.78, 0.62)
1494.99: (0.09, 0.79, 0.60)
1495.09: (0.11, 0.79, 0.60)
1495.21: (0.13, 0.75, 0.65)
1495.32: (0.15, 0.53, 0.84)
1495.44: (0.25, 0.53, 0.81)
1495.56: (0.57, 0.20, 0.79)
1495.67: (0.61, -0.32, 0.72)
1495.77: (0.55, -0.58, 0.60)
1495.89: (0.38, -0.83, 0.41)
1496.01: (0.05, -0.99, 0.15)
1496.12: (-0.33, -0.93, -0.16)
1496.22: (-0.71, -0.51, -0.48)
1496.34: (-0.82, 0.05, -0.58)
1496.46: (-0.69, 0.49, -0.53)
1496.57: (-0.37, 0.89, -0.28)
1496.69: (-0.15, 0.99, 0.07)
1496.81: (-0.44, 0.88, 0.17)
1496.92: (-0.44, 0.88, 0.17)
1497.04: (-0.66, 0.69, 0.31)
1497.16: (-0.49, 0.41, 0.77)
1497.27: (-0.39, 0.21, 0.90)
1497.39: (-0.78, 0.20, 0.59)
1497.51: (-0.96, 0.20, 0.19)
1497.62: (-0.99, 0.04, 0.15)
1497.74: (-0.99, 0.01, 0.16)
1497.74: (0.00, -0.82, -0.57): 0
1497.74: (-0.99, 0.01, 0.16)
1497.86: (-0.99, 0.01, 0.15)
1497.97: (-0.99, 0.01, 0.10)
1498.07: (-0.96, -0.07, -0.28)
1498.19: (-0.37, -0.02, -0.93)
1498.31: (0.41, -0.20, -0.89)
1498.41: (0.40, -0.28, -0.87)
1498.52: (0.40, -0.28, -0.87)
1498.64: (0.47, -0.18, -0.86)
1498.76: (0.88, 0.08, -0.47)
1498.87: (0.92, 0.39, 0.09)
1498.99: (0.82, 0.45, 0.36)
1499.09: (0.81, 0.23, 0.54)
1499.21: (0.66, -0.25, 0.71)
1499.32: (0.36, -0.65, 0.67)
1499.42: (0.35, -0.68, 0.64)
1499.54: (0.36, -0.68, 0.63)
1499.66: (0.36, -0.68, 0.63)
1499.77: (0.02, -0.66, 0.75)
1499.89: (-0.72, -0.45, 0.53)
1500.01: (-0.82, -0.40, 0.41)
1500.12: (-0.95, -0.29, 0.12)
1500.24: (-0.99, -0.04, 0.14)
1500.36: (-0.87, 0.32, 0.37)
1500.46: (-0.74, 0.54, 0.39)
1500.57: (-0.83, 0.56, 0.04)
1500.67: (-0.88, 0.47, -0.03)
1500.79: (-0.88, 0.47, -0.03)
1500.91: (-0.88, 0.47, -0.03)
1501.02: (-0.88, 0.40, -0.25)
1501.12: (-0.76, -0.01, -0.65)
1501.24: (-0.57, -0.46, -0.68)
1501.34: (-0.21, -0.49, -0.85)
1501.46: (0.02, -0.24, -0.97)
1501.57: (-0.03, -0.38, -0.92)
1501.69: (-0.20, -0.65, -0.74)
1501.81: (-0.17, -0.66, -0.73)
1501.92: (-0.03, -0.72, -0.70)
1502.04: (0.04, -0.77, -0.64)
1502.11: (0.06, -0.78, -0.62)
1502.11: (0.31, -0.21, 0.93): 0
1502.14: (0.06, -0.78, -0.62)
1502.26: (0.06, -0.78, -0.62)
1502.37: (0.05, -0.77, -0.63)
1502.47: (0.05, -0.76, -0.65)
1502.59: (-0.01, -0.66, -0.75)
1502.71: (-0.23, -0.46, -0.86)
1502.82: (-0.56, -0.37, -0.74)
1502.92: (-0.71, -0.37, -0.60)
1503.02: (-0.44, -0.18, -0.88)
1503.14: (0.04, 0.10, -0.99)
1503.26: (0.52, 0.25, -0.82)
1503.37: (0.66, 0.21, -0.72)
1503.49: (0.83, 0.23, -0.52)
1503.61: (0.96, 0.28, 0.03)
1503.72: (0.96, 0.20, 0.18)
1503.82: (0.96, 0.20, 0.18)
1503.94: (0.96, 0.22, 0.18)
1504.06: (0.72, 0.56, 0.41)
1504.17: (0.15, 0.89, 0.43)
1504.29: (-0.18, 0.90, 0.41)
1504.39: (-0.21, 0.88, 0.43)
1504.51: (0.06, 0.68, 0.73)
1504.62: (0.55, -0.12, 0.82)
1504.74: (0.40, -0.68, 0.61)
1504.85: (0.30, -0.77, 0.56)
1504.96: (0.42, -0.43, 0.80)
1505.07: (0.47, -0.24, 0.85)
1505.19: (0.40, -0.25, 0.88)
1505.25: (0.33, -0.27, 0.90)
1505.25: (0.60, -0.21, -0.77): 1
1505.31: (0.33, -0.27, 0.90)
1505.42: (0.33, -0.27, 0.90)
1505.52: (0.24, -0.37, 0.90)
1505.64: (-0.31, -0.70, 0.64)
1505.76: (-0.32, -0.72, 0.61)
1505.87: (-0.32, -0.72, 0.61)
1505.99: (-0.46, -0.74, 0.49)
1506.10: (-0.22, -0.73, 0.65)
1506.22: (0.54, -0.29, 0.79)
1506.32: (0.79, 0.13, 0.59)
1506.42: (0.82, 0.50, 0.28)
1506.54: (0.54, 0.79, -0.28)
1506.64: (0.27, 0.78, -0.56)
1506.76: (0.15, 0.78, -0.61)
1506.87: (-0.04, 0.94, -0.34)
1506.99: (-0.03, 0.99, 0.15)
1507.10: (0.31, 0.59, 0.75)
1507.20: (0.40, -0.26, 0.88)
1507.32: (0.25, -0.87, 0.42)
1507.44: (0.26, -0.96, 0.14)
1507.55: (0.60, -0.76, -0.23)
1507.67: (0.72, -0.42, -0.56)
1507.79: (0.70, -0.38, -0.61)
1507.90: (0.68, -0.30, -0.67)
1508.00: (0.64, -0.30, -0.71)
1508.00: (-0.93, 0.12, -0.34): 0
1508.00: (0.64, -0.30, -0.71)
1508.12: (0.62, -0.24, -0.75)
1508.24: (0.61, -0.18, -0.77)
1508.35: (0.40, 0.09, -0.91)
1508.47: (-0.11, 0.57, -0.81)
1508.59: (-0.10, 0.58, -0.81)
1508.69: (-0.08, 0.57, -0.82)
1508.80: (-0.22, 0.79, -0.58)
1508.92: (-0.26, 0.96, 0.05)
1509.04: (-0.22, 0.88, 0.43)
1509.15: (-0.35, 0.64, 0.69)
1509.25: (-0.55, 0.39, 0.74)
1509.37: (-0.78, 0.36, 0.52)
1509.49: (-0.92, 0.35, 0.20)
1509.60: (-0.92, 0.38, 0.13)
1509.72: (-0.95, 0.27, 0.13)
1509.84: (-0.92, 0.28, -0.28)
1509.94: (-0.74, 0.31, -0.60)
1510.05: (-0.78, 0.26, -0.57)
1510.15: (-0.86, 0.15, -0.49)
1510.22: (-0.88, 0.13, -0.45)
1510.22: (0.60, 0.06, 0.80): 2
1510.27: (-0.88, 0.13, -0.45)
1510.39: (-0.88, 0.15, -0.46)
1510.50: (-0.88, 0.17, -0.43)
1510.62: (-0.82, 0.42, -0.38)
1510.74: (-0.82, 0.42, -0.38)
1510.84: (-0.82, 0.43, -0.38)
1510.95: (-0.94, 0.01, -0.35)
1511.07: (-0.79, -0.60, -0.08)
1511.19: (-0.77, -0.64, 0.00)
1511.29: (-0.80, -0.60, 0.00)
1511.40: (-0.87, -0.50, -0.03)
1511.52: (-0.69, -0.69, 0.21)
1511.62: (-0.53, -0.59, 0.61)
1511.74: (-0.20, -0.31, 0.93)
1511.85: (-0.03, -0.03, 1.00)
1511.97: (0.04, 0.24, 0.97)
1512.09: (0.37, 0.36, 0.85)
1512.20: (0.75, 0.07, 0.66)
1512.32: (0.67, 0.08, 0.74)
1512.42: (0.66, 0.08, 0.75)
1512.42: (0.83, -0.43, -0.36): 1
1512.44: (0.66, 0.08, 0.75)
1512.54: (0.66, 0.08, 0.75)
1512.64: (0.66, 0.08, 0.75)
1512.75: (0.76, 0.01, 0.65)
1512.87: (0.89, -0.08, 0.46)
1512.97: (0.89, -0.08, 0.46)
1513.09: (0.89, -0.08, 0.46)
1513.20: (0.94, -0.32, 0.10)
1513.32: (0.77, -0.52, -0.37)
1513.44: (0.77, -0.52, -0.36)
1513.55: (0.79, -0.51, -0.34)
1513.57: (0.80, -0.50, -0.34)
1513.57: (-0.75, -0.01, -0.66): 2
1513.67: (0.82, -0.47, -0.34)
1513.79: (0.82, -0.44, -0.36)
1513.90: (0.61, -0.56, -0.57)
1514.02: (0.02, -0.49, -0.87)
1514.12: (0.01, -0.49, -0.87)
1514.24: (-0.03, -0.51, -0.86)
1514.35: (-0.17, -0.73, -0.66)
1514.47: (-0.14, -0.87, -0.47)
1514.59: (-0.25, -0.79, -0.56)
1514.70: (-0.61, -0.31, -0.73)
1514.82: (-0.69, -0.01, -0.73)
1514.92: (-0.70, 0.02, -0.71)
1515.02: (-0.71, 0.00, -0.71)
1515.04: (-0.71, -0.01, -0.71)
1515.04: (-0.98, -0.10, 0.16): 2
1515.14: (-0.71, -0.01, -0.71)
1515.25: (-0.65, -0.04, -0.76)
1515.35: (-0.65, -0.04, -0.76)
1515.47: (-0.59, -0.26, -0.76)
1515.59: (-0.94, 0.13, -0.31)
1515.70: (-0.96, 0.22, -0.19)
1515.82: (-0.96, 0.23, -0.18)
1515.92: (-0.99, -0.02, -0.14)
1516.04: (-1.00, -0.09, -0.04)
1516.15: (-1.00, -0.08, 0.00)
1516.19: (-1.00, -0.08, 0.00)
1516.19: (-0.34, -0.78, -0.53): 2
1516.27: (-1.00, -0.08, 0.00)
1516.39: (-0.99, -0.10, 0.03)
1516.50: (-0.98, 0.07, 0.17)
1516.60: (-0.69, 0.51, 0.52)
1516.72: (-0.72, 0.54, 0.44)
1516.84: (-0.74, 0.50, 0.45)
1516.94: (-0.59, 0.50, 0.64)
1517.05: (-0.38, 0.50, 0.78)
1517.17: (-0.16, 0.46, 0.88)
1517.29: (0.12, 0.53, 0.84)
1517.39: (0.44, 0.63, 0.63)
1517.50: (0.57, 0.79, 0.25)
1517.62: (0.58, 0.81, -0.09)
1517.74: (0.68, 0.70, -0.24)
1517.85: (0.85, 0.52, -0.04)
1517.95: (0.84, 0.26, 0.47)
1518.07: (0.72, 0.13, 0.68)
1518.19: (0.78, 0.10, 0.61)
1518.29: (0.80, 0.14, 0.59)
1518.39: (0.80, 0.14, 0.59)
1518.50: (0.90, 0.12, 0.41)
1518.62: (0.91, 0.08, -0.40)
1518.74: (0.65, -0.03, -0.76)
1518.85: (0.54, -0.16, -0.82)
1518.95: (0.25, -0.33, -0.91)
1519.07: (0.02, -0.36, -0.93)
1519.19: (-0.25, -0.39, -0.89)
1519.29: (-0.41, -0.50, -0.76)
1519.40: (-0.34, -0.71, -0.61)
1519.52: (-0.39, -0.73, -0.56)
1519.62: (-0.43, -0.74, -0.51)
1519.64: (-0.43, -0.74, -0.51)
1519.64: (0.69, 0.66, 0.28): 2
1519.74: (-0.43, -0.74, -0.51)
1519.84: (-0.41, -0.75, -0.52)
1519.95: (-0.39, -0.74, -0.54)
1520.05: (-0.37, -0.73, -0.58)
1520.17: (-0.37, -0.73, -0.58)
1520.29: (-0.49, -0.78, -0.39)
1520.39: (-0.60, -0.80, 0.04)
1520.50: (-0.62, -0.70, 0.35)
1520.62: (-0.64, -0.54, 0.55)
1520.72: (-0.62, -0.53, 0.57)
1520.84: (-0.54, -0.68, 0.49)
1520.95: (-0.25, -0.96, 0.14)
1521.07: (0.00, -0.99, -0.11)
1521.17: (0.07, -0.83, -0.55)
1521.27: (0.12, -0.43, -0.90)
1521.39: (0.10, 0.32, -0.94)
1521.50: (-0.04, 0.82, -0.57)
1521.60: (-0.15, 0.90, -0.40)
1521.72: (-0.29, 0.84, -0.45)
1521.84: (-0.14, 0.17, -0.98)
1521.94: (0.38, -0.73, -0.58)
1522.05: (0.46, -0.87, -0.18)
1522.17: (0.44, -0.86, -0.26)
1522.29: (0.45, -0.85, -0.26)
1522.40: (0.62, -0.79, -0.02)
1522.52: (0.61, -0.62, 0.50)
1522.63: (0.41, -0.43, 0.80)
1522.75: (0.14, -0.21, 0.97)
1522.87: (-0.12, -0.04, 0.99)
1522.98: (-0.46, -0.08, 0.88)
1523.10: (-0.68, -0.20, 0.70)
1523.22: (-0.80, -0.28, 0.54)
1523.33: (-0.86, -0.20, 0.47)
1523.43: (-0.94, 0.08, 0.34)
1523.55: (-0.95, 0.29, -0.08)
1523.65: (-0.91, 0.24, -0.34)
1523.77: (-0.94, 0.24, -0.26)
1523.88: (-0.66, 0.42, 0.62)
1524.00: (-0.08, 0.36, 0.93)
1524.12: (0.21, 0.45, 0.87)
1524.23: (0.28, 0.45, 0.85)
1524.35: (0.28, 0.45, 0.85)
1524.47: (0.39, 0.47, 0.79)
1524.57: (0.58, 0.59, 0.56)
1524.68: (0.67, 0.62, 0.41)
1524.80: (0.71, 0.65, 0.27)
1524.88: (0.69, 0.68, 0.24)
1524.88: (-0.52, -0.07, -0.85): 0
1524.90: (0.69, 0.68, 0.24)
1525.02: (0.69, 0.67, 0.27)
1525.13: (0.61, 0.74, 0.29)
1525.25: (0.17, 0.98, 0.02)
1525.37: (-0.39, 0.90, -0.17)
1525.48: (-0.81, 0.55, -0.19)
1525.60: (-0.97, 0.18, -0.18)
1525.72: (-0.95, 0.11, -0.28)
1525.83: (-0.82, 0.05, -0.58)
1525.95: (-0.55, 0.04, -0.84)
1526.07: (-0.55, 0.03, -0.84)
1526.13: (-0.55, 0.02, -0.83)
1526.13: (-0.99, -0.07, 0.12): 0
1526.18: (-0.56, 0.02, -0.83)
1526.30: (-0.60, -0.04, -0.80)
1526.40: (-0.58, -0.29, -0.76)
1526.52: (-0.63, -0.26, -0.73)
1526.63: (-0.62, -0.26, -0.74)
1526.75: (-0.10, -0.67, -0.73)
1526.87: (0.42, -0.80, -0.43)
1526.98: (0.44, -0.86, -0.25)
1527.10: (0.43, -0.89, -0.17)
1527.20: (0.08, -0.88, -0.47)
1527.32: (-0.56, -0.56, -0.61)
1527.43: (-0.78, -0.63, -0.02)
1527.53: (-0.61, -0.57, 0.56)
1527.65: (-0.54, -0.46, 0.70)
1527.77: (-0.93, -0.26, 0.27)
1527.87: (-0.97, -0.24, 0.05)
1527.98: (-0.98, -0.18, 0.06)
1528.00: (-0.98, -0.18, 0.06)
1528.00: (-0.83, -0.37, -0.42): 2
1528.10: (-0.98, -0.16, 0.10)
1528.22: (-0.98, -0.14, 0.11)
1528.33: (-0.97, -0.19, -0.16)
1528.45: (-0.86, -0.32, -0.40)
1528.55: (-0.88, -0.30, -0.37)
1528.63: (-0.88, -0.30, -0.36)
1528.63: (0.10, 0.64, -0.76): 1
1528.67: (-0.88, -0.30, -0.36)
1528.78: (-0.87, -0.31, -0.38)
1528.90: (-0.87, -0.33, -0.37)
1529.02: (-0.71, -0.70, -0.07)
1529.13: (-0.08, -1.00, 0.03)
1529.25: (0.13, -0.99, -0.07)
1529.35: (0.30, -0.94, 0.16)
1529.47: (0.35, -0.92, 0.19)
1529.57: (-0.13, -0.97, -0.19)
1529.68: (-0.77, -0.37, -0.52)
1529.80: (-0.82, 0.40, -0.41)
1529.92: (-0.46, 0.88, -0.12)
1530.03: (0.14, 0.99, -0.04)
1530.15: (0.51, 0.86, -0.04)
1530.25: (0.46, 0.86, 0.22)
1530.37: (0.25, 0.68, 0.69)
1530.48: (0.21, 0.70, 0.69)
1530.60: (0.22, 0.96, -0.18)
1530.72: (0.11, 0.87, -0.48)
1530.82: (0.12, 0.85, -0.51)
1530.93: (0.15, 0.72, -0.68)
1531.03: (0.14, 0.67, -0.73)
1531.03: (-0.12, -0.95, 0.29): 0
1531.03: (0.14, 0.67, -0.73)
1531.13: (0.14, 0.67, -0.73)
1531.25: (0.09, 0.79, -0.60)
1531.37: (-0.21, 0.87, -0.45)
1531.47: (-0.67, 0.64, -0.38)
1531.58: (-0.95, -0.10, -0.29)
1531.70: (-0.76, -0.64, -0.11)
1531.82: (-0.76, -0.64, -0.11)
1531.93: (-0.76, -0.63, -0.11)
1532.05: (-0.48, -0.88, 0.03)
1532.17: (-0.01, -0.98, 0.21)
1532.27: (-0.01, -0.98, 0.21)
1532.38: (-0.09, -0.97, 0.20)
1532.43: (-0.09, -0.97, 0.21)
END