3/28/2023 12:20:06 PM
Mode: Default
White time (s): [2.082581, 1.832947, 4.46582, 1.999756, 2.633179, 2.032776, 1.416443, 1.399597, 1.733093, 2.482971, 1.449646, 0.9831543, 0.6833496, 1.250061, 0.7997437, 0.5501099, 0.949585, 1.532837, 3.716003, 1.033264, 0.9163818, 1.233398, 2.315918, 0.7997437, 1.233093, 3.232849, 1.249634, 4.265869, 1.249817, 0.5164185]
Shot time (s): [2.316589, 0.9163818, 1.566284, 3.515808, 4.765747, 1.449402, 1.549805, 3.282532, 2.066528, 1.316223, 1.966187, 1.566528, 0.8167114, 1.999512, 0.8665771, 1.566223, 1.949524, 1.21637, 2.016235, 1.283142, 1.616699, 2.649536, 1.216736, 1.866211, 1.30011, 1.333069, 0.9165649, 1.049988, 1.132751, 0.9998779]
Step time (s): [2.782776, 1.432617, 0.6833496, 3.982544, 1.683044, 0.7832031, 1.066772, 0.616394, 0.9998169, 1.649536, 1.349792, 0.6832886, 0.5997925, 0.9498291, 1.999329, 0.7169189, 1.899414, 1.549316, 1.216614, 2.083008, 3.79895, 0.8832397, 2.265991, 1.782532, 1.349854, 0.4997559, 1.949524, 1.382751, 1.899719, 2.566406]
White horz (deg): [201.2499, 182.7699, 355.2502, 217.77, 222.25, 250.6, 140.84, 164.92, 241.9199, 323.12, 157.0099, 86.79997, 49.62997, 139.44, 86.44997, 39.26999, 76.15997, 106.05, 379.9599, 70.41997, 94.70997, 136.36, 197.6099, 81.89997, 175.42, 241.99, 130.55, 457.52, 133.7, 4.129999]
Shot horz (deg): [242.48, 84.34996, 93.79996, 329.56, 512.8199, 166.11, 276.43, 304.7099, 232.05, 156.59, 176.6099, 132.79, 97.29997, 297.5, 60.40998, 228.4099, 302.54, 155.2599, 300.7199, 145.95, 132.3, 250.95, 183.05, 175.42, 192.92, 154.77, 109.5499, 85.04997, 77.20998, 102.2]
Step horz (deg): [338.5199, 108.5, 14.91, 425.9499, 156.4499, 58.16999, 137.69, 50.46999, 89.03996, 240.87, 137.97, 54.80998, 45.14997, 99.67994, 191.8, 43.46999, 225.9599, 179.3399, 118.5799, 248.9899, 360.01, 76.99997, 293.79, 189, 109.2, 33.87999, 217, 144.2, 230.2299, 253.19]
White vert (deg): [185.01, 137.9, 420.8398, 94.14995, 151.27, 146.65, 68.03996, 40.66998, 84.34995, 130.4799, 106.4, 63.83998, 36.67999, 67.05997, 45.21999, 12.46, 40.10998, 70.97999, 344.8199, 93.58995, 27.29999, 84.48995, 177.38, 14.55999, 60.12999, 312.55, 126.21, 311.0799, 84.90999, 19.31999]
Shot vert (deg): [179.2, 68.18, 141.33, 239.3299, 308.0699, 79.23997, 87.00996, 228.97, 178.64, 110.88, 120.96, 109.9, 21.14, 99.25993, 63.83998, 75.45998, 123.4099, 65.23999, 105.7699, 115.9899, 108.85, 137.1299, 67.47997, 158.06, 89.24999, 60.12998, 59.91999, 73.63997, 38.14999, 69.36997]
Step vert (deg): [193.76, 90.01996, 61.66998, 209.23, 152.11, 44.72999, 36.11998, 33.52999, 44.30998, 75.24998, 78.18996, 29.18999, 15.39999, 35.62999, 114.1, 51.09998, 104.2299, 142.8699, 67.89996, 127.26, 304.1499, 26.24999, 104.16, 72.02995, 92.39995, 34.36999, 141.0499, 70.41995, 90.99995, 227.64]

Time in sec: camera forward versor
Time in sec: target versor: sound type (0 = White, 1 = Shot, 2 = Step)
START
714.79: (-0.54, 0.46, 0.70): 0
714.79: (0.97, -0.25, -0.06)
714.91: (0.97, -0.25, -0.06)
715.03: (0.96, -0.26, -0.06)
715.14: (0.98, -0.19, -0.03)
715.24: (0.98, -0.18, 0.04)
715.36: (0.85, -0.52, 0.04)
715.48: (0.58, -0.82, -0.02)
715.59: (0.25, -0.97, -0.04)
715.71: (-0.14, -0.98, -0.14)
715.83: (-0.53, -0.82, -0.21)
715.93: (-0.71, -0.69, -0.14)
716.04: (-0.71, -0.70, 0.09)
716.16: (-0.61, -0.60, 0.52)
716.28: (-0.52, -0.40, 0.76)
716.39: (-0.39, -0.04, 0.92)
716.51: (-0.12, 0.13, 0.98)
716.63: (-0.21, 0.41, 0.88)
716.74: (-0.50, 0.48, 0.72)
716.86: (-0.54, 0.48, 0.69)
716.88: (-0.54, 0.48, 0.69)
716.88: (-1.00, 0.01, 0.09): 2
716.96: (-0.54, 0.48, 0.69)
717.06: (-0.54, 0.42, 0.73)
717.18: (-0.53, 0.14, 0.84)
717.29: (-0.44, -0.36, 0.82)
717.41: (-0.27, -0.67, 0.69)
717.51: (-0.14, -0.70, 0.70)
717.63: (0.20, -0.78, 0.59)
717.74: (0.52, -0.84, 0.14)
717.86: (0.68, -0.53, -0.50)
717.98: (0.66, -0.29, -0.69)
718.08: (0.68, -0.06, -0.73)
718.19: (0.85, 0.04, -0.52)
718.29: (0.95, 0.20, -0.26)
718.41: (0.72, 0.60, -0.33)
718.51: (0.60, 0.74, -0.31)
718.63: (0.31, 0.93, -0.21)
718.74: (-0.23, 0.96, -0.15)
718.86: (-0.67, 0.73, -0.09)
718.98: (-0.71, 0.70, -0.12)
719.09: (-0.71, 0.70, -0.12)
719.21: (-0.72, 0.68, -0.12)
719.33: (-0.95, 0.30, 0.03)
719.43: (-0.99, 0.14, 0.02)
719.54: (-0.99, 0.17, 0.00)
719.66: (-0.99, 0.16, 0.01)
719.66: (0.72, -0.52, 0.46): 1
719.66: (-0.99, 0.16, 0.01)
719.78: (-1.00, -0.03, 0.07)
719.88: (-1.00, -0.03, 0.07)
719.99: (-1.00, 0.06, 0.02)
720.11: (-0.85, 0.52, -0.02)
720.23: (-0.57, 0.82, 0.11)
720.33: (-0.80, 0.60, 0.05)
720.44: (-0.99, -0.07, -0.13)
720.56: (-0.94, -0.33, 0.04)
720.66: (-0.84, -0.41, 0.35)
720.78: (-0.64, -0.45, 0.63)
720.89: (-0.41, -0.58, 0.70)
721.01: (-0.02, -0.70, 0.71)
721.13: (0.41, -0.77, 0.49)
721.24: (0.74, -0.67, 0.11)
721.34: (0.78, -0.63, 0.01)
721.46: (0.78, -0.63, 0.01)
721.58: (0.73, -0.67, 0.17)
721.68: (0.71, -0.66, 0.26)
721.79: (0.67, -0.65, 0.35)
721.91: (0.67, -0.61, 0.42)
721.98: (0.67, -0.59, 0.45)
721.98: (-0.64, 0.01, 0.77): 2
722.03: (0.67, -0.59, 0.45)
722.14: (0.65, -0.60, 0.47)
722.26: (0.54, -0.68, 0.49)
722.38: (0.44, -0.74, 0.51)
722.49: (0.30, -0.78, 0.55)
722.59: (0.12, -0.79, 0.60)
722.71: (-0.19, -0.67, 0.72)
722.83: (-0.33, -0.25, 0.91)
722.94: (-0.18, 0.08, 0.98)
723.06: (-0.16, 0.40, 0.90)
723.16: (-0.37, 0.21, 0.90)
723.28: (-0.49, 0.07, 0.87)
723.39: (-0.49, 0.07, 0.87)
723.41: (-0.49, 0.07, 0.87)
723.41: (-0.09, 0.14, 0.99): 2
723.51: (-0.53, 0.08, 0.84)
723.63: (-0.71, 0.05, 0.70)
723.74: (-0.76, 0.04, 0.64)
723.84: (-0.55, 0.05, 0.84)
723.96: (-0.32, 0.14, 0.94)
724.08: (-0.21, 0.16, 0.96)
724.09: (-0.21, 0.16, 0.96)
724.09: (0.85, -0.29, 0.44): 1
724.19: (-0.20, 0.16, 0.97)
724.31: (0.00, 0.11, 0.99)
724.43: (0.29, 0.06, 0.96)
724.54: (0.45, -0.26, 0.85)
724.66: (0.55, -0.56, 0.61)
724.78: (0.69, -0.59, 0.42)
724.89: (0.85, -0.28, 0.45)
725.01: (0.86, -0.19, 0.48)
725.01: (-0.83, -0.43, 0.35): 2
725.01: (0.86, -0.19, 0.48)
725.13: (0.86, -0.23, 0.45)
725.24: (0.87, -0.37, 0.32)
725.36: (0.77, -0.64, 0.06)
725.46: (0.47, -0.86, -0.21)
725.56: (0.07, -0.93, -0.36)
725.68: (-0.15, -0.84, -0.52)
725.78: (-0.22, -0.71, -0.66)
725.88: (-0.33, -0.58, -0.74)
725.99: (-0.62, -0.26, -0.74)
726.09: (-0.79, 0.03, -0.62)
726.19: (-0.85, 0.23, -0.48)
726.31: (-0.84, 0.50, -0.21)
726.43: (-0.74, 0.61, -0.28)
726.54: (-0.52, 0.74, -0.42)
726.64: (-0.29, 0.85, -0.45)
726.74: (-0.01, 0.90, -0.44)
726.86: (0.27, 0.81, -0.53)
726.98: (0.35, 0.60, -0.72)
727.09: (0.35, 0.57, -0.75)
727.21: (0.35, 0.57, -0.75)
727.31: (0.35, 0.57, -0.75)
727.43: (0.42, 0.37, -0.83)
727.54: (0.58, -0.05, -0.81)
727.66: (0.52, -0.26, -0.81)
727.78: (0.30, -0.39, -0.87)
727.89: (-0.03, -0.64, -0.77)
727.99: (-0.18, -0.72, -0.67)
728.09: (-0.24, -0.77, -0.59)
728.21: (-0.29, -0.90, -0.33)
728.33: (-0.48, -0.88, -0.08)
728.44: (-0.67, -0.74, 0.04)
728.54: (-0.80, -0.56, 0.21)
728.66: (-0.81, -0.33, 0.48)
728.78: (-0.83, -0.30, 0.48)
728.89: (-0.84, -0.44, 0.33)
728.99: (-0.83, -0.45, 0.32)
728.99: (0.83, 0.56, -0.07): 0
729.01: (-0.83, -0.45, 0.32)
729.12: (-0.87, -0.40, 0.28)
729.24: (-0.97, -0.23, 0.06)
729.36: (-0.99, 0.05, -0.12)
729.47: (-0.88, 0.47, -0.10)
729.59: (-0.72, 0.67, -0.16)
729.71: (-0.56, 0.82, -0.15)
729.82: (-0.17, 0.98, 0.11)
729.92: (0.21, 0.92, 0.33)
730.04: (0.53, 0.74, 0.41)
730.16: (0.74, 0.50, 0.45)
730.27: (0.79, 0.41, 0.45)
730.39: (0.93, 0.19, 0.31)
730.51: (0.99, 0.17, -0.03)
730.62: (0.92, 0.38, -0.04)
730.74: (0.87, 0.49, -0.01)
730.82: (0.87, 0.49, -0.02)
730.82: (-0.59, -0.81, 0.01): 0
730.86: (0.87, 0.49, -0.02)
730.97: (0.86, 0.51, -0.04)
731.09: (0.69, 0.71, -0.11)
731.21: (0.64, 0.74, -0.22)
731.32: (0.55, 0.68, -0.48)
731.44: (0.63, 0.40, -0.67)
731.56: (0.67, 0.12, -0.74)
731.66: (0.67, -0.09, -0.74)
731.77: (0.71, -0.41, -0.57)
731.87: (0.65, -0.61, -0.45)
731.99: (0.53, -0.78, -0.33)
732.11: (0.41, -0.91, 0.02)
732.22: (0.22, -0.93, 0.31)
732.34: (0.10, -0.83, 0.55)
732.46: (0.15, -0.70, 0.70)
732.56: (0.20, -0.34, 0.92)
732.67: (0.20, -0.07, 0.98)
732.79: (0.20, -0.07, 0.98)
732.89: (0.20, -0.07, 0.98)
733.01: (0.22, -0.06, 0.97)
733.12: (0.53, -0.38, 0.76)
733.24: (0.70, -0.68, 0.22)
733.36: (0.72, -0.68, -0.12)
733.46: (0.84, -0.44, -0.30)
733.57: (0.95, -0.04, -0.31)
733.69: (0.85, 0.35, -0.39)
733.81: (0.62, 0.66, -0.42)
733.91: (0.36, 0.85, -0.39)
734.02: (0.04, 0.95, -0.31)
734.14: (-0.29, 0.94, -0.20)
734.26: (-0.61, 0.79, -0.04)
734.37: (-0.86, 0.49, 0.15)
734.47: (-0.96, 0.08, 0.28)
734.59: (-0.83, -0.35, 0.43)
734.71: (-0.82, -0.35, 0.46)
734.82: (-0.82, -0.35, 0.46)
734.92: (-0.83, -0.33, 0.46)
735.02: (-0.74, -0.64, 0.18)
735.14: (-0.61, -0.79, 0.00)
735.26: (-0.60, -0.80, -0.01)
735.29: (-0.60, -0.80, -0.01)
735.29: (0.96, 0.28, 0.00): 1
735.36: (-0.60, -0.80, -0.01)
735.47: (-0.58, -0.81, -0.02)
735.57: (-0.34, -0.94, -0.08)
735.69: (0.14, -0.99, 0.02)
735.81: (0.44, -0.89, 0.09)
735.92: (0.66, -0.75, 0.01)
736.04: (0.87, -0.47, -0.15)
736.14: (0.94, -0.21, -0.26)
736.26: (0.88, 0.04, -0.47)
736.37: (0.80, 0.26, -0.54)
736.49: (0.91, 0.29, -0.31)
736.61: (0.94, 0.25, -0.24)
736.72: (0.96, 0.20, -0.17)
736.84: (0.99, 0.15, -0.09)
736.86: (0.99, 0.14, -0.08)
736.86: (0.36, 0.45, -0.82): 2
736.94: (0.99, 0.13, -0.08)
737.06: (0.99, 0.09, -0.08)
737.17: (0.99, -0.03, -0.12)
737.29: (0.92, -0.40, 0.00)
737.41: (0.73, -0.67, 0.14)
737.52: (0.56, -0.79, 0.24)
737.64: (0.65, -0.75, 0.13)
737.76: (0.89, -0.43, -0.16)
737.87: (0.95, 0.08, -0.30)
737.99: (0.83, 0.42, -0.37)
738.11: (0.57, 0.68, -0.46)
738.21: (0.47, 0.70, -0.54)
738.32: (0.46, 0.51, -0.72)
738.44: (0.35, 0.43, -0.83)
738.54: (0.33, 0.43, -0.84)
738.54: (0.97, 0.10, -0.22): 2
738.56: (0.33, 0.43, -0.84)
738.66: (0.33, 0.43, -0.84)
738.77: (0.47, 0.25, -0.85)
738.89: (0.67, 0.08, -0.74)
739.01: (0.83, -0.05, -0.55)
739.12: (0.94, -0.09, -0.33)
739.24: (0.96, 0.05, -0.26)
739.32: (0.97, 0.14, -0.19)
739.32: (-0.90, -0.16, -0.41): 0
739.34: (0.97, 0.15, -0.19)
739.46: (0.97, 0.14, -0.19)
739.56: (0.99, 0.07, -0.14)
739.67: (0.98, -0.12, 0.13)
739.79: (0.98, -0.21, 0.03)
739.91: (0.94, -0.13, -0.31)
740.02: (0.85, 0.06, -0.53)
740.12: (0.67, 0.21, -0.71)
740.24: (0.37, 0.28, -0.88)
740.36: (0.10, 0.31, -0.94)
740.47: (-0.14, 0.33, -0.94)
740.59: (-0.34, 0.37, -0.86)
740.69: (-0.62, 0.39, -0.69)
740.81: (-0.94, 0.21, -0.26)
740.92: (-0.99, 0.15, 0.01)
741.04: (-0.99, 0.07, -0.15)
741.16: (-0.94, -0.10, -0.33)
741.26: (-0.90, -0.15, -0.40)
741.32: (-0.89, -0.16, -0.42)
741.32: (0.85, -0.26, -0.46): 1
741.37: (-0.88, -0.17, -0.43)
741.49: (-0.86, -0.24, -0.45)
741.61: (-0.82, -0.36, -0.44)
741.72: (-0.83, -0.35, -0.45)
741.84: (-0.83, -0.35, -0.45)
741.96: (-0.82, -0.31, -0.47)
742.07: (-0.57, -0.09, -0.82)
742.17: (-0.06, 0.17, -0.98)
742.29: (0.37, 0.40, -0.84)
742.41: (0.41, 0.46, -0.79)
742.52: (0.51, 0.56, -0.65)
742.64: (0.61, 0.65, -0.45)
742.76: (0.67, 0.74, -0.08)
742.87: (0.61, 0.77, 0.19)
742.99: (0.60, 0.72, 0.36)
743.11: (0.62, 0.52, 0.59)
743.21: (0.69, 0.20, 0.69)
743.32: (0.77, -0.14, 0.62)
743.44: (0.71, -0.54, 0.46)
743.56: (0.91, -0.37, 0.21)
743.67: (0.98, 0.09, 0.15)
743.79: (0.83, 0.51, 0.22)
743.89: (0.83, 0.52, 0.18)
744.01: (0.99, 0.00, -0.10)
744.12: (0.98, -0.11, -0.18)
744.24: (0.97, -0.17, -0.17)
744.36: (0.87, -0.30, -0.38)
744.46: (0.72, -0.45, -0.53)
744.57: (0.72, -0.45, -0.53)
744.67: (0.75, -0.41, -0.52)
744.79: (0.78, -0.35, -0.52)
744.84: (0.78, -0.35, -0.51)
744.84: (0.12, -0.54, 0.83): 0
744.91: (0.78, -0.35, -0.51)
745.01: (0.80, -0.33, -0.51)
745.12: (0.86, -0.19, -0.48)
745.24: (0.91, 0.03, -0.42)
745.36: (0.88, 0.34, -0.33)
745.47: (0.77, 0.60, -0.22)
745.59: (0.65, 0.75, -0.08)
745.71: (0.78, 0.62, 0.10)
745.82: (0.93, 0.18, 0.31)
745.94: (0.78, -0.46, 0.43)
746.05: (0.41, -0.86, 0.31)
746.17: (0.17, -0.97, 0.15)
746.29: (0.17, -0.97, 0.15)
746.39: (0.17, -0.97, 0.15)
746.50: (0.01, -0.98, 0.21)
746.62: (-0.08, -0.96, 0.25)
746.74: (-0.06, -0.83, 0.55)
746.85: (-0.05, -0.61, 0.79)
746.96: (0.05, -0.41, 0.91)
747.07: (0.09, -0.36, 0.93)
747.19: (0.16, -0.46, 0.87)
747.30: (0.18, -0.51, 0.84)
747.41: (0.17, -0.53, 0.83)
747.47: (0.17, -0.54, 0.83)
747.47: (-0.09, 0.77, 0.63): 0
747.52: (0.17, -0.54, 0.83)
747.64: (0.15, -0.56, 0.81)
747.75: (0.15, -0.57, 0.81)
747.87: (-0.05, -0.69, 0.73)
747.97: (-0.36, -0.77, 0.52)
748.09: (-0.39, -0.80, 0.46)
748.20: (-0.18, -0.68, 0.71)
748.30: (0.02, -0.41, 0.91)
748.42: (0.18, -0.18, 0.97)
748.54: (0.46, 0.24, 0.85)
748.64: (0.62, 0.57, 0.53)
748.75: (0.61, 0.79, 0.04)
748.87: (0.45, 0.84, -0.31)
748.99: (0.30, 0.82, -0.48)
749.09: (0.22, 0.96, -0.19)
749.20: (0.11, 0.91, 0.40)
749.32: (0.01, 0.79, 0.61)
749.42: (0.01, 0.79, 0.61)
749.50: (-0.01, 0.80, 0.59)
749.50: (-0.81, -0.57, 0.14): 0
749.54: (-0.01, 0.80, 0.59)
749.65: (-0.01, 0.82, 0.57)
749.75: (0.07, 0.92, 0.38)
749.87: (0.25, 0.91, 0.34)
749.99: (0.25, 0.91, 0.34)
750.10: (0.15, 0.81, 0.57)
750.22: (-0.34, 0.38, 0.86)
750.32: (-0.59, 0.15, 0.79)
750.44: (-0.66, 0.01, 0.75)
750.55: (-0.79, -0.23, 0.57)
750.67: (-0.86, -0.39, 0.33)
750.77: (-0.84, -0.45, 0.29)
750.89: (-0.79, -0.56, 0.27)
750.92: (-0.78, -0.56, 0.27)
750.92: (0.05, -0.16, 0.99): 1
751.00: (-0.77, -0.57, 0.28)
751.12: (-0.80, -0.50, 0.34)
751.22: (-0.86, -0.28, 0.43)
751.32: (-0.87, -0.03, 0.50)
751.44: (-0.73, 0.45, 0.52)
751.55: (-0.71, 0.61, 0.36)
751.67: (-0.66, 0.75, 0.06)
751.79: (-0.60, 0.78, -0.19)
751.89: (-0.69, 0.64, -0.35)
752.00: (-0.92, 0.20, -0.34)
752.12: (-0.97, -0.09, -0.23)
752.24: (-0.94, -0.34, -0.04)
752.35: (-0.75, -0.65, 0.13)
752.47: (-0.65, -0.73, 0.19)
752.57: (-0.46, -0.84, 0.27)
752.67: (-0.08, -0.92, 0.38)
752.79: (0.31, -0.81, 0.49)
752.89: (0.43, -0.72, 0.54)
753.00: (0.43, -0.72, 0.54)
753.10: (0.43, -0.72, 0.54)
753.22: (0.83, -0.43, 0.37)
753.34: (0.98, -0.14, -0.15)
753.45: (0.87, -0.02, -0.49)
753.57: (0.74, -0.08, -0.67)
753.67: (0.55, -0.21, -0.81)
753.79: (0.38, -0.36, -0.85)
753.90: (0.07, -0.55, -0.83)
754.02: (-0.29, -0.65, -0.70)
754.14: (-0.52, -0.60, -0.61)
754.25: (-0.69, -0.65, -0.32)
754.37: (-0.78, -0.63, -0.01)
754.49: (-0.83, -0.49, 0.26)
754.60: (-0.77, -0.37, 0.52)
754.72: (-0.81, -0.27, 0.52)
754.82: (-0.93, -0.23, 0.29)
754.92: (-0.93, -0.23, 0.29)
755.04: (-0.93, -0.23, 0.29)
755.15: (-0.89, -0.29, 0.36)
755.27: (-0.38, -0.42, 0.83)
755.39: (-0.29, -0.37, 0.88)
755.49: (-0.19, -0.24, 0.95)
755.60: (-0.06, -0.17, 0.98)
755.69: (-0.04, -0.16, 0.99)
755.69: (-0.47, 0.84, -0.27): 1
755.72: (0.00, -0.17, 0.99)
755.84: (0.04, -0.21, 0.98)
755.95: (-0.06, -0.34, 0.94)
756.05: (-0.21, -0.41, 0.89)
756.17: (-0.46, -0.48, 0.75)
756.27: (-0.67, -0.49, 0.55)
756.39: (-0.90, -0.34, 0.26)
756.50: (-1.00, -0.02, -0.01)
756.60: (-0.95, 0.27, -0.14)
756.72: (-0.83, 0.47, -0.29)
756.84: (-0.65, 0.57, -0.50)
756.95: (-0.52, 0.63, -0.57)
757.07: (-0.53, 0.78, -0.32)
757.14: (-0.52, 0.82, -0.24)
757.14: (-0.59, -0.35, 0.73): 2
757.19: (-0.52, 0.82, -0.24)
757.30: (-0.57, 0.77, -0.27)
757.42: (-0.80, 0.58, -0.15)
757.54: (-0.97, 0.20, 0.12)
757.65: (-0.92, 0.09, 0.37)
757.75: (-0.75, -0.12, 0.65)
757.85: (-0.41, -0.38, 0.83)
757.97: (-0.29, -0.48, 0.83)
758.09: (-0.50, -0.38, 0.78)
758.19: (-0.56, -0.33, 0.76)
758.20: (-0.56, -0.33, 0.76)
758.20: (0.10, -0.27, 0.96): 2
758.29: (-0.57, -0.33, 0.75)
758.40: (-0.41, -0.48, 0.78)
758.50: (-0.10, -0.61, 0.79)
758.62: (0.12, -0.41, 0.90)
758.74: (0.12, -0.22, 0.97)
758.82: (0.02, -0.21, 0.98)
758.82: (-0.93, 0.09, 0.35): 1
758.85: (0.02, -0.22, 0.98)
758.97: (0.11, -0.28, 0.95)
759.09: (0.51, -0.50, 0.70)
759.19: (0.79, -0.52, 0.31)
759.30: (0.88, -0.46, 0.10)
759.42: (0.64, -0.66, 0.38)
759.52: (0.12, -0.53, 0.84)
759.64: (-0.26, -0.01, 0.97)
759.75: (-0.68, 0.49, 0.55)
759.85: (-0.81, 0.55, 0.19)
759.95: (-0.82, 0.57, 0.05)
760.05: (-0.85, 0.53, 0.03)
760.17: (-0.92, 0.29, 0.28)
760.29: (-0.88, 0.22, 0.41)
760.37: (-0.87, 0.19, 0.45)
760.37: (0.95, -0.19, -0.24): 1
760.40: (-0.88, 0.18, 0.45)
760.52: (-0.91, 0.05, 0.41)
760.64: (-0.96, -0.12, 0.27)
760.75: (-0.97, -0.22, -0.04)
760.85: (-0.90, -0.28, -0.33)
760.97: (-0.70, -0.40, -0.59)
761.07: (-0.48, -0.50, -0.72)
761.19: (-0.28, -0.48, -0.83)
761.29: (0.02, -0.27, -0.96)
761.40: (0.06, -0.23, -0.97)
761.52: (0.06, -0.23, -0.97)
761.64: (0.11, -0.07, -0.99)
761.74: (0.19, 0.26, -0.95)
761.84: (0.10, 0.63, -0.77)
761.95: (-0.15, 0.82, -0.55)
762.07: (-0.24, 0.88, -0.41)
762.17: (-0.09, 0.99, -0.06)
762.29: (0.35, 0.92, 0.18)
762.40: (0.68, 0.68, 0.26)
762.50: (0.90, 0.27, 0.34)
762.62: (0.94, -0.02, 0.33)
762.74: (0.94, -0.02, 0.33)
762.84: (0.94, -0.02, 0.33)
762.94: (0.92, -0.04, 0.40)
763.05: (0.89, 0.08, 0.46)
763.17: (0.94, 0.16, 0.31)
763.29: (0.98, 0.19, -0.05)
763.40: (0.98, 0.10, -0.18)
763.50: (0.98, -0.02, -0.18)
763.62: (0.98, -0.08, -0.19)
763.65: (0.98, -0.09, -0.19)
763.65: (-0.44, 0.82, -0.37): 0
763.73: (0.96, -0.15, -0.23)
763.84: (0.95, -0.18, -0.26)
763.95: (0.95, -0.10, -0.29)
764.05: (0.91, 0.01, -0.41)
764.17: (0.76, 0.42, -0.50)
764.29: (0.61, 0.64, -0.47)
764.40: (0.31, 0.87, -0.39)
764.52: (-0.19, 0.94, -0.28)
764.63: (-0.54, 0.83, -0.14)
764.75: (-0.66, 0.74, -0.11)
764.87: (-0.48, 0.82, -0.31)
764.98: (-0.35, 0.86, -0.37)
765.05: (-0.35, 0.86, -0.37)
765.05: (-0.54, -0.10, -0.83): 1
765.10: (-0.35, 0.86, -0.37)
765.22: (-0.46, 0.84, -0.29)
765.32: (-0.63, 0.77, -0.13)
765.43: (-0.69, 0.71, 0.15)
765.55: (-0.76, 0.45, 0.47)
765.67: (-0.73, 0.21, 0.65)
765.77: (-0.59, 0.02, 0.81)
765.88: (-0.38, -0.18, 0.91)
765.98: (-0.21, -0.34, 0.92)
766.10: (-0.01, -0.57, 0.82)
766.22: (0.12, -0.79, 0.60)
766.33: (0.07, -0.96, 0.28)
766.45: (-0.30, -0.94, -0.18)
766.57: (-0.65, -0.70, -0.31)
766.68: (-0.73, -0.54, -0.41)
766.80: (-0.62, -0.42, -0.67)
766.92: (-0.43, -0.22, -0.88)
767.02: (-0.45, -0.08, -0.89)
767.12: (-0.53, -0.02, -0.85)
767.12: (0.93, -0.12, 0.34): 0
767.12: (-0.53, -0.02, -0.85)
767.23: (-0.57, -0.02, -0.82)
767.33: (-0.73, -0.14, -0.67)
767.45: (-0.81, -0.37, -0.45)
767.55: (-0.81, -0.55, -0.23)
767.67: (-0.63, -0.70, 0.33)
767.78: (-0.33, -0.61, 0.73)
767.88: (-0.18, -0.46, 0.87)
768.00: (0.08, -0.17, 0.98)
768.10: (0.31, 0.05, 0.95)
768.22: (0.50, 0.06, 0.86)
768.32: (0.75, 0.09, 0.66)
768.42: (0.93, 0.04, 0.36)
768.53: (0.99, -0.11, 0.08)
768.63: (0.96, -0.17, 0.20)
768.75: (0.91, -0.17, 0.39)
768.85: (0.91, -0.10, 0.40)
768.85: (-0.21, -0.96, 0.19): 1
768.87: (0.91, -0.09, 0.40)
768.98: (0.93, -0.04, 0.38)
769.10: (0.92, 0.26, 0.29)
769.22: (0.83, 0.52, 0.19)
769.33: (0.72, 0.65, 0.24)
769.43: (0.59, 0.58, 0.56)
769.55: (0.63, 0.14, 0.77)
769.67: (0.58, -0.39, 0.72)
769.77: (0.31, -0.82, 0.47)
769.88: (0.06, -0.95, 0.30)
770.00: (-0.15, -0.96, 0.22)
770.12: (-0.21, -0.95, 0.22)
770.17: (-0.22, -0.95, 0.22)
770.17: (0.03, 0.31, 0.95): 0
770.23: (-0.22, -0.95, 0.22)
770.33: (-0.34, -0.91, 0.25)
770.45: (-0.70, -0.71, 0.11)
770.57: (-0.78, -0.62, -0.01)
770.68: (-0.67, -0.72, 0.16)
770.78: (-0.29, -0.91, 0.29)
770.88: (0.13, -0.97, 0.21)
771.00: (0.73, -0.67, 0.13)
771.12: (0.96, -0.26, 0.10)
771.23: (0.99, 0.05, 0.11)
771.33: (0.90, 0.42, 0.08)
771.45: (0.62, 0.78, 0.03)
771.57: (0.33, 0.94, 0.08)
771.67: (0.14, 0.98, 0.17)
771.78: (-0.12, 0.94, 0.31)
771.90: (-0.27, 0.83, 0.48)
772.02: (-0.33, 0.67, 0.66)
772.13: (-0.37, 0.52, 0.77)
772.25: (-0.40, 0.35, 0.85)
772.35: (-0.34, 0.36, 0.87)
772.45: (-0.19, 0.39, 0.90)
772.57: (0.06, 0.33, 0.94)
772.65: (0.16, 0.25, 0.96)
772.65: (-0.81, 0.58, 0.09): 2
772.67: (0.16, 0.25, 0.96)
772.77: (0.16, 0.25, 0.96)
772.88: (0.10, 0.28, 0.96)
773.00: (-0.23, 0.30, 0.93)
773.10: (-0.51, 0.35, 0.79)
773.22: (-0.69, 0.44, 0.58)
773.33: (-0.85, 0.46, 0.25)
773.45: (-0.92, 0.38, 0.12)
773.55: (-0.87, 0.47, 0.13)
773.65: (-0.80, 0.58, 0.14)
773.65: (0.36, 0.36, -0.86): 1
773.67: (-0.80, 0.59, 0.14)
773.77: (-0.80, 0.59, 0.14)
773.88: (-0.78, 0.62, 0.11)
774.00: (-0.68, 0.72, -0.13)
774.12: (-0.75, 0.62, -0.22)
774.23: (-0.86, 0.32, -0.41)
774.33: (-0.81, 0.12, -0.57)
774.45: (-0.60, 0.14, -0.79)
774.57: (-0.30, 0.05, -0.95)
774.68: (-0.17, -0.25, -0.95)
774.80: (-0.15, -0.41, -0.90)
774.90: (-0.15, -0.41, -0.90)
775.02: (-0.08, -0.39, -0.92)
775.13: (0.16, -0.01, -0.99)
775.25: (0.13, 0.46, -0.88)
775.37: (0.06, 0.68, -0.73)
775.47: (0.30, 0.48, -0.82)
775.58: (0.36, 0.42, -0.83)
775.62: (0.36, 0.41, -0.84)
775.62: (-0.87, 0.37, -0.31): 0
775.70: (0.35, 0.40, -0.85)
775.82: (0.22, 0.35, -0.91)
775.93: (0.12, 0.13, -0.98)
776.05: (0.01, -0.21, -0.98)
776.17: (-0.33, -0.07, -0.94)
776.27: (-0.44, 0.25, -0.86)
776.38: (-0.43, 0.64, -0.64)
776.50: (-0.35, 0.92, -0.18)
776.62: (-0.43, 0.90, -0.03)
776.72: (-0.66, 0.74, -0.13)
776.83: (-0.80, 0.57, -0.19)
776.95: (-0.84, 0.46, -0.27)
777.07: (-0.86, 0.39, -0.32)
777.07: (0.39, -0.60, -0.69): 2
777.07: (-0.86, 0.39, -0.32)
777.18: (-0.89, 0.33, -0.33)
777.30: (-0.94, 0.23, -0.25)
777.40: (-0.96, 0.22, -0.18)
777.50: (-0.90, 0.41, 0.14)
777.62: (-0.74, 0.50, 0.45)
777.73: (-0.69, 0.53, 0.49)
777.85: (-0.91, 0.41, 0.05)
777.97: (-0.88, 0.00, -0.48)
778.08: (-0.50, -0.20, -0.85)
778.18: (-0.14, -0.23, -0.96)
778.28: (0.23, -0.26, -0.94)
778.40: (0.62, -0.30, -0.72)
778.52: (0.65, -0.48, -0.59)
778.63: (0.48, -0.62, -0.63)
778.72: (0.46, -0.60, -0.65)
778.72: (0.14, 0.91, 0.39): 1
778.75: (0.45, -0.60, -0.66)
778.87: (0.46, -0.59, -0.66)
778.98: (0.60, -0.50, -0.63)
779.08: (0.83, -0.33, -0.45)
779.20: (0.99, -0.11, -0.07)
779.32: (0.98, 0.17, 0.13)
779.43: (0.85, 0.47, 0.22)
779.53: (0.75, 0.57, 0.35)
779.65: (0.50, 0.57, 0.65)
779.77: (0.28, 0.53, 0.80)
779.87: (0.28, 0.53, 0.80)
779.97: (0.28, 0.53, 0.80)
780.08: (0.14, 0.78, 0.62)
780.20: (0.11, 0.92, 0.39)
780.28: (0.14, 0.92, 0.35)
780.28: (-0.98, -0.11, -0.14): 2
780.32: (0.14, 0.92, 0.35)
780.42: (0.16, 0.90, 0.41)
780.53: (0.28, 0.77, 0.58)
780.63: (0.22, 0.58, 0.78)
780.75: (0.13, 0.34, 0.93)
780.85: (0.08, 0.22, 0.97)
780.95: (-0.15, 0.02, 0.99)
781.07: (-0.52, -0.26, 0.81)
781.18: (-0.76, -0.31, 0.57)
781.28: (-0.89, -0.22, 0.40)
781.38: (-0.96, -0.12, 0.24)
781.50: (-0.99, -0.08, 0.06)
781.61: (-0.99, -0.14, -0.09)
781.63: (-0.98, -0.15, -0.09)
781.63: (-0.93, -0.16, -0.34): 2
781.73: (-0.98, -0.17, -0.11)
781.83: (-0.98, -0.19, 0.12)
781.95: (-0.92, -0.24, 0.32)
782.06: (-0.94, -0.25, 0.22)
782.18: (-0.97, -0.17, -0.16)
782.28: (-0.96, -0.16, -0.24)
782.31: (-0.95, -0.17, -0.25)
782.31: (-0.99, 0.12, 0.08): 2
782.40: (-0.95, -0.18, -0.25)
782.51: (-0.93, -0.22, -0.28)
782.63: (-0.90, -0.28, -0.33)
782.75: (-0.99, -0.04, 0.10)
782.86: (-0.99, 0.01, 0.13)
782.91: (-0.99, 0.03, 0.13)
782.91: (-0.10, 0.61, 0.78): 1
782.96: (-0.99, 0.03, 0.13)
783.06: (-0.99, 0.02, 0.17)
783.18: (-0.84, 0.15, 0.52)
783.30: (-0.75, 0.18, 0.63)
783.40: (-0.29, 0.30, 0.91)
783.51: (0.04, 0.40, 0.92)
783.63: (-0.11, 0.52, 0.85)
783.73: (-0.19, 0.55, 0.82)
783.73: (0.96, -0.18, 0.23): 2
783.73: (-0.19, 0.55, 0.82)
783.85: (-0.14, 0.56, 0.82)
783.96: (0.20, 0.59, 0.78)
784.08: (0.57, 0.53, 0.62)
784.20: (0.72, 0.48, 0.50)
784.31: (0.89, 0.36, 0.29)
784.41: (0.97, 0.15, 0.18)
784.53: (0.97, -0.12, 0.20)
784.63: (0.94, -0.17, 0.29)
784.68: (0.93, -0.18, 0.31)
784.68: (-0.60, -0.26, 0.76): 1
784.73: (0.93, -0.19, 0.31)
784.85: (0.92, -0.34, 0.21)
784.96: (0.89, -0.46, 0.04)
785.08: (0.87, -0.48, -0.08)
785.20: (0.75, -0.54, -0.37)
785.31: (0.87, -0.49, -0.10)
785.41: (0.89, -0.11, 0.45)
785.53: (0.60, 0.43, 0.67)
785.63: (0.32, 0.64, 0.70)
785.75: (0.22, 0.66, 0.72)
785.85: (-0.08, 0.74, 0.66)
785.96: (-0.56, 0.61, 0.56)
786.08: (-0.82, 0.12, 0.56)
786.20: (-0.87, -0.27, 0.42)
786.30: (-0.88, -0.37, 0.31)
786.41: (-0.86, -0.42, 0.29)
786.53: (-0.75, -0.35, 0.56)
786.65: (-0.67, -0.23, 0.71)
786.68: (-0.67, -0.24, 0.71)
786.68: (-0.71, -0.29, -0.65): 0
786.76: (-0.66, -0.26, 0.70)
786.88: (-0.65, -0.17, 0.74)
786.98: (-0.68, -0.10, 0.73)
787.08: (-0.84, -0.02, 0.55)
787.20: (-0.98, 0.05, 0.20)
787.31: (-0.95, -0.28, -0.16)
787.41: (-0.83, -0.41, -0.39)
787.53: (-0.77, -0.22, -0.60)
787.63: (-0.75, -0.17, -0.64)
787.66: (-0.74, -0.18, -0.64)
787.66: (-0.69, -0.71, -0.12): 1
787.75: (-0.74, -0.20, -0.64)
787.86: (-0.72, -0.26, -0.64)
787.96: (-0.66, -0.37, -0.66)
788.08: (-0.40, -0.62, -0.68)
788.20: (-0.30, -0.86, -0.41)
788.31: (-0.44, -0.88, -0.17)
788.43: (-0.64, -0.75, -0.17)
788.53: (-0.73, -0.66, -0.14)
788.53: (0.36, 0.88, -0.32): 1
788.53: (-0.73, -0.66, -0.14)
788.65: (-0.77, -0.63, -0.10)
788.76: (-0.90, -0.43, 0.00)
788.88: (-0.95, -0.31, 0.03)
789.00: (-0.99, 0.04, 0.09)
789.11: (-0.86, 0.47, 0.19)
789.21: (-0.53, 0.80, 0.28)
789.33: (-0.11, 0.94, 0.32)
789.45: (0.34, 0.88, 0.33)
789.56: (0.67, 0.71, 0.20)
789.66: (0.81, 0.59, 0.08)
789.78: (0.89, 0.46, -0.06)
789.90: (0.58, 0.80, -0.14)
790.00: (0.39, 0.89, -0.23)
790.10: (0.35, 0.91, -0.22)
790.10: (-0.33, 0.24, 0.91): 1
790.10: (0.35, 0.91, -0.22)
790.21: (0.40, 0.89, -0.22)
790.33: (0.61, 0.77, -0.17)
790.45: (0.80, 0.58, -0.16)
790.56: (0.94, 0.32, -0.06)
790.66: (0.85, 0.53, 0.06)
790.78: (0.19, 0.98, -0.07)
790.90: (-0.61, 0.76, -0.24)
791.00: (-0.87, 0.46, -0.18)
791.11: (-0.90, 0.40, -0.19)
791.23: (-0.95, 0.25, -0.16)
791.33: (-0.99, 0.11, 0.09)
791.45: (-0.78, -0.14, 0.61)
791.56: (-0.36, -0.42, 0.83)
791.68: (-0.22, -0.47, 0.85)
791.78: (-0.13, -0.42, 0.90)
791.90: (-0.29, -0.03, 0.96)
792.01: (-0.43, 0.17, 0.89)
792.05: (-0.43, 0.19, 0.88)
792.05: (0.60, -0.25, -0.76): 2
792.13: (-0.42, 0.19, 0.89)
792.25: (-0.40, 0.19, 0.90)
792.36: (-0.40, 0.23, 0.89)
792.48: (-0.40, 0.23, 0.89)
792.60: (-0.43, 0.18, 0.89)
792.71: (-0.59, 0.03, 0.80)
792.83: (-0.52, -0.31, 0.79)
792.95: (-0.37, -0.64, 0.67)
793.06: (-0.41, -0.84, 0.35)
793.18: (-0.29, -0.95, 0.09)
793.30: (-0.03, -0.99, 0.13)
793.41: (0.28, -0.96, 0.06)
793.53: (0.59, -0.78, -0.21)
793.65: (0.80, -0.31, -0.51)
793.75: (0.85, -0.03, -0.53)
793.86: (0.80, -0.10, -0.59)
793.98: (0.66, -0.24, -0.71)
794.05: (0.61, -0.26, -0.75)
794.05: (0.00, -0.88, -0.47): 0
794.10: (0.61, -0.26, -0.75)
794.20: (0.61, -0.28, -0.74)
794.31: (0.70, -0.31, -0.64)
794.41: (0.65, -0.51, -0.56)
794.53: (0.27, -0.78, -0.57)
794.63: (0.12, -0.84, -0.53)
794.73: (0.11, -0.85, -0.51)
794.73: (-0.79, 0.61, 0.10): 1
794.75: (0.10, -0.86, -0.50)
794.86: (0.09, -0.90, -0.44)
794.98: (0.08, -0.92, -0.38)
795.10: (-0.07, -0.99, -0.11)
795.20: (-0.33, -0.87, 0.37)
795.31: (-0.53, -0.54, 0.66)
795.43: (-0.69, -0.30, 0.66)
795.53: (-0.80, -0.05, 0.60)
795.65: (-0.80, 0.36, 0.49)
795.76: (-0.75, 0.57, 0.34)
795.88: (-0.78, 0.62, 0.10)
795.95: (-0.80, 0.60, 0.02)
795.95: (0.47, -0.77, 0.43): 1
796.00: (-0.80, 0.61, 0.01)
796.11: (-0.70, 0.71, -0.01)
796.21: (-0.40, 0.91, -0.09)
796.31: (-0.19, 0.98, -0.09)
796.43: (-0.17, 0.98, 0.08)
796.53: (-0.37, 0.89, 0.28)
796.65: (-0.73, 0.62, 0.29)
796.75: (-0.99, 0.14, 0.03)
796.86: (-0.89, -0.37, -0.26)
796.96: (-0.78, -0.49, -0.38)
797.08: (-0.63, -0.57, -0.53)
797.20: (-0.38, -0.75, -0.55)
797.31: (-0.19, -0.90, -0.39)
797.41: (0.11, -0.98, -0.17)
797.53: (0.51, -0.84, 0.18)
797.64: (0.66, -0.65, 0.38)
797.74: (0.67, -0.53, 0.53)
797.86: (0.48, -0.74, 0.46)
797.96: (0.44, -0.76, 0.47)
797.96: (-0.42, -0.67, 0.61): 2
797.98: (0.44, -0.76, 0.48)
798.08: (0.34, -0.78, 0.53)
798.19: (0.04, -0.72, 0.69)
798.29: (-0.06, -0.59, 0.81)
798.41: (-0.13, -0.41, 0.90)
798.51: (-0.25, -0.54, 0.80)
798.61: (-0.36, -0.65, 0.67)
798.68: (-0.36, -0.68, 0.63)
798.68: (-0.22, 0.95, -0.22): 2
798.73: (-0.36, -0.68, 0.63)
798.84: (-0.46, -0.71, 0.53)
798.96: (-0.68, -0.72, 0.14)
799.08: (-0.70, -0.72, 0.02)
799.18: (-0.65, -0.75, -0.14)
799.29: (-0.62, -0.72, -0.31)
799.41: (-0.59, -0.56, -0.58)
799.53: (-0.62, -0.26, -0.74)
799.64: (-0.60, -0.07, -0.80)
799.74: (-0.48, 0.10, -0.87)
799.86: (-0.27, 0.48, -0.83)
799.98: (0.12, 0.80, -0.59)
800.08: (0.30, 0.83, -0.47)
800.19: (0.47, 0.77, -0.43)
800.31: (0.34, 0.83, -0.44)
800.43: (-0.07, 0.92, -0.37)
800.54: (-0.35, 0.91, -0.22)
800.58: (-0.36, 0.91, -0.21)
800.58: (-0.78, -0.60, 0.20): 1
800.66: (-0.37, 0.91, -0.19)
800.76: (-0.33, 0.92, -0.20)
800.88: (-0.24, 0.92, -0.30)
800.98: (-0.19, 0.85, -0.49)
801.09: (-0.15, 0.65, -0.75)
801.21: (-0.28, 0.09, -0.96)
801.33: (-0.33, -0.59, -0.74)
801.44: (-0.47, -0.87, -0.18)
801.54: (-0.55, -0.84, 0.05)
801.66: (-0.61, -0.77, 0.17)
801.78: (-0.78, -0.56, 0.28)
801.86: (-0.79, -0.53, 0.30)
801.86: (-0.79, 0.59, 0.17): 0
801.89: (-0.79, -0.53, 0.30)
802.01: (-0.81, -0.49, 0.32)
802.13: (-0.84, -0.27, 0.46)
802.24: (-0.61, 0.12, 0.78)
802.34: (-0.38, 0.38, 0.84)
802.46: (-0.30, 0.56, 0.77)
802.56: (-0.22, 0.73, 0.64)
802.68: (-0.12, 0.91, 0.40)
802.79: (-0.25, 0.92, 0.29)
802.89: (-0.50, 0.83, 0.24)
803.01: (-0.73, 0.64, 0.25)
803.11: (-0.80, 0.54, 0.24)
803.11: (-0.93, -0.37, -0.03): 2
803.11: (-0.80, 0.54, 0.24)
803.23: (-0.80, 0.55, 0.23)
803.34: (-0.79, 0.51, 0.35)
803.46: (-0.53, 0.55, 0.65)
803.56: (-0.29, 0.50, 0.81)
803.68: (-0.40, 0.14, 0.90)
803.79: (-0.48, -0.20, 0.85)
803.91: (-0.53, -0.67, 0.53)
804.01: (-0.48, -0.85, 0.20)
804.13: (-0.41, -0.91, -0.05)
804.24: (-0.24, -0.87, -0.42)
804.36: (-0.59, -0.76, -0.26)
804.46: (-0.82, -0.56, -0.11)
804.58: (-0.90, -0.42, 0.10)
804.66: (-0.92, -0.38, 0.12)
804.66: (-0.48, 0.08, -0.87): 0
804.68: (-0.92, -0.38, 0.12)
804.79: (-0.94, -0.33, -0.03)
804.91: (-0.88, -0.30, -0.38)
805.03: (-0.74, -0.34, -0.58)
805.14: (-0.33, -0.29, -0.90)
805.26: (-0.37, -0.11, -0.92)
805.36: (-0.51, 0.06, -0.86)
805.46: (-0.59, 0.07, -0.80)
805.46: (0.28, -0.62, -0.74): 2
805.48: (-0.59, 0.07, -0.80)
805.59: (-0.54, 0.15, -0.83)
805.71: (-0.24, 0.30, -0.92)
805.83: (0.06, 0.29, -0.95)
805.93: (0.45, 0.20, -0.87)
806.04: (0.68, 0.02, -0.73)
806.16: (0.70, -0.01, -0.71)
806.26: (0.77, -0.10, -0.62)
806.38: (0.63, -0.38, -0.67)
806.49: (0.42, -0.46, -0.78)
806.61: (0.28, -0.46, -0.85)
806.68: (0.26, -0.49, -0.83)
806.68: (-0.54, -0.59, 0.59): 2
806.73: (0.25, -0.52, -0.82)
806.84: (0.31, -0.58, -0.76)
806.96: (0.35, -0.60, -0.72)
807.08: (0.44, -0.61, -0.66)
807.19: (0.67, -0.57, -0.47)
807.31: (0.83, -0.41, -0.37)
807.41: (0.96, -0.08, -0.26)
807.53: (0.76, 0.22, -0.61)
807.64: (0.27, 0.22, -0.94)
807.76: (0.03, 0.07, -1.00)
807.88: (-0.12, -0.10, -0.99)
807.99: (-0.40, -0.34, -0.85)
808.09: (-0.60, -0.52, -0.61)
808.21: (-0.83, -0.55, -0.09)
808.33: (-0.78, -0.61, 0.18)
808.44: (-0.60, -0.77, 0.23)
808.56: (-0.53, -0.75, 0.39)
808.66: (-0.57, -0.62, 0.53)
808.76: (-0.58, -0.55, 0.60)
808.76: (0.99, -0.05, 0.15): 2
808.78: (-0.58, -0.55, 0.60)
808.89: (-0.58, -0.56, 0.59)
809.01: (-0.54, -0.71, 0.46)
809.13: (-0.38, -0.79, 0.48)
809.24: (-0.06, -0.85, 0.52)
809.36: (0.14, -0.94, 0.31)
809.48: (0.25, -0.95, 0.20)
809.59: (0.41, -0.80, 0.44)
809.71: (0.53, -0.53, 0.66)
809.83: (0.53, -0.04, 0.85)
809.94: (0.43, 0.11, 0.90)
810.04: (0.43, 0.11, 0.90)
810.16: (0.43, 0.11, 0.90)
810.26: (0.34, 0.28, 0.90)
810.38: (-0.14, 0.38, 0.91)
810.49: (-0.49, 0.49, 0.73)
810.61: (-0.58, 0.48, 0.65)
810.73: (-0.68, 0.54, 0.51)
810.83: (-0.76, 0.62, 0.17)
810.94: (-0.79, 0.60, -0.16)
811.06: (-0.73, 0.52, -0.45)
811.16: (-0.62, 0.41, -0.67)
811.28: (-0.35, 0.22, -0.91)
811.39: (-0.09, 0.15, -0.98)
811.51: (0.02, 0.53, -0.85)
811.63: (0.10, 0.95, -0.30)
811.74: (0.22, 0.98, -0.03)
811.86: (0.34, 0.94, 0.11)
811.96: (0.44, 0.88, 0.18)
812.08: (0.75, 0.66, 0.05)
812.19: (0.92, 0.37, -0.09)
812.29: (0.99, 0.05, -0.13)
812.39: (1.00, 0.01, -0.04)
812.51: (0.99, 0.07, 0.13)
812.56: (0.98, 0.07, 0.16)
812.56: (1.00, 0.01, 0.01): 0
812.61: (0.98, 0.07, 0.16)
812.71: (0.98, 0.10, 0.17)
812.83: (0.95, 0.27, 0.17)
812.94: (0.97, 0.24, 0.07)
813.04: (1.00, 0.01, -0.01)
813.11: (1.00, -0.09, -0.04)
813.11: (0.14, 0.95, -0.27): 2
813.16: (1.00, -0.09, -0.04)
813.26: (1.00, -0.04, -0.05)
813.38: (0.97, 0.20, -0.11)
813.49: (0.92, 0.35, -0.19)
813.61: (0.67, 0.70, -0.26)
813.72: (0.43, 0.86, -0.27)
813.84: (0.25, 0.94, -0.23)
813.94: (0.24, 0.95, -0.22)
813.99: (0.24, 0.95, -0.22)
813.99: (-0.69, -0.34, -0.64): 2
814.06: (0.23, 0.95, -0.22)
814.18: (0.11, 0.97, -0.22)
814.29: (-0.04, 0.99, -0.12)
814.39: (-0.20, 0.98, 0.07)
814.51: (-0.39, 0.87, 0.30)
814.62: (-0.51, 0.73, 0.46)
814.73: (-0.63, 0.49, 0.60)
814.84: (-0.74, 0.16, 0.65)
814.96: (-0.80, 0.02, 0.60)
815.07: (-0.83, -0.25, 0.49)
815.19: (-0.68, -0.72, 0.17)
815.29: (-0.28, -0.90, -0.34)
815.39: (-0.06, -0.83, -0.55)
815.51: (-0.18, -0.83, -0.53)
815.61: (-0.20, -0.74, -0.64)
815.72: (0.02, -0.46, -0.89)
815.84: (-0.06, -0.32, -0.95)
815.96: (-0.51, -0.43, -0.74)
816.07: (-0.54, -0.41, -0.73)
816.17: (-0.70, -0.31, -0.64)
816.26: (-0.74, -0.26, -0.62)
816.26: (-0.97, -0.04, 0.22): 0
816.29: (-0.74, -0.26, -0.62)
816.41: (-0.74, -0.27, -0.62)
816.52: (-0.66, -0.32, -0.68)
816.62: (-0.78, -0.37, -0.51)
816.74: (-0.96, -0.26, 0.04)
816.86: (-0.99, -0.03, 0.13)
816.97: (-0.94, 0.20, 0.29)
817.09: (-0.95, 0.15, 0.28)
817.21: (-0.96, 0.08, 0.27)
817.21: (0.93, -0.36, 0.04): 1
817.21: (-0.96, 0.08, 0.27)
817.31: (-0.96, 0.07, 0.27)
817.42: (-0.95, -0.03, 0.31)
817.54: (-0.85, -0.13, 0.51)
817.64: (-0.72, -0.19, 0.67)
817.76: (-0.38, -0.29, 0.88)
817.87: (-0.02, -0.37, 0.93)
817.97: (0.04, -0.42, 0.90)
818.09: (0.31, -0.50, 0.81)
818.21: (0.69, -0.41, 0.60)
818.32: (0.91, -0.03, 0.41)
818.42: (0.91, -0.03, 0.41)
818.54: (0.91, -0.05, 0.41)
818.64: (0.95, -0.25, 0.17)
818.76: (0.92, -0.39, 0.07)
818.82: (0.92, -0.39, 0.07)
818.82: (-0.86, 0.36, 0.36): 1
818.87: (0.92, -0.39, 0.07)
818.97: (0.92, -0.38, 0.13)
819.09: (0.89, -0.41, 0.18)
819.21: (0.88, -0.46, 0.09)
819.32: (0.88, -0.48, -0.07)
819.44: (0.94, -0.33, -0.05)
819.56: (0.98, -0.22, 0.00)
819.67: (1.00, 0.03, -0.03)
819.79: (0.96, 0.17, -0.20)
819.91: (0.84, 0.12, -0.53)
820.02: (0.76, 0.14, -0.63)
820.14: (0.80, -0.11, -0.58)
820.26: (0.78, -0.01, -0.63)
820.36: (0.50, 0.47, -0.73)
820.47: (0.23, 0.78, -0.58)
820.57: (-0.08, 0.94, -0.34)
820.67: (-0.20, 0.95, -0.24)
820.79: (-0.27, 0.93, -0.24)
820.89: (-0.51, 0.85, -0.15)
821.01: (-0.85, 0.53, 0.08)
821.12: (-0.96, 0.26, 0.10)
821.22: (-0.98, 0.13, 0.13)
821.32: (-0.92, 0.21, 0.34)
821.42: (-0.85, 0.28, 0.44)
821.47: (-0.85, 0.28, 0.44)
821.47: (0.02, -0.28, 0.96): 0
821.54: (-0.85, 0.30, 0.43)
821.66: (-0.86, 0.34, 0.38)
821.77: (-0.83, 0.45, 0.33)
821.89: (-0.78, 0.54, 0.31)
822.01: (-0.66, 0.23, 0.72)
822.12: (-0.58, -0.15, 0.80)
822.24: (-0.48, -0.56, 0.67)
822.34: (-0.45, -0.60, 0.66)
822.46: (-0.45, -0.60, 0.66)
822.56: (-0.40, -0.60, 0.70)
822.67: (-0.16, -0.46, 0.88)
822.77: (-0.11, -0.43, 0.90)
822.89: (-0.06, -0.37, 0.93)
823.01: (0.02, -0.28, 0.96)
823.01: (-0.78, 0.60, -0.20): 1
823.01: (0.02, -0.28, 0.96)
823.12: (0.02, -0.28, 0.96)
823.24: (0.15, -0.38, 0.91)
823.36: (0.40, -0.59, 0.70)
823.46: (0.47, -0.67, 0.57)
823.57: (0.12, -0.47, 0.88)
823.69: (-0.48, 0.03, 0.88)
823.81: (-0.78, 0.19, 0.60)
823.91: (-0.89, 0.43, 0.14)
824.02: (-0.78, 0.58, -0.23)
824.14: (-0.78, 0.58, -0.24)
824.22: (-0.78, 0.58, -0.24)
824.22: (0.66, -0.16, -0.74): 2
824.24: (-0.78, 0.58, -0.24)
824.36: (-0.77, 0.60, -0.21)
824.47: (-0.58, 0.79, -0.17)
824.59: (-0.41, 0.91, -0.07)
824.71: (-0.35, 0.92, 0.16)
824.82: (-0.30, 0.88, 0.37)
824.94: (-0.18, 0.89, 0.42)
825.06: (0.17, 0.97, 0.15)
825.17: (0.49, 0.86, -0.15)
825.27: (0.69, 0.56, -0.46)
825.39: (0.71, 0.29, -0.65)
825.51: (0.64, -0.18, -0.75)
825.61: (0.61, -0.34, -0.72)
825.72: (0.58, -0.42, -0.70)
825.84: (0.61, -0.36, -0.70)
825.96: (0.69, -0.21, -0.69)
826.01: (0.70, -0.20, -0.68)
826.01: (0.95, 0.29, 0.14): 0
826.07: (0.70, -0.19, -0.68)
826.17: (0.69, -0.20, -0.69)
826.29: (0.56, -0.23, -0.79)
826.41: (0.41, -0.26, -0.88)
826.52: (0.31, -0.15, -0.94)
826.62: (0.28, 0.22, -0.94)
826.74: (0.30, 0.56, -0.77)
826.86: (0.33, 0.82, -0.46)
826.96: (0.24, 0.93, -0.26)
827.07: (0.05, 1.00, -0.04)
827.19: (-0.11, 0.97, 0.21)
827.31: (-0.22, 0.85, 0.48)
827.41: (-0.36, 0.65, 0.67)
827.52: (-0.56, 0.44, 0.70)
827.62: (-0.73, 0.23, 0.64)
827.74: (-0.92, 0.01, 0.40)
827.86: (-0.99, -0.10, 0.13)
827.96: (-0.97, -0.22, -0.12)
828.07: (-0.81, -0.51, -0.29)
828.19: (-0.51, -0.78, -0.37)
828.31: (-0.14, -0.92, -0.36)
828.42: (0.23, -0.93, -0.29)
828.54: (0.48, -0.85, -0.22)
828.66: (0.71, -0.70, -0.01)
828.76: (0.87, -0.44, 0.22)
828.87: (0.77, -0.18, 0.61)
828.97: (0.56, -0.11, 0.82)
829.09: (0.32, 0.11, 0.94)
829.21: (0.61, 0.15, 0.78)
829.32: (0.81, 0.16, 0.56)
829.44: (0.88, 0.18, 0.44)
829.56: (0.93, 0.22, 0.29)
829.66: (0.96, 0.28, 0.09)
829.72: (0.95, 0.32, 0.02)
829.72: (0.34, -0.69, 0.64): 0
829.77: (0.95, 0.32, 0.02)
829.89: (0.95, 0.29, 0.07)
829.99: (0.96, 0.26, 0.15)
830.11: (0.94, -0.18, 0.27)
830.21: (0.73, -0.55, 0.41)
830.32: (0.30, -0.85, 0.44)
830.44: (0.18, -0.92, 0.35)
830.54: (0.22, -0.90, 0.39)
830.66: (0.27, -0.71, 0.65)
830.76: (0.24, -0.67, 0.70)
830.76: (0.16, -0.81, -0.57): 0
830.77: (0.24, -0.67, 0.70)
830.89: (0.23, -0.72, 0.66)
830.99: (0.23, -0.87, 0.45)
831.10: (0.19, -0.95, 0.26)
831.21: (0.11, -0.98, -0.18)
831.31: (0.09, -0.87, -0.48)
831.42: (0.21, -0.72, -0.66)
831.54: (0.19, -0.80, -0.57)
831.65: (0.17, -0.85, -0.50)
831.67: (0.17, -0.85, -0.50)
831.67: (0.19, -0.82, 0.53): 2
831.77: (0.14, -0.85, -0.50)
831.87: (0.02, -0.82, -0.58)
831.99: (-0.02, -0.79, -0.61)
832.10: (-0.14, -0.82, -0.55)
832.22: (-0.14, -0.82, -0.55)
832.34: (-0.52, -0.69, -0.51)
832.44: (-0.81, -0.58, 0.03)
832.55: (-0.62, -0.66, 0.42)
832.67: (-0.17, -0.78, 0.61)
832.79: (0.15, -0.73, 0.67)
832.90: (0.13, -0.76, 0.64)
833.02: (0.15, -0.80, 0.58)
833.02: (-0.39, -0.92, 0.05): 2
833.02: (0.15, -0.80, 0.58)
833.14: (0.15, -0.80, 0.58)
833.24: (0.11, -0.83, 0.54)
833.35: (-0.08, -0.96, 0.26)
833.47: (-0.26, -0.96, -0.10)
833.52: (-0.26, -0.96, -0.09)
833.52: (-0.87, 0.45, -0.18): 2
833.57: (-0.26, -0.97, -0.05)
833.69: (-0.22, -0.97, 0.11)
833.80: (-0.26, -0.95, 0.19)
833.90: (-0.11, -0.96, 0.27)
834.00: (0.30, -0.87, 0.40)
834.10: (0.45, -0.68, 0.57)
834.22: (0.02, -0.67, 0.75)
834.34: (-0.61, -0.70, 0.36)
834.45: (-0.78, -0.62, 0.10)
834.57: (-0.78, -0.62, -0.10)
834.67: (-0.77, -0.57, -0.30)
834.79: (-0.81, -0.43, -0.40)
834.90: (-0.80, 0.02, -0.60)
835.00: (-0.88, 0.28, -0.39)
835.12: (-0.94, 0.33, 0.13)
835.24: (-0.93, 0.35, 0.14)
835.35: (-0.94, 0.35, -0.01)
835.47: (-0.95, 0.32, -0.06)
835.47: (-0.42, 0.34, -0.84): 0
835.47: (-0.95, 0.32, -0.06)
835.57: (-0.89, 0.41, -0.20)
835.69: (-0.87, 0.44, -0.22)
835.80: (-0.93, 0.32, -0.17)
835.90: (-0.98, 0.00, -0.17)
836.02: (-0.87, -0.40, -0.29)
836.14: (-0.61, -0.59, -0.53)
836.25: (-0.42, -0.20, -0.88)
836.37: (-0.38, -0.01, -0.93)
836.47: (-0.39, 0.17, -0.91)
836.57: (-0.44, 0.35, -0.83)
836.69: (-0.41, 0.51, -0.75)
836.70: (-0.42, 0.51, -0.75)
836.70: (0.29, 0.30, -0.91): 1
836.80: (-0.43, 0.51, -0.75)
836.92: (-0.47, 0.43, -0.77)
837.04: (-0.51, 0.38, -0.77)
837.15: (-0.79, 0.06, -0.61)
837.27: (-0.97, -0.13, -0.20)
837.39: (-1.00, -0.05, 0.03)
837.50: (-0.98, 0.16, 0.10)
837.60: (-0.94, 0.26, 0.22)
837.72: (-0.78, 0.53, 0.34)
837.84: (-0.40, 0.87, 0.27)
837.94: (0.02, 0.99, 0.12)
838.05: (0.03, 0.97, -0.23)
838.17: (0.08, 0.81, -0.58)
838.29: (0.16, 0.61, -0.78)
838.40: (0.28, 0.36, -0.89)
838.52: (0.25, 0.20, -0.95)
838.57: (0.25, 0.19, -0.95)
838.57: (-0.16, -0.76, 0.63): 0
838.64: (0.25, 0.19, -0.95)
838.75: (0.23, 0.08, -0.97)
838.87: (0.10, -0.21, -0.97)
838.97: (-0.07, -0.33, -0.94)
839.09: (-0.35, -0.33, -0.88)
839.20: (-0.54, -0.35, -0.76)
839.30: (-0.41, -0.63, -0.66)
839.42: (-0.13, -0.85, -0.51)
839.54: (0.10, -0.95, -0.28)
839.65: (0.15, -0.99, -0.03)
839.77: (0.21, -0.96, 0.18)
839.87: (0.48, -0.86, 0.20)
839.99: (0.48, -0.86, 0.20)
840.10: (0.06, -1.00, -0.05)
840.22: (-0.06, -1.00, -0.03)
840.34: (-0.38, -0.92, 0.07)
840.45: (-0.42, -0.90, 0.11)
840.57: (-0.51, -0.81, 0.29)
840.67: (-0.34, -0.78, 0.52)
840.79: (-0.21, -0.74, 0.63)
840.89: (-0.13, -0.71, 0.69)
840.89: (-0.47, 0.26, 0.84): 1
840.90: (-0.13, -0.71, 0.69)
841.00: (-0.08, -0.76, 0.64)
841.12: (0.27, -0.79, 0.54)
841.24: (0.56, -0.72, 0.41)
841.35: (0.73, -0.68, 0.10)
841.47: (0.44, -0.90, 0.01)
841.57: (-0.08, -0.95, 0.30)
841.69: (-0.70, -0.43, 0.57)
841.80: (-0.80, -0.03, 0.60)
841.90: (-0.76, 0.11, 0.64)
842.02: (-0.64, 0.17, 0.75)
842.14: (-0.47, 0.22, 0.86)
842.19: (-0.44, 0.22, 0.87)
842.19: (-0.21, -0.62, 0.76): 0
842.25: (-0.44, 0.22, 0.87)
842.37: (-0.45, 0.17, 0.88)
842.49: (-0.54, 0.30, 0.79)
842.60: (-0.53, 0.16, 0.83)
842.70: (-0.38, -0.33, 0.87)
842.82: (-0.26, -0.55, 0.79)
842.92: (-0.20, -0.61, 0.76)
842.99: (-0.21, -0.61, 0.76)
842.99: (0.29, 0.96, -0.02): 1
843.04: (-0.21, -0.61, 0.76)
843.15: (-0.24, -0.60, 0.77)
843.27: (-0.42, -0.43, 0.80)
843.39: (-0.66, 0.08, 0.75)
843.50: (-0.73, 0.39, 0.56)
843.62: (-0.68, 0.54, 0.49)
843.74: (-0.55, 0.79, 0.27)
843.85: (-0.46, 0.89, -0.03)
843.97: (-0.17, 0.91, -0.39)
844.09: (0.04, 0.94, -0.33)
844.20: (0.18, 0.97, -0.14)
844.32: (0.26, 0.96, 0.00)
844.32: (-0.31, -0.83, 0.46): 0
844.32: (0.26, 0.96, 0.00)
844.44: (0.23, 0.97, -0.03)
844.55: (-0.02, 1.00, 0.06)
844.67: (-0.37, 0.90, 0.22)
844.79: (-0.79, 0.49, 0.38)
844.90: (-0.95, 0.01, 0.32)
845.00: (-0.93, -0.09, 0.37)
845.12: (-0.80, -0.38, 0.47)
845.24: (-0.54, -0.76, 0.37)
845.34: (-0.31, -0.90, 0.31)
845.44: (-0.33, -0.83, 0.44)
845.55: (-0.34, -0.74, 0.58)
845.55: (1.00, 0.03, 0.01): 1
845.55: (-0.34, -0.74, 0.58)
845.67: (-0.27, -0.76, 0.60)
845.77: (0.04, -0.80, 0.60)
845.89: (0.42, -0.77, 0.48)
846.00: (0.77, -0.64, 0.02)
846.10: (0.83, -0.51, -0.24)
846.22: (0.91, -0.33, -0.24)
846.32: (0.99, -0.13, -0.06)
846.44: (1.00, 0.05, 0.04)
846.47: (1.00, 0.08, 0.05)
846.47: (-0.29, -0.13, -0.95): 0
846.55: (1.00, 0.08, 0.04)
846.67: (0.96, 0.24, -0.11)
846.79: (0.85, 0.43, -0.30)
846.89: (0.69, 0.62, -0.38)
847.00: (0.43, 0.83, -0.35)
847.10: (0.21, 0.89, -0.41)
847.22: (-0.18, 0.83, -0.53)
847.33: (-0.50, 0.71, -0.49)
847.44: (-0.76, 0.56, -0.33)
847.55: (-0.92, 0.36, -0.13)
847.65: (-0.97, 0.25, 0.04)
847.77: (-0.97, 0.12, 0.22)
847.88: (-0.92, -0.05, 0.39)
847.98: (-0.81, -0.04, 0.59)
848.10: (-0.65, 0.10, 0.75)
848.22: (-0.58, 0.17, 0.80)
848.32: (-0.46, 0.23, 0.86)
848.43: (-0.28, 0.34, 0.90)
848.55: (-0.15, 0.44, 0.89)
848.67: (-0.44, 0.49, 0.75)
848.78: (-0.82, 0.36, 0.45)
848.88: (-0.98, 0.16, 0.08)
849.00: (-0.97, -0.04, -0.23)
849.10: (-0.84, -0.19, -0.51)
849.22: (-0.60, -0.24, -0.76)
849.33: (-0.24, -0.17, -0.96)
849.45: (-0.09, -0.13, -0.99)
849.57: (-0.23, -0.06, -0.97)
849.67: (-0.34, -0.05, -0.94)
849.70: (-0.36, -0.05, -0.93)
849.70: (-0.71, -0.68, -0.21): 0
849.78: (-0.39, -0.05, -0.92)
849.90: (-0.42, 0.07, -0.91)
850.02: (-0.44, 0.41, -0.80)
850.13: (-0.57, 0.61, -0.54)
850.23: (-0.87, 0.41, -0.25)
850.33: (-1.00, 0.02, 0.02)
850.45: (-0.93, -0.33, 0.12)
850.57: (-0.61, -0.77, 0.17)
850.68: (-0.56, -0.82, 0.15)
850.80: (-0.70, -0.71, -0.02)
850.90: (-0.72, -0.68, -0.17)
850.95: (-0.71, -0.68, -0.17)
850.95: (-0.19, 0.41, 0.89): 2
851.02: (-0.70, -0.69, -0.20)
851.13: (-0.62, -0.72, -0.31)
851.25: (-0.68, -0.63, -0.37)
851.37: (-0.68, -0.63, -0.37)
851.47: (-0.68, -0.63, -0.37)
851.58: (-0.88, -0.24, -0.42)
851.70: (-0.95, 0.28, -0.16)
851.82: (-0.76, 0.56, 0.31)
851.93: (-0.62, 0.54, 0.57)
852.05: (-0.50, 0.40, 0.77)
852.17: (-0.27, 0.44, 0.85)
852.28: (-0.16, 0.52, 0.84)
852.33: (-0.15, 0.53, 0.84)
852.33: (0.62, 0.79, 0.03): 1
852.40: (-0.15, 0.53, 0.84)
852.52: (-0.16, 0.56, 0.82)
852.62: (-0.14, 0.69, 0.71)
852.72: (-0.11, 0.78, 0.62)
852.83: (0.05, 0.87, 0.49)
852.95: (0.53, 0.83, 0.14)
853.07: (0.79, 0.58, -0.18)
853.18: (0.81, 0.56, -0.17)
853.28: (0.71, 0.71, -0.03)
853.38: (0.70, 0.72, -0.01)
853.38: (0.99, -0.06, 0.13): 1
853.38: (0.70, 0.72, -0.01)
853.50: (0.69, 0.72, -0.01)
853.60: (0.67, 0.74, -0.02)
853.72: (0.87, 0.50, 0.00)
853.83: (0.98, -0.05, 0.21)
853.95: (0.97, -0.01, 0.23)
854.07: (0.97, 0.13, 0.20)
854.18: (0.97, 0.16, 0.16)
854.30: (0.98, 0.16, 0.13)
854.42: (1.00, 0.03, 0.05)
854.52: (0.99, -0.09, 0.06)
854.52: (-0.05, 0.91, -0.42): 0
854.53: (0.99, -0.09, 0.06)
854.63: (0.99, -0.09, 0.06)
854.75: (0.99, -0.09, 0.06)
854.87: (0.96, -0.27, 0.00)
854.97: (0.92, -0.38, -0.07)
855.08: (0.99, 0.17, 0.03)
855.18: (0.88, 0.43, 0.20)
855.28: (0.58, 0.69, 0.42)
855.40: (0.32, 0.81, 0.48)
855.52: (-0.08, 0.88, 0.46)
855.62: (-0.63, 0.70, 0.33)
855.73: (-0.77, 0.59, 0.26)
855.85: (-0.94, 0.33, 0.12)
855.95: (-1.00, 0.03, -0.02)
856.07: (-0.96, -0.28, -0.10)
856.18: (-0.81, -0.58, -0.08)
856.28: (-0.64, -0.76, 0.10)
856.40: (-0.59, -0.77, 0.24)
856.50: (-0.71, -0.64, 0.30)
856.62: (-0.78, -0.48, 0.40)
856.73: (-0.50, -0.85, 0.17)
856.85: (-0.12, -0.98, -0.14)
856.97: (0.19, -0.94, -0.30)
857.08: (0.39, -0.88, -0.28)
857.20: (0.48, -0.87, -0.07)
857.32: (0.63, -0.75, 0.21)
857.42: (0.71, -0.57, 0.41)
857.52: (0.78, -0.36, 0.51)
857.63: (0.81, -0.07, 0.58)
857.75: (0.78, 0.36, 0.51)
857.87: (0.62, 0.71, 0.32)
857.97: (0.39, 0.90, 0.19)
858.08: (0.01, 1.00, -0.02)
858.18: (-0.08, 1.00, 0.02)
858.30: (-0.08, 1.00, 0.02)
858.42: (-0.08, 1.00, 0.02)
858.53: (0.07, 0.97, -0.24)
858.65: (-0.03, 0.94, -0.33)
858.77: (-0.04, 0.94, -0.34)
858.78: (-0.04, 0.94, -0.34)
858.78: (0.68, -0.04, 0.73): 0
858.87: (-0.04, 0.94, -0.34)
858.98: (0.07, 0.91, -0.41)
859.10: (0.23, 0.88, -0.42)
859.22: (0.36, 0.91, -0.22)
859.33: (0.48, 0.75, 0.45)
859.43: (0.43, 0.55, 0.72)
859.55: (0.29, 0.30, 0.91)
859.67: (0.14, 0.03, 0.99)
859.78: (0.34, -0.12, 0.93)
859.90: (0.58, -0.11, 0.80)
860.02: (0.64, -0.06, 0.77)
860.03: (0.65, -0.05, 0.76)
860.03: (-0.44, 0.05, -0.90): 2
860.13: (0.70, -0.03, 0.72)
860.23: (0.67, -0.16, 0.73)
860.35: (0.42, -0.53, 0.73)
860.45: (0.22, -0.71, 0.67)
860.57: (0.07, -0.85, 0.52)
860.68: (0.18, -0.88, 0.44)
860.78: (0.00, -0.93, 0.37)
860.90: (-0.41, -0.88, 0.23)
861.02: (-0.73, -0.68, 0.06)
861.13: (-0.87, -0.44, -0.21)
861.23: (-0.90, -0.24, -0.37)
861.35: (-0.91, -0.06, -0.42)
861.47: (-0.88, 0.12, -0.45)
861.58: (-0.64, 0.41, -0.65)
861.70: (-0.34, 0.26, -0.90)
861.80: (-0.39, 0.14, -0.91)
861.92: (-0.47, 0.05, -0.88)
861.93: (-0.48, 0.05, -0.88)
861.93: (0.80, 0.15, 0.58): 2
862.03: (-0.48, 0.05, -0.88)
862.15: (-0.53, 0.05, -0.85)
862.27: (-0.53, 0.24, -0.81)
862.38: (-0.59, 0.44, -0.68)
862.48: (-0.78, 0.49, -0.40)
862.60: (-0.86, 0.41, -0.30)
862.70: (-0.77, 0.55, -0.32)
862.82: (-0.29, 0.93, -0.24)
862.93: (0.01, 0.99, -0.13)
863.03: (-0.07, 0.99, -0.08)
863.15: (0.28, 0.93, -0.24)
863.25: (0.77, 0.49, -0.41)
863.37: (0.90, -0.24, -0.36)
863.48: (0.86, -0.45, -0.23)
863.58: (0.82, -0.56, -0.11)
863.68: (0.70, -0.69, 0.17)
863.80: (0.68, -0.58, 0.45)
863.92: (0.78, -0.20, 0.60)
864.03: (0.76, 0.24, 0.61)
864.15: (0.65, 0.52, 0.55)
864.25: (0.68, 0.49, 0.55)
864.37: (0.74, 0.30, 0.61)
864.48: (0.74, 0.22, 0.64)
864.50: (0.74, 0.21, 0.64)
864.50: (0.78, -0.04, 0.63): 0
864.60: (0.75, 0.13, 0.65)
864.71: (0.81, -0.08, 0.59)
864.82: (0.81, -0.10, 0.58)
864.93: (0.81, -0.10, 0.58)
865.01: (0.82, -0.09, 0.57)
865.01: (0.07, -0.83, 0.56): 1
865.05: (0.78, -0.10, 0.61)
865.16: (0.77, -0.11, 0.63)
865.27: (0.77, -0.11, 0.63)
865.38: (0.59, -0.25, 0.77)
865.50: (0.26, -0.53, 0.81)
865.61: (-0.17, -0.75, 0.64)
865.73: (-0.49, -0.76, 0.42)
865.85: (-0.28, -0.81, 0.52)
865.95: (-0.09, -0.81, 0.58)
866.01: (-0.07, -0.80, 0.59)
END