3/28/2023 1:44:22 PM
Mode: Default
White time (s): [1.366394, 5.582153, 3.899445, 1.866333, 1.566345, 0.6998901, 3.132996, 4.715637, 2.116211, 0.7165527, 1.78302, 1.399475, 1.499878, 1.33313, 1.283142, 1.449707, 2.149658, 1.399475, 2.332825, 1.216553, 6.798096, 0.7832031, 3.799194, 2.932678, 1.316528, 0.5332031, 0.6333618, 1.549683, 1.48291, 3.733154]
Shot time (s): [1.232635, 0.6668396, 1.216461, 2.366272, 2.332947, 1.433105, 4.099304, 2.215942, 2.249634, 4.215576, 1.799866, 1.816345, 1.299866, 0.8664551, 1.266785, 1.399536, 1.516724, 2.799438, 5.515625, 2.23291, 3.033203, 1.33313, 2.033142, 2.249512, 2.349426, 1.666382, 2.299927, 5.065552, 2.916016, 2.316223]
Step time (s): [1.499847, 2.949127, 1.266418, 2.149231, 1.716309, 0.7666016, 1.999451, 3.882874, 2.016052, 3.865906, 1.932983, 1.499634, 2.549377, 1.399719, 3.082581, 1.682556, 1.499695, 2.366333, 1.432922, 1.349487, 3.349426, 0.666687, 2.232727, 1.650024, 1.416321, 3.63269, 0.7665405, 0.6328125, 2.932861, 1.449341]
White horz (deg): [131.955, 752.5898, 343.9475, 183.4926, 143.735, 13.775, 167.7225, 480.7948, 182.2576, 58.14001, 132.43, 113.81, 135.0425, 155.515, 128.9625, 113.1925, 155.1825, 117.42, 220.97, 100.0825, 562.5421, 43.9375, 357.3424, 221.92, 105.45, 21.375, 39.045, 179.835, 139.6975, 296.3999]
Shot horz (deg): [128.2025, 42.3225, 64.83752, 143.4026, 201.4, 97.94501, 325.755, 170.0975, 192.9925, 271.1302, 173.755, 162.07, 133.0475, 29.0225, 108.11, 160.1225, 112.9075, 173.85, 505.8272, 181.26, 264.29, 133.9975, 270.4174, 191.045, 234.9351, 117.7525, 149.3875, 571.7101, 210.615, 172.425]
Step horz (deg): [135.85, 192.47, 62.89, 187.1026, 117.4675, 26.03, 137.0376, 267.7101, 163.305, 306.375, 191.6625, 136.61, 174.895, 136.99, 192.7075, 106.685, 93.14751, 179.3601, 80.65502, 81.13, 376.3425, 19.95, 142.5, 135.375, 168.53, 312.8347, 14.63, 38.9975, 203.1101, 117.3725]
White vert (deg): [17.8125, 182.4477, 257.2601, 52.2975, 57.5225, 9.12, 199.0251, 250.7051, 70.72749, 18.24, 31.255, 16.1975, 57, 52.915, 50.255, 71.91499, 104.215, 34.91249, 70.87003, 21.945, 509.7699, 42.1325, 260.5375, 220.02, 57.76001, 4.9875, 27.6925, 47.9275, 61.22749, 300.7225]
Shot vert (deg): [29.735, 4.3225, 29.07, 68.73251, 66.54751, 33.725, 275.88, 91.10499, 78.755, 211.8975, 89.91753, 87.73251, 62.17751, 36.7175, 24.6525, 33.44, 34.58001, 155.8951, 360.3351, 108.4425, 159.5525, 63.555, 99.60753, 152.57, 86.40252, 62.08249, 117.4675, 287.1851, 186.675, 141.6925]
Step vert (deg): [12.635, 65.12253, 33.3925, 82.93501, 51.86999, 17.1475, 61.6075, 173.4225, 79.18253, 237.1201, 69.30251, 28.2625, 161.31, 11.4475, 111.2925, 57.42749, 77.425, 56.23999, 14.82, 34.29501, 168.8625, 32.49, 116.47, 59.89749, 34.8175, 267.235, 11.0675, 13.1575, 118.085, 14.725]

Time in sec: camera forward versor
Time in sec: target versor: sound type (0 = White, 1 = Shot, 2 = Step)
START
492.99: (0.45, 0.83, 0.32): 0
492.99: (-0.92, -0.18, 0.35)
493.11: (-0.92, -0.18, 0.35)
493.21: (-0.92, -0.18, 0.35)
493.32: (-0.92, -0.18, 0.35)
493.44: (-0.92, -0.19, 0.35)
493.54: (-0.92, -0.15, 0.37)
493.66: (-0.74, 0.46, 0.48)
493.77: (-0.31, 0.86, 0.40)
493.89: (-0.29, 0.87, 0.40)
493.99: (-0.36, 0.83, 0.42)
494.11: (0.09, 0.94, 0.34)
494.22: (0.46, 0.86, 0.25)
494.32: (0.46, 0.84, 0.30)
494.36: (0.46, 0.84, 0.30)
494.36: (-0.90, -0.43, 0.08): 2
494.44: (0.46, 0.84, 0.30)
494.56: (0.45, 0.84, 0.29)
494.67: (0.45, 0.84, 0.29)
494.77: (0.45, 0.84, 0.29)
494.89: (0.45, 0.84, 0.28)
494.99: (0.45, 0.85, 0.29)
495.11: (0.45, 0.85, 0.29)
495.22: (0.06, 0.87, 0.49)
495.34: (-0.55, 0.62, 0.56)
495.46: (-0.83, 0.32, 0.46)
495.56: (-0.94, -0.02, 0.33)
495.67: (-0.93, -0.33, 0.15)
495.79: (-0.92, -0.38, 0.09)
495.86: (-0.92, -0.38, 0.09)
495.86: (-0.45, 0.89, 0.03): 1
495.91: (-0.92, -0.38, 0.09)
496.01: (-0.92, -0.37, 0.09)
496.12: (-0.91, -0.40, 0.09)
496.22: (-0.92, -0.38, 0.09)
496.34: (-0.94, -0.32, 0.11)
496.46: (-0.88, 0.23, 0.41)
496.57: (-0.50, 0.70, 0.50)
496.69: (-0.11, 0.89, 0.44)
496.80: (-0.25, 0.90, 0.37)
496.92: (-0.41, 0.88, 0.25)
497.02: (-0.43, 0.89, 0.17)
497.09: (-0.43, 0.89, 0.13)
497.09: (-0.97, 0.24, 0.10): 1
497.14: (-0.43, 0.89, 0.13)
497.24: (-0.43, 0.89, 0.13)
497.34: (-0.43, 0.89, 0.14)
497.45: (-0.74, 0.64, 0.17)
497.57: (-0.92, 0.37, 0.14)
497.69: (-0.92, 0.37, 0.14)
497.75: (-0.92, 0.37, 0.14)
497.75: (-0.50, -0.63, 0.59): 1
497.79: (-0.92, 0.36, 0.14)
497.90: (-0.94, 0.31, 0.12)
498.02: (-0.94, 0.31, 0.12)
498.14: (-0.95, 0.31, 0.12)
498.25: (-0.97, 0.22, 0.13)
498.35: (-0.95, -0.28, 0.16)
498.47: (-0.76, -0.63, 0.17)
498.57: (-0.76, -0.63, 0.17)
498.69: (-0.76, -0.63, 0.17)
498.80: (-0.67, -0.60, 0.44)
498.92: (-0.64, -0.59, 0.49)
498.97: (-0.64, -0.59, 0.49)
498.97: (0.92, 0.15, 0.36): 0
499.04: (-0.62, -0.60, 0.50)
499.15: (-0.48, -0.67, 0.57)
499.25: (-0.47, -0.68, 0.57)
499.37: (-0.31, -0.78, 0.55)
499.49: (0.30, -0.93, 0.22)
499.60: (0.52, -0.85, 0.03)
499.72: (0.45, -0.89, 0.06)
499.82: (0.38, -0.92, 0.08)
499.94: (0.56, -0.81, -0.19)
500.05: (0.70, -0.52, -0.49)
500.17: (0.74, -0.30, -0.61)
500.29: (0.74, 0.10, -0.67)
500.40: (0.62, 0.48, -0.62)
500.50: (0.52, 0.56, -0.64)
500.62: (0.39, 0.71, -0.59)
500.74: (0.26, 0.84, -0.48)
500.85: (0.57, 0.52, -0.64)
500.97: (0.74, -0.15, -0.66)
501.07: (0.61, -0.67, -0.42)
501.17: (0.43, -0.89, -0.15)
501.29: (0.27, -0.96, 0.00)
501.40: (0.08, -0.98, 0.20)
501.50: (-0.14, -0.95, 0.29)
501.62: (-0.33, -0.95, 0.02)
501.74: (-0.38, -0.89, -0.25)
501.85: (-0.38, -0.82, -0.43)
501.97: (-0.34, -0.76, -0.55)
502.09: (-0.19, -0.64, -0.74)
502.20: (0.05, -0.43, -0.90)
502.32: (-0.17, -0.37, -0.91)
502.42: (-0.71, -0.43, -0.56)
502.54: (-0.86, -0.32, -0.40)
502.65: (-0.84, -0.31, -0.44)
502.77: (-0.92, -0.31, -0.23)
502.89: (-0.95, -0.30, -0.13)
503.00: (-0.96, -0.28, 0.03)
503.12: (-0.96, -0.29, 0.00)
503.24: (-0.82, -0.32, -0.47)
503.34: (-0.51, -0.31, -0.80)
503.45: (0.06, -0.30, -0.95)
503.57: (0.46, -0.19, -0.86)
503.69: (0.64, -0.15, -0.75)
503.79: (0.76, -0.16, -0.63)
503.90: (0.95, -0.03, -0.30)
504.02: (0.99, 0.12, 0.12)
504.14: (0.95, 0.17, 0.27)
504.24: (0.95, 0.17, 0.27)
504.35: (0.96, 0.15, 0.24)
504.47: (0.94, 0.12, 0.33)
504.55: (0.93, 0.12, 0.33)
504.55: (-0.98, -0.08, -0.19): 2
504.57: (0.93, 0.12, 0.33)
504.69: (0.94, 0.13, 0.33)
504.80: (0.93, 0.14, 0.33)
504.90: (0.93, 0.14, 0.34)
505.02: (0.93, 0.15, 0.34)
505.14: (0.93, 0.32, 0.18)
505.25: (0.92, 0.38, 0.10)
505.37: (0.92, 0.38, 0.11)
505.47: (0.92, 0.38, 0.11)
505.59: (0.93, 0.33, 0.18)
505.70: (0.92, 0.21, 0.32)
505.82: (0.89, 0.18, 0.41)
505.92: (0.76, 0.25, 0.60)
506.04: (0.76, 0.23, 0.61)
506.15: (0.78, 0.24, 0.58)
506.27: (0.68, 0.28, 0.68)
506.39: (0.15, 0.39, 0.91)
506.49: (-0.28, 0.44, 0.85)
506.60: (-0.64, 0.43, 0.64)
506.72: (-0.85, 0.34, 0.41)
506.82: (-0.90, 0.28, 0.33)
506.94: (-0.96, 0.15, 0.22)
507.04: (-0.96, 0.15, 0.22)
507.15: (-0.96, 0.18, 0.23)
507.27: (-0.99, -0.02, -0.13)
507.39: (-0.99, -0.01, -0.17)
507.50: (-0.99, 0.03, -0.12)
507.50: (-0.42, -0.38, 0.82): 0
507.50: (-0.99, 0.03, -0.12)
507.60: (-0.99, 0.03, -0.12)
507.70: (-0.99, 0.03, -0.12)
507.82: (-0.99, 0.03, -0.12)
507.94: (-0.99, 0.03, -0.12)
508.05: (-0.92, 0.22, 0.31)
508.15: (-0.54, 0.39, 0.74)
508.27: (-0.32, 0.44, 0.84)
508.39: (-0.35, 0.44, 0.83)
508.50: (-0.13, 0.46, 0.88)
508.62: (0.53, 0.38, 0.76)
508.74: (0.78, 0.28, 0.56)
508.85: (0.87, 0.20, 0.45)
508.95: (0.97, 0.06, 0.23)
509.07: (0.99, 0.02, 0.13)
509.19: (0.99, 0.04, 0.15)
509.30: (0.98, 0.13, 0.17)
509.40: (0.86, 0.49, 0.15)
509.52: (0.67, 0.74, 0.07)
509.62: (0.51, 0.86, -0.01)
509.74: (0.42, 0.91, -0.03)
509.85: (0.63, 0.71, 0.31)
509.95: (0.73, 0.39, 0.57)
510.07: (0.74, 0.10, 0.66)
510.19: (0.75, -0.08, 0.66)
510.29: (0.75, -0.29, 0.59)
510.40: (0.68, -0.62, 0.40)
510.50: (0.62, -0.68, 0.39)
510.62: (0.77, -0.38, 0.52)
510.74: (0.48, -0.12, 0.87)
510.84: (0.09, 0.10, 0.99)
510.95: (-0.32, 0.20, 0.92)
511.07: (-0.49, 0.20, 0.85)
511.19: (-0.52, -0.14, 0.84)
511.29: (-0.49, -0.26, 0.83)
511.40: (-0.48, -0.27, 0.84)
511.40: (-0.86, 0.45, 0.24): 2
511.40: (-0.48, -0.27, 0.84)
511.52: (-0.47, -0.28, 0.83)
511.62: (-0.49, -0.30, 0.82)
511.74: (-0.49, -0.30, 0.82)
511.85: (-0.66, -0.26, 0.70)
511.95: (-0.71, -0.21, 0.68)
512.07: (-0.65, -0.17, 0.74)
512.19: (-0.64, -0.16, 0.75)
512.29: (-0.72, -0.08, 0.69)
512.40: (-0.90, 0.18, 0.39)
512.52: (-0.91, 0.28, 0.30)
512.64: (-0.89, 0.35, 0.28)
512.67: (-0.89, 0.37, 0.27)
512.67: (-0.28, 0.96, -0.03): 1
512.74: (-0.89, 0.37, 0.27)
512.85: (-0.92, 0.36, 0.12)
512.97: (-0.93, 0.34, 0.14)
513.07: (-0.93, 0.32, 0.16)
513.18: (-0.93, 0.32, 0.17)
513.30: (-0.92, 0.34, 0.18)
513.40: (-0.72, 0.31, 0.63)
513.52: (-0.14, 0.25, 0.96)
513.62: (-0.13, 0.25, 0.96)
513.73: (-0.16, 0.27, 0.95)
513.85: (-0.18, 0.30, 0.94)
513.95: (-0.12, 0.32, 0.94)
514.07: (-0.17, 0.35, 0.92)
514.18: (-0.28, 0.46, 0.84)
514.30: (-0.21, 0.67, 0.71)
514.42: (-0.22, 0.69, 0.69)
514.53: (-0.22, 0.69, 0.69)
514.65: (-0.39, 0.77, 0.50)
514.77: (-0.47, 0.84, 0.27)
514.88: (-0.41, 0.89, 0.20)
514.98: (-0.34, 0.94, 0.07)
515.03: (-0.33, 0.94, 0.04)
515.03: (0.87, -0.47, -0.16): 0
515.10: (-0.33, 0.94, 0.03)
515.22: (-0.32, 0.95, -0.01)
515.33: (-0.35, 0.94, 0.00)
515.43: (-0.35, 0.94, 0.00)
515.53: (-0.35, 0.94, 0.00)
515.65: (-0.32, 0.95, 0.06)
515.77: (-0.07, 0.84, 0.54)
515.88: (0.31, 0.45, 0.84)
515.98: (0.51, 0.16, 0.85)
516.10: (0.62, -0.08, 0.78)
516.22: (0.61, -0.07, 0.79)
516.33: (0.59, -0.01, 0.81)
516.45: (0.79, -0.34, 0.51)
516.55: (0.81, -0.58, 0.10)
516.65: (0.73, -0.68, -0.01)
516.77: (0.82, -0.57, -0.05)
516.87: (0.86, -0.50, -0.06)
516.90: (0.87, -0.49, -0.07)
516.90: (-0.22, 0.90, -0.37): 2
516.98: (0.87, -0.49, -0.07)
517.10: (0.87, -0.49, -0.07)
517.22: (0.87, -0.49, -0.07)
517.32: (0.87, -0.49, -0.07)
517.43: (0.87, -0.50, -0.07)
517.55: (0.86, -0.50, -0.07)
517.67: (0.88, -0.47, -0.01)
517.78: (0.90, -0.05, 0.43)
517.90: (0.49, 0.50, 0.71)
518.02: (0.20, 0.67, 0.72)
518.12: (0.11, 0.69, 0.71)
518.23: (-0.19, 0.81, 0.56)
518.35: (-0.12, 0.93, 0.36)
518.45: (-0.13, 0.98, 0.13)
518.55: (-0.38, 0.92, 0.06)
518.67: (-0.65, 0.76, 0.07)
518.78: (-0.41, 0.91, -0.03)
518.90: (-0.32, 0.93, -0.19)
519.02: (-0.28, 0.89, -0.35)
519.05: (-0.28, 0.89, -0.35)
519.05: (0.99, -0.04, -0.15): 0
519.12: (-0.28, 0.89, -0.35)
519.23: (-0.27, 0.90, -0.35)
519.35: (-0.31, 0.89, -0.33)
519.47: (-0.31, 0.89, -0.33)
519.58: (-0.27, 0.91, -0.31)
519.70: (0.25, 0.96, 0.11)
519.80: (0.64, 0.60, 0.48)
519.92: (0.89, 0.06, 0.46)
520.03: (0.91, -0.11, 0.41)
520.15: (0.91, -0.08, 0.41)
520.27: (0.94, 0.01, 0.33)
520.38: (1.00, 0.09, -0.02)
520.50: (0.99, 0.04, -0.14)
520.60: (0.99, -0.06, -0.12)
520.62: (0.99, -0.06, -0.12)
520.62: (-0.16, 0.65, -0.75): 1
520.72: (0.99, -0.07, -0.12)
520.82: (0.99, -0.06, -0.11)
520.92: (0.99, -0.06, -0.11)
521.03: (0.99, -0.04, -0.11)
521.15: (0.99, 0.13, -0.08)
521.25: (0.84, 0.54, -0.04)
521.37: (0.38, 0.92, -0.05)
521.48: (0.04, 1.00, -0.07)
521.60: (-0.17, 0.98, -0.09)
521.70: (-0.52, 0.85, -0.05)
521.80: (-0.71, 0.70, 0.00)
521.92: (-0.71, 0.70, 0.00)
522.02: (-0.71, 0.70, 0.00)
522.13: (-0.82, 0.57, 0.00)
522.25: (-0.93, 0.36, -0.10)
522.37: (-0.88, 0.38, -0.29)
522.48: (-0.72, 0.50, -0.48)
522.60: (-0.63, 0.47, -0.62)
522.72: (-0.47, 0.57, -0.68)
522.83: (-0.28, 0.64, -0.72)
522.95: (-0.23, 0.64, -0.73)
522.95: (-0.37, 0.49, -0.79): 0
522.95: (-0.23, 0.64, -0.73)
523.05: (-0.24, 0.63, -0.74)
523.17: (-0.28, 0.63, -0.72)
523.28: (-0.31, 0.65, -0.69)
523.40: (-0.31, 0.65, -0.69)
523.52: (-0.35, 0.60, -0.72)
523.63: (-0.41, 0.49, -0.77)
523.65: (-0.41, 0.49, -0.77)
523.65: (-0.96, 0.27, -0.05): 0
523.75: (-0.41, 0.49, -0.77)
523.87: (-0.42, 0.49, -0.77)
523.97: (-0.46, 0.46, -0.76)
524.08: (-0.49, 0.45, -0.75)
524.20: (-0.65, 0.25, -0.72)
524.32: (-0.76, -0.14, -0.63)
524.43: (-0.72, -0.40, -0.57)
524.53: (-0.63, -0.60, -0.49)
524.63: (-0.52, -0.71, -0.47)
524.75: (-0.45, -0.79, -0.42)
524.87: (-0.46, -0.78, -0.41)
524.98: (-0.43, -0.87, -0.26)
525.10: (-0.36, -0.92, -0.18)
525.20: (-0.21, -0.88, -0.42)
525.32: (0.01, -0.83, -0.56)
525.43: (0.25, -0.75, -0.62)
525.53: (0.33, -0.65, -0.69)
525.65: (0.07, -0.76, -0.64)
525.77: (-0.38, -0.81, -0.45)
525.88: (-0.64, -0.71, -0.31)
526.00: (-0.76, -0.63, -0.14)
526.12: (-0.86, -0.50, -0.06)
526.22: (-0.94, -0.33, -0.08)
526.33: (-0.97, -0.20, -0.11)
526.45: (-0.98, -0.08, -0.16)
526.55: (-0.99, 0.05, -0.09)
526.67: (-0.98, 0.19, -0.07)
526.78: (-0.96, 0.26, -0.10)
526.78: (-0.24, -0.96, -0.10): 2
526.78: (-0.96, 0.26, -0.10)
526.90: (-0.96, 0.26, -0.09)
527.02: (-0.97, 0.22, -0.03)
527.13: (-0.99, 0.09, 0.09)
527.23: (-0.99, 0.09, 0.10)
527.33: (-0.99, 0.09, 0.10)
527.45: (-0.99, 0.11, 0.04)
527.57: (-0.99, 0.13, 0.01)
527.68: (-1.00, 0.08, 0.02)
527.78: (-0.94, -0.22, 0.28)
527.90: (-0.64, -0.59, 0.49)
528.00: (-0.52, -0.73, 0.43)
528.12: (-0.31, -0.90, 0.31)
528.23: (-0.16, -0.93, 0.32)
528.33: (-0.29, -0.96, 0.08)
528.45: (-0.32, -0.95, -0.01)
528.50: (-0.32, -0.95, -0.02)
528.50: (-0.56, -0.68, -0.48): 2
528.55: (-0.32, -0.95, -0.02)
528.67: (-0.33, -0.94, -0.03)
528.77: (-0.33, -0.94, -0.03)
528.87: (-0.33, -0.95, -0.03)
528.98: (-0.45, -0.87, -0.18)
529.10: (-0.59, -0.73, -0.34)
529.20: (-0.60, -0.71, -0.37)
529.27: (-0.59, -0.70, -0.41)
529.27: (0.99, -0.08, 0.11): 2
529.32: (-0.59, -0.70, -0.41)
529.43: (-0.59, -0.71, -0.40)
529.55: (-0.57, -0.74, -0.36)
529.66: (-0.58, -0.74, -0.34)
529.77: (-0.58, -0.74, -0.34)
529.88: (-0.61, -0.71, -0.35)
530.00: (-0.61, -0.71, -0.35)
530.11: (-0.57, -0.73, -0.36)
530.23: (-0.12, -0.94, -0.31)
530.33: (0.26, -0.94, -0.21)
530.45: (0.41, -0.87, -0.28)
530.56: (0.58, -0.77, -0.25)
530.66: (0.76, -0.63, -0.19)
530.78: (0.79, -0.49, -0.37)
530.90: (0.93, -0.24, -0.28)
531.01: (1.00, 0.03, 0.03)
531.11: (1.00, 0.01, 0.09)
531.21: (0.99, -0.03, 0.11)
531.26: (0.99, -0.03, 0.11)
531.26: (0.33, 0.86, 0.40): 1
531.31: (0.99, -0.03, 0.11)
531.43: (1.00, -0.05, 0.08)
531.53: (0.99, -0.09, 0.07)
531.65: (0.99, -0.09, 0.07)
531.75: (0.99, -0.08, 0.07)
531.86: (0.99, -0.12, 0.04)
531.98: (1.00, -0.09, 0.03)
532.10: (0.80, 0.40, 0.45)
532.21: (0.33, 0.72, 0.61)
532.33: (0.37, 0.70, 0.61)
532.43: (0.45, 0.70, 0.55)
532.53: (0.45, 0.77, 0.44)
532.63: (0.42, 0.83, 0.36)
532.70: (0.42, 0.83, 0.36)
532.70: (0.79, -0.47, 0.40): 1
532.75: (0.42, 0.84, 0.36)
532.85: (0.42, 0.84, 0.36)
532.96: (0.42, 0.82, 0.39)
533.08: (0.42, 0.82, 0.39)
533.20: (0.42, 0.82, 0.39)
533.31: (0.54, 0.80, 0.28)
533.43: (0.85, 0.51, -0.13)
533.53: (0.89, 0.20, -0.40)
533.65: (0.80, 0.10, -0.59)
533.76: (0.54, -0.10, -0.84)
533.88: (0.54, -0.10, -0.84)
534.00: (0.62, -0.08, -0.78)
534.10: (0.42, -0.22, -0.88)
534.21: (0.21, -0.29, -0.94)
534.33: (0.08, -0.35, -0.93)
534.45: (0.11, -0.33, -0.94)
534.55: (0.26, -0.23, -0.94)
534.66: (-0.11, -0.40, -0.91)
534.78: (-0.40, -0.49, -0.78)
534.90: (-0.50, -0.47, -0.73)
535.00: (-0.50, -0.47, -0.73)
535.11: (-0.50, -0.47, -0.73)
535.21: (-0.34, -0.62, -0.70)
535.33: (-0.07, -0.88, -0.46)
535.45: (0.03, -0.99, 0.14)
535.56: (-0.18, -0.94, 0.30)
535.68: (-0.38, -0.89, 0.27)
535.80: (-0.37, -0.60, 0.71)
535.91: (-0.37, -0.59, 0.72)
536.03: (-0.37, -0.59, 0.72)
536.15: (-0.32, -0.55, 0.77)
536.26: (-0.10, -0.58, 0.81)
536.36: (0.21, -0.59, 0.78)
536.48: (0.46, -0.69, 0.56)
536.60: (0.69, -0.62, 0.37)
536.71: (0.76, -0.47, 0.45)
536.80: (0.74, -0.41, 0.53)
536.80: (-0.57, -0.76, 0.29): 1
536.81: (0.74, -0.41, 0.53)
536.93: (0.74, -0.43, 0.52)
537.05: (0.76, -0.45, 0.47)
537.16: (0.78, -0.55, 0.29)
537.28: (0.63, -0.77, -0.13)
537.40: (0.68, -0.74, 0.01)
537.51: (0.63, -0.77, 0.04)
537.63: (0.33, -0.86, -0.39)
537.75: (0.11, -0.83, -0.55)
537.85: (0.09, -0.82, -0.57)
537.96: (0.08, -0.82, -0.57)
538.06: (-0.26, -0.63, -0.73)
538.18: (-0.32, -0.53, -0.79)
538.30: (-0.31, -0.55, -0.78)
538.40: (-0.37, -0.60, -0.71)
538.50: (-0.58, -0.64, -0.50)
538.61: (-0.71, -0.67, -0.22)
538.73: (-0.70, -0.70, -0.09)
538.85: (-0.66, -0.75, 0.02)
538.96: (-0.58, -0.77, 0.25)
539.01: (-0.58, -0.77, 0.28)
539.01: (0.82, -0.23, -0.52): 1
539.08: (-0.58, -0.77, 0.28)
539.20: (-0.62, -0.75, 0.25)
539.31: (-0.70, -0.69, 0.17)
539.43: (-0.84, -0.54, 0.07)
539.55: (-0.82, -0.57, 0.05)
539.66: (-0.79, -0.62, 0.05)
539.76: (-0.46, -0.86, 0.22)
539.86: (-0.24, -0.85, 0.47)
539.98: (-0.21, -0.81, 0.55)
540.10: (0.16, -0.89, 0.43)
540.21: (0.59, -0.71, 0.38)
540.33: (0.61, -0.70, 0.38)
540.45: (0.55, -0.74, 0.37)
540.55: (0.65, -0.71, 0.27)
540.66: (0.85, -0.52, 0.10)
540.78: (0.96, -0.29, -0.05)
540.88: (0.98, -0.06, -0.18)
541.00: (0.95, -0.08, -0.30)
541.11: (0.89, -0.21, -0.41)
541.23: (0.86, -0.24, -0.46)
541.26: (0.85, -0.23, -0.47)
541.26: (-0.36, 0.21, -0.91): 2
541.33: (0.85, -0.22, -0.48)
541.45: (0.85, -0.25, -0.47)
541.56: (0.85, -0.25, -0.47)
541.68: (0.84, -0.23, -0.48)
541.80: (0.84, -0.04, -0.54)
541.90: (0.84, -0.04, -0.54)
542.00: (0.84, -0.05, -0.53)
542.11: (0.84, 0.06, -0.54)
542.23: (0.63, 0.55, -0.55)
542.33: (0.51, 0.67, -0.54)
542.45: (0.38, 0.78, -0.50)
542.56: (0.17, 0.90, -0.40)
542.68: (-0.04, 0.95, -0.30)
542.80: (-0.03, 0.94, -0.33)
542.91: (0.02, 0.92, -0.38)
543.03: (-0.16, 0.94, -0.31)
543.13: (-0.32, 0.93, -0.21)
543.25: (-0.35, 0.92, -0.20)
543.36: (-0.30, 0.93, -0.19)
543.48: (-0.06, 0.99, 0.10)
543.58: (0.11, 0.96, 0.24)
543.70: (0.21, 0.91, 0.37)
543.80: (0.07, 0.97, 0.22)
543.91: (-0.32, 0.90, -0.28)
544.03: (-0.40, 0.79, -0.47)
544.13: (-0.45, 0.76, -0.47)
544.23: (-0.66, 0.65, -0.38)
544.35: (-0.92, 0.40, -0.03)
544.46: (-0.95, 0.30, 0.10)
544.58: (-0.94, 0.33, 0.08)
544.70: (-0.86, 0.40, -0.31)
544.81: (-0.69, 0.41, -0.60)
544.93: (-0.59, 0.32, -0.74)
545.05: (-0.47, 0.24, -0.85)
545.15: (-0.40, 0.23, -0.89)
545.15: (-0.42, 0.35, 0.83): 2
545.15: (-0.40, 0.23, -0.89)
545.26: (-0.39, 0.23, -0.89)
545.38: (-0.38, 0.26, -0.89)
545.50: (-0.39, 0.32, -0.86)
545.60: (-0.40, 0.32, -0.86)
545.71: (-0.41, 0.35, -0.84)
545.83: (-0.62, 0.42, -0.66)
545.95: (-0.94, 0.28, -0.20)
546.06: (-0.99, 0.16, 0.05)
546.16: (-0.99, 0.17, 0.04)
546.28: (-0.98, 0.17, 0.12)
546.39: (-0.88, -0.04, 0.47)
546.51: (-0.45, -0.37, 0.81)
546.63: (-0.48, -0.37, 0.80)
546.74: (-0.49, -0.35, 0.80)
546.86: (-0.53, -0.11, 0.84)
546.98: (-0.57, 0.20, 0.80)
547.09: (-0.52, 0.34, 0.78)
547.16: (-0.48, 0.37, 0.79)
547.16: (0.78, 0.44, -0.45): 0
547.19: (-0.48, 0.37, 0.79)
547.30: (-0.48, 0.37, 0.79)
547.41: (-0.52, 0.38, 0.76)
547.53: (-0.50, 0.34, 0.79)
547.64: (-0.50, 0.34, 0.79)
547.74: (-0.46, 0.33, 0.83)
547.86: (-0.47, 0.34, 0.82)
547.98: (-0.50, 0.37, 0.79)
548.09: (-0.39, 0.49, 0.78)
548.19: (-0.20, 0.70, 0.68)
548.31: (-0.04, 0.75, 0.66)
548.43: (0.18, 0.81, 0.56)
548.54: (0.31, 0.87, 0.38)
548.66: (0.43, 0.88, 0.22)
548.78: (0.24, 0.92, 0.30)
548.88: (-0.20, 0.91, 0.36)
548.99: (-0.52, 0.81, 0.27)
549.11: (-0.64, 0.77, -0.07)
549.21: (-0.69, 0.63, -0.36)
549.33: (-0.63, 0.27, -0.73)
549.44: (-0.50, -0.10, -0.86)
549.56: (-0.38, -0.29, -0.88)
549.66: (-0.23, -0.49, -0.84)
549.76: (0.01, -0.81, -0.59)
549.88: (-0.01, -0.86, -0.50)
549.99: (-0.01, -0.86, -0.50)
550.11: (-0.01, -0.85, -0.52)
550.23: (-0.55, -0.52, -0.65)
550.34: (-0.93, 0.21, -0.30)
550.44: (-0.94, 0.27, -0.19)
550.56: (-0.95, 0.25, -0.19)
550.68: (-0.96, 0.19, -0.20)
550.78: (-0.78, 0.63, 0.04)
550.89: (-0.09, 0.98, 0.16)
551.01: (0.02, 1.00, -0.05)
551.13: (0.02, 1.00, -0.05)
551.24: (-0.02, 1.00, -0.09)
551.36: (0.50, 0.85, -0.17)
551.46: (0.82, 0.55, -0.17)
551.58: (0.88, 0.45, -0.16)
551.69: (0.77, 0.55, -0.32)
551.81: (0.78, 0.45, -0.44)
551.88: (0.79, 0.42, -0.44)
551.88: (0.39, 0.46, 0.80): 1
551.93: (0.79, 0.42, -0.44)
552.03: (0.79, 0.42, -0.44)
552.14: (0.79, 0.42, -0.44)
552.26: (0.79, 0.42, -0.44)
552.38: (0.80, 0.42, -0.44)
552.49: (0.80, 0.41, -0.43)
552.59: (0.80, 0.42, -0.42)
552.71: (0.88, 0.32, -0.36)
552.83: (0.94, -0.35, 0.05)
552.93: (0.93, -0.37, 0.07)
553.04: (0.93, -0.36, 0.06)
553.16: (0.77, -0.61, 0.17)
553.28: (0.34, -0.86, 0.39)
553.38: (0.33, -0.85, 0.40)
553.49: (0.36, -0.85, 0.39)
553.61: (0.29, -0.86, 0.42)
553.73: (-0.08, -0.87, 0.49)
553.84: (-0.19, -0.84, 0.51)
553.96: (-0.37, -0.78, 0.51)
554.08: (-0.43, -0.75, 0.51)
554.19: (-0.56, -0.68, 0.47)
554.29: (-0.56, -0.68, 0.48)
554.41: (-0.52, -0.71, 0.47)
554.51: (-0.07, -0.92, 0.40)
554.63: (0.20, -0.98, 0.08)
554.74: (0.23, -0.97, -0.12)
554.86: (0.11, -0.95, -0.30)
554.96: (0.05, -0.89, -0.45)
555.08: (0.18, -0.98, -0.12)
555.19: (0.29, -0.84, 0.46)
555.29: (0.32, -0.72, 0.61)
555.41: (0.29, -0.59, 0.76)
555.53: (0.26, -0.43, 0.87)
555.63: (0.26, -0.05, 0.96)
555.74: (0.21, 0.26, 0.94)
555.86: (0.22, 0.35, 0.91)
555.98: (0.41, 0.37, 0.83)
556.09: (0.45, 0.44, 0.78)
556.09: (-0.05, -0.90, 0.44): 1
556.09: (0.45, 0.44, 0.78)
556.19: (0.45, 0.44, 0.77)
556.31: (0.46, 0.45, 0.76)
556.41: (0.47, 0.45, 0.76)
556.53: (0.27, 0.31, 0.91)
556.64: (-0.26, 0.00, 0.97)
556.76: (-0.35, -0.06, 0.94)
556.86: (-0.29, -0.03, 0.96)
556.96: (-0.39, -0.32, 0.87)
557.08: (-0.62, -0.69, 0.37)
557.19: (-0.67, -0.74, -0.04)
557.31: (-0.67, -0.74, -0.07)
557.43: (-0.66, -0.75, 0.02)
557.54: (-0.38, -0.86, 0.35)
557.66: (-0.22, -0.85, 0.47)
557.76: (-0.18, -0.87, 0.46)
557.88: (-0.13, -0.88, 0.45)
557.89: (-0.13, -0.88, 0.45)
557.89: (-0.98, -0.07, -0.20): 0
557.99: (-0.12, -0.88, 0.45)
558.09: (-0.03, -0.89, 0.46)
558.21: (0.13, -0.89, 0.45)
558.31: (0.06, -0.94, 0.33)
558.43: (0.06, -0.94, 0.33)
558.54: (0.06, -0.94, 0.33)
558.66: (0.11, -0.91, 0.40)
558.76: (-0.13, -0.98, 0.12)
558.88: (-0.48, -0.79, -0.39)
558.99: (-0.49, -0.77, -0.42)
559.11: (-0.49, -0.78, -0.40)
559.23: (-0.64, -0.37, -0.68)
559.33: (-0.59, 0.27, -0.76)
559.43: (-0.58, 0.34, -0.74)
559.54: (-0.58, 0.33, -0.74)
559.66: (-0.75, 0.22, -0.62)
559.76: (-0.91, 0.06, -0.41)
559.88: (-0.95, 0.01, -0.30)
559.98: (-0.97, -0.02, -0.24)
560.01: (-0.97, -0.03, -0.22)
560.01: (-0.74, 0.65, -0.14): 0
560.09: (-0.98, -0.03, -0.22)
560.19: (-0.97, -0.04, -0.23)
560.31: (-0.96, -0.01, -0.28)
560.43: (-0.77, 0.57, -0.28)
560.54: (-0.68, 0.72, -0.14)
560.66: (-0.75, 0.66, -0.12)
560.73: (-0.75, 0.64, -0.12)
560.73: (-0.31, -0.02, 0.95): 2
560.76: (-0.75, 0.64, -0.12)
560.88: (-0.76, 0.64, -0.12)
560.99: (-0.76, 0.64, -0.13)
561.11: (-0.78, 0.60, -0.17)
561.21: (-0.78, 0.60, -0.17)
561.33: (-0.78, 0.60, -0.17)
561.43: (-0.78, 0.60, -0.17)
561.54: (-0.78, 0.60, -0.17)
561.66: (-0.78, 0.60, -0.17)
561.78: (-0.72, 0.61, -0.33)
561.89: (-0.48, 0.62, -0.62)
562.01: (-0.12, 0.45, -0.89)
562.13: (-0.02, 0.37, -0.93)
562.23: (-0.04, 0.46, -0.89)
562.34: (-0.35, 0.68, -0.65)
562.46: (-0.28, 0.87, -0.40)
562.58: (-0.07, 1.00, 0.01)
562.68: (-0.11, 0.99, 0.00)
562.78: (-0.14, 0.99, -0.03)
562.89: (0.28, 0.92, 0.26)
563.01: (0.62, 0.57, 0.53)
563.11: (0.70, 0.44, 0.56)
563.23: (0.69, 0.45, 0.57)
563.34: (0.68, 0.49, 0.54)
563.46: (0.82, 0.05, 0.57)
563.57: (0.76, -0.46, 0.47)
563.69: (0.69, -0.57, 0.45)
563.79: (0.66, -0.63, 0.41)
563.91: (0.55, -0.58, 0.60)
564.02: (0.02, -0.33, 0.95)
564.14: (-0.30, -0.39, 0.87)
564.26: (-0.25, -0.75, 0.61)
564.37: (-0.26, -0.40, 0.88)
564.49: (-0.19, 0.00, 0.98)
564.59: (-0.18, 0.02, 0.98)
564.59: (-0.78, -0.19, -0.60): 1
564.61: (-0.18, 0.02, 0.98)
564.72: (-0.19, 0.02, 0.98)
564.82: (-0.18, 0.03, 0.98)
564.94: (-0.18, 0.03, 0.98)
565.06: (-0.21, -0.18, 0.96)
565.17: (-0.34, -0.48, 0.81)
565.29: (-0.34, -0.48, 0.81)
565.41: (-0.23, -0.58, 0.78)
565.51: (-0.15, -0.92, 0.35)
565.62: (-0.18, -0.91, -0.38)
565.74: (-0.27, -0.79, -0.55)
565.84: (-0.30, -0.72, -0.62)
565.94: (-0.27, -0.69, -0.68)
566.06: (-0.43, -0.53, -0.73)
566.16: (-0.69, -0.38, -0.61)
566.27: (-0.76, -0.26, -0.59)
566.39: (-0.73, -0.10, -0.68)
566.41: (-0.73, -0.09, -0.68)
566.41: (0.83, -0.33, 0.45): 2
566.49: (-0.73, -0.10, -0.68)
566.61: (-0.73, -0.13, -0.68)
566.72: (-0.70, -0.16, -0.69)
566.84: (-0.71, -0.19, -0.68)
566.94: (-0.71, -0.19, -0.68)
567.04: (-0.69, -0.36, -0.63)
567.16: (-0.47, -0.78, -0.41)
567.27: (-0.21, -0.97, -0.09)
567.39: (-0.14, -0.99, 0.07)
567.51: (0.03, -0.96, 0.29)
567.62: (0.21, -0.81, 0.55)
567.74: (0.35, -0.53, 0.78)
567.86: (0.41, -0.16, 0.90)
567.97: (0.52, -0.19, 0.83)
568.09: (0.67, -0.43, 0.60)
568.19: (0.77, -0.38, 0.51)
568.31: (0.84, -0.29, 0.46)
568.34: (0.84, -0.29, 0.46)
568.34: (-0.48, 0.87, 0.11): 0
568.42: (0.84, -0.29, 0.45)
568.54: (0.84, -0.30, 0.45)
568.66: (0.83, -0.30, 0.46)
568.76: (0.83, -0.30, 0.46)
568.87: (0.83, -0.30, 0.46)
568.99: (0.85, -0.21, 0.48)
569.11: (0.84, 0.24, 0.49)
569.21: (0.69, 0.62, 0.39)
569.32: (0.58, 0.76, 0.31)
569.44: (0.54, 0.81, 0.25)
569.56: (0.37, 0.91, 0.19)
569.67: (0.05, 1.00, 0.05)
569.79: (-0.18, 0.98, -0.09)
569.91: (-0.31, 0.95, -0.10)
570.02: (-0.42, 0.91, 0.06)
570.12: (-0.43, 0.90, 0.08)
570.12: (-0.66, -0.65, -0.39): 0
570.12: (-0.43, 0.90, 0.08)
570.24: (-0.43, 0.90, 0.08)
570.36: (-0.44, 0.90, 0.08)
570.47: (-0.43, 0.90, 0.10)
570.57: (-0.43, 0.90, 0.10)
570.67: (-0.38, 0.92, 0.09)
570.79: (-0.54, 0.84, -0.04)
570.91: (-0.85, 0.43, -0.31)
571.02: (-0.90, 0.15, -0.41)
571.12: (-0.90, 0.08, -0.43)
571.24: (-0.87, -0.12, -0.47)
571.36: (-0.77, -0.47, -0.43)
571.47: (-0.69, -0.61, -0.39)
571.52: (-0.69, -0.61, -0.38)
571.52: (0.26, 0.91, -0.33): 0
571.57: (-0.69, -0.61, -0.38)
571.69: (-0.69, -0.62, -0.38)
571.81: (-0.70, -0.60, -0.39)
571.92: (-0.70, -0.60, -0.39)
572.02: (-0.70, -0.59, -0.40)
572.14: (-0.83, -0.24, -0.50)
572.26: (-0.74, 0.52, -0.43)
572.36: (-0.45, 0.82, -0.36)
572.47: (-0.45, 0.82, -0.36)
572.59: (-0.53, 0.75, -0.39)
572.71: (-0.29, 0.85, -0.44)
572.82: (0.07, 0.91, -0.40)
572.94: (0.16, 0.91, -0.38)
573.02: (0.23, 0.90, -0.37)
573.02: (0.03, -0.57, -0.82): 0
573.06: (0.23, 0.90, -0.37)
573.17: (0.23, 0.90, -0.37)
573.27: (0.23, 0.90, -0.37)
573.39: (0.23, 0.90, -0.37)
573.49: (0.06, 0.86, -0.51)
573.61: (-0.38, 0.43, -0.82)
573.72: (-0.41, 0.00, -0.91)
573.84: (-0.36, -0.48, -0.80)
573.96: (-0.30, -0.77, -0.56)
574.07: (-0.08, -0.83, -0.55)
574.19: (0.01, -0.72, -0.70)
574.29: (0.02, -0.59, -0.81)
574.36: (0.03, -0.57, -0.82)
574.36: (-0.21, 0.97, -0.14): 0
574.41: (0.03, -0.57, -0.82)
574.52: (0.03, -0.58, -0.82)
574.62: (0.03, -0.58, -0.82)
574.74: (0.02, -0.55, -0.84)
574.86: (0.09, 0.06, -0.99)
574.97: (0.23, 0.75, -0.62)
575.09: (0.30, 0.92, -0.26)
575.19: (0.30, 0.92, -0.26)
575.31: (0.27, 0.90, -0.34)
575.42: (-0.06, 0.94, -0.34)
575.54: (-0.22, 0.95, -0.21)
575.64: (-0.22, 0.96, -0.18)
575.64: (0.82, 0.55, -0.16): 0
575.66: (-0.22, 0.96, -0.18)
575.77: (-0.21, 0.96, -0.18)
575.89: (-0.20, 0.96, -0.18)
575.99: (-0.20, 0.96, -0.19)
576.11: (-0.16, 0.90, -0.41)
576.21: (0.01, 0.62, -0.79)
576.32: (0.32, 0.24, -0.92)
576.44: (0.62, 0.06, -0.78)
576.56: (0.72, 0.11, -0.69)
576.67: (0.79, 0.09, -0.61)
576.77: (0.84, 0.22, -0.50)
576.89: (0.84, 0.38, -0.39)
576.99: (0.84, 0.46, -0.29)
577.09: (0.85, 0.49, -0.20)
577.09: (-0.99, 0.07, -0.14): 0
577.09: (0.85, 0.49, -0.20)
577.21: (0.85, 0.49, -0.19)
577.31: (0.85, 0.49, -0.19)
577.42: (0.85, 0.49, -0.19)
577.54: (0.85, 0.49, -0.19)
577.66: (0.86, 0.50, -0.14)
577.77: (0.67, 0.67, 0.32)
577.87: (0.38, 0.80, 0.47)
577.99: (0.38, 0.80, 0.47)
578.11: (0.38, 0.80, 0.47)
578.22: (0.36, 0.81, 0.46)
578.32: (0.01, 0.86, 0.51)
578.44: (-0.40, 0.75, 0.52)
578.56: (-0.59, 0.61, 0.54)
578.67: (-0.78, 0.42, 0.47)
578.77: (-0.86, 0.24, 0.45)
578.89: (-0.94, 0.01, 0.33)
579.01: (-0.99, 0.12, 0.01)
579.12: (-0.99, 0.12, -0.08)
579.22: (-0.99, 0.00, -0.12)
579.24: (-0.99, 0.00, -0.12)
579.24: (0.10, -0.57, -0.81): 0
579.34: (-0.99, 0.00, -0.12)
579.46: (-0.99, 0.01, -0.12)
579.57: (-0.99, 0.01, -0.12)
579.69: (-0.99, 0.00, -0.17)
579.79: (-0.88, -0.17, -0.45)
579.91: (-0.88, -0.17, -0.45)
580.02: (-0.94, 0.02, -0.35)
580.14: (-0.77, -0.29, -0.57)
580.24: (-0.24, -0.63, -0.74)
580.35: (-0.03, -0.70, -0.71)
580.47: (0.08, -0.64, -0.76)
580.57: (0.07, -0.59, -0.80)
580.64: (0.08, -0.59, -0.80)
580.64: (-0.82, 0.13, 0.56): 2
580.69: (0.08, -0.59, -0.80)
580.80: (0.11, -0.60, -0.80)
580.90: (0.13, -0.59, -0.79)
581.02: (0.12, -0.59, -0.80)
581.12: (0.11, -0.58, -0.80)
581.24: (0.12, -0.58, -0.81)
581.35: (0.14, -0.58, -0.80)
581.46: (-0.01, -0.56, -0.83)
581.57: (-0.70, -0.39, -0.60)
581.69: (-0.96, -0.13, -0.23)
581.80: (-0.99, 0.13, 0.03)
581.92: (-0.94, 0.26, 0.22)
582.04: (-0.86, 0.18, 0.48)
582.14: (-0.84, 0.15, 0.52)
582.14: (-0.78, -0.26, -0.57): 1
582.15: (-0.84, 0.15, 0.52)
582.25: (-0.84, 0.15, 0.52)
582.37: (-0.84, 0.15, 0.53)
582.49: (-0.84, 0.15, 0.53)
582.59: (-0.85, 0.13, 0.52)
582.70: (-0.96, -0.18, 0.19)
582.82: (-0.71, -0.58, -0.39)
582.94: (-0.27, -0.70, -0.66)
583.04: (-0.39, -0.53, -0.75)
583.15: (-0.74, -0.35, -0.58)
583.25: (-0.72, -0.37, -0.59)
583.37: (-0.72, -0.31, -0.62)
583.44: (-0.73, -0.29, -0.61)
583.44: (0.63, -0.28, 0.73): 2
583.49: (-0.73, -0.29, -0.62)
583.60: (-0.72, -0.29, -0.63)
583.72: (-0.72, -0.29, -0.63)
583.84: (-0.72, -0.29, -0.63)
583.94: (-0.73, -0.28, -0.63)
584.05: (-0.73, -0.28, -0.63)
584.17: (-0.72, -0.28, -0.63)
584.27: (-0.77, -0.22, -0.60)
584.37: (-0.96, -0.05, -0.28)
584.47: (-0.98, 0.15, 0.09)
584.59: (-0.81, 0.35, 0.47)
584.70: (-0.66, 0.44, 0.61)
584.82: (-0.42, 0.47, 0.77)
584.92: (-0.18, 0.55, 0.82)
585.02: (0.02, 0.62, 0.78)
585.14: (0.12, 0.64, 0.76)
585.25: (0.31, 0.55, 0.77)
585.37: (0.03, 0.25, 0.97)
585.49: (-0.12, -0.02, 0.99)
585.59: (0.20, 0.01, 0.98)
585.70: (0.49, -0.07, 0.87)
585.80: (0.50, -0.19, 0.85)
585.92: (0.55, -0.24, 0.80)
585.99: (0.57, -0.24, 0.78)
585.99: (0.95, 0.02, 0.31): 1
586.02: (0.57, -0.24, 0.78)
586.14: (0.56, -0.23, 0.79)
586.25: (0.57, -0.22, 0.80)
586.35: (0.57, -0.22, 0.80)
586.47: (0.51, -0.18, 0.84)
586.57: (0.69, -0.12, 0.72)
586.69: (0.87, 0.01, 0.50)
586.80: (0.93, 0.01, 0.36)
586.85: (0.93, 0.01, 0.36)
586.85: (-0.07, -0.86, -0.51): 1
586.90: (0.93, 0.01, 0.36)
587.00: (0.94, 0.01, 0.35)
587.12: (0.95, -0.01, 0.31)
587.24: (0.97, -0.03, 0.25)
587.34: (0.98, -0.06, 0.19)
587.45: (0.95, -0.29, -0.15)
587.57: (0.68, -0.53, -0.51)
587.69: (0.48, -0.62, -0.62)
587.80: (0.28, -0.69, -0.66)
587.92: (0.13, -0.81, -0.57)
588.02: (-0.01, -0.82, -0.58)
588.12: (-0.09, -0.82, -0.56)
588.12: (0.97, -0.11, 0.21): 1
588.12: (-0.09, -0.82, -0.56)
588.24: (-0.09, -0.83, -0.56)
588.34: (-0.11, -0.83, -0.55)
588.45: (-0.09, -0.83, -0.54)
588.57: (-0.09, -0.83, -0.54)
588.69: (-0.13, -0.84, -0.53)
588.80: (0.20, -0.89, -0.41)
588.92: (0.71, -0.70, -0.05)
589.04: (0.92, -0.03, 0.38)
589.15: (0.80, 0.29, 0.52)
589.25: (0.92, 0.01, 0.38)
589.35: (0.95, -0.13, 0.28)
589.47: (0.95, -0.12, 0.28)
589.52: (0.95, -0.13, 0.27)
589.52: (-0.71, -0.53, -0.46): 2
589.57: (0.95, -0.13, 0.27)
589.67: (0.95, -0.13, 0.27)
589.79: (0.95, -0.13, 0.27)
589.90: (0.95, -0.14, 0.26)
590.02: (0.95, -0.24, 0.21)
590.14: (0.95, -0.26, 0.20)
590.25: (0.80, -0.60, 0.05)
590.35: (0.34, -0.93, -0.16)
590.45: (0.03, -0.96, -0.28)
590.57: (-0.16, -0.92, -0.35)
590.69: (-0.50, -0.76, -0.42)
590.80: (-0.65, -0.62, -0.44)
590.90: (-0.70, -0.54, -0.47)
590.92: (-0.70, -0.54, -0.47)
590.92: (-0.84, -0.10, 0.53): 0
591.02: (-0.70, -0.54, -0.47)
591.14: (-0.71, -0.53, -0.47)
591.24: (-0.71, -0.53, -0.47)
591.35: (-0.71, -0.52, -0.47)
591.47: (-0.81, -0.37, -0.46)
591.57: (-0.94, 0.04, -0.34)
591.69: (-0.94, 0.17, -0.31)
591.80: (-0.94, 0.17, -0.31)
591.92: (-0.94, 0.27, -0.22)
592.04: (-0.80, 0.60, 0.04)
592.14: (-0.64, 0.74, 0.21)
592.25: (-0.47, 0.79, 0.39)
592.37: (-0.22, 0.81, 0.55)
592.49: (-0.06, 0.73, 0.68)
592.60: (0.02, 0.70, 0.71)
592.72: (-0.16, 0.65, 0.74)
592.82: (-0.46, 0.39, 0.79)
592.94: (-0.82, 0.17, 0.54)
593.05: (-0.91, 0.08, 0.41)
593.17: (-0.83, 0.03, 0.55)
593.25: (-0.82, 0.01, 0.57)
593.25: (0.21, 0.59, 0.78): 0
593.29: (-0.82, 0.01, 0.57)
593.40: (-0.82, 0.01, 0.57)
593.50: (-0.84, 0.01, 0.55)
593.62: (-0.84, 0.03, 0.54)
593.72: (-0.84, 0.03, 0.54)
593.84: (-0.77, 0.07, 0.63)
593.95: (-0.27, 0.29, 0.92)
594.07: (0.23, 0.34, 0.91)
594.19: (0.48, 0.32, 0.82)
594.30: (0.34, 0.46, 0.82)
594.40: (0.28, 0.51, 0.81)
594.47: (0.27, 0.50, 0.82)
594.47: (-0.19, 0.40, -0.90): 2
594.50: (0.26, 0.50, 0.83)
594.62: (0.25, 0.49, 0.84)
594.74: (0.25, 0.48, 0.84)
594.84: (0.26, 0.49, 0.84)
594.95: (0.28, 0.49, 0.83)
595.05: (0.29, 0.49, 0.82)
595.17: (0.29, 0.49, 0.82)
595.29: (0.54, 0.49, 0.68)
595.40: (0.85, 0.36, 0.38)
595.52: (0.88, 0.28, 0.39)
595.62: (0.88, 0.28, 0.39)
595.74: (0.87, 0.27, 0.40)
595.85: (0.88, -0.01, 0.47)
595.97: (0.84, -0.31, 0.44)
596.07: (0.83, -0.39, 0.39)
596.17: (0.82, -0.46, 0.34)
596.29: (0.84, -0.52, 0.16)
596.40: (0.95, -0.29, -0.11)
596.50: (0.94, -0.12, -0.33)
596.62: (0.83, 0.01, -0.55)
596.72: (0.63, 0.01, -0.77)
596.84: (0.33, 0.07, -0.94)
596.94: (0.05, 0.13, -0.99)
597.04: (0.05, 0.13, -0.99)
597.15: (0.07, 0.12, -0.99)
597.27: (0.07, 0.19, -0.98)
597.38: (0.00, 0.34, -0.94)
597.50: (-0.09, 0.37, -0.92)
597.55: (-0.16, 0.38, -0.91)
597.55: (-0.74, 0.33, 0.58): 1
597.62: (-0.16, 0.38, -0.91)
597.72: (-0.16, 0.38, -0.91)
597.83: (-0.16, 0.37, -0.91)
597.93: (-0.17, 0.37, -0.91)
598.05: (-0.21, 0.37, -0.90)
598.17: (-0.67, 0.26, -0.70)
598.27: (-0.95, 0.10, -0.29)
598.37: (-0.99, 0.08, -0.11)
598.48: (-0.99, 0.09, -0.14)
598.58: (-0.99, 0.08, -0.14)
598.70: (-0.99, 0.12, -0.04)
598.82: (-0.90, 0.23, 0.36)
598.92: (-0.84, 0.26, 0.48)
599.04: (-0.82, 0.26, 0.51)
599.07: (-0.82, 0.26, 0.51)
599.07: (-0.39, 0.88, -0.27): 2
599.15: (-0.82, 0.26, 0.51)
599.27: (-0.81, 0.26, 0.52)
599.38: (-0.81, 0.26, 0.52)
599.50: (-0.80, 0.26, 0.54)
599.60: (-0.80, 0.26, 0.55)
599.72: (-0.80, 0.26, 0.55)
599.83: (-0.81, 0.28, 0.51)
599.95: (-0.89, 0.45, -0.09)
600.07: (-0.66, 0.41, -0.63)
600.17: (-0.56, 0.35, -0.75)
600.28: (-0.62, 0.41, -0.67)
600.40: (-0.59, 0.67, -0.46)
600.50: (-0.49, 0.77, -0.40)
600.62: (-0.37, 0.83, -0.41)
600.73: (-0.28, 0.88, -0.37)
600.75: (-0.28, 0.88, -0.37)
600.75: (-0.89, -0.41, 0.20): 2
600.85: (-0.29, 0.88, -0.37)
600.95: (-0.30, 0.88, -0.36)
601.07: (-0.31, 0.88, -0.36)
601.18: (-0.33, 0.88, -0.35)
601.30: (-0.47, 0.81, -0.35)
601.42: (-0.76, 0.59, -0.28)
601.52: (-0.93, 0.35, -0.10)
601.63: (-0.98, 0.09, 0.20)
601.75: (-0.91, -0.12, 0.39)
601.85: (-0.83, -0.43, 0.35)
601.97: (-0.81, -0.56, 0.19)
602.07: (-0.81, -0.56, 0.18)
602.18: (-0.84, -0.51, 0.17)
602.25: (-0.85, -0.50, 0.16)
602.25: (0.87, 0.44, 0.24): 1
602.30: (-0.85, -0.50, 0.16)
602.40: (-0.85, -0.50, 0.15)
602.52: (-0.85, -0.50, 0.15)
602.63: (-0.85, -0.50, 0.15)
602.75: (-0.85, -0.50, 0.15)
602.87: (-0.77, -0.58, 0.27)
602.98: (-0.43, -0.84, 0.33)
603.08: (-0.15, -0.97, 0.21)
603.20: (0.05, -0.99, 0.13)
603.32: (0.21, -0.97, 0.11)
603.43: (0.46, -0.88, 0.09)
603.53: (0.60, -0.80, 0.03)
603.65: (0.77, -0.64, 0.05)
603.77: (0.81, -0.57, 0.15)
603.87: (0.74, -0.54, 0.40)
603.98: (0.60, -0.39, 0.69)
604.10: (0.58, -0.07, 0.81)
604.22: (0.63, 0.17, 0.76)
604.33: (0.48, 0.48, 0.74)
604.43: (0.46, 0.47, 0.75)
604.53: (0.47, 0.47, 0.75)
604.63: (0.70, 0.43, 0.58)
604.75: (0.83, 0.40, 0.38)
604.87: (0.84, 0.40, 0.37)
604.97: (0.84, 0.44, 0.33)
605.05: (0.85, 0.45, 0.29)
605.05: (-0.68, -0.57, -0.46): 2
605.08: (0.85, 0.45, 0.29)
605.20: (0.84, 0.44, 0.31)
605.32: (0.84, 0.44, 0.32)
605.42: (0.84, 0.44, 0.32)
605.53: (0.84, 0.44, 0.32)
605.65: (0.85, 0.44, 0.31)
605.77: (0.83, 0.52, 0.20)
605.87: (0.72, 0.69, 0.06)
605.98: (0.56, 0.83, -0.05)
606.10: (0.35, 0.92, -0.19)
606.20: (0.11, 0.95, -0.30)
606.32: (-0.20, 0.88, -0.44)
606.43: (-0.35, 0.77, -0.54)
606.55: (-0.52, 0.62, -0.58)
606.67: (-0.78, 0.36, -0.51)
606.77: (-0.93, 0.02, -0.36)
606.88: (-0.95, -0.02, -0.32)
607.00: (-0.95, -0.02, -0.32)
607.12: (-0.88, -0.12, -0.46)
607.23: (-0.76, -0.38, -0.52)
607.33: (-0.73, -0.52, -0.44)
607.42: (-0.73, -0.53, -0.43)
607.42: (-1.00, 0.04, 0.04): 1
607.45: (-0.73, -0.53, -0.43)
607.57: (-0.73, -0.53, -0.43)
607.67: (-0.75, -0.50, -0.44)
607.78: (-0.75, -0.50, -0.44)
607.90: (-0.75, -0.51, -0.42)
608.02: (-0.74, -0.58, -0.35)
608.13: (-0.69, -0.49, -0.54)
608.25: (-0.45, -0.15, -0.88)
608.37: (-0.19, -0.04, -0.98)
608.48: (0.04, 0.19, -0.98)
608.60: (0.19, 0.54, -0.82)
608.70: (0.23, 0.87, -0.43)
608.80: (0.23, 0.94, -0.23)
608.92: (0.26, 0.94, -0.23)
609.03: (0.20, 0.98, 0.04)
609.15: (0.36, 0.92, 0.14)
609.27: (0.47, 0.86, 0.21)
609.38: (0.48, 0.85, 0.21)
609.50: (0.75, 0.66, 0.04)
609.60: (0.80, 0.60, -0.04)
609.72: (0.27, 0.96, -0.01)
609.83: (-0.25, 0.97, -0.02)
609.93: (-0.51, 0.86, -0.01)
610.05: (-0.67, 0.74, 0.04)
610.17: (-0.67, 0.73, 0.09)
610.28: (-0.34, 0.81, 0.47)
610.38: (-0.24, 0.80, 0.55)
610.50: (-0.24, 0.80, 0.55)
610.60: (-0.26, 0.82, 0.51)
610.72: (-0.12, 0.62, 0.78)
610.82: (0.08, 0.31, 0.95)
610.92: (0.13, 0.22, 0.97)
611.03: (0.20, 0.13, 0.97)
611.15: (0.29, 0.00, 0.96)
611.27: (0.37, -0.11, 0.92)
611.38: (0.49, -0.47, 0.74)
611.48: (0.46, -0.49, 0.74)
611.60: (0.45, -0.45, 0.77)
611.72: (0.33, 0.05, 0.94)
611.83: (0.19, 0.60, 0.78)
611.95: (0.23, 0.76, 0.61)
612.07: (0.14, 0.85, 0.51)
612.18: (-0.33, 0.76, 0.56)
612.28: (-0.70, 0.66, 0.28)
612.40: (-0.87, 0.48, 0.11)
612.52: (-0.82, 0.57, -0.10)
612.62: (-0.82, 0.58, -0.03)
612.73: (-0.93, 0.37, 0.07)
612.85: (-0.97, 0.22, 0.05)
612.93: (-0.99, 0.16, 0.03)
612.93: (0.54, 0.84, 0.00): 1
612.97: (-0.99, 0.16, 0.03)
613.08: (-0.99, 0.16, 0.03)
613.20: (-0.98, 0.20, 0.08)
613.31: (-0.97, 0.22, 0.12)
613.42: (-0.96, 0.25, 0.13)
613.53: (-0.81, 0.43, 0.39)
613.65: (-0.47, 0.59, 0.66)
613.75: (-0.08, 0.57, 0.81)
613.87: (0.19, 0.55, 0.81)
613.98: (0.40, 0.49, 0.77)
614.10: (0.61, 0.34, 0.71)
614.21: (0.82, 0.11, 0.57)
614.31: (0.82, 0.11, 0.56)
614.43: (0.81, 0.12, 0.57)
614.55: (0.84, 0.15, 0.52)
614.66: (0.95, 0.17, 0.25)
614.77: (0.92, 0.34, 0.19)
614.88: (0.76, 0.64, 0.09)
615.00: (0.59, 0.80, 0.13)
615.10: (0.55, 0.83, 0.09)
615.16: (0.53, 0.84, 0.07)
615.16: (0.99, 0.03, -0.12): 2
615.21: (0.53, 0.84, 0.07)
615.33: (0.53, 0.84, 0.07)
615.43: (0.53, 0.84, 0.07)
615.55: (0.53, 0.84, 0.07)
615.66: (0.44, 0.89, 0.10)
615.78: (0.46, 0.88, 0.11)
615.88: (0.46, 0.88, 0.11)
616.00: (0.57, 0.82, 0.07)
616.11: (0.95, 0.28, -0.13)
616.23: (0.97, 0.00, -0.26)
616.33: (0.97, 0.02, -0.25)
616.45: (0.98, 0.03, -0.20)
616.55: (0.99, 0.03, -0.13)
616.60: (0.99, 0.03, -0.12)
616.60: (0.28, -0.94, 0.22): 2
616.65: (0.99, 0.03, -0.12)
616.76: (0.99, 0.02, -0.12)
616.88: (0.99, 0.02, -0.12)
616.98: (0.99, 0.02, -0.12)
617.10: (0.99, 0.02, -0.13)
617.21: (0.99, 0.02, -0.13)
617.33: (0.99, -0.01, -0.14)
617.45: (0.76, -0.57, -0.31)
617.56: (0.53, -0.78, -0.32)
617.68: (0.47, -0.85, -0.24)
617.80: (0.29, -0.96, 0.07)
617.91: (0.19, -0.96, 0.19)
617.95: (0.19, -0.96, 0.19)
617.95: (0.54, -0.66, -0.52): 2
618.01: (0.19, -0.96, 0.19)
618.11: (0.20, -0.96, 0.20)
618.23: (0.20, -0.95, 0.22)
618.35: (0.21, -0.95, 0.23)
618.45: (0.21, -0.95, 0.24)
618.56: (0.21, -0.95, 0.24)
618.68: (0.27, -0.93, 0.25)
618.78: (0.51, -0.83, 0.22)
618.90: (0.96, -0.27, 0.04)
619.01: (0.98, 0.15, -0.12)
619.13: (0.94, 0.27, -0.19)
619.25: (0.68, 0.70, -0.20)
619.35: (0.22, 0.94, -0.27)
619.46: (0.03, 0.87, -0.50)
619.58: (-0.06, 0.77, -0.64)
619.70: (-0.03, 0.62, -0.78)
619.81: (0.25, 0.39, -0.89)
619.93: (0.37, 0.24, -0.90)
620.05: (0.41, 0.12, -0.90)
620.16: (0.25, 0.29, -0.92)
620.28: (-0.22, 0.60, -0.77)
620.40: (-0.47, 0.60, -0.65)
620.50: (-0.27, 0.60, -0.75)
620.61: (0.10, 0.56, -0.82)
620.71: (0.47, 0.25, -0.85)
620.81: (0.67, -0.13, -0.73)
620.93: (0.84, -0.32, -0.44)
621.03: (0.82, -0.39, -0.41)
621.15: (0.68, -0.47, -0.57)
621.26: (0.58, -0.58, -0.57)
621.30: (0.58, -0.59, -0.57)
621.30: (0.29, -0.93, -0.22): 2
621.38: (0.58, -0.59, -0.57)
621.50: (0.58, -0.57, -0.58)
621.60: (0.64, -0.52, -0.57)
621.71: (0.56, -0.68, -0.48)
621.81: (0.41, -0.87, -0.29)
621.91: (0.40, -0.89, -0.22)
621.96: (0.40, -0.89, -0.22)
621.96: (0.98, -0.08, 0.17): 2
622.03: (0.40, -0.89, -0.22)
622.15: (0.40, -0.89, -0.22)
622.25: (0.41, -0.88, -0.23)
622.36: (0.41, -0.88, -0.23)
622.48: (0.41, -0.88, -0.23)
622.60: (0.40, -0.89, -0.23)
622.71: (0.39, -0.91, -0.17)
622.83: (0.35, -0.94, 0.00)
622.95: (0.32, -0.95, 0.06)
623.05: (0.21, -0.94, 0.26)
623.16: (0.12, -0.75, 0.65)
623.28: (0.06, -0.53, 0.84)
623.38: (0.06, -0.39, 0.92)
623.50: (0.18, -0.23, 0.96)
623.61: (0.64, -0.29, 0.71)
623.71: (0.87, -0.34, 0.35)
623.83: (0.91, -0.40, 0.14)
623.95: (0.94, -0.22, 0.26)
624.06: (0.96, -0.06, 0.28)
624.16: (0.97, -0.19, 0.18)
624.20: (0.97, -0.19, 0.18)
624.20: (0.36, -0.57, -0.74): 1
624.28: (0.97, -0.18, 0.18)
624.38: (0.97, -0.19, 0.17)
624.50: (0.97, -0.18, 0.18)
624.61: (0.97, -0.17, 0.18)
624.73: (0.97, -0.17, 0.18)
624.83: (0.82, -0.57, 0.04)
624.95: (0.32, -0.94, -0.15)
625.06: (-0.14, -0.96, -0.23)
625.16: (-0.40, -0.88, -0.25)
625.28: (-0.57, -0.78, -0.26)
625.40: (-0.72, -0.67, -0.21)
625.51: (-0.89, -0.42, -0.17)
625.63: (-0.98, -0.21, 0.02)
625.75: (-0.97, -0.17, 0.18)
625.86: (-0.91, -0.23, 0.34)
625.96: (-0.81, -0.29, 0.51)
626.08: (-0.71, -0.41, 0.57)
626.20: (-0.88, -0.35, 0.33)
626.30: (-0.94, -0.34, -0.01)
626.41: (-0.77, -0.63, -0.09)
626.53: (-0.63, -0.73, -0.26)
626.65: (-0.45, -0.80, -0.39)
626.76: (-0.18, -0.86, -0.48)
626.86: (0.01, -0.82, -0.57)
626.98: (0.11, -0.73, -0.67)
627.10: (0.24, -0.64, -0.73)
627.21: (0.30, -0.62, -0.73)
627.23: (0.30, -0.62, -0.73)
627.23: (-0.10, 0.54, -0.83): 0
627.33: (0.30, -0.62, -0.73)
627.45: (0.27, -0.62, -0.74)
627.55: (0.29, -0.65, -0.71)
627.66: (0.31, -0.67, -0.68)
627.78: (-0.02, -0.72, -0.70)
627.88: (-0.68, -0.43, -0.60)
628.00: (-0.97, -0.07, -0.24)
628.10: (-1.00, 0.07, -0.02)
628.21: (-0.99, 0.10, 0.11)
628.33: (-0.91, 0.33, 0.24)
628.45: (-0.69, 0.55, 0.47)
628.56: (-0.69, 0.55, 0.47)
628.68: (-0.72, 0.51, 0.47)
628.80: (-0.57, 0.58, 0.58)
628.91: (-0.30, 0.59, 0.75)
629.03: (-0.26, 0.48, 0.84)
629.15: (-0.07, 0.24, 0.97)
629.26: (0.02, -0.17, 0.99)
629.38: (0.09, -0.42, 0.90)
629.50: (0.09, -0.17, 0.98)
629.60: (-0.02, 0.36, 0.93)
629.71: (0.04, 0.64, 0.77)
629.83: (0.00, 0.67, 0.75)
629.95: (-0.03, 0.63, 0.78)
630.06: (-0.11, 0.68, 0.72)
630.18: (-0.22, 0.92, 0.32)
630.29: (-0.26, 0.96, 0.08)
630.41: (-0.18, 0.98, 0.01)
630.51: (0.04, 1.00, 0.05)
630.63: (0.41, 0.83, 0.39)
630.74: (0.73, 0.58, 0.37)
630.86: (0.94, 0.31, 0.12)
630.98: (0.97, 0.24, 0.02)
631.09: (0.98, -0.02, 0.18)
631.19: (0.92, -0.26, 0.31)
631.29: (0.89, -0.43, 0.17)
631.41: (0.89, -0.42, 0.16)
631.53: (0.89, -0.42, 0.17)
631.64: (0.86, -0.48, 0.15)
631.76: (0.54, -0.81, -0.24)
631.88: (0.25, -0.87, -0.43)
631.99: (0.05, -0.83, -0.55)
632.09: (-0.32, -0.68, -0.66)
632.21: (-0.56, -0.51, -0.65)
632.33: (-0.78, -0.22, -0.58)
632.44: (-0.81, -0.12, -0.58)
632.54: (-0.81, -0.12, -0.58)
632.64: (-0.81, -0.12, -0.58)
632.74: (-0.83, -0.21, -0.51)
632.86: (-0.94, -0.30, -0.17)
632.98: (-0.86, -0.50, 0.11)
633.09: (-0.78, -0.53, 0.32)
633.19: (-0.79, -0.52, 0.32)
633.31: (-1.00, -0.09, 0.01)
633.43: (-0.95, 0.18, -0.25)
633.54: (-0.78, 0.29, -0.56)
633.66: (-0.51, 0.38, -0.77)
633.78: (-0.38, 0.41, -0.83)
633.89: (-0.21, 0.46, -0.86)
634.01: (-0.09, 0.54, -0.84)
634.03: (-0.09, 0.54, -0.84)
634.03: (-0.59, 0.06, -0.81): 0
634.11: (-0.09, 0.54, -0.84)
634.23: (-0.09, 0.53, -0.84)
634.34: (-0.12, 0.50, -0.86)
634.46: (-0.39, 0.22, -0.89)
634.58: (-0.63, -0.10, -0.77)
634.69: (-0.60, -0.04, -0.80)
634.81: (-0.56, 0.02, -0.83)
634.81: (0.72, -0.69, 0.05): 0
634.81: (-0.56, 0.02, -0.83)
634.91: (-0.56, 0.02, -0.83)
635.03: (-0.56, 0.03, -0.83)
635.13: (-0.59, 0.00, -0.81)
635.24: (-0.54, -0.54, -0.64)
635.36: (-0.57, -0.76, -0.31)
635.46: (-0.57, -0.82, -0.05)
635.58: (-0.50, -0.86, 0.13)
635.68: (-0.51, -0.84, 0.16)
635.79: (-0.31, -0.88, 0.35)
635.91: (-0.22, -0.86, 0.46)
636.03: (-0.26, -0.87, 0.43)
636.14: (-0.23, -0.85, 0.47)
636.24: (0.17, -0.67, 0.73)
636.36: (0.46, -0.38, 0.80)
636.48: (0.56, -0.22, 0.80)
636.59: (0.72, 0.06, 0.69)
636.71: (0.80, 0.24, 0.54)
636.83: (0.80, 0.24, 0.54)
636.94: (0.80, 0.10, 0.59)
637.06: (0.84, 0.51, 0.19)
637.16: (0.63, 0.75, -0.20)
637.28: (0.46, 0.88, -0.13)
637.39: (0.40, 0.90, -0.16)
637.51: (0.76, 0.54, -0.38)
637.63: (0.86, 0.22, -0.47)
637.74: (0.86, 0.13, -0.49)
637.86: (0.89, -0.06, -0.45)
637.98: (0.98, -0.17, 0.05)
638.08: (0.96, -0.12, 0.24)
638.18: (0.93, -0.09, 0.34)
638.29: (0.95, -0.31, 0.07)
638.41: (0.85, -0.53, 0.06)
638.53: (0.78, -0.63, 0.07)
638.61: (0.73, -0.68, 0.06)
638.61: (-0.60, 0.35, 0.72): 2
638.64: (0.72, -0.69, 0.05)
638.74: (0.72, -0.69, 0.05)
638.86: (0.72, -0.69, 0.05)
638.98: (0.72, -0.69, 0.06)
639.08: (0.74, -0.67, 0.05)
639.19: (0.75, -0.66, 0.04)
639.31: (0.75, -0.66, 0.05)
639.43: (0.69, -0.58, 0.44)
639.54: (0.45, -0.26, 0.85)
639.66: (0.23, 0.13, 0.96)
639.76: (0.12, 0.39, 0.91)
639.86: (0.06, 0.50, 0.86)
639.98: (-0.25, 0.48, 0.84)
640.09: (-0.51, 0.37, 0.78)
640.21: (-0.53, 0.45, 0.72)
640.26: (-0.53, 0.45, 0.72)
640.26: (-0.83, -0.17, 0.53): 0
640.31: (-0.53, 0.45, 0.72)
640.41: (-0.53, 0.45, 0.72)
640.53: (-0.54, 0.42, 0.73)
640.64: (-0.51, 0.42, 0.75)
640.76: (-0.49, 0.41, 0.77)
640.88: (-0.46, 0.44, 0.77)
640.99: (-0.63, 0.55, 0.55)
641.09: (-0.76, 0.64, 0.12)
641.21: (-0.71, 0.68, -0.18)
641.31: (-0.66, 0.66, -0.37)
641.43: (-0.61, 0.41, -0.68)
641.54: (-0.64, 0.45, -0.62)
641.64: (-0.66, 0.49, -0.57)
641.76: (-0.63, 0.52, -0.58)
641.88: (-0.41, 0.83, -0.37)
641.99: (-0.09, 0.99, -0.04)
642.09: (0.17, 0.98, 0.11)
642.21: (0.42, 0.86, 0.29)
642.31: (0.54, 0.76, 0.37)
642.43: (0.52, 0.75, 0.40)
642.54: (-0.30, 0.85, 0.43)
642.64: (-0.72, 0.60, 0.34)
642.76: (-0.87, 0.40, 0.30)
642.86: (-0.89, 0.31, 0.33)
642.98: (-0.79, 0.04, 0.61)
643.09: (-0.81, -0.09, 0.58)
643.19: (-0.83, -0.12, 0.54)
643.19: (0.47, 0.62, -0.62): 1
643.21: (-0.83, -0.12, 0.54)
643.31: (-0.83, -0.12, 0.54)
643.43: (-0.84, -0.11, 0.53)
643.54: (-0.81, -0.06, 0.58)
643.64: (-0.76, 0.16, 0.63)
643.76: (-0.81, 0.33, 0.49)
643.88: (-0.71, 0.70, 0.04)
643.98: (-0.50, 0.82, -0.29)
644.09: (-0.13, 0.76, -0.64)
644.19: (0.12, 0.64, -0.76)
644.29: (0.29, 0.57, -0.77)
644.41: (0.39, 0.65, -0.65)
644.53: (0.44, 0.65, -0.61)
644.53: (-0.77, 0.63, 0.12): 0
644.53: (0.44, 0.65, -0.61)
644.64: (0.45, 0.65, -0.61)
644.76: (0.46, 0.65, -0.61)
644.88: (0.46, 0.65, -0.61)
644.99: (0.46, 0.66, -0.60)
645.11: (0.27, 0.86, -0.43)
645.23: (-0.21, 0.97, 0.13)
645.33: (-0.33, 0.83, 0.46)
645.44: (-0.45, 0.70, 0.56)
645.56: (-0.60, 0.75, 0.27)
645.68: (-0.65, 0.73, 0.21)
645.79: (-0.71, 0.66, 0.24)
645.84: (-0.74, 0.64, 0.21)
645.84: (-0.02, 0.75, -0.66): 2
645.89: (-0.74, 0.64, 0.21)
646.01: (-0.74, 0.64, 0.22)
646.13: (-0.74, 0.64, 0.22)
646.23: (-0.74, 0.64, 0.22)
646.34: (-0.74, 0.64, 0.22)
646.46: (-0.68, 0.71, 0.19)
646.58: (-0.03, 0.99, -0.13)
646.69: (0.64, 0.66, -0.41)
646.81: (0.85, 0.28, -0.45)
646.91: (0.57, 0.63, -0.53)
647.01: (0.31, 0.74, -0.60)
647.13: (0.16, 0.77, -0.62)
647.23: (0.15, 0.74, -0.65)
647.26: (0.15, 0.75, -0.65)
647.26: (0.87, 0.07, 0.48): 2
647.34: (0.15, 0.75, -0.65)
647.46: (0.14, 0.74, -0.65)
647.56: (0.13, 0.76, -0.64)
647.66: (0.07, 0.81, -0.58)
647.78: (0.01, 0.85, -0.53)
647.89: (0.01, 0.85, -0.53)
648.01: (0.07, 0.81, -0.58)
648.11: (0.49, 0.44, -0.75)
648.21: (0.70, 0.01, -0.72)
648.32: (0.73, -0.17, -0.66)
648.42: (0.73, -0.13, -0.67)
648.54: (0.73, -0.04, -0.68)
648.66: (0.67, -0.50, -0.55)
648.76: (0.46, -0.78, -0.42)
648.87: (0.12, -0.93, -0.34)
648.99: (-0.09, -1.00, -0.03)
649.11: (-0.24, -0.95, 0.19)
649.22: (-0.45, -0.75, 0.49)
649.32: (-0.53, -0.63, 0.57)
649.44: (-0.70, -0.68, 0.24)
649.54: (-0.82, -0.57, -0.02)
649.66: (-0.85, -0.51, -0.12)
649.77: (-0.72, -0.68, 0.13)
649.89: (-0.09, -0.88, 0.46)
649.99: (0.23, -0.87, 0.44)
650.09: (0.35, -0.81, 0.47)
650.21: (0.55, -0.67, 0.50)
650.32: (0.75, -0.34, 0.57)
650.44: (0.64, -0.25, 0.73)
650.54: (0.50, -0.29, 0.82)
650.66: (0.74, -0.16, 0.65)
650.76: (0.80, -0.06, 0.59)
650.86: (0.83, -0.01, 0.56)
650.89: (0.83, -0.01, 0.56)
650.89: (0.93, 0.02, 0.36): 2
650.97: (0.83, 0.00, 0.56)
651.09: (0.83, 0.03, 0.55)
651.21: (0.81, 0.01, 0.59)
651.31: (0.81, 0.01, 0.59)
651.42: (0.82, 0.01, 0.57)
651.54: (0.89, 0.05, 0.46)
651.66: (0.93, 0.02, 0.38)
651.66: (0.87, -0.50, -0.03): 2
651.66: (0.93, 0.02, 0.38)
651.77: (0.93, 0.02, 0.38)
651.89: (0.94, -0.01, 0.34)
651.99: (0.97, -0.20, 0.16)
652.11: (0.94, -0.34, 0.05)
652.22: (0.90, -0.42, -0.07)
652.29: (0.88, -0.46, -0.13)
652.29: (0.82, 0.57, 0.02): 1
652.34: (0.88, -0.46, -0.13)
652.46: (0.79, -0.57, -0.23)
652.57: (0.55, -0.71, -0.43)
652.69: (0.27, -0.78, -0.57)
652.79: (0.02, -0.86, -0.52)
652.91: (0.30, -0.95, -0.09)
653.01: (0.75, -0.63, 0.20)
653.12: (0.82, -0.23, 0.53)
653.24: (0.73, 0.23, 0.65)
653.36: (0.73, 0.27, 0.63)
653.47: (0.78, 0.19, 0.59)
653.57: (0.83, 0.12, 0.54)
653.69: (0.76, 0.30, 0.58)
653.81: (0.44, 0.70, 0.56)
653.92: (0.46, 0.79, 0.41)
654.02: (0.71, 0.65, 0.27)
654.14: (0.74, 0.65, 0.17)
654.26: (0.75, 0.65, 0.08)
654.32: (0.78, 0.63, 0.03)
654.32: (0.14, -0.58, 0.80): 1
654.37: (0.78, 0.63, 0.03)
654.49: (0.77, 0.63, 0.03)
654.59: (0.77, 0.63, 0.03)
654.71: (0.77, 0.63, 0.03)
654.82: (0.97, 0.22, 0.04)
654.94: (0.87, -0.49, -0.03)
655.06: (0.46, -0.89, 0.04)
655.17: (0.46, -0.89, 0.04)
655.29: (0.50, -0.87, 0.04)
655.39: (0.32, -0.94, -0.12)
655.51: (-0.04, -0.94, -0.34)
655.62: (-0.22, -0.85, -0.48)
655.74: (-0.40, -0.74, -0.53)
655.84: (-0.63, -0.69, -0.35)
655.96: (-0.54, -0.84, 0.06)
656.07: (-0.22, -0.92, 0.33)
656.19: (-0.08, -0.86, 0.51)
656.29: (0.04, -0.80, 0.60)
656.39: (0.17, -0.72, 0.67)
656.51: (0.16, -0.62, 0.77)
656.57: (0.16, -0.60, 0.78)
656.57: (0.48, -0.63, 0.61): 0
656.62: (0.16, -0.60, 0.78)
656.74: (0.17, -0.60, 0.78)
656.86: (0.18, -0.59, 0.79)
656.96: (0.32, -0.64, 0.70)
657.07: (0.46, -0.66, 0.59)
657.11: (0.47, -0.66, 0.58)
657.11: (0.95, -0.30, 0.07): 0
657.19: (0.47, -0.66, 0.58)
657.31: (0.54, -0.66, 0.52)
657.42: (0.71, -0.60, 0.36)
657.52: (0.86, -0.46, 0.20)
657.64: (0.93, -0.32, 0.16)
657.74: (0.96, -0.25, 0.09)
657.74: (-0.16, -0.72, -0.67): 1
657.76: (0.97, -0.24, 0.09)
657.87: (0.98, -0.21, 0.02)
657.99: (0.98, -0.16, -0.14)
658.11: (0.96, -0.14, -0.25)
658.22: (0.88, -0.12, -0.45)
658.34: (0.67, -0.02, -0.74)
658.44: (0.26, 0.14, -0.95)
658.56: (-0.26, 0.25, -0.93)
658.67: (-0.28, 0.26, -0.92)
658.79: (-0.28, 0.26, -0.92)
658.91: (-0.17, 0.17, -0.97)
659.01: (-0.25, 0.17, -0.95)
659.12: (-0.48, 0.22, -0.85)
659.24: (-0.63, 0.22, -0.75)
659.36: (-0.52, 0.15, -0.84)
659.46: (-0.07, -0.12, -0.99)
659.56: (0.17, -0.39, -0.90)
659.67: (0.16, -0.66, -0.73)
659.79: (0.14, -0.75, -0.65)
659.91: (-0.14, -0.65, -0.75)
660.01: (-0.20, -0.68, -0.71)
660.09: (-0.18, -0.71, -0.68)
660.09: (-0.54, -0.73, 0.42): 1
660.12: (-0.18, -0.71, -0.68)
660.22: (-0.18, -0.71, -0.68)
660.34: (-0.18, -0.71, -0.68)
660.46: (-0.18, -0.71, -0.68)
660.56: (-0.40, -0.63, -0.66)
660.67: (-0.82, -0.35, -0.45)
660.79: (-0.99, -0.07, -0.16)
660.91: (-0.98, 0.16, 0.08)
661.02: (-0.97, 0.20, 0.14)
661.12: (-0.98, 0.17, 0.14)
661.24: (-0.98, -0.01, 0.21)
661.36: (-0.87, -0.31, 0.38)
661.46: (-0.77, -0.45, 0.45)
661.57: (-0.69, -0.55, 0.47)
661.69: (-0.62, -0.64, 0.45)
661.76: (-0.60, -0.66, 0.45)
661.76: (0.37, -0.92, 0.13): 2
661.79: (-0.60, -0.66, 0.45)
661.91: (-0.60, -0.66, 0.46)
662.02: (-0.60, -0.66, 0.46)
662.12: (-0.60, -0.66, 0.46)
662.24: (-0.60, -0.66, 0.46)
662.34: (-0.60, -0.66, 0.46)
662.46: (-0.59, -0.66, 0.46)
662.57: (-0.56, -0.76, 0.32)
662.67: (-0.42, -0.90, -0.08)
662.79: (-0.21, -0.88, -0.43)
662.89: (0.03, -0.69, -0.72)
662.99: (0.18, -0.54, -0.82)
663.11: (0.36, -0.31, -0.88)
663.22: (0.43, -0.22, -0.87)
663.34: (0.44, -0.21, -0.87)
663.44: (0.49, -0.11, -0.86)
663.56: (0.46, -0.15, -0.88)
663.67: (0.21, -0.52, -0.83)
663.77: (0.21, -0.55, -0.81)
663.89: (0.39, -0.65, -0.66)
664.01: (0.63, -0.69, -0.35)
664.12: (0.73, -0.64, -0.25)
664.24: (0.47, -0.65, -0.59)
664.35: (0.47, -0.82, -0.33)
664.45: (0.48, -0.87, -0.07)
664.57: (0.43, -0.90, 0.00)
664.67: (0.40, -0.91, 0.06)
664.69: (0.40, -0.92, 0.06)
664.69: (0.88, -0.08, -0.46): 2
664.79: (0.40, -0.92, 0.07)
664.90: (0.37, -0.93, 0.05)
665.02: (0.37, -0.93, 0.05)
665.14: (0.37, -0.93, 0.05)
665.24: (0.37, -0.93, 0.05)
665.35: (0.29, -0.95, 0.09)
665.47: (0.38, -0.92, 0.05)
665.57: (0.69, -0.69, -0.20)
665.67: (0.87, -0.18, -0.46)
665.79: (0.81, 0.19, -0.56)
665.90: (0.81, 0.17, -0.57)
666.02: (0.86, 0.01, -0.50)
666.14: (0.89, -0.03, -0.46)
666.14: (-0.44, -0.08, -0.90): 1
666.14: (0.89, -0.03, -0.46)
666.25: (0.89, -0.03, -0.46)
666.37: (0.89, -0.02, -0.46)
666.47: (0.89, -0.02, -0.46)
666.59: (0.89, -0.02, -0.46)
666.70: (0.89, -0.06, -0.46)
666.80: (0.89, -0.07, -0.46)
666.92: (0.89, -0.01, -0.46)
667.04: (0.89, -0.11, -0.43)
667.15: (0.77, -0.58, -0.28)
667.27: (0.53, -0.85, -0.06)
667.37: (0.55, -0.83, -0.07)
667.49: (0.69, -0.71, -0.13)
667.59: (0.93, -0.22, -0.28)
667.70: (0.76, -0.26, -0.59)
667.80: (0.44, -0.37, -0.81)
667.92: (0.16, -0.34, -0.93)
668.04: (-0.04, -0.24, -0.97)
668.15: (-0.09, -0.17, -0.98)
668.25: (-0.20, -0.05, -0.98)
668.35: (-0.41, -0.02, -0.91)
668.44: (-0.48, 0.03, -0.88)
668.44: (-0.34, 0.78, 0.53): 1
668.47: (-0.48, 0.03, -0.87)
668.59: (-0.49, 0.02, -0.87)
668.70: (-0.50, 0.02, -0.87)
668.80: (-0.49, 0.01, -0.87)
668.92: (-0.43, 0.01, -0.90)
669.04: (-0.32, 0.44, -0.84)
669.14: (-0.19, 0.71, -0.68)
669.25: (-0.19, 0.70, -0.68)
669.37: (-0.21, 0.66, -0.72)
669.49: (-0.12, 0.83, -0.54)
669.60: (0.21, 0.97, -0.10)
669.72: (0.49, 0.87, -0.03)
669.84: (0.46, 0.88, 0.11)
669.94: (0.45, 0.86, 0.25)
670.05: (0.60, 0.77, 0.19)
670.15: (0.65, 0.67, 0.35)
670.27: (0.39, 0.63, 0.67)
670.37: (0.37, 0.39, 0.84)
670.49: (0.36, 0.28, 0.89)
670.60: (0.36, 0.29, 0.89)
670.72: (0.62, 0.17, 0.76)
670.82: (0.90, -0.06, 0.44)
670.94: (0.97, -0.13, 0.22)
671.05: (0.97, -0.02, 0.22)
671.17: (0.87, 0.49, -0.01)
671.29: (0.51, 0.82, -0.27)
671.40: (-0.07, 0.90, -0.44)
671.52: (-0.55, 0.68, -0.47)
671.62: (-0.85, 0.34, -0.40)
671.74: (-0.98, -0.14, -0.15)
671.84: (-0.88, -0.47, 0.10)
671.94: (-0.85, -0.51, 0.14)
672.05: (-0.85, -0.51, 0.14)
672.17: (-0.85, -0.51, 0.10)
672.29: (-0.88, -0.36, -0.32)
672.40: (-0.64, -0.19, -0.74)
672.50: (-0.38, -0.10, -0.92)
672.62: (-0.32, 0.08, -0.94)
672.74: (-0.46, 0.48, -0.74)
672.85: (-0.28, 0.93, -0.22)
672.95: (-0.25, 0.95, -0.18)
673.05: (-0.30, 0.93, -0.22)
673.15: (-0.30, 0.95, -0.10)
673.25: (-0.21, 0.94, 0.28)
673.37: (-0.28, 0.84, 0.46)
673.47: (-0.36, 0.77, 0.53)
673.50: (-0.36, 0.76, 0.54)
673.50: (-0.31, 0.05, 0.95): 1
673.59: (-0.36, 0.76, 0.54)
673.70: (-0.36, 0.76, 0.54)
673.80: (-0.36, 0.76, 0.54)
673.92: (-0.36, 0.77, 0.54)
674.02: (-0.35, 0.76, 0.54)
674.14: (0.16, 0.60, 0.78)
674.25: (0.47, 0.33, 0.82)
674.37: (0.47, 0.34, 0.82)
674.47: (0.44, 0.33, 0.83)
674.59: (0.68, 0.14, 0.72)
674.70: (0.83, -0.22, 0.51)
674.80: (0.84, -0.23, 0.49)
674.92: (0.81, -0.06, 0.59)
675.04: (0.70, 0.33, 0.63)
675.14: (0.63, 0.62, 0.46)
675.25: (0.64, 0.77, 0.04)
675.37: (0.63, 0.77, -0.09)
675.47: (0.69, 0.72, -0.03)
675.59: (0.68, 0.73, -0.05)
675.70: (0.61, 0.64, 0.47)
675.80: (0.46, 0.31, 0.83)
675.92: (0.31, 0.12, 0.94)
676.04: (0.21, -0.14, 0.97)
676.15: (0.06, -0.31, 0.95)
676.25: (-0.23, -0.03, 0.97)
676.35: (-0.20, 0.03, 0.98)
676.42: (-0.21, 0.03, 0.98)
676.42: (0.95, 0.30, -0.14): 1
676.47: (-0.21, 0.03, 0.98)
676.57: (-0.21, 0.03, 0.98)
676.69: (0.04, 0.19, 0.98)
676.80: (0.48, 0.47, 0.74)
676.92: (0.64, 0.50, 0.58)
677.02: (0.65, 0.45, 0.61)
677.14: (0.80, 0.11, 0.59)
677.25: (0.79, -0.53, 0.31)
677.37: (0.60, -0.79, 0.13)
677.49: (0.59, -0.80, 0.12)
677.59: (0.45, -0.89, -0.02)
677.70: (0.50, -0.86, -0.09)
677.82: (0.57, -0.82, -0.01)
677.94: (0.58, -0.82, 0.00)
678.04: (0.63, -0.78, -0.02)
678.15: (0.84, -0.54, 0.00)
678.27: (0.93, -0.23, -0.29)
678.37: (0.91, -0.07, -0.42)
678.49: (0.93, -0.04, -0.37)
678.60: (0.98, 0.20, -0.06)
678.72: (0.95, 0.31, -0.04)
678.74: (0.95, 0.31, -0.04)
678.74: (-0.56, 0.06, 0.83): 0
678.82: (0.95, 0.31, -0.04)
678.92: (0.95, 0.31, -0.04)
679.04: (0.95, 0.31, 0.07)
679.15: (0.85, 0.38, 0.37)
679.27: (0.72, 0.46, 0.53)
679.37: (0.72, 0.46, 0.53)
679.49: (0.67, 0.45, 0.59)
679.60: (0.22, 0.50, 0.84)
679.70: (-0.36, 0.46, 0.81)
679.82: (-0.76, 0.32, 0.56)
679.94: (-0.93, 0.19, 0.33)
680.05: (-0.71, 0.14, 0.69)
680.17: (-0.62, 0.06, 0.79)
680.29: (-0.55, 0.07, 0.83)
680.29: (0.96, -0.29, 0.04): 0
680.29: (-0.55, 0.07, 0.83)
680.40: (-0.55, 0.07, 0.83)
680.52: (-0.58, 0.09, 0.81)
680.63: (-0.60, 0.14, 0.79)
680.74: (-0.47, 0.23, 0.85)
680.84: (-0.05, 0.42, 0.91)
680.95: (0.45, 0.50, 0.74)
681.07: (0.70, 0.43, 0.57)
681.18: (0.84, 0.34, 0.43)
681.30: (0.86, 0.42, 0.29)
681.42: (0.94, 0.32, 0.08)
681.52: (1.00, 0.04, -0.01)
681.63: (0.98, -0.20, 0.02)
681.75: (0.96, -0.30, 0.01)
681.77: (0.96, -0.30, 0.01)
681.77: (0.52, 0.12, -0.85): 0
681.87: (0.96, -0.30, 0.01)
681.97: (0.96, -0.28, 0.04)
682.07: (0.97, -0.22, 0.11)
682.18: (0.97, -0.14, 0.22)
682.30: (0.96, -0.07, 0.27)
682.42: (0.95, -0.29, -0.12)
682.53: (0.94, -0.31, -0.17)
682.63: (0.94, -0.31, -0.17)
682.75: (0.93, -0.31, -0.17)
682.87: (0.45, -0.65, -0.61)
682.97: (0.05, -0.68, -0.74)
683.08: (-0.12, -0.66, -0.74)
683.20: (-0.39, -0.65, -0.65)
683.30: (-0.73, -0.56, -0.39)
683.42: (-0.75, -0.64, -0.17)
683.53: (-0.87, -0.50, -0.02)
683.63: (-0.89, -0.45, 0.00)
683.75: (-0.89, -0.45, 0.00)
683.85: (-0.89, -0.45, -0.04)
683.97: (-0.98, -0.01, 0.19)
684.07: (-0.92, 0.22, 0.31)
684.17: (-0.82, 0.43, 0.38)
684.28: (-0.73, 0.46, 0.51)
684.40: (-0.63, 0.22, 0.75)
684.52: (-0.49, 0.15, 0.86)
684.63: (-0.71, 0.22, 0.67)
684.73: (-0.91, 0.41, -0.02)
684.85: (-0.63, 0.41, -0.66)
684.97: (-0.39, 0.34, -0.86)
685.07: (-0.17, 0.33, -0.93)
685.18: (0.19, 0.23, -0.95)
685.30: (0.47, 0.13, -0.87)
685.40: (0.50, 0.22, -0.84)
685.50: (0.53, 0.16, -0.83)
END