3/28/2023 12:15:08 PM
Mode: Stereo
White time (s): [1.666321, 1.599487, 0.916687, 0.6997986, 2.383026, 0.683197, 0.7500305, 2.966064, 1.049957, 2.249268, 2.732666, 1.299713, 0.8331604, 3.982483, 0.8164368, 1.44989, 1.516235, 1.266235, 1.999573, 1.249756, 0.7162476, 0.833313, 2.249451, 0.6166992, 1.782959, 1.499756, 3.36554, 1.516907, 3.615601, 1.71637]
Shot time (s): [0.849884, 3.049438, 2.732849, 3.415924, 1.816132, 0.9830933, 1.516357, 1.500275, 2.332855, 1.216492, 1.466461, 1.416138, 0.9332581, 1.116455, 1.84967, 2.549622, 0.7497864, 1.533234, 4.515472, 1.433258, 2.399658, 0.7330933, 1.083252, 4.549255, 0.5831299, 0.6499023, 0.8831787, 1.049561, 1.749878, 2.365967]
Step time (s): [2.682739, 2.182892, 5.132385, 1.999542, 1.383301, 2.216125, 1.399811, 8.698059, 1.166748, 2.799347, 2.998871, 6.048615, 2.016266, 1.066376, 6.982086, 3.649292, 0.8831787, 0.7832642, 2.716309, 0.7832642, 0.6832275, 1.582947, 0.6330566, 0.699646, 2.132874, 3.315979, 5.615784, 3.899231, 0.5665283, 4.749207]
White horz (deg): [282.1, 135.38, 17.57, 43.39999, 205.45, 39.47998, 53.54998, 508.8299, 126.6999, 203.84, 411.2499, 129.01, 44.09999, 788.8999, 34.29999, 144.2699, 213.29, 124.88, 139.16, 128.1699, 65.58997, 71.95997, 297.36, 57.81999, 122.4999, 164.36, 261.38, 163.7299, 389.48, 287.2099]
Shot horz (deg): [40.59998, 308.2101, 391.7899, 350.0699, 120.05, 108.36, 181.79, 183.75, 220.29, 165.6199, 137.83, 76.08996, 61.45997, 156.24, 217.2099, 299.0401, 79.52, 289.0999, 490.9799, 171.0799, 273.21, 43.60999, 68.24997, 519.2601, 43.88999, 46.40998, 53.19998, 81.05996, 231.14, 242.9]
Step horz (deg): [326.83, 315.56, 693.0698, 221.69, 163.8, 227.71, 274.8899, 1019.83, 41.64997, 417.9699, 332.6399, 647.9198, 191.52, 109.48, 700.3502, 464.3099, 66.84998, 44.72998, 247.45, 61.80998, 77.41998, 177.24, 42.69999, 22.18999, 267.2599, 446.6, 699.02, 575.3296, 31.28999, 630.7698]
White vert (deg): [97.78996, 95.47994, 15.82, 36.95998, 218.82, 32.47999, 51.23998, 140.6999, 95.05997, 173.9499, 260.12, 121.6599, 59.77999, 415.38, 42.21, 188.0899, 166.6, 62.78997, 269.85, 76.29998, 45.42999, 57.88999, 178.36, 13.92999, 101.2899, 157.92, 349.5799, 181.58, 389.5498, 71.32999]
Shot vert (deg): [41.92998, 192.2199, 88.19994, 347.1999, 171.08, 30.94, 65.58997, 52.56999, 193.97, 64.18996, 136.71, 91.48996, 63.55997, 82.87995, 153.09, 202.3, 32.33999, 99.04994, 554.26, 106.1899, 135.4499, 44.37999, 110.04, 536.6899, 26.10999, 43.46999, 71.53998, 88.96996, 104.2999, 204.05]
Step vert (deg): [186.2, 126.8399, 408.3099, 163.03, 43.95998, 116.55, 85.39996, 828.5204, 152.6699, 273.7701, 215.6, 460.6699, 268.45, 68.59998, 476.6299, 224.5599, 98.48997, 56.97998, 254.8, 46.68998, 14.06999, 117.67, 47.17999, 54.17999, 192.01, 375.1298, 615.6501, 346.5701, 24.15, 431.4098]

Time in sec: camera forward versor
Time in sec: target versor: sound type (0 = White, 1 = Shot, 2 = Step)
START
383.54: (0.54, 0.77, -0.34): 2
383.54: (-0.33, -0.13, 0.93)
383.64: (-0.33, -0.13, 0.93)
383.76: (-0.34, -0.13, 0.93)
383.88: (-0.14, -0.13, 0.98)
383.99: (0.15, 0.03, 0.99)
384.09: (0.15, 0.18, 0.97)
384.21: (0.07, 0.21, 0.98)
384.33: (-0.34, 0.29, 0.90)
384.44: (-0.78, 0.37, 0.51)
384.56: (-0.93, 0.36, -0.11)
384.68: (-0.82, 0.20, -0.53)
384.79: (-0.73, -0.06, -0.68)
384.89: (-0.51, -0.37, -0.77)
385.01: (-0.03, -0.73, -0.68)
385.11: (0.28, -0.81, -0.51)
385.23: (0.51, -0.77, -0.39)
385.33: (0.84, -0.51, -0.20)
385.44: (0.77, -0.17, -0.61)
385.56: (0.68, 0.14, -0.72)
385.68: (0.83, 0.33, -0.45)
385.79: (0.83, 0.33, -0.45)
385.89: (0.83, 0.33, -0.45)
386.01: (0.71, 0.55, -0.44)
386.11: (0.59, 0.70, -0.40)
386.21: (0.59, 0.71, -0.37)
386.23: (0.59, 0.71, -0.37)
386.23: (0.14, 0.98, -0.15): 1
386.33: (0.59, 0.71, -0.37)
386.44: (0.62, 0.69, -0.38)
386.54: (0.61, 0.66, -0.44)
386.66: (0.25, 0.91, -0.33)
386.78: (0.04, 0.99, -0.16)
386.89: (0.07, 0.99, -0.13)
386.99: (0.15, 0.97, -0.16)
387.08: (0.16, 0.97, -0.17)
387.08: (0.62, -0.51, -0.60): 2
387.11: (0.16, 0.97, -0.17)
387.21: (0.13, 0.98, -0.16)
387.33: (-0.04, 0.99, -0.13)
387.44: (-0.32, 0.94, 0.11)
387.54: (-0.42, 0.74, 0.52)
387.66: (-0.26, 0.46, 0.85)
387.76: (-0.09, 0.25, 0.96)
387.88: (-0.18, 0.51, 0.84)
387.99: (-0.29, 0.88, 0.38)
388.11: (-0.35, 0.91, -0.22)
388.21: (-0.46, 0.76, -0.46)
388.33: (-0.65, 0.60, -0.46)
388.44: (-0.63, 0.35, -0.70)
388.56: (-0.27, -0.04, -0.96)
388.68: (0.18, -0.42, -0.89)
388.79: (0.46, -0.66, -0.59)
388.91: (0.45, -0.73, -0.52)
389.03: (0.50, -0.67, -0.55)
389.14: (0.63, -0.45, -0.63)
389.24: (0.66, -0.39, -0.64)
389.26: (0.66, -0.39, -0.64)
389.26: (-0.74, 0.26, -0.62): 0
389.34: (0.65, -0.39, -0.65)
389.46: (0.81, -0.32, -0.48)
389.58: (0.95, -0.27, -0.12)
389.69: (0.86, -0.30, 0.42)
389.81: (0.77, -0.32, 0.55)
389.93: (0.95, -0.27, 0.15)
390.04: (0.57, -0.28, -0.77)
390.16: (-0.30, -0.44, -0.85)
390.26: (-0.64, -0.31, -0.70)
390.36: (-0.74, -0.17, -0.65)
390.46: (-0.86, 0.10, -0.51)
390.58: (-0.80, 0.43, -0.43)
390.68: (-0.70, 0.42, -0.57)
390.79: (-0.71, 0.34, -0.62)
390.91: (-0.74, 0.31, -0.60)
390.93: (-0.74, 0.31, -0.60)
390.93: (0.80, 0.49, -0.35): 2
391.01: (-0.74, 0.31, -0.60)
391.13: (-0.71, 0.27, -0.65)
391.24: (-0.52, -0.08, -0.85)
391.34: (-0.27, -0.41, -0.87)
391.46: (-0.01, -0.68, -0.73)
391.58: (0.29, -0.84, -0.45)
391.69: (0.45, -0.86, -0.22)
391.79: (0.60, -0.80, 0.01)
391.91: (0.70, -0.57, 0.44)
392.03: (0.59, -0.51, 0.63)
392.14: (0.43, -0.34, 0.83)
392.26: (0.18, -0.12, 0.98)
392.36: (-0.06, 0.10, 0.99)
392.48: (-0.35, 0.40, 0.84)
392.59: (-0.62, 0.30, 0.73)
392.71: (-0.66, -0.25, 0.71)
392.81: (-0.76, -0.39, 0.51)
392.93: (-0.75, -0.64, 0.19)
393.03: (-0.58, -0.79, -0.21)
393.13: (-0.50, -0.64, -0.58)
393.24: (-0.49, -0.58, -0.65)
393.36: (-0.49, -0.58, -0.65)
393.48: (-0.49, -0.58, -0.65)
393.59: (-0.33, -0.41, -0.85)
393.69: (0.15, -0.19, -0.97)
393.81: (0.41, -0.36, -0.84)
393.91: (0.47, -0.51, -0.72)
394.03: (0.68, -0.69, -0.24)
394.14: (0.76, -0.55, 0.35)
394.26: (0.52, -0.24, 0.82)
394.37: (0.17, -0.06, 0.98)
394.49: (-0.15, -0.14, 0.98)
394.61: (-0.76, -0.36, 0.54)
394.73: (-0.99, -0.12, -0.05)
394.84: (-0.91, 0.18, -0.36)
394.96: (-0.65, 0.51, -0.56)
395.06: (-0.15, 0.70, -0.69)
395.17: (0.08, 0.69, -0.72)
395.29: (0.12, 0.68, -0.73)
395.41: (0.12, 0.68, -0.73)
395.51: (0.12, 0.68, -0.73)
395.62: (0.46, 0.72, -0.52)
395.72: (0.66, 0.62, -0.42)
395.82: (0.67, 0.62, -0.42)
395.94: (0.75, 0.54, -0.39)
396.06: (0.82, 0.47, -0.32)
396.06: (0.33, -0.93, -0.18): 2
396.06: (0.82, 0.47, -0.32)
396.17: (0.82, 0.47, -0.32)
396.29: (0.75, 0.56, -0.36)
396.41: (0.58, 0.71, -0.40)
396.52: (0.42, 0.85, -0.32)
396.62: (0.24, 0.94, -0.26)
396.74: (0.05, 0.99, -0.15)
396.86: (0.11, 0.99, -0.07)
396.96: (0.40, 0.91, 0.08)
397.06: (0.75, 0.64, 0.18)
397.17: (0.96, 0.24, 0.17)
397.29: (0.98, -0.20, 0.04)
397.41: (0.79, -0.60, -0.11)
397.51: (0.41, -0.91, -0.10)
397.62: (-0.11, -0.99, 0.11)
397.74: (-0.13, -0.98, 0.15)
397.84: (0.20, -0.98, 0.02)
397.94: (0.31, -0.95, -0.03)
398.06: (0.35, -0.93, -0.07)
398.06: (-0.54, 0.58, 0.60): 2
398.06: (0.35, -0.93, -0.07)
398.16: (0.33, -0.94, -0.09)
398.27: (0.08, -1.00, -0.06)
398.39: (-0.21, -0.98, 0.03)
398.49: (-0.50, -0.84, 0.21)
398.61: (-0.72, -0.47, 0.51)
398.72: (-0.69, -0.12, 0.72)
398.84: (-0.56, 0.29, 0.77)
398.96: (-0.41, 0.65, 0.64)
399.06: (-0.41, 0.65, 0.64)
399.17: (-0.40, 0.63, 0.66)
399.29: (-0.44, 0.67, 0.60)
399.39: (-0.48, 0.59, 0.65)
399.44: (-0.48, 0.58, 0.65)
399.44: (-0.57, -0.45, -0.69): 2
399.51: (-0.48, 0.58, 0.65)
399.62: (-0.46, 0.61, 0.64)
399.74: (-0.24, 0.82, 0.52)
399.86: (0.08, 0.92, 0.38)
399.97: (0.42, 0.78, 0.47)
400.07: (0.71, 0.62, 0.34)
400.19: (0.85, 0.52, -0.04)
400.31: (0.80, 0.45, -0.41)
400.41: (0.81, 0.37, -0.45)
400.52: (0.92, 0.04, -0.39)
400.64: (0.79, -0.34, -0.52)
400.74: (0.44, -0.41, -0.80)
400.86: (-0.02, -0.33, -0.94)
400.96: (-0.02, -0.33, -0.94)
401.07: (-0.02, -0.33, -0.94)
401.17: (0.01, -0.34, -0.94)
401.29: (-0.24, -0.41, -0.88)
401.41: (-0.44, -0.39, -0.81)
401.52: (-0.58, -0.36, -0.73)
401.64: (-0.61, -0.38, -0.69)
401.66: (-0.61, -0.38, -0.69)
401.66: (-0.47, 0.43, 0.77): 2
401.74: (-0.60, -0.39, -0.70)
401.86: (-0.30, -0.52, -0.80)
401.97: (0.12, -0.60, -0.79)
402.09: (0.66, -0.47, -0.59)
402.21: (1.00, -0.06, -0.06)
402.32: (0.83, 0.36, 0.44)
402.42: (0.41, 0.59, 0.70)
402.52: (-0.05, 0.56, 0.83)
402.64: (-0.47, 0.32, 0.82)
402.74: (-0.67, 0.18, 0.72)
402.84: (-0.58, 0.27, 0.77)
402.96: (-0.36, 0.40, 0.84)
403.06: (-0.32, 0.43, 0.84)
403.06: (0.96, -0.17, 0.22): 1
403.07: (-0.31, 0.44, 0.84)
403.19: (-0.33, 0.46, 0.82)
403.31: (-0.71, 0.42, 0.57)
403.41: (-0.88, 0.30, 0.37)
403.52: (-1.00, 0.01, -0.02)
403.64: (-0.88, -0.25, -0.40)
403.76: (-0.72, -0.34, -0.61)
403.87: (-0.44, -0.47, -0.77)
403.99: (-0.27, -0.71, -0.65)
404.09: (-0.32, -0.86, -0.39)
404.21: (-0.13, -0.96, -0.24)
404.32: (0.18, -0.97, -0.17)
404.42: (0.42, -0.91, -0.07)
404.54: (0.42, -0.90, -0.08)
404.64: (0.42, -0.90, -0.08)
404.74: (0.37, -0.92, -0.09)
404.86: (0.48, -0.79, -0.37)
404.97: (0.74, -0.57, -0.35)
405.09: (0.85, -0.29, -0.43)
405.21: (0.90, 0.03, -0.43)
405.32: (0.92, 0.16, -0.36)
405.42: (0.96, -0.04, -0.26)
405.52: (0.99, -0.13, 0.01)
405.64: (0.93, -0.08, 0.37)
405.76: (0.86, -0.04, 0.50)
405.87: (0.92, -0.15, 0.36)
405.99: (0.95, -0.16, 0.27)
406.09: (0.95, -0.16, 0.26)
406.11: (0.95, -0.16, 0.26)
406.11: (0.31, 0.90, -0.29): 0
406.21: (0.96, -0.17, 0.24)
406.32: (0.98, -0.17, 0.10)
406.44: (0.97, -0.22, -0.06)
406.56: (0.94, -0.27, -0.23)
406.67: (0.90, -0.22, -0.38)
406.79: (0.86, 0.01, -0.52)
406.91: (0.70, 0.51, -0.50)
407.02: (0.43, 0.90, -0.07)
407.12: (0.30, 0.93, 0.19)
407.22: (0.27, 0.91, 0.31)
407.34: (0.34, 0.94, 0.03)
407.46: (0.34, 0.93, -0.14)
407.57: (0.32, 0.93, -0.20)
407.67: (0.29, 0.92, -0.26)
407.71: (0.29, 0.92, -0.27)
407.71: (-0.95, 0.27, -0.15): 1
407.77: (0.29, 0.91, -0.28)
407.89: (0.33, 0.86, -0.39)
408.01: (0.43, 0.69, -0.58)
408.12: (0.49, 0.58, -0.64)
408.22: (0.58, 0.45, -0.68)
408.34: (0.69, 0.20, -0.70)
408.46: (0.71, -0.27, -0.65)
408.57: (0.56, -0.66, -0.50)
408.69: (0.44, -0.82, -0.36)
408.81: (0.32, -0.91, -0.26)
408.91: (0.00, -1.00, 0.02)
409.02: (-0.35, -0.89, 0.31)
409.14: (-0.65, -0.63, 0.43)
409.24: (-0.84, -0.30, 0.46)
409.36: (-0.90, 0.01, 0.43)
409.47: (-0.81, 0.47, 0.34)
409.59: (-0.50, 0.86, 0.10)
409.71: (-0.17, 0.98, -0.13)
409.82: (-0.31, 0.95, -0.08)
409.92: (-0.79, 0.61, 0.05)
410.04: (-0.83, 0.56, 0.01)
410.14: (-0.90, 0.43, -0.04)
410.24: (-0.92, 0.40, -0.05)
410.36: (-0.95, 0.32, -0.05)
410.44: (-0.95, 0.32, -0.06)
410.44: (0.89, -0.19, -0.41): 1
410.47: (-0.95, 0.32, -0.06)
410.59: (-0.95, 0.32, -0.06)
410.71: (-0.91, 0.40, -0.10)
410.82: (-0.64, 0.72, -0.26)
410.92: (-0.36, 0.86, -0.35)
411.02: (0.07, 0.93, -0.37)
411.14: (0.53, 0.81, -0.24)
411.26: (0.77, 0.64, -0.08)
411.36: (0.93, 0.35, 0.11)
411.47: (0.91, -0.24, 0.35)
411.59: (0.74, -0.46, 0.49)
411.71: (0.64, -0.36, 0.67)
411.82: (0.18, -0.40, 0.90)
411.94: (-0.16, -0.61, 0.78)
412.04: (-0.27, -0.74, 0.61)
412.15: (-0.36, -0.79, 0.50)
412.27: (-0.36, -0.79, 0.50)
412.39: (-0.39, -0.51, 0.76)
412.49: (-0.44, -0.11, 0.89)
412.60: (-0.47, 0.35, 0.81)
412.72: (-0.50, 0.71, 0.50)
412.84: (-0.45, 0.88, 0.14)
412.95: (-0.26, 0.92, -0.30)
413.07: (0.07, 0.67, -0.74)
413.19: (0.39, 0.24, -0.89)
413.30: (0.55, -0.15, -0.82)
413.40: (0.55, -0.39, -0.74)
413.52: (0.64, -0.53, -0.55)
413.64: (0.79, -0.43, -0.44)
413.74: (0.85, -0.32, -0.42)
413.84: (0.86, -0.31, -0.42)
413.85: (0.86, -0.29, -0.42)
413.85: (-0.94, 0.34, 0.05): 2
413.95: (0.87, -0.24, -0.42)
414.07: (0.92, -0.10, -0.37)
414.17: (0.90, -0.04, -0.43)
414.29: (0.90, -0.04, -0.43)
414.40: (0.90, -0.04, -0.43)
414.50: (0.77, 0.27, -0.57)
414.62: (0.43, 0.05, -0.90)
414.72: (0.06, -0.15, -0.99)
414.84: (-0.15, -0.28, -0.95)
414.95: (-0.27, -0.44, -0.85)
415.07: (-0.13, -0.45, -0.88)
415.19: (0.57, -0.02, -0.82)
415.30: (0.76, 0.29, -0.59)
415.42: (0.74, 0.65, -0.18)
415.52: (0.60, 0.80, 0.07)
415.64: (0.38, 0.81, 0.45)
415.75: (0.17, 0.61, 0.78)
415.85: (0.08, 0.25, 0.96)
415.95: (-0.10, -0.16, 0.98)
416.07: (-0.24, -0.53, 0.81)
416.19: (-0.40, -0.78, 0.48)
416.30: (-0.44, -0.90, 0.01)
416.40: (-0.25, -0.94, -0.24)
416.52: (0.02, -0.85, -0.53)
416.64: (0.26, -0.68, -0.68)
416.75: (0.54, -0.50, -0.68)
416.87: (0.78, -0.33, -0.54)
416.97: (0.91, -0.15, -0.39)
417.09: (0.99, -0.05, -0.14)
417.20: (0.99, 0.07, 0.15)
417.32: (0.89, 0.03, 0.46)
417.44: (0.63, -0.27, 0.73)
417.55: (0.23, -0.57, 0.79)
417.65: (-0.09, -0.70, 0.71)
417.77: (-0.46, -0.73, 0.51)
417.89: (-0.68, -0.60, 0.42)
417.99: (-0.64, -0.35, 0.68)
418.10: (-0.37, -0.02, 0.93)
418.22: (0.06, 0.19, 0.98)
418.32: (0.31, 0.23, 0.92)
418.44: (0.31, 0.23, 0.92)
418.55: (0.31, 0.23, 0.92)
418.65: (0.33, 0.19, 0.92)
418.77: (0.80, 0.06, 0.60)
418.89: (0.98, -0.12, 0.19)
419.00: (0.95, -0.23, -0.19)
419.12: (0.75, -0.28, -0.60)
419.24: (0.48, -0.31, -0.82)
419.34: (0.40, -0.24, -0.89)
419.44: (0.40, 0.04, -0.92)
419.55: (0.29, 0.65, -0.70)
419.67: (0.16, 0.97, -0.20)
419.77: (-0.01, 0.99, 0.17)
419.89: (-0.24, 0.81, 0.54)
420.00: (-0.40, 0.46, 0.79)
420.10: (-0.43, 0.05, 0.90)
420.22: (-0.22, -0.14, 0.97)
420.32: (-0.17, -0.09, 0.98)
420.44: (-0.17, -0.09, 0.98)
420.54: (-0.17, -0.09, 0.98)
420.65: (0.08, -0.12, 0.99)
420.77: (0.43, -0.21, 0.88)
420.87: (0.53, -0.23, 0.81)
420.99: (0.62, -0.45, 0.64)
421.09: (0.56, -0.78, 0.28)
421.20: (0.22, -0.97, -0.12)
421.32: (-0.02, -0.90, -0.43)
421.44: (-0.08, -0.70, -0.70)
421.55: (-0.10, -0.45, -0.88)
421.67: (-0.28, -0.11, -0.95)
421.77: (-0.70, 0.17, -0.69)
421.89: (-0.94, 0.22, -0.25)
422.00: (-0.99, 0.09, 0.10)
422.12: (-0.91, -0.17, 0.38)
422.24: (-0.95, -0.09, 0.29)
422.34: (-0.98, 0.03, 0.21)
422.45: (-0.98, 0.19, 0.08)
422.55: (-0.96, 0.26, 0.03)
422.55: (-0.94, 0.28, -0.19): 0
422.57: (-0.96, 0.27, 0.02)
422.67: (-0.96, 0.27, 0.01)
422.79: (-0.99, 0.15, -0.05)
422.89: (-0.99, 0.12, -0.08)
422.99: (-0.99, 0.12, -0.08)
423.10: (-0.99, 0.07, -0.12)
423.22: (-0.99, 0.09, -0.11)
423.34: (-0.98, 0.14, -0.17)
423.44: (-0.94, 0.22, -0.24)
423.47: (-0.94, 0.23, -0.24)
423.47: (-0.94, -0.34, -0.01): 0
423.55: (-0.94, 0.23, -0.24)
423.67: (-0.92, 0.22, -0.34)
423.79: (-0.85, 0.03, -0.52)
423.90: (-0.92, -0.30, -0.24)
424.00: (-0.95, -0.29, -0.13)
424.12: (-0.97, -0.24, -0.04)
424.17: (-0.97, -0.24, -0.06)
424.17: (0.62, -0.49, -0.62): 1
424.24: (-0.97, -0.24, -0.06)
424.34: (-0.95, -0.32, -0.07)
424.45: (-0.92, -0.39, -0.03)
424.57: (-0.80, -0.60, -0.03)
424.67: (-0.74, -0.67, -0.12)
424.79: (-0.52, -0.73, -0.44)
424.90: (-0.34, -0.70, -0.63)
425.02: (-0.22, -0.59, -0.78)
425.14: (-0.07, -0.56, -0.83)
425.25: (0.20, -0.70, -0.68)
425.37: (0.55, -0.74, -0.39)
425.47: (0.83, -0.54, -0.15)
425.59: (0.93, -0.32, -0.20)
425.70: (0.78, -0.41, -0.46)
425.82: (0.68, -0.50, -0.54)
425.94: (0.63, -0.51, -0.59)
425.99: (0.60, -0.48, -0.64)
425.99: (-0.95, -0.29, 0.14): 2
426.04: (0.59, -0.47, -0.66)
426.14: (0.53, -0.54, -0.65)
426.25: (0.14, -0.84, -0.53)
426.37: (-0.34, -0.88, -0.34)
426.49: (-0.59, -0.80, -0.01)
426.60: (-0.76, -0.58, 0.31)
426.70: (-0.84, -0.36, 0.41)
426.82: (-0.93, -0.12, 0.35)
426.92: (-0.93, -0.20, 0.30)
427.04: (-0.90, -0.34, 0.26)
427.14: (-0.90, -0.36, 0.23)
427.15: (-0.90, -0.36, 0.23)
427.15: (0.29, -0.81, 0.51): 2
427.25: (-0.93, -0.30, 0.20)
427.37: (-0.99, -0.09, 0.13)
427.49: (-0.97, 0.20, 0.13)
427.60: (-0.80, 0.59, 0.08)
427.70: (-0.55, 0.84, 0.04)
427.82: (-0.25, 0.96, 0.12)
427.92: (-0.10, 0.95, 0.30)
428.04: (-0.07, 0.76, 0.65)
428.15: (-0.01, 0.44, 0.90)
428.25: (-0.23, 0.23, 0.94)
428.37: (-0.61, 0.13, 0.78)
428.49: (-0.81, 0.47, 0.35)
428.60: (-0.48, 0.85, -0.23)
428.72: (0.07, 0.74, -0.66)
428.82: (0.41, 0.47, -0.78)
428.93: (0.64, 0.21, -0.74)
429.03: (0.80, -0.04, -0.60)
429.15: (0.88, -0.30, -0.38)
429.25: (0.82, -0.56, -0.06)
429.37: (0.51, -0.76, 0.39)
429.48: (0.05, -0.68, 0.73)
429.60: (-0.11, -0.58, 0.81)
429.72: (0.13, -0.73, 0.68)
429.82: (0.23, -0.80, 0.56)
429.93: (0.27, -0.81, 0.53)
429.95: (0.27, -0.81, 0.52)
429.95: (-0.21, -0.79, 0.57): 1
430.05: (0.28, -0.81, 0.52)
430.17: (0.42, -0.84, 0.36)
430.28: (0.65, -0.76, -0.07)
430.38: (0.54, -0.84, 0.08)
430.48: (0.26, -0.90, 0.36)
430.60: (0.13, -0.89, 0.45)
430.70: (0.09, -0.89, 0.46)
430.82: (-0.06, -0.83, 0.55)
430.93: (-0.28, -0.71, 0.64)
430.93: (0.36, -0.82, -0.44): 1
430.93: (-0.28, -0.71, 0.64)
431.03: (-0.29, -0.71, 0.64)
431.15: (-0.31, -0.73, 0.61)
431.27: (-0.31, -0.73, 0.61)
431.38: (-0.31, -0.73, 0.61)
431.48: (-0.33, -0.72, 0.61)
431.58: (-0.54, -0.37, 0.76)
431.70: (-0.44, -0.39, 0.81)
431.82: (-0.09, -0.76, 0.64)
431.93: (0.42, -0.91, 0.03)
432.03: (0.60, -0.70, -0.38)
432.15: (0.65, -0.45, -0.61)
432.27: (0.53, -0.69, -0.49)
432.37: (0.40, -0.80, -0.45)
432.45: (0.35, -0.82, -0.45)
432.45: (0.12, 0.81, 0.57): 1
432.48: (0.35, -0.82, -0.45)
432.60: (0.34, -0.82, -0.47)
432.70: (0.32, -0.87, -0.36)
432.80: (0.29, -0.96, 0.06)
432.92: (0.24, -0.89, 0.40)
433.03: (0.04, -0.68, 0.73)
433.15: (-0.22, -0.24, 0.95)
433.27: (-0.36, 0.17, 0.92)
433.38: (-0.44, 0.51, 0.74)
433.50: (-0.46, 0.62, 0.63)
433.60: (-0.41, 0.64, 0.65)
433.72: (-0.13, 0.73, 0.67)
433.82: (0.06, 0.81, 0.59)
433.92: (0.09, 0.82, 0.57)
433.95: (0.09, 0.82, 0.57)
433.95: (-0.57, -0.69, -0.43): 2
434.02: (0.09, 0.82, 0.56)
434.13: (0.08, 0.84, 0.54)
434.25: (0.08, 0.97, 0.22)
434.37: (0.11, 0.99, -0.12)
434.48: (0.02, 0.94, -0.33)
434.60: (-0.37, 0.81, -0.46)
434.72: (-0.48, 0.67, -0.57)
434.83: (-0.33, 0.54, -0.77)
434.95: (0.12, 0.34, -0.93)
435.07: (0.54, 0.29, -0.79)
435.17: (0.70, 0.21, -0.68)
435.28: (0.71, -0.09, -0.70)
435.38: (0.57, -0.49, -0.66)
435.50: (0.42, -0.72, -0.55)
435.62: (0.42, -0.72, -0.55)
435.72: (0.44, -0.71, -0.55)
435.83: (0.41, -0.88, -0.24)
435.95: (0.26, -0.96, -0.08)
436.05: (0.01, -1.00, 0.02)
436.17: (-0.32, -0.91, 0.26)
436.28: (-0.68, -0.63, 0.38)
436.40: (-0.90, -0.43, 0.09)
436.52: (-0.96, -0.23, -0.15)
436.63: (-0.95, -0.05, -0.31)
436.73: (-0.78, -0.47, -0.42)
436.83: (-0.63, -0.67, -0.40)
436.95: (-0.58, -0.73, -0.36)
436.95: (1.00, 0.05, -0.03): 0
436.95: (-0.58, -0.73, -0.36)
437.07: (-0.58, -0.73, -0.37)
437.18: (-0.56, -0.76, -0.32)
437.28: (-0.62, -0.78, -0.06)
437.40: (-0.87, -0.42, 0.26)
437.50: (-0.94, -0.08, 0.33)
437.62: (-0.92, 0.29, 0.26)
437.73: (-0.89, 0.40, 0.23)
437.85: (-0.95, 0.08, 0.32)
437.97: (-0.91, -0.14, 0.40)
438.08: (-0.78, -0.39, 0.50)
438.20: (-0.65, -0.50, 0.56)
438.30: (-0.45, -0.62, 0.64)
438.40: (-0.23, -0.67, 0.70)
438.52: (0.08, -0.59, 0.81)
438.63: (0.55, -0.21, 0.81)
438.75: (0.85, 0.24, 0.47)
438.87: (0.86, 0.50, 0.12)
438.98: (0.83, 0.55, 0.07)
439.10: (0.93, 0.36, -0.01)
439.20: (0.99, 0.15, -0.02)
439.32: (0.99, 0.11, -0.05)
439.33: (0.99, 0.09, -0.06)
439.33: (-0.91, -0.39, -0.17): 2
439.43: (1.00, 0.02, -0.05)
439.55: (1.00, 0.01, 0.10)
439.67: (0.91, 0.05, 0.40)
439.77: (0.73, 0.14, 0.66)
439.88: (0.38, 0.19, 0.91)
439.98: (0.20, 0.14, 0.97)
440.10: (0.02, 0.12, 0.99)
440.22: (-0.41, 0.23, 0.88)
440.33: (-0.73, 0.37, 0.57)
440.43: (-0.82, 0.43, 0.37)
440.53: (-0.78, 0.55, 0.30)
440.65: (-0.59, 0.80, 0.13)
440.77: (-0.32, 0.94, -0.10)
440.88: (-0.08, 0.96, -0.27)
440.98: (0.07, 0.89, -0.45)
441.10: (0.01, 0.90, -0.44)
441.22: (0.01, 0.90, -0.44)
441.32: (0.01, 0.90, -0.44)
441.42: (0.16, 0.68, -0.71)
441.53: (0.19, 0.26, -0.95)
441.63: (0.23, 0.00, -0.97)
441.75: (0.33, -0.27, -0.91)
441.85: (0.41, -0.51, -0.76)
441.97: (0.50, -0.62, -0.60)
442.08: (0.50, -0.80, -0.34)
442.20: (0.29, -0.96, 0.02)
442.30: (-0.06, -0.95, 0.31)
442.42: (-0.28, -0.87, 0.41)
442.52: (-0.28, -0.87, 0.41)
442.62: (-0.26, -0.88, 0.41)
442.73: (-0.42, -0.65, 0.63)
442.85: (-0.57, -0.35, 0.75)
442.97: (-0.68, 0.16, 0.71)
443.08: (-0.65, 0.53, 0.55)
443.18: (-0.58, 0.71, 0.40)
443.30: (-0.39, 0.90, 0.19)
443.42: (-0.30, 0.92, 0.27)
443.52: (-0.16, 0.83, 0.54)
443.63: (0.06, 0.63, 0.78)
443.75: (0.33, 0.46, 0.82)
443.87: (0.60, 0.22, 0.77)
443.98: (0.76, -0.20, 0.62)
444.10: (0.68, -0.62, 0.40)
444.22: (0.66, -0.65, 0.37)
444.32: (0.66, -0.65, 0.37)
444.42: (0.66, -0.65, 0.38)
444.53: (0.51, -0.77, 0.37)
444.65: (-0.07, -0.98, 0.18)
444.77: (-0.38, -0.92, -0.02)
444.88: (-0.55, -0.75, -0.36)
445.00: (-0.60, -0.53, -0.59)
445.11: (-0.74, -0.49, -0.47)
445.21: (-0.88, -0.44, -0.20)
445.31: (-0.93, -0.37, -0.06)
445.38: (-0.93, -0.35, -0.08)
445.38: (-0.99, -0.04, 0.15): 0
445.41: (-0.93, -0.34, -0.09)
445.53: (-0.92, -0.36, -0.15)
445.65: (-0.87, -0.38, -0.31)
445.76: (-0.96, -0.16, -0.22)
445.88: (-1.00, -0.07, -0.03)
445.98: (-0.99, -0.07, 0.13)
446.06: (-0.97, -0.10, 0.21)
446.06: (1.00, -0.01, -0.03): 2
446.10: (-0.96, -0.10, 0.25)
446.21: (-0.96, -0.09, 0.28)
446.31: (-0.93, 0.02, 0.37)
446.43: (-0.80, 0.37, 0.47)
446.55: (-0.68, 0.55, 0.49)
446.65: (-0.33, 0.80, 0.51)
446.76: (0.00, 0.67, 0.74)
446.88: (0.13, 0.13, 0.98)
447.00: (0.17, -0.43, 0.89)
447.11: (0.19, -0.77, 0.61)
447.21: (0.45, -0.65, 0.61)
447.31: (0.80, -0.29, 0.53)
447.43: (0.82, 0.24, 0.51)
447.55: (0.53, 0.58, 0.62)
447.66: (0.43, 0.77, 0.46)
447.78: (0.83, 0.51, 0.22)
447.90: (1.00, 0.02, 0.03)
448.01: (1.00, -0.03, 0.02)
448.08: (1.00, -0.03, 0.02)
448.08: (0.72, 0.37, -0.59): 0
448.11: (1.00, -0.03, 0.01)
448.21: (1.00, 0.02, 0.02)
448.33: (0.98, 0.19, 0.09)
448.45: (0.87, 0.48, -0.11)
448.56: (0.65, 0.58, -0.50)
448.68: (0.65, 0.40, -0.64)
448.78: (0.68, 0.33, -0.65)
448.83: (0.69, 0.32, -0.65)
448.83: (0.41, 0.86, -0.30): 2
448.90: (0.70, 0.31, -0.65)
449.01: (0.58, 0.37, -0.73)
449.13: (0.18, 0.49, -0.85)
449.23: (-0.15, 0.51, -0.84)
449.35: (-0.30, 0.65, -0.69)
449.46: (-0.01, 0.81, -0.58)
449.56: (0.33, 0.79, -0.51)
449.68: (0.38, 0.77, -0.50)
449.78: (0.40, 0.83, -0.40)
449.90: (0.43, 0.88, -0.20)
449.90: (0.19, -0.12, -0.97): 0
449.90: (0.43, 0.88, -0.20)
450.01: (0.44, 0.88, -0.17)
450.13: (0.53, 0.84, -0.09)
450.25: (0.73, 0.64, 0.24)
450.35: (0.78, 0.31, 0.54)
450.45: (0.75, -0.11, 0.66)
450.56: (0.63, -0.44, 0.64)
450.68: (0.35, -0.78, 0.52)
450.78: (-0.13, -0.96, 0.24)
450.90: (-0.65, -0.74, -0.18)
451.01: (-0.77, -0.44, -0.46)
451.11: (-0.80, -0.41, -0.44)
451.23: (-0.89, -0.43, -0.18)
451.35: (-0.92, -0.37, 0.15)
451.46: (-0.91, -0.16, 0.38)
451.58: (-0.91, 0.35, 0.24)
451.70: (-0.69, 0.72, -0.12)
451.80: (-0.47, 0.80, -0.38)
451.90: (-0.19, 0.79, -0.58)
452.01: (0.12, 0.67, -0.73)
452.11: (0.44, 0.40, -0.81)
452.23: (0.67, 0.00, -0.74)
452.35: (0.77, -0.40, -0.50)
452.45: (0.78, -0.52, -0.35)
452.55: (0.72, -0.40, -0.57)
452.66: (0.35, -0.18, -0.92)
452.78: (0.29, -0.18, -0.94)
452.86: (0.29, -0.18, -0.94)
452.86: (0.54, 0.65, 0.53): 1
452.90: (0.29, -0.18, -0.94)
453.01: (0.26, -0.17, -0.95)
453.11: (0.03, -0.10, -1.00)
453.21: (-0.01, -0.32, -0.95)
453.33: (0.06, -0.74, -0.67)
453.45: (0.20, -0.88, -0.43)
453.56: (0.45, -0.68, -0.57)
453.68: (0.65, -0.23, -0.72)
453.80: (0.76, 0.08, -0.65)
453.90: (0.89, 0.03, -0.45)
454.01: (0.97, -0.20, -0.15)
454.13: (0.95, -0.32, -0.03)
454.25: (0.95, -0.32, -0.03)
454.36: (0.95, -0.31, -0.03)
454.48: (0.84, -0.24, 0.48)
454.60: (0.66, 0.07, 0.75)
454.71: (0.39, 0.30, 0.87)
454.83: (0.15, 0.57, 0.81)
454.93: (0.18, 0.66, 0.73)
455.05: (0.41, 0.69, 0.60)
455.16: (0.49, 0.67, 0.57)
455.20: (0.49, 0.67, 0.57)
455.20: (-0.84, -0.04, 0.54): 0
455.28: (0.50, 0.66, 0.57)
455.40: (0.45, 0.59, 0.67)
455.51: (-0.04, 0.44, 0.90)
455.63: (-0.54, 0.10, 0.83)
455.75: (-0.53, -0.35, 0.77)
455.85: (-0.45, -0.73, 0.51)
455.96: (-0.56, -0.61, 0.56)
456.08: (-0.72, -0.28, 0.63)
456.20: (-0.80, -0.12, 0.59)
456.25: (-0.81, -0.12, 0.58)
456.25: (0.99, 0.15, 0.03): 2
456.30: (-0.81, -0.12, 0.58)
456.41: (-0.82, -0.12, 0.56)
456.53: (-0.94, -0.22, 0.26)
456.65: (-0.93, -0.37, -0.06)
456.76: (-0.74, -0.65, -0.17)
456.86: (-0.37, -0.86, -0.35)
456.98: (-0.06, -0.88, -0.47)
457.08: (0.02, -0.87, -0.48)
457.18: (0.02, -0.88, -0.47)
457.30: (0.05, -0.92, -0.39)
457.41: (0.10, -0.94, -0.31)
457.51: (0.10, -0.94, -0.31)
457.61: (0.10, -0.94, -0.31)
457.73: (0.10, -0.94, -0.31)
457.83: (0.09, -0.93, -0.34)
457.93: (0.43, -0.67, -0.61)
458.05: (0.63, -0.14, -0.76)
458.16: (0.58, 0.09, -0.81)
458.28: (0.26, 0.23, -0.94)
458.40: (-0.16, 0.32, -0.93)
458.50: (-0.31, 0.40, -0.86)
458.61: (-0.34, 0.62, -0.70)
458.73: (-0.43, 0.83, -0.35)
458.83: (-0.46, 0.88, 0.08)
458.95: (-0.42, 0.91, 0.07)
459.06: (-0.42, 0.91, 0.07)
459.18: (-0.47, 0.87, 0.13)
459.30: (-0.35, 0.71, 0.62)
459.40: (-0.04, 0.43, 0.90)
459.51: (0.26, 0.17, 0.95)
459.61: (0.52, -0.06, 0.85)
459.73: (0.57, -0.09, 0.82)
459.85: (0.57, -0.09, 0.82)
459.96: (0.58, -0.14, 0.80)
460.06: (0.68, -0.46, 0.57)
460.18: (0.66, -0.75, -0.06)
460.30: (0.54, -0.70, -0.47)
460.40: (0.43, -0.59, -0.69)
460.51: (0.08, -0.43, -0.90)
460.61: (-0.19, -0.35, -0.92)
460.73: (-0.28, -0.59, -0.76)
460.85: (-0.58, -0.43, -0.69)
460.96: (-0.79, -0.02, -0.61)
461.08: (-0.81, 0.18, -0.56)
461.18: (-0.78, 0.24, -0.57)
461.30: (-0.78, 0.24, -0.57)
461.41: (-0.78, 0.24, -0.57)
461.51: (-0.84, 0.44, -0.31)
461.63: (-0.68, 0.72, 0.10)
461.75: (-0.71, 0.66, 0.26)
461.86: (-0.82, 0.23, 0.52)
461.98: (-0.68, -0.39, 0.62)
462.08: (-0.48, -0.68, 0.55)
462.18: (-0.22, -0.89, 0.41)
462.29: (0.23, -0.97, 0.13)
462.41: (0.69, -0.72, -0.11)
462.51: (0.94, -0.35, 0.01)
462.63: (0.91, -0.28, 0.29)
462.74: (0.91, -0.28, 0.29)
462.85: (0.91, -0.28, 0.29)
462.96: (0.93, -0.22, 0.29)
463.08: (0.99, 0.02, 0.14)
463.18: (0.99, 0.08, 0.09)
463.23: (0.99, 0.08, 0.09)
463.23: (-0.95, 0.22, 0.24): 0
463.30: (0.99, 0.09, 0.09)
463.41: (0.98, 0.16, 0.09)
463.53: (0.88, 0.46, 0.11)
463.64: (0.72, 0.66, 0.22)
463.76: (0.54, 0.81, 0.24)
463.88: (0.18, 0.98, 0.13)
463.99: (-0.22, 0.85, 0.47)
464.11: (-0.45, 0.49, 0.74)
464.23: (-0.59, 0.07, 0.80)
464.34: (-0.56, -0.24, 0.79)
464.46: (-0.56, -0.25, 0.79)
464.56: (-0.56, -0.25, 0.79)
464.68: (-0.56, -0.26, 0.79)
464.79: (-0.75, -0.38, 0.54)
464.91: (-0.94, -0.31, 0.14)
465.01: (-0.97, -0.12, -0.20)
465.11: (-0.93, 0.04, -0.36)
465.23: (-0.96, 0.25, -0.11)
465.34: (-0.93, 0.30, 0.21)
465.46: (-0.93, 0.26, 0.25)
465.48: (-0.93, 0.26, 0.25)
465.48: (0.48, -0.49, -0.73): 1
465.56: (-0.94, 0.25, 0.25)
465.68: (-0.97, 0.09, 0.20)
465.79: (-0.97, -0.21, 0.09)
465.89: (-0.86, -0.50, -0.08)
466.01: (-0.54, -0.80, -0.27)
466.13: (-0.03, -0.88, -0.48)
466.24: (0.46, -0.71, -0.53)
466.34: (0.65, -0.57, -0.51)
466.46: (0.72, -0.48, -0.50)
466.58: (0.52, -0.53, -0.67)
466.68: (0.48, -0.45, -0.76)
466.69: (0.46, -0.44, -0.77)
466.69: (0.56, 0.62, 0.55): 1
466.79: (0.46, -0.43, -0.77)
466.91: (0.60, -0.27, -0.75)
467.01: (0.76, 0.11, -0.64)
467.13: (0.77, 0.47, -0.44)
467.24: (0.72, 0.66, -0.22)
467.36: (0.60, 0.75, -0.29)
467.48: (0.14, 0.88, -0.46)
467.58: (-0.05, 0.98, -0.20)
467.69: (0.28, 0.92, 0.28)
467.81: (0.73, 0.56, 0.39)
467.91: (0.78, 0.46, 0.41)
468.01: (0.73, 0.53, 0.43)
468.13: (0.59, 0.63, 0.50)
468.16: (0.58, 0.64, 0.50)
468.16: (-0.14, 0.93, -0.34): 1
468.24: (0.58, 0.63, 0.52)
468.36: (0.61, 0.56, 0.56)
468.46: (0.61, 0.56, 0.56)
468.58: (0.61, 0.56, 0.56)
468.69: (0.61, 0.56, 0.56)
468.81: (0.60, 0.63, 0.49)
468.91: (0.42, 0.89, 0.17)
469.03: (0.21, 0.94, -0.25)
469.14: (-0.08, 0.91, -0.41)
469.26: (-0.30, 0.93, -0.23)
469.36: (-0.28, 0.94, -0.17)
469.48: (-0.16, 0.96, -0.24)
469.58: (-0.11, 0.95, -0.29)
469.58: (0.99, 0.03, -0.14): 0
469.59: (-0.11, 0.95, -0.29)
469.69: (-0.11, 0.95, -0.29)
469.81: (-0.14, 0.99, -0.06)
469.93: (-0.34, 0.84, 0.42)
470.03: (-0.64, 0.57, 0.52)
470.14: (-0.82, 0.15, 0.55)
470.26: (-0.82, -0.05, 0.57)
470.38: (-0.72, -0.10, 0.68)
470.49: (-0.30, -0.46, 0.84)
470.59: (-0.56, -0.48, 0.67)
470.69: (-0.86, -0.43, 0.28)
470.81: (-0.96, -0.25, 0.11)
470.93: (-0.95, -0.07, 0.30)
471.04: (-0.62, -0.24, 0.74)
471.16: (-0.32, -0.43, 0.84)
471.28: (0.16, -0.40, 0.90)
471.38: (0.59, -0.21, 0.78)
471.49: (0.94, -0.25, 0.24)
471.61: (0.87, -0.36, -0.34)
471.73: (0.47, -0.25, -0.85)
471.84: (0.59, -0.21, -0.78)
471.94: (0.90, -0.13, -0.42)
472.06: (0.94, -0.18, -0.29)
472.18: (0.97, -0.14, -0.21)
472.29: (0.97, -0.04, -0.23)
472.31: (0.97, -0.03, -0.23)
472.31: (0.84, -0.50, 0.20): 1
472.41: (0.97, -0.03, -0.23)
472.51: (0.98, 0.04, -0.19)
472.61: (0.93, 0.07, -0.37)
472.73: (0.88, -0.05, -0.48)
472.84: (0.95, -0.30, -0.06)
472.96: (0.91, -0.41, -0.03)
473.08: (0.88, -0.47, -0.03)
473.19: (0.79, -0.57, 0.23)
473.24: (0.76, -0.59, 0.27)
473.24: (0.52, 0.70, -0.49): 2
473.29: (0.76, -0.59, 0.27)
473.41: (0.79, -0.58, 0.21)
473.53: (0.85, -0.53, 0.06)
473.64: (0.78, -0.58, -0.24)
473.76: (0.41, -0.46, -0.79)
473.88: (0.25, -0.43, -0.87)
473.98: (0.17, -0.67, -0.72)
474.08: (0.01, -0.85, -0.53)
474.19: (-0.20, -0.94, -0.29)
474.31: (-0.54, -0.83, -0.09)
474.43: (-0.77, -0.64, 0.00)
474.53: (-0.85, -0.53, -0.01)
474.64: (-0.97, -0.23, -0.01)
474.74: (-1.00, 0.06, 0.02)
474.84: (-0.97, 0.24, 0.01)
474.94: (-0.95, 0.28, -0.11)
475.04: (-0.95, 0.28, -0.11)
475.16: (-0.95, 0.28, -0.11)
475.26: (-0.97, 0.26, 0.02)
475.38: (-0.87, -0.35, 0.36)
475.49: (-0.18, -0.89, 0.43)
475.61: (0.45, -0.83, 0.33)
475.73: (0.82, -0.53, 0.20)
475.83: (0.96, -0.27, 0.11)
475.94: (0.99, 0.12, -0.08)
476.06: (0.98, 0.17, -0.09)
476.18: (0.98, 0.06, 0.21)
476.29: (0.88, 0.14, 0.45)
476.39: (0.89, 0.35, 0.31)
476.51: (0.72, 0.67, -0.19)
476.63: (0.71, 0.63, -0.32)
476.74: (0.68, 0.63, -0.38)
476.84: (0.56, 0.70, -0.45)
476.89: (0.55, 0.70, -0.46)
476.89: (0.47, 0.79, 0.40): 1
476.96: (0.55, 0.70, -0.46)
477.08: (0.62, 0.65, -0.45)
477.18: (0.87, 0.45, -0.20)
477.29: (0.89, 0.43, 0.17)
477.41: (0.68, 0.14, 0.72)
477.53: (0.26, 0.10, 0.96)
477.64: (0.06, 0.37, 0.93)
477.76: (0.27, 0.72, 0.64)
477.86: (0.44, 0.80, 0.40)
477.98: (0.51, 0.79, 0.35)
478.01: (0.51, 0.79, 0.35)
478.01: (-0.09, 0.36, 0.93): 2
478.09: (0.51, 0.78, 0.35)
478.21: (0.59, 0.63, 0.50)
478.31: (0.62, 0.40, 0.68)
478.43: (0.61, -0.02, 0.79)
478.54: (0.63, -0.09, 0.77)
478.66: (0.30, 0.21, 0.93)
478.77: (-0.16, 0.35, 0.92)
478.87: (-0.19, 0.35, 0.92)
478.89: (-0.19, 0.35, 0.92)
478.89: (0.60, 0.73, -0.32): 0
478.99: (-0.18, 0.34, 0.93)
479.11: (0.02, 0.40, 0.92)
479.21: (0.21, 0.42, 0.89)
479.32: (0.66, 0.39, 0.64)
479.44: (0.96, 0.14, 0.24)
479.56: (0.99, 0.11, 0.00)
479.66: (0.91, 0.40, -0.10)
479.76: (0.71, 0.70, 0.02)
479.87: (0.49, 0.86, 0.14)
479.99: (0.49, 0.85, -0.20)
480.11: (0.53, 0.78, -0.34)
480.19: (0.58, 0.74, -0.35)
480.19: (1.00, 0.00, 0.00): 2
480.22: (0.60, 0.72, -0.35)
480.34: (0.69, 0.63, -0.35)
480.44: (0.83, 0.46, -0.31)
480.56: (0.94, 0.32, -0.08)
480.66: (0.96, 0.22, 0.15)
480.77: (0.98, -0.01, 0.19)
480.89: (1.00, -0.03, 0.05)
480.97: (1.00, -0.02, 0.04)
480.97: (0.45, -0.87, -0.17): 0
480.99: (1.00, -0.02, 0.03)
481.11: (1.00, -0.05, 0.02)
481.22: (0.94, -0.34, -0.03)
481.34: (0.80, -0.60, -0.02)
481.44: (0.73, -0.68, 0.08)
481.56: (0.62, -0.75, 0.22)
481.67: (0.60, -0.80, -0.07)
481.79: (0.50, -0.85, -0.19)
481.81: (0.49, -0.85, -0.19)
481.81: (0.96, -0.19, 0.22): 1
481.91: (0.41, -0.89, -0.19)
482.02: (0.22, -0.96, -0.18)
482.14: (-0.06, -0.98, -0.19)
482.26: (-0.20, -0.97, -0.17)
482.37: (-0.41, -0.91, -0.04)
482.49: (-0.47, -0.85, 0.23)
482.59: (-0.37, -0.74, 0.56)
482.71: (-0.23, -0.57, 0.79)
482.82: (0.08, -0.34, 0.94)
482.94: (0.49, -0.06, 0.87)
483.04: (0.81, 0.13, 0.56)
483.16: (0.96, 0.28, 0.00)
483.27: (0.88, 0.32, -0.35)
483.37: (0.92, 0.25, -0.30)
483.49: (1.00, -0.05, -0.03)
483.61: (0.97, -0.19, 0.13)
483.66: (0.95, -0.23, 0.19)
483.66: (0.02, -0.66, 0.75): 0
483.72: (0.95, -0.24, 0.20)
483.82: (0.98, -0.07, 0.17)
483.94: (0.87, 0.48, -0.13)
484.06: (0.50, 0.76, -0.42)
484.17: (0.31, 0.92, -0.24)
484.27: (0.65, 0.69, 0.32)
484.37: (0.98, 0.07, 0.20)
484.49: (0.91, -0.39, -0.15)
484.61: (0.51, -0.78, -0.36)
484.72: (0.22, -0.94, -0.28)
484.84: (-0.23, -0.97, -0.09)
484.94: (-0.61, -0.79, -0.03)
485.06: (-0.89, -0.44, -0.13)
485.17: (-0.99, -0.02, -0.17)
485.27: (-0.94, 0.33, -0.10)
485.39: (-0.67, 0.73, 0.09)
485.51: (-0.06, 0.88, 0.48)
485.61: (0.36, 0.62, 0.69)
485.72: (0.68, 0.11, 0.72)
485.84: (0.75, -0.25, 0.62)
485.96: (0.74, -0.55, 0.38)
486.06: (0.71, -0.70, 0.12)
486.17: (0.88, -0.47, 0.00)
486.29: (0.99, 0.10, 0.02)
486.39: (0.84, 0.55, -0.03)
486.49: (0.56, 0.82, -0.12)
486.61: (0.19, 0.95, -0.25)
486.72: (-0.14, 0.98, 0.11)
486.84: (-0.32, 0.67, 0.67)
486.96: (-0.47, 0.17, 0.87)
487.07: (-0.29, -0.28, 0.92)
487.17: (0.14, -0.62, 0.77)
487.29: (0.58, -0.71, 0.40)
487.39: (0.53, -0.71, 0.46)
487.51: (0.23, -0.68, 0.70)
487.62: (0.10, -0.66, 0.75)
487.64: (0.10, -0.66, 0.75)
487.64: (-0.42, -0.38, 0.82): 0
487.72: (0.07, -0.65, 0.76)
487.84: (0.07, -0.65, 0.76)
487.96: (0.14, -0.67, 0.73)
488.07: (-0.13, -0.61, 0.78)
488.17: (-0.29, -0.60, 0.74)
488.29: (-0.39, -0.54, 0.74)
488.41: (-0.48, -0.33, 0.81)
488.46: (-0.49, -0.32, 0.81)
488.46: (0.99, -0.07, -0.08): 0
488.51: (-0.49, -0.31, 0.82)
488.62: (-0.52, -0.24, 0.82)
488.74: (-0.50, -0.12, 0.86)
488.86: (-0.37, -0.01, 0.93)
488.97: (-0.37, -0.01, 0.93)
489.09: (0.21, -0.58, 0.79)
489.21: (0.54, -0.83, -0.12)
489.32: (0.72, -0.47, -0.52)
489.44: (0.81, -0.03, -0.59)
489.56: (0.81, 0.35, -0.47)
489.67: (0.94, 0.21, -0.28)
489.79: (0.98, 0.03, -0.18)
489.91: (0.99, -0.10, -0.13)
489.91: (-0.97, -0.16, -0.15): 1
489.91: (0.99, -0.10, -0.13)
490.02: (0.99, -0.12, -0.03)
490.12: (1.00, -0.04, -0.08)
490.24: (0.83, 0.25, -0.50)
490.34: (0.65, 0.44, -0.62)
490.46: (0.55, 0.64, -0.55)
490.57: (0.16, 0.77, -0.62)
490.67: (-0.26, 0.67, -0.69)
490.79: (-0.50, 0.43, -0.75)
490.89: (-0.58, 0.11, -0.81)
491.01: (-0.62, -0.38, -0.69)
491.12: (-0.51, -0.79, -0.33)
491.22: (-0.31, -0.95, 0.08)
491.34: (-0.08, -0.88, 0.47)
491.44: (-0.37, -0.83, 0.43)
491.56: (-0.78, -0.63, 0.03)
491.66: (-0.81, -0.58, -0.06)
491.77: (-0.80, -0.57, -0.18)
491.87: (-0.87, -0.48, -0.15)
491.99: (-1.00, -0.04, -0.08)
492.09: (-0.99, 0.11, -0.07)
492.21: (-0.99, 0.09, -0.09)
492.31: (-0.99, -0.06, -0.10)
492.41: (-0.99, -0.09, -0.10)
492.46: (-0.99, -0.11, -0.11)
492.46: (0.47, 0.02, 0.88): 0
492.51: (-0.99, -0.13, -0.11)
492.62: (-0.96, -0.26, -0.13)
492.74: (-0.75, -0.65, -0.15)
492.86: (-0.31, -0.95, -0.07)
492.97: (0.21, -0.98, -0.01)
493.07: (0.53, -0.82, 0.22)
493.19: (0.40, -0.58, 0.71)
493.29: (0.00, -0.22, 0.97)
493.39: (-0.35, 0.29, 0.89)
493.51: (-0.28, 0.28, 0.92)
493.62: (0.20, -0.15, 0.97)
493.74: (0.47, -0.28, 0.84)
493.86: (0.39, -0.12, 0.91)
493.96: (0.34, -0.02, 0.94)
493.97: (0.34, -0.02, 0.94)
493.97: (-0.88, 0.47, -0.01): 0
494.06: (0.35, -0.02, 0.94)
494.17: (0.41, 0.00, 0.91)
494.27: (0.57, 0.26, 0.78)
494.39: (0.39, 0.71, 0.59)
494.51: (-0.01, 0.85, 0.53)
494.61: (-0.42, 0.82, 0.38)
494.72: (-0.70, 0.70, 0.17)
494.82: (-0.70, 0.70, 0.17)
494.94: (-0.69, 0.70, 0.17)
495.06: (-0.77, 0.63, 0.07)
495.16: (-0.80, 0.59, 0.06)
495.24: (-0.89, 0.46, 0.00)
495.24: (-0.64, 0.45, 0.62): 1
495.27: (-0.89, 0.45, 0.00)
495.39: (-0.90, 0.43, -0.01)
495.50: (-0.98, 0.13, -0.12)
495.60: (-0.99, -0.09, -0.15)
495.72: (-0.95, 0.16, 0.26)
495.82: (-0.84, 0.37, 0.39)
495.94: (-0.76, 0.44, 0.48)
495.99: (-0.74, 0.43, 0.52)
495.99: (-0.83, 0.20, -0.52): 2
496.05: (-0.73, 0.39, 0.56)
496.17: (-0.70, 0.41, 0.59)
496.29: (-0.77, 0.31, 0.56)
496.40: (-0.96, -0.12, 0.27)
496.51: (-0.95, -0.30, 0.11)
496.62: (-0.83, -0.52, -0.20)
496.74: (-0.58, -0.63, -0.53)
496.85: (-0.35, -0.66, -0.67)
496.97: (-0.12, -0.77, -0.63)
497.09: (0.20, -0.75, -0.63)
497.20: (0.66, -0.49, -0.57)
497.32: (0.90, -0.12, -0.42)
497.42: (0.90, -0.12, -0.42)
497.54: (0.86, -0.14, -0.49)
497.65: (0.65, 0.16, -0.74)
497.77: (0.26, 0.34, -0.90)
497.89: (-0.12, 0.38, -0.92)
498.00: (-0.41, 0.46, -0.79)
498.12: (-0.72, 0.45, -0.52)
498.22: (-0.93, 0.35, -0.11)
498.32: (-0.99, 0.12, 0.10)
498.44: (-0.99, 0.07, -0.14)
498.54: (-0.95, 0.11, -0.29)
498.65: (-0.83, 0.27, -0.49)
498.70: (-0.82, 0.28, -0.50)
498.70: (-0.64, -0.75, 0.16): 0
498.77: (-0.82, 0.28, -0.50)
498.89: (-0.65, 0.43, -0.63)
499.00: (-0.33, 0.54, -0.78)
499.12: (-0.11, 0.57, -0.81)
499.22: (0.12, 0.56, -0.82)
499.34: (0.37, 0.37, -0.85)
499.45: (0.22, -0.02, -0.98)
499.55: (0.00, -0.13, -0.99)
499.65: (-0.36, -0.11, -0.92)
499.77: (-0.87, -0.09, -0.48)
499.89: (-0.99, -0.01, -0.13)
499.99: (-0.99, -0.05, 0.16)
500.10: (-0.81, -0.26, 0.53)
500.22: (-0.47, -0.38, 0.80)
500.34: (-0.47, -0.47, 0.75)
500.44: (-0.58, -0.61, 0.54)
500.55: (-0.67, -0.71, 0.23)
500.65: (-0.68, -0.72, 0.13)
500.70: (-0.68, -0.72, 0.13)
500.70: (-0.63, -0.19, 0.75): 1
500.77: (-0.68, -0.73, 0.13)
500.89: (-0.56, -0.82, 0.09)
501.00: (-0.16, -0.98, 0.12)
501.12: (0.18, -0.98, 0.07)
501.24: (0.38, -0.87, -0.32)
501.34: (0.00, -0.79, -0.61)
501.45: (-0.59, -0.66, -0.47)
501.57: (-0.97, -0.25, 0.01)
501.67: (-0.86, 0.15, 0.49)
501.79: (-0.43, 0.34, 0.84)
501.90: (-0.06, 0.30, 0.95)
502.00: (-0.33, 0.13, 0.94)
502.12: (-0.56, -0.07, 0.83)
502.22: (-0.58, -0.06, 0.81)
502.24: (-0.58, -0.06, 0.81)
502.24: (-0.52, 0.70, -0.49): 1
502.34: (-0.58, -0.06, 0.81)
502.45: (-0.46, 0.02, 0.89)
502.55: (-0.08, 0.08, 0.99)
502.67: (0.36, 0.17, 0.92)
502.77: (0.42, 0.46, 0.78)
502.89: (0.33, 0.84, 0.44)
503.00: (0.24, 0.97, 0.05)
503.10: (0.20, 0.94, -0.29)
503.20: (0.30, 0.87, -0.39)
503.30: (0.61, 0.73, -0.31)
503.42: (0.93, 0.35, -0.06)
503.54: (0.99, 0.14, -0.01)
503.65: (0.97, 0.02, -0.23)
503.75: (0.97, 0.02, -0.23)
503.87: (0.98, 0.00, -0.19)
503.99: (0.95, -0.09, 0.29)
504.10: (0.82, -0.37, 0.44)
504.20: (0.67, -0.49, 0.55)
504.30: (0.43, -0.65, 0.62)
504.42: (0.05, -0.87, 0.50)
504.54: (-0.13, -0.97, 0.18)
504.65: (-0.07, -0.96, -0.25)
504.77: (0.21, -0.74, -0.64)
504.87: (0.59, -0.44, -0.68)
504.99: (0.86, -0.11, -0.50)
505.10: (0.98, 0.03, -0.19)
505.22: (0.81, -0.51, 0.29)
505.34: (0.18, -0.83, 0.52)
505.44: (-0.39, -0.86, 0.33)
505.55: (-0.44, -0.86, -0.27)
505.67: (-0.24, -0.57, -0.78)
505.77: (-0.10, -0.14, -0.99)
505.89: (0.04, 0.32, -0.95)
506.00: (0.18, 0.58, -0.80)
506.10: (0.30, 0.70, -0.65)
506.20: (0.18, 0.77, -0.62)
506.32: (-0.26, 0.77, -0.58)
506.44: (-0.33, 0.71, -0.62)
506.55: (-0.36, 0.71, -0.61)
506.67: (-0.48, 0.71, -0.52)
506.75: (-0.48, 0.71, -0.52)
506.75: (0.10, 0.26, -0.96): 2
506.79: (-0.48, 0.71, -0.52)
506.90: (-0.51, 0.68, -0.53)
507.02: (-0.61, 0.46, -0.65)
507.12: (-0.28, 0.24, -0.93)
507.22: (0.12, 0.13, -0.98)
507.34: (0.12, 0.15, -0.98)
507.44: (0.03, 0.24, -0.97)
507.54: (0.01, 0.26, -0.96)
507.54: (-0.79, -0.26, 0.56): 0
507.54: (0.01, 0.26, -0.96)
507.65: (0.01, 0.26, -0.96)
507.75: (-0.05, 0.22, -0.97)
507.87: (-0.16, 0.02, -0.99)
507.99: (-0.64, -0.11, -0.76)
508.09: (-0.93, -0.02, -0.36)
508.20: (-0.99, 0.11, 0.13)
508.32: (-0.87, 0.27, 0.42)
508.44: (-0.82, 0.30, 0.48)
508.55: (-0.85, 0.01, 0.53)
508.67: (-0.82, -0.17, 0.55)
508.77: (-0.78, -0.25, 0.58)
508.79: (-0.78, -0.25, 0.58)
508.79: (-0.97, -0.21, 0.07): 2
508.87: (-0.77, -0.25, 0.58)
508.99: (-0.58, -0.35, 0.73)
509.10: (-0.50, -0.31, 0.81)
509.20: (-0.84, -0.31, 0.45)
509.32: (-0.93, -0.30, 0.23)
509.44: (-0.94, -0.30, 0.16)
509.47: (-0.94, -0.30, 0.14)
509.47: (0.44, 0.90, -0.05): 2
509.55: (-0.95, -0.30, 0.06)
509.65: (-0.95, -0.29, 0.10)
509.77: (-0.91, -0.27, 0.33)
509.89: (-0.79, -0.25, 0.57)
509.99: (-0.56, -0.18, 0.81)
510.10: (-0.36, 0.10, 0.93)
510.22: (-0.28, 0.53, 0.80)
510.34: (-0.21, 0.75, 0.63)
510.45: (0.22, 0.79, 0.57)
510.57: (0.53, 0.75, 0.38)
510.67: (0.75, 0.65, 0.10)
510.77: (0.84, 0.53, -0.10)
510.89: (0.70, 0.71, -0.04)
511.00: (0.52, 0.86, 0.04)
511.05: (0.51, 0.86, 0.04)
511.05: (-0.87, 0.00, 0.50): 1
511.10: (0.50, 0.86, 0.05)
511.22: (0.54, 0.83, 0.13)
511.34: (0.64, 0.72, 0.28)
511.45: (0.63, 0.59, 0.51)
511.55: (0.35, 0.46, 0.82)
511.67: (-0.10, 0.46, 0.88)
511.77: (-0.42, 0.52, 0.74)
511.89: (-0.70, 0.43, 0.56)
512.00: (-0.96, 0.18, 0.20)
512.10: (-0.99, 0.00, -0.12)
512.22: (-1.00, -0.04, 0.04)
512.34: (-0.91, -0.06, 0.41)
512.44: (-0.87, -0.05, 0.49)
512.49: (-0.86, -0.04, 0.52)
512.49: (-0.60, 0.54, 0.58): 0
512.55: (-0.86, -0.04, 0.52)
512.67: (-0.89, -0.08, 0.45)
512.78: (-0.98, -0.12, 0.13)
512.90: (-0.93, 0.22, 0.31)
513.02: (-0.69, 0.47, 0.55)
513.12: (-0.53, 0.58, 0.62)
513.20: (-0.53, 0.58, 0.62)
513.20: (0.87, -0.20, -0.44): 1
513.23: (-0.53, 0.58, 0.62)
513.33: (-0.63, 0.53, 0.57)
513.43: (-0.71, 0.45, 0.54)
513.55: (-0.89, 0.29, 0.35)
513.67: (-0.99, -0.01, 0.11)
513.77: (-0.99, -0.14, 0.02)
513.88: (-0.96, -0.26, -0.04)
514.00: (-0.81, -0.53, -0.27)
514.12: (-0.60, -0.61, -0.52)
514.23: (-0.33, -0.50, -0.80)
514.35: (-0.23, -0.38, -0.90)
514.45: (-0.02, -0.21, -0.98)
514.57: (0.30, 0.01, -0.95)
514.67: (0.55, 0.18, -0.81)
514.78: (0.82, 0.45, -0.36)
514.90: (0.80, 0.58, -0.15)
515.02: (0.79, 0.60, -0.12)
515.13: (0.94, 0.28, -0.21)
515.25: (0.90, 0.05, -0.43)
515.37: (0.82, -0.10, -0.56)
515.47: (0.86, -0.14, -0.49)
515.58: (0.90, -0.21, -0.37)
515.60: (0.90, -0.21, -0.37)
515.60: (0.68, -0.64, -0.35): 1
515.68: (0.91, -0.21, -0.37)
515.80: (0.95, -0.06, -0.32)
515.92: (0.98, 0.00, -0.17)
516.03: (0.90, -0.34, -0.27)
516.15: (0.71, -0.64, -0.30)
516.27: (0.70, -0.64, -0.30)
516.33: (0.70, -0.64, -0.31)
516.33: (0.31, 0.26, -0.91): 1
516.38: (0.70, -0.64, -0.31)
516.48: (0.71, -0.63, -0.31)
516.60: (0.73, -0.56, -0.40)
516.72: (0.87, -0.32, -0.37)
516.83: (0.92, 0.01, -0.38)
516.95: (0.65, 0.36, -0.66)
517.05: (0.41, 0.54, -0.73)
517.17: (0.15, 0.51, -0.85)
517.28: (0.17, 0.29, -0.94)
517.38: (0.28, 0.17, -0.94)
517.42: (0.30, 0.17, -0.94)
517.42: (-0.60, 0.27, -0.75): 2
517.50: (0.30, 0.16, -0.94)
517.62: (0.02, 0.03, -1.00)
517.73: (-0.37, 0.02, -0.93)
517.83: (-0.49, 0.15, -0.86)
517.95: (-0.56, 0.36, -0.75)
518.05: (-0.58, 0.33, -0.75)
518.05: (-0.93, -0.37, 0.03): 0
518.05: (-0.58, 0.33, -0.75)
518.15: (-0.58, 0.33, -0.75)
518.27: (-0.67, 0.29, -0.68)
518.38: (-0.87, 0.26, -0.43)
518.48: (-0.95, 0.24, -0.19)
518.60: (-0.99, 0.09, 0.10)
518.72: (-0.95, -0.29, 0.14)
518.83: (-0.88, -0.47, 0.02)
518.88: (-0.88, -0.47, 0.02)
518.88: (-0.03, 0.22, 0.97): 0
518.95: (-0.88, -0.47, 0.02)
519.07: (-0.84, -0.55, 0.03)
519.18: (-0.49, -0.87, -0.10)
519.30: (0.03, -0.95, -0.30)
519.42: (0.06, -0.89, -0.46)
519.52: (0.01, -0.85, -0.52)
519.63: (-0.04, -0.76, -0.65)
519.73: (0.11, -0.64, -0.76)
519.83: (0.46, -0.65, -0.61)
519.95: (0.74, -0.67, 0.02)
520.07: (0.57, -0.58, 0.58)
520.18: (0.26, -0.55, 0.79)
520.28: (0.17, -0.56, 0.81)
520.40: (0.26, -0.90, 0.36)
520.52: (0.16, -0.92, 0.36)
520.62: (0.02, -0.65, 0.76)
520.73: (0.07, -0.06, 1.00)
520.83: (0.17, 0.08, 0.98)
520.95: (0.17, 0.11, 0.98)
521.07: (-0.07, 0.18, 0.98)
521.13: (-0.13, 0.21, 0.97)
521.13: (0.95, -0.24, -0.20): 1
521.18: (-0.13, 0.21, 0.97)
521.28: (-0.13, 0.21, 0.97)
521.40: (-0.10, 0.05, 0.99)
521.52: (-0.32, -0.19, 0.93)
521.62: (-0.49, -0.50, 0.71)
521.73: (-0.32, -0.91, 0.28)
521.83: (-0.17, -0.99, -0.05)
521.93: (-0.07, -0.95, -0.30)
522.05: (-0.03, -0.84, -0.54)
522.17: (0.07, -0.67, -0.74)
522.27: (0.18, -0.44, -0.88)
522.38: (0.34, 0.03, -0.94)
522.50: (0.50, 0.48, -0.72)
522.62: (0.62, 0.66, -0.42)
522.72: (0.73, 0.67, -0.10)
522.83: (0.75, 0.55, 0.36)
522.93: (0.65, 0.37, 0.67)
523.05: (0.42, 0.01, 0.91)
523.17: (0.18, -0.32, 0.93)
523.28: (0.11, -0.38, 0.92)
523.40: (0.14, -0.20, 0.97)
523.50: (0.33, 0.24, 0.91)
523.62: (0.47, 0.66, 0.59)
523.72: (0.44, 0.83, 0.33)
523.83: (0.12, 0.99, 0.06)
523.95: (-0.21, 0.87, -0.45)
524.07: (-0.29, 0.83, -0.48)
524.17: (-0.29, 0.83, -0.48)
524.27: (-0.29, 0.83, -0.48)
524.38: (-0.28, 0.82, -0.50)
524.50: (-0.53, 0.16, -0.83)
524.62: (-0.57, -0.45, -0.69)
524.73: (-0.36, -0.71, -0.60)
524.83: (-0.06, -0.91, -0.41)
524.95: (0.34, -0.92, -0.21)
525.07: (0.62, -0.77, -0.12)
525.17: (0.85, -0.52, 0.06)
525.28: (0.94, -0.12, 0.32)
525.40: (0.96, -0.19, 0.23)
525.52: (0.96, -0.29, -0.01)
525.62: (0.94, -0.28, -0.20)
525.68: (0.93, -0.27, -0.25)
525.68: (0.72, 0.11, -0.69): 2
525.73: (0.93, -0.26, -0.26)
525.85: (0.92, -0.26, -0.31)
525.95: (0.84, -0.26, -0.48)
526.07: (0.58, -0.14, -0.80)
526.18: (0.57, 0.02, -0.82)
526.30: (0.68, 0.05, -0.74)
526.38: (0.72, 0.05, -0.70)
526.38: (0.66, -0.60, -0.45): 0
526.40: (0.72, 0.05, -0.70)
526.52: (0.70, 0.11, -0.71)
526.63: (0.63, 0.28, -0.72)
526.75: (0.71, 0.05, -0.70)
526.87: (0.69, -0.42, -0.59)
526.97: (0.67, -0.46, -0.58)
527.00: (0.67, -0.47, -0.58)
527.00: (-0.78, -0.19, -0.60): 0
527.08: (0.66, -0.47, -0.58)
527.18: (0.67, -0.47, -0.58)
527.30: (0.60, -0.60, -0.53)
527.42: (0.36, -0.81, -0.47)
527.53: (0.19, -0.75, -0.63)
527.65: (0.00, -0.65, -0.76)
527.77: (-0.26, -0.70, -0.66)
527.88: (-0.61, -0.69, -0.38)
528.00: (-0.78, -0.59, -0.19)
528.10: (-0.86, -0.51, -0.09)
528.22: (-0.88, -0.48, -0.06)
528.33: (-0.88, -0.44, -0.20)
528.43: (-0.73, -0.43, -0.53)
528.55: (-0.72, -0.43, -0.55)
528.67: (-0.78, -0.23, -0.58)
528.78: (-0.82, -0.07, -0.56)
528.78: (0.99, 0.10, -0.08): 2
528.78: (-0.82, -0.07, -0.56)
528.90: (-0.84, -0.02, -0.54)
529.00: (-0.87, 0.14, -0.47)
529.12: (-0.91, 0.39, -0.15)
529.23: (-0.81, 0.48, 0.34)
529.35: (-0.67, 0.54, 0.52)
529.45: (-0.49, 0.60, 0.64)
529.56: (-0.22, 0.53, 0.82)
529.68: (0.07, 0.26, 0.96)
529.80: (0.31, -0.08, 0.95)
529.91: (0.52, -0.25, 0.82)
530.03: (0.76, -0.33, 0.56)
530.13: (0.93, -0.35, 0.14)
530.25: (0.85, -0.37, -0.37)
530.35: (0.64, -0.40, -0.66)
530.46: (0.60, -0.43, -0.68)
530.58: (0.89, -0.26, -0.37)
530.70: (0.96, -0.16, -0.21)
530.81: (1.00, 0.03, -0.04)
530.91: (1.00, 0.08, 0.00)
530.91: (0.99, 0.08, 0.07): 1
530.93: (1.00, 0.08, 0.00)
531.05: (0.99, 0.10, 0.08)
531.16: (0.91, 0.19, 0.36)
531.28: (0.92, 0.09, 0.38)
531.38: (0.99, 0.03, 0.14)
531.50: (1.00, 0.04, 0.08)
531.50: (0.95, 0.15, -0.29): 1
531.50: (1.00, 0.04, 0.08)
531.61: (1.00, 0.04, 0.09)
531.71: (0.96, 0.07, 0.28)
531.83: (0.95, -0.03, 0.31)
531.95: (1.00, 0.01, -0.10)
532.05: (0.94, 0.07, -0.33)
532.15: (0.94, 0.08, -0.32)
532.15: (-1.00, 0.03, 0.02): 0
532.16: (0.94, 0.08, -0.32)
532.26: (0.95, 0.09, -0.30)
532.38: (0.98, 0.10, -0.17)
532.50: (1.00, 0.05, -0.04)
532.61: (0.93, -0.07, 0.35)
532.71: (0.64, -0.08, 0.77)
532.83: (0.17, -0.22, 0.96)
532.95: (-0.34, -0.35, 0.87)
533.06: (-0.73, -0.19, 0.66)
533.16: (-0.86, 0.14, 0.49)
533.28: (-0.85, 0.46, 0.27)
533.40: (-0.87, 0.46, 0.16)
533.51: (-0.98, 0.19, 0.10)
533.63: (-1.00, 0.08, 0.05)
533.65: (-1.00, 0.08, 0.05)
533.65: (0.62, -0.75, 0.23): 2
533.73: (-1.00, 0.07, 0.03)
533.85: (-0.97, 0.15, -0.21)
533.95: (-0.75, 0.34, -0.57)
534.06: (-0.50, 0.40, -0.77)
534.18: (-0.25, 0.38, -0.89)
534.30: (-0.04, 0.22, -0.97)
534.41: (-0.01, -0.15, -0.99)
534.53: (-0.11, -0.54, -0.83)
534.63: (-0.32, -0.72, -0.62)
534.75: (-0.44, -0.79, -0.43)
534.85: (-0.53, -0.82, -0.20)
534.96: (-0.57, -0.80, 0.19)
535.06: (-0.52, -0.72, 0.46)
535.18: (-0.65, -0.34, 0.68)
535.30: (-0.76, -0.07, 0.65)
535.40: (-0.76, -0.07, 0.65)
535.51: (-0.84, 0.10, 0.54)
535.63: (-0.30, 0.83, 0.46)
535.75: (0.23, 0.96, 0.17)
535.85: (0.34, 0.94, -0.04)
535.96: (0.40, 0.79, -0.47)
536.08: (0.13, 0.51, -0.85)
536.18: (-0.27, 0.21, -0.94)
536.30: (-0.62, -0.28, -0.73)
536.40: (-0.52, -0.72, -0.45)
536.51: (-0.03, -1.00, -0.07)
536.63: (0.32, -0.94, 0.08)
536.73: (0.46, -0.87, 0.15)
536.85: (0.68, -0.68, 0.26)
536.96: (0.69, -0.68, 0.26)
536.96: (-0.24, -0.97, 0.08): 1
536.96: (0.69, -0.68, 0.26)
537.06: (0.68, -0.69, 0.24)
537.18: (0.63, -0.75, 0.19)
537.30: (0.55, -0.83, 0.06)
537.41: (0.36, -0.89, -0.29)
537.51: (0.19, -0.87, -0.46)
537.63: (-0.07, -0.99, -0.14)
537.75: (-0.10, -0.99, 0.04)
537.85: (-0.16, -0.99, 0.03)
537.85: (0.88, 0.23, 0.41): 2
537.85: (-0.16, -0.99, 0.03)
537.95: (-0.20, -0.98, 0.02)
538.06: (-0.33, -0.94, -0.06)
538.18: (-0.42, -0.88, -0.20)
538.28: (-0.51, -0.74, -0.44)
538.40: (-0.61, -0.50, -0.62)
538.51: (-0.61, -0.12, -0.78)
538.63: (-0.40, 0.26, -0.88)
538.75: (-0.41, 0.68, -0.60)
538.86: (-0.44, 0.85, -0.30)
538.98: (-0.43, 0.90, 0.10)
539.10: (-0.38, 0.71, 0.59)
539.20: (-0.31, 0.35, 0.88)
539.30: (-0.18, -0.11, 0.98)
539.41: (0.00, -0.60, 0.80)
539.53: (0.14, -0.81, 0.57)
539.65: (0.31, -0.85, 0.43)
539.75: (0.53, -0.84, 0.15)
539.85: (0.65, -0.69, -0.32)
539.96: (0.73, -0.28, -0.63)
540.08: (0.77, 0.24, -0.59)
540.20: (0.56, 0.73, -0.39)
540.30: (0.30, 0.92, -0.25)
540.41: (-0.13, 0.96, -0.26)
540.53: (-0.46, 0.86, -0.25)
540.63: (-0.75, 0.60, -0.27)
540.75: (-0.94, 0.04, -0.35)
540.86: (-0.84, -0.41, -0.34)
540.98: (-0.64, -0.72, -0.26)
541.08: (-0.33, -0.94, -0.12)
541.20: (0.04, -1.00, 0.03)
541.31: (0.14, -0.98, 0.11)
541.43: (0.30, -0.92, 0.26)
541.53: (0.29, -0.93, 0.24)
541.65: (0.29, -0.93, 0.24)
541.76: (-0.12, -0.99, 0.03)
541.88: (-0.60, -0.78, -0.19)
542.00: (-0.79, -0.56, -0.25)
542.10: (-0.96, -0.09, -0.28)
542.21: (-0.96, 0.28, 0.01)
542.33: (-0.82, 0.20, 0.54)
542.43: (-0.49, 0.00, 0.87)
542.55: (-0.05, -0.11, 0.99)
542.66: (0.41, -0.16, 0.90)
542.76: (0.77, -0.16, 0.61)
542.88: (0.98, -0.10, 0.20)
542.98: (0.99, -0.02, -0.15)
543.10: (0.98, 0.07, -0.19)
543.21: (0.98, 0.14, 0.11)
543.33: (0.91, 0.17, 0.38)
543.43: (0.90, 0.17, 0.40)
543.46: (0.90, 0.17, 0.40)
543.46: (-0.19, -0.63, 0.75): 0
543.55: (0.90, 0.17, 0.40)
543.66: (0.85, 0.17, 0.51)
543.78: (0.80, 0.14, 0.58)
543.90: (0.71, 0.33, 0.62)
544.01: (0.28, 0.81, 0.51)
544.13: (-0.02, 0.93, 0.38)
544.25: (-0.28, 0.95, 0.14)
544.36: (-0.12, 0.99, 0.04)
544.48: (0.31, 0.95, 0.06)
544.58: (0.64, 0.77, 0.08)
544.70: (0.88, 0.48, -0.09)
544.81: (0.96, 0.12, -0.25)
544.91: (0.96, -0.09, -0.27)
545.01: (0.96, -0.07, -0.26)
545.13: (0.96, -0.07, -0.26)
545.23: (0.96, -0.07, -0.26)
545.35: (0.86, 0.19, -0.48)
545.46: (0.47, 0.36, -0.81)
545.58: (0.27, 0.24, -0.93)
545.69: (-0.09, 0.04, -1.00)
545.79: (-0.33, -0.14, -0.93)
545.91: (-0.45, -0.40, -0.80)
546.03: (-0.42, -0.73, -0.54)
546.15: (-0.32, -0.94, -0.09)
546.26: (-0.12, -0.86, 0.49)
546.36: (0.01, -0.63, 0.78)
546.48: (0.07, -0.40, 0.91)
546.59: (0.03, -0.47, 0.88)
546.71: (-0.09, -0.59, 0.80)
546.83: (-0.15, -0.61, 0.78)
546.83: (0.97, -0.13, -0.20): 0
546.83: (-0.15, -0.61, 0.78)
546.93: (-0.23, -0.64, 0.73)
547.03: (-0.24, -0.70, 0.67)
547.14: (-0.29, -0.76, 0.58)
547.26: (-0.29, -0.76, 0.58)
547.38: (-0.22, -0.96, -0.16)
547.49: (-0.01, -0.67, -0.75)
547.59: (0.25, -0.51, -0.83)
547.71: (0.69, -0.52, -0.50)
547.83: (0.92, -0.38, 0.07)
547.93: (0.85, -0.18, 0.49)
548.04: (0.93, -0.18, 0.32)
548.15: (0.99, -0.13, -0.01)
548.26: (0.97, -0.15, -0.21)
548.34: (0.96, -0.16, -0.22)
548.34: (-1.00, -0.02, -0.05): 0
548.38: (0.96, -0.16, -0.22)
548.49: (0.98, -0.03, -0.17)
548.61: (0.96, 0.29, 0.03)
548.73: (0.81, 0.54, 0.23)
548.84: (0.49, 0.78, 0.39)
548.96: (0.20, 0.88, 0.43)
549.06: (0.15, 0.93, 0.35)
549.18: (0.33, 0.93, 0.18)
549.29: (0.79, 0.61, -0.03)
549.39: (0.95, 0.29, -0.11)
549.51: (0.97, -0.17, -0.15)
549.63: (0.80, -0.57, -0.19)
549.73: (0.60, -0.77, -0.20)
549.83: (0.31, -0.94, -0.17)
549.94: (0.22, -0.97, 0.07)
550.06: (0.41, -0.81, 0.41)
550.18: (0.43, -0.60, 0.68)
550.29: (0.30, -0.22, 0.93)
550.41: (0.09, 0.32, 0.94)
550.51: (-0.02, 0.73, 0.68)
550.63: (-0.11, 0.98, 0.19)
550.74: (-0.30, 0.94, -0.15)
550.86: (-0.49, 0.79, -0.36)
550.98: (-0.64, 0.56, -0.53)
551.09: (-0.71, 0.23, -0.66)
551.21: (-0.65, -0.23, -0.73)
551.33: (-0.54, -0.55, -0.64)
551.44: (-0.82, -0.30, -0.48)
551.56: (-0.94, -0.10, -0.32)
551.66: (-0.94, -0.10, -0.32)
551.78: (-0.97, -0.08, -0.21)
551.88: (-0.99, -0.04, -0.10)
551.96: (-1.00, -0.02, -0.06)
551.96: (0.89, 0.21, 0.40): 2
551.99: (-1.00, -0.02, -0.06)
552.11: (-1.00, 0.04, -0.03)
552.23: (-1.00, 0.04, -0.03)
552.34: (-0.96, 0.25, -0.09)
552.44: (-0.37, 0.86, -0.35)
552.56: (0.17, 0.88, -0.44)
552.68: (0.18, 0.88, -0.44)
552.79: (-0.07, 1.00, -0.06)
552.89: (-0.31, 0.86, 0.39)
553.01: (-0.63, 0.63, 0.46)
553.13: (-0.70, 0.39, 0.60)
553.24: (-0.58, 0.22, 0.78)
553.36: (-0.41, -0.09, 0.91)
553.48: (-0.12, -0.52, 0.84)
553.59: (0.17, -0.79, 0.59)
553.71: (0.39, -0.86, 0.33)
553.83: (0.61, -0.79, -0.05)
553.93: (0.68, -0.65, -0.34)
554.03: (0.69, -0.47, -0.54)
554.14: (0.62, -0.17, -0.76)
554.26: (0.39, 0.30, -0.87)
554.38: (0.19, 0.54, -0.82)
554.49: (0.03, 0.58, -0.82)
554.61: (-0.34, 0.41, -0.85)
554.73: (-0.59, -0.18, -0.79)
554.83: (-0.44, -0.69, -0.57)
554.94: (-0.06, -0.92, -0.38)
555.06: (0.18, -0.92, -0.34)
555.18: (0.26, -0.91, -0.33)
555.29: (0.76, -0.64, -0.05)
555.41: (0.97, -0.04, 0.22)
555.53: (0.80, 0.56, 0.21)
555.63: (0.76, 0.63, 0.19)
555.74: (0.89, 0.32, 0.32)
555.86: (0.88, 0.27, 0.39)
555.86: (0.88, -0.44, -0.16): 0
555.86: (0.88, 0.27, 0.39)
555.98: (0.86, 0.30, 0.41)
556.08: (0.74, 0.54, 0.40)
556.19: (0.47, 0.83, 0.31)
556.31: (0.20, 0.97, 0.13)
556.41: (-0.22, 0.97, -0.13)
556.53: (0.07, 1.00, -0.02)
556.63: (0.79, 0.50, 0.35)
556.74: (0.87, -0.14, 0.48)
556.86: (0.75, -0.54, 0.38)
556.96: (0.75, -0.54, 0.38)
557.08: (0.75, -0.54, 0.38)
557.19: (0.58, -0.73, 0.37)
557.31: (0.63, -0.77, 0.11)
557.43: (0.88, -0.47, -0.10)
557.54: (0.94, -0.32, -0.14)
557.58: (0.94, -0.32, -0.14)
557.58: (0.79, -0.61, 0.05): 2
557.64: (0.94, -0.31, -0.14)
557.76: (0.87, -0.44, -0.22)
557.88: (0.77, -0.57, -0.28)
557.99: (0.80, -0.59, -0.13)
558.09: (0.85, -0.53, 0.05)
558.14: (0.85, -0.53, 0.07)
558.14: (-0.16, -0.82, -0.55): 1
558.21: (0.85, -0.53, 0.07)
558.33: (0.81, -0.57, 0.13)
558.44: (0.64, -0.68, 0.36)
558.56: (0.51, -0.75, 0.42)
558.66: (0.42, -0.89, 0.15)
558.78: (0.49, -0.82, -0.28)
558.89: (0.12, -0.80, -0.59)
559.01: (-0.11, -0.82, -0.57)
559.13: (-0.17, -0.86, -0.47)
559.19: (-0.14, -0.88, -0.46)
559.19: (0.57, 0.65, -0.49): 2
559.24: (-0.14, -0.88, -0.46)
559.36: (-0.16, -0.87, -0.46)
559.48: (-0.39, -0.86, -0.32)
559.59: (-0.72, -0.68, -0.10)
559.71: (-0.81, -0.55, -0.23)
559.83: (-0.89, -0.36, -0.27)
559.93: (-0.94, -0.13, -0.30)
560.04: (-0.80, -0.25, -0.55)
560.16: (-0.34, -0.79, -0.52)
560.26: (-0.13, -0.92, -0.36)
560.38: (0.33, -0.94, 0.01)
560.49: (0.67, -0.68, 0.31)
560.61: (0.85, -0.23, 0.48)
560.73: (0.77, 0.43, 0.46)
560.83: (0.52, 0.77, 0.37)
560.93: (0.21, 0.93, 0.30)
561.04: (-0.16, 0.97, 0.18)
561.16: (-0.48, 0.88, 0.03)
561.26: (-0.49, 0.83, 0.27)
561.38: (-0.58, 0.54, 0.61)
561.49: (-0.53, 0.07, 0.85)
561.59: (-0.35, -0.25, 0.90)
561.71: (-0.05, -0.53, 0.85)
561.83: (-0.09, -0.76, 0.64)
561.94: (-0.37, -0.85, 0.38)
562.06: (-0.46, -0.86, 0.20)
562.17: (-0.63, -0.77, -0.11)
562.28: (-0.74, -0.54, -0.41)
562.39: (-0.72, -0.19, -0.67)
562.51: (-0.58, 0.30, -0.76)
562.62: (-0.50, 0.42, -0.75)
562.74: (-0.53, 0.41, -0.75)
562.86: (-0.53, 0.41, -0.75)
562.97: (-0.49, 0.30, -0.82)
563.09: (0.03, 0.14, -0.99)
563.21: (0.54, -0.23, -0.81)
563.32: (0.70, -0.26, -0.67)
563.43: (0.85, -0.25, -0.47)
563.54: (0.91, -0.03, -0.42)
563.66: (0.69, 0.42, -0.59)
563.77: (0.53, 0.61, -0.58)
563.89: (0.66, 0.63, -0.41)
563.94: (0.66, 0.65, -0.37)
563.94: (-0.10, -0.89, -0.45): 1
564.01: (0.65, 0.66, -0.38)
564.12: (0.55, 0.70, -0.46)
564.24: (0.27, 0.69, -0.67)
564.36: (-0.01, 0.60, -0.80)
564.47: (0.04, 0.48, -0.88)
564.59: (0.23, -0.21, -0.95)
564.69: (0.29, -0.60, -0.75)
564.81: (0.30, -0.91, -0.28)
564.92: (0.34, -0.81, 0.48)
565.04: (0.29, -0.82, 0.49)
565.16: (0.09, -0.99, -0.06)
565.27: (0.03, -1.00, -0.07)
565.39: (0.05, -0.99, -0.11)
565.51: (0.03, -0.92, -0.40)
565.62: (-0.03, -0.88, -0.48)
565.69: (-0.03, -0.87, -0.48)
565.69: (0.97, 0.26, -0.03): 1
565.72: (-0.03, -0.87, -0.48)
565.84: (-0.04, -0.88, -0.48)
565.96: (-0.10, -0.95, -0.28)
566.06: (-0.12, -0.99, 0.01)
566.17: (-0.16, -0.95, 0.26)
566.29: (-0.38, -0.86, 0.35)
566.41: (-0.64, -0.70, 0.30)
566.52: (-0.77, -0.50, 0.39)
566.64: (-0.88, -0.22, 0.43)
566.76: (-0.89, 0.19, 0.42)
566.86: (-0.67, 0.60, 0.43)
566.97: (-0.41, 0.83, 0.37)
567.09: (-0.09, 0.96, 0.28)
567.19: (0.30, 0.93, 0.23)
567.29: (0.64, 0.72, 0.26)
567.39: (0.82, 0.51, 0.26)
567.49: (0.89, 0.26, 0.37)
567.61: (0.87, -0.16, 0.46)
567.72: (0.96, -0.13, 0.23)
567.84: (1.00, -0.03, -0.06)
567.96: (1.00, 0.00, -0.04)
568.06: (0.99, 0.15, 0.04)
END