3/28/2023 6:33:53 PM
Mode: Default
White time (s): [2.265961, 3.249451, 1.432831, 4.648926, 2.082672, 3.266235, 1.583191, 0.7828674, 2.066223, 4.265747, 3.099396, 3.615723, 2.033112, 3.165741, 2.532959, 6.248535, 2.832489, 3.266052, 5.932159, 1.266541, 3.915924, 0.7500305, 8.69812, 2.016174, 4.866028, 3.182678, 1.049927, 2.316223, 0.7001343, 2.849548]
Shot time (s): [1.033142, 2.782593, 0.9332275, 3.049622, 1.58313, 1.749664, 1.882965, 1.416595, 4.016083, 1.666199, 2.915802, 1.933105, 0.8829956, 5.299103, 2.299286, 3.599365, 1.366394, 3.03302, 3.115997, 2.432953, 2.782776, 0.8161316, 2.066315, 0.7496948, 0.75, 0.8329468, 2.932922, 2.066101, 4.482422, 1.399414]
Step time (s): [2.749481, 3.332581, 1.016541, 2.599579, 2.283051, 2.766296, 2.715973, 3.599152, 2.199585, 3.965729, 3.332886, 0.9831238, 0.7165833, 2.449493, 4.349121, 0.7167969, 2.715973, 0.8334045, 0.7000427, 4.099396, 5.49884, 2.666199, 2.932739, 2.816101, 4.449127, 5.448914, 3.83252, 0.7496338, 6.049011, 0.6499023]
White horz (deg): [160.515, 215.325, 128.52, 236.5875, 88.01996, 209.0474, 96.99747, 18.36, 142.29, 392.1751, 171.315, 224.6399, 114.21, 249.1426, 166.995, 315.4949, 137.7, 165.78, 445.0276, 16.875, 237.2625, 10.26, 593.9327, 101.1825, 253.3274, 135.4724, 49.61248, 171.72, 25.5825, 165.1724]
Shot horz (deg): [15.4575, 259.8749, 42.25499, 218.4975, 163.8899, 29.96999, 89.57249, 111.645, 228.3525, 64.52998, 183.465, 108.27, 26.52749, 396.63, 164.295, 244.6875, 40.56749, 181.2375, 193.3875, 128.5875, 125.7524, 34.425, 51.83999, 16.875, 23.8275, 9.517498, 174.96, 105.5025, 248.6025, 52.64999]
Step horz (deg): [203.3776, 217.1475, 34.01999, 87.34497, 112.7925, 149.7825, 152.1449, 209.925, 150.3225, 298.5526, 213.2325, 32.6025, 0.7424998, 125.55, 244.0124, 8.774999, 121.23, 26.12249, 13.2975, 227.8799, 298.2824, 116.5049, 210.195, 159.0976, 271.7549, 293.9625, 240.4349, 22.47749, 369.8322, 10.53]
White vert (deg): [85.52246, 193.7924, 42.1875, 194.1975, 59.46748, 42.45749, 78.16499, 17.685, 80.39246, 84.03745, 94.49994, 162.81, 27.06749, 119.1375, 86.87246, 269.3923, 67.09494, 109.0125, 203.9174, 34.62749, 117.4499, 15.8625, 357.8176, 57.37499, 238.7475, 179.2124, 20.99249, 74.24995, 19.30499, 104.2875]
Shot vert (deg): [29.63249, 104.6925, 10.4625, 114.0074, 26.45999, 61.08748, 94.70248, 48.59998, 114.9525, 37.8, 143.0324, 103.275, 32.19749, 217.8224, 71.2125, 114.5474, 85.18497, 170.3024, 119.5424, 64.19248, 126.1574, 21.12749, 43.46999, 22.20749, 12.555, 23.01749, 100.7775, 101.115, 254.5425, 60.88499]
Step vert (deg): [71.88747, 144.7875, 12.7575, 104.9625, 106.2449, 123.2549, 50.69249, 156.8699, 60.8175, 236.52, 134.865, 20.85749, 13.095, 136.8225, 128.5199, 9.112498, 54.94498, 22.95, 6.412498, 146.7449, 139.185, 78.97497, 71.68498, 57.23998, 146.8125, 224.3699, 177.12, 21.2625, 258.7275, 10.665]

Time in sec: camera forward versor
Time in sec: target versor: sound type (0 = White, 1 = Shot, 2 = Step)
START
319.86: (-0.91, 0.14, 0.40): 1
319.86: (-0.98, -0.08, -0.16)
319.96: (-0.98, -0.08, -0.16)
320.07: (-0.98, -0.07, -0.16)
320.19: (-0.98, -0.07, -0.16)
320.31: (-0.99, -0.05, 0.10)
320.41: (-0.97, 0.00, 0.23)
320.52: (-0.97, 0.01, 0.26)
320.64: (-0.96, 0.04, 0.28)
320.76: (-0.94, 0.11, 0.31)
320.86: (-0.94, 0.13, 0.32)
320.89: (-0.94, 0.13, 0.32)
320.89: (0.78, -0.43, 0.46): 2
320.96: (-0.94, 0.14, 0.32)
321.07: (-0.95, 0.14, 0.29)
321.19: (-0.96, 0.16, 0.25)
321.31: (-0.96, 0.22, 0.15)
321.41: (-0.96, 0.29, 0.03)
321.52: (-0.91, 0.37, -0.19)
321.64: (-0.88, 0.40, -0.25)
321.74: (-0.92, 0.34, -0.18)
321.86: (-0.99, 0.12, 0.09)
321.97: (-0.96, -0.05, 0.28)
322.09: (-0.90, -0.17, 0.40)
322.21: (-0.81, -0.32, 0.49)
322.32: (-0.74, -0.39, 0.55)
322.44: (-0.74, -0.39, 0.55)
322.54: (-0.56, -0.61, 0.56)
322.66: (-0.23, -0.85, 0.46)
322.77: (-0.03, -0.93, 0.37)
322.89: (0.22, -0.90, 0.36)
323.01: (0.42, -0.79, 0.46)
323.12: (0.54, -0.62, 0.57)
323.24: (0.56, -0.58, 0.59)
323.34: (0.62, -0.57, 0.54)
323.44: (0.71, -0.53, 0.46)
323.56: (0.75, -0.49, 0.44)
323.64: (0.75, -0.49, 0.44)
323.64: (0.50, 0.51, -0.70): 2
323.67: (0.75, -0.49, 0.44)
323.79: (0.75, -0.49, 0.44)
323.91: (0.74, -0.53, 0.42)
324.02: (0.67, -0.60, 0.44)
324.14: (0.59, -0.64, 0.49)
324.24: (0.46, -0.74, 0.49)
324.36: (0.20, -0.88, 0.44)
324.46: (0.16, -0.86, 0.48)
324.57: (0.14, -0.84, 0.53)
324.69: (0.71, -0.61, 0.35)
324.81: (0.81, -0.52, 0.27)
324.91: (0.81, -0.53, 0.25)
325.02: (0.81, -0.53, 0.25)
325.14: (0.81, -0.53, 0.25)
325.24: (0.81, -0.53, 0.25)
325.36: (0.83, -0.47, 0.28)
325.47: (0.95, -0.18, 0.24)
325.57: (0.96, 0.06, 0.28)
325.67: (0.89, 0.24, 0.39)
325.79: (0.72, 0.43, 0.55)
325.91: (0.55, 0.65, 0.53)
326.02: (0.42, 0.79, 0.45)
326.14: (0.23, 0.96, 0.18)
326.24: (0.18, 0.96, -0.19)
326.36: (0.42, 0.81, -0.40)
326.47: (0.59, 0.70, -0.41)
326.57: (0.61, 0.68, -0.40)
326.69: (0.55, 0.61, -0.57)
326.81: (0.54, 0.51, -0.67)
326.91: (0.54, 0.52, -0.67)
326.97: (0.53, 0.52, -0.67)
326.97: (-0.54, 0.71, 0.44): 1
327.02: (0.53, 0.52, -0.67)
327.12: (0.52, 0.53, -0.67)
327.22: (0.52, 0.53, -0.67)
327.34: (0.52, 0.49, -0.69)
327.46: (0.68, 0.52, -0.51)
327.56: (0.79, 0.62, -0.01)
327.67: (0.62, 0.60, 0.51)
327.77: (0.42, 0.54, 0.73)
327.89: (0.29, 0.46, 0.84)
328.01: (0.41, 0.47, 0.78)
328.12: (0.41, 0.47, 0.78)
328.24: (0.41, 0.47, 0.78)
328.35: (0.22, 0.40, 0.89)
328.46: (-0.14, 0.20, 0.97)
328.57: (-0.40, 0.09, 0.91)
328.67: (-0.50, 0.02, 0.87)
328.79: (-0.75, 0.01, 0.66)
328.90: (-0.90, -0.10, 0.43)
329.01: (-0.89, -0.28, 0.36)
329.12: (-0.88, -0.07, 0.48)
329.24: (-0.72, 0.33, 0.61)
329.35: (-0.59, 0.54, 0.60)
329.47: (-0.58, 0.58, 0.57)
329.57: (-0.57, 0.61, 0.54)
329.67: (-0.57, 0.68, 0.46)
329.75: (-0.57, 0.71, 0.42)
329.75: (-0.91, 0.37, 0.20): 1
329.79: (-0.57, 0.71, 0.42)
329.90: (-0.57, 0.71, 0.42)
330.00: (-0.55, 0.71, 0.43)
330.10: (-0.63, 0.63, 0.45)
330.22: (-0.88, 0.35, 0.32)
330.32: (-0.92, 0.29, 0.25)
330.44: (-0.89, 0.38, 0.26)
330.55: (-0.88, 0.41, 0.26)
330.67: (-0.88, 0.40, 0.26)
330.69: (-0.88, 0.40, 0.26)
330.69: (-1.00, 0.00, 0.02): 2
330.77: (-0.88, 0.40, 0.26)
330.87: (-0.87, 0.41, 0.26)
330.99: (-0.85, 0.42, 0.30)
331.10: (-0.95, 0.14, 0.28)
331.22: (-0.98, 0.03, 0.21)
331.34: (-0.98, 0.07, 0.19)
331.45: (-0.98, 0.09, 0.17)
331.57: (-0.99, 0.04, 0.15)
331.67: (-0.99, 0.03, 0.13)
331.70: (-0.99, 0.03, 0.13)
331.70: (-0.67, 0.31, -0.67): 1
331.79: (-0.99, 0.03, 0.13)
331.89: (-0.99, 0.04, 0.13)
332.00: (-1.00, 0.03, 0.04)
332.12: (-0.99, -0.06, -0.09)
332.22: (-0.99, -0.08, -0.09)
332.34: (-0.95, -0.29, -0.12)
332.45: (-0.72, -0.67, -0.17)
332.55: (-0.63, -0.77, -0.09)
332.65: (-0.63, -0.77, -0.09)
332.75: (-0.63, -0.77, -0.09)
332.87: (-0.63, -0.77, -0.09)
332.99: (-0.36, -0.90, -0.24)
333.10: (-0.04, -0.94, -0.34)
333.22: (0.23, -0.88, -0.41)
333.32: (0.27, -0.86, -0.43)
333.44: (0.36, -0.79, -0.49)
333.54: (0.48, -0.74, -0.47)
333.65: (0.12, -0.88, -0.46)
333.77: (-0.37, -0.84, -0.39)
333.89: (-0.55, -0.70, -0.45)
334.00: (-0.65, -0.44, -0.61)
334.10: (-0.62, -0.20, -0.76)
334.20: (-0.59, 0.05, -0.81)
334.32: (-0.62, 0.23, -0.75)
334.42: (-0.63, 0.21, -0.75)
334.52: (-0.65, 0.19, -0.73)
334.64: (-0.69, 0.24, -0.68)
334.74: (-0.70, 0.28, -0.66)
334.75: (-0.70, 0.28, -0.66)
334.75: (-0.05, -1.00, -0.05): 0
334.84: (-0.70, 0.28, -0.66)
334.95: (-0.70, 0.28, -0.66)
335.07: (-0.71, 0.23, -0.66)
335.17: (-0.67, 0.10, -0.74)
335.29: (-0.45, -0.18, -0.87)
335.40: (-0.12, -0.50, -0.86)
335.52: (0.19, -0.71, -0.68)
335.64: (0.34, -0.71, -0.61)
335.75: (0.53, -0.74, -0.41)
335.85: (0.65, -0.74, -0.14)
335.97: (0.62, -0.78, 0.09)
336.09: (0.62, -0.78, 0.09)
336.19: (0.62, -0.78, 0.09)
336.30: (0.64, -0.77, 0.09)
336.42: (0.41, -0.89, 0.17)
336.54: (0.17, -0.98, 0.13)
336.64: (0.14, -0.98, 0.13)
336.75: (0.08, -0.99, 0.07)
336.85: (0.00, -1.00, -0.01)
336.97: (-0.02, -1.00, -0.03)
337.02: (-0.02, -1.00, -0.03)
337.02: (-0.59, 0.71, -0.39): 0
337.09: (-0.02, -1.00, -0.03)
337.20: (0.00, -1.00, -0.03)
337.32: (0.07, -1.00, -0.06)
337.44: (0.17, -0.98, -0.07)
337.55: (0.29, -0.96, -0.05)
337.65: (0.40, -0.91, -0.11)
337.77: (0.44, -0.84, -0.32)
337.89: (0.34, -0.78, -0.52)
338.00: (0.26, -0.70, -0.67)
338.12: (0.26, -0.57, -0.78)
338.22: (0.29, -0.44, -0.85)
338.34: (0.21, -0.24, -0.95)
338.45: (-0.03, -0.02, -1.00)
338.55: (-0.11, 0.01, -0.99)
338.67: (-0.14, 0.00, -0.99)
338.77: (-0.15, -0.01, -0.99)
338.87: (-0.56, 0.03, -0.83)
338.99: (-0.99, -0.07, -0.10)
339.09: (-0.95, -0.15, 0.28)
339.20: (-0.94, -0.17, 0.30)
339.32: (-0.94, -0.17, 0.30)
339.42: (-0.98, -0.19, 0.03)
339.54: (-0.91, 0.10, -0.41)
339.65: (-0.77, 0.35, -0.53)
339.75: (-0.75, 0.40, -0.53)
339.87: (-0.73, 0.47, -0.50)
339.99: (-0.62, 0.64, -0.45)
340.09: (-0.59, 0.66, -0.45)
340.19: (-0.59, 0.66, -0.45)
340.27: (-0.59, 0.66, -0.45)
340.27: (0.82, -0.53, 0.22): 1
340.30: (-0.59, 0.66, -0.45)
340.40: (-0.60, 0.66, -0.45)
340.52: (-0.62, 0.65, -0.44)
340.64: (-0.68, 0.55, -0.49)
340.75: (-0.54, 0.26, -0.80)
340.87: (-0.18, -0.06, -0.98)
340.99: (-0.04, -0.18, -0.98)
341.09: (0.12, -0.27, -0.95)
341.20: (0.42, -0.45, -0.79)
341.32: (0.63, -0.57, -0.53)
341.44: (0.76, -0.63, -0.16)
341.55: (0.79, -0.60, 0.11)
341.65: (0.79, -0.59, 0.13)
341.75: (0.79, -0.59, 0.13)
341.85: (0.80, -0.58, 0.16)
341.85: (0.89, -0.03, -0.45): 0
341.85: (0.80, -0.58, 0.16)
341.97: (0.80, -0.58, 0.17)
342.09: (0.78, -0.57, 0.26)
342.20: (0.72, -0.50, 0.48)
342.32: (0.65, -0.42, 0.64)
342.42: (0.68, -0.45, 0.58)
342.54: (0.80, -0.59, 0.13)
342.65: (0.83, -0.51, -0.24)
342.77: (0.79, -0.26, -0.56)
342.87: (0.75, -0.16, -0.64)
342.97: (0.86, -0.14, -0.49)
343.07: (0.92, -0.14, -0.37)
343.19: (0.92, -0.14, -0.37)
343.29: (0.92, -0.13, -0.38)
343.29: (0.24, -0.91, -0.35): 2
343.30: (0.92, -0.13, -0.38)
343.40: (0.92, -0.13, -0.38)
343.52: (0.91, -0.12, -0.40)
343.64: (0.88, -0.20, -0.42)
343.75: (0.85, -0.47, -0.25)
343.87: (0.85, -0.47, -0.25)
343.97: (0.85, -0.47, -0.25)
344.07: (0.85, -0.47, -0.25)
344.17: (0.85, -0.47, -0.25)
344.29: (0.86, -0.45, -0.25)
344.40: (0.89, -0.43, -0.16)
344.50: (0.82, -0.56, 0.10)
344.62: (0.65, -0.69, 0.32)
344.73: (0.56, -0.73, 0.38)
344.84: (0.56, -0.73, 0.38)
344.95: (0.56, -0.73, 0.38)
345.07: (0.57, -0.74, 0.34)
345.18: (0.47, -0.86, 0.19)
345.29: (0.17, -0.99, -0.03)
345.40: (0.07, -0.99, -0.08)
345.50: (0.15, -0.98, -0.16)
345.62: (0.26, -0.93, -0.26)
345.74: (0.27, -0.92, -0.29)
345.85: (0.24, -0.92, -0.31)
345.88: (0.24, -0.92, -0.31)
345.88: (-0.26, 0.23, 0.94): 2
345.97: (0.24, -0.92, -0.31)
346.08: (0.26, -0.92, -0.30)
346.20: (0.37, -0.89, -0.27)
346.30: (0.43, -0.87, -0.24)
346.42: (0.50, -0.84, -0.23)
346.53: (0.66, -0.73, -0.17)
346.65: (0.80, -0.60, 0.00)
346.75: (0.84, -0.52, 0.11)
346.87: (0.91, -0.35, 0.22)
346.98: (0.93, -0.12, 0.33)
347.10: (0.87, 0.08, 0.49)
347.20: (0.85, 0.07, 0.53)
347.30: (0.75, 0.07, 0.66)
347.42: (0.51, 0.07, 0.86)
347.53: (0.26, 0.02, 0.97)
347.65: (0.05, -0.01, 1.00)
347.75: (0.01, 0.07, 1.00)
347.87: (-0.03, 0.19, 0.98)
347.98: (-0.16, 0.23, 0.96)
348.08: (-0.24, 0.20, 0.95)
348.17: (-0.24, 0.20, 0.95)
348.17: (0.17, -0.49, -0.85): 0
348.18: (-0.24, 0.20, 0.95)
348.30: (-0.24, 0.20, 0.95)
348.40: (-0.20, 0.18, 0.96)
348.50: (-0.15, 0.16, 0.98)
348.62: (-0.09, 0.16, 0.98)
348.73: (0.00, 0.19, 0.98)
348.85: (-0.09, 0.14, 0.99)
348.97: (-0.51, 0.00, 0.86)
349.07: (-0.63, -0.06, 0.77)
349.17: (-0.63, -0.06, 0.77)
349.27: (-0.63, -0.06, 0.77)
349.38: (-0.62, -0.11, 0.78)
349.48: (-0.58, -0.14, 0.80)
349.60: (-0.58, -0.14, 0.80)
349.72: (-0.58, -0.14, 0.80)
349.83: (-0.76, -0.11, 0.64)
349.95: (-0.97, -0.10, 0.23)
350.07: (-1.00, -0.09, 0.03)
350.18: (-0.99, -0.10, -0.06)
350.30: (-0.97, -0.09, -0.24)
350.40: (-0.95, -0.11, -0.29)
350.52: (-0.94, -0.29, -0.17)
350.63: (-0.97, -0.19, -0.12)
350.75: (-0.99, 0.09, -0.05)
350.85: (-0.97, 0.25, 0.00)
350.97: (-0.95, 0.32, 0.04)
351.08: (-0.87, 0.48, 0.07)
351.20: (-0.85, 0.52, 0.06)
351.30: (-0.92, 0.40, 0.04)
351.42: (-1.00, -0.07, -0.06)
351.52: (-0.96, -0.25, -0.08)
351.63: (-0.95, -0.30, -0.10)
351.75: (-0.87, -0.45, -0.22)
351.87: (-0.67, -0.64, -0.38)
351.98: (-0.58, -0.67, -0.45)
352.10: (-0.47, -0.70, -0.54)
352.20: (-0.27, -0.74, -0.62)
352.32: (-0.04, -0.70, -0.71)
352.43: (-0.01, -0.67, -0.74)
352.53: (0.00, -0.64, -0.77)
352.65: (0.12, -0.54, -0.83)
352.77: (0.16, -0.49, -0.86)
352.82: (0.16, -0.49, -0.86)
352.82: (0.97, 0.16, -0.16): 0
352.87: (0.16, -0.49, -0.86)
352.98: (0.15, -0.49, -0.86)
353.10: (0.07, -0.49, -0.87)
353.22: (0.11, -0.41, -0.91)
353.33: (0.29, -0.36, -0.88)
353.43: (0.41, -0.24, -0.88)
353.53: (0.50, -0.09, -0.86)
353.65: (0.51, -0.10, -0.85)
353.77: (0.51, -0.10, -0.85)
353.87: (0.51, -0.10, -0.85)
353.98: (0.56, 0.05, -0.83)
354.10: (0.65, 0.24, -0.72)
354.22: (0.74, 0.36, -0.57)
354.33: (0.82, 0.39, -0.42)
354.43: (0.89, 0.30, -0.34)
354.55: (0.94, 0.26, -0.24)
354.67: (0.96, 0.25, -0.11)
354.78: (0.97, 0.24, -0.08)
354.90: (0.97, 0.24, -0.09)
354.90: (-0.93, 0.26, 0.24): 2
354.90: (0.97, 0.24, -0.09)
355.00: (0.97, 0.24, -0.09)
355.12: (0.96, 0.25, -0.11)
355.23: (0.94, 0.33, -0.07)
355.35: (0.87, 0.50, 0.02)
355.47: (0.80, 0.60, -0.01)
355.58: (0.65, 0.76, -0.06)
355.68: (0.50, 0.86, -0.05)
355.78: (0.34, 0.94, 0.05)
355.90: (0.24, 0.95, 0.20)
356.02: (0.16, 0.90, 0.39)
356.13: (0.08, 0.82, 0.57)
356.25: (0.05, 0.71, 0.71)
356.37: (0.01, 0.54, 0.84)
356.48: (-0.12, 0.34, 0.93)
356.60: (-0.11, 0.35, 0.93)
356.72: (-0.11, 0.35, 0.93)
356.82: (-0.13, 0.37, 0.92)
356.93: (-0.20, 0.44, 0.87)
357.05: (-0.43, 0.63, 0.65)
357.17: (-0.71, 0.56, 0.42)
357.27: (-0.82, 0.42, 0.40)
357.38: (-0.88, 0.30, 0.38)
357.50: (-0.89, 0.32, 0.33)
357.62: (-0.90, 0.33, 0.29)
357.67: (-0.90, 0.32, 0.29)
357.67: (0.99, 0.10, 0.04): 0
357.73: (-0.90, 0.32, 0.28)
357.85: (-0.91, 0.32, 0.28)
357.97: (-0.92, 0.30, 0.25)
358.08: (-0.90, 0.26, 0.35)
358.20: (-0.90, 0.26, 0.35)
358.30: (-0.90, 0.26, 0.35)
358.42: (-0.90, 0.26, 0.35)
358.53: (-0.93, 0.22, 0.30)
358.63: (-0.95, 0.14, 0.28)
358.73: (-0.97, 0.09, 0.24)
358.85: (-0.92, -0.39, 0.03)
358.97: (-0.72, -0.69, -0.09)
359.08: (-0.59, -0.79, -0.16)
359.20: (-0.52, -0.83, -0.21)
359.32: (-0.45, -0.86, -0.24)
359.42: (-0.25, -0.93, -0.28)
359.53: (0.04, -0.95, -0.32)
359.63: (0.20, -0.93, -0.32)
359.75: (0.36, -0.87, -0.33)
359.87: (0.52, -0.79, -0.34)
359.98: (0.70, -0.64, -0.32)
360.08: (0.84, -0.48, -0.25)
360.20: (0.89, -0.41, -0.19)
360.32: (0.92, -0.37, -0.15)
360.42: (0.98, -0.18, -0.06)
360.53: (1.00, -0.08, -0.02)
360.63: (1.00, -0.06, -0.03)
360.75: (1.00, -0.05, -0.04)
360.87: (1.00, 0.03, 0.02)
360.93: (1.00, 0.04, 0.04)
360.93: (-0.57, 0.79, -0.23): 2
360.98: (1.00, 0.05, 0.04)
361.10: (1.00, 0.04, 0.04)
361.22: (0.99, -0.10, 0.08)
361.32: (0.99, -0.10, 0.08)
361.42: (0.99, -0.10, 0.08)
361.53: (0.99, -0.08, 0.08)
361.65: (0.99, -0.14, 0.06)
361.76: (0.99, -0.14, 0.03)
361.88: (1.00, 0.07, 0.06)
362.00: (0.94, 0.32, 0.08)
362.10: (0.85, 0.51, 0.11)
362.21: (0.67, 0.73, 0.14)
362.33: (0.50, 0.81, 0.30)
362.43: (0.50, 0.81, 0.30)
362.53: (0.50, 0.81, 0.30)
362.65: (0.50, 0.82, 0.28)
362.77: (0.33, 0.90, 0.28)
362.88: (0.08, 0.96, 0.28)
363.00: (-0.12, 0.96, 0.25)
363.11: (-0.30, 0.93, 0.21)
363.23: (-0.45, 0.89, -0.02)
363.35: (-0.47, 0.87, -0.14)
363.45: (-0.50, 0.86, -0.14)
363.56: (-0.58, 0.81, -0.14)
363.65: (-0.61, 0.78, -0.14)
363.65: (-0.05, 0.36, -0.93): 1
363.68: (-0.61, 0.78, -0.14)
363.78: (-0.61, 0.78, -0.14)
363.90: (-0.60, 0.79, -0.15)
364.01: (-0.58, 0.79, -0.18)
364.11: (-0.58, 0.79, -0.18)
364.23: (-0.57, 0.79, -0.21)
364.35: (-0.42, 0.88, -0.24)
364.46: (-0.34, 0.90, -0.26)
364.58: (-0.26, 0.89, -0.38)
364.68: (-0.15, 0.81, -0.57)
364.80: (-0.10, 0.69, -0.72)
364.91: (0.00, 0.60, -0.80)
365.03: (0.01, 0.49, -0.87)
365.13: (-0.01, 0.49, -0.87)
365.25: (-0.01, 0.46, -0.89)
365.35: (0.00, 0.43, -0.90)
365.40: (0.00, 0.43, -0.90)
365.40: (-0.99, 0.00, 0.14): 0
365.46: (0.00, 0.43, -0.90)
365.56: (0.00, 0.43, -0.90)
365.68: (0.07, 0.39, -0.92)
365.78: (0.09, 0.26, -0.96)
365.90: (0.09, 0.16, -0.98)
366.01: (-0.03, 0.25, -0.97)
366.13: (-0.29, 0.33, -0.90)
366.25: (-0.66, 0.28, -0.70)
366.35: (-0.79, 0.30, -0.53)
366.45: (-0.87, 0.35, -0.35)
366.55: (-0.92, 0.35, -0.16)
366.66: (-0.99, 0.14, 0.09)
366.78: (-0.99, 0.03, 0.10)
366.90: (-1.00, 0.01, 0.09)
366.98: (-0.99, 0.00, 0.11)
366.98: (-0.57, -0.36, -0.74): 1
367.00: (-0.99, 0.00, 0.11)
367.11: (-0.99, -0.01, 0.13)
367.23: (-0.99, -0.01, 0.16)
367.35: (-0.95, -0.01, 0.30)
367.46: (-0.94, 0.04, 0.33)
367.58: (-0.97, 0.17, 0.16)
367.68: (-0.98, 0.18, 0.12)
367.80: (-0.94, 0.30, -0.14)
367.91: (-0.80, 0.46, -0.38)
368.01: (-0.74, 0.48, -0.48)
368.13: (-0.72, 0.34, -0.61)
368.25: (-0.67, 0.17, -0.72)
368.36: (-0.53, -0.08, -0.84)
368.48: (-0.36, -0.31, -0.88)
368.58: (-0.51, -0.33, -0.79)
368.70: (-0.63, -0.30, -0.72)
368.80: (-0.64, -0.30, -0.71)
368.86: (-0.63, -0.30, -0.72)
368.86: (0.47, -0.83, -0.29): 2
368.91: (-0.63, -0.30, -0.72)
369.01: (-0.62, -0.30, -0.72)
369.13: (-0.58, -0.30, -0.76)
369.25: (-0.40, -0.19, -0.90)
369.36: (-0.25, -0.09, -0.96)
369.48: (-0.26, -0.08, -0.96)
369.60: (-0.23, -0.02, -0.97)
369.71: (-0.07, 0.10, -0.99)
369.83: (-0.01, 0.19, -0.98)
369.93: (0.01, 0.32, -0.95)
370.03: (-0.06, 0.41, -0.91)
370.15: (-0.15, 0.49, -0.86)
370.25: (-0.30, 0.60, -0.75)
370.36: (-0.43, 0.67, -0.60)
370.46: (-0.56, 0.65, -0.51)
370.58: (-0.72, 0.59, -0.36)
370.70: (-0.87, 0.37, -0.32)
370.80: (-0.92, 0.08, -0.39)
370.91: (-0.86, -0.21, -0.46)
371.03: (-0.85, -0.21, -0.48)
371.13: (-0.85, -0.21, -0.48)
371.25: (-0.85, -0.21, -0.48)
371.36: (-0.84, -0.28, -0.46)
371.46: (-0.77, -0.51, -0.39)
371.58: (-0.54, -0.76, -0.37)
371.70: (-0.31, -0.91, -0.28)
371.81: (-0.12, -0.95, -0.29)
371.93: (0.14, -0.97, -0.20)
372.05: (0.24, -0.96, -0.14)
372.15: (0.28, -0.94, -0.17)
372.26: (0.32, -0.92, -0.24)
372.38: (0.39, -0.88, -0.28)
372.46: (0.43, -0.85, -0.30)
372.46: (0.50, -0.68, -0.53): 0
372.48: (0.43, -0.85, -0.30)
372.60: (0.44, -0.84, -0.32)
372.71: (0.43, -0.84, -0.32)
372.83: (0.38, -0.82, -0.42)
372.93: (0.40, -0.74, -0.55)
373.05: (0.47, -0.68, -0.56)
373.16: (0.52, -0.67, -0.52)
373.25: (0.52, -0.67, -0.52)
373.25: (-0.99, -0.09, -0.11): 2
373.28: (0.52, -0.67, -0.52)
373.38: (0.53, -0.66, -0.53)
373.50: (0.53, -0.66, -0.54)
373.61: (0.46, -0.64, -0.61)
373.73: (0.27, -0.58, -0.77)
373.83: (0.17, -0.54, -0.83)
373.95: (-0.03, -0.46, -0.89)
374.06: (-0.28, -0.23, -0.93)
374.18: (-0.34, -0.13, -0.93)
374.28: (-0.49, 0.06, -0.87)
374.40: (-0.64, 0.27, -0.72)
374.50: (-0.68, 0.28, -0.68)
374.61: (-0.76, 0.21, -0.62)
374.73: (-0.81, 0.13, -0.58)
374.85: (-0.77, -0.18, -0.61)
374.95: (-0.83, -0.26, -0.50)
375.06: (-0.93, -0.20, -0.30)
375.18: (-0.97, -0.17, -0.15)
375.30: (-0.98, -0.16, -0.10)
375.41: (-0.99, -0.13, -0.05)
375.45: (-0.99, -0.12, -0.05)
375.45: (-0.62, -0.22, 0.76): 0
375.53: (-0.99, -0.12, -0.05)
375.65: (-0.99, -0.11, -0.06)
375.75: (-0.98, -0.12, -0.18)
375.86: (-0.94, -0.15, -0.32)
375.98: (-0.79, -0.29, -0.54)
376.10: (-0.67, -0.38, -0.63)
376.21: (-0.58, -0.42, -0.69)
376.33: (-0.63, -0.44, -0.64)
376.43: (-0.98, -0.07, -0.17)
376.55: (-1.00, 0.03, -0.01)
376.66: (-0.99, 0.02, 0.16)
376.78: (-0.93, 0.06, 0.36)
376.88: (-0.84, 0.10, 0.53)
377.00: (-0.76, 0.10, 0.64)
377.10: (-0.74, 0.07, 0.67)
377.21: (-0.69, -0.07, 0.72)
377.33: (-0.61, -0.15, 0.78)
377.45: (-0.57, -0.17, 0.81)
377.51: (-0.57, -0.17, 0.81)
377.51: (-0.19, -0.37, -0.91): 1
377.56: (-0.57, -0.17, 0.81)
377.68: (-0.58, -0.17, 0.80)
377.80: (-0.72, -0.19, 0.67)
377.90: (-0.83, -0.20, 0.53)
378.01: (-0.95, -0.25, 0.19)
378.13: (-0.87, -0.40, -0.28)
378.24: (-0.83, -0.43, -0.36)
378.36: (-0.71, -0.45, -0.53)
378.46: (-0.49, -0.49, -0.72)
378.58: (-0.31, -0.51, -0.80)
378.70: (-0.31, -0.50, -0.81)
378.81: (-0.28, -0.44, -0.85)
378.93: (-0.25, -0.41, -0.88)
378.93: (0.21, 0.97, -0.10): 1
378.93: (-0.25, -0.41, -0.88)
379.05: (-0.25, -0.41, -0.88)
379.16: (-0.25, -0.41, -0.88)
379.28: (-0.27, -0.40, -0.88)
379.40: (-0.19, -0.37, -0.91)
379.51: (-0.03, -0.38, -0.93)
379.63: (0.12, -0.39, -0.91)
379.74: (0.39, -0.38, -0.84)
379.86: (0.36, -0.45, -0.82)
379.96: (0.33, -0.47, -0.82)
380.08: (0.33, -0.47, -0.82)
380.19: (0.32, -0.46, -0.83)
380.29: (0.50, -0.37, -0.78)
380.41: (0.77, -0.23, -0.60)
380.51: (0.96, -0.04, -0.27)
380.63: (0.99, 0.10, 0.01)
380.73: (0.99, 0.12, 0.06)
380.83: (0.97, 0.16, 0.18)
380.94: (0.90, 0.22, 0.37)
381.04: (0.77, 0.29, 0.57)
381.16: (0.63, 0.31, 0.71)
381.28: (0.47, 0.30, 0.83)
381.38: (0.34, 0.28, 0.90)
381.49: (0.17, 0.24, 0.96)
381.59: (0.14, 0.23, 0.96)
381.71: (0.17, 0.23, 0.96)
381.83: (0.17, 0.23, 0.96)
381.94: (0.15, 0.24, 0.96)
382.06: (0.13, 0.36, 0.92)
382.18: (0.19, 0.56, 0.80)
382.28: (0.17, 0.75, 0.64)
382.39: (0.17, 0.91, 0.39)
382.51: (0.13, 0.96, 0.23)
382.61: (0.13, 0.97, 0.19)
382.73: (0.15, 0.98, 0.09)
382.83: (0.18, 0.98, -0.03)
382.93: (0.19, 0.98, -0.06)
382.94: (0.19, 0.98, -0.06)
382.94: (0.34, -0.90, 0.27): 2
383.04: (0.19, 0.98, -0.06)
383.16: (0.20, 0.98, -0.05)
383.28: (0.23, 0.97, -0.01)
383.38: (0.27, 0.96, 0.03)
383.48: (0.25, 0.97, 0.07)
383.59: (0.30, 0.94, 0.19)
383.71: (0.44, 0.70, 0.56)
383.83: (0.45, 0.45, 0.77)
383.94: (0.45, 0.45, 0.78)
384.04: (0.45, 0.44, 0.78)
384.16: (0.63, 0.19, 0.76)
384.28: (0.80, -0.13, 0.59)
384.38: (0.86, -0.28, 0.43)
384.49: (0.89, -0.37, 0.28)
384.59: (0.89, -0.45, 0.06)
384.71: (0.87, -0.46, -0.19)
384.83: (0.97, -0.18, -0.16)
384.94: (0.99, 0.14, 0.00)
385.04: (0.94, 0.35, 0.00)
385.16: (0.80, 0.59, -0.11)
385.26: (0.64, 0.75, -0.12)
385.38: (0.56, 0.83, -0.05)
385.48: (0.36, 0.89, 0.26)
385.58: (0.05, 0.60, 0.80)
385.69: (-0.12, 0.05, 0.99)
385.81: (-0.11, -0.13, 0.99)
385.93: (-0.11, -0.41, 0.91)
386.04: (-0.01, -0.74, 0.67)
386.14: (-0.01, -0.74, 0.67)
386.26: (-0.01, -0.74, 0.67)
386.38: (-0.01, -0.74, 0.67)
386.49: (0.06, -0.87, 0.48)
386.61: (0.19, -0.91, 0.37)
386.73: (0.28, -0.91, 0.31)
386.83: (0.30, -0.91, 0.30)
386.91: (0.33, -0.91, 0.27)
386.91: (-0.90, -0.32, -0.30): 2
386.93: (0.33, -0.91, 0.27)
387.04: (0.32, -0.91, 0.26)
387.16: (0.26, -0.93, 0.25)
387.26: (0.12, -0.98, 0.16)
387.38: (-0.02, -1.00, -0.02)
387.49: (-0.14, -0.92, -0.37)
387.61: (-0.17, -0.87, -0.46)
387.73: (-0.17, -0.86, -0.48)
387.84: (-0.17, -0.84, -0.52)
387.94: (-0.18, -0.70, -0.69)
388.06: (-0.14, -0.45, -0.88)
388.18: (-0.03, -0.23, -0.97)
388.28: (-0.06, 0.05, -1.00)
388.39: (-0.11, 0.21, -0.97)
388.51: (-0.11, 0.13, -0.99)
388.63: (-0.11, 0.13, -0.99)
388.74: (-0.16, 0.20, -0.97)
388.86: (-0.22, 0.43, -0.87)
388.98: (-0.23, 0.69, -0.69)
389.08: (-0.21, 0.77, -0.60)
389.19: (-0.32, 0.78, -0.54)
389.31: (-0.48, 0.73, -0.49)
389.43: (-0.63, 0.58, -0.51)
389.54: (-0.91, 0.28, -0.30)
389.64: (-0.99, 0.13, -0.08)
389.76: (-1.00, 0.07, -0.04)
389.88: (-0.99, 0.05, -0.14)
389.99: (-0.94, -0.08, -0.32)
390.09: (-0.94, -0.21, -0.27)
390.21: (-0.94, -0.23, -0.24)
390.24: (-0.94, -0.23, -0.24)
390.24: (-0.91, -0.11, 0.39): 2
390.33: (-0.94, -0.23, -0.24)
390.44: (-0.94, -0.23, -0.26)
390.56: (-0.94, -0.21, -0.26)
390.68: (-0.99, -0.03, 0.11)
390.79: (-0.96, -0.14, 0.26)
390.89: (-0.96, -0.17, 0.24)
390.99: (-0.95, -0.17, 0.24)
391.09: (-0.95, -0.16, 0.28)
391.21: (-0.94, -0.14, 0.31)
391.23: (-0.94, -0.14, 0.31)
391.23: (-0.33, 0.31, 0.89): 1
391.33: (-0.94, -0.13, 0.31)
391.44: (-0.94, -0.14, 0.30)
391.54: (-0.94, -0.08, 0.33)
391.66: (-0.82, 0.04, 0.56)
391.78: (-0.78, -0.01, 0.63)
391.89: (-0.87, 0.05, 0.48)
391.99: (-0.87, 0.05, 0.48)
392.11: (-0.87, 0.05, 0.48)
392.23: (-0.87, 0.05, 0.48)
392.34: (-0.78, 0.13, 0.61)
392.46: (-0.60, 0.21, 0.77)
392.58: (-0.54, 0.25, 0.80)
392.68: (-0.51, 0.25, 0.83)
392.79: (-0.38, 0.28, 0.88)
392.89: (-0.37, 0.28, 0.89)
392.89: (-0.50, 0.51, 0.70): 2
392.89: (-0.37, 0.28, 0.89)
392.99: (-0.37, 0.28, 0.89)
393.11: (-0.37, 0.28, 0.89)
393.21: (-0.37, 0.28, 0.89)
393.33: (-0.45, 0.44, 0.78)
393.44: (-0.46, 0.45, 0.77)
393.54: (-0.46, 0.45, 0.77)
393.61: (-0.46, 0.45, 0.77)
393.61: (-0.21, -0.53, -0.82): 1
393.66: (-0.46, 0.45, 0.77)
393.78: (-0.46, 0.45, 0.77)
393.88: (-0.46, 0.44, 0.77)
393.99: (-0.43, 0.56, 0.71)
394.11: (-0.42, 0.61, 0.67)
394.23: (-0.29, 0.67, 0.68)
394.33: (-0.19, 0.71, 0.68)
394.44: (-0.16, 0.72, 0.67)
394.56: (-0.31, 0.64, 0.70)
394.68: (-0.71, 0.35, 0.61)
394.79: (-0.77, 0.29, 0.56)
394.89: (-0.89, 0.29, 0.36)
395.01: (-0.93, 0.38, 0.04)
395.11: (-0.89, 0.43, -0.14)
395.23: (-0.83, 0.51, -0.23)
395.34: (-0.74, 0.60, -0.30)
395.46: (-0.77, 0.39, -0.51)
395.58: (-0.80, -0.06, -0.60)
395.69: (-0.84, -0.28, -0.46)
395.81: (-0.79, -0.52, -0.32)
395.92: (-0.66, -0.58, -0.49)
396.03: (-0.55, -0.48, -0.69)
396.14: (-0.45, -0.46, -0.77)
396.26: (-0.34, -0.48, -0.81)
396.37: (-0.21, -0.55, -0.80)
396.49: (-0.18, -0.57, -0.80)
396.52: (-0.18, -0.57, -0.80)
396.52: (0.84, -0.42, 0.34): 0
396.61: (-0.18, -0.57, -0.80)
396.71: (-0.21, -0.57, -0.79)
396.81: (-0.32, -0.57, -0.76)
396.92: (-0.40, -0.54, -0.75)
397.04: (-0.45, -0.50, -0.74)
397.16: (-0.59, -0.34, -0.73)
397.26: (-0.66, -0.20, -0.73)
397.36: (-0.73, -0.06, -0.68)
397.47: (-0.82, 0.13, -0.56)
397.59: (-0.83, 0.19, -0.53)
397.71: (-0.73, -0.14, -0.67)
397.82: (-0.64, -0.30, -0.71)
397.92: (-0.54, -0.41, -0.73)
398.04: (-0.40, -0.55, -0.73)
398.14: (-0.29, -0.61, -0.73)
398.26: (-0.53, -0.38, -0.76)
398.37: (-0.68, -0.18, -0.71)
398.49: (-0.80, 0.03, -0.60)
398.61: (-0.85, 0.31, -0.43)
398.71: (-0.84, 0.43, -0.34)
398.82: (-0.82, 0.51, -0.25)
398.92: (-0.86, 0.41, -0.29)
399.04: (-0.88, 0.36, -0.29)
399.16: (-0.79, 0.60, -0.12)
399.26: (-0.68, 0.73, 0.06)
399.37: (-0.49, 0.83, 0.25)
399.49: (-0.10, 0.89, 0.45)
399.59: (-0.11, 0.90, 0.42)
399.71: (-0.11, 0.90, 0.42)
399.82: (-0.06, 0.88, 0.48)
399.94: (0.34, 0.71, 0.62)
400.04: (0.52, 0.56, 0.65)
400.16: (0.69, 0.39, 0.61)
400.27: (0.87, 0.08, 0.49)
400.39: (0.91, -0.20, 0.36)
400.49: (0.90, -0.23, 0.36)
400.61: (0.87, -0.28, 0.40)
400.72: (0.86, -0.35, 0.38)
400.79: (0.86, -0.36, 0.37)
400.79: (0.02, 0.53, -0.85): 1
400.84: (0.86, -0.37, 0.36)
400.94: (0.85, -0.38, 0.35)
401.06: (0.83, -0.48, 0.29)
401.17: (0.76, -0.62, 0.18)
401.29: (0.71, -0.70, 0.12)
401.41: (0.64, -0.77, 0.08)
401.52: (0.46, -0.86, -0.21)
401.64: (0.31, -0.85, -0.43)
401.74: (0.36, -0.73, -0.58)
401.84: (0.45, -0.57, -0.69)
401.96: (0.49, -0.33, -0.81)
402.07: (0.34, -0.01, -0.94)
402.17: (0.26, 0.15, -0.96)
402.29: (0.26, 0.25, -0.93)
402.39: (0.16, 0.44, -0.88)
402.51: (0.05, 0.55, -0.84)
402.62: (0.05, 0.55, -0.83)
402.72: (0.05, 0.55, -0.84)
402.72: (0.91, 0.31, 0.29): 2
402.74: (0.05, 0.55, -0.84)
402.84: (0.05, 0.55, -0.84)
402.96: (0.07, 0.49, -0.87)
403.07: (0.09, 0.34, -0.94)
403.19: (0.07, 0.11, -0.99)
403.31: (0.09, -0.07, -0.99)
403.41: (0.13, -0.26, -0.96)
403.52: (0.17, -0.52, -0.84)
403.64: (0.36, -0.69, -0.62)
403.76: (0.47, -0.77, -0.44)
403.86: (0.47, -0.77, -0.43)
403.97: (0.51, -0.75, -0.41)
404.07: (0.78, -0.59, -0.22)
404.19: (0.83, -0.53, -0.19)
404.31: (0.86, -0.47, -0.17)
404.41: (0.97, -0.23, -0.12)
404.52: (0.99, 0.03, -0.12)
404.64: (0.95, 0.29, -0.09)
404.74: (0.98, 0.22, -0.03)
404.86: (0.97, 0.17, 0.16)
404.96: (0.94, 0.23, 0.26)
405.07: (0.91, 0.29, 0.30)
405.17: (0.90, 0.30, 0.30)
405.17: (0.84, -0.43, 0.34): 1
405.19: (0.90, 0.30, 0.30)
405.29: (0.90, 0.30, 0.30)
405.41: (0.91, 0.30, 0.29)
405.52: (0.95, 0.18, 0.27)
405.64: (0.95, -0.16, 0.25)
405.76: (0.90, -0.33, 0.28)
405.87: (0.89, -0.35, 0.30)
405.99: (0.87, -0.38, 0.32)
406.06: (0.87, -0.39, 0.32)
406.06: (-0.62, -0.70, 0.36): 2
406.09: (0.87, -0.39, 0.32)
406.19: (0.87, -0.39, 0.32)
406.31: (0.87, -0.39, 0.31)
406.42: (0.80, -0.56, 0.21)
406.54: (0.77, -0.63, 0.08)
406.66: (0.75, -0.66, -0.05)
406.77: (0.72, -0.67, -0.20)
406.87: (0.77, -0.60, -0.21)
406.99: (0.77, -0.60, -0.21)
407.11: (0.77, -0.60, -0.21)
407.22: (0.73, -0.61, -0.31)
407.34: (0.56, -0.47, -0.68)
407.46: (0.46, -0.37, -0.81)
407.57: (0.38, -0.30, -0.87)
407.69: (0.25, -0.21, -0.95)
407.79: (0.12, -0.10, -0.99)
407.91: (-0.10, 0.00, -0.99)
408.02: (-0.24, 0.07, -0.97)
408.14: (-0.42, 0.15, -0.90)
408.24: (-0.64, 0.08, -0.76)
408.36: (-0.75, -0.05, -0.66)
408.47: (-0.68, -0.15, -0.72)
408.59: (-0.67, -0.14, -0.73)
408.69: (-0.67, -0.14, -0.73)
408.79: (-0.67, -0.14, -0.73)
408.91: (-0.67, -0.14, -0.73)
409.02: (-0.68, -0.18, -0.71)
409.14: (-0.86, -0.17, -0.48)
409.26: (-0.99, -0.16, -0.06)
409.37: (-0.96, -0.14, 0.25)
409.49: (-0.91, -0.22, 0.35)
409.61: (-0.86, -0.30, 0.42)
409.72: (-0.82, -0.29, 0.49)
409.84: (-0.77, -0.43, 0.47)
409.96: (-0.71, -0.57, 0.41)
410.07: (-0.70, -0.60, 0.39)
410.19: (-0.69, -0.61, 0.39)
410.31: (-0.67, -0.64, 0.37)
410.41: (-0.66, -0.66, 0.36)
410.41: (-0.67, -0.65, 0.36): 2
410.42: (-0.66, -0.66, 0.36)
410.52: (-0.66, -0.66, 0.36)
410.64: (-0.66, -0.66, 0.36)
410.76: (-0.67, -0.63, 0.38)
410.86: (-0.69, -0.58, 0.43)
410.97: (-0.69, -0.59, 0.42)
411.09: (-0.66, -0.67, 0.35)
411.12: (-0.66, -0.67, 0.35)
411.12: (0.79, 0.16, -0.59): 0
411.21: (-0.66, -0.67, 0.35)
411.32: (-0.66, -0.67, 0.34)
411.44: (-0.67, -0.66, 0.34)
411.54: (-0.69, -0.64, 0.34)
411.66: (-0.73, -0.57, 0.38)
411.77: (-0.87, -0.40, 0.29)
411.89: (-0.96, -0.27, -0.03)
412.00: (-0.96, -0.27, -0.05)
412.12: (-0.96, -0.27, -0.05)
412.22: (-0.95, -0.27, -0.17)
412.34: (-0.79, -0.28, -0.54)
412.45: (-0.56, -0.28, -0.78)
412.56: (-0.49, -0.25, -0.83)
412.67: (-0.41, -0.19, -0.89)
412.79: (-0.34, -0.12, -0.93)
412.90: (-0.19, 0.03, -0.98)
413.02: (-0.08, 0.23, -0.97)
413.12: (0.00, 0.36, -0.93)
413.24: (0.01, 0.43, -0.90)
413.35: (0.21, 0.51, -0.83)
413.47: (0.50, 0.42, -0.75)
413.57: (0.55, 0.30, -0.77)
413.69: (0.54, 0.25, -0.80)
413.80: (0.62, 0.25, -0.74)
413.92: (0.71, 0.25, -0.65)
414.02: (0.74, 0.22, -0.64)
414.14: (0.74, 0.19, -0.64)
414.22: (0.75, 0.18, -0.63)
414.22: (0.77, -0.57, 0.29): 2
414.24: (0.75, 0.18, -0.63)
414.35: (0.75, 0.18, -0.63)
414.47: (0.76, 0.17, -0.63)
414.59: (0.69, 0.17, -0.70)
414.70: (0.57, 0.16, -0.81)
414.82: (0.53, 0.13, -0.84)
414.94: (0.51, 0.11, -0.85)
415.05: (0.79, 0.14, -0.60)
415.17: (0.91, 0.14, -0.39)
415.27: (0.91, 0.18, -0.39)
415.37: (0.91, 0.18, -0.39)
415.49: (0.91, 0.18, -0.39)
415.60: (0.91, 0.18, -0.39)
415.72: (0.91, 0.18, -0.39)
415.84: (0.88, 0.18, -0.44)
415.95: (0.87, 0.15, -0.46)
416.07: (0.93, 0.13, -0.34)
416.17: (0.98, -0.03, -0.19)
416.27: (0.97, -0.21, 0.13)
416.39: (0.92, -0.24, 0.31)
416.49: (0.92, -0.25, 0.31)
416.60: (0.87, -0.45, 0.21)
416.72: (0.82, -0.52, 0.23)
416.84: (0.80, -0.53, 0.29)
416.94: (0.79, -0.53, 0.32)
416.94: (1.00, -0.05, -0.02): 2
416.94: (0.79, -0.53, 0.32)
417.04: (0.78, -0.53, 0.32)
417.15: (0.79, -0.52, 0.34)
417.25: (0.83, -0.46, 0.31)
417.37: (0.97, -0.24, 0.07)
417.47: (0.98, -0.19, 0.02)
417.59: (0.98, -0.19, 0.02)
417.70: (0.99, -0.13, 0.03)
417.77: (0.99, -0.11, 0.02)
417.77: (0.97, -0.08, 0.23): 2
417.82: (0.99, -0.11, 0.02)
417.94: (0.99, -0.11, 0.02)
418.05: (1.00, -0.10, 0.00)
418.15: (1.00, -0.05, 0.06)
418.25: (0.99, -0.03, 0.15)
418.37: (0.98, -0.03, 0.21)
418.47: (0.98, -0.04, 0.21)
418.47: (-0.52, 0.77, 0.38): 0
418.47: (0.98, -0.04, 0.21)
418.59: (0.98, -0.04, 0.21)
418.70: (0.94, -0.08, 0.34)
418.82: (0.87, -0.11, 0.48)
418.92: (0.85, -0.13, 0.51)
419.04: (0.76, -0.17, 0.63)
419.15: (0.62, -0.22, 0.75)
419.25: (0.47, -0.24, 0.85)
419.37: (0.28, -0.22, 0.93)
419.49: (-0.05, -0.18, 0.98)
419.60: (-0.17, -0.16, 0.97)
419.70: (-0.17, -0.16, 0.97)
419.80: (-0.20, -0.19, 0.96)
419.92: (-0.28, -0.31, 0.91)
420.04: (-0.29, -0.41, 0.86)
420.15: (-0.34, -0.58, 0.74)
420.27: (-0.23, -0.78, 0.58)
420.37: (-0.12, -0.87, 0.48)
420.49: (-0.06, -0.94, 0.34)
420.60: (-0.04, -0.96, 0.28)
420.72: (-0.10, -0.98, 0.20)
420.82: (-0.42, -0.89, 0.16)
420.94: (-0.88, -0.45, 0.16)
421.05: (-0.98, -0.15, 0.16)
421.17: (-0.97, 0.03, 0.22)
421.29: (-0.93, 0.20, 0.30)
421.39: (-0.85, 0.36, 0.37)
421.49: (-0.65, 0.58, 0.49)
421.60: (-0.50, 0.64, 0.57)
421.72: (-0.54, 0.64, 0.54)
421.84: (-0.54, 0.65, 0.53)
421.95: (-0.53, 0.71, 0.46)
422.05: (-0.52, 0.72, 0.45)
422.09: (-0.52, 0.72, 0.45)
422.09: (0.36, 0.54, -0.76): 0
422.17: (-0.52, 0.72, 0.45)
422.29: (-0.50, 0.69, 0.52)
422.39: (-0.49, 0.65, 0.59)
422.50: (-0.49, 0.65, 0.59)
422.62: (-0.49, 0.65, 0.59)
422.72: (-0.49, 0.65, 0.59)
422.82: (-0.49, 0.65, 0.59)
422.94: (-0.49, 0.65, 0.59)
423.05: (-0.50, 0.69, 0.53)
423.17: (-0.31, 0.88, 0.35)
423.29: (-0.18, 0.97, 0.14)
423.39: (-0.09, 0.99, -0.09)
423.49: (0.00, 0.95, -0.32)
423.60: (0.09, 0.85, -0.51)
423.72: (0.15, 0.76, -0.63)
423.82: (0.30, 0.66, -0.69)
423.94: (0.40, 0.54, -0.74)
424.05: (0.39, 0.54, -0.74)
424.12: (0.39, 0.54, -0.74)
424.12: (-1.00, 0.00, 0.00): 0
424.15: (0.39, 0.54, -0.74)
424.27: (0.36, 0.56, -0.74)
424.37: (0.36, 0.56, -0.74)
424.49: (0.38, 0.50, -0.78)
424.59: (0.36, 0.45, -0.82)
424.70: (0.21, 0.66, -0.72)
424.82: (0.10, 0.78, -0.62)
424.94: (-0.15, 0.84, -0.52)
425.04: (-0.37, 0.89, -0.27)
425.15: (-0.47, 0.88, 0.09)
425.27: (-0.50, 0.77, 0.39)
425.39: (-0.55, 0.58, 0.60)
425.50: (-0.45, 0.30, 0.84)
425.62: (-0.41, 0.28, 0.87)
425.72: (-0.41, 0.28, 0.87)
425.84: (-0.42, 0.26, 0.87)
425.94: (-0.34, 0.03, 0.94)
426.05: (-0.17, -0.34, 0.92)
426.15: (-0.06, -0.52, 0.85)
426.27: (-0.04, -0.61, 0.79)
426.39: (-0.22, -0.68, 0.70)
426.50: (-0.45, -0.65, 0.61)
426.62: (-0.66, -0.57, 0.49)
426.72: (-0.81, -0.47, 0.36)
426.84: (-0.88, -0.37, 0.30)
426.94: (-0.95, -0.23, 0.20)
427.05: (-0.99, -0.06, 0.12)
427.17: (-1.00, 0.00, 0.07)
427.29: (-1.00, 0.00, 0.06)
427.29: (-0.21, 0.15, -0.97): 2
427.29: (-1.00, 0.00, 0.06)
427.39: (-1.00, 0.00, 0.06)
427.50: (-1.00, 0.00, 0.08)
427.60: (-0.98, -0.04, 0.17)
427.72: (-0.94, -0.18, 0.30)
427.84: (-0.86, -0.32, 0.40)
427.94: (-0.83, -0.36, 0.43)
428.05: (-0.70, -0.53, 0.48)
428.17: (-0.43, -0.75, 0.50)
428.29: (-0.22, -0.85, 0.47)
428.40: (-0.12, -0.90, 0.42)
428.52: (0.02, -0.95, 0.30)
428.64: (0.17, -0.97, 0.15)
428.74: (0.26, -0.96, 0.10)
428.85: (0.34, -0.94, 0.07)
428.95: (0.40, -0.91, -0.03)
429.07: (0.52, -0.81, -0.27)
429.19: (0.55, -0.78, -0.30)
429.29: (0.55, -0.79, -0.27)
429.40: (0.55, -0.79, -0.27)
429.52: (0.54, -0.79, -0.30)
429.62: (0.54, -0.76, -0.37)
429.73: (0.54, -0.64, -0.55)
429.85: (0.58, -0.33, -0.74)
429.95: (0.61, -0.02, -0.80)
430.07: (0.61, 0.31, -0.73)
430.17: (0.60, 0.37, -0.71)
430.29: (0.55, 0.44, -0.71)
430.40: (0.52, 0.56, -0.64)
430.52: (0.49, 0.62, -0.61)
430.63: (0.44, 0.62, -0.64)
430.75: (0.28, 0.58, -0.76)
430.85: (0.23, 0.53, -0.81)
430.97: (0.15, 0.48, -0.86)
431.08: (-0.01, 0.37, -0.93)
431.20: (-0.09, 0.23, -0.97)
431.32: (-0.13, 0.16, -0.98)
431.38: (-0.13, 0.16, -0.98)
431.38: (-0.77, -0.62, -0.16): 1
431.43: (-0.13, 0.16, -0.98)
431.53: (-0.13, 0.16, -0.98)
431.65: (-0.12, 0.16, -0.98)
431.77: (-0.12, 0.12, -0.99)
431.88: (-0.10, 0.08, -0.99)
431.98: (-0.07, 0.06, -1.00)
432.10: (0.00, 0.10, -0.99)
432.22: (0.08, 0.17, -0.98)
432.33: (0.09, 0.17, -0.98)
432.43: (0.10, 0.22, -0.97)
432.55: (0.28, 0.57, -0.77)
432.67: (0.24, 0.65, -0.72)
432.78: (0.13, 0.77, -0.63)
432.88: (0.16, 0.77, -0.61)
433.00: (0.16, 0.77, -0.61)
433.12: (0.16, 0.77, -0.61)
433.22: (0.16, 0.77, -0.61)
433.33: (0.12, 0.78, -0.61)
433.45: (-0.07, 0.83, -0.55)
433.57: (-0.33, 0.84, -0.43)
433.68: (-0.52, 0.77, -0.38)
433.78: (-0.66, 0.63, -0.41)
433.90: (-0.79, 0.50, -0.35)
434.02: (-0.88, 0.46, -0.13)
434.13: (-0.90, 0.40, 0.14)
434.25: (-0.86, 0.35, 0.38)
434.37: (-0.70, 0.34, 0.62)
434.47: (-0.50, 0.38, 0.78)
434.57: (-0.34, 0.45, 0.83)
434.68: (-0.19, 0.63, 0.75)
434.80: (-0.15, 0.85, 0.51)
434.92: (-0.13, 0.94, 0.32)
435.02: (-0.16, 0.97, 0.19)
435.13: (-0.13, 0.99, -0.03)
435.25: (-0.20, 0.88, -0.44)
435.35: (-0.27, 0.50, -0.82)
435.47: (-0.30, 0.10, -0.95)
435.58: (-0.32, -0.11, -0.94)
435.68: (-0.39, -0.23, -0.89)
435.80: (-0.40, -0.55, -0.73)
435.92: (-0.35, -0.81, -0.48)
436.03: (-0.37, -0.89, -0.26)
436.13: (-0.36, -0.92, -0.12)
436.25: (-0.47, -0.88, -0.06)
436.37: (-0.71, -0.67, -0.20)
436.48: (-0.78, -0.59, -0.22)
436.58: (-0.77, -0.60, -0.20)
436.68: (-0.77, -0.60, -0.20)
436.68: (0.78, 0.63, -0.01): 1
436.68: (-0.77, -0.60, -0.20)
436.80: (-0.78, -0.60, -0.19)
436.90: (-0.78, -0.60, -0.19)
437.02: (-0.84, -0.45, -0.29)
437.13: (-0.91, -0.28, -0.32)
437.25: (-0.94, -0.12, -0.32)
437.37: (-0.89, 0.16, -0.43)
437.48: (-0.69, 0.46, -0.56)
437.60: (-0.53, 0.62, -0.58)
437.72: (-0.39, 0.74, -0.55)
437.82: (-0.24, 0.80, -0.55)
437.93: (0.06, 0.84, -0.54)
438.05: (0.30, 0.80, -0.51)
438.17: (0.53, 0.73, -0.43)
438.28: (0.66, 0.68, -0.32)
438.38: (0.68, 0.70, -0.19)
438.50: (0.75, 0.66, 0.02)
438.60: (0.76, 0.65, 0.02)
438.70: (0.80, 0.60, -0.04)
438.82: (0.79, 0.61, -0.06)
438.93: (0.79, 0.61, -0.06)
438.98: (0.79, 0.61, -0.06)
438.98: (0.68, -0.25, -0.69): 2
439.03: (0.79, 0.61, -0.06)
439.15: (0.79, 0.61, -0.06)
439.27: (0.78, 0.62, -0.07)
439.38: (0.76, 0.65, -0.10)
439.50: (0.74, 0.66, -0.13)
439.60: (0.73, 0.67, -0.14)
439.72: (0.72, 0.68, -0.15)
439.83: (0.71, 0.69, -0.15)
439.93: (0.77, 0.63, -0.11)
440.05: (0.87, 0.49, -0.05)
440.15: (0.93, 0.36, 0.02)
440.27: (0.99, 0.15, 0.07)
440.37: (0.99, 0.17, 0.00)
440.48: (0.99, 0.17, 0.00)
440.60: (0.99, 0.17, 0.00)
440.72: (0.99, 0.16, 0.01)
440.83: (0.98, -0.02, 0.17)
440.93: (0.94, -0.15, 0.30)
441.03: (0.85, -0.27, 0.45)
441.15: (0.79, -0.37, 0.50)
441.27: (0.67, -0.52, 0.53)
441.38: (0.52, -0.68, 0.52)
441.48: (0.39, -0.78, 0.49)
441.60: (0.28, -0.84, 0.46)
441.72: (0.22, -0.86, 0.46)
441.82: (0.17, -0.82, 0.55)
441.93: (0.17, -0.76, 0.63)
442.05: (0.17, -0.70, 0.69)
442.17: (0.11, -0.56, 0.82)
442.27: (0.06, -0.41, 0.91)
442.38: (0.04, -0.32, 0.95)
442.50: (0.05, -0.16, 0.99)
442.62: (0.06, 0.01, 1.00)
442.73: (0.07, 0.15, 0.99)
442.83: (0.09, 0.23, 0.97)
442.95: (0.18, 0.34, 0.92)
443.05: (0.38, 0.48, 0.79)
443.17: (0.63, 0.56, 0.54)
443.27: (0.70, 0.56, 0.45)
443.38: (0.74, 0.56, 0.37)
443.50: (0.85, 0.52, 0.11)
443.60: (0.89, 0.45, -0.10)
443.72: (0.89, 0.39, -0.22)
443.83: (0.87, 0.33, -0.37)
443.95: (0.81, 0.18, -0.56)
444.07: (0.76, 0.00, -0.65)
444.18: (0.77, -0.13, -0.62)
444.30: (0.80, -0.18, -0.57)
444.40: (0.80, -0.21, -0.57)
444.48: (0.78, -0.21, -0.59)
444.48: (-0.45, 0.00, -0.89): 2
444.52: (0.78, -0.21, -0.59)
444.63: (0.78, -0.21, -0.60)
444.75: (0.78, -0.24, -0.58)
444.85: (0.78, -0.31, -0.55)
444.95: (0.81, -0.37, -0.46)
445.07: (0.86, -0.45, -0.23)
445.18: (0.86, -0.45, -0.23)
445.28: (0.86, -0.45, -0.23)
445.40: (0.86, -0.45, -0.23)
445.52: (0.86, -0.45, -0.23)
445.63: (0.86, -0.45, -0.23)
445.75: (0.86, -0.45, -0.23)
445.86: (0.83, -0.46, -0.30)
445.97: (0.60, -0.67, -0.44)
446.07: (0.30, -0.75, -0.58)
446.17: (0.16, -0.71, -0.68)
446.28: (-0.06, -0.66, -0.75)
446.40: (-0.33, -0.61, -0.73)
446.52: (-0.35, -0.48, -0.80)
446.62: (-0.27, -0.30, -0.92)
446.73: (-0.28, -0.23, -0.93)
446.85: (-0.45, -0.18, -0.88)
446.97: (-0.49, -0.09, -0.87)
447.08: (-0.48, 0.00, -0.88)
447.15: (-0.48, 0.02, -0.88)
447.15: (0.95, 0.30, 0.08): 2
447.20: (-0.49, 0.02, -0.87)
447.31: (-0.49, 0.04, -0.87)
447.41: (-0.52, 0.04, -0.86)
447.53: (-0.60, -0.01, -0.80)
447.63: (-0.74, 0.03, -0.67)
447.75: (-0.80, 0.05, -0.60)
447.85: (-0.81, 0.05, -0.58)
447.96: (-0.86, 0.06, -0.51)
448.08: (-0.88, 0.05, -0.46)
448.20: (-0.75, -0.07, -0.65)
448.30: (-0.49, -0.22, -0.84)
448.41: (-0.21, -0.30, -0.93)
448.53: (0.05, -0.22, -0.97)
448.63: (0.26, -0.13, -0.96)
448.75: (0.51, -0.14, -0.85)
448.85: (0.66, -0.19, -0.73)
448.96: (0.87, -0.22, -0.44)
449.08: (0.97, -0.24, -0.05)
449.18: (0.97, -0.23, 0.06)
449.30: (0.99, -0.13, -0.07)
449.41: (0.99, 0.01, -0.15)
449.53: (0.99, 0.12, -0.07)
449.63: (0.99, 0.14, -0.03)
449.75: (0.99, 0.16, -0.04)
449.86: (0.98, 0.21, -0.07)
449.98: (0.96, 0.26, -0.09)
450.08: (0.96, 0.26, -0.08)
450.08: (-0.21, 0.70, 0.68): 0
450.08: (0.96, 0.26, -0.08)
450.18: (0.96, 0.27, -0.08)
450.30: (0.96, 0.27, -0.08)
450.41: (0.97, 0.21, -0.13)
450.53: (0.99, 0.10, -0.13)
450.65: (0.91, -0.12, -0.40)
450.75: (0.84, -0.19, -0.50)
450.86: (0.84, -0.19, -0.50)
450.98: (0.92, -0.22, -0.34)
451.10: (0.95, -0.30, -0.01)
451.21: (0.88, -0.41, 0.25)
451.33: (0.88, -0.41, 0.25)
451.45: (0.88, -0.41, 0.25)
451.55: (0.88, -0.41, 0.25)
451.66: (0.88, -0.36, 0.31)
451.78: (0.83, -0.13, 0.54)
451.88: (0.65, 0.14, 0.74)
452.00: (0.38, 0.35, 0.86)
452.10: (0.26, 0.43, 0.87)
452.21: (0.04, 0.53, 0.85)
452.33: (-0.17, 0.61, 0.77)
452.43: (-0.19, 0.63, 0.76)
452.55: (-0.19, 0.63, 0.75)
452.61: (-0.19, 0.63, 0.75)
452.61: (0.66, 0.51, -0.55): 1
452.66: (-0.20, 0.63, 0.76)
452.78: (-0.23, 0.63, 0.74)
452.90: (-0.29, 0.61, 0.74)
453.01: (-0.51, 0.55, 0.66)
453.13: (-0.64, 0.48, 0.60)
453.23: (-0.77, 0.30, 0.56)
453.33: (-0.84, 0.00, 0.54)
453.43: (-0.83, -0.10, 0.55)
453.55: (-0.82, -0.10, 0.56)
453.66: (-0.83, -0.29, 0.48)
453.78: (-0.76, -0.63, 0.17)
453.90: (-0.60, -0.76, -0.24)
454.01: (-0.44, -0.83, -0.33)
454.11: (-0.48, -0.83, -0.28)
454.21: (-0.48, -0.83, -0.28)
454.33: (-0.48, -0.83, -0.28)
454.45: (-0.48, -0.83, -0.28)
454.55: (-0.48, -0.83, -0.28)
454.66: (-0.49, -0.82, -0.29)
454.78: (-0.51, -0.76, -0.40)
454.90: (-0.50, -0.61, -0.62)
455.00: (-0.40, -0.41, -0.82)
455.11: (-0.21, -0.26, -0.94)
455.23: (0.04, -0.08, -1.00)
455.35: (0.16, -0.03, -0.99)
455.46: (0.25, -0.05, -0.97)
455.56: (0.31, -0.02, -0.95)
455.68: (0.46, 0.24, -0.86)
455.78: (0.57, 0.33, -0.75)
455.88: (0.63, 0.37, -0.69)
456.00: (0.67, 0.41, -0.62)
456.11: (0.64, 0.48, -0.59)
456.21: (0.63, 0.50, -0.59)
456.21: (-0.88, -0.14, -0.45): 2
456.23: (0.63, 0.50, -0.59)
456.35: (0.63, 0.50, -0.59)
456.46: (0.63, 0.51, -0.59)
456.58: (0.60, 0.54, -0.59)
456.70: (0.62, 0.58, -0.53)
456.80: (0.63, 0.61, -0.49)
456.91: (0.63, 0.61, -0.48)
457.03: (0.64, 0.61, -0.46)
457.13: (0.59, 0.59, -0.55)
457.25: (0.39, 0.38, -0.84)
457.35: (0.26, 0.21, -0.94)
457.46: (0.12, 0.03, -0.99)
457.58: (-0.05, -0.11, -0.99)
457.70: (-0.25, -0.29, -0.92)
457.80: (-0.36, -0.42, -0.84)
457.91: (-0.42, -0.50, -0.76)
458.03: (-0.48, -0.56, -0.67)
458.15: (-0.53, -0.63, -0.56)
458.26: (-0.57, -0.68, -0.45)
458.36: (-0.58, -0.74, -0.34)
458.48: (-0.62, -0.69, -0.38)
458.60: (-0.71, -0.50, -0.49)
458.71: (-0.81, -0.33, -0.49)
458.83: (-0.86, -0.23, -0.47)
458.93: (-0.88, -0.15, -0.45)
459.03: (-0.89, -0.13, -0.45)
459.03: (0.64, -0.74, -0.21): 0
459.05: (-0.89, -0.13, -0.45)
459.16: (-0.89, -0.13, -0.45)
459.28: (-0.86, -0.19, -0.46)
459.40: (-0.82, -0.29, -0.49)
459.50: (-0.75, -0.36, -0.55)
459.61: (-0.67, -0.41, -0.62)
459.73: (-0.55, -0.40, -0.74)
459.83: (-0.42, -0.30, -0.86)
459.95: (-0.33, -0.20, -0.92)
460.05: (-0.31, -0.18, -0.93)
460.16: (-0.28, -0.16, -0.95)
460.28: (-0.17, -0.09, -0.98)
460.40: (-0.01, 0.08, -1.00)
460.50: (0.13, 0.23, -0.96)
460.60: (0.27, 0.29, -0.92)
460.71: (0.41, 0.31, -0.86)
460.83: (0.59, 0.31, -0.75)
460.95: (0.68, 0.27, -0.68)
461.05: (0.68, 0.27, -0.68)
461.15: (0.68, 0.27, -0.68)
461.25: (0.71, 0.29, -0.64)
461.36: (0.63, 0.44, -0.64)
461.48: (0.42, 0.63, -0.65)
461.60: (0.24, 0.83, -0.51)
461.71: (0.09, 0.91, -0.40)
461.83: (0.01, 0.96, -0.30)
461.95: (-0.05, 0.99, -0.15)
462.05: (-0.06, 0.99, -0.11)
462.15: (-0.01, 1.00, -0.07)
462.25: (0.22, 0.97, 0.06)
462.35: (0.57, 0.82, 0.07)
462.46: (0.84, 0.54, -0.01)
462.56: (0.90, 0.43, 0.03)
462.68: (0.94, 0.34, 0.07)
462.80: (0.96, 0.21, 0.17)
462.91: (0.94, -0.02, 0.33)
463.01: (0.95, -0.03, 0.32)
463.11: (0.95, -0.03, 0.32)
463.23: (0.95, -0.03, 0.32)
463.34: (0.93, -0.03, 0.36)
463.46: (0.90, -0.07, 0.44)
463.58: (0.84, -0.13, 0.53)
463.69: (0.65, -0.26, 0.72)
463.79: (0.42, -0.40, 0.81)
463.91: (0.27, -0.54, 0.80)
464.01: (0.16, -0.63, 0.76)
464.13: (0.09, -0.66, 0.74)
464.25: (0.03, -0.73, 0.68)
464.36: (0.05, -0.87, 0.49)
464.48: (0.12, -0.98, 0.16)
464.58: (0.18, -0.98, 0.03)
464.68: (0.18, -0.98, 0.03)
464.79: (0.41, -0.91, 0.03)
464.91: (0.60, -0.80, -0.05)
465.03: (0.60, -0.79, -0.09)
465.13: (0.59, -0.80, -0.14)
465.23: (0.61, -0.77, -0.19)
465.28: (0.62, -0.76, -0.19)
465.28: (0.53, 0.13, 0.84): 1
465.33: (0.62, -0.76, -0.19)
465.44: (0.62, -0.76, -0.19)
465.56: (0.60, -0.80, -0.11)
465.68: (0.57, -0.82, -0.02)
465.79: (0.52, -0.85, 0.13)
465.91: (0.46, -0.72, 0.52)
466.01: (0.47, -0.58, 0.67)
466.13: (0.47, -0.43, 0.77)
466.23: (0.47, -0.20, 0.86)
466.33: (0.47, 0.00, 0.88)
466.44: (0.50, 0.03, 0.87)
466.56: (0.52, -0.01, 0.85)
466.64: (0.52, -0.01, 0.85)
466.64: (0.85, -0.52, -0.10): 2
466.66: (0.52, -0.01, 0.85)
466.76: (0.52, -0.01, 0.85)
466.88: (0.54, -0.01, 0.84)
466.99: (0.58, -0.01, 0.82)
467.09: (0.61, -0.01, 0.80)
467.21: (0.64, -0.02, 0.77)
467.33: (0.67, -0.03, 0.74)
467.44: (0.68, -0.02, 0.73)
467.54: (0.68, -0.03, 0.73)
467.66: (0.51, -0.18, 0.84)
467.76: (0.21, -0.32, 0.92)
467.88: (-0.06, -0.36, 0.93)
467.98: (-0.23, -0.33, 0.92)
468.09: (-0.37, -0.29, 0.88)
468.21: (-0.53, -0.36, 0.77)
468.33: (-0.64, -0.40, 0.65)
468.44: (-0.67, -0.42, 0.62)
468.56: (-0.67, -0.42, 0.61)
468.68: (-0.71, -0.36, 0.61)
468.78: (-0.74, -0.25, 0.63)
468.88: (-0.74, -0.18, 0.65)
468.98: (-0.70, -0.10, 0.70)
469.09: (-0.67, 0.02, 0.74)
469.21: (-0.65, 0.18, 0.74)
469.31: (-0.64, 0.20, 0.74)
469.43: (-0.64, 0.20, 0.74)
469.54: (-0.61, 0.21, 0.76)
469.64: (-0.32, 0.25, 0.91)
469.76: (0.00, 0.18, 0.98)
469.88: (0.32, 0.05, 0.95)
469.98: (0.66, -0.06, 0.75)
470.09: (0.73, -0.11, 0.67)
470.21: (0.80, -0.14, 0.59)
470.33: (0.93, -0.13, 0.34)
470.44: (1.00, -0.09, -0.03)
470.54: (0.98, -0.08, -0.16)
470.66: (0.96, -0.29, 0.00)
470.78: (0.88, -0.46, 0.08)
470.88: (0.84, -0.54, 0.04)
470.99: (0.85, -0.53, -0.07)
471.09: (0.85, -0.53, -0.08)
471.09: (-0.56, -0.01, -0.83): 0
471.11: (0.85, -0.53, -0.08)
471.23: (0.85, -0.53, -0.08)
471.34: (0.86, -0.51, -0.08)
471.44: (0.87, -0.48, -0.08)
471.56: (0.88, -0.44, -0.19)
471.68: (0.79, -0.39, -0.47)
471.79: (0.78, -0.34, -0.53)
471.91: (0.78, -0.22, -0.58)
472.03: (0.72, 0.00, -0.70)
472.13: (0.54, 0.15, -0.83)
472.23: (0.49, 0.19, -0.85)
472.34: (0.40, 0.29, -0.87)
472.44: (0.23, 0.41, -0.88)
472.56: (-0.01, 0.49, -0.87)
472.68: (-0.12, 0.47, -0.87)
472.79: (-0.11, 0.40, -0.91)
472.89: (-0.11, 0.40, -0.91)
473.01: (-0.11, 0.40, -0.91)
473.13: (-0.11, 0.40, -0.91)
473.24: (-0.16, 0.32, -0.93)
473.36: (-0.28, 0.10, -0.96)
473.48: (-0.39, -0.01, -0.92)
473.59: (-0.55, 0.01, -0.84)
473.71: (-0.65, 0.03, -0.76)
473.81: (-0.66, 0.03, -0.75)
473.93: (-0.66, 0.03, -0.75)
473.93: (-0.39, -0.83, 0.40): 1
473.93: (-0.66, 0.03, -0.75)
474.03: (-0.65, 0.04, -0.76)
474.14: (-0.64, 0.06, -0.76)
474.24: (-0.56, 0.11, -0.82)
474.36: (-0.42, 0.28, -0.86)
474.48: (-0.40, 0.30, -0.86)
474.59: (-0.41, 0.34, -0.85)
474.69: (-0.43, 0.37, -0.83)
474.81: (-0.46, 0.44, -0.77)
474.93: (-0.35, 0.54, -0.76)
475.04: (-0.21, 0.58, -0.79)
475.16: (-0.16, 0.64, -0.75)
475.26: (-0.02, 0.74, -0.67)
475.38: (-0.20, 0.68, -0.70)
475.49: (-0.73, 0.54, -0.43)
475.61: (-0.88, 0.46, -0.10)
475.73: (-0.89, 0.42, 0.17)
475.84: (-0.86, 0.31, 0.40)
475.94: (-0.83, 0.12, 0.55)
476.04: (-0.78, -0.07, 0.62)
476.16: (-0.83, -0.23, 0.51)
476.28: (-0.80, -0.43, 0.42)
476.39: (-0.60, -0.74, 0.29)
476.51: (-0.34, -0.92, 0.18)
476.61: (-0.40, -0.87, 0.28)
476.71: (-0.44, -0.84, 0.32)
476.83: (-0.47, -0.81, 0.34)
476.94: (-0.46, -0.80, 0.38)
476.96: (-0.46, -0.80, 0.38)
476.96: (0.77, -0.56, -0.32): 0
477.04: (-0.46, -0.80, 0.38)
477.16: (-0.45, -0.80, 0.39)
477.28: (-0.51, -0.76, 0.40)
477.39: (-0.72, -0.56, 0.40)
477.51: (-0.83, -0.39, 0.40)
477.61: (-0.80, -0.35, 0.49)
477.73: (-0.61, -0.41, 0.68)
477.84: (-0.49, -0.47, 0.74)
477.94: (-0.35, -0.56, 0.75)
478.06: (-0.07, -0.70, 0.71)
478.16: (-0.04, -0.74, 0.67)
478.26: (-0.04, -0.74, 0.67)
478.36: (-0.04, -0.74, 0.67)
478.48: (-0.04, -0.74, 0.67)
478.59: (-0.04, -0.74, 0.67)
478.69: (-0.04, -0.74, 0.67)
478.81: (0.01, -0.69, 0.73)
478.93: (0.13, -0.65, 0.75)
479.04: (0.28, -0.54, 0.80)
479.16: (0.47, -0.45, 0.76)
479.26: (0.62, -0.38, 0.69)
479.38: (0.73, -0.38, 0.57)
479.49: (0.84, -0.41, 0.37)
479.59: (0.87, -0.43, 0.24)
479.71: (0.91, -0.40, 0.10)
479.83: (0.89, -0.45, -0.06)
479.94: (0.80, -0.58, -0.17)
480.06: (0.78, -0.60, -0.20)
480.17: (0.78, -0.56, -0.28)
480.22: (0.78, -0.56, -0.29)
480.22: (-0.05, 0.99, 0.12): 1
480.27: (0.78, -0.56, -0.29)
480.39: (0.79, -0.55, -0.27)
480.49: (0.82, -0.54, -0.19)
480.61: (0.80, -0.59, -0.07)
480.72: (0.78, -0.63, 0.02)
480.82: (0.76, -0.64, 0.06)
480.94: (0.77, -0.62, 0.14)
481.06: (0.75, -0.58, 0.32)
481.16: (0.75, -0.58, 0.34)
481.27: (0.84, -0.54, 0.03)
481.39: (0.84, -0.47, -0.28)
481.49: (0.76, -0.45, -0.46)
481.61: (0.67, -0.39, -0.63)
481.72: (0.58, -0.14, -0.80)
481.84: (0.46, 0.02, -0.89)
481.94: (0.37, 0.12, -0.92)
482.06: (0.41, 0.25, -0.88)
482.17: (0.50, 0.44, -0.75)
482.29: (0.46, 0.66, -0.59)
482.39: (0.42, 0.76, -0.48)
482.51: (0.39, 0.84, -0.37)
482.61: (0.37, 0.89, -0.28)
482.72: (0.22, 0.95, -0.20)
482.82: (0.04, 0.99, -0.14)
482.92: (0.00, 0.99, -0.11)
483.04: (0.00, 1.00, -0.06)
483.14: (-0.02, 1.00, -0.03)
483.26: (-0.09, 1.00, 0.03)
483.34: (-0.10, 0.99, 0.06)
483.34: (0.45, 0.26, 0.85): 0
483.37: (-0.11, 0.99, 0.06)
483.47: (-0.11, 0.99, 0.07)
483.57: (-0.12, 0.99, 0.07)
483.69: (-0.10, 0.99, 0.07)
483.81: (0.02, 0.99, 0.10)
483.91: (0.19, 0.98, 0.10)
484.01: (0.49, 0.87, 0.08)
484.12: (0.68, 0.73, 0.04)
484.24: (0.74, 0.67, 0.01)
484.34: (0.83, 0.56, -0.06)
484.46: (0.91, 0.39, -0.15)
484.56: (0.93, 0.00, -0.36)
484.67: (0.76, -0.42, -0.50)
484.79: (0.67, -0.54, -0.50)
484.91: (0.49, -0.69, -0.54)
485.01: (0.19, -0.82, -0.54)
485.12: (-0.01, -0.89, -0.46)
485.22: (-0.03, -0.93, -0.36)
485.34: (-0.06, -0.97, -0.24)
485.44: (-0.22, -0.96, -0.19)
485.56: (-0.52, -0.84, -0.13)
485.67: (-0.81, -0.59, 0.02)
485.79: (-0.93, -0.37, 0.07)
485.89: (-0.94, -0.33, -0.04)
486.01: (-0.94, -0.33, -0.04)
486.11: (-0.94, -0.33, -0.04)
486.21: (-0.94, -0.33, -0.04)
486.32: (-0.94, -0.33, -0.04)
486.44: (-0.95, -0.32, -0.03)
486.56: (-0.96, -0.28, 0.08)
486.67: (-0.96, 0.00, 0.27)
486.79: (-0.81, 0.40, 0.43)
486.91: (-0.59, 0.66, 0.46)
487.02: (-0.28, 0.93, 0.23)
487.14: (-0.06, 1.00, 0.02)
487.24: (0.06, 1.00, -0.08)
487.36: (0.15, 0.98, -0.08)
487.47: (0.20, 0.95, 0.23)
487.59: (0.19, 0.92, 0.36)
487.71: (0.03, 0.94, 0.33)
487.82: (0.03, 0.94, 0.33)
487.94: (0.03, 0.94, 0.33)
488.06: (0.03, 0.94, 0.33)
488.17: (0.03, 0.94, 0.33)
488.29: (0.03, 0.94, 0.33)
488.39: (0.09, 0.84, 0.53)
488.51: (0.31, 0.60, 0.74)
488.62: (0.64, 0.28, 0.72)
488.74: (0.74, 0.21, 0.65)
488.84: (0.67, 0.25, 0.70)
488.96: (0.54, 0.32, 0.78)
489.07: (0.50, 0.30, 0.82)
489.17: (0.48, 0.28, 0.83)
489.27: (0.48, 0.28, 0.83)
489.27: (0.59, -0.80, 0.08): 2
489.29: (0.48, 0.28, 0.83)
489.39: (0.48, 0.28, 0.83)
489.49: (0.48, 0.28, 0.83)
489.61: (0.48, 0.28, 0.83)
489.72: (0.48, 0.28, 0.83)
489.84: (0.59, 0.17, 0.79)
489.96: (0.56, 0.07, 0.83)
490.07: (0.55, 0.07, 0.83)
490.17: (0.62, 0.03, 0.78)
490.29: (0.80, -0.01, 0.60)
490.41: (0.88, -0.03, 0.47)
490.52: (0.96, -0.07, 0.27)
490.64: (0.97, -0.19, -0.14)
490.76: (0.94, -0.20, -0.27)
490.86: (0.90, -0.20, -0.39)
490.97: (0.80, -0.16, -0.57)
491.07: (0.77, -0.04, -0.64)
491.19: (0.77, -0.03, -0.63)
491.31: (0.77, -0.03, -0.63)
491.41: (0.77, -0.03, -0.63)
491.52: (0.77, -0.04, -0.64)
491.62: (0.73, -0.08, -0.68)
491.74: (0.59, -0.16, -0.79)
491.86: (0.47, -0.30, -0.83)
491.97: (0.43, -0.42, -0.80)
492.09: (0.36, -0.51, -0.79)
492.21: (0.20, -0.55, -0.81)
492.31: (-0.04, -0.52, -0.85)
492.42: (-0.25, -0.48, -0.84)
492.52: (-0.39, -0.40, -0.83)
492.64: (-0.50, -0.33, -0.80)
492.76: (-0.53, -0.29, -0.79)
492.87: (-0.60, -0.21, -0.77)
492.99: (-0.65, -0.14, -0.75)
493.09: (-0.76, 0.02, -0.65)
493.19: (-0.80, 0.05, -0.60)
493.31: (-0.82, -0.31, -0.48)
493.42: (-0.67, -0.66, -0.33)
493.54: (-0.49, -0.86, -0.17)
493.66: (-0.26, -0.96, -0.07)
493.77: (-0.22, -0.97, -0.06)
493.87: (-0.29, -0.95, -0.12)
493.97: (-0.42, -0.86, -0.30)
494.07: (-0.26, -0.91, -0.33)
494.19: (0.25, -0.94, -0.23)
494.31: (0.42, -0.90, -0.13)
494.41: (0.47, -0.88, -0.02)
494.52: (0.50, -0.86, 0.07)
494.64: (0.54, -0.84, 0.08)
494.72: (0.54, -0.84, 0.08)
494.72: (0.28, 0.94, 0.18): 1
494.76: (0.54, -0.84, 0.08)
494.87: (0.54, -0.84, 0.08)
494.99: (0.55, -0.83, 0.06)
495.11: (0.54, -0.84, -0.05)
495.22: (0.53, -0.83, -0.14)
495.34: (0.66, -0.72, -0.22)
495.44: (0.84, -0.45, -0.30)
495.56: (0.93, -0.19, -0.31)
495.67: (0.94, -0.13, -0.31)
495.77: (0.95, -0.12, -0.30)
495.89: (0.98, -0.01, -0.19)
496.01: (0.99, 0.13, 0.01)
496.12: (0.97, 0.23, 0.08)
496.24: (0.95, 0.30, 0.07)
496.36: (0.88, 0.47, 0.08)
496.47: (0.74, 0.66, 0.15)
496.59: (0.60, 0.78, 0.19)
496.70: (0.59, 0.79, 0.19)
496.81: (0.52, 0.84, 0.14)
496.92: (0.36, 0.92, 0.13)
497.02: (0.28, 0.95, 0.15)
497.12: (0.28, 0.95, 0.15)
497.16: (0.28, 0.95, 0.15)
497.16: (-0.17, 0.46, 0.87): 1
497.24: (0.27, 0.95, 0.15)
497.34: (0.27, 0.95, 0.16)
497.45: (0.27, 0.95, 0.14)
497.57: (0.29, 0.96, 0.04)
497.69: (0.30, 0.95, 0.03)
497.79: (0.40, 0.91, 0.04)
497.89: (0.50, 0.86, 0.09)
498.00: (0.63, 0.77, 0.12)
498.10: (0.79, 0.59, 0.15)
498.22: (0.89, 0.44, 0.12)
498.32: (0.94, 0.35, 0.06)
498.44: (0.98, 0.19, 0.00)
498.54: (0.99, 0.14, -0.02)
498.64: (0.99, 0.14, -0.02)
498.75: (0.98, 0.15, -0.13)
498.87: (0.86, 0.44, -0.24)
498.97: (0.83, 0.55, -0.11)
499.09: (0.69, 0.69, 0.23)
499.20: (0.45, 0.73, 0.51)
499.32: (0.20, 0.65, 0.73)
499.44: (0.09, 0.59, 0.80)
499.55: (-0.02, 0.55, 0.83)
499.65: (-0.08, 0.53, 0.85)
499.77: (-0.11, 0.51, 0.85)
499.87: (-0.11, 0.51, 0.85)
499.94: (-0.12, 0.50, 0.86)
499.94: (0.36, 0.77, 0.52): 0
499.97: (-0.12, 0.50, 0.86)
500.09: (-0.12, 0.50, 0.86)
500.19: (-0.11, 0.53, 0.84)
500.30: (-0.02, 0.65, 0.76)
500.42: (-0.02, 0.65, 0.76)
500.54: (-0.02, 0.65, 0.76)
500.64: (-0.01, 0.65, 0.76)
500.74: (0.10, 0.64, 0.76)
500.85: (0.30, 0.69, 0.66)
500.97: (0.37, 0.72, 0.59)
501.07: (0.37, 0.74, 0.57)
501.19: (0.36, 0.75, 0.55)
501.20: (0.36, 0.75, 0.55)
501.20: (-0.90, -0.22, -0.38): 0
501.30: (0.36, 0.75, 0.55)
501.42: (0.40, 0.77, 0.49)
501.52: (0.42, 0.78, 0.46)
501.64: (0.42, 0.78, 0.46)
501.75: (0.42, 0.78, 0.46)
501.87: (0.42, 0.78, 0.46)
501.99: (0.42, 0.78, 0.46)
502.10: (0.42, 0.78, 0.46)
502.22: (0.42, 0.76, 0.50)
502.34: (0.50, 0.67, 0.54)
502.45: (0.71, 0.51, 0.49)
502.57: (0.93, 0.21, 0.29)
502.69: (0.98, 0.02, 0.17)
502.80: (1.00, -0.05, -0.01)
502.92: (0.93, -0.15, -0.33)
503.02: (0.87, -0.21, -0.44)
503.14: (0.91, -0.13, -0.40)
503.25: (0.91, -0.10, -0.39)
503.35: (0.91, -0.10, -0.39)
503.47: (0.92, -0.11, -0.38)
503.59: (0.91, -0.16, -0.38)
503.70: (0.86, -0.37, -0.36)
503.80: (0.70, -0.62, -0.36)
503.92: (0.40, -0.86, -0.30)
504.02: (0.16, -0.97, -0.21)
504.14: (-0.19, -0.98, -0.09)
504.25: (-0.45, -0.89, -0.03)
504.37: (-0.60, -0.80, -0.05)
504.47: (-0.66, -0.75, -0.09)
504.59: (-0.83, -0.54, -0.16)
504.69: (-0.91, -0.37, -0.19)
504.80: (-0.94, -0.25, -0.24)
504.92: (-0.92, -0.26, -0.30)
505.04: (-0.90, -0.24, -0.36)
505.12: (-0.90, -0.22, -0.37)
505.12: (-0.91, 0.31, -0.29): 1
505.15: (-0.90, -0.22, -0.37)
505.27: (-0.90, -0.22, -0.37)
505.39: (-0.91, -0.26, -0.33)
505.50: (-0.97, -0.11, -0.20)
505.62: (-0.95, 0.23, -0.19)
505.72: (-0.92, 0.29, -0.25)
505.84: (-0.93, 0.24, -0.27)
505.94: (-0.93, 0.24, -0.27)
505.94: (-0.90, 0.08, -0.43): 0
505.95: (-0.93, 0.24, -0.27)
506.07: (-0.93, 0.24, -0.27)
506.19: (-0.95, 0.21, -0.23)
506.30: (-0.97, 0.14, -0.20)
506.42: (-0.94, 0.11, -0.32)
506.54: (-0.92, 0.11, -0.38)
506.64: (-0.92, 0.10, -0.38)
506.69: (-0.92, 0.10, -0.39)
506.69: (1.00, 0.00, 0.00): 2
506.75: (-0.92, 0.10, -0.39)
506.87: (-0.92, 0.07, -0.38)
506.97: (-0.93, -0.01, -0.38)
507.09: (-0.93, -0.07, -0.35)
507.20: (-0.94, -0.11, -0.33)
507.32: (-0.94, -0.15, -0.29)
507.42: (-0.95, -0.18, -0.26)
507.54: (-0.99, -0.07, -0.13)
507.65: (-0.98, 0.20, 0.00)
507.77: (-0.98, 0.21, 0.00)
507.89: (-0.98, 0.21, 0.00)
508.00: (-0.98, 0.21, -0.01)
508.12: (-0.96, 0.27, 0.02)
508.24: (-0.85, 0.53, 0.04)
508.34: (-0.62, 0.78, 0.05)
508.45: (-0.36, 0.93, 0.07)
508.55: (-0.17, 0.98, 0.04)
508.67: (-0.02, 1.00, -0.04)
508.79: (0.06, 0.99, -0.10)
508.89: (0.17, 0.98, -0.09)
509.00: (0.30, 0.92, 0.24)
509.12: (0.38, 0.75, 0.55)
509.24: (0.47, 0.55, 0.69)
509.35: (0.61, 0.34, 0.71)
509.47: (0.74, 0.10, 0.66)
509.57: (0.72, 0.04, 0.70)
509.69: (0.51, 0.06, 0.86)
509.80: (0.42, 0.04, 0.90)
509.90: (0.68, -0.07, 0.73)
510.02: (0.84, -0.12, 0.53)
510.14: (0.90, -0.03, 0.43)
510.24: (0.96, 0.03, 0.29)
510.35: (1.00, -0.04, 0.08)
510.47: (0.99, -0.10, 0.04)
510.52: (0.99, -0.10, 0.04)
510.52: (0.73, -0.67, 0.12): 1
510.59: (0.99, -0.10, 0.04)
510.69: (0.99, -0.10, 0.08)
510.79: (0.98, -0.09, 0.18)
510.90: (0.90, -0.26, 0.36)
511.02: (0.82, -0.41, 0.40)
511.14: (0.81, -0.48, 0.34)
511.25: (0.81, -0.53, 0.25)
511.37: (0.82, -0.54, 0.21)
511.49: (0.83, -0.51, 0.22)
511.59: (0.83, -0.51, 0.22)
511.69: (0.83, -0.51, 0.22)
511.80: (0.83, -0.51, 0.22)
511.92: (0.83, -0.51, 0.22)
512.04: (0.82, -0.51, 0.24)
512.15: (0.70, -0.70, 0.15)
512.27: (0.62, -0.78, 0.08)
512.37: (0.62, -0.78, 0.08)
512.49: (0.64, -0.77, 0.08)
512.59: (0.64, -0.77, 0.09)
512.59: (0.39, 0.91, 0.13): 0
512.59: (0.64, -0.77, 0.09)
512.69: (0.64, -0.77, 0.09)
512.80: (0.64, -0.77, 0.09)
512.90: (0.64, -0.76, 0.09)
513.02: (0.64, -0.76, 0.09)
513.14: (0.64, -0.76, 0.10)
513.24: (0.64, -0.76, 0.10)
513.35: (0.64, -0.76, 0.10)
513.47: (0.64, -0.76, 0.10)
513.58: (0.64, -0.76, 0.09)
513.68: (0.55, -0.83, 0.01)
513.80: (0.35, -0.93, -0.09)
513.92: (0.27, -0.96, -0.02)
514.03: (0.23, -0.97, 0.08)
514.13: (0.21, -0.97, 0.15)
514.23: (0.21, -0.96, 0.15)
514.35: (0.13, -0.95, 0.28)
514.47: (-0.03, -0.89, 0.46)
514.57: (-0.05, -0.87, 0.49)
514.68: (-0.05, -0.87, 0.49)
514.80: (-0.13, -0.86, 0.50)
514.92: (-0.46, -0.87, 0.19)
515.03: (-0.61, -0.79, -0.06)
515.15: (-0.72, -0.63, -0.29)
515.27: (-0.75, -0.60, -0.30)
515.38: (-0.75, -0.52, -0.41)
515.48: (-0.64, -0.40, -0.66)
515.60: (-0.48, -0.24, -0.85)
515.70: (-0.26, -0.10, -0.96)
515.82: (0.02, -0.12, -0.99)
515.93: (0.22, -0.22, -0.95)
516.03: (0.36, -0.23, -0.90)
516.15: (0.48, -0.25, -0.84)
516.27: (0.59, -0.28, -0.76)
516.38: (0.62, -0.32, -0.72)
516.48: (0.52, -0.52, -0.67)
516.60: (0.42, -0.74, -0.52)
516.72: (0.25, -0.92, -0.30)
516.83: (0.03, -1.00, -0.02)
516.93: (-0.12, -0.99, 0.11)
517.05: (-0.32, -0.91, 0.27)
517.17: (-0.49, -0.78, 0.39)
517.28: (-0.58, -0.64, 0.50)
517.38: (-0.57, -0.58, 0.59)
517.50: (-0.36, -0.67, 0.65)
517.60: (-0.12, -0.76, 0.64)
517.72: (0.15, -0.82, 0.55)
517.82: (0.33, -0.83, 0.45)
517.93: (0.50, -0.76, 0.41)
518.05: (0.62, -0.71, 0.34)
518.15: (0.67, -0.73, -0.11)
518.25: (0.56, -0.64, -0.52)
518.37: (0.48, -0.50, -0.72)
518.48: (0.26, -0.40, -0.88)
518.60: (0.03, -0.31, -0.95)
518.72: (-0.06, -0.24, -0.97)
518.83: (-0.06, -0.24, -0.97)
518.95: (-0.06, -0.24, -0.97)
519.07: (-0.14, -0.22, -0.96)
519.17: (-0.25, -0.20, -0.95)
519.28: (-0.64, -0.01, -0.76)
519.40: (-0.81, 0.23, -0.54)
519.52: (-0.89, 0.33, -0.33)
519.63: (-0.91, 0.39, -0.15)
519.73: (-0.85, 0.52, 0.01)
519.85: (-0.77, 0.63, 0.06)
519.97: (-0.51, 0.86, 0.04)
520.08: (-0.22, 0.97, 0.03)
520.20: (-0.10, 0.99, 0.01)
520.30: (-0.13, 0.99, -0.02)
520.42: (-0.13, 0.99, -0.02)
520.53: (-0.13, 0.99, -0.02)
520.65: (-0.10, 0.99, 0.04)
520.77: (0.16, 0.97, 0.17)
520.87: (0.38, 0.89, 0.25)
520.98: (0.40, 0.89, 0.23)
521.10: (0.41, 0.90, 0.14)
521.22: (0.40, 0.91, 0.12)
521.28: (0.39, 0.91, 0.11)
521.28: (0.85, -0.37, -0.37): 0
521.33: (0.39, 0.91, 0.11)
521.45: (0.38, 0.92, 0.12)
521.55: (0.38, 0.91, 0.14)
521.67: (0.35, 0.92, 0.17)
521.77: (0.40, 0.89, 0.23)
521.88: (0.68, 0.66, 0.32)
522.00: (0.90, 0.35, 0.26)
522.10: (0.89, 0.39, 0.22)
522.22: (0.89, 0.39, 0.22)
522.33: (0.89, 0.40, 0.23)
522.45: (0.93, 0.25, 0.27)
522.57: (0.96, -0.01, 0.28)
522.68: (0.97, -0.18, 0.15)
522.78: (0.97, -0.22, -0.08)
522.90: (0.95, -0.25, -0.21)
523.02: (0.93, -0.29, -0.23)
523.13: (0.87, -0.40, -0.28)
523.25: (0.86, -0.41, -0.30)
523.30: (0.86, -0.41, -0.30)
523.30: (-0.97, 0.21, -0.12): 0
523.37: (0.86, -0.41, -0.30)
523.47: (0.86, -0.41, -0.30)
523.58: (0.87, -0.42, -0.28)
523.70: (0.78, -0.62, -0.07)
523.82: (0.69, -0.72, 0.09)
523.93: (0.55, -0.80, 0.22)
524.05: (0.41, -0.88, 0.25)
524.15: (0.23, -0.95, 0.22)
524.27: (0.01, -1.00, 0.08)
524.38: (0.00, -1.00, -0.02)
524.48: (0.04, -1.00, -0.02)
524.60: (0.04, -1.00, -0.02)
524.72: (0.09, -0.99, 0.05)
524.82: (0.04, -0.99, -0.13)
524.93: (-0.11, -0.88, -0.47)
525.05: (-0.18, -0.79, -0.59)
525.17: (-0.16, -0.73, -0.66)
525.27: (-0.17, -0.66, -0.73)
525.38: (-0.24, -0.62, -0.75)
525.50: (-0.44, -0.77, -0.46)
525.62: (-0.56, -0.82, -0.15)
525.73: (-0.59, -0.80, 0.09)
525.83: (-0.59, -0.75, 0.29)
525.95: (-0.53, -0.73, 0.42)
526.05: (-0.54, -0.74, 0.41)
526.17: (-0.41, -0.86, 0.30)
526.28: (-0.41, -0.86, 0.30)
526.38: (-0.41, -0.86, 0.30)
526.50: (-0.41, -0.86, 0.30)
526.62: (-0.40, -0.86, 0.30)
526.73: (-0.37, -0.86, 0.36)
526.85: (-0.36, -0.80, 0.49)
526.97: (-0.43, -0.62, 0.66)
527.07: (-0.52, -0.40, 0.75)
527.18: (-0.67, -0.03, 0.74)
527.30: (-0.76, 0.23, 0.60)
527.42: (-0.80, 0.39, 0.45)
527.53: (-0.82, 0.45, 0.36)
527.65: (-0.86, 0.45, 0.22)
527.77: (-0.91, 0.41, -0.01)
527.87: (-0.94, 0.33, -0.12)
527.98: (-0.95, 0.29, -0.12)
528.10: (-0.96, 0.27, -0.11)
528.17: (-0.96, 0.27, -0.11)
528.17: (-0.87, 0.34, 0.35): 1
528.22: (-0.96, 0.27, -0.11)
528.33: (-0.96, 0.27, -0.11)
528.45: (-0.96, 0.28, -0.06)
528.57: (-0.94, 0.27, 0.21)
528.67: (-0.92, 0.29, 0.27)
528.78: (-0.88, 0.37, 0.29)
528.90: (-0.88, 0.38, 0.29)
528.92: (-0.88, 0.38, 0.29)
528.92: (-0.91, 0.41, -0.01): 1
529.02: (-0.88, 0.38, 0.29)
529.13: (-0.88, 0.31, 0.36)
529.25: (-0.89, 0.34, 0.31)
529.36: (-0.91, 0.39, 0.15)
529.48: (-0.91, 0.41, 0.05)
529.58: (-0.91, 0.41, 0.05)
529.67: (-0.91, 0.40, 0.03)
529.67: (-0.98, -0.08, -0.15): 1
529.70: (-0.91, 0.40, 0.03)
529.82: (-0.91, 0.41, 0.03)
529.93: (-0.91, 0.41, 0.03)
530.03: (-0.95, 0.30, -0.09)
530.15: (-0.97, 0.16, -0.16)
530.27: (-0.99, 0.04, -0.15)
530.38: (-0.99, 0.04, -0.14)
530.50: (-0.99, 0.04, -0.14)
530.50: (-0.89, 0.02, -0.45): 2
530.50: (-0.99, 0.04, -0.14)
530.60: (-0.99, 0.04, -0.14)
530.71: (-1.00, 0.03, -0.09)
530.83: (-0.99, 0.08, -0.12)
530.95: (-0.94, 0.10, -0.33)
531.06: (-0.88, 0.06, -0.47)
531.18: (-0.86, 0.02, -0.51)
531.25: (-0.86, 0.02, -0.51)
531.25: (0.81, -0.43, -0.40): 1
531.28: (-0.86, 0.02, -0.51)
531.38: (-0.86, 0.02, -0.51)
531.48: (-0.87, 0.03, -0.49)
531.60: (-0.89, 0.10, -0.44)
531.71: (-0.87, 0.22, -0.44)
531.83: (-0.83, 0.44, -0.35)
531.93: (-0.76, 0.57, -0.32)
532.05: (-0.63, 0.67, -0.38)
532.16: (-0.57, 0.68, -0.46)
532.26: (-0.57, 0.68, -0.46)
532.38: (-0.57, 0.68, -0.46)
532.48: (-0.57, 0.68, -0.46)
532.60: (-0.58, 0.70, -0.42)
532.71: (-0.47, 0.78, -0.41)
532.83: (-0.25, 0.90, -0.36)
532.93: (0.00, 0.94, -0.35)
533.05: (0.31, 0.86, -0.41)
533.16: (0.57, 0.70, -0.43)
533.28: (0.78, 0.48, -0.40)
533.40: (0.88, 0.26, -0.39)
533.51: (0.97, 0.05, -0.24)
533.63: (0.98, -0.11, -0.13)
533.73: (0.91, -0.30, -0.29)
533.83: (0.85, -0.32, -0.41)
533.95: (0.82, -0.35, -0.45)
534.06: (0.83, -0.38, -0.41)
534.18: (0.83, -0.40, -0.39)
534.18: (-0.28, 0.58, 0.77): 2
534.18: (0.83, -0.40, -0.39)
534.28: (0.83, -0.41, -0.39)
534.40: (0.83, -0.40, -0.40)
534.51: (0.85, -0.36, -0.39)
534.63: (0.88, -0.42, -0.23)
534.73: (0.87, -0.46, -0.17)
534.85: (0.87, -0.48, -0.09)
534.96: (0.84, -0.54, 0.02)
535.08: (0.81, -0.59, -0.07)
535.18: (0.81, -0.57, -0.12)
535.30: (0.81, -0.57, -0.12)
535.41: (0.81, -0.57, -0.12)
535.53: (0.84, -0.54, -0.07)
535.65: (0.84, -0.53, 0.12)
535.76: (0.51, -0.79, 0.35)
535.88: (0.21, -0.91, 0.36)
536.00: (0.07, -0.90, 0.42)
536.11: (-0.03, -0.87, 0.50)
536.23: (0.03, -0.77, 0.64)
536.33: (0.10, -0.72, 0.69)
536.45: (0.23, -0.64, 0.74)
536.56: (0.40, -0.54, 0.74)
536.68: (0.72, -0.36, 0.59)
536.80: (0.84, -0.26, 0.47)
536.91: (0.82, -0.24, 0.51)
537.03: (0.65, -0.35, 0.67)
537.13: (0.63, -0.44, 0.64)
537.25: (0.63, -0.44, 0.64)
537.36: (0.63, -0.44, 0.64)
537.48: (0.63, -0.44, 0.64)
537.60: (0.48, -0.47, 0.74)
537.71: (0.16, -0.56, 0.82)
537.83: (-0.25, -0.58, 0.77)
537.95: (-0.59, -0.56, 0.58)
538.06: (-0.68, -0.60, 0.41)
538.18: (-0.79, -0.58, 0.19)
538.30: (-0.89, -0.44, -0.08)
538.41: (-0.91, -0.33, -0.27)
538.53: (-0.86, -0.18, -0.48)
538.65: (-0.79, -0.03, -0.61)
538.76: (-0.87, 0.06, -0.50)
538.86: (-0.92, 0.31, -0.24)
538.98: (-0.88, 0.46, 0.06)
539.08: (-0.81, 0.44, 0.39)
539.20: (-0.76, 0.38, 0.52)
539.31: (-0.72, 0.28, 0.63)
539.43: (-0.65, 0.23, 0.73)
539.53: (-0.55, 0.31, 0.78)
539.65: (-0.49, 0.36, 0.79)
539.76: (-0.45, 0.39, 0.80)
539.88: (-0.41, 0.41, 0.81)
540.00: (-0.37, 0.44, 0.82)
540.10: (-0.35, 0.46, 0.82)
540.20: (-0.35, 0.47, 0.81)
540.23: (-0.34, 0.47, 0.81)
540.23: (0.53, -0.32, -0.79): 0
540.31: (-0.34, 0.47, 0.81)
540.43: (-0.35, 0.47, 0.81)
540.55: (-0.42, 0.46, 0.78)
540.66: (-0.51, 0.50, 0.70)
540.78: (-0.68, 0.55, 0.49)
540.88: (-0.79, 0.56, 0.27)
541.00: (-0.85, 0.51, 0.10)
541.11: (-0.90, 0.43, -0.07)
541.23: (-0.83, 0.48, -0.29)
541.35: (-0.66, 0.56, -0.50)
541.46: (-0.59, 0.53, -0.61)
541.58: (-0.48, 0.48, -0.73)
541.70: (-0.70, 0.38, -0.61)
541.81: (-0.72, 0.37, -0.59)
541.91: (-0.72, 0.37, -0.59)
542.01: (-0.72, 0.36, -0.59)
542.13: (-0.73, 0.39, -0.56)
542.25: (-0.59, 0.47, -0.66)
542.36: (-0.25, 0.54, -0.81)
542.48: (0.00, 0.48, -0.88)
542.58: (0.10, 0.35, -0.93)
542.70: (0.16, 0.19, -0.97)
542.81: (0.28, 0.16, -0.95)
542.91: (0.38, 0.20, -0.91)
543.01: (0.45, 0.09, -0.89)
543.13: (0.54, -0.15, -0.83)
543.23: (0.57, -0.25, -0.78)
543.35: (0.56, -0.27, -0.78)
543.41: (0.55, -0.28, -0.79)
543.41: (0.99, -0.08, -0.09): 0
543.46: (0.55, -0.29, -0.79)
543.58: (0.54, -0.27, -0.80)
543.70: (0.52, -0.23, -0.82)
543.80: (0.59, -0.19, -0.78)
543.90: (0.78, -0.22, -0.58)
544.00: (0.89, -0.23, -0.40)
544.11: (0.92, -0.23, -0.31)
544.23: (0.94, -0.20, -0.26)
544.33: (0.97, -0.14, -0.20)
544.43: (0.98, -0.12, -0.17)
544.46: (0.98, -0.12, -0.16)
544.46: (-0.42, 0.34, -0.84): 1
544.55: (0.98, -0.11, -0.16)
544.66: (0.98, -0.10, -0.15)
544.78: (0.99, -0.05, -0.10)
544.90: (1.00, 0.05, -0.01)
545.01: (1.00, 0.08, 0.00)
545.13: (0.99, 0.15, -0.07)
545.25: (0.90, 0.39, -0.20)
545.36: (0.83, 0.48, -0.29)
545.46: (0.77, 0.50, -0.40)
545.58: (0.57, 0.54, -0.62)
545.70: (0.29, 0.45, -0.84)
545.81: (0.11, 0.38, -0.92)
545.93: (-0.05, 0.27, -0.96)
546.03: (-0.24, 0.25, -0.94)
546.15: (-0.30, 0.46, -0.84)
546.25: (-0.32, 0.50, -0.81)
546.35: (-0.31, 0.46, -0.83)
546.46: (-0.37, 0.32, -0.87)
546.53: (-0.37, 0.32, -0.87)
546.53: (0.63, -0.55, -0.55): 1
546.58: (-0.37, 0.32, -0.87)
546.70: (-0.37, 0.32, -0.87)
546.81: (-0.38, 0.29, -0.88)
546.93: (-0.43, 0.14, -0.89)
547.04: (-0.45, -0.01, -0.89)
547.15: (-0.45, -0.01, -0.89)
547.26: (-0.35, 0.17, -0.92)
547.38: (-0.30, 0.35, -0.89)
547.48: (-0.07, 0.69, -0.73)
547.59: (0.04, 0.75, -0.66)
547.71: (0.15, 0.80, -0.59)
547.81: (0.32, 0.76, -0.57)
547.93: (0.35, 0.73, -0.59)
548.04: (0.35, 0.73, -0.59)
548.16: (0.35, 0.73, -0.59)
548.28: (0.34, 0.74, -0.58)
548.39: (0.21, 0.80, -0.56)
548.51: (-0.12, 0.91, -0.40)
548.63: (-0.37, 0.91, -0.17)
548.74: (-0.50, 0.86, -0.12)
548.86: (-0.75, 0.66, 0.03)
548.98: (-0.89, 0.39, 0.22)
549.09: (-0.91, 0.35, 0.23)
549.19: (-0.97, 0.24, 0.10)
549.31: (-0.98, 0.21, -0.03)
549.41: (-0.97, 0.20, -0.13)
549.53: (-0.87, 0.08, -0.49)
549.64: (-0.54, 0.35, -0.76)
549.76: (-0.12, 0.45, -0.88)
549.88: (0.08, 0.29, -0.95)
549.99: (0.24, 0.20, -0.95)
550.09: (0.44, 0.00, -0.90)
550.21: (0.70, -0.12, -0.70)
550.31: (0.82, -0.09, -0.57)
550.43: (0.78, -0.15, -0.61)
550.53: (0.70, -0.30, -0.65)
550.64: (0.69, -0.37, -0.62)
550.76: (0.70, -0.41, -0.59)
550.88: (0.68, -0.53, -0.51)
550.98: (0.65, -0.57, -0.50)
551.01: (0.65, -0.57, -0.50)
551.01: (-0.39, 0.77, 0.50): 0
551.08: (0.65, -0.57, -0.50)
551.19: (0.65, -0.57, -0.50)
551.31: (0.63, -0.57, -0.52)
551.43: (0.59, -0.56, -0.59)
551.53: (0.54, -0.36, -0.76)
551.64: (0.42, 0.06, -0.91)
551.76: (0.35, 0.26, -0.90)
551.88: (0.31, 0.50, -0.81)
551.98: (0.29, 0.66, -0.70)
552.09: (0.25, 0.77, -0.58)
552.21: (0.20, 0.87, -0.45)
552.33: (0.17, 0.94, -0.28)
552.43: (0.18, 0.98, -0.09)
552.54: (0.22, 0.97, 0.06)
552.64: (0.26, 0.96, 0.13)
552.76: (0.25, 0.95, 0.19)
552.86: (-0.04, 0.95, 0.30)
552.98: (-0.23, 0.92, 0.32)
553.09: (-0.32, 0.84, 0.43)
553.19: (-0.37, 0.78, 0.50)
553.31: (-0.43, 0.74, 0.52)
553.33: (-0.43, 0.74, 0.52)
553.33: (-0.26, 0.78, 0.57): 2
553.43: (-0.43, 0.74, 0.52)
553.53: (-0.44, 0.74, 0.51)
553.64: (-0.47, 0.70, 0.53)
553.74: (-0.41, 0.71, 0.57)
553.86: (-0.33, 0.75, 0.58)
553.98: (-0.30, 0.76, 0.57)
553.98: (-0.24, 0.50, 0.83): 0
553.98: (-0.30, 0.76, 0.57)
554.09: (-0.30, 0.77, 0.57)
554.21: (-0.31, 0.78, 0.55)
554.33: (-0.39, 0.57, 0.72)
554.44: (-0.38, 0.48, 0.79)
554.54: (-0.32, 0.44, 0.84)
554.66: (-0.25, 0.44, 0.86)
554.68: (-0.25, 0.44, 0.86)
554.68: (-0.22, 0.97, 0.00): 1
554.78: (-0.25, 0.44, 0.86)
554.89: (-0.26, 0.45, 0.85)
555.01: (-0.31, 0.42, 0.85)
555.13: (-0.37, 0.45, 0.81)
555.24: (-0.59, 0.54, 0.60)
555.36: (-0.67, 0.62, 0.42)
555.48: (-0.65, 0.73, 0.22)
555.58: (-0.49, 0.84, 0.24)
555.69: (-0.30, 0.94, 0.18)
555.81: (-0.29, 0.95, 0.14)
555.91: (-0.29, 0.95, 0.09)
556.03: (-0.25, 0.97, 0.03)
556.08: (-0.25, 0.97, 0.03)
556.08: (0.36, -0.92, 0.15): 0
556.14: (-0.25, 0.97, 0.03)
556.26: (-0.25, 0.97, 0.03)
556.36: (-0.25, 0.97, 0.02)
556.48: (-0.25, 0.97, 0.00)
556.58: (-0.26, 0.97, 0.01)
556.69: (-0.36, 0.91, 0.21)
556.81: (-0.39, 0.83, 0.40)
556.93: (-0.41, 0.73, 0.55)
557.03: (-0.46, 0.60, 0.66)
557.13: (-0.58, 0.35, 0.74)
557.24: (-0.58, 0.13, 0.80)
557.36: (-0.55, -0.16, 0.82)
557.48: (-0.45, -0.36, 0.82)
557.59: (-0.47, -0.38, 0.80)
557.69: (-0.47, -0.38, 0.80)
557.79: (-0.47, -0.38, 0.80)
557.91: (-0.48, -0.38, 0.79)
558.03: (-0.47, -0.45, 0.76)
558.13: (-0.41, -0.58, 0.70)
558.24: (-0.19, -0.89, 0.42)
558.36: (0.05, -0.99, 0.16)
558.46: (0.15, -0.99, 0.07)
558.58: (0.21, -0.98, 0.08)
558.69: (0.26, -0.95, 0.16)
558.81: (0.32, -0.93, 0.18)
558.91: (0.37, -0.92, 0.15)
558.93: (0.37, -0.92, 0.14)
END