3/28/2023 1:26:48 PM
Mode: Stereo
White time (s): [3.732788, 0.5827637, 3.249878, 1.466187, 1.182983, 2.282715, 1.966309, 4.582642, 2.865967, 2.849487, 1.199707, 1.916016, 3.899292, 0.8831787, 1.383057, 3.149536, 3.949341, 2.766357, 2.216187, 0.7331543, 1.182983, 3.516113, 1.416748, 4.365601, 1.366699, 4.415649, 3.032959, 3.465942, 0.8834229, 0.7333984]
Shot time (s): [1.349976, 6.948608, 8.181641, 1.91626, 0.8670654, 1.683105, 1.649658, 4.915527, 2.282715, 4.815796, 4.682373, 1.982788, 1.266357, 1.349487, 2.383057, 0.5666504, 0.8498535, 4.848877, 0.8997803, 1.949829, 1.733154, 3.649414, 1.249512, 2.349609, 0.6168213, 2.716064, 1.882813, 5.06543, 2.849487, 2.033081]
Step time (s): [2.232788, 3.049683, 1.449219, 0.5827637, 2.766479, 2.132813, 0.5500488, 0.8166504, 1.216431, 2.466187, 1.549438, 1.766113, 2.083008, 1.099976, 1.832886, 2.699463, 2.349487, 6.798462, 0.7663574, 3.682739, 1.299561, 1.932739, 1.966309, 1.466553, 2.399536, 1.849365, 3.299194, 1.816162, 7.231567, 0.5665283]
White horz (deg): [317.8999, 4.454999, 270.8749, 129.58, 79.42001, 245.5199, 346.0049, 431.6397, 417.34, 299.97, 125.29, 132, 641.4651, 19.69, 178.31, 470.965, 677.16, 277.75, 203.3349, 26.07, 99.77, 449.1851, 186.395, 576.3999, 133.815, 711.2596, 501.4899, 448.965, 36.74001, 21.725]
Shot horz (deg): [72.05, 1014.804, 983.0696, 176.11, 37.235, 150.865, 195.47, 567.1045, 257.95, 652.0253, 744.9749, 253.055, 163.35, 153.34, 362.89, 9.735001, 99.60499, 790.1844, 94.76499, 247.83, 155.045, 518.705, 167.2, 236.83, 42.515, 430.8699, 198.66, 721.2695, 381.865, 267.135]
Step horz (deg): [160.38, 194.15, 133.705, 12.155, 346.4449, 190.08, 6.599999, 50.16, 195.69, 329.89, 161.315, 289.6299, 193.5999, 103.015, 260.755, 352.7149, 414.425, 819.9949, 20.13, 537.075, 190.465, 190.74, 296.12, 195.965, 375.87, 225.5, 521.895, 141.7349, 1022.065, 16.775]
White vert (deg): [62.26, 2.09, 28.27, 31.955, 18.535, 39.875, 34.76, 323.7851, 60.11502, 104.39, 16.995, 49.66499, 138.875, 32.505, 63.79999, 178.64, 128.37, 149.985, 129.47, 4.344999, 58.905, 175.725, 26.45499, 281.2699, 33.82501, 218.35, 220.1099, 196.35, 24.585, 26.07]
Shot vert (deg): [20.625, 545.1046, 522.445, 131.725, 24.09, 38.775, 47.74001, 341.6599, 66.88, 228.4701, 295.1849, 54.56002, 42.24002, 28.6, 100.1, 29.205, 16.445, 537.5699, 23.045, 48.675, 10.67, 88.22004, 31.405, 133.65, 15.51, 154.495, 83.93001, 235.51, 121.935, 74.25002]
Step vert (deg): [18.37, 28.82, 25.52, 25.795, 140.965, 122.7051, 25.63, 19.91, 40.59001, 59.12502, 53.24001, 79.36501, 120.175, 36.905, 83.71001, 206.9099, 100.65, 535.3147, 18.755, 193.3799, 43.89, 86.13003, 90.145, 35.03501, 117.7, 97.075, 219.725, 61.60001, 602.525, 6.214999]

Time in sec: camera forward versor
Time in sec: target versor: sound type (0 = White, 1 = Shot, 2 = Step)
START
1132.86: (0.73, -0.43, -0.53): 0
1132.86: (-0.53, -0.06, -0.84)
1132.98: (-0.53, -0.06, -0.85)
1133.08: (-0.53, -0.06, -0.85)
1133.20: (-0.53, -0.06, -0.85)
1133.30: (-0.53, -0.06, -0.85)
1133.40: (-0.53, -0.06, -0.85)
1133.51: (-0.53, -0.06, -0.85)
1133.63: (-0.53, -0.07, -0.85)
1133.75: (-0.49, -0.10, -0.86)
1133.86: (-0.41, -0.21, -0.89)
1133.96: (-0.41, -0.21, -0.89)
1134.08: (-0.41, -0.21, -0.89)
1134.20: (-0.54, -0.04, -0.84)
1134.31: (-0.75, 0.37, -0.55)
1134.43: (-0.75, 0.65, -0.08)
1134.55: (-0.57, 0.73, 0.37)
1134.65: (-0.38, 0.71, 0.60)
1134.76: (-0.46, 0.67, 0.58)
1134.88: (-0.46, 0.67, 0.58)
1135.00: (-0.39, 0.67, 0.63)
1135.11: (-0.16, 0.64, 0.75)
1135.21: (0.34, 0.29, 0.89)
1135.33: (0.52, 0.04, 0.86)
1135.45: (0.51, 0.04, 0.86)
1135.55: (0.54, 0.03, 0.84)
1135.66: (0.75, -0.29, 0.60)
1135.78: (0.79, -0.51, 0.35)
1135.90: (0.78, -0.57, 0.25)
1136.01: (0.69, -0.72, -0.03)
1136.13: (0.76, -0.62, -0.20)
1136.23: (0.83, -0.43, -0.36)
1136.35: (0.80, -0.37, -0.47)
1136.46: (0.71, -0.47, -0.52)
1136.58: (0.70, -0.48, -0.53)
1136.60: (0.70, -0.48, -0.53)
1136.60: (0.79, -0.39, -0.48): 0
1136.70: (0.70, -0.48, -0.53)
1136.81: (0.71, -0.48, -0.52)
1136.93: (0.71, -0.48, -0.52)
1137.04: (0.72, -0.47, -0.51)
1137.16: (0.76, -0.44, -0.48)
1137.18: (0.76, -0.44, -0.48)
1137.18: (-0.80, 0.32, 0.51): 0
1137.26: (0.76, -0.44, -0.48)
1137.38: (0.76, -0.44, -0.48)
1137.49: (0.77, -0.44, -0.45)
1137.61: (0.79, -0.44, -0.43)
1137.73: (0.78, -0.44, -0.44)
1137.84: (0.74, -0.49, -0.46)
1137.96: (0.74, -0.49, -0.46)
1138.08: (0.74, -0.49, -0.46)
1138.18: (0.75, -0.47, -0.47)
1138.29: (0.47, -0.49, -0.74)
1138.39: (-0.08, -0.35, -0.93)
1138.51: (-0.52, -0.16, -0.84)
1138.61: (-0.77, 0.04, -0.63)
1138.73: (-0.84, 0.12, -0.52)
1138.83: (-0.84, 0.12, -0.52)
1138.94: (-0.84, 0.11, -0.53)
1139.06: (-0.84, 0.12, -0.52)
1139.18: (-0.86, 0.15, -0.48)
1139.29: (-0.86, 0.14, -0.49)
1139.41: (-0.87, 0.16, -0.47)
1139.51: (-0.94, 0.30, -0.15)
1139.63: (-0.68, 0.48, 0.55)
1139.74: (-0.29, 0.40, 0.87)
1139.86: (-0.34, 0.39, 0.85)
1139.98: (-0.47, 0.38, 0.80)
1140.09: (-0.67, 0.36, 0.65)
1140.21: (-0.68, 0.36, 0.64)
1140.33: (-0.74, 0.34, 0.59)
1140.43: (-0.85, 0.30, 0.43)
1140.43: (-0.53, 0.42, -0.73): 0
1140.43: (-0.85, 0.30, 0.43)
1140.54: (-0.83, 0.31, 0.46)
1140.66: (-0.81, 0.32, 0.49)
1140.78: (-0.83, 0.31, 0.47)
1140.89: (-0.92, 0.28, 0.28)
1141.01: (-0.91, 0.29, 0.31)
1141.13: (-0.97, 0.25, -0.05)
1141.24: (-0.74, 0.03, -0.67)
1141.36: (-0.47, -0.09, -0.88)
1141.46: (-0.44, -0.10, -0.89)
1141.58: (-0.64, 0.15, -0.75)
1141.69: (-0.58, 0.26, -0.78)
1141.81: (-0.52, 0.33, -0.79)
1141.89: (-0.51, 0.33, -0.79)
1141.89: (0.47, -0.12, -0.87): 0
1141.93: (-0.51, 0.33, -0.79)
1142.04: (-0.51, 0.33, -0.79)
1142.14: (-0.51, 0.33, -0.79)
1142.26: (-0.50, 0.26, -0.82)
1142.38: (-0.43, 0.18, -0.89)
1142.48: (-0.32, 0.11, -0.94)
1142.59: (0.09, -0.09, -0.99)
1142.71: (0.42, -0.23, -0.87)
1142.83: (0.36, -0.16, -0.92)
1142.93: (0.33, -0.10, -0.94)
1143.04: (0.40, -0.13, -0.91)
1143.08: (0.41, -0.13, -0.90)
1143.08: (0.97, -0.17, 0.15): 1
1143.14: (0.41, -0.13, -0.90)
1143.24: (0.41, -0.14, -0.90)
1143.36: (0.37, -0.18, -0.91)
1143.48: (0.36, -0.18, -0.92)
1143.59: (0.64, -0.25, -0.73)
1143.71: (0.77, -0.32, -0.55)
1143.83: (0.82, -0.36, -0.45)
1143.94: (0.89, -0.34, -0.31)
1144.06: (0.97, -0.24, -0.06)
1144.16: (0.97, -0.23, -0.02)
1144.28: (0.98, -0.19, 0.03)
1144.39: (0.98, -0.18, 0.05)
1144.43: (0.98, -0.17, 0.05)
1144.43: (-0.54, 0.35, -0.76): 0
1144.51: (0.98, -0.17, 0.05)
1144.63: (0.98, -0.18, 0.06)
1144.73: (0.98, -0.18, 0.06)
1144.84: (0.98, -0.18, 0.06)
1144.96: (0.98, -0.18, 0.10)
1145.06: (0.84, -0.14, 0.52)
1145.18: (0.50, -0.09, 0.86)
1145.29: (-0.15, -0.01, 0.99)
1145.39: (-0.20, -0.04, 0.98)
1145.51: (-0.20, -0.04, 0.98)
1145.63: (-0.32, 0.02, 0.95)
1145.74: (-0.91, 0.12, 0.39)
1145.86: (-0.96, 0.12, -0.24)
1145.98: (-0.93, 0.11, -0.35)
1146.08: (-0.87, 0.13, -0.48)
1146.19: (-0.73, 0.26, -0.63)
1146.29: (-0.66, 0.25, -0.71)
1146.41: (-0.66, 0.25, -0.71)
1146.53: (-0.60, 0.38, -0.70)
1146.64: (-0.54, 0.44, -0.72)
1146.71: (-0.54, 0.44, -0.72)
1146.71: (-1.00, -0.03, 0.06): 0
1146.74: (-0.54, 0.44, -0.72)
1146.86: (-0.53, 0.43, -0.73)
1146.98: (-0.43, 0.33, -0.84)
1147.09: (-0.30, 0.27, -0.91)
1147.21: (0.11, 0.15, -0.98)
1147.33: (0.54, -0.03, -0.84)
1147.43: (0.65, -0.09, -0.76)
1147.54: (0.81, -0.18, -0.55)
1147.66: (0.94, -0.26, -0.23)
1147.76: (0.92, -0.23, -0.31)
1147.88: (0.20, 0.07, -0.98)
1147.99: (-0.61, 0.27, -0.74)
1148.11: (-0.95, 0.27, -0.19)
1148.21: (-0.92, 0.20, 0.35)
1148.33: (-0.84, 0.17, 0.51)
1148.44: (-0.98, 0.14, 0.10)
1148.56: (-0.99, 0.09, 0.06)
1148.68: (-1.00, 0.01, 0.04)
1148.68: (0.96, 0.10, 0.26): 2
1148.68: (-1.00, 0.01, 0.04)
1148.79: (-1.00, 0.01, 0.04)
1148.91: (-1.00, 0.01, 0.04)
1149.01: (-1.00, 0.01, 0.04)
1149.13: (-1.00, 0.01, 0.04)
1149.24: (-1.00, 0.01, 0.06)
1149.36: (-0.97, 0.00, 0.22)
1149.46: (-0.97, 0.00, 0.23)
1149.56: (-0.95, 0.00, 0.31)
1149.68: (-0.92, -0.02, 0.40)
1149.79: (-0.88, -0.04, 0.47)
1149.91: (-0.87, -0.04, 0.48)
1150.03: (-0.74, -0.07, 0.67)
1150.14: (-0.35, -0.13, 0.93)
1150.24: (0.10, -0.15, 0.98)
1150.36: (0.50, -0.14, 0.86)
1150.48: (0.82, -0.09, 0.57)
1150.59: (0.92, -0.08, 0.39)
1150.71: (0.93, -0.04, 0.37)
1150.81: (0.94, 0.06, 0.34)
1150.91: (0.94, 0.10, 0.31)
1150.91: (-0.28, 0.96, -0.07): 0
1150.93: (0.94, 0.10, 0.31)
1151.03: (0.94, 0.10, 0.31)
1151.13: (0.94, 0.10, 0.31)
1151.24: (0.94, 0.10, 0.31)
1151.36: (0.94, 0.09, 0.34)
1151.48: (0.93, 0.08, 0.36)
1151.58: (0.93, 0.08, 0.37)
1151.69: (0.93, 0.08, 0.37)
1151.79: (0.93, 0.08, 0.36)
1151.91: (0.99, 0.15, 0.00)
1152.03: (0.87, 0.18, -0.46)
1152.14: (0.58, 0.13, -0.80)
1152.26: (0.14, 0.10, -0.98)
1152.38: (-0.23, 0.08, -0.97)
1152.49: (-0.31, 0.03, -0.95)
1152.61: (-0.29, 0.03, -0.96)
1152.71: (-0.29, 0.03, -0.96)
1152.83: (-0.16, 0.09, -0.98)
1152.94: (-0.54, 0.04, -0.84)
1153.04: (-0.69, 0.03, -0.72)
1153.16: (-0.91, 0.00, -0.42)
1153.26: (-1.00, -0.04, -0.09)
1153.37: (-0.89, -0.12, 0.43)
1153.47: (-0.82, -0.15, 0.55)
1153.59: (-0.82, -0.14, 0.55)
1153.71: (-0.88, -0.26, 0.40)
1153.81: (-0.87, -0.41, -0.26)
1153.92: (-0.64, -0.46, -0.61)
1154.04: (-0.50, -0.40, -0.77)
1154.14: (-0.05, -0.40, -0.91)
1154.26: (0.50, -0.39, -0.78)
1154.37: (0.57, -0.39, -0.72)
1154.49: (0.12, -0.16, -0.98)
1154.61: (-0.57, 0.39, -0.73)
1154.72: (-0.81, 0.55, -0.18)
1154.84: (-0.83, 0.54, 0.14)
1154.94: (-0.69, 0.63, 0.36)
1155.06: (-0.47, 0.88, -0.01)
1155.16: (-0.37, 0.90, -0.23)
1155.27: (-0.36, 0.92, -0.17)
1155.39: (-0.31, 0.95, -0.07)
1155.49: (-0.30, 0.95, -0.07)
1155.49: (-0.82, 0.26, -0.51): 0
1155.49: (-0.30, 0.95, -0.07)
1155.61: (-0.30, 0.95, -0.07)
1155.72: (-0.33, 0.94, -0.10)
1155.84: (-0.34, 0.94, -0.11)
1155.96: (-0.35, 0.94, -0.08)
1156.07: (-0.17, 0.98, -0.11)
1156.19: (0.08, 0.99, -0.13)
1156.31: (0.27, 0.95, -0.14)
1156.41: (0.87, 0.47, -0.14)
1156.52: (0.98, -0.21, -0.02)
1156.62: (0.96, -0.27, 0.01)
1156.74: (0.85, -0.53, 0.05)
1156.86: (0.16, -0.98, 0.14)
1156.97: (-0.35, -0.92, 0.15)
1157.09: (-0.15, -0.98, 0.12)
1157.19: (-0.15, -0.98, 0.12)
1157.31: (-0.26, -0.94, 0.20)
1157.42: (-0.85, -0.49, 0.21)
1157.54: (-0.95, 0.30, 0.05)
1157.66: (-0.70, 0.71, -0.09)
1157.77: (-0.55, 0.83, -0.12)
1157.89: (-0.70, 0.71, -0.12)
1158.01: (-0.82, 0.51, -0.28)
1158.11: (-0.78, 0.43, -0.45)
1158.22: (-0.78, 0.43, -0.46)
1158.34: (-0.87, 0.24, -0.42)
1158.36: (-0.87, 0.24, -0.42)
1158.36: (0.21, -0.95, -0.24): 1
1158.46: (-0.87, 0.25, -0.42)
1158.57: (-0.86, 0.26, -0.43)
1158.67: (-0.92, 0.15, -0.37)
1158.79: (-0.98, -0.06, -0.17)
1158.91: (-0.99, -0.09, -0.14)
1159.02: (-0.99, -0.01, -0.12)
1159.14: (-0.97, 0.23, -0.04)
1159.26: (-0.77, 0.60, -0.20)
1159.37: (-0.89, 0.44, -0.11)
1159.49: (-0.95, -0.22, 0.23)
1159.61: (-0.32, -0.81, 0.50)
1159.72: (0.39, -0.83, 0.40)
1159.84: (0.87, -0.49, 0.13)
1159.94: (0.98, 0.04, -0.21)
1160.06: (0.66, 0.59, -0.46)
1160.16: (0.47, 0.71, -0.52)
1160.26: (0.47, 0.71, -0.52)
1160.37: (0.60, 0.63, -0.49)
1160.49: (0.97, -0.23, -0.03)
1160.59: (-0.21, -0.82, 0.54)
1160.71: (-0.95, -0.15, 0.28)
1160.82: (-0.91, 0.41, -0.03)
1160.92: (-0.70, 0.68, -0.22)
1161.04: (-0.81, 0.54, -0.22)
1161.16: (-0.81, 0.54, -0.22)
1161.27: (-0.69, 0.72, -0.04)
1161.39: (-0.40, 0.80, 0.44)
1161.51: (-0.23, 0.77, 0.59)
1161.62: (-0.07, 0.72, 0.69)
1161.74: (0.21, 0.49, 0.85)
1161.86: (0.51, 0.19, 0.84)
1161.97: (0.57, 0.13, 0.81)
1162.09: (0.32, 0.47, 0.82)
1162.19: (-0.31, 0.89, 0.34)
1162.31: (-0.71, 0.63, -0.32)
1162.42: (-0.73, 0.45, -0.51)
1162.54: (-0.71, 0.30, -0.64)
1162.66: (-0.61, 0.08, -0.79)
1162.77: (-0.29, -0.06, -0.96)
1162.87: (0.28, 0.11, -0.96)
1162.99: (0.49, 0.20, -0.85)
1163.11: (0.46, 0.19, -0.87)
1163.22: (0.28, 0.29, -0.92)
1163.34: (0.14, 0.69, -0.71)
1163.44: (-0.03, 0.87, -0.49)
1163.56: (0.12, 0.92, -0.38)
1163.67: (0.55, 0.83, -0.04)
1163.79: (0.80, 0.52, 0.29)
1163.89: (0.83, 0.45, 0.32)
1164.01: (0.82, 0.48, 0.31)
1164.12: (0.79, 0.43, 0.45)
1164.24: (0.54, 0.11, 0.83)
1164.36: (0.21, -0.28, 0.94)
1164.46: (0.10, -0.55, 0.83)
1164.57: (0.01, -0.75, 0.66)
1164.69: (0.14, -0.92, 0.36)
1164.81: (0.39, -0.92, -0.08)
1164.92: (0.48, -0.76, -0.43)
1165.02: (0.36, -0.88, -0.32)
1165.12: (0.24, -0.94, -0.26)
1165.24: (0.23, -0.94, -0.24)
1165.31: (0.23, -0.94, -0.23)
1165.31: (-0.69, 0.44, 0.57): 1
1165.36: (0.23, -0.94, -0.23)
1165.47: (0.25, -0.94, -0.25)
1165.59: (0.30, -0.93, -0.20)
1165.71: (0.31, -0.94, -0.15)
1165.81: (0.30, -0.94, -0.16)
1165.92: (0.21, -0.95, -0.23)
1166.04: (0.17, -0.95, -0.28)
1166.14: (0.08, -0.92, -0.38)
1166.26: (-0.35, -0.51, -0.78)
1166.37: (-0.48, -0.15, -0.87)
1166.49: (-0.50, 0.00, -0.86)
1166.61: (-0.51, 0.04, -0.86)
1166.71: (-0.50, -0.03, -0.87)
1166.82: (-0.04, -0.81, -0.58)
1166.94: (0.34, -0.94, 0.00)
1167.06: (0.50, -0.78, 0.37)
1167.16: (0.54, -0.28, 0.80)
1167.27: (0.34, 0.45, 0.83)
1167.39: (0.12, 0.73, 0.67)
1167.49: (0.19, 0.73, 0.66)
1167.59: (0.19, 0.72, 0.66)
1167.71: (0.17, 0.72, 0.68)
1167.82: (-0.10, 0.88, 0.46)
1167.94: (-0.32, 0.94, 0.13)
1168.06: (-0.53, 0.81, -0.25)
1168.17: (-0.55, 0.28, -0.79)
1168.29: (-0.40, -0.02, -0.92)
1168.41: (-0.40, 0.05, -0.92)
1168.52: (-0.44, 0.11, -0.89)
1168.64: (-0.34, -0.08, -0.94)
1168.76: (0.00, -0.38, -0.93)
1168.86: (0.25, -0.42, -0.87)
1168.97: (0.46, -0.23, -0.86)
1169.09: (0.68, 0.09, -0.73)
1169.19: (0.80, 0.27, -0.54)
1169.31: (0.82, 0.38, -0.43)
1169.42: (0.73, 0.12, -0.67)
1169.52: (0.19, -0.34, -0.92)
1169.64: (-0.46, -0.65, -0.61)
1169.76: (-0.65, -0.71, -0.26)
1169.87: (-0.64, -0.77, -0.01)
1169.99: (-0.58, -0.80, 0.15)
1170.10: (-0.27, -0.86, 0.43)
1170.22: (0.32, -0.73, 0.61)
1170.34: (0.66, -0.56, 0.50)
1170.46: (0.65, -0.59, 0.48)
1170.57: (0.65, -0.59, 0.48)
1170.69: (0.69, -0.53, 0.50)
1170.80: (0.80, -0.25, 0.55)
1170.90: (0.80, 0.03, 0.59)
1171.02: (0.79, 0.34, 0.52)
1171.14: (0.72, 0.62, 0.32)
1171.24: (0.62, 0.79, 0.03)
1171.35: (0.62, 0.77, -0.14)
1171.47: (0.76, 0.60, -0.25)
1171.59: (0.95, 0.24, -0.20)
1171.70: (0.95, 0.07, -0.32)
1171.80: (0.74, 0.21, -0.64)
1171.92: (0.24, 0.22, -0.94)
1172.04: (0.04, 0.14, -0.99)
1172.15: (0.16, 0.12, -0.98)
1172.27: (0.16, 0.12, -0.98)
1172.37: (0.18, 0.12, -0.98)
1172.49: (0.06, 0.05, -1.00)
1172.60: (-0.48, 0.15, -0.86)
1172.72: (-0.54, 0.59, -0.60)
1172.84: (-0.45, 0.88, -0.14)
1172.94: (-0.52, 0.84, 0.18)
1173.05: (-0.82, 0.48, 0.33)
1173.15: (-0.87, 0.28, 0.40)
1173.27: (-0.81, 0.35, 0.47)
1173.39: (-0.72, 0.45, 0.53)
1173.49: (-0.72, 0.45, 0.53)
1173.49: (0.75, 0.34, -0.56): 2
1173.50: (-0.72, 0.45, 0.53)
1173.60: (-0.72, 0.45, 0.53)
1173.72: (-0.72, 0.45, 0.53)
1173.84: (-0.72, 0.45, 0.53)
1173.94: (-0.74, 0.49, 0.47)
1174.05: (-0.67, 0.67, 0.31)
1174.17: (-0.56, 0.82, 0.12)
1174.29: (-0.56, 0.82, 0.12)
1174.39: (-0.56, 0.82, 0.12)
1174.49: (-0.56, 0.82, 0.12)
1174.60: (-0.56, 0.82, 0.12)
1174.72: (-0.56, 0.82, 0.12)
1174.82: (-0.56, 0.82, 0.12)
1174.94: (-0.56, 0.82, 0.12)
1175.05: (-0.56, 0.82, 0.13)
1175.17: (-0.59, 0.79, 0.16)
1175.27: (-0.59, 0.79, 0.16)
1175.39: (-0.59, 0.79, 0.16)
1175.50: (-0.58, 0.80, 0.14)
1175.62: (-0.36, 0.92, -0.16)
1175.74: (0.13, 0.79, -0.60)
1175.84: (0.65, 0.14, -0.74)
1175.95: (0.73, -0.12, -0.68)
1176.07: (0.73, -0.12, -0.68)
1176.19: (0.71, 0.10, -0.69)
1176.29: (0.69, 0.29, -0.66)
1176.40: (0.71, 0.25, -0.65)
1176.50: (0.76, 0.24, -0.61)
1176.54: (0.76, 0.24, -0.61)
1176.54: (0.16, -0.99, 0.05): 2
1176.62: (0.76, 0.24, -0.61)
1176.74: (0.76, 0.24, -0.61)
1176.84: (0.76, 0.23, -0.61)
1176.95: (0.82, 0.00, -0.57)
1177.07: (0.86, -0.20, -0.47)
1177.19: (0.84, -0.39, -0.38)
1177.30: (0.66, -0.75, -0.04)
1177.40: (0.22, -0.89, 0.40)
1177.52: (0.11, -0.87, 0.47)
1177.62: (0.19, -0.92, 0.35)
1177.74: (0.22, -0.95, 0.22)
1177.85: (0.19, -0.98, 0.10)
1177.97: (0.18, -0.98, 0.10)
1177.99: (0.18, -0.98, 0.10)
1177.99: (-0.31, 0.31, -0.90): 0
1178.09: (0.18, -0.98, 0.10)
1178.20: (0.19, -0.98, 0.06)
1178.32: (0.19, -0.98, 0.06)
1178.44: (0.20, -0.98, 0.06)
1178.55: (0.13, -0.98, 0.15)
1178.67: (-0.12, -0.93, 0.33)
1178.79: (-0.29, -0.86, 0.41)
1178.90: (-0.48, -0.73, 0.49)
1179.02: (-0.66, -0.49, 0.57)
1179.12: (-0.68, -0.44, 0.58)
1179.24: (-0.68, -0.44, 0.58)
1179.35: (-0.68, -0.44, 0.58)
1179.47: (-0.66, -0.47, 0.58)
1179.59: (-0.48, -0.72, 0.50)
1179.70: (0.07, -0.99, 0.13)
1179.82: (0.59, -0.72, -0.37)
1179.94: (0.77, -0.02, -0.64)
1180.05: (0.56, 0.44, -0.71)
1180.17: (0.26, 0.43, -0.86)
1180.29: (-0.06, 0.21, -0.98)
1180.40: (-0.16, -0.09, -0.98)
1180.52: (-0.16, 0.20, -0.97)
1180.62: (-0.17, 0.28, -0.94)
1180.74: (-0.30, 0.27, -0.92)
1180.84: (-0.33, 0.26, -0.91)
1180.84: (-0.07, -0.67, 0.74): 1
1180.85: (-0.33, 0.26, -0.91)
1180.97: (-0.33, 0.26, -0.91)
1181.09: (-0.30, 0.24, -0.92)
1181.20: (-0.14, 0.07, -0.99)
1181.32: (0.16, -0.20, -0.97)
1181.44: (0.49, -0.43, -0.76)
1181.54: (0.66, -0.55, -0.51)
1181.65: (0.68, -0.65, -0.34)
1181.75: (0.66, -0.74, -0.12)
1181.87: (0.59, -0.76, 0.28)
1181.99: (0.52, -0.42, 0.74)
1182.10: (0.63, -0.15, 0.77)
1182.22: (0.55, -0.24, 0.80)
1182.32: (0.26, -0.49, 0.83)
1182.44: (0.19, -0.55, 0.82)
1182.55: (0.15, -0.56, 0.82)
1182.67: (-0.03, -0.60, 0.80)
1182.75: (-0.08, -0.62, 0.78)
1182.75: (-0.69, 0.64, 0.34): 0
1182.79: (-0.08, -0.62, 0.78)
1182.90: (-0.08, -0.62, 0.78)
1183.02: (-0.08, -0.60, 0.80)
1183.14: (-0.20, -0.50, 0.84)
1183.25: (-0.59, -0.16, 0.79)
1183.37: (-0.86, 0.37, 0.34)
1183.49: (-0.81, 0.59, 0.02)
1183.60: (-0.78, 0.59, 0.23)
1183.72: (-0.76, 0.56, 0.31)
1183.84: (-0.76, 0.56, 0.32)
1183.95: (-0.75, 0.54, 0.39)
1183.95: (-0.82, -0.24, 0.52): 1
1183.95: (-0.75, 0.54, 0.39)
1184.05: (-0.75, 0.54, 0.39)
1184.17: (-0.78, 0.50, 0.37)
1184.27: (-0.78, 0.50, 0.37)
1184.37: (-0.78, 0.50, 0.38)
1184.49: (-0.85, 0.20, 0.48)
1184.60: (-0.82, -0.13, 0.55)
1184.70: (-0.82, -0.12, 0.55)
1184.82: (-0.83, -0.08, 0.55)
1184.82: (-0.50, 0.25, 0.83): 2
1184.82: (-0.83, -0.08, 0.55)
1184.94: (-0.83, -0.08, 0.55)
1185.05: (-0.78, -0.19, 0.59)
1185.17: (-0.68, -0.04, 0.73)
1185.29: (-0.61, 0.12, 0.78)
1185.40: (-0.60, 0.14, 0.78)
1185.40: (-0.50, -0.84, 0.21): 2
1185.40: (-0.60, 0.14, 0.78)
1185.50: (-0.60, 0.14, 0.78)
1185.62: (-0.60, 0.14, 0.79)
1185.74: (-0.66, 0.17, 0.73)
1185.85: (-0.84, 0.47, 0.27)
1185.95: (-0.82, 0.57, -0.08)
1186.07: (-0.63, 0.66, -0.41)
1186.19: (-0.54, 0.71, -0.44)
1186.29: (-0.25, 0.72, -0.65)
1186.40: (-0.09, 0.66, -0.75)
1186.52: (0.03, 0.61, -0.79)
1186.62: (0.05, 0.60, -0.80)
1186.74: (0.04, 0.63, -0.77)
1186.85: (0.02, 0.86, -0.50)
1186.97: (0.06, 0.99, -0.12)
1187.08: (0.00, 0.95, 0.30)
1187.20: (-0.15, 0.77, 0.62)
1187.30: (-0.35, 0.54, 0.77)
1187.40: (-0.65, 0.31, 0.70)
1187.52: (-0.89, -0.13, 0.43)
1187.62: (-0.83, -0.56, 0.04)
1187.73: (-0.52, -0.80, -0.30)
1187.85: (-0.49, -0.86, -0.17)
1187.97: (-0.55, -0.82, 0.14)
1188.08: (-0.55, -0.82, 0.17)
1188.17: (-0.50, -0.85, 0.19)
1188.17: (0.29, 0.84, 0.45): 1
1188.18: (-0.49, -0.85, 0.19)
1188.30: (-0.49, -0.85, 0.19)
1188.42: (-0.49, -0.85, 0.19)
1188.52: (-0.50, -0.85, 0.19)
1188.63: (-0.51, -0.83, 0.21)
1188.75: (-0.79, -0.40, 0.47)
1188.87: (-0.83, 0.06, 0.56)
1188.98: (-0.78, 0.29, 0.55)
1189.08: (-0.68, 0.49, 0.54)
1189.20: (-0.48, 0.73, 0.49)
1189.32: (-0.07, 0.97, 0.21)
1189.43: (-0.04, 0.99, 0.14)
1189.53: (-0.04, 0.99, 0.14)
1189.65: (0.18, 0.91, 0.36)
1189.77: (0.25, 0.88, 0.41)
1189.85: (0.25, 0.88, 0.41)
1189.85: (0.17, -0.12, -0.98): 0
1189.87: (0.25, 0.88, 0.41)
1189.98: (0.25, 0.88, 0.40)
1190.10: (0.29, 0.89, 0.35)
1190.22: (0.39, 0.89, 0.23)
1190.33: (0.45, 0.88, 0.16)
1190.43: (0.49, 0.86, 0.11)
1190.55: (0.72, 0.67, -0.16)
1190.67: (0.83, 0.41, -0.38)
1190.78: (0.84, 0.21, -0.51)
1190.90: (0.80, 0.08, -0.59)
1191.02: (0.78, 0.05, -0.63)
1191.12: (0.77, 0.06, -0.63)
1191.22: (0.77, 0.06, -0.63)
1191.33: (0.73, -0.08, -0.67)
1191.45: (0.44, -0.25, -0.86)
1191.57: (0.30, -0.30, -0.90)
1191.68: (0.24, -0.24, -0.94)
1191.77: (0.19, -0.17, -0.97)
1191.77: (0.09, 0.98, 0.19): 1
1191.78: (0.19, -0.17, -0.97)
1191.90: (0.19, -0.17, -0.97)
1192.02: (0.19, -0.17, -0.97)
1192.12: (0.11, -0.39, -0.92)
1192.23: (-0.01, -0.57, -0.82)
1192.35: (-0.05, -0.60, -0.80)
1192.47: (-0.08, -0.64, -0.76)
1192.58: (0.25, -0.26, -0.93)
1192.68: (0.59, 0.40, -0.70)
1192.80: (0.64, 0.72, -0.27)
1192.92: (0.53, 0.84, 0.11)
1193.02: (0.38, 0.85, 0.37)
1193.12: (0.27, 0.94, 0.20)
1193.23: (0.20, 0.97, 0.09)
1193.35: (0.13, 0.99, 0.10)
1193.42: (0.11, 0.99, 0.10)
1193.42: (-0.98, -0.12, -0.12): 0
1193.45: (0.11, 0.99, 0.10)
1193.57: (0.12, 0.99, 0.10)
1193.68: (0.12, 0.99, 0.10)
1193.78: (0.07, 0.98, 0.16)
1193.90: (-0.19, 0.88, 0.43)
1194.02: (-0.40, 0.57, 0.71)
1194.13: (-0.58, -0.02, 0.81)
1194.25: (-0.61, -0.06, 0.79)
1194.37: (-0.61, -0.06, 0.79)
1194.48: (-0.57, -0.30, 0.76)
1194.60: (-0.41, -0.64, 0.65)
1194.72: (-0.24, -0.87, 0.42)
1194.83: (0.02, -0.99, -0.12)
1194.95: (0.16, -0.84, -0.52)
1195.05: (0.33, -0.54, -0.77)
1195.17: (0.40, -0.31, -0.86)
1195.28: (0.24, -0.45, -0.86)
1195.40: (0.02, -0.80, -0.60)
1195.52: (-0.21, -0.98, -0.01)
1195.62: (-0.52, -0.77, 0.37)
1195.72: (-0.62, -0.40, 0.67)
1195.83: (-0.65, 0.01, 0.76)
1195.95: (-0.60, 0.30, 0.74)
1196.07: (-0.36, 0.57, 0.74)
1196.18: (-0.04, 0.76, 0.65)
1196.30: (0.11, 0.85, 0.52)
1196.42: (0.29, 0.88, 0.37)
1196.53: (-0.12, 0.78, 0.61)
1196.65: (-0.74, 0.34, 0.59)
1196.77: (-0.96, -0.15, 0.22)
1196.87: (-0.93, -0.37, -0.04)
1196.97: (-0.92, -0.38, -0.10)
1197.08: (-1.00, -0.07, 0.02)
1197.20: (-1.00, -0.09, 0.01)
1197.32: (-0.98, -0.15, -0.09)
1197.32: (0.03, 0.14, -0.99): 2
1197.32: (-0.98, -0.15, -0.09)
1197.43: (-0.98, -0.15, -0.09)
1197.55: (-0.98, -0.21, -0.07)
1197.67: (-0.95, -0.31, -0.03)
1197.78: (-0.90, -0.43, -0.02)
1197.90: (-0.83, -0.55, 0.04)
1198.02: (-0.63, -0.70, 0.34)
1198.12: (-0.28, -0.73, 0.63)
1198.23: (-0.16, -0.67, 0.73)
1198.33: (-0.16, -0.70, 0.70)
1198.45: (0.05, -0.91, 0.42)
1198.55: (0.29, -0.95, 0.10)
1198.67: (0.61, -0.65, -0.45)
1198.78: (0.63, -0.39, -0.67)
1198.90: (0.62, -0.44, -0.65)
1199.00: (0.62, -0.44, -0.65)
1199.12: (0.40, -0.29, -0.87)
1199.22: (0.09, 0.07, -0.99)
1199.33: (0.09, 0.15, -0.98)
1199.45: (0.13, 0.15, -0.98)
1199.45: (0.64, 0.08, -0.76): 2
1199.45: (0.13, 0.15, -0.98)
1199.57: (0.13, 0.15, -0.98)
1199.67: (0.13, 0.14, -0.98)
1199.77: (0.31, 0.12, -0.94)
1199.88: (0.55, 0.12, -0.83)
1200.00: (0.55, 0.12, -0.82)
1200.00: (-0.80, 0.08, -0.60): 1
1200.00: (0.55, 0.12, -0.82)
1200.12: (0.55, 0.12, -0.82)
1200.23: (0.55, 0.11, -0.83)
1200.33: (0.57, 0.03, -0.82)
1200.45: (0.56, -0.49, -0.66)
1200.55: (0.40, -0.78, -0.48)
1200.67: (0.34, -0.81, -0.47)
1200.78: (0.14, -0.96, -0.25)
1200.90: (-0.22, -0.97, -0.02)
1201.00: (-0.58, -0.77, 0.27)
1201.10: (-0.68, -0.29, 0.67)
1201.22: (-0.49, 0.20, 0.85)
1201.33: (-0.22, 0.39, 0.90)
1201.45: (0.21, 0.45, 0.87)
1201.55: (0.48, 0.49, 0.73)
1201.67: (0.65, 0.57, 0.50)
1201.78: (0.70, 0.65, 0.28)
1201.90: (0.65, 0.67, 0.37)
1202.02: (0.65, 0.66, 0.38)
1202.13: (0.79, 0.47, 0.41)
1202.25: (0.94, 0.06, 0.34)
1202.37: (0.97, -0.13, 0.20)
1202.47: (0.97, -0.21, 0.10)
1202.57: (0.96, -0.24, -0.17)
1202.68: (0.83, -0.01, -0.56)
1202.80: (0.55, 0.36, -0.76)
1202.92: (0.49, 0.44, -0.76)
1203.03: (0.56, 0.42, -0.71)
1203.13: (0.58, 0.44, -0.69)
1203.25: (0.14, 0.84, -0.53)
1203.37: (-0.35, 0.93, -0.13)
1203.48: (-0.62, 0.78, 0.07)
1203.60: (-0.81, 0.56, 0.20)
1203.70: (-0.94, 0.26, 0.21)
1203.82: (-0.99, -0.01, 0.16)
1203.93: (-0.98, 0.08, 0.19)
1204.05: (-0.98, 0.08, 0.19)
1204.15: (-0.99, 0.15, -0.08)
1204.27: (-0.86, 0.01, -0.50)
1204.38: (-0.54, -0.15, -0.83)
1204.48: (-0.52, -0.14, -0.84)
1204.60: (-0.70, 0.10, -0.71)
1204.71: (-0.72, 0.08, -0.69)
1204.83: (-0.76, 0.04, -0.65)
1204.91: (-0.79, 0.05, -0.61)
1204.91: (-0.98, 0.19, -0.01): 0
1204.93: (-0.79, 0.05, -0.61)
1205.03: (-0.79, 0.05, -0.61)
1205.15: (-0.78, 0.03, -0.62)
1205.26: (-0.79, -0.03, -0.62)
1205.38: (-0.94, -0.02, -0.34)
1205.50: (-0.99, 0.06, -0.16)
1205.61: (-0.99, 0.07, -0.15)
1205.73: (-0.98, 0.14, -0.10)
1205.80: (-0.98, 0.16, -0.11)
1205.80: (0.86, 0.04, 0.51): 0
1205.85: (-0.98, 0.16, -0.11)
1205.96: (-0.98, 0.16, -0.11)
1206.08: (-0.98, 0.15, -0.13)
1206.20: (-0.94, 0.24, -0.24)
1206.30: (-0.69, 0.71, -0.16)
1206.41: (-0.05, 1.00, -0.04)
1206.53: (0.56, 0.83, 0.02)
1206.65: (0.91, 0.41, 0.11)
1206.76: (0.98, 0.19, 0.10)
1206.86: (0.99, 0.06, 0.12)
1206.98: (0.93, 0.12, 0.35)
1207.10: (0.86, 0.02, 0.50)
1207.18: (0.86, -0.01, 0.52)
1207.18: (-0.21, 0.62, -0.76): 1
1207.20: (0.86, -0.01, 0.52)
1207.31: (0.86, -0.01, 0.52)
1207.41: (0.87, -0.07, 0.49)
1207.51: (0.85, -0.28, 0.46)
1207.63: (0.72, -0.55, 0.43)
1207.75: (0.50, -0.79, 0.34)
1207.86: (0.27, -0.93, 0.27)
1207.98: (0.11, -0.97, 0.21)
1208.10: (-0.38, -0.92, 0.03)
1208.20: (-0.30, -0.95, 0.14)
1208.31: (-0.30, -0.95, 0.14)
1208.43: (-0.30, -0.94, 0.13)
1208.55: (-0.68, -0.73, -0.10)
1208.66: (-0.92, -0.24, -0.32)
1208.78: (-0.86, 0.40, -0.31)
1208.88: (-0.54, 0.79, -0.28)
1209.00: (-0.46, 0.84, -0.30)
1209.11: (-0.46, 0.84, -0.30)
1209.23: (-0.37, 0.72, -0.59)
1209.35: (-0.23, 0.64, -0.73)
1209.46: (-0.24, 0.64, -0.73)
1209.46: (-0.90, 0.33, 0.29): 0
1209.46: (-0.24, 0.64, -0.73)
1209.58: (-0.24, 0.64, -0.73)
1209.68: (-0.24, 0.64, -0.73)
1209.80: (-0.19, 0.67, -0.72)
1209.91: (0.31, 0.80, -0.52)
1210.03: (0.57, 0.80, -0.20)
1210.13: (0.53, 0.83, -0.16)
1210.23: (0.53, 0.83, -0.16)
1210.35: (0.53, 0.83, -0.16)
1210.46: (0.67, 0.74, -0.07)
1210.56: (0.89, 0.41, 0.20)
1210.68: (0.87, -0.16, 0.47)
1210.80: (0.73, -0.34, 0.60)
1210.91: (0.34, -0.60, 0.73)
1211.01: (0.10, -0.72, 0.69)
1211.13: (0.09, -0.88, 0.47)
1211.23: (0.16, -0.97, 0.20)
1211.35: (0.18, -0.98, -0.07)
1211.45: (0.19, -0.88, -0.43)
1211.56: (0.18, -0.66, -0.72)
1211.68: (0.58, -0.59, -0.56)
1211.78: (0.99, -0.03, 0.17)
1211.90: (0.14, 0.52, 0.84)
1212.00: (-0.55, 0.55, 0.63)
1212.11: (-0.88, 0.43, 0.18)
1212.23: (-0.97, 0.23, -0.05)
1212.35: (-0.95, 0.30, 0.05)
1212.46: (-0.93, 0.33, 0.18)
1212.56: (-0.94, 0.26, 0.22)
1212.61: (-0.94, 0.26, 0.22)
1212.61: (0.60, 0.76, 0.26): 1
1212.68: (-0.94, 0.26, 0.22)
1212.78: (-0.94, 0.26, 0.23)
1212.88: (-0.94, 0.26, 0.21)
1213.00: (-0.98, 0.22, 0.01)
1213.11: (-0.94, 0.05, -0.35)
1213.23: (-0.60, -0.27, -0.75)
1213.33: (-0.32, -0.42, -0.85)
1213.45: (0.07, -0.53, -0.85)
1213.56: (0.49, -0.49, -0.72)
1213.68: (0.65, -0.46, -0.61)
1213.80: (0.58, -0.51, -0.64)
1213.90: (0.58, -0.51, -0.64)
1214.01: (0.56, -0.50, -0.67)
1214.13: (0.72, -0.21, -0.66)
1214.23: (0.70, 0.09, -0.71)
1214.35: (0.76, 0.16, -0.62)
1214.46: (0.96, 0.04, -0.28)
1214.58: (0.96, -0.06, 0.26)
1214.70: (0.84, 0.07, 0.54)
1214.81: (0.72, 0.15, 0.68)
1214.91: (0.72, 0.15, 0.68)
1215.01: (0.72, 0.15, 0.68)
1215.13: (0.78, 0.17, 0.60)
1215.25: (0.43, 0.31, 0.85)
1215.35: (-0.18, 0.37, 0.91)
1215.46: (-0.51, 0.30, 0.81)
1215.56: (-0.74, 0.11, 0.66)
1215.68: (-0.85, -0.15, 0.51)
1215.80: (-0.81, -0.46, 0.37)
1215.91: (-0.65, -0.73, 0.19)
1216.03: (-0.43, -0.90, -0.02)
1216.15: (-0.25, -0.95, -0.17)
1216.26: (-0.18, -0.96, -0.21)
1216.38: (-0.20, -0.98, -0.01)
1216.50: (-0.02, -0.74, 0.67)
1216.60: (0.23, 0.01, 0.97)
1216.71: (0.29, 0.75, 0.59)
1216.83: (0.21, 0.97, 0.15)
1216.93: (0.16, 0.98, -0.10)
1217.05: (0.23, 0.97, -0.03)
1217.16: (0.40, 0.90, 0.19)
1217.26: (0.51, 0.82, 0.26)
1217.36: (0.57, 0.77, 0.28)
1217.43: (0.57, 0.77, 0.28)
1217.43: (0.96, -0.27, -0.07): 1
1217.48: (0.57, 0.77, 0.28)
1217.58: (0.57, 0.77, 0.28)
1217.70: (0.56, 0.78, 0.28)
1217.81: (0.45, 0.87, 0.20)
1217.91: (0.17, 0.98, 0.02)
1218.03: (-0.31, 0.91, -0.27)
1218.15: (-0.68, 0.53, -0.50)
1218.26: (-0.64, 0.23, -0.73)
1218.36: (-0.48, -0.01, -0.88)
1218.48: (-0.19, -0.40, -0.90)
1218.60: (-0.18, -0.40, -0.90)
1218.70: (-0.19, -0.39, -0.90)
1218.81: (-0.16, -0.51, -0.85)
1218.91: (0.12, -0.83, -0.55)
1219.03: (0.36, -0.91, -0.19)
1219.15: (0.56, -0.78, 0.27)
1219.26: (0.57, -0.64, 0.53)
1219.38: (0.56, -0.64, 0.51)
1219.48: (0.42, -0.91, 0.03)
1219.58: (-0.12, -0.73, -0.68)
1219.70: (-0.64, -0.26, -0.72)
1219.81: (-0.94, -0.05, -0.33)
1219.93: (-0.98, -0.04, 0.19)
1220.05: (-0.93, 0.02, 0.38)
1220.15: (-0.88, 0.27, 0.40)
1220.25: (-0.75, 0.58, 0.32)
1220.36: (-0.78, 0.57, 0.27)
1220.48: (-0.78, 0.57, 0.27)
1220.60: (-0.46, 0.75, 0.47)
1220.71: (0.24, 0.83, 0.50)
1220.83: (0.77, 0.64, 0.04)
1220.94: (0.83, 0.45, -0.32)
1221.06: (0.79, 0.53, -0.30)
1221.18: (0.83, 0.49, -0.28)
1221.29: (0.90, 0.16, -0.42)
1221.41: (0.62, -0.34, -0.71)
1221.53: (-0.03, -0.64, -0.77)
1221.64: (0.45, -0.58, -0.68)
1221.76: (0.88, -0.28, -0.37)
1221.86: (0.89, -0.29, -0.35)
1221.98: (0.91, -0.34, -0.22)
1222.09: (0.96, -0.27, -0.07)
1222.11: (0.96, -0.27, -0.07)
1222.11: (-0.63, 0.35, 0.69): 1
1222.21: (0.96, -0.27, -0.07)
1222.31: (0.94, -0.31, -0.13)
1222.43: (0.71, -0.57, -0.42)
1222.54: (0.70, -0.56, -0.44)
1222.66: (0.70, -0.57, -0.43)
1222.78: (0.18, -0.84, -0.50)
1222.89: (-0.30, -0.78, -0.56)
1222.99: (-0.50, -0.63, -0.59)
1223.11: (-0.75, -0.48, -0.45)
1223.23: (-0.99, -0.11, -0.02)
1223.34: (-0.97, -0.24, -0.11)
1223.44: (-0.94, -0.28, -0.19)
1223.56: (-0.92, -0.33, -0.20)
1223.68: (-0.98, -0.08, 0.20)
1223.79: (-0.86, 0.16, 0.49)
1223.89: (-0.80, 0.23, 0.55)
1224.01: (-0.71, 0.32, 0.62)
1224.09: (-0.67, 0.36, 0.64)
1224.09: (-1.00, 0.01, 0.07): 2
1224.13: (-0.67, 0.36, 0.64)
1224.24: (-0.67, 0.36, 0.64)
1224.34: (-0.64, 0.46, 0.61)
1224.44: (-0.70, 0.43, 0.58)
1224.56: (-0.86, 0.29, 0.41)
1224.68: (-0.99, 0.05, 0.14)
1224.79: (-1.00, 0.03, 0.06)
1224.89: (-1.00, 0.03, 0.06)
1224.91: (-1.00, 0.03, 0.06)
1224.91: (-0.42, -0.26, -0.87): 1
1225.01: (-1.00, 0.03, 0.06)
1225.13: (-1.00, 0.03, 0.06)
1225.24: (-0.99, 0.10, 0.09)
1225.34: (-0.99, 0.12, 0.02)
1225.46: (-0.87, -0.17, -0.46)
1225.58: (-0.33, -0.55, -0.76)
1225.68: (0.20, -0.74, -0.64)
1225.78: (-0.08, -0.65, -0.76)
1225.89: (-0.34, -0.49, -0.81)
1225.99: (-0.39, -0.42, -0.82)
1226.11: (-0.46, -0.28, -0.84)
1226.18: (-0.45, -0.28, -0.85)
1226.18: (0.92, -0.14, -0.36): 2
1226.23: (-0.45, -0.28, -0.85)
1226.34: (-0.39, -0.35, -0.85)
1226.44: (0.03, -0.65, -0.76)
1226.54: (0.57, -0.72, -0.39)
1226.66: (0.90, -0.27, 0.33)
1226.78: (0.90, -0.20, 0.38)
1226.89: (0.91, -0.22, 0.36)
1227.01: (0.93, -0.33, 0.14)
1227.11: (0.92, -0.31, -0.23)
1227.23: (0.89, -0.26, -0.37)
1227.34: (0.94, -0.20, -0.29)
1227.39: (0.94, -0.18, -0.27)
1227.39: (-0.31, -0.83, 0.46): 0
1227.46: (0.94, -0.18, -0.27)
1227.56: (0.94, -0.18, -0.28)
1227.68: (0.98, -0.13, -0.14)
1227.78: (0.93, 0.11, 0.36)
1227.89: (0.51, 0.43, 0.74)
1227.99: (0.05, 0.59, 0.80)
1228.11: (0.11, 0.60, 0.79)
1228.23: (0.16, 0.60, 0.79)
1228.34: (0.16, 0.60, 0.79)
1228.46: (-0.03, 0.62, 0.78)
1228.58: (-0.77, 0.47, 0.43)
1228.69: (-0.97, 0.22, -0.02)
1228.81: (-0.96, 0.03, -0.29)
1228.93: (-0.88, -0.13, -0.46)
1229.03: (-0.81, -0.20, -0.54)
1229.14: (-0.86, -0.15, -0.48)
1229.24: (-0.97, 0.25, -0.04)
1229.36: (-0.29, 0.69, 0.67)
1229.46: (0.39, 0.57, 0.72)
1229.58: (0.73, 0.33, 0.60)
1229.69: (0.95, 0.00, 0.30)
1229.81: (0.95, -0.31, -0.05)
1229.93: (0.75, -0.55, -0.38)
1230.03: (0.46, -0.65, -0.60)
1230.14: (0.42, -0.66, -0.63)
1230.24: (0.42, -0.66, -0.62)
1230.36: (0.43, -0.69, -0.58)
1230.48: (0.10, -0.84, -0.54)
1230.58: (-0.27, -0.93, -0.24)
1230.69: (-0.67, -0.74, -0.04)
1230.79: (-0.86, -0.52, 0.02)
1230.91: (-0.89, -0.43, 0.14)
1231.03: (-0.44, -0.85, 0.28)
1231.13: (-0.34, -0.90, 0.28)
1231.24: (-0.29, -0.87, 0.40)
1231.34: (-0.30, -0.84, 0.45)
1231.34: (-0.33, 0.94, -0.12): 1
1231.34: (-0.30, -0.84, 0.45)
1231.46: (-0.30, -0.84, 0.45)
1231.58: (-0.36, -0.82, 0.44)
1231.69: (-0.82, -0.50, 0.28)
1231.81: (-1.00, 0.02, 0.07)
1231.91: (-1.00, 0.06, -0.04)
1232.03: (-1.00, 0.05, -0.04)
1232.14: (-0.99, 0.11, -0.03)
1232.26: (-0.78, 0.59, -0.20)
1232.38: (-0.45, 0.84, -0.30)
1232.48: (-0.35, 0.89, -0.31)
1232.59: (-0.39, 0.91, -0.15)
1232.69: (-0.40, 0.91, -0.13)
1232.69: (0.26, 0.41, -0.88): 1
1232.71: (-0.40, 0.91, -0.13)
1232.81: (-0.39, 0.91, -0.13)
1232.93: (-0.31, 0.93, -0.20)
1233.04: (-0.35, 0.91, -0.21)
1233.14: (-0.34, 0.92, -0.19)
1233.26: (-0.02, 0.96, -0.26)
1233.38: (0.42, 0.86, -0.28)
1233.49: (0.65, 0.71, -0.27)
1233.61: (0.79, 0.55, -0.26)
1233.71: (0.91, 0.36, -0.20)
1233.83: (1.00, 0.01, -0.10)
1233.93: (1.00, -0.07, -0.07)
1234.04: (0.92, 0.35, -0.20)
1234.14: (0.36, 0.85, -0.39)
1234.26: (-0.34, 0.80, -0.50)
1234.38: (-0.74, 0.35, -0.58)
1234.49: (-0.70, -0.06, -0.72)
1234.61: (-0.21, 0.21, -0.95)
1234.71: (0.25, 0.52, -0.81)
1234.83: (0.41, 0.54, -0.73)
1234.94: (0.28, 0.45, -0.85)
1235.04: (0.23, 0.40, -0.88)
1235.08: (0.23, 0.40, -0.88)
1235.08: (-0.79, -0.62, -0.02): 2
1235.16: (0.23, 0.40, -0.88)
1235.28: (0.23, 0.41, -0.88)
1235.39: (0.22, 0.41, -0.88)
1235.49: (0.59, 0.52, -0.62)
1235.61: (0.90, 0.40, 0.18)
1235.73: (0.86, 0.30, 0.42)
1235.83: (0.90, 0.32, 0.31)
1235.94: (0.90, 0.32, 0.31)
1236.06: (0.88, 0.36, 0.30)
1236.18: (0.81, 0.50, -0.31)
1236.29: (0.53, 0.38, -0.76)
1236.41: (0.21, 0.16, -0.97)
1236.53: (-0.15, 0.06, -0.99)
1236.64: (-0.31, 0.06, -0.95)
1236.74: (-0.50, 0.03, -0.86)
1236.86: (-0.77, -0.07, -0.63)
1236.98: (-0.91, -0.18, -0.38)
1237.08: (-0.94, -0.33, 0.03)
1237.19: (-0.94, -0.32, -0.13)
1237.31: (-0.93, -0.37, -0.08)
1237.43: (-0.84, -0.54, 0.07)
1237.54: (-0.81, -0.57, 0.11)
1237.54: (-1.00, -0.02, 0.05): 1
1237.54: (-0.81, -0.57, 0.11)
1237.66: (-0.81, -0.57, 0.10)
1237.78: (-0.82, -0.56, 0.12)
1237.89: (-0.94, -0.32, 0.08)
1238.01: (-0.99, -0.10, 0.03)
1238.11: (-1.00, -0.09, 0.03)
1238.11: (0.82, 0.47, -0.33): 2
1238.11: (-1.00, -0.09, 0.03)
1238.22: (-1.00, -0.09, 0.03)
1238.34: (-1.00, -0.09, 0.03)
1238.46: (-0.99, -0.11, 0.02)
1238.57: (-0.81, 0.01, -0.58)
1238.67: (-0.40, 0.14, -0.91)
1238.79: (-0.07, 0.20, -0.98)
1238.91: (0.12, 0.45, -0.89)
1239.01: (0.35, 0.65, -0.68)
1239.11: (0.68, 0.57, -0.46)
1239.22: (0.88, 0.37, -0.30)
1239.34: (0.88, 0.37, -0.30)
1239.46: (0.85, 0.42, -0.32)
1239.56: (0.82, 0.46, -0.33)
1239.66: (0.82, 0.46, -0.34)
1239.66: (-0.66, 0.05, -0.75): 0
1239.67: (0.82, 0.46, -0.34)
1239.77: (0.83, 0.46, -0.33)
1239.89: (0.85, 0.39, -0.35)
1240.01: (0.85, 0.39, -0.35)
1240.12: (0.84, 0.42, -0.34)
1240.22: (0.92, 0.34, -0.21)
1240.34: (0.97, 0.02, 0.25)
1240.46: (0.93, -0.06, 0.37)
1240.57: (0.84, -0.24, 0.48)
1240.69: (0.41, -0.49, 0.77)
1240.81: (0.16, -0.15, 0.97)
1240.92: (-0.09, 0.11, 0.99)
1241.02: (-0.26, -0.05, 0.96)
1241.14: (-0.60, -0.45, 0.67)
1241.26: (-0.65, -0.70, 0.29)
1241.37: (-0.63, -0.73, 0.28)
1241.47: (-0.63, -0.73, 0.28)
1241.57: (-0.63, -0.74, 0.24)
1241.69: (-0.60, -0.78, -0.18)
1241.79: (-0.53, -0.72, -0.46)
1241.91: (-0.46, -0.65, -0.61)
1242.02: (-0.28, -0.26, -0.93)
1242.14: (-0.47, -0.08, -0.88)
1242.26: (-0.65, 0.01, -0.76)
1242.36: (-0.66, 0.01, -0.75)
1242.42: (-0.67, 0.01, -0.74)
1242.42: (0.81, -0.20, -0.55): 0
1242.47: (-0.67, 0.01, -0.74)
1242.59: (-0.59, 0.03, -0.81)
1242.69: (-0.59, 0.03, -0.81)
1242.81: (-0.59, 0.03, -0.80)
1242.92: (-0.56, 0.32, -0.76)
1243.02: (-0.42, 0.66, -0.62)
1243.14: (-0.31, 0.91, -0.28)
1243.26: (-0.26, 0.96, -0.07)
1243.37: (0.00, 1.00, 0.05)
1243.49: (0.30, 0.93, 0.19)
1243.61: (0.73, 0.67, 0.17)
1243.71: (0.96, 0.27, 0.01)
1243.81: (1.00, 0.02, -0.09)
1243.92: (0.97, -0.21, -0.16)
1244.04: (0.94, -0.27, -0.22)
1244.16: (0.95, -0.23, -0.23)
1244.27: (0.86, -0.23, -0.44)
1244.39: (0.74, -0.18, -0.65)
1244.49: (0.76, -0.18, -0.62)
1244.61: (0.81, -0.18, -0.56)
1244.64: (0.81, -0.18, -0.56)
1244.64: (0.69, 0.30, -0.65): 0
1244.72: (0.81, -0.18, -0.56)
1244.84: (0.80, -0.17, -0.57)
1244.96: (0.79, -0.13, -0.60)
1245.07: (0.79, -0.11, -0.60)
1245.19: (0.76, 0.20, -0.62)
1245.31: (0.75, 0.26, -0.61)
1245.37: (0.75, 0.26, -0.61)
1245.37: (0.09, 1.00, 0.03): 2
1245.41: (0.75, 0.26, -0.61)
1245.52: (0.75, 0.25, -0.61)
1245.64: (0.76, 0.24, -0.60)
1245.74: (0.84, -0.15, -0.52)
1245.86: (0.56, -0.80, -0.22)
1245.97: (0.28, -0.96, -0.07)
1246.09: (0.24, -0.97, -0.06)
1246.19: (0.30, -0.95, -0.10)
1246.31: (0.72, -0.53, -0.44)
1246.42: (0.75, 0.25, -0.62)
1246.54: (0.39, 0.73, -0.56)
1246.64: (-0.01, 0.93, -0.36)
1246.74: (-0.38, 0.92, -0.03)
1246.86: (-0.19, 0.98, 0.02)
1246.97: (0.07, 1.00, -0.01)
1247.09: (0.08, 1.00, 0.01)
1247.14: (0.07, 1.00, 0.03)
1247.14: (-0.22, 0.22, 0.95): 1
1247.21: (0.07, 1.00, 0.03)
1247.31: (0.06, 1.00, 0.04)
1247.42: (-0.13, 0.93, 0.33)
1247.54: (-0.30, 0.72, 0.63)
1247.64: (-0.42, 0.30, 0.86)
1247.76: (-0.36, 0.05, 0.93)
1247.87: (-0.26, 0.22, 0.94)
1247.99: (-0.25, 0.26, 0.94)
1247.99: (-0.97, -0.03, -0.24): 2
1247.99: (-0.25, 0.26, 0.94)
1248.11: (-0.25, 0.25, 0.93)
1248.22: (-0.32, 0.26, 0.91)
1248.34: (-0.32, 0.26, 0.91)
1248.46: (-0.27, 0.25, 0.93)
1248.57: (-0.24, -0.24, 0.94)
1248.69: (-0.07, -0.61, 0.79)
1248.81: (0.06, -0.77, 0.64)
1248.91: (0.15, -0.90, 0.42)
1249.02: (0.04, -0.99, 0.17)
1249.12: (-0.22, -0.94, -0.24)
1249.24: (-0.53, -0.68, -0.50)
1249.36: (-0.65, -0.21, -0.73)
1249.47: (-0.67, -0.25, -0.70)
1249.59: (-0.69, -0.30, -0.66)
1249.71: (-0.78, -0.30, -0.54)
1249.82: (-0.89, -0.20, -0.41)
1249.94: (-0.91, -0.17, -0.38)
1250.06: (-0.94, -0.10, -0.33)
1250.07: (-0.94, -0.09, -0.33)
1250.07: (-0.12, -0.99, 0.10): 0
1250.17: (-0.95, -0.06, -0.31)
1250.27: (-0.95, -0.07, -0.31)
1250.39: (-0.95, -0.09, -0.31)
1250.51: (-0.93, -0.33, -0.16)
1250.62: (-0.51, -0.77, 0.39)
1250.72: (-0.23, -0.82, 0.52)
1250.84: (-0.31, -0.82, 0.49)
1250.96: (-0.36, -0.88, 0.31)
1251.07: (-0.24, -0.97, 0.05)
1251.19: (-0.17, -0.99, -0.04)
1251.26: (-0.17, -0.99, -0.03)
1251.26: (0.94, -0.02, 0.34): 2
1251.31: (-0.17, -0.99, -0.03)
1251.41: (-0.16, -0.99, 0.02)
1251.52: (-0.07, -0.97, 0.21)
1251.64: (0.39, -0.75, 0.53)
1251.74: (0.65, -0.37, 0.66)
1251.86: (0.64, -0.40, 0.66)
1251.97: (0.65, -0.39, 0.65)
1252.07: (0.84, -0.20, 0.50)
1252.19: (0.92, -0.13, 0.38)
1252.31: (0.95, -0.06, 0.31)
1252.36: (0.95, -0.04, 0.30)
1252.36: (-0.98, 0.19, 0.08): 2
1252.41: (0.95, -0.04, 0.30)
1252.51: (0.95, -0.04, 0.30)
1252.62: (0.92, 0.28, 0.28)
1252.74: (0.79, 0.59, 0.14)
1252.86: (0.48, 0.88, 0.01)
1252.97: (0.49, 0.87, 0.06)
1253.09: (0.56, 0.82, 0.08)
1253.19: (0.44, 0.90, -0.04)
1253.31: (0.01, 0.85, -0.53)
1253.42: (-0.43, 0.56, -0.71)
1253.52: (-0.80, 0.40, -0.45)
1253.64: (-0.99, 0.09, -0.08)
1253.76: (-0.92, -0.23, 0.31)
1253.87: (-0.96, -0.16, 0.22)
1253.99: (-0.99, 0.02, 0.10)
1254.09: (-0.98, 0.22, 0.01)
1254.19: (-0.97, 0.26, -0.02)
1254.19: (0.63, 0.73, -0.25): 1
1254.21: (-0.97, 0.26, -0.02)
1254.31: (-0.97, 0.24, 0.00)
1254.41: (-0.98, 0.20, 0.04)
1254.52: (-0.90, -0.18, 0.39)
1254.64: (-0.52, -0.57, 0.63)
1254.76: (-0.65, -0.46, 0.60)
1254.87: (-0.88, -0.24, 0.42)
1254.99: (-0.72, -0.34, 0.61)
1255.10: (-0.32, -0.22, 0.92)
1255.22: (0.21, -0.13, 0.97)
1255.32: (0.51, -0.16, 0.85)
1255.42: (0.71, -0.12, 0.69)
1255.54: (0.93, 0.00, 0.37)
1255.65: (0.96, 0.05, 0.29)
1255.77: (0.76, -0.24, 0.60)
1255.87: (-0.22, -0.72, 0.66)
1255.99: (-0.82, -0.58, -0.02)
1256.09: (-0.91, -0.37, -0.19)
1256.20: (-0.91, -0.36, -0.20)
1256.32: (-0.97, -0.14, -0.20)
1256.44: (-0.83, 0.53, 0.18)
1256.55: (-0.02, 0.75, 0.66)
1256.65: (0.75, 0.24, 0.61)
1256.77: (0.96, -0.27, 0.05)
1256.89: (0.85, -0.18, -0.49)
1257.00: (0.45, -0.31, -0.84)
1257.10: (0.57, -0.41, -0.71)
1257.20: (0.57, -0.41, -0.71)
1257.32: (0.83, -0.33, -0.44)
1257.44: (0.73, -0.65, -0.23)
1257.54: (0.34, -0.93, 0.09)
1257.65: (-0.06, -0.99, 0.14)
1257.77: (-0.17, -0.98, -0.10)
1257.87: (-0.44, -0.81, -0.39)
1257.99: (-0.73, -0.24, -0.64)
1258.10: (-0.86, 0.18, -0.48)
1258.22: (-0.95, 0.27, -0.13)
1258.34: (-0.82, 0.55, -0.17)
1258.44: (-0.54, 0.79, -0.30)
1258.54: (-0.13, 0.89, -0.44)
1258.64: (0.21, 0.77, -0.60)
1258.75: (0.55, 0.58, -0.61)
1258.87: (0.57, 0.67, -0.48)
1258.99: (0.56, 0.76, -0.34)
1259.04: (0.56, 0.76, -0.34)
1259.04: (-0.99, -0.05, 0.15): 0
1259.10: (0.56, 0.76, -0.34)
1259.20: (0.59, 0.74, -0.32)
1259.32: (0.55, 0.76, -0.36)
1259.42: (0.55, 0.76, -0.36)
1259.54: (0.42, 0.77, -0.48)
1259.65: (0.68, 0.63, -0.36)
1259.77: (0.99, 0.11, 0.01)
1259.89: (0.84, -0.32, 0.44)
1259.99: (0.50, -0.42, 0.75)
1260.10: (0.24, -0.35, 0.91)
1260.22: (0.01, -0.10, 1.00)
1260.34: (0.00, 0.31, 0.95)
1260.44: (0.11, 0.51, 0.86)
1260.55: (0.39, 0.66, 0.64)
1260.65: (0.57, 0.67, 0.48)
1260.77: (0.79, 0.50, 0.35)
1260.89: (0.98, 0.20, 0.09)
1261.00: (0.94, -0.14, -0.30)
1261.12: (0.81, -0.29, -0.50)
1261.24: (0.80, -0.30, -0.51)
1261.34: (0.73, -0.39, -0.56)
1261.45: (0.36, -0.70, -0.62)
1261.57: (-0.17, -0.84, -0.51)
1261.69: (-0.46, -0.80, -0.38)
1261.80: (-0.61, -0.75, -0.25)
1261.92: (-0.82, -0.58, -0.01)
1262.04: (-0.95, -0.19, 0.25)
1262.14: (-0.95, -0.25, 0.20)
1262.25: (-0.95, -0.25, 0.20)
1262.35: (-0.96, -0.19, 0.20)
1262.47: (-0.98, -0.15, 0.15)
1262.55: (-0.98, -0.15, 0.14)
1262.55: (0.56, 0.82, -0.10): 0
1262.59: (-0.98, -0.15, 0.14)
1262.69: (-0.98, -0.15, 0.15)
1262.80: (-0.94, 0.17, 0.29)
1262.92: (-0.67, 0.62, 0.40)
1263.04: (-0.80, 0.48, 0.36)
1263.15: (-0.85, 0.40, 0.34)
1263.27: (-0.70, 0.55, 0.45)
1263.39: (-0.13, 0.89, 0.44)
1263.50: (0.39, 0.88, 0.29)
1263.62: (0.60, 0.79, 0.09)
1263.74: (0.68, 0.73, -0.09)
1263.85: (0.65, 0.75, -0.09)
1263.95: (0.61, 0.79, -0.09)
1263.97: (0.61, 0.79, -0.09)
1263.97: (0.36, 0.30, -0.88): 0
1264.07: (0.61, 0.79, -0.09)
1264.19: (0.62, 0.78, -0.09)
1264.30: (0.60, 0.80, -0.08)
1264.42: (0.60, 0.80, -0.08)
1264.52: (0.59, 0.80, -0.08)
1264.64: (0.89, 0.36, -0.28)
1264.75: (0.74, -0.42, -0.52)
1264.85: (0.54, -0.55, -0.63)
1264.97: (0.55, -0.58, -0.60)
1265.09: (0.72, -0.65, -0.23)
1265.20: (0.68, -0.70, 0.24)
1265.32: (0.26, -0.93, 0.25)
1265.44: (-0.09, -0.99, 0.08)
1265.55: (-0.42, -0.90, -0.13)
1265.67: (-0.69, -0.60, -0.41)
1265.79: (-0.78, -0.36, -0.51)
1265.90: (-0.67, -0.51, -0.54)
1266.02: (-0.63, -0.55, -0.55)
1266.14: (-0.63, -0.55, -0.55)
1266.25: (-0.64, -0.51, -0.57)
1266.37: (-0.81, 0.08, -0.58)
1266.49: (-0.65, 0.48, -0.60)
1266.60: (-0.37, 0.79, -0.49)
1266.70: (-0.19, 0.95, -0.23)
1266.82: (-0.08, 0.97, 0.22)
1266.94: (-0.32, 0.78, 0.54)
1267.05: (-0.77, 0.41, 0.48)
1267.17: (-0.93, 0.11, 0.34)
1267.27: (-0.86, 0.09, 0.51)
1267.37: (-0.64, 0.06, 0.77)
1267.49: (-0.62, 0.06, 0.78)
1267.60: (-0.76, 0.11, 0.64)
1267.72: (-0.86, 0.40, -0.31)
1267.82: (-0.44, 0.35, -0.83)
1267.94: (-0.15, 0.22, -0.96)
1268.05: (0.02, 0.16, -0.99)
1268.17: (0.14, 0.20, -0.97)
1268.29: (0.29, 0.34, -0.89)
1268.34: (0.30, 0.34, -0.89)
1268.34: (-0.97, -0.17, 0.17): 2
1268.40: (0.30, 0.34, -0.89)
1268.52: (0.30, 0.34, -0.89)
1268.62: (0.36, 0.32, -0.87)
1268.74: (0.88, 0.04, -0.47)
1268.85: (0.98, 0.19, -0.11)
1268.97: (0.80, 0.60, 0.00)
1269.07: (0.67, 0.73, 0.09)
1269.19: (0.55, 0.81, 0.21)
1269.30: (0.52, 0.61, 0.60)
1269.42: (0.58, -0.12, 0.81)
1269.52: (0.57, -0.65, 0.51)
1269.62: (0.71, -0.68, -0.21)
1269.74: (0.46, -0.52, -0.72)
1269.85: (0.16, -0.57, -0.81)
1269.97: (-0.03, -0.66, -0.75)
1270.07: (0.07, -0.68, -0.73)
1270.17: (0.07, -0.68, -0.73)
1270.29: (0.19, -0.62, -0.76)
1270.40: (-0.11, -0.73, -0.68)
1270.52: (-0.60, -0.69, -0.39)
1270.62: (-0.73, -0.61, -0.30)
1270.74: (-0.90, -0.42, -0.08)
1270.85: (-0.97, -0.20, 0.12)
1270.95: (-0.98, -0.13, 0.16)
1271.04: (-0.98, -0.15, 0.16)
1271.04: (0.66, -0.11, -0.75): 2
1271.07: (-0.98, -0.15, 0.16)
1271.19: (-0.98, -0.15, 0.16)
1271.30: (-1.00, -0.06, 0.06)
1271.42: (-0.98, 0.17, -0.13)
1271.53: (-0.89, 0.45, -0.08)
1271.65: (-0.63, 0.74, 0.23)
1271.75: (-0.44, 0.80, 0.42)
1271.87: (-0.29, 0.75, 0.59)
1271.98: (-0.04, 0.66, 0.75)
1272.08: (0.09, 0.57, 0.82)
1272.20: (0.12, 0.53, 0.84)
1272.32: (-0.35, 0.63, 0.70)
1272.42: (-0.89, 0.45, 0.07)
1272.53: (-0.87, 0.04, -0.48)
1272.65: (-0.28, -0.34, -0.90)
1272.75: (0.53, -0.44, -0.73)
1272.87: (0.93, -0.34, -0.11)
1272.97: (0.93, -0.36, -0.03)
1273.08: (0.69, -0.27, -0.67)
1273.20: (0.62, -0.23, -0.75)
1273.30: (0.62, -0.18, -0.77)
1273.38: (0.62, -0.17, -0.77)
1273.38: (0.85, -0.31, 0.43): 1
1273.42: (0.62, -0.17, -0.77)
1273.53: (0.64, -0.18, -0.75)
1273.65: (0.85, -0.27, -0.45)
1273.77: (0.95, -0.14, 0.29)
1273.88: (0.89, -0.13, 0.44)
1273.98: (0.92, -0.19, 0.34)
1274.10: (0.95, -0.23, 0.23)
1274.22: (0.89, -0.30, 0.33)
1274.28: (0.88, -0.32, 0.34)
1274.28: (-0.12, 0.88, 0.45): 2
1274.33: (0.88, -0.32, 0.34)
1274.45: (0.87, -0.30, 0.38)
1274.55: (0.63, -0.11, 0.77)
1274.67: (0.42, 0.00, 0.91)
1274.78: (0.15, 0.08, 0.99)
1274.90: (0.34, -0.04, 0.94)
1275.02: (0.39, -0.04, 0.92)
1275.13: (0.34, -0.07, 0.94)
1275.25: (0.03, -0.26, 0.97)
1275.35: (-0.27, -0.28, 0.92)
1275.47: (-0.46, -0.12, 0.88)
1275.58: (-0.67, 0.04, 0.74)
1275.70: (-0.90, 0.12, 0.41)
1275.82: (-0.99, 0.12, -0.01)
1275.92: (-0.99, 0.12, 0.04)
1276.03: (-0.98, 0.01, 0.22)
1276.15: (-0.97, 0.04, 0.23)
1276.27: (-0.97, 0.05, 0.22)
1276.37: (-1.00, 0.08, 0.02)
1276.48: (-0.98, 0.07, -0.19)
1276.58: (-0.97, 0.05, -0.23)
1276.70: (-0.95, 0.01, -0.30)
1276.82: (-0.92, -0.09, -0.38)
1276.92: (-0.81, -0.32, -0.48)
1277.03: (-0.77, -0.43, -0.48)
1277.15: (-0.79, -0.46, -0.40)
1277.27: (-0.97, -0.25, 0.03)
1277.37: (-0.73, 0.07, 0.68)
1277.48: (0.01, -0.07, 1.00)
1277.60: (0.57, -0.35, 0.75)
1277.70: (0.88, -0.36, 0.30)
1277.82: (0.96, -0.16, -0.22)
1277.93: (0.78, 0.04, -0.62)
1278.03: (0.47, 0.15, -0.87)
1278.15: (-0.04, 0.21, -0.98)
1278.27: (-0.29, 0.33, -0.90)
1278.38: (-0.57, 0.54, -0.62)
1278.50: (-0.78, 0.58, -0.21)
1278.60: (-0.85, 0.51, 0.10)
1278.72: (-0.90, 0.42, 0.10)
1278.83: (-0.90, 0.42, 0.10)
1278.93: (-0.90, 0.42, 0.10)
1279.05: (-0.92, 0.36, 0.13)
1279.15: (-0.98, -0.04, 0.18)
1279.25: (-0.82, -0.58, -0.01)
1279.37: (-0.70, -0.70, 0.15)
1279.48: (-0.57, -0.49, 0.65)
1279.58: (-0.09, -0.35, 0.93)
1279.70: (0.34, -0.43, 0.84)
1279.80: (0.55, -0.65, 0.52)
1279.92: (0.78, -0.62, 0.12)
1280.03: (0.91, -0.35, 0.22)
1280.13: (0.92, 0.04, 0.38)
1280.25: (0.74, 0.42, 0.52)
1280.35: (0.49, 0.59, 0.64)
1280.47: (0.08, 0.76, 0.65)
1280.58: (-0.08, 0.72, 0.69)
1280.68: (-0.08, 0.72, 0.69)
1280.80: (-0.08, 0.72, 0.69)
1280.92: (-0.09, 0.87, 0.48)
1281.03: (-0.10, 0.89, 0.45)
1281.08: (-0.10, 0.89, 0.44)
1281.08: (0.81, -0.13, -0.57): 1
1281.15: (-0.10, 0.89, 0.44)
1281.27: (-0.11, 0.87, 0.47)
1281.37: (-0.11, 0.85, 0.51)
1281.47: (-0.15, 0.77, 0.63)
1281.58: (-0.31, 0.38, 0.87)
1281.70: (-0.39, -0.19, 0.90)
1281.82: (-0.34, -0.68, 0.65)
1281.93: (-0.25, -0.89, 0.38)
1282.05: (-0.20, -0.94, 0.26)
1282.17: (0.01, -1.00, -0.08)
1282.27: (0.29, -0.75, -0.60)
1282.38: (0.39, -0.20, -0.90)
1282.50: (0.39, -0.13, -0.91)
1282.62: (0.45, -0.14, -0.88)
1282.73: (0.69, -0.05, -0.72)
1282.85: (0.72, -0.04, -0.69)
1282.97: (0.74, -0.09, -0.67)
1283.03: (0.75, -0.12, -0.65)
1283.03: (0.91, 0.10, -0.41): 2
1283.08: (0.77, -0.14, -0.63)
1283.20: (0.77, -0.13, -0.63)
1283.32: (0.77, -0.15, -0.62)
1283.43: (0.75, -0.17, -0.64)
1283.55: (0.81, 0.00, -0.58)
1283.67: (0.86, 0.08, -0.51)
1283.77: (0.89, 0.07, -0.46)
1283.80: (0.89, 0.07, -0.45)
1283.80: (-0.77, 0.53, 0.36): 1
1283.88: (0.89, 0.07, -0.45)
1283.98: (0.88, 0.07, -0.47)
1284.08: (0.86, 0.19, -0.46)
1284.20: (0.85, 0.31, -0.44)
1284.32: (0.84, 0.31, -0.44)
1284.43: (0.84, 0.31, -0.44)
1284.55: (0.82, 0.38, -0.42)
1284.65: (0.68, 0.64, -0.35)
1284.77: (0.65, 0.69, -0.31)
1284.88: (0.23, 0.97, -0.05)
1285.00: (-0.24, 0.95, 0.19)
1285.12: (-0.25, 0.95, 0.20)
1285.22: (-0.63, 0.69, 0.37)
1285.32: (-0.77, 0.49, 0.41)
1285.43: (-0.76, 0.52, 0.40)
1285.53: (-0.70, 0.61, 0.38)
1285.53: (-0.29, -0.58, -0.76): 1
1285.53: (-0.70, 0.61, 0.38)
1285.65: (-0.70, 0.61, 0.38)
1285.75: (-0.70, 0.59, 0.40)
1285.85: (-0.68, 0.61, 0.42)
1285.97: (-0.64, 0.67, 0.39)
1286.08: (-0.62, 0.71, 0.33)
1286.20: (-0.62, 0.71, 0.33)
1286.32: (-0.70, 0.60, 0.38)
1286.43: (-0.85, 0.30, 0.44)
1286.55: (-0.86, 0.25, 0.45)
1286.65: (-0.86, 0.25, 0.45)
1286.77: (-0.69, 0.61, 0.38)
1286.88: (-0.06, 0.99, 0.12)
1287.00: (0.70, 0.69, -0.21)
1287.12: (0.91, -0.11, -0.40)
1287.23: (0.64, -0.69, -0.34)
1287.33: (0.34, -0.91, -0.23)
1287.45: (0.13, -0.98, -0.15)
1287.57: (-0.15, -0.99, -0.06)
1287.67: (0.01, -1.00, -0.09)
1287.78: (0.01, -1.00, -0.09)
1287.90: (-0.20, -0.97, -0.12)
1288.02: (-0.75, -0.65, -0.11)
1288.13: (-0.94, -0.31, -0.12)
1288.25: (-1.00, 0.04, -0.03)
1288.35: (-0.92, 0.38, 0.12)
1288.46: (-0.98, 0.17, -0.09)
1288.56: (-0.78, -0.45, -0.44)
1288.68: (-0.63, -0.58, -0.52)
1288.80: (-0.58, -0.59, -0.56)
1288.91: (-0.48, -0.51, -0.72)
1289.02: (-0.47, -0.50, -0.72)
1289.13: (-0.28, -0.61, -0.75)
1289.18: (-0.28, -0.61, -0.75)
1289.18: (0.85, -0.39, -0.35): 1
1289.25: (-0.28, -0.61, -0.75)
1289.36: (-0.29, -0.61, -0.74)
1289.48: (-0.29, -0.61, -0.74)
1289.58: (-0.12, -0.68, -0.73)
1289.70: (0.53, -0.68, -0.50)
1289.81: (0.96, -0.27, 0.02)
1289.93: (0.94, 0.06, 0.34)
1290.05: (0.99, -0.10, 0.08)
1290.16: (0.97, -0.19, -0.13)
1290.28: (0.93, -0.24, -0.29)
1290.40: (0.90, -0.30, -0.31)
1290.43: (0.90, -0.30, -0.31)
1290.43: (-0.17, -0.88, 0.45): 2
1290.50: (0.90, -0.30, -0.31)
1290.61: (0.90, -0.31, -0.31)
1290.73: (0.99, -0.01, 0.14)
1290.83: (0.96, 0.08, 0.28)
1290.95: (0.75, 0.28, 0.60)
1291.06: (0.81, 0.18, 0.55)
1291.18: (0.81, 0.18, 0.55)
1291.30: (0.79, 0.23, 0.57)
1291.41: (0.39, 0.45, 0.81)
1291.53: (-0.42, 0.50, 0.75)
1291.65: (-0.78, 0.33, 0.53)
1291.76: (-0.88, 0.28, 0.39)
1291.88: (-0.89, 0.31, 0.33)
1291.98: (-0.88, 0.32, 0.36)
1292.10: (-0.91, 0.30, 0.28)
1292.20: (-0.98, 0.13, 0.14)
1292.30: (-0.99, 0.05, 0.15)
1292.41: (-0.99, -0.06, 0.09)
1292.53: (-0.99, 0.01, 0.16)
1292.65: (-0.57, 0.38, 0.73)
1292.76: (0.56, 0.26, 0.79)
1292.88: (0.96, -0.26, 0.11)
1293.00: (0.82, -0.57, -0.09)
1293.10: (0.63, -0.77, -0.07)
1293.21: (0.36, -0.93, -0.09)
1293.33: (0.00, -1.00, -0.08)
1293.45: (-0.13, -0.95, -0.28)
1293.56: (0.04, -0.75, -0.67)
1293.66: (0.02, -0.97, -0.22)
1293.78: (-0.08, -0.98, 0.20)
1293.90: (-0.12, -0.97, 0.23)
1294.00: (-0.14, -0.94, 0.30)
1294.11: (-0.12, -0.89, 0.44)
1294.11: (0.71, 0.64, -0.30): 2
1294.11: (-0.12, -0.89, 0.44)
1294.23: (-0.12, -0.89, 0.44)
1294.35: (-0.11, -0.89, 0.44)
1294.46: (-0.08, -0.77, 0.63)
1294.58: (0.00, -0.23, 0.97)
1294.70: (0.15, 0.46, 0.88)
1294.81: (0.27, 0.84, 0.47)
1294.93: (0.31, 0.95, 0.03)
1295.05: (0.30, 0.88, -0.37)
1295.15: (0.54, 0.80, -0.27)
1295.26: (0.67, 0.72, -0.19)
1295.38: (0.71, 0.66, -0.22)
1295.41: (0.72, 0.66, -0.23)
1295.41: (-0.95, -0.26, 0.20): 2
1295.50: (0.71, 0.66, -0.25)
1295.61: (0.68, 0.69, -0.25)
1295.73: (0.68, 0.69, -0.25)
1295.83: (0.68, 0.69, -0.25)
1295.95: (0.65, 0.58, -0.49)
1296.06: (0.50, 0.28, -0.82)
1296.18: (0.40, 0.11, -0.91)
1296.30: (0.42, 0.06, -0.90)
1296.40: (0.48, -0.30, -0.82)
1296.51: (0.35, -0.77, -0.52)
1296.63: (-0.07, -0.92, -0.39)
1296.75: (-0.29, -0.89, -0.35)
1296.85: (-0.54, -0.80, -0.26)
1296.96: (-0.67, -0.74, -0.04)
1297.08: (-0.87, -0.50, 0.02)
1297.20: (-0.94, -0.31, 0.10)
1297.31: (-0.93, -0.35, 0.14)
1297.35: (-0.92, -0.35, 0.15)
1297.35: (0.98, -0.10, 0.14): 1
1297.41: (-0.92, -0.35, 0.15)
1297.53: (-0.95, -0.29, 0.11)
1297.65: (-0.95, -0.30, 0.09)
1297.76: (-0.95, -0.30, 0.09)
1297.88: (-0.94, 0.12, 0.31)
1298.00: (-0.64, 0.64, 0.43)
1298.11: (-0.31, 0.87, 0.39)
1298.23: (-0.07, 0.94, 0.34)
1298.35: (0.20, 0.97, 0.13)
1298.46: (0.65, 0.72, -0.25)
1298.56: (0.70, 0.52, -0.49)
1298.68: (0.67, 0.38, -0.64)
1298.80: (0.55, 0.18, -0.82)
1298.91: (0.73, 0.26, -0.63)
1299.03: (0.81, 0.44, -0.39)
1299.15: (0.81, 0.44, -0.39)
1299.26: (0.80, 0.48, -0.36)
1299.38: (0.96, 0.23, -0.18)
1299.48: (1.00, 0.05, -0.02)
1299.60: (1.00, -0.07, -0.01)
1299.70: (1.00, -0.07, 0.00)
1299.70: (0.89, 0.45, -0.08): 1
1299.71: (1.00, -0.07, 0.01)
1299.83: (0.99, -0.08, 0.07)
1299.93: (0.99, -0.08, 0.07)
1300.05: (0.93, 0.36, -0.05)
1300.16: (0.88, 0.44, -0.16)
1300.26: (0.93, 0.35, -0.12)
1300.31: (0.93, 0.34, -0.11)
1300.31: (-0.95, 0.25, -0.19): 2
1300.38: (0.93, 0.34, -0.11)
1300.50: (0.90, 0.42, -0.11)
1300.60: (0.89, 0.44, -0.11)
1300.71: (1.00, 0.05, 0.01)
1300.83: (0.77, -0.63, 0.07)
1300.95: (0.51, -0.85, 0.12)
1301.05: (0.50, -0.86, 0.12)
1301.16: (0.54, -0.83, 0.12)
1301.28: (0.97, -0.25, 0.00)
1301.38: (0.99, 0.11, -0.08)
1301.50: (0.71, 0.67, -0.21)
1301.61: (0.30, 0.81, -0.51)
1301.73: (-0.09, 0.56, -0.82)
1301.85: (-0.34, 0.42, -0.84)
1301.96: (-0.64, 0.46, -0.62)
1302.08: (-0.87, 0.44, -0.21)
1302.18: (-0.93, 0.32, -0.19)
1302.28: (-0.92, 0.32, -0.21)
1302.28: (0.99, -0.15, -0.03): 1
1302.30: (-0.92, 0.32, -0.21)
1302.41: (-0.92, 0.32, -0.22)
1302.53: (-0.92, 0.34, -0.19)
1302.63: (-0.94, 0.35, 0.05)
1302.75: (-0.92, 0.28, 0.27)
1302.86: (-0.85, 0.23, 0.48)
1302.98: (-0.49, 0.17, 0.86)
1303.10: (0.05, 0.05, 1.00)
1303.21: (0.44, -0.19, 0.88)
1303.31: (0.57, -0.43, 0.70)
1303.43: (0.65, -0.52, 0.56)
1303.53: (0.65, -0.52, 0.56)
1303.65: (0.58, -0.43, 0.69)
1303.76: (0.01, 0.10, 0.99)
1303.88: (-0.52, 0.57, 0.64)
1303.99: (-0.68, 0.67, 0.29)
1304.10: (-0.72, 0.69, 0.00)
1304.21: (-0.66, 0.68, -0.31)
1304.33: (-0.39, 0.52, -0.76)
1304.45: (0.06, 0.29, -0.96)
1304.56: (0.44, 0.12, -0.89)
1304.68: (0.83, 0.02, -0.56)
1304.80: (0.99, -0.02, -0.11)
1304.91: (0.99, -0.15, 0.01)
1305.00: (0.99, -0.15, 0.01)
1305.00: (-0.99, -0.09, -0.13): 1
1305.03: (0.99, -0.15, 0.01)
1305.14: (0.98, -0.17, -0.01)
1305.24: (0.91, -0.41, 0.05)
1305.36: (0.81, -0.58, 0.08)
1305.48: (0.44, -0.89, 0.13)
1305.59: (-0.12, -0.94, 0.31)
1305.71: (-0.11, -0.93, 0.34)
1305.83: (-0.11, -0.84, 0.53)
1305.94: (-0.33, -0.50, 0.80)
1306.06: (-0.44, -0.45, 0.78)
1306.16: (-0.44, -0.45, 0.78)
1306.28: (-0.43, -0.45, 0.78)
1306.39: (-0.71, -0.15, 0.68)
1306.51: (-0.91, 0.15, 0.38)
1306.63: (-0.97, 0.23, 0.11)
1306.74: (-0.99, 0.12, 0.05)
1306.86: (-1.00, 0.01, 0.01)
1306.88: (-1.00, 0.01, 0.01)
1306.88: (0.74, 0.23, -0.63): 2
1306.98: (-1.00, 0.01, -0.05)
1307.09: (-1.00, 0.03, -0.07)
1307.21: (-0.90, 0.20, -0.38)
1307.31: (-0.53, 0.40, -0.75)
1307.43: (-0.36, 0.38, -0.85)
1307.54: (-0.46, 0.31, -0.83)
1307.66: (-0.50, 0.32, -0.81)
1307.76: (-0.12, 0.36, -0.93)
1307.88: (0.58, 0.23, -0.78)
1307.99: (0.90, 0.15, -0.40)
1308.09: (0.89, 0.20, -0.42)
1308.21: (0.77, 0.25, -0.58)
1308.31: (0.71, 0.26, -0.65)
1308.34: (0.71, 0.26, -0.66)
1308.34: (-0.94, -0.14, -0.31): 2
1308.43: (0.71, 0.26, -0.66)
1308.54: (0.95, 0.20, -0.24)
1308.64: (0.97, 0.17, -0.16)
1308.76: (0.97, 0.17, -0.17)
1308.88: (0.95, 0.21, -0.24)
1308.99: (0.94, 0.07, 0.33)
1309.11: (0.59, -0.08, 0.81)
1309.21: (0.53, -0.12, 0.84)
1309.33: (0.47, -0.15, 0.87)
1309.44: (0.47, -0.15, 0.87)
1309.56: (0.96, 0.11, 0.24)
1309.68: (0.63, 0.14, -0.77)
1309.79: (0.42, -0.37, -0.83)
1309.89: (0.32, -0.70, -0.64)
1309.99: (0.15, -0.76, -0.64)
1310.11: (-0.03, -0.75, -0.66)
1310.23: (-0.52, -0.53, -0.67)
1310.34: (-0.82, 0.02, -0.57)
1310.44: (-0.82, 0.38, -0.44)
1310.56: (-0.87, 0.19, -0.46)
1310.68: (-0.91, 0.01, -0.41)
1310.74: (-0.92, -0.01, -0.40)
1310.74: (1.00, 0.02, 0.05): 2
1310.79: (-0.93, -0.08, -0.36)
1310.91: (-0.94, -0.10, -0.33)
1311.01: (-0.94, -0.09, -0.33)
1311.13: (-0.94, 0.07, -0.34)
1311.24: (-0.90, 0.26, -0.35)
1311.36: (-0.82, 0.52, -0.24)
1311.48: (-0.66, 0.74, 0.12)
1311.58: (-0.38, 0.83, 0.41)
1311.69: (0.03, 0.94, 0.35)
1311.79: (0.24, 0.96, 0.16)
1311.91: (0.40, 0.90, 0.16)
1312.03: (0.73, 0.62, 0.28)
1312.13: (0.94, -0.02, 0.33)
1312.24: (0.84, -0.44, 0.31)
1312.36: (0.98, -0.12, 0.18)
1312.48: (0.98, -0.08, 0.17)
1312.59: (0.99, -0.10, 0.07)
1312.59: (-0.69, 0.67, -0.27): 0
1312.59: (0.99, -0.10, 0.07)
1312.71: (0.99, -0.10, 0.07)
1312.83: (0.99, -0.10, 0.07)
1312.94: (0.99, -0.10, 0.06)
1313.04: (1.00, 0.08, -0.03)
1313.16: (0.82, 0.55, -0.17)
1313.28: (0.45, 0.86, -0.22)
1313.39: (0.11, 0.97, -0.22)
1313.51: (-0.15, 0.96, -0.23)
1313.63: (-0.32, 0.92, -0.24)
1313.74: (-0.54, 0.78, -0.32)
1313.86: (-0.60, 0.75, -0.29)
1313.96: (-0.64, 0.72, -0.26)
1313.96: (-0.54, -0.44, -0.71): 1
1313.96: (-0.64, 0.72, -0.26)
1314.08: (-0.64, 0.72, -0.26)
1314.19: (-0.66, 0.71, -0.25)
1314.31: (-0.84, 0.52, -0.14)
1314.43: (-0.98, 0.20, 0.03)
1314.54: (-0.99, -0.05, 0.14)
1314.66: (-0.95, -0.25, 0.19)
1314.76: (-0.80, -0.53, 0.29)
1314.88: (-0.22, -0.91, 0.35)
1314.99: (0.37, -0.85, 0.36)
1315.09: (0.53, -0.75, 0.39)
1315.21: (0.54, -0.68, 0.49)
1315.33: (0.63, -0.49, 0.61)
1315.44: (0.71, -0.29, 0.64)
1315.56: (0.78, -0.15, 0.61)
1315.68: (0.88, 0.10, 0.47)
1315.79: (0.90, 0.34, 0.26)
1315.89: (0.82, 0.57, -0.12)
1316.01: (0.72, 0.64, -0.28)
1316.11: (0.68, 0.64, -0.35)
1316.21: (0.54, 0.55, -0.64)
1316.33: (0.57, 0.43, -0.70)
1316.44: (0.59, 0.46, -0.67)
1316.54: (0.59, 0.46, -0.67)
1316.66: (0.58, 0.43, -0.69)
1316.78: (0.28, 0.63, -0.72)
1316.89: (-0.16, 0.82, -0.55)
1317.01: (-0.28, 0.81, -0.52)
1317.13: (-0.56, 0.65, -0.51)
1317.24: (-0.78, 0.43, -0.45)
1317.36: (-0.79, 0.42, -0.45)
1317.46: (-0.43, 0.71, -0.56)
1317.58: (0.52, 0.79, -0.32)
1317.69: (0.96, 0.26, 0.10)
1317.81: (0.79, -0.29, 0.54)
1317.93: (0.31, -0.53, 0.79)
1318.04: (-0.12, -0.73, 0.67)
1318.14: (-0.40, -0.86, 0.31)
1318.26: (-0.63, -0.77, -0.09)
1318.36: (-0.86, -0.42, -0.30)
1318.48: (-0.92, -0.24, -0.30)
1318.59: (-0.92, -0.31, -0.24)
1318.71: (-0.83, -0.34, -0.43)
1318.83: (-0.65, -0.33, -0.68)
1318.94: (-0.62, -0.38, -0.69)
1319.03: (-0.61, -0.40, -0.68)
1319.03: (-0.94, 0.08, 0.33): 0
1319.06: (-0.61, -0.40, -0.68)
1319.16: (-0.61, -0.40, -0.68)
1319.26: (-0.61, -0.40, -0.68)
1319.38: (-0.61, -0.40, -0.68)
1319.49: (-0.54, -0.43, -0.72)
1319.61: (-0.41, -0.21, -0.89)
1319.71: (-0.40, 0.27, -0.88)
1319.83: (-0.36, 0.76, -0.54)
1319.94: (-0.16, 0.98, -0.10)
1320.04: (-0.07, 0.96, 0.27)
1320.16: (-0.17, 0.92, 0.35)
1320.28: (-0.17, 0.92, 0.35)
1320.39: (-0.04, 0.80, 0.59)
1320.51: (0.21, 0.22, 0.95)
1320.63: (0.25, 0.17, 0.95)
1320.73: (0.28, 0.18, 0.94)
1320.84: (0.13, 0.73, 0.67)
1320.96: (-0.56, 0.71, -0.42)
1321.08: (-0.68, 0.09, -0.73)
1321.18: (-0.71, 0.06, -0.70)
1321.29: (-0.71, 0.06, -0.70)
1321.41: (-0.68, -0.01, -0.73)
1321.52: (-0.55, -0.62, -0.56)
1321.64: (-0.02, -0.99, 0.12)
1321.76: (0.42, -0.85, 0.32)
1321.86: (0.56, -0.83, 0.07)
1321.96: (0.78, -0.61, -0.15)
1322.07: (0.99, -0.10, -0.06)
1322.19: (0.96, 0.19, 0.23)
1322.29: (0.96, 0.13, 0.24)
1322.41: (0.96, 0.12, 0.23)
1322.52: (0.90, 0.36, 0.24)
1322.63: (0.50, 0.80, 0.33)
1322.74: (0.01, 0.93, 0.37)
1322.86: (-0.25, 0.88, 0.39)
1322.97: (-0.65, 0.64, 0.40)
1323.09: (-0.92, 0.31, 0.25)
1323.21: (-0.94, 0.27, 0.21)
1323.32: (-0.96, 0.14, 0.23)
1323.44: (-0.94, 0.08, 0.33)
1323.44: (0.91, -0.02, -0.41): 1
1323.44: (-0.94, 0.08, 0.33)
1323.54: (-0.94, 0.08, 0.34)
1323.64: (-0.92, 0.17, 0.35)
1323.76: (-0.91, 0.20, 0.36)
1323.87: (-0.89, 0.26, 0.37)
1323.97: (-0.97, 0.01, 0.25)
1324.09: (-0.78, -0.62, -0.13)
1324.21: (-0.44, -0.84, -0.30)
1324.32: (-0.15, -0.91, -0.39)
1324.44: (0.14, -0.89, -0.43)
1324.56: (0.33, -0.84, -0.44)
1324.67: (0.40, -0.84, -0.36)
1324.79: (0.57, -0.82, -0.05)
1324.91: (0.65, -0.76, 0.10)
1325.02: (0.52, -0.85, 0.08)
1325.14: (-0.26, -0.96, 0.07)
1325.24: (-0.61, -0.78, 0.13)
1325.36: (-0.30, -0.95, -0.01)
1325.46: (0.64, -0.75, -0.19)
1325.56: (0.77, -0.62, -0.16)
1325.67: (0.77, -0.62, -0.16)
1325.77: (0.76, -0.61, -0.22)
1325.89: (0.89, -0.17, -0.42)
1326.01: (0.92, 0.05, -0.38)
1326.12: (0.94, -0.05, -0.32)
1326.24: (0.93, -0.12, -0.35)
1326.29: (0.93, -0.13, -0.36)
1326.29: (-0.09, -0.21, 0.97): 2
1326.34: (0.93, -0.13, -0.36)
1326.46: (0.93, -0.12, -0.36)
1326.57: (0.95, 0.00, -0.31)
1326.69: (0.88, 0.47, 0.05)
1326.81: (0.40, 0.74, 0.54)
1326.92: (0.26, 0.77, 0.58)
1327.04: (0.19, 0.79, 0.59)
1327.16: (0.22, 0.79, 0.57)
1327.26: (0.47, 0.74, 0.49)
1327.36: (0.95, 0.27, 0.18)
1327.47: (0.90, -0.38, -0.23)
1327.59: (0.52, -0.71, -0.47)
1327.71: (0.48, -0.85, -0.24)
1327.81: (0.29, -0.95, 0.10)
1327.91: (-0.10, -0.99, 0.04)
1328.02: (-0.37, -0.87, -0.33)
1328.14: (-0.32, -0.41, -0.85)
1328.26: (-0.06, 0.21, -0.98)
1328.36: (0.04, 0.53, -0.85)
1328.47: (-0.12, 0.78, -0.61)
1328.59: (-0.37, 0.92, -0.17)
1328.71: (-0.58, 0.69, 0.43)
1328.82: (-0.63, 0.24, 0.74)
1328.94: (-0.65, 0.27, 0.71)
1329.04: (-0.65, 0.27, 0.71)
1329.16: (-0.53, 0.21, 0.82)
1329.27: (-0.12, -0.30, 0.95)
1329.39: (-0.10, -0.30, 0.95)
1329.51: (-0.08, -0.19, 0.98)
1329.59: (-0.07, -0.18, 0.98)
1329.59: (-0.03, 0.88, -0.47): 0
1329.61: (-0.07, -0.18, 0.98)
1329.72: (-0.07, -0.18, 0.98)
1329.84: (-0.07, -0.17, 0.98)
1329.96: (-0.02, -0.33, 0.94)
1330.07: (0.31, -0.81, 0.50)
1330.19: (0.45, -0.89, -0.09)
1330.29: (0.31, -0.77, -0.56)
1330.41: (0.16, -0.53, -0.83)
1330.52: (0.08, -0.47, -0.88)
1330.64: (0.07, -0.48, -0.87)
1330.74: (0.24, -0.83, -0.50)
1330.86: (0.20, -0.88, 0.43)
1330.97: (-0.32, -0.87, 0.37)
1331.07: (-0.54, -0.83, 0.14)
1331.19: (-0.77, -0.64, 0.01)
1331.31: (-0.85, -0.42, 0.32)
1331.42: (-0.51, -0.22, 0.83)
1331.52: (-0.05, -0.21, 0.98)
1331.64: (0.49, -0.35, 0.80)
1331.76: (0.82, -0.30, 0.49)
1331.87: (0.94, 0.04, 0.34)
1331.99: (0.85, 0.50, 0.14)
1332.09: (0.63, 0.77, -0.14)
1332.21: (0.15, 0.90, -0.41)
1332.32: (-0.29, 0.83, -0.47)
1332.42: (-0.19, 0.88, -0.43)
1332.54: (-0.18, 0.87, -0.45)
1332.62: (-0.19, 0.86, -0.48)
1332.62: (0.89, -0.09, 0.44): 1
1332.66: (-0.17, 0.86, -0.48)
1332.77: (-0.04, 0.87, -0.49)
1332.87: (-0.06, 0.87, -0.49)
1332.99: (-0.05, 0.90, -0.44)
1333.11: (-0.05, 0.90, -0.44)
1333.22: (-0.03, 0.81, -0.58)
1333.34: (-0.24, 0.65, -0.72)
1333.44: (-0.30, 0.65, -0.70)
1333.54: (-0.30, 0.65, -0.70)
1333.66: (-0.08, 0.74, -0.67)
1333.77: (0.85, 0.51, -0.13)
1333.89: (0.80, -0.39, 0.46)
1334.01: (0.37, -0.83, 0.42)
1334.12: (0.49, -0.76, 0.43)
1334.24: (0.77, -0.43, 0.48)
1334.36: (0.80, -0.29, 0.52)
1334.47: (0.83, -0.26, 0.49)
1334.57: (0.89, -0.18, 0.43)
1334.66: (0.91, -0.16, 0.39)
1334.66: (0.71, -0.43, -0.56): 0
1334.69: (0.91, -0.16, 0.39)
1334.81: (0.90, -0.20, 0.40)
1334.92: (0.90, -0.20, 0.40)
1335.04: (0.91, -0.07, 0.41)
1335.16: (0.73, -0.39, 0.57)
1335.27: (0.19, -0.73, 0.65)
1335.39: (0.06, -0.70, 0.72)
1335.51: (0.05, -0.69, 0.72)
1335.62: (0.37, -0.55, 0.75)
1335.72: (0.88, -0.02, 0.48)
1335.84: (0.84, 0.55, 0.01)
1335.96: (0.37, 0.80, -0.47)
1336.07: (-0.16, 0.72, -0.68)
1336.19: (-0.49, 0.56, -0.67)
1336.29: (-0.75, 0.35, -0.56)
1336.39: (-0.90, 0.16, -0.41)
1336.51: (-0.98, -0.06, -0.20)
1336.62: (-0.98, -0.21, 0.01)
1336.74: (-0.94, -0.32, -0.09)
1336.86: (-0.67, -0.55, -0.50)
1336.97: (-0.25, -0.72, -0.64)
1337.07: (-0.28, -0.67, -0.69)
1337.19: (-0.28, -0.67, -0.69)
1337.31: (-0.22, -0.63, -0.74)
1337.42: (0.09, -0.74, -0.67)
1337.52: (0.32, -0.74, -0.59)
1337.64: (0.42, -0.84, -0.33)
1337.76: (0.47, -0.79, -0.40)
1337.86: (0.54, -0.61, -0.58)
1337.97: (0.65, -0.55, -0.53)
1338.09: (0.72, -0.50, -0.47)
1338.12: (0.72, -0.50, -0.48)
1338.12: (-0.37, -0.18, 0.91): 2
1338.19: (0.72, -0.50, -0.48)
1338.30: (0.71, -0.52, -0.49)
1338.41: (0.59, -0.63, -0.50)
1338.52: (0.58, -0.80, -0.16)
1338.64: (0.49, -0.86, 0.12)
1338.75: (0.49, -0.86, 0.12)
1338.85: (0.51, -0.85, 0.14)
1338.97: (0.49, -0.86, 0.13)
1339.07: (0.41, -0.86, 0.30)
1339.19: (0.29, -0.61, 0.74)
1339.29: (0.19, -0.34, 0.92)
1339.40: (-0.02, 0.06, 1.00)
1339.52: (-0.16, 0.10, 0.98)
1339.64: (-0.23, -0.01, 0.97)
1339.74: (-0.24, -0.04, 0.97)
1339.85: (-0.33, -0.08, 0.94)
1339.94: (-0.36, -0.09, 0.93)
1339.94: (-0.77, 0.17, 0.62): 0
1339.95: (-0.36, -0.09, 0.93)
1340.07: (-0.35, -0.09, 0.93)
1340.19: (-0.27, -0.17, 0.95)
1340.29: (-0.27, -0.17, 0.95)
1340.40: (-0.43, 0.00, 0.90)
1340.50: (-0.61, 0.15, 0.78)
1340.62: (-0.65, 0.15, 0.75)
1340.74: (-0.70, 0.14, 0.70)
1340.82: (-0.71, 0.14, 0.69)
1340.82: (-0.75, -0.10, -0.65): 2
1340.85: (-0.71, 0.14, 0.69)
1340.97: (-0.71, 0.14, 0.69)
1341.09: (-0.76, 0.24, 0.61)
1341.19: (-0.76, 0.59, 0.29)
1341.30: (-0.36, 0.91, -0.22)
1341.42: (-0.21, 0.92, -0.34)
1341.54: (-0.14, 0.89, -0.42)
1341.64: (0.23, 0.68, -0.70)
1341.75: (0.43, 0.47, -0.77)
1341.87: (0.51, 0.37, -0.78)
1341.99: (0.63, 0.46, -0.62)
1342.10: (0.74, 0.61, -0.29)
1342.22: (0.70, 0.65, -0.30)
1342.34: (-0.22, 0.95, -0.21)
1342.45: (-0.84, 0.53, 0.15)
1342.55: (-0.89, 0.30, 0.35)
1342.67: (-0.76, -0.28, 0.59)
1342.79: (-0.47, -0.65, 0.60)
1342.89: (-0.23, -0.83, 0.51)
1342.99: (0.26, -0.95, 0.18)
1343.10: (0.55, -0.83, -0.14)
1343.22: (0.65, -0.67, -0.36)
1343.34: (0.76, -0.27, -0.59)
1343.44: (0.74, -0.20, -0.64)
1343.55: (0.53, 0.22, -0.82)
1343.67: (0.08, 0.40, -0.91)
1343.79: (-0.24, 0.33, -0.91)
1343.90: (-0.19, 0.46, -0.87)
1344.02: (0.16, 0.69, -0.71)
1344.14: (0.49, 0.83, -0.26)
1344.25: (0.52, 0.77, 0.37)
1344.37: (0.20, 0.63, 0.75)
1344.49: (-0.17, 0.56, 0.81)
1344.60: (-0.18, 0.60, 0.78)
1344.70: (-0.18, 0.60, 0.78)
1344.82: (0.04, 0.82, 0.57)
1344.94: (-0.04, 1.00, -0.08)
1345.05: (-0.29, 0.75, -0.59)
1345.17: (-0.63, 0.60, -0.49)
1345.27: (-0.83, 0.54, -0.15)
1345.39: (-0.88, 0.29, 0.37)
1345.50: (-0.60, 0.06, 0.80)
1345.62: (-0.24, -0.06, 0.97)
1345.74: (0.08, -0.05, 1.00)
1345.85: (0.43, -0.12, 0.90)
1345.97: (0.58, -0.40, 0.71)
1346.09: (0.42, -0.71, 0.56)
1346.19: (0.23, -0.82, 0.52)
1346.30: (0.19, -0.78, 0.60)
1346.42: (0.19, -0.78, 0.60)
1346.54: (0.29, -0.86, 0.43)
1346.64: (0.28, -0.94, -0.19)
1346.75: (0.19, -0.74, -0.65)
1346.85: (0.30, -0.66, -0.69)
1346.97: (0.34, -0.65, -0.68)
1347.07: (0.17, -0.67, -0.73)
1347.17: (-0.18, -0.76, -0.63)
1347.29: (-0.53, -0.79, -0.30)
1347.40: (-0.64, -0.75, 0.17)
1347.50: (-0.74, -0.68, -0.02)
1347.62: (-0.71, -0.26, -0.66)
1347.74: (-0.66, -0.23, -0.72)
1347.85: (-0.71, -0.23, -0.67)
1347.97: (-0.78, -0.20, -0.59)
1348.05: (-0.79, -0.19, -0.58)
1348.05: (-0.95, -0.20, -0.26): 0
1348.09: (-0.79, -0.19, -0.58)
1348.19: (-0.79, -0.19, -0.58)
1348.30: (-0.79, -0.24, -0.57)
1348.42: (-0.83, -0.40, -0.37)
1348.52: (-0.91, -0.28, -0.29)
1348.64: (-0.94, -0.24, -0.24)
1348.75: (-0.93, -0.25, -0.28)
1348.79: (-0.92, -0.26, -0.28)
1348.79: (-0.98, -0.11, -0.13): 2
1348.87: (-0.92, -0.26, -0.28)
1348.99: (-0.93, -0.27, -0.27)
1349.09: (-0.92, -0.34, -0.18)
1349.20: (-0.95, -0.19, -0.23)
1349.32: (-0.96, -0.18, -0.22)
1349.35: (-0.96, -0.18, -0.22)
END