3/28/2023 1:57:54 PM
Mode: Stereo
White time (s): [1.782837, 1.050049, 0.8665771, 0.5831299, 0.9830322, 0.6999512, 2.81604, 0.5333252, 0.5996094, 1.41626, 1.349854, 1.899292, 0.7337646, 1.016479, 1.516479, 0.9831543, 1.383545, 2.365845, 1.149658, 2.366455, 2.199829, 1.349487, 2.283081, 1.133057, 1.499756, 0.6330566, 1.099731, 2.299438, 0.7332764, 0.5333252]
Shot time (s): [1.099731, 0.6499023, 1.150024, 2.666016, 1.349731, 0.916748, 1.016235, 1.399902, 2.549194, 1.799927, 2.432983, 1.216309, 1.082886, 2.599731, 5.015625, 1.416382, 5.832031, 2.348999, 1.899536, 2.333008, 0.7832031, 1.183105, 3.81604, 2.832764, 2.966064, 1.683594, 2.549561, 1.249756, 2.749512, 3.766113]
Step time (s): [0.9499512, 1.683105, 5.381714, 0.7333984, 1.049805, 0.7663574, 1.483032, 1.98291, 1.766357, 1.216675, 2.16626, 0.7664795, 0.6003418, 2.782593, 2.382813, 3.365967, 2.132813, 4.465698, 2.582764, 1.832764, 2.282837, 1.41626, 1.716431, 1.73291, 2.949219, 0.7327881, 0.8165283, 0.7995605, 2.099487, 2.149658]
White horz (deg): [229.7125, 154.3875, 88.20499, 33.005, 63.59499, 36.74249, 227.355, 3.047499, 34.2125, 139.2075, 115.69, 138.5749, 29.49749, 88.55001, 90.5625, 62.21499, 94.875, 234.715, 82.51249, 173.9375, 353.2798, 115.7475, 293.365, 63.42249, 176.64, 60.605, 140.1275, 324.8175, 39.9625, 6.957499]
Shot horz (deg): [206.3675, 38.0075, 128.5125, 278.3, 121.3825, 57.615, 59.1675, 125.465, 269.3874, 163.3, 271.285, 96.14, 48.58751, 181.6425, 586.9025, 151.225, 1047.477, 231.7825, 114.885, 164.8525, 20.5275, 49.96749, 430.2151, 189.635, 463.0473, 202.17, 281.1749, 164.105, 245.985, 172.27]
Step horz (deg): [67.61999, 269.7899, 807.8746, 11.155, 52.21, 33.2925, 79.57999, 174.915, 170.1425, 51.175, 88.83752, 51.86499, 12.075, 283.9349, 150.5925, 62.1, 72.68001, 310.0399, 266.4549, 62.27249, 127.765, 91.82748, 208.955, 181.125, 326.83, 52.49749, 44.10249, 20.5275, 170.66, 286.6375]
White vert (deg): [23.69, 39.96249, 37.605, 16.7325, 16.3875, 6.842498, 220.1674, 17.71, 16.9625, 34.2125, 66.12501, 107.065, 38.0075, 53.9925, 122.82, 36.0525, 60.14499, 207.6325, 61.2375, 366.1026, 261.5675, 36.11, 291.41, 76.24499, 50.19749, 26.91, 87.05499, 165.945, 47.265, 26.105]
Shot vert (deg): [21.6775, 29.67, 71.18499, 187.45, 74.6925, 40.82499, 27.37, 64.975, 203.0325, 86.76749, 141.565, 38.295, 62.32999, 100.97, 560.165, 61.75499, 667.3447, 162.8975, 116.4375, 65.55001, 51.92249, 52.1525, 535.67, 353.7401, 255.7599, 100.7975, 159.7925, 78.77499, 205.9649, 476.0424]
Step vert (deg): [84.06501, 71.75999, 499.5023, 17.4225, 53.7625, 47.43749, 84.87001, 184.345, 61.92749, 51.34749, 158.815, 41.745, 20.815, 189.4625, 272.7799, 307.05, 234.5425, 369.84, 244.835, 224.9399, 219.7075, 154.2725, 211.255, 181.47, 245.18, 26.91, 33.98249, 36.8575, 166.3475, 215.9125]

Time in sec: camera forward versor
Time in sec: target versor: sound type (0 = White, 1 = Shot, 2 = Step)
START
1336.64: (0.10, -0.99, 0.03): 2
1336.64: (0.79, -0.39, -0.48)
1336.74: (0.79, -0.39, -0.48)
1336.84: (0.79, -0.39, -0.48)
1336.96: (0.83, -0.50, -0.25)
1337.07: (0.59, -0.75, 0.30)
1337.19: (0.30, -0.75, 0.58)
1337.31: (0.24, -0.77, 0.60)
1337.42: (0.21, -0.93, 0.29)
1337.54: (0.10, -0.98, 0.19)
1337.59: (0.10, -0.98, 0.19)
1337.59: (-0.87, 0.45, -0.19): 0
1337.65: (0.10, -0.98, 0.19)
1337.77: (0.10, -0.98, 0.19)
1337.89: (0.13, -0.98, 0.13)
1337.99: (0.14, -0.98, 0.13)
1338.10: (0.14, -0.98, 0.13)
1338.22: (0.68, -0.73, 0.07)
1338.34: (1.00, 0.05, 0.03)
1338.45: (0.63, 0.78, 0.01)
1338.57: (0.01, 1.00, 0.00)
1338.69: (-0.15, 0.99, -0.02)
1338.80: (-0.23, 0.97, 0.02)
1338.92: (-0.23, 0.97, 0.02)
1339.04: (-0.23, 0.97, 0.02)
1339.15: (-0.47, 0.88, -0.05)
1339.27: (-0.77, 0.63, -0.11)
1339.37: (-0.80, 0.58, -0.12)
1339.37: (0.93, 0.35, -0.09): 1
1339.39: (-0.81, 0.58, -0.12)
1339.50: (-0.82, 0.57, -0.11)
1339.62: (-0.81, 0.57, -0.11)
1339.74: (-0.82, 0.57, -0.01)
1339.85: (-0.39, 0.92, 0.08)
1339.97: (0.38, 0.92, 0.07)
1340.09: (0.94, 0.35, 0.04)
1340.19: (0.96, -0.28, -0.05)
1340.29: (0.94, -0.34, -0.07)
1340.40: (0.99, 0.08, -0.06)
1340.47: (0.97, 0.25, -0.07)
1340.47: (0.93, -0.34, 0.15): 1
1340.52: (0.97, 0.25, -0.07)
1340.64: (0.97, 0.25, -0.07)
1340.75: (0.99, 0.17, -0.01)
1340.87: (0.95, -0.24, 0.21)
1340.99: (0.89, -0.38, 0.24)
1341.10: (0.94, -0.30, 0.14)
1341.12: (0.94, -0.30, 0.14)
1341.12: (-0.29, 0.95, 0.08): 2
1341.22: (0.94, -0.30, 0.14)
1341.34: (0.94, -0.31, 0.15)
1341.45: (0.94, -0.31, 0.16)
1341.57: (0.69, -0.67, 0.27)
1341.69: (0.08, -0.98, 0.19)
1341.80: (-0.16, -0.97, 0.16)
1341.92: (-0.05, -0.93, 0.37)
1342.04: (0.61, -0.62, 0.50)
1342.14: (0.91, 0.10, 0.41)
1342.25: (0.52, 0.86, 0.02)
1342.37: (0.30, 0.94, -0.14)
1342.47: (0.22, 0.96, -0.16)
1342.59: (0.01, 0.99, -0.12)
1342.70: (-0.18, 0.98, 0.00)
1342.80: (-0.19, 0.98, 0.01)
1342.80: (0.86, 0.02, 0.51): 1
1342.82: (-0.20, 0.98, 0.00)
1342.94: (-0.23, 0.97, 0.00)
1343.05: (-0.17, 0.98, -0.01)
1343.17: (-0.06, 0.98, -0.19)
1343.29: (0.13, 0.91, -0.40)
1343.40: (0.50, 0.78, -0.37)
1343.52: (0.93, 0.37, 0.01)
1343.64: (0.94, -0.09, 0.34)
1343.74: (0.84, -0.28, 0.47)
1343.85: (0.86, -0.10, 0.50)
1343.95: (0.86, -0.01, 0.50)
1343.95: (-1.00, -0.01, -0.01): 0
1343.95: (0.86, -0.01, 0.50)
1344.07: (0.86, -0.01, 0.50)
1344.19: (0.84, -0.05, 0.55)
1344.29: (0.77, -0.27, 0.58)
1344.40: (0.47, -0.54, 0.70)
1344.52: (0.01, -0.63, 0.78)
1344.64: (-0.54, -0.46, 0.71)
1344.75: (-0.94, -0.18, 0.30)
1344.87: (-1.00, -0.07, 0.00)
1344.97: (-1.00, -0.07, -0.04)
1345.00: (-1.00, -0.08, -0.04)
1345.00: (-0.54, -0.83, -0.15): 2
1345.09: (-1.00, -0.08, -0.03)
1345.20: (-1.00, -0.08, -0.03)
1345.32: (-0.98, -0.19, 0.06)
1345.44: (-0.98, -0.19, 0.06)
1345.55: (-0.98, -0.19, 0.07)
1345.67: (-0.76, -0.29, 0.58)
1345.79: (-0.12, -0.30, 0.95)
1345.90: (0.64, -0.22, 0.73)
1346.02: (0.83, -0.17, 0.53)
1346.14: (0.88, -0.02, 0.47)
1346.25: (0.81, 0.36, 0.45)
1346.37: (0.52, 0.76, 0.38)
1346.49: (0.04, 0.95, 0.29)
1346.59: (-0.44, 0.87, 0.20)
1346.70: (-0.81, 0.58, 0.12)
1346.82: (-0.95, 0.17, 0.25)
1346.94: (-0.74, -0.34, 0.58)
1347.04: (-0.22, -0.55, 0.81)
1347.15: (0.36, -0.49, 0.79)
1347.27: (0.83, -0.23, 0.51)
1347.39: (0.96, 0.19, 0.18)
1347.50: (0.63, 0.76, -0.17)
1347.62: (-0.16, 0.99, -0.04)
1347.74: (-0.65, 0.65, 0.40)
1347.85: (-0.63, 0.04, 0.77)
1347.97: (-0.22, -0.54, 0.81)
1348.09: (0.29, -0.69, 0.67)
1348.19: (0.66, -0.57, 0.49)
1348.30: (0.96, -0.23, 0.16)
1348.42: (1.00, 0.01, -0.05)
1348.54: (1.00, 0.01, -0.06)
1348.65: (0.99, 0.08, -0.09)
1348.77: (0.40, 0.83, -0.40)
1348.89: (-0.60, 0.71, -0.38)
1349.00: (-0.81, 0.53, -0.24)
1349.10: (-0.81, 0.53, -0.24)
1349.22: (-0.81, 0.54, -0.25)
1349.34: (-0.83, 0.49, -0.28)
1349.45: (-0.95, 0.25, -0.15)
1349.57: (-0.98, 0.16, -0.10)
1349.69: (-1.00, -0.09, 0.04)
1349.80: (-0.95, -0.27, 0.13)
1349.92: (-0.93, -0.32, 0.18)
1350.04: (-0.80, -0.52, 0.31)
1350.15: (-0.78, -0.59, 0.18)
1350.27: (-0.73, -0.68, 0.00)
1350.39: (-0.55, -0.83, -0.03)
1350.39: (-0.69, -0.03, -0.72): 1
1350.39: (-0.55, -0.83, -0.03)
1350.50: (-0.54, -0.84, -0.03)
1350.62: (-0.55, -0.84, -0.02)
1350.74: (-0.59, -0.81, 0.00)
1350.85: (-0.59, -0.81, 0.00)
1350.97: (-0.83, -0.56, -0.01)
1351.09: (-1.00, 0.02, -0.09)
1351.19: (-0.90, 0.41, -0.14)
1351.30: (-0.71, 0.69, -0.15)
1351.42: (-0.40, 0.90, -0.18)
1351.54: (0.04, 0.99, -0.13)
1351.65: (0.59, 0.80, -0.08)
1351.77: (0.94, 0.35, -0.04)
1351.89: (1.00, -0.04, -0.05)
1352.00: (0.98, -0.08, -0.18)
1352.12: (0.80, 0.15, -0.58)
1352.24: (0.45, 0.19, -0.87)
1352.35: (0.14, 0.12, -0.98)
1352.47: (-0.20, 0.07, -0.98)
1352.59: (-0.47, -0.04, -0.88)
1352.70: (-0.35, -0.05, -0.94)
1352.82: (-0.24, -0.04, -0.97)
1352.94: (-0.48, -0.02, -0.88)
1353.05: (-0.63, 0.00, -0.78)
1353.05: (-0.86, 0.06, -0.51): 2
1353.05: (-0.63, 0.00, -0.78)
1353.15: (-0.64, 0.00, -0.77)
1353.27: (-0.65, 0.03, -0.76)
1353.39: (-0.63, 0.04, -0.77)
1353.50: (-0.63, 0.04, -0.77)
1353.62: (-0.70, 0.09, -0.71)
1353.74: (-0.80, 0.12, -0.59)
1353.79: (-0.83, 0.12, -0.55)
1353.79: (-0.79, -0.61, 0.03): 2
1353.85: (-0.83, 0.12, -0.54)
1353.97: (-0.84, 0.11, -0.53)
1354.08: (-0.86, -0.01, -0.51)
1354.20: (-0.82, -0.09, -0.57)
1354.32: (-0.74, -0.25, -0.63)
1354.43: (-0.87, -0.18, -0.47)
1354.54: (-0.96, -0.24, -0.16)
1354.65: (-0.90, -0.42, -0.03)
1354.77: (-0.85, -0.51, -0.12)
1354.83: (-0.85, -0.52, -0.11)
1354.83: (-0.34, -0.65, -0.68): 2
1354.88: (-0.83, -0.54, -0.09)
1354.98: (-0.79, -0.62, -0.01)
1355.10: (-0.79, -0.62, -0.01)
1355.22: (-0.73, -0.68, -0.12)
1355.33: (-0.56, -0.68, -0.47)
1355.45: (-0.56, -0.68, -0.47)
1355.57: (-0.41, -0.70, -0.58)
1355.60: (-0.33, -0.69, -0.64)
1355.60: (-0.57, -0.75, 0.33): 1
1355.68: (-0.29, -0.66, -0.69)
1355.79: (-0.29, -0.66, -0.69)
1355.90: (-0.29, -0.66, -0.69)
1356.02: (-0.36, -0.65, -0.67)
1356.13: (-0.36, -0.65, -0.67)
1356.25: (-0.64, -0.49, -0.59)
1356.37: (-0.94, -0.34, -0.10)
1356.48: (-0.91, -0.07, 0.41)
1356.60: (-0.82, -0.03, 0.57)
1356.72: (-0.78, -0.47, 0.41)
1356.83: (-0.71, -0.57, 0.41)
1356.95: (-0.63, -0.67, 0.39)
1356.95: (-0.84, -0.17, -0.52): 2
1356.95: (-0.63, -0.67, 0.39)
1357.07: (-0.63, -0.67, 0.39)
1357.17: (-0.62, -0.68, 0.39)
1357.27: (-0.69, -0.64, 0.34)
1357.38: (-0.70, -0.64, 0.32)
1357.50: (-0.70, -0.64, 0.32)
1357.62: (-0.70, -0.64, 0.32)
1357.73: (-0.69, -0.72, 0.05)
1357.85: (-0.48, -0.75, -0.45)
1357.97: (-0.48, -0.62, -0.63)
1358.08: (-0.47, -0.35, -0.81)
1358.20: (-0.53, -0.22, -0.82)
1358.32: (-0.79, -0.26, -0.56)
1358.42: (-0.87, -0.25, -0.44)
1358.43: (-0.87, -0.24, -0.43)
1358.43: (0.42, -0.88, 0.20): 2
1358.53: (-0.87, -0.24, -0.43)
1358.65: (-0.86, -0.20, -0.48)
1358.75: (-0.84, -0.15, -0.52)
1358.87: (-0.82, 0.09, -0.56)
1358.98: (-0.62, 0.47, -0.63)
1359.10: (-0.13, 0.49, -0.86)
1359.22: (0.10, 0.24, -0.96)
1359.33: (0.09, 0.24, -0.97)
1359.43: (0.34, 0.21, -0.92)
1359.55: (0.74, 0.18, -0.65)
1359.65: (0.95, 0.10, -0.29)
1359.77: (0.98, -0.10, 0.18)
1359.88: (0.91, -0.24, 0.35)
1359.98: (0.76, -0.36, 0.53)
1360.10: (0.61, -0.44, 0.66)
1360.22: (0.63, -0.64, 0.45)
1360.33: (0.55, -0.78, 0.29)
1360.42: (0.53, -0.79, 0.30)
1360.42: (-0.84, -0.49, -0.23): 0
1360.45: (0.53, -0.79, 0.30)
1360.57: (0.49, -0.82, 0.30)
1360.67: (0.36, -0.91, 0.21)
1360.78: (0.03, -1.00, -0.02)
1360.90: (-0.46, -0.87, -0.18)
1361.02: (-0.63, -0.75, -0.22)
1361.13: (-0.75, -0.59, -0.30)
1361.25: (-0.80, -0.53, -0.30)
1361.28: (-0.80, -0.53, -0.30)
1361.28: (-0.79, -0.61, 0.04): 0
1361.37: (-0.80, -0.52, -0.29)
1361.48: (-0.89, -0.43, -0.17)
1361.58: (-0.94, -0.32, -0.12)
1361.70: (-0.84, -0.54, -0.04)
1361.82: (-0.81, -0.59, -0.04)
1361.87: (-0.80, -0.60, -0.02)
1361.87: (-0.72, 0.33, 0.61): 1
1361.93: (-0.79, -0.61, -0.01)
1362.05: (-0.78, -0.62, 0.09)
1362.15: (-0.78, -0.60, 0.16)
1362.27: (-0.78, -0.58, 0.24)
1362.38: (-0.77, -0.47, 0.44)
1362.48: (-0.79, -0.03, 0.61)
1362.60: (-0.76, 0.31, 0.57)
1362.70: (-0.77, 0.30, 0.56)
1362.78: (-0.78, 0.30, 0.55)
1362.78: (-0.53, 0.83, -0.19): 1
1362.82: (-0.78, 0.30, 0.55)
1362.93: (-0.78, 0.30, 0.56)
1363.05: (-0.77, 0.24, 0.59)
1363.17: (-0.77, 0.24, 0.59)
1363.27: (-0.77, 0.24, 0.59)
1363.38: (-0.76, 0.52, 0.39)
1363.50: (-0.57, 0.81, 0.12)
1363.62: (-0.56, 0.83, 0.04)
1363.73: (-0.62, 0.78, -0.08)
1363.80: (-0.59, 0.79, -0.18)
1363.80: (-0.03, 0.84, 0.54): 2
1363.85: (-0.59, 0.79, -0.18)
1363.95: (-0.59, 0.79, -0.18)
1364.07: (-0.55, 0.82, -0.17)
1364.17: (-0.49, 0.86, -0.14)
1364.28: (-0.22, 0.96, -0.17)
1364.40: (-0.05, 0.97, -0.23)
1364.52: (0.10, 0.96, -0.25)
1364.63: (0.09, 0.99, -0.08)
1364.75: (-0.23, 0.94, 0.27)
1364.87: (-0.67, 0.59, 0.44)
1364.98: (-0.82, 0.32, 0.48)
1365.08: (-0.60, 0.59, 0.54)
1365.20: (-0.37, 0.76, 0.54)
1365.32: (-0.29, 0.82, 0.49)
1365.43: (-0.22, 0.84, 0.50)
1365.55: (-0.14, 0.83, 0.54)
1365.57: (-0.12, 0.83, 0.54)
1365.57: (-0.87, 0.09, 0.49): 0
1365.67: (-0.11, 0.83, 0.55)
1365.78: (-0.14, 0.82, 0.55)
1365.90: (-0.14, 0.82, 0.55)
1366.02: (-0.15, 0.83, 0.53)
1366.13: (-0.28, 0.79, 0.54)
1366.25: (-0.62, 0.51, 0.59)
1366.37: (-0.80, 0.14, 0.59)
1366.48: (-0.81, 0.15, 0.57)
1366.55: (-0.82, 0.17, 0.54)
1366.55: (-0.42, 0.78, 0.45): 0
1366.58: (-0.83, 0.17, 0.54)
1366.68: (-0.83, 0.17, 0.53)
1366.80: (-0.83, 0.18, 0.53)
1366.92: (-0.62, 0.61, 0.49)
1367.03: (-0.53, 0.70, 0.48)
1367.13: (-0.53, 0.69, 0.49)
1367.25: (-0.53, 0.68, 0.50)
1367.25: (1.00, -0.06, 0.04): 1
1367.25: (-0.53, 0.68, 0.50)
1367.35: (-0.46, 0.75, 0.48)
1367.45: (-0.40, 0.79, 0.46)
1367.57: (-0.40, 0.79, 0.46)
1367.68: (-0.40, 0.79, 0.46)
1367.80: (-0.04, 0.81, 0.58)
1367.92: (0.44, 0.78, 0.45)
1368.03: (0.69, 0.64, 0.34)
1368.15: (0.79, 0.58, 0.21)
1368.27: (0.94, 0.34, -0.08)
1368.37: (0.98, 0.05, -0.20)
1368.48: (1.00, -0.01, -0.08)
1368.60: (1.00, 0.01, 0.00)
1368.65: (1.00, 0.00, 0.04)
1368.65: (-0.88, -0.35, -0.31): 0
1368.72: (1.00, 0.00, 0.04)
1368.83: (1.00, 0.01, 0.09)
1368.93: (1.00, 0.01, 0.09)
1369.05: (1.00, 0.01, 0.09)
1369.17: (1.00, 0.01, 0.09)
1369.28: (0.93, 0.35, -0.10)
1369.40: (0.64, 0.71, -0.30)
1369.50: (0.45, 0.81, -0.37)
1369.62: (0.49, 0.79, -0.37)
1369.73: (0.69, 0.31, -0.65)
1369.83: (0.54, -0.39, -0.74)
1369.95: (0.42, -0.81, -0.41)
1370.07: (0.42, -0.91, 0.01)
1370.18: (0.16, -0.97, 0.18)
1370.30: (-0.27, -0.92, 0.28)
1370.40: (-0.62, -0.70, 0.35)
1370.51: (-0.78, -0.50, 0.39)
1370.63: (-0.78, -0.50, 0.39)
1370.73: (-0.78, -0.50, 0.39)
1370.85: (-0.72, -0.59, 0.37)
1370.96: (-0.79, -0.56, 0.25)
1371.08: (-0.86, -0.49, -0.13)
1371.20: (-0.77, -0.50, -0.39)
1371.31: (-0.82, -0.46, -0.34)
1371.43: (-0.90, -0.38, -0.24)
1371.46: (-0.90, -0.38, -0.24)
1371.46: (-0.92, -0.34, 0.19): 0
1371.55: (-0.90, -0.38, -0.24)
1371.65: (-0.90, -0.38, -0.24)
1371.75: (-0.90, -0.38, -0.24)
1371.86: (-0.93, -0.35, -0.04)
1371.98: (-0.93, -0.37, 0.07)
1372.00: (-0.93, -0.37, 0.07)
1372.00: (0.10, 0.10, -0.99): 1
1372.10: (-0.93, -0.37, 0.07)
1372.21: (-0.94, -0.31, 0.13)
1372.33: (-0.96, -0.14, 0.23)
1372.45: (-0.91, 0.31, 0.28)
1372.56: (-0.45, 0.88, 0.16)
1372.66: (-0.13, 0.96, 0.23)
1372.78: (0.17, 0.91, 0.39)
1372.90: (0.09, 0.87, 0.48)
1373.01: (0.09, 0.87, 0.48)
1373.11: (0.09, 0.87, 0.48)
1373.23: (0.12, 0.87, 0.48)
1373.35: (0.60, 0.68, 0.43)
1373.46: (0.90, 0.43, 0.10)
1373.58: (0.94, 0.33, 0.01)
1373.70: (0.93, -0.03, -0.35)
1373.80: (0.79, -0.23, -0.57)
1373.91: (0.55, -0.35, -0.76)
1374.03: (0.21, -0.19, -0.96)
1374.15: (0.02, 0.41, -0.91)
1374.26: (0.01, 0.59, -0.81)
1374.38: (0.09, 0.33, -0.94)
1374.50: (0.12, 0.08, -0.99)
1374.55: (0.12, 0.08, -0.99)
1374.55: (-0.02, -0.97, 0.22): 1
1374.61: (0.12, 0.08, -0.99)
1374.73: (0.11, 0.10, -0.99)
1374.85: (-0.13, 0.36, -0.92)
1374.96: (-0.43, 0.48, -0.76)
1375.08: (-0.86, 0.25, -0.44)
1375.20: (-0.98, -0.12, -0.13)
1375.30: (-0.89, -0.44, 0.06)
1375.41: (-0.82, -0.55, 0.12)
1375.53: (-0.82, -0.55, 0.12)
1375.65: (-0.82, -0.55, 0.12)
1375.75: (-0.83, -0.54, 0.12)
1375.86: (-0.69, -0.70, 0.20)
1375.96: (-0.43, -0.86, 0.29)
1376.06: (-0.33, -0.90, 0.27)
1376.18: (-0.17, -0.96, 0.21)
1376.30: (-0.04, -0.97, 0.22)
1376.35: (-0.02, -0.97, 0.23)
1376.35: (0.56, -0.81, 0.16): 0
1376.41: (-0.02, -0.97, 0.23)
1376.53: (0.05, -0.97, 0.25)
1376.65: (0.39, -0.85, 0.36)
1376.76: (0.51, -0.81, 0.29)
1376.88: (0.50, -0.84, 0.23)
1376.95: (0.49, -0.85, 0.20)
1376.95: (-0.82, 0.00, 0.57): 1
1377.00: (0.49, -0.85, 0.20)
1377.11: (0.52, -0.83, 0.20)
1377.21: (0.69, -0.69, 0.22)
1377.33: (0.90, -0.40, 0.20)
1377.45: (0.98, 0.12, 0.14)
1377.56: (0.97, 0.19, 0.16)
1377.66: (0.96, -0.25, 0.13)
1377.78: (0.76, -0.64, 0.09)
1377.90: (0.22, -0.97, -0.11)
1378.01: (-0.03, -0.98, -0.18)
1378.13: (-0.11, -0.96, -0.25)
1378.25: (-0.30, -0.87, -0.39)
1378.36: (-0.45, -0.77, -0.45)
1378.48: (-0.57, -0.65, -0.50)
1378.60: (-0.66, -0.61, -0.43)
1378.71: (-0.71, -0.70, -0.09)
1378.81: (-0.61, -0.76, 0.23)
1378.93: (-0.47, -0.70, 0.53)
1379.03: (-0.42, -0.58, 0.69)
1379.15: (-0.57, -0.46, 0.68)
1379.25: (-0.73, -0.33, 0.59)
1379.36: (-0.80, -0.13, 0.58)
1379.38: (-0.80, -0.11, 0.58)
1379.38: (-0.78, 0.15, -0.61): 2
1379.48: (-0.82, -0.05, 0.56)
1379.58: (-0.87, 0.03, 0.49)
1379.70: (-0.92, 0.04, 0.38)
1379.81: (-0.98, 0.01, 0.17)
1379.93: (-1.00, -0.04, 0.09)
1380.05: (-1.00, -0.04, 0.09)
1380.15: (-1.00, -0.04, 0.09)
1380.26: (-0.97, 0.09, -0.23)
1380.38: (-0.89, 0.16, -0.43)
1380.48: (-0.89, 0.15, -0.43)
1380.60: (-0.82, 0.14, -0.55)
1380.60: (0.63, 0.55, -0.55): 1
1380.60: (-0.82, 0.14, -0.55)
1380.71: (-0.81, 0.15, -0.57)
1380.83: (-0.75, 0.15, -0.64)
1380.95: (-0.53, 0.29, -0.80)
1381.06: (-0.53, 0.29, -0.80)
1381.18: (-0.53, 0.29, -0.80)
1381.30: (-0.22, 0.52, -0.83)
1381.41: (0.13, 0.67, -0.73)
1381.53: (0.24, 0.72, -0.65)
1381.65: (0.42, 0.66, -0.62)
1381.76: (0.66, 0.55, -0.51)
1381.81: (0.67, 0.54, -0.51)
1381.81: (0.87, -0.48, -0.08): 1
1381.86: (0.67, 0.54, -0.51)
1381.98: (0.68, 0.53, -0.51)
1382.10: (0.75, 0.45, -0.48)
1382.21: (0.92, 0.19, -0.35)
1382.33: (0.95, 0.02, -0.31)
1382.45: (0.97, -0.06, -0.24)
1382.55: (1.00, -0.10, -0.02)
1382.66: (0.95, -0.29, 0.06)
1382.78: (0.89, -0.46, 0.02)
1382.90: (0.84, -0.54, -0.04)
1382.90: (-0.93, -0.35, -0.05): 1
1382.90: (0.84, -0.54, -0.04)
1383.01: (0.83, -0.56, -0.04)
1383.13: (0.79, -0.61, 0.00)
1383.23: (0.79, -0.61, 0.00)
1383.35: (0.79, -0.61, 0.00)
1383.45: (0.79, -0.61, -0.01)
1383.56: (0.67, -0.70, 0.25)
1383.68: (0.49, -0.65, 0.58)
1383.80: (0.21, -0.44, 0.87)
1383.91: (-0.08, -0.17, 0.98)
1384.03: (-0.32, 0.08, 0.95)
1384.15: (-0.46, 0.31, 0.83)
1384.26: (-0.58, 0.52, 0.63)
1384.38: (-0.61, 0.65, 0.45)
1384.50: (-0.63, 0.70, 0.34)
1384.61: (-0.76, 0.63, 0.18)
1384.73: (-0.89, 0.45, 0.12)
1384.85: (-0.91, 0.40, 0.12)
1384.96: (-0.98, 0.19, 0.07)
1385.06: (-1.00, -0.07, -0.03)
1385.18: (-0.99, -0.14, -0.04)
1385.30: (-1.00, -0.08, 0.00)
1385.40: (-0.98, -0.20, -0.02)
1385.50: (-0.95, -0.30, -0.06)
1385.50: (0.74, -0.05, 0.67): 0
1385.51: (-0.95, -0.30, -0.06)
1385.63: (-0.95, -0.30, -0.06)
1385.75: (-0.95, -0.31, -0.06)
1385.85: (-0.95, -0.31, -0.06)
1385.96: (-0.94, -0.32, -0.07)
1386.06: (-0.94, -0.32, -0.07)
1386.18: (-0.93, -0.33, 0.18)
1386.30: (-0.61, -0.27, 0.75)
1386.41: (0.05, -0.15, 0.99)
1386.53: (0.59, 0.06, 0.81)
1386.63: (0.60, 0.07, 0.80)
1386.75: (0.60, 0.00, 0.80)
1386.86: (0.71, -0.14, 0.69)
1386.91: (0.72, -0.12, 0.68)
1386.91: (-0.56, -0.83, -0.04): 1
1386.98: (0.72, -0.12, 0.68)
1387.10: (0.72, -0.09, 0.69)
1387.21: (0.67, -0.06, 0.74)
1387.33: (0.67, -0.06, 0.74)
1387.44: (0.60, -0.05, 0.80)
1387.56: (-0.04, -0.10, 0.99)
1387.68: (-0.71, -0.18, 0.69)
1387.79: (-0.97, -0.19, 0.16)
1387.91: (-0.98, -0.18, 0.12)
1388.01: (-0.98, -0.20, 0.01)
1388.13: (-0.94, -0.21, -0.28)
1388.24: (-0.91, -0.22, -0.36)
1388.34: (-0.91, -0.22, -0.36)
1388.46: (-0.91, -0.10, -0.40)
1388.58: (-0.87, 0.40, -0.28)
1388.69: (-0.57, 0.81, 0.13)
1388.81: (-0.08, 0.90, 0.43)
1388.91: (0.23, 0.84, 0.49)
1389.03: (0.47, 0.74, 0.49)
1389.14: (0.83, 0.38, 0.40)
1389.26: (0.96, -0.07, 0.26)
1389.38: (0.87, 0.26, 0.42)
1389.49: (-0.05, 0.93, 0.37)
1389.59: (-0.70, 0.67, -0.26)
1389.71: (-0.49, 0.17, -0.86)
1389.83: (0.24, -0.09, -0.97)
1389.94: (0.57, -0.27, -0.77)
1390.04: (0.63, -0.34, -0.70)
1390.16: (0.71, -0.55, -0.44)
1390.28: (0.71, -0.61, -0.35)
1390.39: (0.71, -0.61, -0.35)
1390.51: (0.71, -0.60, -0.36)
1390.61: (0.74, -0.66, -0.11)
1390.73: (0.67, -0.58, 0.47)
1390.84: (0.44, -0.31, 0.84)
1390.96: (0.20, -0.14, 0.97)
1391.06: (-0.16, -0.18, 0.97)
1391.18: (-0.55, -0.38, 0.74)
1391.29: (-0.64, -0.66, 0.38)
1391.41: (-0.32, -0.95, 0.05)
1391.51: (0.13, -0.98, -0.13)
1391.63: (0.31, -0.93, -0.20)
1391.74: (-0.01, -0.99, -0.14)
1391.86: (-0.26, -0.96, -0.11)
1391.93: (-0.42, -0.90, -0.05)
1391.93: (1.00, 0.05, -0.07): 1
1391.98: (-0.50, -0.86, -0.04)
1392.09: (-0.52, -0.85, -0.04)
1392.21: (-0.41, -0.91, -0.02)
1392.31: (-0.15, -0.99, -0.01)
1392.43: (0.02, -1.00, 0.00)
1392.54: (0.02, -1.00, 0.00)
1392.66: (0.12, -0.99, -0.03)
1392.76: (0.50, -0.83, -0.26)
1392.86: (0.81, -0.38, -0.44)
1392.98: (0.85, 0.00, -0.53)
1393.09: (0.83, 0.18, -0.52)
1393.19: (0.93, 0.05, -0.35)
1393.31: (0.98, 0.17, -0.06)
1393.34: (0.98, 0.18, -0.03)
1393.34: (0.12, -0.48, -0.87): 0
1393.41: (0.98, 0.18, -0.03)
1393.53: (0.99, 0.15, -0.02)
1393.64: (0.99, 0.11, -0.06)
1393.76: (0.99, 0.10, -0.09)
1393.86: (0.92, -0.22, -0.32)
1393.98: (0.74, -0.54, -0.40)
1394.08: (0.44, -0.77, -0.46)
1394.19: (0.27, -0.86, -0.44)
1394.31: (0.01, -0.87, -0.49)
1394.43: (0.03, -0.72, -0.69)
1394.54: (0.12, -0.61, -0.79)
1394.66: (0.15, -0.47, -0.87)
1394.69: (0.14, -0.46, -0.88)
1394.69: (0.02, 0.83, -0.56): 1
1394.76: (0.13, -0.46, -0.88)
1394.88: (0.13, -0.46, -0.88)
1394.99: (0.21, -0.56, -0.80)
1395.11: (0.21, -0.77, -0.61)
1395.23: (0.14, -0.87, -0.47)
1395.33: (0.00, -0.91, -0.41)
1395.44: (-0.29, -0.90, -0.32)
1395.54: (0.11, -0.90, -0.42)
1395.66: (0.65, -0.62, -0.45)
1395.78: (0.88, -0.28, -0.37)
1395.89: (0.96, -0.11, -0.27)
1396.01: (0.98, 0.02, -0.21)
1396.11: (0.96, 0.25, -0.11)
1396.23: (0.39, 0.88, 0.27)
1396.34: (-0.23, 0.91, 0.34)
1396.46: (-0.26, 0.90, 0.34)
1396.58: (-0.37, 0.80, 0.47)
1396.69: (-0.66, 0.31, 0.69)
1396.81: (-0.69, -0.36, 0.63)
1396.93: (-0.43, -0.55, 0.71)
1397.04: (-0.01, -0.50, 0.87)
1397.16: (0.47, -0.49, 0.73)
1397.28: (0.68, -0.66, 0.32)
1397.39: (0.68, -0.73, -0.06)
1397.49: (0.64, -0.70, -0.32)
1397.61: (0.57, -0.49, -0.66)
1397.73: (0.54, 0.10, -0.84)
1397.84: (0.69, 0.56, -0.45)
1397.96: (0.77, 0.51, 0.37)
1398.08: (0.53, 0.03, 0.85)
1398.19: (0.36, -0.56, 0.74)
1398.31: (0.14, -0.89, 0.43)
1398.43: (-0.38, -0.92, 0.01)
1398.54: (-0.80, -0.52, -0.30)
1398.66: (-0.78, -0.03, -0.62)
1398.78: (-0.14, 0.00, -0.99)
1398.88: (0.54, -0.32, -0.78)
1398.99: (0.72, -0.70, -0.02)
1399.11: (0.42, -0.66, 0.62)
1399.23: (0.65, -0.47, 0.60)
1399.34: (0.95, -0.29, 0.11)
1399.44: (0.92, -0.02, -0.39)
1399.56: (0.50, 0.25, -0.83)
1399.66: (-0.04, 0.37, -0.93)
1399.78: (-0.65, 0.41, -0.64)
1399.89: (-0.93, 0.34, -0.15)
1400.01: (-0.88, 0.45, -0.17)
1400.13: (-0.52, 0.69, -0.50)
1400.23: (-0.25, 0.74, -0.62)
1400.34: (-0.21, 0.75, -0.63)
1400.46: (-0.06, 0.78, -0.63)
1400.53: (-0.03, 0.78, -0.63)
1400.53: (0.75, 0.46, 0.47): 2
1400.58: (-0.03, 0.78, -0.62)
1400.68: (-0.03, 0.78, -0.62)
1400.79: (-0.13, 0.78, -0.61)
1400.91: (-0.13, 0.78, -0.61)
1401.03: (-0.13, 0.78, -0.61)
1401.14: (-0.31, 0.85, -0.43)
1401.26: (-0.52, 0.85, 0.05)
1401.38: (-0.59, 0.78, 0.19)
1401.48: (-0.59, 0.78, 0.20)
1401.59: (-0.58, 0.78, 0.22)
1401.69: (-0.55, 0.79, 0.29)
1401.81: (-0.34, 0.82, 0.46)
1401.93: (-0.10, 0.83, 0.55)
1402.04: (0.14, 0.81, 0.57)
1402.16: (0.49, 0.69, 0.54)
1402.28: (0.82, 0.33, 0.47)
1402.39: (0.91, 0.01, 0.41)
1402.51: (0.91, 0.08, 0.42)
1402.63: (0.85, 0.32, 0.43)
1402.69: (0.82, 0.35, 0.44)
1402.69: (0.88, 0.29, -0.37): 2
1402.74: (0.82, 0.35, 0.45)
1402.86: (0.80, 0.40, 0.44)
1402.98: (0.75, 0.52, 0.41)
1403.09: (0.76, 0.58, 0.29)
1403.19: (0.90, 0.43, 0.03)
1403.31: (0.92, 0.28, -0.26)
1403.43: (0.87, 0.26, -0.42)
1403.46: (0.87, 0.26, -0.42)
1403.46: (0.79, 0.51, -0.34): 2
1403.54: (0.87, 0.26, -0.42)
1403.64: (0.87, 0.26, -0.42)
1403.76: (0.89, 0.31, -0.34)
1403.86: (0.88, 0.32, -0.34)
1403.98: (0.81, 0.55, -0.22)
1404.06: (0.78, 0.59, -0.20)
1404.06: (-0.99, -0.08, 0.09): 0
1404.09: (0.78, 0.59, -0.20)
1404.21: (0.79, 0.58, -0.21)
1404.33: (0.81, 0.49, -0.33)
1404.44: (0.81, 0.49, -0.33)
1404.56: (0.75, 0.49, -0.44)
1404.66: (0.41, 0.42, -0.81)
1404.77: (0.12, 0.36, -0.92)
1404.89: (-0.19, 0.44, -0.88)
1405.01: (-0.43, 0.55, -0.72)
1405.11: (-0.68, 0.54, -0.51)
1405.21: (-0.94, 0.34, -0.09)
1405.32: (-0.99, 0.06, 0.11)
1405.43: (-0.99, 0.06, 0.08)
1405.54: (-1.00, 0.04, -0.06)
1405.66: (-1.00, 0.00, -0.09)
1405.77: (-1.00, -0.02, -0.08)
1405.89: (-1.00, -0.06, -0.04)
1405.96: (-1.00, -0.06, 0.00)
1405.96: (1.00, -0.03, 0.01): 2
1406.01: (-1.00, -0.06, 0.00)
1406.12: (-1.00, -0.08, 0.04)
1406.24: (-0.95, -0.14, 0.28)
1406.36: (-0.90, -0.18, 0.39)
1406.47: (-0.89, -0.19, 0.42)
1406.57: (-0.81, -0.22, 0.55)
1406.69: (-0.57, -0.38, 0.73)
1406.81: (-0.09, -0.71, 0.69)
1406.92: (0.30, -0.92, 0.27)
1407.02: (0.02, -0.99, 0.12)
1407.14: (-0.29, -0.96, -0.05)
1407.24: (-0.64, -0.75, -0.17)
1407.36: (-0.66, -0.56, -0.50)
1407.47: (-0.33, -0.35, -0.88)
1407.59: (-0.40, -0.34, -0.85)
1407.69: (-0.40, -0.34, -0.85)
1407.81: (-0.40, -0.34, -0.85)
1407.92: (-0.40, -0.34, -0.85)
1408.04: (-0.19, -0.33, -0.92)
1408.16: (0.29, -0.35, -0.89)
1408.27: (0.75, -0.28, -0.60)
1408.39: (0.93, -0.10, -0.34)
1408.51: (0.99, 0.16, -0.05)
1408.62: (0.99, 0.13, -0.04)
1408.74: (1.00, 0.01, -0.02)
1408.74: (0.83, 0.40, -0.40): 0
1408.74: (1.00, 0.01, -0.02)
1408.86: (1.00, 0.01, -0.02)
1408.97: (1.00, 0.01, 0.00)
1409.07: (0.98, 0.06, 0.16)
1409.19: (0.99, 0.15, -0.03)
1409.31: (0.95, 0.24, -0.22)
1409.41: (0.90, 0.27, -0.33)
1409.47: (0.84, 0.36, -0.41)
1409.47: (0.66, -0.65, -0.38): 1
1409.52: (0.84, 0.35, -0.42)
1409.64: (0.84, 0.35, -0.42)
1409.76: (0.84, 0.35, -0.42)
1409.87: (0.83, 0.35, -0.44)
1409.99: (0.66, 0.11, -0.75)
1410.11: (0.28, -0.35, -0.89)
1410.22: (0.03, -0.56, -0.83)
1410.34: (-0.14, -0.67, -0.73)
1410.44: (-0.39, -0.79, -0.47)
1410.56: (-0.64, -0.77, 0.05)
1410.67: (-0.71, -0.59, 0.39)
1410.79: (-0.72, -0.56, 0.41)
1410.89: (-0.62, -0.64, 0.46)
1411.01: (-0.12, -0.80, 0.59)
1411.12: (0.41, -0.75, 0.52)
1411.24: (0.75, -0.57, 0.33)
1411.34: (0.92, -0.35, 0.16)
1411.46: (0.94, -0.35, 0.02)
1411.57: (0.81, -0.58, -0.10)
1411.69: (0.77, -0.58, -0.26)
1411.81: (0.74, -0.58, -0.35)
1411.82: (0.74, -0.58, -0.36)
1411.82: (-0.41, -0.14, -0.90): 0
1411.91: (0.74, -0.58, -0.34)
1412.02: (0.68, -0.65, -0.34)
1412.14: (0.59, -0.71, -0.37)
1412.26: (0.40, -0.82, -0.40)
1412.37: (0.00, -0.81, -0.58)
1412.47: (-0.32, -0.63, -0.71)
1412.59: (-0.49, -0.39, -0.78)
1412.71: (-0.41, -0.26, -0.87)
1412.82: (-0.36, -0.11, -0.93)
1412.84: (-0.36, -0.11, -0.93)
1412.84: (0.87, 0.49, 0.08): 2
1412.94: (-0.36, -0.11, -0.93)
1413.06: (-0.40, -0.14, -0.91)
1413.17: (-0.52, -0.06, -0.85)
1413.29: (-0.66, 0.21, -0.72)
1413.41: (-0.72, 0.50, -0.48)
1413.52: (-0.80, 0.51, -0.31)
1413.64: (-0.94, 0.30, -0.16)
1413.76: (-0.96, -0.11, -0.25)
1413.87: (-0.84, -0.46, -0.28)
1413.99: (-0.69, -0.72, -0.13)
1414.11: (-0.61, -0.78, 0.17)
1414.22: (-0.37, -0.72, 0.59)
1414.34: (0.07, -0.49, 0.87)
1414.46: (0.41, -0.11, 0.90)
1414.57: (0.56, 0.20, 0.81)
1414.69: (0.67, 0.46, 0.58)
1414.81: (0.73, 0.62, 0.28)
1414.92: (0.74, 0.67, 0.05)
1415.04: (0.73, 0.68, 0.03)
1415.16: (0.80, 0.59, 0.10)
1415.22: (0.86, 0.49, 0.12)
1415.22: (0.17, 0.40, 0.90): 2
1415.27: (0.87, 0.48, 0.11)
1415.39: (0.87, 0.48, 0.11)
1415.51: (0.88, 0.44, 0.15)
1415.61: (0.88, 0.44, 0.15)
1415.72: (0.88, 0.44, 0.15)
1415.84: (0.88, 0.44, 0.15)
1415.94: (0.88, 0.44, 0.20)
1416.06: (0.85, 0.49, 0.17)
1416.17: (0.81, 0.58, 0.08)
1416.27: (0.79, 0.61, -0.03)
1416.39: (0.70, 0.63, -0.33)
1416.51: (0.49, 0.64, -0.59)
1416.62: (0.29, 0.51, -0.81)
1416.74: (0.10, 0.35, -0.93)
1416.86: (-0.17, 0.15, -0.97)
1416.97: (-0.43, -0.10, -0.90)
1417.07: (-0.65, -0.33, -0.68)
1417.19: (-0.78, -0.50, -0.38)
1417.31: (-0.79, -0.61, -0.02)
1417.42: (-0.75, -0.61, 0.26)
1417.54: (-0.67, -0.60, 0.44)
1417.66: (-0.32, -0.45, 0.84)
1417.77: (-0.02, -0.27, 0.96)
1417.87: (-0.02, -0.27, 0.96)
1417.99: (-0.02, -0.27, 0.96)
1418.11: (-0.02, -0.27, 0.96)
1418.21: (-0.05, -0.23, 0.97)
1418.32: (-0.03, 0.08, 1.00)
1418.44: (0.00, 0.24, 0.97)
1418.56: (0.07, 0.33, 0.94)
1418.59: (0.09, 0.37, 0.93)
1418.59: (-0.81, 0.59, -0.04): 0
1418.66: (0.11, 0.40, 0.91)
1418.77: (0.11, 0.40, 0.91)
1418.89: (0.10, 0.38, 0.92)
1418.99: (0.10, 0.35, 0.93)
1419.11: (0.11, 0.35, 0.93)
1419.22: (-0.15, 0.20, 0.97)
1419.34: (-0.56, -0.06, 0.82)
1419.44: (-0.86, -0.24, 0.46)
1419.56: (-0.96, -0.18, 0.20)
1419.67: (-0.98, 0.18, -0.11)
1419.79: (-0.79, 0.47, -0.39)
1419.91: (-0.74, 0.59, -0.33)
1420.02: (-0.74, 0.66, -0.13)
1420.11: (-0.75, 0.66, -0.10)
1420.11: (0.05, 0.91, 0.41): 1
1420.14: (-0.76, 0.65, -0.06)
1420.26: (-0.77, 0.64, -0.03)
1420.37: (-0.76, 0.65, -0.06)
1420.49: (-0.78, 0.57, -0.25)
1420.60: (-0.75, 0.52, -0.41)
1420.70: (-0.75, 0.52, -0.41)
1420.81: (-0.75, 0.52, -0.41)
1420.92: (-0.68, 0.56, -0.48)
1421.04: (-0.15, 0.75, -0.64)
1421.14: (0.12, 0.80, -0.58)
1421.25: (0.16, 0.85, -0.51)
1421.35: (0.26, 0.91, -0.31)
1421.47: (0.33, 0.94, -0.06)
1421.59: (0.32, 0.90, 0.29)
1421.70: (0.27, 0.76, 0.59)
1421.82: (0.20, 0.75, 0.63)
1421.92: (0.14, 0.88, 0.45)
1422.00: (0.13, 0.90, 0.42)
1422.00: (0.33, -0.10, 0.94): 1
1422.04: (0.13, 0.90, 0.42)
1422.14: (0.13, 0.90, 0.42)
1422.25: (0.14, 0.90, 0.42)
1422.37: (0.50, 0.79, 0.36)
1422.49: (0.71, 0.60, 0.37)
1422.60: (0.71, 0.60, 0.37)
1422.72: (0.71, 0.60, 0.37)
1422.84: (0.71, 0.60, 0.36)
1422.95: (0.87, 0.18, 0.46)
1423.07: (0.89, -0.17, 0.43)
1423.19: (0.87, -0.25, 0.42)
1423.30: (0.82, -0.42, 0.40)
1423.42: (0.74, -0.55, 0.38)
1423.52: (0.68, -0.63, 0.37)
1423.64: (0.62, -0.66, 0.43)
1423.75: (0.65, -0.55, 0.53)
1423.87: (0.78, -0.25, 0.58)
1423.99: (0.80, 0.03, 0.60)
1424.09: (0.74, 0.01, 0.67)
1424.20: (0.47, -0.04, 0.88)
1424.32: (0.42, -0.03, 0.91)
1424.34: (0.42, -0.03, 0.91)
1424.34: (-0.67, 0.49, -0.56): 2
1424.42: (0.42, -0.03, 0.91)
1424.54: (0.41, -0.10, 0.91)
1424.65: (0.52, -0.26, 0.81)
1424.77: (0.63, -0.34, 0.69)
1424.89: (0.71, -0.44, 0.55)
1425.00: (0.69, -0.59, 0.41)
1425.12: (0.68, -0.61, 0.40)
1425.24: (0.70, -0.55, 0.45)
1425.35: (0.59, -0.51, 0.63)
1425.47: (0.30, -0.37, 0.88)
1425.57: (0.04, -0.27, 0.96)
1425.69: (-0.32, -0.20, 0.93)
1425.80: (-0.76, 0.00, 0.65)
1425.92: (-0.95, 0.29, 0.14)
1426.04: (-0.86, 0.42, -0.29)
1426.15: (-0.66, 0.50, -0.56)
1426.27: (-0.59, 0.48, -0.65)
1426.39: (-0.60, 0.49, -0.63)
1426.47: (-0.66, 0.48, -0.58)
1426.47: (-0.80, -0.10, -0.59): 0
1426.49: (-0.66, 0.48, -0.58)
1426.60: (-0.66, 0.48, -0.58)
1426.72: (-0.77, 0.47, -0.43)
1426.84: (-0.87, 0.39, -0.32)
1426.95: (-0.85, 0.23, -0.46)
1427.07: (-0.81, -0.15, -0.57)
1427.19: (-0.77, -0.32, -0.55)
1427.30: (-0.80, -0.26, -0.55)
1427.42: (-0.80, -0.09, -0.59)
1427.45: (-0.80, -0.08, -0.60)
1427.45: (0.37, 0.52, 0.77): 2
1427.54: (-0.80, -0.09, -0.59)
1427.64: (-0.81, -0.07, -0.59)
1427.75: (-0.91, -0.07, -0.42)
1427.87: (-0.91, -0.06, -0.41)
1427.99: (-0.91, -0.06, -0.41)
1428.09: (-0.91, -0.06, -0.41)
1428.20: (-0.91, -0.11, -0.40)
1428.32: (-0.91, -0.11, -0.39)
1428.42: (-0.92, 0.16, -0.36)
1428.54: (-0.77, 0.59, -0.24)
1428.65: (-0.57, 0.82, -0.09)
1428.77: (-0.39, 0.92, 0.00)
1428.89: (0.27, 0.96, 0.02)
1429.00: (0.59, 0.80, -0.07)
1429.12: (0.67, 0.74, -0.11)
1429.24: (0.79, 0.55, -0.28)
1429.35: (0.84, 0.30, -0.45)
1429.47: (0.73, 0.10, -0.68)
1429.59: (0.39, -0.27, -0.88)
1429.70: (-0.05, -0.56, -0.83)
1429.82: (-0.42, -0.69, -0.59)
1429.94: (-0.64, -0.70, -0.33)
1430.05: (-0.80, -0.60, -0.02)
1430.17: (-0.88, -0.41, 0.24)
1430.27: (-0.89, -0.35, 0.30)
1430.39: (-0.87, -0.40, 0.29)
1430.50: (-0.87, -0.40, 0.29)
1430.60: (-0.87, -0.40, 0.29)
1430.72: (-0.64, -0.56, 0.53)
1430.84: (-0.30, -0.56, 0.77)
1430.95: (-0.17, -0.44, 0.88)
1431.07: (-0.05, -0.18, 0.98)
1431.19: (0.08, 0.20, 0.98)
1431.30: (0.39, 0.43, 0.81)
1431.42: (0.77, 0.39, 0.52)
1431.54: (0.84, 0.33, 0.42)
1431.65: (0.70, 0.39, 0.60)
1431.77: (0.52, 0.45, 0.73)
1431.89: (0.37, 0.48, 0.79)
1431.92: (0.30, 0.49, 0.82)
1431.92: (0.03, 0.93, 0.36): 1
1432.00: (0.30, 0.49, 0.82)
1432.12: (0.30, 0.49, 0.82)
1432.24: (0.28, 0.45, 0.85)
1432.35: (0.21, 0.44, 0.87)
1432.45: (0.16, 0.68, 0.71)
1432.57: (0.13, 0.86, 0.50)
1432.67: (0.08, 0.92, 0.38)
1432.70: (0.06, 0.93, 0.37)
1432.70: (-1.00, 0.03, 0.02): 0
1432.79: (0.06, 0.94, 0.34)
1432.90: (0.05, 0.94, 0.35)
1433.02: (0.06, 0.93, 0.37)
1433.12: (0.06, 0.93, 0.37)
1433.24: (0.06, 0.93, 0.37)
1433.35: (0.06, 0.93, 0.37)
1433.47: (-0.21, 0.96, 0.18)
1433.59: (-0.65, 0.74, -0.16)
1433.70: (-0.87, 0.40, -0.30)
1433.82: (-0.85, 0.31, -0.42)
1433.92: (-0.90, 0.29, -0.33)
1434.04: (-0.99, 0.10, -0.12)
1434.09: (-0.99, 0.09, -0.07)
1434.09: (0.12, 0.34, 0.93): 0
1434.15: (-0.99, 0.09, -0.07)
1434.27: (-0.99, 0.09, -0.07)
1434.37: (-1.00, 0.01, 0.01)
1434.49: (-0.94, -0.25, 0.25)
1434.60: (-0.74, -0.50, 0.46)
1434.72: (-0.83, -0.31, 0.47)
1434.84: (-0.89, 0.04, 0.46)
1434.95: (-0.76, 0.24, 0.60)
1435.07: (-0.58, 0.60, 0.56)
1435.19: (-0.39, 0.84, 0.39)
1435.30: (-0.14, 0.97, 0.19)
1435.42: (0.17, 0.97, -0.18)
1435.54: (0.31, 0.89, -0.33)
1435.65: (0.38, 0.87, -0.31)
1435.77: (0.56, 0.83, 0.02)
1435.89: (0.68, 0.52, 0.52)
1435.99: (0.62, 0.09, 0.78)
1436.10: (0.44, -0.33, 0.84)
1436.22: (0.40, -0.09, 0.91)
1436.34: (0.26, 0.18, 0.95)
1436.45: (0.18, 0.28, 0.94)
1436.45: (-0.97, -0.26, 0.00): 0
1436.45: (0.18, 0.28, 0.94)
1436.57: (0.17, 0.29, 0.94)
1436.69: (0.15, 0.27, 0.95)
1436.80: (-0.04, 0.08, 1.00)
1436.92: (-0.27, -0.09, 0.96)
1437.04: (-0.47, -0.17, 0.87)
1437.15: (-0.66, -0.22, 0.72)
1437.27: (-0.73, -0.24, 0.63)
1437.37: (-0.85, -0.29, 0.44)
1437.48: (-0.96, -0.25, 0.14)
1437.60: (-0.97, -0.23, 0.05)
1437.60: (-0.41, -0.33, -0.85): 1
1437.60: (-0.97, -0.23, 0.05)
1437.70: (-0.97, -0.23, 0.05)
1437.82: (-0.97, -0.25, -0.01)
1437.93: (-0.93, -0.22, -0.28)
1438.04: (-0.89, -0.09, -0.44)
1438.15: (-0.89, -0.09, -0.44)
1438.27: (-0.89, -0.09, -0.44)
1438.37: (-0.89, -0.09, -0.44)
1438.48: (-0.83, -0.15, -0.54)
1438.60: (-0.57, -0.22, -0.79)
1438.72: (-0.41, -0.31, -0.86)
1438.78: (-0.38, -0.34, -0.86)
1438.78: (0.54, -0.70, -0.47): 2
1438.83: (-0.39, -0.35, -0.86)
1438.95: (-0.39, -0.35, -0.86)
1439.07: (-0.25, -0.35, -0.90)
1439.18: (0.12, -0.29, -0.95)
1439.30: (0.24, -0.24, -0.94)
1439.42: (0.17, -0.15, -0.97)
1439.53: (-0.07, -0.02, -1.00)
1439.65: (-0.43, -0.12, -0.90)
1439.77: (-0.77, -0.25, -0.59)
1439.88: (-0.98, -0.18, -0.09)
1440.00: (-0.91, -0.10, 0.40)
1440.12: (-0.84, -0.03, 0.55)
1440.23: (-0.59, 0.10, 0.80)
1440.33: (-0.17, 0.11, 0.98)
1440.45: (0.32, 0.06, 0.94)
1440.57: (0.72, -0.07, 0.69)
1440.68: (0.92, -0.20, 0.34)
1440.78: (0.95, -0.30, -0.08)
1440.90: (0.96, -0.27, -0.11)
1441.02: (0.96, -0.27, -0.11)
1441.13: (0.93, -0.36, -0.11)
1441.25: (0.63, -0.66, -0.41)
1441.37: (0.62, -0.67, -0.41)
1441.37: (0.56, 0.16, -0.81): 0
1441.37: (0.62, -0.67, -0.41)
1441.47: (0.62, -0.67, -0.41)
1441.58: (0.62, -0.67, -0.41)
1441.68: (0.76, -0.63, -0.16)
1441.80: (0.79, -0.58, 0.22)
1441.92: (0.58, -0.61, 0.54)
1442.03: (0.29, -0.37, 0.88)
1442.15: (0.07, -0.01, 1.00)
1442.27: (-0.09, 0.27, 0.96)
1442.38: (-0.18, 0.25, 0.95)
1442.50: (-0.37, -0.10, 0.92)
1442.62: (-0.80, -0.05, 0.60)
1442.72: (-0.99, 0.11, 0.08)
1442.83: (-0.90, 0.15, -0.42)
1442.95: (-0.56, 0.25, -0.79)
1443.07: (-0.02, 0.24, -0.97)
1443.18: (0.52, 0.05, -0.85)
1443.30: (0.87, -0.16, -0.47)
1443.42: (0.92, -0.20, -0.34)
1443.53: (0.80, -0.04, -0.59)
1443.63: (0.70, 0.02, -0.71)
1443.73: (0.63, 0.10, -0.77)
1443.73: (-1.00, -0.05, 0.04): 2
1443.75: (0.63, 0.10, -0.77)
1443.87: (0.61, 0.11, -0.78)
1443.98: (0.58, 0.15, -0.80)
1444.10: (0.44, 0.37, -0.82)
1444.22: (0.15, 0.55, -0.83)
1444.33: (0.07, 0.63, -0.78)
1444.45: (0.03, 0.62, -0.78)
1444.57: (-0.21, 0.55, -0.81)
1444.68: (-0.59, 0.42, -0.69)
1444.80: (-0.87, 0.24, -0.43)
1444.90: (-0.99, 0.11, -0.13)
1445.02: (-0.90, -0.15, 0.41)
1445.13: (-0.60, -0.19, 0.78)
1445.25: (-0.68, -0.18, 0.71)
1445.37: (-0.89, -0.08, 0.45)
1445.48: (-0.96, -0.09, 0.25)
1445.57: (-0.98, -0.11, 0.16)
1445.57: (0.54, 0.09, 0.83): 2
1445.58: (-0.98, -0.11, 0.14)
1445.70: (-0.99, -0.11, 0.08)
1445.82: (-1.00, -0.09, -0.03)
1445.93: (-0.92, 0.15, -0.35)
1446.05: (-0.73, 0.34, -0.60)
1446.17: (-0.44, 0.55, -0.71)
1446.27: (-0.14, 0.68, -0.72)
1446.38: (0.17, 0.76, -0.63)
1446.48: (0.39, 0.78, -0.48)
1446.60: (0.66, 0.71, -0.25)
1446.72: (0.89, 0.46, -0.05)
1446.83: (0.99, 0.13, -0.06)
1446.93: (1.00, -0.02, -0.02)
1447.05: (1.00, -0.02, -0.02)
1447.17: (1.00, -0.02, -0.02)
1447.28: (1.00, -0.04, 0.02)
1447.40: (0.89, -0.09, 0.44)
1447.52: (0.68, -0.06, 0.73)
1447.63: (0.56, -0.04, 0.83)
1447.75: (0.55, 0.00, 0.83)
1447.85: (0.52, 0.16, 0.84)
1447.85: (-0.02, -0.50, -0.87): 0
1447.87: (0.52, 0.16, 0.84)
1447.98: (0.52, 0.16, 0.84)
1448.10: (0.50, 0.23, 0.84)
1448.22: (0.03, 0.55, 0.84)
1448.32: (-0.65, 0.48, 0.59)
1448.43: (-0.96, 0.10, 0.27)
1448.55: (-0.87, -0.02, 0.49)
1448.67: (-0.29, 0.35, 0.89)
1448.78: (0.38, 0.66, 0.65)
1448.90: (0.78, 0.63, 0.00)
1449.02: (0.62, 0.29, -0.73)
1449.13: (-0.13, 0.13, -0.98)
1449.25: (-0.71, 0.00, -0.71)
1449.35: (-0.77, -0.08, -0.63)
1449.47: (-0.55, -0.21, -0.81)
1449.57: (-0.23, -0.38, -0.90)
1449.68: (0.11, -0.40, -0.91)
1449.80: (0.18, -0.43, -0.88)
1449.92: (0.11, -0.45, -0.89)
1450.02: (0.00, -0.46, -0.89)
1450.05: (-0.01, -0.47, -0.88)
1450.05: (-0.95, 0.13, 0.30): 2
1450.13: (-0.02, -0.49, -0.87)
1450.25: (-0.11, -0.49, -0.86)
1450.35: (-0.11, -0.49, -0.86)
1450.47: (-0.11, -0.50, -0.86)
1450.58: (-0.26, -0.60, -0.76)
1450.70: (-0.56, -0.71, -0.42)
1450.80: (-0.77, -0.64, 0.05)
1450.92: (-0.80, -0.36, 0.48)
1451.03: (-0.74, -0.15, 0.66)
1451.15: (-0.70, 0.25, 0.67)
1451.25: (-0.82, 0.44, 0.38)
1451.37: (-0.92, 0.33, 0.20)
1451.47: (-0.94, 0.22, 0.27)
1451.47: (-0.36, 0.44, -0.82): 1
1451.48: (-0.94, 0.22, 0.27)
1451.58: (-0.94, 0.22, 0.27)
1451.70: (-0.97, 0.10, 0.22)
1451.82: (-0.95, -0.32, -0.01)
1451.93: (-0.62, -0.74, -0.26)
1452.05: (-0.34, -0.89, -0.29)
1452.17: (-0.31, -0.85, -0.42)
1452.28: (-0.02, -0.49, -0.87)
1452.40: (0.40, 0.01, -0.92)
1452.52: (0.78, 0.43, -0.46)
1452.63: (0.76, 0.62, 0.18)
1452.75: (0.56, 0.61, 0.56)
1452.87: (0.27, 0.55, 0.79)
1452.97: (-0.08, 0.42, 0.90)
1453.08: (-0.33, 0.17, 0.93)
1453.20: (-0.33, -0.15, 0.93)
1453.32: (-0.33, -0.15, 0.93)
1453.42: (-0.33, -0.15, 0.93)
1453.53: (-0.33, -0.15, 0.93)
1453.65: (-0.03, 0.09, 1.00)
1453.77: (-0.40, -0.26, 0.88)
1453.88: (-0.63, -0.62, 0.47)
1454.00: (-0.58, -0.81, 0.06)
1454.12: (-0.45, -0.84, -0.32)
1454.23: (-0.15, -0.65, -0.74)
1454.35: (0.16, -0.33, -0.93)
1454.47: (0.33, -0.15, -0.93)
1454.58: (0.19, -0.30, -0.93)
1454.68: (-0.20, -0.63, -0.75)
1454.80: (-0.49, -0.62, -0.61)
1454.91: (-0.44, -0.19, -0.88)
1455.01: (-0.25, 0.15, -0.96)
1455.12: (-0.17, 0.35, -0.92)
1455.23: (-0.34, 0.49, -0.81)
1455.28: (-0.44, 0.50, -0.75)
1455.28: (0.12, 0.83, 0.54): 0
1455.35: (-0.44, 0.49, -0.75)
1455.45: (-0.42, 0.46, -0.78)
1455.57: (-0.32, 0.40, -0.86)
1455.68: (-0.27, 0.36, -0.89)
1455.80: (-0.27, 0.36, -0.89)
1455.91: (-0.27, 0.36, -0.89)
1456.01: (-0.30, 0.41, -0.86)
1456.13: (-0.38, 0.89, -0.25)
1456.25: (-0.16, 0.94, 0.29)
1456.36: (-0.07, 0.89, 0.45)
1456.48: (-0.04, 0.91, 0.40)
1456.60: (0.08, 0.89, 0.45)
1456.63: (0.09, 0.87, 0.48)
1456.63: (0.93, -0.13, -0.35): 1
1456.71: (0.10, 0.86, 0.50)
1456.83: (0.10, 0.86, 0.50)
1456.95: (0.04, 0.87, 0.49)
1457.05: (0.04, 0.87, 0.49)
1457.16: (0.04, 0.87, 0.49)
1457.28: (0.07, 0.82, 0.56)
1457.40: (0.25, 0.43, 0.87)
1457.51: (0.39, -0.06, 0.92)
1457.63: (0.39, -0.19, 0.90)
1457.75: (0.32, -0.18, 0.93)
1457.86: (-0.26, 0.13, 0.96)
1457.98: (-0.94, 0.10, 0.31)
1458.08: (-0.88, -0.16, -0.45)
1458.20: (-0.62, -0.36, -0.69)
1458.31: (-0.57, -0.40, -0.72)
1458.43: (-0.57, -0.40, -0.72)
1458.53: (-0.57, -0.40, -0.72)
1458.65: (-0.33, -0.49, -0.81)
1458.76: (0.50, -0.44, -0.75)
1458.86: (0.89, -0.08, -0.45)
1458.98: (0.94, 0.33, -0.13)
1459.10: (0.79, 0.61, 0.06)
1459.20: (0.88, 0.47, 0.02)
1459.31: (0.96, 0.19, -0.18)
1459.43: (0.96, 0.02, -0.28)
1459.46: (0.96, 0.02, -0.28)
1459.46: (-0.64, 0.77, 0.00): 2
1459.55: (0.96, 0.01, -0.28)
1459.66: (0.93, -0.19, -0.32)
1459.78: (0.87, -0.34, -0.36)
1459.88: (0.66, -0.59, -0.46)
1460.00: (0.22, -0.75, -0.62)
1460.11: (-0.35, -0.60, -0.72)
1460.23: (-0.78, -0.15, -0.61)
1460.35: (-0.63, 0.57, -0.52)
1460.46: (0.11, 0.91, -0.39)
1460.58: (0.44, 0.87, -0.23)
1460.70: (0.45, 0.88, -0.15)
1460.81: (-0.18, 0.98, -0.11)
1460.93: (-0.39, 0.91, -0.15)
1461.05: (-0.48, 0.87, -0.14)
1461.16: (-0.61, 0.79, 0.03)
1461.18: (-0.62, 0.78, 0.04)
1461.18: (0.42, -0.16, 0.89): 2
1461.28: (-0.63, 0.78, 0.06)
1461.40: (-0.71, 0.69, 0.16)
1461.51: (-0.69, 0.32, 0.65)
1461.63: (-0.35, 0.09, 0.93)
1461.75: (-0.13, 0.28, 0.95)
1461.86: (-0.10, 0.46, 0.88)
1461.98: (-0.08, 0.58, 0.81)
1462.08: (-0.02, 0.59, 0.81)
1462.20: (0.56, 0.47, 0.68)
1462.31: (0.88, 0.04, 0.48)
1462.43: (0.99, 0.06, 0.16)
1462.55: (0.96, 0.23, 0.18)
1462.66: (0.73, 0.02, 0.69)
1462.76: (0.52, -0.17, 0.84)
1462.88: (0.40, -0.18, 0.90)
1462.91: (0.40, -0.17, 0.90)
1462.91: (0.60, -0.74, -0.31): 0
1463.00: (0.41, -0.16, 0.90)
1463.11: (0.40, -0.14, 0.91)
1463.23: (0.25, 0.29, 0.92)
1463.33: (0.01, 0.52, 0.85)
1463.45: (-0.29, 0.20, 0.94)
1463.55: (-0.38, -0.13, 0.91)
1463.66: (-0.27, -0.15, 0.95)
1463.78: (0.16, 0.48, 0.87)
1463.90: (0.36, 0.90, 0.25)
1464.01: (0.12, 0.79, -0.60)
1464.11: (-0.25, 0.55, -0.80)
1464.23: (-0.65, 0.43, -0.62)
1464.35: (-0.93, -0.14, -0.35)
1464.45: (-0.75, -0.63, -0.18)
1464.56: (-0.17, -0.92, -0.34)
1464.68: (-0.17, -0.92, -0.34)
1464.80: (-0.17, -0.92, -0.34)
1464.90: (-0.09, -0.94, -0.33)
1465.01: (0.30, -0.89, -0.35)
1465.13: (0.38, -0.86, -0.34)
1465.20: (0.45, -0.84, -0.30)
1465.20: (0.37, 0.33, -0.87): 2
1465.25: (0.53, -0.79, -0.30)
1465.36: (0.55, -0.78, -0.29)
1465.48: (0.56, -0.78, -0.28)
1465.58: (0.61, -0.74, -0.29)
1465.68: (0.82, -0.52, -0.24)
1465.80: (0.89, -0.41, -0.20)
1465.91: (0.97, -0.22, -0.05)
1466.03: (0.98, -0.10, 0.15)
1466.13: (0.91, 0.21, 0.35)
1466.25: (0.40, 0.72, 0.57)
1466.36: (0.00, 0.83, 0.56)
1466.46: (-0.53, 0.84, 0.11)
1466.58: (-0.89, 0.29, -0.36)
1466.70: (-0.93, 0.15, -0.33)
1466.81: (-0.97, -0.20, -0.15)
1466.93: (-0.74, -0.65, 0.18)
1467.03: (-0.71, -0.67, 0.20)
1467.13: (-0.71, -0.67, 0.20)
1467.25: (-0.72, -0.66, 0.19)
1467.36: (-0.67, -0.74, -0.05)
1467.48: (-0.29, -0.79, -0.55)
1467.60: (0.12, -0.58, -0.81)
1467.70: (0.32, -0.41, -0.85)
1467.81: (0.48, -0.30, -0.83)
1467.93: (0.54, -0.24, -0.81)
1468.05: (0.44, 0.05, -0.89)
1468.15: (0.41, 0.18, -0.90)
1468.15: (0.16, -0.95, -0.26): 1
1468.16: (0.41, 0.18, -0.90)
1468.28: (0.43, 0.19, -0.88)
1468.40: (0.42, 0.14, -0.90)
1468.51: (0.10, -0.13, -0.99)
1468.63: (-0.09, -0.13, -0.99)
1468.75: (-0.45, -0.31, -0.84)
1468.86: (-0.82, -0.52, -0.25)
1468.98: (-0.83, -0.41, 0.38)
1469.08: (-0.68, -0.18, 0.71)
1469.20: (-0.35, 0.12, 0.93)
1469.31: (0.15, 0.44, 0.89)
1469.43: (0.49, 0.58, 0.65)
1469.55: (0.67, 0.64, 0.37)
1469.65: (0.73, 0.69, 0.04)
1469.76: (0.50, 0.83, -0.25)
1469.88: (0.23, 0.71, -0.66)
1469.98: (0.12, 0.38, -0.92)
1470.10: (0.13, -0.11, -0.98)
1470.21: (0.26, -0.76, -0.59)
1470.33: (0.31, -0.93, 0.20)
1470.43: (0.27, -0.80, 0.53)
1470.55: (0.25, -0.87, 0.43)
1470.66: (0.21, -0.96, 0.20)
1470.78: (0.23, -0.97, -0.07)
1470.89: (0.24, -0.96, -0.15)
1471.01: (0.24, -0.96, -0.16)
1471.11: (0.24, -0.96, -0.16)
1471.11: (0.90, 0.19, -0.40): 1
1471.13: (0.24, -0.96, -0.16)
1471.25: (0.23, -0.96, -0.17)
1471.36: (0.17, -0.96, -0.21)
1471.48: (0.24, -0.94, -0.26)
1471.59: (0.45, -0.89, -0.11)
1471.71: (0.64, -0.76, -0.13)
1471.83: (0.77, -0.46, -0.44)
1471.94: (0.66, -0.39, -0.64)
1472.04: (0.34, -0.13, -0.93)
1472.16: (-0.13, 0.25, -0.96)
1472.28: (-0.02, 0.38, -0.92)
1472.40: (0.46, 0.23, -0.86)
1472.51: (0.58, 0.30, -0.76)
1472.63: (0.77, 0.23, -0.60)
1472.73: (0.92, 0.09, -0.39)
1472.80: (0.92, 0.07, -0.39)
1472.80: (0.95, 0.30, -0.14): 2
1472.85: (0.92, 0.08, -0.40)
1472.96: (0.90, 0.10, -0.41)
1473.08: (0.77, 0.27, -0.58)
1473.19: (0.70, 0.34, -0.63)
1473.31: (0.89, 0.33, -0.31)
1473.43: (0.92, 0.31, -0.23)
1473.53: (0.96, 0.23, -0.13)
1473.53: (0.78, -0.62, -0.13): 2
1473.53: (0.96, 0.23, -0.13)
1473.64: (0.97, 0.23, -0.09)
1473.76: (0.97, 0.25, -0.08)
1473.86: (0.95, 0.29, -0.09)
1473.98: (0.95, 0.29, -0.11)
1474.09: (0.99, 0.02, -0.12)
1474.21: (0.90, -0.42, -0.11)
1474.33: (0.84, -0.52, -0.14)
1474.34: (0.84, -0.52, -0.14)
1474.34: (0.97, 0.12, 0.21): 2
1474.44: (0.85, -0.51, -0.14)
1474.56: (0.85, -0.51, -0.14)
1474.66: (0.90, -0.42, -0.15)
1474.78: (0.95, -0.28, -0.15)
1474.89: (0.98, -0.17, -0.09)
1475.01: (1.00, -0.02, 0.06)
1475.11: (0.98, 0.04, 0.21)
1475.14: (0.98, 0.04, 0.21)
1475.14: (-0.28, 0.17, 0.95): 1
1475.23: (0.98, 0.04, 0.21)
1475.34: (0.98, 0.04, 0.21)
1475.46: (0.98, 0.04, 0.21)
1475.58: (0.96, 0.18, 0.21)
1475.69: (0.90, 0.29, 0.33)
1475.81: (0.79, -0.11, 0.61)
1475.91: (0.73, -0.53, 0.44)
1476.03: (0.29, -0.95, 0.11)
1476.14: (-0.32, -0.90, -0.29)
1476.26: (-0.71, -0.53, -0.46)
1476.38: (-0.88, -0.22, -0.42)
1476.48: (-0.98, 0.16, -0.15)
1476.59: (-0.95, 0.26, 0.19)
1476.71: (-0.94, 0.22, 0.27)
1476.83: (-0.94, 0.22, 0.27)
1476.94: (-0.94, 0.22, 0.27)
1477.06: (-0.96, 0.17, 0.24)
1477.18: (-0.78, 0.33, 0.52)
1477.29: (-0.56, 0.49, 0.66)
1477.41: (-0.44, 0.53, 0.72)
1477.53: (-0.49, 0.41, 0.77)
1477.64: (-0.46, 0.30, 0.84)
1477.69: (-0.42, 0.26, 0.87)
1477.69: (0.39, 0.80, -0.46): 1
1477.76: (-0.41, 0.24, 0.88)
1477.88: (-0.30, 0.19, 0.93)
1477.99: (-0.23, 0.14, 0.96)
1478.11: (-0.12, 0.26, 0.96)
1478.23: (0.25, 0.49, 0.83)
1478.34: (0.66, 0.68, 0.31)
1478.46: (0.70, 0.61, -0.37)
1478.56: (0.73, 0.35, -0.59)
1478.68: (0.77, 0.29, -0.57)
1478.79: (0.66, 0.58, -0.48)
1478.91: (0.51, 0.69, -0.50)
1478.94: (0.48, 0.73, -0.49)
1478.94: (-0.92, -0.22, 0.32): 1
1479.03: (0.44, 0.76, -0.48)
1479.13: (0.39, 0.78, -0.48)
1479.24: (0.43, 0.70, -0.57)
1479.34: (0.57, 0.42, -0.71)
1479.46: (0.67, 0.18, -0.72)
1479.58: (0.85, -0.07, -0.53)
1479.69: (0.90, -0.41, -0.16)
1479.81: (0.60, -0.80, 0.00)
1479.93: (0.48, -0.87, 0.12)
1480.04: (0.48, -0.87, 0.12)
1480.16: (0.48, -0.87, 0.12)
1480.28: (0.48, -0.87, 0.12)
1480.39: (0.03, -0.99, -0.17)
1480.51: (-0.24, -0.84, -0.48)
1480.63: (-0.32, -0.66, -0.68)
1480.73: (-0.40, -0.51, -0.76)
1480.84: (-0.65, -0.28, -0.71)
1480.96: (-0.86, 0.07, -0.50)
1481.06: (-0.93, 0.33, -0.17)
1481.18: (-0.93, 0.37, 0.02)
1481.29: (-0.96, 0.21, 0.16)
1481.39: (-0.95, -0.03, 0.32)
1481.51: (-0.88, -0.23, 0.41)
1481.63: (-0.91, -0.21, 0.37)
1481.69: (-0.94, -0.19, 0.29)
1481.69: (0.36, 0.66, -0.66): 1
1481.73: (-0.94, -0.19, 0.29)
1481.84: (-0.94, -0.19, 0.30)
1481.96: (-0.91, 0.05, 0.40)
1482.06: (-0.77, 0.45, 0.46)
1482.18: (-0.50, 0.73, 0.48)
1482.29: (-0.43, 0.77, 0.48)
1482.39: (-0.27, 0.79, 0.55)
1482.51: (0.01, 0.74, 0.68)
1482.63: (0.12, 0.69, 0.72)
1482.74: (0.20, 0.62, 0.76)
1482.84: (0.23, 0.50, 0.83)
1482.96: (0.06, 0.16, 0.98)
1483.08: (-0.15, -0.37, 0.92)
1483.19: (-0.29, -0.81, 0.51)
1483.31: (-0.26, -0.95, 0.14)
1483.43: (-0.27, -0.95, -0.18)
1483.53: (-0.27, -0.80, -0.54)
1483.64: (-0.24, -0.55, -0.80)
1483.74: (-0.19, -0.29, -0.94)
1483.86: (-0.08, 0.05, -1.00)
1483.98: (-0.06, 0.35, -0.94)
1484.09: (-0.06, 0.11, -0.99)
1484.21: (-0.18, -0.46, -0.87)
1484.33: (-0.21, -0.87, -0.45)
1484.44: (-0.16, -0.71, -0.68)
1484.56: (0.03, -0.20, -0.98)
1484.66: (0.23, 0.48, -0.84)
1484.78: (0.23, 0.56, -0.79)
1484.88: (0.23, 0.56, -0.79)
1484.99: (0.23, 0.56, -0.79)
1485.11: (0.23, 0.56, -0.79)
1485.23: (0.25, 0.57, -0.78)
1485.34: (0.29, 0.61, -0.74)
1485.46: (0.31, 0.63, -0.71)
1485.46: (0.64, -0.25, -0.72): 0
1485.46: (0.31, 0.63, -0.71)
1485.58: (0.31, 0.63, -0.71)
1485.69: (0.34, 0.64, -0.68)
1485.79: (0.36, 0.64, -0.68)
1485.91: (0.37, 0.62, -0.70)
1486.03: (0.35, 0.36, -0.86)
1486.14: (0.46, -0.03, -0.89)
1486.26: (0.64, -0.49, -0.60)
1486.38: (0.69, -0.48, -0.55)
1486.49: (0.70, -0.34, -0.63)
1486.59: (0.72, -0.18, -0.67)
1486.59: (-0.68, -0.48, 0.55): 0
1486.59: (0.72, -0.18, -0.67)
1486.71: (0.71, -0.18, -0.68)
1486.83: (0.82, -0.19, -0.54)
1486.93: (0.96, -0.21, -0.17)
1487.04: (0.96, -0.25, 0.12)
1487.16: (0.90, -0.31, 0.29)
1487.28: (0.81, -0.35, 0.48)
1487.38: (0.67, -0.32, 0.67)
1487.49: (0.44, -0.31, 0.84)
1487.61: (0.20, -0.37, 0.91)
1487.72: (-0.32, -0.33, 0.89)
1487.84: (-0.64, -0.17, 0.75)
1487.96: (-0.64, -0.27, 0.72)
1488.06: (-0.62, -0.43, 0.65)
1488.09: (-0.64, -0.44, 0.62)
1488.09: (0.22, -0.27, -0.94): 2
1488.18: (-0.65, -0.45, 0.62)
1488.28: (-0.70, -0.47, 0.54)
1488.39: (-0.63, -0.51, 0.59)
1488.51: (-0.63, -0.51, 0.59)
1488.62: (-0.63, -0.51, 0.59)
1488.74: (-0.62, -0.54, 0.57)
1488.84: (-0.55, -0.45, 0.71)
1488.96: (-0.18, -0.15, 0.97)
1489.07: (0.09, 0.11, 0.99)
1489.18: (0.33, 0.26, 0.91)
1489.29: (0.73, 0.36, 0.59)
1489.41: (0.97, 0.24, -0.01)
1489.52: (0.87, -0.06, -0.50)
1489.64: (0.87, -0.06, -0.50)
1489.76: (0.87, -0.06, -0.50)
1489.87: (0.86, -0.06, -0.51)
1489.97: (0.61, -0.17, -0.77)
1490.09: (0.40, -0.20, -0.89)
1490.19: (0.27, -0.25, -0.93)
1490.19: (0.17, -0.79, -0.59): 0
1490.21: (0.27, -0.25, -0.93)
1490.31: (0.27, -0.25, -0.93)
1490.42: (0.40, -0.18, -0.90)
1490.52: (0.63, -0.18, -0.76)
1490.64: (0.40, -0.59, -0.70)
1490.76: (0.25, -0.68, -0.69)
1490.82: (0.15, -0.72, -0.68)
1490.82: (0.50, 0.58, -0.64): 2
1490.87: (0.15, -0.72, -0.68)
1490.97: (0.15, -0.72, -0.68)
1491.09: (0.17, -0.71, -0.68)
1491.21: (0.30, -0.67, -0.68)
1491.31: (0.46, -0.65, -0.61)
1491.42: (0.53, -0.78, -0.32)
1491.54: (0.38, -0.92, -0.05)
1491.64: (0.55, -0.83, -0.09)
1491.76: (0.93, -0.37, 0.02)
1491.87: (0.93, 0.26, 0.27)
1491.99: (0.28, 0.94, 0.21)
1492.11: (-0.39, 0.91, -0.13)
1492.22: (-0.46, 0.87, -0.19)
1492.32: (-0.30, 0.87, -0.38)
1492.44: (-0.14, 0.64, -0.75)
1492.56: (0.28, 0.18, -0.94)
1492.67: (0.30, -0.22, -0.93)
1492.79: (0.20, 0.02, -0.98)
1492.91: (0.38, 0.41, -0.83)
1492.97: (0.39, 0.49, -0.78)
1492.97: (0.16, 0.94, 0.31): 0
1493.02: (0.40, 0.51, -0.77)
1493.14: (0.41, 0.52, -0.75)
1493.26: (0.45, 0.55, -0.70)
1493.37: (0.48, 0.64, -0.60)
1493.49: (0.50, 0.84, -0.18)
1493.61: (0.64, 0.66, 0.39)
1493.72: (0.73, 0.18, 0.66)
1493.84: (0.72, 0.39, 0.58)
1493.94: (0.50, 0.73, 0.48)
1494.06: (0.21, 0.91, 0.37)
1494.07: (0.18, 0.92, 0.35)
1494.07: (-0.90, 0.13, -0.42): 0
1494.17: (0.14, 0.94, 0.32)
1494.29: (0.14, 0.96, 0.26)
1494.41: (0.19, 0.95, -0.23)
1494.52: (0.11, 0.65, -0.75)
1494.64: (-0.09, 0.14, -0.99)
1494.76: (-0.24, -0.36, -0.90)
1494.87: (-0.24, -0.68, -0.69)
1494.99: (0.11, -0.82, -0.57)
1495.11: (0.59, -0.63, -0.51)
1495.21: (0.80, -0.41, -0.43)
1495.32: (0.95, -0.06, -0.31)
1495.44: (0.97, 0.20, -0.14)
1495.56: (0.88, 0.46, -0.08)
1495.67: (0.56, 0.78, -0.28)
1495.79: (0.17, 0.83, -0.53)
1495.91: (-0.31, 0.66, -0.68)
1496.02: (-0.54, 0.48, -0.69)
1496.14: (-0.62, 0.38, -0.68)
1496.26: (-0.77, 0.26, -0.58)
1496.37: (-0.89, 0.09, -0.45)
1496.37: (-0.97, 0.06, 0.23): 0
1496.37: (-0.89, 0.09, -0.45)
1496.47: (-0.89, 0.08, -0.44)
1496.59: (-0.87, 0.12, -0.48)
1496.71: (-0.75, 0.20, -0.64)
1496.82: (-0.94, 0.19, -0.28)
1496.94: (-0.98, 0.15, -0.13)
1497.04: (-0.99, 0.12, 0.09)
1497.11: (-0.99, 0.12, 0.10)
1497.11: (-0.98, -0.09, -0.15): 0
1497.16: (-0.99, 0.11, 0.11)
1497.26: (-0.99, 0.10, 0.13)
1497.37: (-0.98, 0.09, 0.18)
1497.49: (-1.00, 0.05, 0.08)
1497.59: (-0.98, -0.01, -0.18)
1497.64: (-0.98, -0.03, -0.19)
END