3/28/2023 12:30:00 PM
Mode: Mono
White time (s): [1.000122, 1.432983, 2.949463, 1.23291, 0.9165039, 1.183105, 0.6000977, 2.666138, 3.249146, 3.116089, 1.466919, 2.082764, 1.766602, 1.715942, 0.4667969, 2.23291, 3.299438, 1.89978, 0.3830566, 2.549194, 0.9664307, 1.215942, 0.916748, 1.615723, 0.7666016, 2.083008, 2.115845, 1.482666, 1.98291, 1.149902]
Shot time (s): [1.366333, 0.6331787, 1.532837, 2.449341, 1.799561, 3.432861, 1.083252, 1.24939, 2.116333, 0.3830566, 2.266235, 1.216553, 0.9665527, 2.333008, 1.583008, 1.866699, 1.166382, 2.183105, 1.399536, 2.016479, 2.133179, 0.6999512, 1.249878, 0.4498291, 1.650146, 0.8997803, 3.349243, 1.316406, 0.7998047, 1.866455]
Step time (s): [4.4823, 2.08313, 1.099731, 3.165894, 1.199829, 2.349487, 1.866333, 1.849609, 3.71582, 2.199463, 2.73291, 0.4996338, 0.416626, 2.033081, 1.400024, 0.9329834, 0.967041, 1.666016, 5.098999, 1.74939, 2.532593, 1.466431, 2.399536, 2.232788, 1.533081, 1.333008, 2.049683, 1.799683, 0.5333252, 1.182983]
White horz (deg): [93.20242, 139.1024, 555.2623, 179.2649, 95.62493, 67.57497, 51.63747, 533.2048, 409.9124, 730.4469, 379.9498, 343.4849, 326.5274, 239.5724, 27.15749, 308.9325, 681.3597, 345.7798, 7.904995, 307.02, 170.5949, 110.6699, 91.79995, 179.3924, 54.05996, 222.7424, 294.78, 213.8173, 225.1649, 173.5274]
Shot horz (deg): [104.8049, 57.50247, 163.5824, 336.0899, 174.0374, 653.0546, 98.55743, 218.535, 456.9598, 22.31248, 372.5549, 152.7449, 143.6924, 362.0999, 203.4899, 216.8774, 204.5099, 426.2323, 177.6075, 342.2098, 249.8999, 26.77498, 99.19495, 30.34498, 281.0099, 95.11497, 497.7598, 169.4474, 78.66745, 191.5049]
Step horz (deg): [901.4246, 285.9824, 73.82244, 430.8224, 140.5049, 302.0474, 329.7149, 265.0724, 534.99, 548.3773, 451.0949, 20.39999, 17.33999, 324.1049, 118.8299, 52.91246, 72.54745, 228.0973, 688.8823, 208.2074, 295.5449, 157.4624, 300.3899, 297.7124, 155.2949, 166.8974, 272.8499, 258.0598, 18.74249, 133.7474]
White vert (deg): [90.90745, 121.3799, 323.595, 81.72746, 22.18499, 127.1174, 19.37999, 381.2249, 424.4474, 339.7874, 255.3823, 196.2224, 213.4349, 170.5949, 20.27249, 266.3474, 395.8874, 219.9374, 25.62749, 290.3174, 94.85996, 84.27744, 107.2274, 115.2599, 71.39996, 212.7974, 512.2948, 371.7899, 394.1022, 159.8849]
Shot vert (deg): [195.0749, 24.98998, 155.2949, 403.5373, 250.0273, 541.2375, 76.11746, 221.9774, 247.2224, 10.96499, 278.8424, 124.0574, 71.14497, 266.3473, 149.5574, 166.8974, 116.0249, 403.7925, 266.6023, 381.3524, 297.8398, 51.63747, 197.3699, 35.95497, 374.4674, 167.0249, 803.5049, 206.4224, 43.73248, 452.3697]
Step vert (deg): [508.2152, 223.2523, 20.90999, 426.9973, 108.2474, 275.2725, 116.9174, 225.8024, 516.3749, 341.8272, 308.9324, 41.05498, 38.75998, 262.1399, 29.45248, 78.28496, 47.30247, 237.1499, 624.2399, 240.4649, 447.3974, 272.3398, 586.4998, 676.3873, 321.1724, 291.0823, 500.0547, 481.9498, 78.02995, 132.345]

Time in sec: camera forward versor
Time in sec: target versor: sound type (0 = White, 1 = Shot, 2 = Step)
START
1303.48: (0.36, 0.92, -0.16): 2
1303.48: (-0.95, -0.30, -0.07)
1303.59: (-0.95, -0.30, -0.07)
1303.71: (-0.95, -0.30, -0.08)
1303.83: (-0.67, -0.71, -0.21)
1303.93: (-0.33, -0.90, -0.28)
1304.04: (0.03, -0.99, -0.15)
1304.16: (0.41, -0.91, 0.10)
1304.28: (0.30, -0.71, 0.64)
1304.39: (0.09, -0.39, 0.91)
1304.51: (-0.49, -0.27, 0.83)
1304.61: (-0.78, -0.46, 0.43)
1304.73: (-0.76, -0.53, -0.38)
1304.84: (-0.38, -0.71, -0.59)
1304.96: (0.13, -0.88, -0.46)
1305.08: (0.64, -0.76, 0.07)
1305.19: (0.59, -0.47, 0.66)
1305.31: (0.32, -0.18, 0.93)
1305.43: (-0.27, -0.01, 0.96)
1305.54: (-0.85, -0.08, 0.52)
1305.64: (-0.99, -0.13, 0.05)
1305.76: (-0.91, -0.13, -0.38)
1305.88: (-0.64, -0.06, -0.77)
1305.99: (-0.89, 0.35, -0.30)
1306.11: (-0.89, 0.29, 0.35)
1306.23: (-0.82, 0.22, 0.52)
1306.33: (-0.67, 0.08, 0.73)
1306.44: (-0.41, -0.05, 0.91)
1306.56: (0.26, -0.59, 0.76)
1306.68: (0.69, -0.70, -0.22)
1306.79: (0.27, -0.73, -0.63)
1306.91: (-0.18, -0.58, -0.79)
1307.03: (-0.56, -0.41, -0.72)
1307.14: (-0.56, -0.02, -0.83)
1307.24: (-0.49, 0.40, -0.78)
1307.34: (-0.44, 0.46, -0.77)
1307.46: (0.11, 0.92, -0.37)
1307.58: (0.67, 0.74, -0.04)
1307.69: (0.86, 0.47, 0.20)
1307.81: (0.55, 0.83, -0.10)
1307.91: (0.41, 0.86, -0.29)
1307.96: (0.40, 0.87, -0.30)
1307.96: (0.96, -0.23, 0.15): 1
1308.03: (0.40, 0.87, -0.30)
1308.13: (0.37, 0.88, -0.28)
1308.24: (0.39, 0.92, -0.09)
1308.36: (0.58, 0.66, 0.48)
1308.46: (0.47, 0.66, 0.59)
1308.58: (0.47, 0.66, 0.59)
1308.69: (0.70, 0.55, 0.46)
1308.81: (0.89, -0.18, -0.43)
1308.93: (0.59, -0.45, -0.67)
1309.04: (0.86, -0.48, -0.17)
1309.16: (0.92, -0.36, 0.15)
1309.28: (0.96, -0.23, 0.18)
1309.33: (0.96, -0.23, 0.18)
1309.33: (-0.87, 0.37, 0.31): 2
1309.39: (0.96, -0.23, 0.18)
1309.51: (0.94, -0.27, 0.20)
1309.63: (0.87, -0.46, -0.16)
1309.74: (0.68, -0.28, -0.68)
1309.86: (0.32, 0.20, -0.93)
1309.98: (0.22, 0.30, -0.93)
1310.09: (0.22, 0.30, -0.93)
1310.19: (0.18, 0.30, -0.94)
1310.31: (0.31, 0.75, -0.59)
1310.41: (0.51, 0.84, -0.20)
1310.53: (0.57, 0.75, 0.33)
1310.64: (0.66, 0.58, 0.48)
1310.76: (0.68, 0.39, 0.62)
1310.88: (0.21, 0.14, 0.97)
1310.99: (-0.67, 0.21, 0.72)
1311.09: (-0.90, 0.19, 0.38)
1311.21: (-0.96, 0.27, 0.04)
1311.33: (-0.87, 0.42, 0.26)
1311.41: (-0.84, 0.45, 0.31)
1311.41: (-0.56, 0.14, -0.82): 2
1311.44: (-0.84, 0.45, 0.31)
1311.54: (-0.84, 0.45, 0.32)
1311.64: (-0.84, 0.44, 0.31)
1311.76: (-0.94, 0.30, -0.13)
1311.88: (-0.75, 0.17, -0.64)
1311.99: (-0.75, 0.17, -0.64)
1312.11: (-0.75, 0.17, -0.64)
1312.23: (-0.69, 0.24, -0.68)
1312.34: (-0.69, 0.24, -0.68)
1312.46: (-0.60, 0.18, -0.78)
1312.51: (-0.56, 0.15, -0.81)
1312.51: (-0.99, -0.07, -0.08): 1
1312.56: (-0.56, 0.15, -0.81)
1312.68: (-0.56, 0.15, -0.81)
1312.79: (-0.54, 0.05, -0.84)
1312.91: (-0.99, -0.02, -0.17)
1313.03: (-0.99, -0.05, -0.13)
1313.13: (-0.99, -0.05, -0.10)
1313.14: (-0.99, -0.05, -0.10)
1313.14: (0.92, -0.05, -0.39): 2
1313.23: (-0.99, -0.05, -0.10)
1313.34: (-0.99, -0.05, -0.09)
1313.46: (-0.99, -0.05, -0.09)
1313.58: (-0.83, 0.40, 0.40)
1313.69: (-0.48, 0.42, 0.77)
1313.79: (-0.31, 0.35, 0.88)
1313.91: (-0.16, 0.36, 0.92)
1314.03: (-0.79, 0.44, 0.43)
1314.13: (-0.94, 0.05, 0.32)
1314.24: (-0.56, -0.50, 0.66)
1314.36: (-0.18, -0.72, 0.67)
1314.48: (-0.10, -0.70, 0.71)
1314.59: (0.14, -0.92, 0.36)
1314.71: (0.21, -0.96, -0.16)
1314.83: (-0.48, -0.77, -0.43)
1314.93: (-0.78, -0.27, -0.57)
1315.04: (-0.79, 0.43, -0.44)
1315.16: (-0.81, 0.59, -0.04)
1315.28: (-0.83, 0.39, 0.39)
1315.39: (-0.38, -0.05, 0.92)
1315.51: (0.45, -0.62, 0.65)
1315.63: (0.90, -0.43, 0.02)
1315.74: (0.95, -0.29, -0.06)
1315.86: (0.97, 0.16, -0.16)
1315.98: (0.98, 0.12, -0.12)
1316.09: (0.98, 0.12, -0.12)
1316.21: (0.96, -0.02, -0.28)
1316.31: (0.92, -0.07, -0.39)
1316.31: (0.39, 0.84, -0.37): 0
1316.33: (0.92, -0.07, -0.39)
1316.44: (0.91, -0.07, -0.41)
1316.54: (0.92, -0.05, -0.40)
1316.66: (0.94, 0.26, -0.22)
1316.76: (0.71, 0.68, 0.17)
1316.88: (0.52, 0.68, 0.52)
1316.99: (0.61, 0.78, 0.12)
1317.11: (0.53, 0.81, -0.26)
1317.23: (0.41, 0.82, -0.39)
1317.31: (0.31, 0.86, -0.40)
1317.31: (-0.33, 0.58, -0.75): 1
1317.33: (0.31, 0.86, -0.41)
1317.44: (0.31, 0.87, -0.39)
1317.56: (0.35, 0.90, -0.24)
1317.66: (0.35, 0.90, -0.24)
1317.76: (0.36, 0.90, -0.25)
1317.88: (0.71, 0.67, 0.21)
1317.99: (0.60, 0.40, 0.69)
1318.11: (0.33, 0.31, 0.89)
1318.23: (-0.24, 0.42, 0.87)
1318.34: (-0.74, 0.63, 0.24)
1318.46: (-0.65, 0.76, -0.04)
1318.56: (-0.44, 0.88, -0.19)
1318.68: (-0.39, 0.81, -0.44)
1318.79: (-0.38, 0.64, -0.66)
1318.84: (-0.39, 0.63, -0.68)
1318.84: (-0.94, 0.13, 0.32): 0
1318.89: (-0.39, 0.62, -0.68)
1319.01: (-0.39, 0.63, -0.67)
1319.13: (-0.52, 0.40, -0.75)
1319.24: (-0.75, -0.25, -0.61)
1319.36: (-0.78, -0.35, -0.52)
1319.47: (-0.78, -0.35, -0.52)
1319.59: (-0.75, -0.61, -0.25)
1319.69: (-0.67, -0.70, 0.24)
1319.81: (-0.58, -0.68, 0.44)
1319.93: (-0.46, -0.64, 0.61)
1320.04: (-0.93, -0.04, 0.36)
1320.16: (-0.96, 0.08, 0.26)
1320.27: (-0.96, 0.08, 0.26)
1320.27: (0.60, 0.72, -0.34): 0
1320.27: (-0.96, 0.08, 0.26)
1320.39: (-0.96, 0.08, 0.26)
1320.51: (-0.96, 0.08, 0.26)
1320.61: (-0.97, 0.03, 0.26)
1320.72: (-0.66, -0.59, 0.46)
1320.84: (-0.16, -0.68, 0.71)
1320.96: (-0.05, -0.65, 0.76)
1321.07: (0.32, -0.64, 0.70)
1321.19: (0.87, -0.48, 0.13)
1321.31: (1.00, -0.09, -0.01)
1321.42: (0.93, -0.06, 0.36)
1321.54: (0.63, -0.31, 0.71)
1321.66: (0.04, -0.67, 0.74)
1321.77: (-0.60, -0.56, 0.57)
1321.89: (-0.75, -0.65, 0.07)
1322.01: (-0.07, -0.94, -0.34)
1322.12: (0.52, -0.73, -0.45)
1322.22: (0.81, -0.35, -0.47)
1322.34: (0.91, -0.03, -0.41)
1322.46: (0.50, 0.44, -0.75)
1322.56: (-0.45, 0.27, -0.85)
1322.67: (-0.70, 0.16, -0.69)
1322.79: (-0.05, 0.55, -0.84)
1322.89: (0.16, 0.58, -0.80)
1323.01: (0.53, 0.58, -0.62)
1323.12: (0.56, 0.69, -0.46)
1323.22: (0.55, 0.75, -0.36)
1323.22: (0.82, -0.14, 0.56): 0
1323.24: (0.55, 0.75, -0.36)
1323.36: (0.58, 0.74, -0.34)
1323.47: (0.65, 0.64, -0.41)
1323.59: (0.65, 0.64, -0.41)
1323.71: (0.65, 0.64, -0.41)
1323.81: (0.82, 0.54, -0.18)
1323.92: (0.87, -0.16, 0.47)
1324.04: (0.35, -0.63, 0.69)
1324.14: (0.19, -0.61, 0.77)
1324.26: (0.68, -0.30, 0.67)
1324.37: (0.79, -0.17, 0.60)
1324.46: (0.85, -0.14, 0.51)
1324.46: (-0.96, -0.15, 0.23): 2
1324.49: (0.85, -0.14, 0.51)
1324.59: (0.85, -0.14, 0.51)
1324.71: (0.82, -0.24, 0.53)
1324.82: (0.31, -0.58, 0.76)
1324.94: (-0.26, -0.81, 0.53)
1325.06: (-0.55, -0.83, -0.02)
1325.16: (-0.87, -0.44, -0.22)
1325.27: (-0.86, -0.47, -0.20)
1325.39: (-0.86, -0.47, -0.20)
1325.51: (-0.93, -0.36, 0.03)
1325.62: (-0.96, -0.22, 0.19)
1325.66: (-0.96, -0.20, 0.20)
1325.66: (-0.17, 0.98, 0.00): 0
1325.74: (-0.96, -0.20, 0.20)
1325.86: (-0.96, -0.19, 0.19)
1325.97: (-0.98, 0.17, 0.11)
1326.09: (-0.59, 0.81, -0.01)
1326.21: (-0.63, 0.77, -0.10)
1326.31: (-0.63, 0.77, -0.10)
1326.42: (-0.42, 0.91, -0.04)
1326.54: (-0.23, 0.97, 0.00)
1326.57: (-0.21, 0.98, 0.00)
1326.57: (-1.00, -0.04, 0.03): 2
1326.66: (-0.21, 0.98, 0.00)
1326.76: (-0.20, 0.98, 0.00)
1326.87: (0.03, 1.00, -0.06)
1326.99: (0.37, 0.90, -0.24)
1327.09: (0.72, 0.55, -0.43)
1327.19: (0.84, 0.17, -0.52)
1327.31: (0.77, -0.12, -0.63)
1327.42: (0.44, -0.28, -0.85)
1327.54: (0.04, -0.53, -0.85)
1327.66: (-0.38, -0.83, -0.42)
1327.77: (-0.63, -0.78, -0.04)
1327.87: (-0.71, -0.69, 0.13)
1327.97: (-0.39, -0.85, 0.34)
1328.09: (0.29, -0.86, 0.41)
1328.21: (0.30, -0.86, 0.41)
1328.31: (-0.55, -0.79, 0.28)
1328.42: (-0.69, -0.71, 0.14)
1328.54: (-0.79, -0.59, -0.14)
1328.66: (-0.94, -0.27, -0.18)
1328.77: (-0.99, -0.12, -0.12)
1328.89: (-0.99, -0.10, 0.08)
1328.92: (-0.99, -0.10, 0.08)
1328.92: (0.57, -0.13, -0.81): 0
1329.01: (-0.99, -0.10, 0.05)
1329.11: (-1.00, -0.04, 0.05)
1329.22: (-1.00, -0.04, 0.05)
1329.34: (-0.97, -0.19, -0.15)
1329.46: (-0.26, -0.58, -0.78)
1329.56: (0.20, -0.65, -0.73)
1329.67: (0.16, -0.63, -0.76)
1329.79: (0.16, -0.63, -0.76)
1329.91: (0.32, -0.55, -0.77)
1330.02: (0.51, -0.20, -0.84)
1330.11: (0.54, -0.08, -0.84)
1330.11: (0.14, 0.55, -0.82): 0
1330.12: (0.54, -0.07, -0.84)
1330.24: (0.54, -0.07, -0.84)
1330.36: (0.55, -0.02, -0.84)
1330.47: (0.15, 0.61, -0.78)
1330.57: (0.14, 0.62, -0.78)
1330.69: (0.13, 0.52, -0.84)
1330.71: (0.13, 0.52, -0.85)
1330.71: (0.95, 0.30, -0.12): 1
1330.81: (0.11, 0.48, -0.87)
1330.91: (0.10, 0.45, -0.89)
1331.02: (-0.03, 0.58, -0.82)
1331.14: (-0.54, 0.65, -0.54)
1331.26: (-0.79, 0.60, 0.11)
1331.37: (-0.70, 0.61, 0.37)
1331.47: (-0.70, 0.61, 0.37)
1331.59: (-0.78, 0.62, 0.05)
1331.69: (-0.99, -0.07, 0.14)
1331.81: (-0.79, -0.61, 0.06)
1331.92: (-0.67, -0.60, 0.44)
1332.04: (-0.59, 0.00, 0.81)
1332.16: (-0.46, 0.83, 0.32)
1332.27: (-0.27, 0.86, -0.44)
1332.39: (0.07, 0.58, -0.81)
1332.51: (0.22, 0.18, -0.96)
1332.61: (0.48, -0.21, -0.85)
1332.72: (0.84, -0.24, -0.49)
1332.84: (0.99, 0.07, 0.16)
1332.96: (0.92, 0.33, 0.21)
1333.07: (0.88, 0.46, -0.13)
1333.16: (0.88, 0.41, -0.24)
1333.16: (0.21, -0.07, -0.98): 1
1333.19: (0.88, 0.41, -0.24)
1333.31: (0.90, 0.39, -0.19)
1333.42: (0.92, 0.37, -0.15)
1333.52: (0.71, 0.69, -0.13)
1333.64: (0.06, 1.00, 0.03)
1333.76: (-0.03, 1.00, -0.07)
1333.86: (-0.03, 1.00, -0.07)
1333.97: (-0.24, 0.97, -0.04)
1334.09: (-0.86, 0.46, 0.24)
1334.21: (-0.98, 0.20, 0.05)
1334.32: (-0.91, 0.01, -0.42)
1334.44: (-0.52, -0.10, -0.85)
1334.56: (-0.19, -0.18, -0.97)
1334.67: (0.24, -0.40, -0.88)
1334.79: (0.36, -0.35, -0.86)
1334.91: (0.16, -0.14, -0.98)
1334.96: (0.05, -0.10, -0.99)
1334.96: (-0.95, -0.21, -0.25): 2
1335.02: (0.05, -0.10, -0.99)
1335.12: (0.05, -0.11, -0.99)
1335.22: (0.09, -0.10, -0.99)
1335.34: (0.44, 0.20, -0.88)
1335.46: (0.70, 0.70, -0.14)
1335.57: (0.60, 0.64, 0.48)
1335.69: (0.32, 0.37, 0.87)
1335.81: (0.22, 0.44, 0.87)
1335.92: (0.22, 0.44, 0.87)
1336.02: (0.11, 0.40, 0.91)
1336.14: (-0.69, -0.54, 0.49)
1336.26: (-0.63, -0.75, -0.19)
1336.37: (-0.59, -0.68, -0.44)
1336.49: (-0.93, -0.11, -0.35)
1336.60: (-0.96, 0.12, -0.25)
1336.72: (-0.97, 0.06, -0.23)
1336.82: (-0.95, -0.21, -0.22)
1336.82: (-0.14, -0.89, 0.43): 0
1336.84: (-0.95, -0.21, -0.22)
1336.94: (-0.91, -0.33, -0.25)
1337.05: (-0.92, -0.34, -0.18)
1337.17: (-0.52, -0.23, 0.82)
1337.29: (0.54, 0.10, 0.83)
1337.40: (0.36, 0.04, 0.93)
1337.52: (-0.54, -0.39, 0.74)
1337.64: (-0.95, -0.32, -0.02)
1337.74: (-0.91, 0.41, 0.12)
1337.85: (-0.59, 0.81, -0.04)
1337.97: (0.07, 0.99, -0.12)
1338.09: (0.76, 0.54, 0.36)
1338.20: (0.32, 0.28, 0.91)
1338.32: (-0.41, 0.11, 0.91)
1338.44: (-0.41, 0.11, 0.91)
1338.55: (-0.41, 0.11, 0.91)
1338.65: (-0.19, -0.26, 0.95)
1338.77: (0.17, -0.79, 0.59)
1338.89: (0.77, -0.54, 0.33)
1339.00: (0.84, -0.45, 0.31)
1339.12: (0.28, -0.83, 0.48)
1339.24: (0.04, -0.84, 0.54)
1339.34: (0.02, -0.84, 0.55)
1339.45: (-0.16, -0.85, 0.50)
1339.49: (-0.15, -0.87, 0.47)
1339.49: (0.50, -0.86, -0.11): 2
1339.57: (-0.16, -0.87, 0.47)
1339.69: (-0.14, -0.86, 0.49)
1339.80: (-0.33, -0.91, 0.26)
1339.90: (-0.80, -0.58, -0.12)
1340.02: (-0.97, 0.21, -0.09)
1340.14: (-0.95, 0.32, -0.05)
1340.24: (-0.93, 0.37, 0.06)
1340.35: (-0.73, 0.17, 0.66)
1340.47: (-0.40, -0.42, 0.82)
1340.59: (0.05, -0.94, 0.34)
1340.70: (-0.17, -0.98, -0.11)
1340.82: (-0.51, -0.71, -0.49)
1340.92: (0.05, -0.95, -0.30)
1341.04: (0.27, -0.94, -0.20)
1341.15: (0.47, -0.88, -0.10)
1341.25: (0.48, -0.87, -0.11)
1341.34: (0.52, -0.85, -0.09)
1341.34: (-0.86, 0.44, -0.27): 1
1341.37: (0.52, -0.85, -0.08)
1341.49: (0.53, -0.84, -0.07)
1341.60: (0.51, -0.86, -0.11)
1341.72: (0.76, 0.14, -0.63)
1341.84: (0.46, 0.20, -0.87)
1341.95: (0.50, 0.05, -0.87)
1342.05: (0.50, 0.05, -0.86)
1342.17: (0.26, -0.09, -0.96)
1342.29: (0.00, -0.82, -0.57)
1342.40: (-0.14, -0.96, -0.26)
1342.52: (-0.49, -0.72, 0.49)
1342.64: (-0.68, -0.21, 0.70)
1342.75: (-0.56, -0.62, 0.54)
1342.87: (0.11, -0.97, -0.20)
1342.97: (0.72, -0.68, -0.12)
1343.09: (0.89, -0.35, -0.30)
1343.20: (0.89, 0.39, -0.23)
1343.32: (0.67, 0.70, 0.24)
1343.42: (0.58, 0.46, 0.67)
1343.52: (0.35, -0.25, 0.90)
1343.64: (0.09, -0.75, 0.65)
1343.74: (-0.29, -0.95, 0.06)
1343.85: (-0.51, -0.79, -0.34)
1343.97: (-0.51, -0.79, -0.34)
1344.09: (-0.54, -0.73, -0.42)
1344.19: (-0.63, 0.05, -0.77)
1344.30: (-0.56, 0.60, -0.57)
1344.42: (-0.62, 0.72, 0.30)
1344.54: (-0.71, 0.41, 0.57)
1344.65: (-0.87, 0.49, 0.10)
1344.77: (-0.85, 0.51, -0.13)
1344.77: (-0.47, 0.45, 0.76): 1
1344.77: (-0.85, 0.51, -0.13)
1344.89: (-0.84, 0.50, -0.20)
1344.99: (-0.84, 0.51, -0.20)
1345.09: (-0.93, 0.38, 0.00)
1345.20: (-0.67, 0.37, 0.65)
1345.32: (-0.24, 0.46, 0.86)
1345.44: (-0.32, 0.51, 0.80)
1345.55: (-0.61, 0.48, 0.63)
1345.65: (-0.63, 0.47, 0.62)
1345.77: (-0.56, 0.47, 0.68)
1345.85: (-0.44, 0.48, 0.76)
1345.85: (0.19, 0.79, -0.58): 0
1345.89: (-0.44, 0.48, 0.76)
1346.00: (-0.41, 0.47, 0.78)
1346.12: (-0.13, 0.54, 0.83)
1346.24: (-0.13, 0.54, 0.83)
1346.35: (-0.13, 0.54, 0.83)
1346.45: (-0.12, 0.32, 0.94)
1346.55: (-0.72, 0.03, 0.69)
1346.67: (-0.87, -0.49, 0.03)
1346.79: (-0.78, -0.62, 0.02)
1346.89: (-0.78, -0.62, 0.02)
1347.00: (-0.82, -0.58, 0.02)
1347.12: (-0.46, -0.74, -0.49)
1347.22: (0.09, -0.83, -0.54)
1347.34: (0.63, -0.65, -0.41)
1347.45: (0.75, -0.64, -0.14)
1347.57: (0.58, -0.78, 0.23)
1347.67: (0.89, -0.44, -0.08)
1347.77: (0.54, -0.48, -0.69)
1347.89: (-0.39, -0.23, -0.89)
1348.00: (-0.82, 0.07, -0.57)
1348.12: (-0.96, 0.27, 0.11)
1348.22: (-0.85, 0.45, 0.27)
1348.34: (-0.49, 0.87, 0.10)
1348.45: (0.48, 0.87, 0.14)
1348.55: (0.58, 0.81, -0.06)
1348.67: (0.58, 0.81, -0.06)
1348.79: (0.58, 0.81, -0.06)
1348.89: (0.31, 0.86, -0.40)
1349.00: (0.13, 0.84, -0.52)
1349.10: (0.11, 0.79, -0.61)
1349.10: (-1.00, 0.01, -0.03): 2
1349.12: (0.11, 0.79, -0.61)
1349.24: (0.12, 0.79, -0.60)
1349.34: (0.12, 0.80, -0.59)
1349.45: (0.26, 0.81, -0.52)
1349.57: (0.55, 0.50, -0.67)
1349.69: (0.75, 0.08, -0.66)
1349.80: (0.72, -0.31, -0.62)
1349.90: (0.47, -0.58, -0.67)
1350.02: (0.26, -0.73, -0.63)
1350.12: (-0.26, -0.68, -0.68)
1350.24: (-0.58, -0.49, -0.65)
1350.35: (-0.67, -0.74, 0.02)
1350.45: (-0.23, -0.81, 0.53)
1350.57: (0.31, -0.87, 0.37)
1350.69: (0.67, -0.72, -0.18)
1350.80: (0.89, -0.19, -0.40)
1350.92: (0.98, 0.08, -0.16)
1351.02: (0.99, 0.07, -0.16)
1351.14: (0.99, 0.07, -0.16)
1351.25: (0.91, 0.38, -0.17)
1351.37: (0.45, 0.79, 0.41)
1351.47: (0.26, 0.62, 0.74)
1351.59: (0.07, -0.10, 0.99)
1351.70: (0.22, -0.81, 0.54)
1351.80: (0.08, -0.98, 0.20)
1351.92: (-0.24, -0.95, -0.20)
1352.04: (-0.77, -0.59, -0.26)
1352.15: (-0.83, -0.16, 0.53)
1352.27: (-0.80, 0.13, 0.58)
1352.37: (-0.80, 0.13, 0.58)
1352.49: (-0.71, 0.02, 0.71)
1352.60: (-0.95, -0.10, 0.29)
1352.72: (-0.99, -0.07, 0.08)
1352.82: (-1.00, 0.04, -0.01)
1352.82: (-0.03, 0.87, -0.50): 0
1352.83: (-1.00, 0.05, -0.01)
1352.95: (-1.00, 0.06, -0.05)
1353.07: (-0.99, 0.03, -0.11)
1353.18: (-0.87, 0.32, 0.38)
1353.29: (-0.70, 0.20, 0.68)
1353.40: (-0.39, -0.64, 0.66)
1353.52: (-0.27, -0.93, -0.24)
1353.63: (0.40, -0.63, -0.66)
1353.73: (0.82, -0.05, -0.58)
1353.85: (0.92, 0.38, -0.01)
1353.97: (0.43, 0.73, 0.53)
1354.08: (-0.36, 0.79, 0.50)
1354.20: (-0.96, 0.27, -0.04)
1354.32: (-0.85, -0.52, -0.04)
1354.43: (-0.29, -0.89, 0.34)
1354.55: (-0.20, -0.83, 0.52)
1354.65: (-0.20, -0.83, 0.52)
1354.77: (-0.17, -0.84, 0.52)
1354.88: (0.45, -0.84, 0.31)
1355.00: (0.66, -0.68, -0.33)
1355.12: (0.55, -0.16, -0.82)
1355.23: (0.22, 0.35, -0.91)
1355.35: (-0.15, 0.79, -0.60)
1355.47: (-0.31, 0.93, -0.21)
1355.58: (-0.09, 0.93, -0.35)
1355.70: (0.09, 0.77, -0.63)
1355.80: (0.09, 0.77, -0.63)
1355.92: (-0.07, 0.86, -0.50)
1355.93: (-0.07, 0.86, -0.50)
1355.93: (0.88, 0.39, -0.26): 2
1356.03: (-0.13, 0.90, -0.41)
1356.15: (-0.02, 0.98, 0.22)
1356.27: (0.28, 0.48, 0.83)
1356.38: (0.06, -0.46, 0.88)
1356.50: (-0.09, -0.44, 0.90)
1356.60: (-0.09, -0.44, 0.90)
1356.72: (-0.28, -0.45, 0.85)
1356.83: (-0.89, -0.43, 0.13)
1356.95: (-0.91, -0.28, -0.30)
1357.05: (-0.58, -0.32, -0.75)
1357.17: (0.18, -0.50, -0.84)
1357.28: (0.91, -0.36, -0.20)
1357.40: (0.72, -0.07, 0.69)
1357.52: (-0.07, 0.43, 0.90)
1357.63: (0.23, 0.64, 0.73)
1357.75: (0.96, 0.29, 0.05)
1357.87: (0.99, -0.13, -0.04)
1357.98: (1.00, -0.07, -0.04)
1358.10: (0.95, 0.28, -0.15)
1358.13: (0.93, 0.33, -0.17)
1358.13: (-0.77, 0.12, -0.63): 0
1358.20: (0.92, 0.35, -0.18)
1358.32: (0.91, 0.38, -0.18)
1358.43: (0.76, 0.48, 0.43)
1358.55: (0.19, -0.14, 0.97)
1358.67: (0.42, -0.89, 0.18)
1358.78: (0.08, -0.39, -0.92)
1358.90: (-0.42, 0.59, -0.70)
1359.02: (-0.25, 0.96, 0.15)
1359.12: (-0.43, 0.83, 0.34)
1359.23: (-0.78, 0.49, -0.39)
1359.35: (-0.70, 0.41, -0.59)
1359.47: (-0.67, 0.25, -0.70)
1359.58: (-0.77, 0.03, -0.64)
1359.60: (-0.78, 0.02, -0.62)
1359.60: (0.98, 0.18, 0.06): 1
1359.70: (-0.80, 0.02, -0.60)
1359.82: (-0.98, -0.16, -0.09)
1359.93: (-0.61, 0.32, 0.73)
1360.05: (0.26, 0.66, 0.70)
1360.17: (0.89, 0.45, 0.06)
1360.28: (0.78, 0.31, -0.54)
1360.38: (0.77, 0.39, -0.50)
1360.50: (0.94, 0.32, 0.09)
1360.62: (0.92, 0.21, 0.32)
1360.72: (0.95, 0.19, 0.26)
1360.83: (0.99, 0.12, -0.06)
1360.85: (0.99, 0.13, -0.04)
1360.85: (-0.54, -0.80, -0.26): 1
1360.93: (0.99, 0.14, -0.03)
1361.05: (0.99, 0.17, 0.04)
1361.15: (0.78, 0.33, 0.54)
1361.27: (-0.03, 0.61, 0.80)
1361.38: (-0.65, 0.72, 0.23)
1361.48: (-0.61, 0.60, -0.52)
1361.60: (-0.06, 0.55, -0.83)
1361.72: (0.38, 0.50, -0.78)
1361.83: (0.85, 0.27, -0.45)
1361.95: (0.77, 0.63, -0.10)
1362.05: (0.33, 0.87, 0.35)
1362.17: (-0.27, 0.70, 0.66)
1362.28: (-0.93, 0.13, 0.33)
1362.40: (-0.80, -0.52, -0.29)
1362.50: (-0.27, -0.67, -0.69)
1362.62: (-0.27, -0.67, -0.69)
1362.72: (-0.27, -0.67, -0.69)
1362.83: (-0.32, -0.79, -0.52)
1362.95: (-0.40, -0.86, -0.33)
1362.97: (-0.40, -0.86, -0.33)
1362.97: (-0.91, 0.22, 0.36): 0
1363.07: (-0.44, -0.86, -0.26)
1363.18: (-0.50, -0.82, -0.30)
1363.28: (-0.47, -0.81, -0.36)
1363.40: (0.06, -0.67, -0.74)
1363.52: (0.72, -0.31, -0.62)
1363.63: (0.89, 0.02, -0.45)
1363.75: (0.88, 0.43, -0.21)
1363.87: (0.80, 0.55, 0.24)
1363.98: (0.58, 0.29, 0.76)
1364.10: (0.47, -0.15, 0.87)
1364.22: (0.22, -0.60, 0.77)
1364.33: (-0.51, -0.53, 0.68)
1364.45: (-0.86, -0.27, 0.43)
1364.55: (-1.00, -0.04, 0.05)
1364.67: (-0.96, 0.13, 0.23)
1364.78: (-0.83, 0.13, 0.54)
1364.90: (-0.85, 0.13, 0.52)
1365.02: (-0.92, 0.19, 0.35)
1365.05: (-0.92, 0.21, 0.34)
1365.05: (-0.02, -0.95, 0.33): 0
1365.13: (-0.92, 0.21, 0.34)
1365.25: (-0.94, 0.18, 0.29)
1365.35: (-0.94, 0.18, 0.29)
1365.47: (-0.88, 0.26, 0.40)
1365.58: (-0.16, 0.97, -0.16)
1365.68: (-0.11, 0.82, -0.56)
1365.80: (-0.19, 0.23, -0.95)
1365.92: (-0.28, -0.33, -0.90)
1366.03: (-0.28, -0.84, -0.46)
1366.15: (0.18, -0.98, -0.12)
1366.25: (0.69, -0.71, 0.12)
1366.37: (0.62, -0.74, 0.25)
1366.48: (-0.09, -0.95, 0.29)
1366.58: (-0.21, -0.97, 0.15)
1366.70: (-0.18, -0.97, 0.16)
1366.82: (0.06, -0.88, 0.48)
1366.82: (-0.96, 0.23, -0.15): 0
1366.82: (0.06, -0.88, 0.48)
1366.93: (0.04, -0.87, 0.48)
1367.05: (-0.03, -0.93, 0.38)
1367.17: (0.11, -0.94, 0.33)
1367.27: (0.58, -0.54, 0.61)
1367.38: (0.54, -0.31, 0.78)
1367.50: (0.54, -0.31, 0.78)
1367.62: (0.59, -0.29, 0.75)
1367.73: (0.74, 0.46, 0.48)
1367.85: (0.45, 0.86, 0.24)
1367.97: (-0.24, 0.80, 0.55)
1368.08: (-0.66, 0.59, 0.47)
1368.18: (-0.80, 0.30, 0.52)
1368.30: (-0.81, 0.16, 0.56)
1368.42: (-0.95, 0.30, 0.04)
1368.53: (-0.96, 0.29, -0.04)
1368.53: (-0.98, 0.07, 0.16): 0
1368.53: (-0.96, 0.29, -0.04)
1368.65: (-0.97, 0.23, -0.09)
1368.77: (-0.97, 0.20, -0.12)
1368.88: (-0.98, 0.19, -0.03)
1369.00: (-0.97, 0.08, 0.23)
1369.00: (-0.99, -0.10, 0.12): 1
1369.00: (-0.97, 0.08, 0.23)
1369.12: (-0.96, 0.03, 0.29)
1369.23: (-0.95, 0.01, 0.31)
1369.35: (-0.99, -0.13, 0.03)
1369.38: (-0.99, -0.13, 0.03)
1369.38: (-0.44, 0.35, 0.83): 1
1369.45: (-0.99, -0.13, 0.03)
1369.57: (-0.99, -0.13, 0.03)
1369.68: (-0.98, -0.10, -0.18)
1369.80: (-0.95, -0.16, -0.27)
1369.90: (-0.95, -0.16, -0.27)
1370.02: (-0.96, 0.07, -0.29)
1370.13: (-0.40, -0.09, -0.91)
1370.25: (-0.46, -0.76, -0.45)
1370.36: (-0.79, -0.60, 0.11)
1370.48: (-0.96, -0.15, 0.24)
1370.60: (-0.97, 0.16, 0.16)
1370.71: (-0.91, 0.31, -0.27)
1370.82: (-0.51, 0.70, -0.50)
1370.93: (-0.08, 0.88, -0.46)
1371.05: (-0.11, 0.95, -0.28)
1371.16: (0.02, 0.59, 0.81)
1371.28: (0.19, 0.03, 0.98)
1371.40: (0.28, -0.08, 0.96)
1371.51: (-0.23, 0.26, 0.94)
1371.63: (-0.43, 0.42, 0.80)
1371.65: (-0.45, 0.43, 0.79)
1371.65: (0.72, 0.69, 0.04): 0
1371.75: (-0.45, 0.44, 0.77)
1371.86: (-0.46, 0.47, 0.75)
1371.98: (-0.38, 0.54, 0.76)
1372.10: (-0.85, 0.53, 0.00)
1372.21: (-0.99, -0.09, -0.12)
1372.33: (-0.93, -0.35, -0.10)
1372.45: (-0.93, -0.35, -0.09)
1372.56: (-0.94, -0.32, -0.10)
1372.68: (-0.53, -0.59, -0.61)
1372.80: (-0.01, -0.56, -0.83)
1372.91: (0.47, -0.42, -0.78)
1373.03: (0.63, -0.63, -0.45)
1373.15: (0.62, -0.75, -0.21)
1373.26: (0.60, -0.79, -0.12)
1373.38: (0.97, 0.24, -0.06)
1373.50: (0.55, 0.84, -0.03)
1373.61: (0.53, 0.62, -0.58)
1373.73: (0.59, 0.69, -0.41)
1373.85: (0.71, 0.70, -0.11)
1373.88: (0.71, 0.70, -0.04)
1373.88: (-0.64, -0.66, -0.39): 0
1373.96: (0.72, 0.70, 0.02)
1374.06: (0.77, 0.64, -0.08)
1374.18: (0.93, 0.26, -0.27)
1374.28: (0.93, 0.26, -0.27)
1374.40: (0.79, 0.42, -0.45)
1374.51: (-0.41, 0.88, -0.22)
1374.63: (-0.82, 0.57, 0.10)
1374.75: (-0.82, -0.03, 0.57)
1374.86: (-0.73, -0.27, 0.63)
1374.98: (-0.53, -0.43, 0.73)
1375.10: (-0.24, -0.29, 0.92)
1375.21: (-0.19, -0.06, 0.98)
1375.33: (-0.18, 0.51, 0.84)
1375.45: (-0.29, 0.64, 0.72)
1375.55: (-0.74, 0.55, 0.39)
1375.66: (-0.66, 0.65, -0.37)
1375.76: (-0.26, 0.37, -0.89)
1375.88: (0.33, -0.09, -0.94)
1376.00: (0.69, -0.43, -0.59)
1376.11: (0.77, -0.63, 0.10)
1376.23: (0.31, -0.75, 0.59)
1376.35: (-0.38, -0.59, 0.71)
1376.45: (-0.87, -0.48, 0.11)
1376.56: (-0.90, -0.27, -0.34)
1376.68: (-0.46, 0.43, -0.78)
1376.80: (-0.57, 0.06, -0.82)
1376.91: (-0.65, -0.21, -0.73)
1377.03: (-0.77, -0.40, -0.49)
1377.13: (-0.65, -0.60, -0.47)
1377.18: (-0.63, -0.66, -0.42)
1377.18: (0.78, -0.55, 0.31): 2
1377.25: (-0.59, -0.69, -0.42)
1377.36: (-0.68, -0.61, -0.40)
1377.48: (-0.86, -0.07, -0.51)
1377.60: (-0.95, -0.17, -0.26)
1377.71: (-0.95, -0.17, -0.26)
1377.83: (-0.95, -0.31, -0.07)
1377.95: (-0.69, -0.41, 0.59)
1378.06: (-0.21, -0.82, 0.53)
1378.16: (0.12, -0.93, 0.34)
1378.28: (0.32, -0.93, -0.16)
1378.40: (0.22, -0.88, -0.41)
1378.50: (0.14, -0.52, -0.84)
1378.61: (0.05, -0.06, -1.00)
1378.73: (-0.17, 0.38, -0.91)
1378.85: (-0.09, 0.90, -0.43)
1378.95: (0.10, 0.97, -0.22)
1379.06: (0.10, 0.97, -0.22)
1379.16: (0.05, 0.97, -0.25)
1379.28: (0.78, 0.63, 0.02)
1379.40: (0.98, 0.09, 0.15)
1379.51: (0.90, -0.21, 0.38)
1379.63: (0.66, -0.46, 0.59)
1379.75: (0.59, -0.67, 0.46)
1379.86: (0.78, -0.56, 0.29)
1379.91: (0.80, -0.55, 0.26)
1379.91: (0.83, -0.11, 0.55): 2
1379.96: (0.80, -0.54, 0.24)
1380.08: (0.80, -0.54, 0.25)
1380.20: (0.70, -0.55, 0.45)
1380.31: (0.78, -0.08, 0.61)
1380.41: (0.80, -0.04, 0.59)
1380.41: (-0.19, 0.58, 0.79): 0
1380.43: (0.81, -0.04, 0.59)
1380.55: (0.83, -0.08, 0.55)
1380.65: (0.83, -0.18, 0.54)
1380.76: (0.59, -0.38, 0.71)
1380.88: (-0.46, -0.52, 0.72)
1381.00: (-0.52, -0.69, 0.50)
1381.11: (-0.56, -0.79, 0.24)
1381.21: (-0.81, -0.55, -0.19)
1381.33: (-0.80, -0.12, -0.58)
1381.45: (-0.90, 0.08, -0.43)
1381.56: (-0.87, 0.47, 0.13)
1381.68: (-0.43, 0.72, 0.54)
1381.78: (0.22, 0.94, 0.26)
1381.90: (0.43, 0.90, 0.07)
1382.00: (-0.10, 0.75, 0.65)
1382.10: (-0.31, 0.60, 0.74)
1382.21: (-0.38, 0.56, 0.74)
1382.31: (-0.32, 0.55, 0.77)
1382.31: (-0.54, 0.70, -0.47): 1
1382.33: (-0.31, 0.56, 0.77)
1382.43: (-0.27, 0.58, 0.77)
1382.55: (-0.20, 0.60, 0.78)
1382.66: (-0.22, 0.58, 0.79)
1382.76: (-0.22, 0.58, 0.79)
1382.86: (0.21, 0.84, 0.51)
1382.98: (0.42, 0.78, -0.46)
1383.10: (0.06, 0.69, -0.73)
1383.21: (-0.55, 0.60, -0.58)
1383.31: (-0.70, 0.64, -0.31)
1383.43: (-0.63, 0.68, -0.37)
1383.53: (-0.53, 0.68, -0.50)
1383.53: (-0.19, 0.96, -0.20): 0
1383.55: (-0.53, 0.68, -0.50)
1383.66: (-0.51, 0.68, -0.52)
1383.78: (-0.48, 0.71, -0.52)
1383.90: (-0.21, 0.92, -0.32)
1383.91: (-0.21, 0.92, -0.32)
1383.91: (-0.96, 0.28, 0.10): 1
1384.00: (-0.21, 0.92, -0.32)
1384.11: (-0.18, 0.95, -0.26)
1384.23: (-0.07, 0.98, -0.20)
1384.35: (-0.11, 0.94, -0.33)
1384.46: (-0.75, 0.59, 0.31)
1384.58: (-0.74, 0.14, 0.66)
1384.68: (-0.78, 0.07, 0.62)
1384.80: (-0.94, 0.28, 0.21)
1384.88: (-0.93, 0.36, 0.01)
1384.88: (-0.99, -0.04, -0.13): 2
1384.91: (-0.95, 0.33, 0.02)
1385.03: (-0.93, 0.35, 0.07)
1385.13: (-0.94, 0.29, 0.17)
1385.25: (-0.99, -0.08, -0.14)
1385.30: (-0.98, -0.16, -0.15)
1385.30: (0.74, -0.24, 0.62): 2
1385.35: (-0.98, -0.18, -0.10)
1385.46: (-0.99, -0.12, -0.04)
1385.56: (-1.00, -0.08, 0.02)
1385.68: (-0.92, 0.39, -0.03)
1385.80: (-0.51, 0.86, -0.09)
1385.91: (-0.24, 0.95, -0.20)
1386.03: (0.45, 0.81, -0.37)
1386.15: (0.76, 0.47, -0.45)
1386.26: (0.55, -0.10, -0.83)
1386.38: (-0.25, -0.38, -0.89)
1386.49: (-0.53, -0.63, -0.57)
1386.61: (-0.07, -0.99, -0.09)
1386.73: (0.43, -0.86, 0.28)
1386.84: (0.47, -0.82, 0.32)
1386.96: (0.47, -0.82, 0.32)
1387.06: (0.52, -0.73, 0.44)
1387.18: (0.70, -0.36, 0.62)
1387.30: (0.68, -0.13, 0.72)
1387.33: (0.70, -0.12, 0.70)
1387.33: (0.67, -0.04, -0.74): 0
1387.41: (0.70, -0.12, 0.70)
1387.53: (0.69, -0.17, 0.70)
1387.64: (0.72, -0.36, 0.59)
1387.76: (0.32, -0.72, 0.62)
1387.86: (-0.23, -0.83, 0.50)
1387.98: (-0.52, -0.48, 0.71)
1388.09: (-0.57, -0.23, 0.79)
1388.21: (-0.57, 0.26, 0.78)
1388.33: (-0.27, 0.63, 0.73)
1388.44: (-0.01, 0.85, 0.52)
1388.54: (0.05, 0.94, 0.35)
1388.66: (-0.08, 0.99, -0.10)
1388.78: (-0.38, 0.84, -0.39)
1388.89: (-0.55, 0.75, -0.36)
1389.01: (-0.46, 0.83, -0.32)
1389.13: (0.40, 0.54, -0.74)
1389.24: (0.82, 0.31, -0.49)
1389.34: (0.85, 0.51, -0.13)
1389.46: (0.84, 0.53, -0.15)
1389.58: (0.80, 0.57, -0.18)
1389.69: (0.73, 0.30, -0.61)
1389.81: (0.58, 0.04, -0.81)
1389.88: (0.52, -0.03, -0.85)
1389.88: (-0.87, -0.47, 0.12): 1
1389.93: (0.52, -0.03, -0.85)
1390.04: (0.65, -0.12, -0.75)
1390.16: (0.67, -0.13, -0.73)
1390.28: (0.76, -0.24, -0.60)
1390.38: (0.86, -0.40, -0.32)
1390.49: (0.99, -0.17, -0.03)
1390.61: (0.78, 0.62, -0.11)
1390.73: (0.61, 0.79, -0.07)
1390.84: (0.68, 0.58, 0.45)
1390.96: (0.62, 0.25, 0.75)
1391.08: (0.62, -0.49, 0.61)
1391.19: (0.46, -0.89, -0.01)
1391.29: (0.24, -0.72, -0.65)
1391.39: (-0.26, -0.55, -0.80)
1391.51: (-0.85, -0.15, -0.51)
1391.63: (-0.85, -0.10, -0.52)
1391.74: (-0.85, -0.10, -0.52)
1391.86: (-0.86, -0.36, -0.36)
1391.98: (-0.80, -0.59, -0.09)
1392.09: (-0.83, -0.56, 0.00)
1392.19: (-0.91, -0.41, 0.07)
1392.21: (-0.90, -0.42, 0.09)
1392.21: (-0.24, 0.96, -0.12): 0
1392.31: (-0.90, -0.43, 0.09)
1392.43: (-0.94, -0.33, 0.05)
1392.54: (-0.97, 0.21, 0.12)
1392.64: (-0.66, 0.73, 0.15)
1392.76: (-0.11, 0.99, 0.05)
1392.88: (0.30, 0.84, 0.44)
1392.98: (0.22, 0.90, 0.38)
1393.09: (-0.19, 0.98, 0.09)
1393.18: (-0.38, 0.93, -0.01)
1393.18: (0.78, 0.05, 0.63): 2
1393.21: (-0.38, 0.92, -0.03)
1393.33: (-0.39, 0.92, -0.05)
1393.44: (-0.22, 0.97, -0.08)
1393.56: (0.20, 0.93, 0.29)
1393.66: (0.49, 0.77, 0.40)
1393.78: (0.48, 0.78, 0.40)
1393.88: (0.48, 0.78, 0.40)
1393.99: (0.69, 0.40, 0.60)
1394.11: (0.80, 0.12, 0.59)
1394.23: (0.81, -0.04, 0.59)
1394.34: (0.80, -0.04, 0.59)
1394.44: (0.80, -0.03, 0.60)
1394.56: (0.79, 0.00, 0.61)
1394.58: (0.79, 0.00, 0.61)
1394.58: (-0.24, -0.79, -0.56): 0
1394.68: (0.79, 0.00, 0.61)
1394.79: (0.78, -0.39, 0.49)
1394.91: (0.64, -0.77, 0.10)
1395.03: (0.66, -0.70, -0.26)
1395.14: (0.34, -0.66, -0.67)
1395.26: (0.28, -0.65, -0.70)
1395.38: (0.29, -0.68, -0.67)
1395.49: (0.19, -0.79, -0.58)
1395.61: (0.11, -0.81, -0.57)
1395.73: (-0.08, -0.79, -0.61)
1395.79: (-0.15, -0.81, -0.57)
1395.79: (-1.00, -0.08, 0.03): 0
1395.83: (-0.16, -0.80, -0.58)
1395.94: (-0.16, -0.80, -0.58)
1396.06: (-0.20, -0.82, -0.54)
1396.18: (-0.55, -0.81, -0.21)
1396.28: (-0.79, -0.53, -0.30)
1396.39: (-0.89, 0.18, -0.41)
1396.51: (-0.94, 0.25, -0.22)
1396.63: (-0.99, -0.10, 0.06)
1396.71: (-0.99, -0.14, 0.09)
1396.71: (-0.34, -0.84, 0.41): 1
1396.74: (-0.99, -0.14, 0.09)
1396.86: (-0.99, -0.14, 0.09)
1396.98: (-1.00, -0.02, 0.09)
1397.09: (-0.93, 0.34, 0.17)
1397.21: (-0.79, 0.61, -0.02)
1397.31: (-0.65, 0.50, -0.57)
1397.41: (-0.57, -0.01, -0.82)
1397.53: (-0.57, -0.07, -0.82)
1397.64: (-0.36, -0.62, -0.69)
1397.76: (-0.10, -0.97, -0.23)
1397.88: (-0.22, -0.95, 0.21)
1397.98: (-0.31, -0.73, 0.61)
1398.09: (-0.45, -0.61, 0.65)
1398.21: (-0.44, -0.75, 0.49)
1398.29: (-0.39, -0.79, 0.46)
1398.29: (-0.99, -0.01, 0.10): 2
1398.33: (-0.37, -0.82, 0.44)
1398.44: (-0.34, -0.84, 0.42)
1398.56: (-0.39, -0.80, 0.45)
1398.68: (-0.62, -0.46, 0.63)
1398.79: (-0.64, -0.30, 0.70)
1398.91: (-0.63, -0.07, 0.77)
1399.01: (-0.89, 0.05, 0.46)
1399.13: (-0.97, 0.07, 0.21)
1399.23: (-0.98, 0.01, 0.17)
1399.23: (-0.59, 0.21, -0.78): 2
1399.24: (-0.98, 0.01, 0.17)
1399.36: (-0.99, 0.00, 0.17)
1399.48: (-0.99, -0.01, 0.16)
1399.59: (-0.96, 0.29, -0.01)
1399.71: (-0.86, 0.51, -0.10)
1399.81: (-0.86, 0.50, -0.10)
1399.91: (-0.86, 0.50, -0.10)
1400.03: (-0.79, 0.28, -0.55)
1400.14: (-0.56, 0.06, -0.83)
1400.19: (-0.54, 0.05, -0.84)
1400.19: (-0.57, -0.69, -0.45): 0
1400.24: (-0.54, 0.05, -0.84)
1400.36: (-0.55, 0.20, -0.81)
1400.48: (-0.54, 0.40, -0.74)
1400.59: (-0.13, 0.39, -0.91)
1400.71: (0.28, 0.08, -0.96)
1400.81: (0.31, -0.15, -0.94)
1400.91: (0.29, -0.36, -0.88)
1401.03: (0.17, -0.58, -0.80)
1401.14: (0.09, -0.75, -0.65)
1401.26: (0.07, -0.89, -0.44)
1401.36: (0.09, -0.94, -0.32)
1401.48: (0.16, -0.98, -0.13)
1401.59: (-0.25, -0.92, -0.32)
1401.71: (-0.42, -0.76, -0.50)
1401.81: (-0.50, -0.67, -0.54)
1401.81: (0.78, 0.14, 0.61): 1
1401.83: (-0.52, -0.66, -0.54)
1401.94: (-0.67, -0.59, -0.44)
1402.06: (-0.67, -0.59, -0.44)
1402.18: (-0.67, -0.60, -0.44)
1402.29: (-0.67, -0.60, -0.44)
1402.41: (-0.59, -0.59, -0.54)
1402.51: (-0.64, -0.35, -0.68)
1402.63: (-0.68, -0.07, -0.73)
1402.73: (-0.56, 0.41, -0.72)
1402.84: (-0.09, 0.85, -0.52)
1402.96: (0.65, 0.76, -0.03)
1403.08: (0.54, 0.73, 0.42)
1403.19: (0.62, 0.46, 0.64)
1403.31: (0.98, 0.04, 0.18)
1403.42: (0.98, 0.01, 0.22)
1403.52: (0.90, 0.06, 0.44)
1403.63: (0.78, 0.13, 0.61)
1403.68: (0.77, 0.13, 0.63)
1403.68: (-0.56, 0.51, -0.65): 2
1403.74: (0.75, 0.12, 0.65)
1403.86: (0.69, 0.11, 0.71)
1403.97: (0.70, 0.04, 0.72)
1404.09: (0.90, -0.09, 0.42)
1404.21: (0.99, -0.02, -0.17)
1404.32: (0.84, 0.22, -0.50)
1404.44: (0.65, 0.72, -0.24)
1404.56: (0.33, 0.87, 0.38)
1404.67: (-0.13, 0.72, 0.68)
1404.77: (-0.60, 0.68, 0.42)
1404.89: (-0.69, 0.72, -0.11)
1404.99: (-0.60, 0.64, -0.48)
1405.11: (-0.37, 0.38, -0.85)
1405.22: (-0.55, 0.34, -0.76)
1405.34: (-0.55, 0.49, -0.68)
1405.34: (-0.94, -0.27, 0.21): 1
1405.34: (-0.55, 0.49, -0.68)
1405.46: (-0.55, 0.53, -0.65)
1405.57: (-0.55, 0.53, -0.65)
1405.69: (-0.49, 0.17, -0.85)
1405.81: (-0.75, -0.36, -0.56)
1405.91: (-0.83, -0.55, 0.13)
1406.02: (-0.32, -0.84, 0.44)
1406.14: (-0.04, -0.98, 0.17)
1406.26: (-0.66, -0.69, 0.30)
1406.36: (-0.90, -0.37, 0.23)
1406.47: (-0.95, -0.29, 0.14)
1406.51: (-0.95, -0.29, 0.14)
1406.51: (-0.56, -0.12, 0.82): 2
1406.59: (-0.96, -0.24, 0.17)
1406.69: (-0.95, -0.26, 0.18)
1406.81: (-0.90, -0.37, 0.24)
1406.92: (-0.94, -0.29, 0.20)
1407.04: (-0.94, -0.29, 0.19)
1407.16: (-0.90, -0.41, 0.14)
1407.27: (-0.62, -0.78, 0.08)
1407.39: (-0.39, -0.92, -0.03)
1407.49: (-0.25, -0.96, -0.14)
1407.61: (0.00, -0.96, -0.28)
1407.71: (0.15, -0.94, -0.30)
1407.81: (0.44, -0.80, -0.41)
1407.92: (0.81, -0.56, -0.18)
1408.04: (0.77, -0.54, 0.34)
1408.14: (0.42, -0.45, 0.79)
1408.26: (0.25, -0.16, 0.95)
1408.37: (0.40, 0.34, 0.85)
1408.49: (0.69, 0.45, 0.57)
1408.59: (0.83, 0.47, 0.32)
1408.71: (0.84, 0.54, 0.02)
1408.82: (0.69, 0.72, -0.07)
1408.94: (0.29, 0.96, 0.06)
1409.06: (-0.07, 0.98, 0.20)
1409.16: (-0.42, 0.90, 0.12)
1409.27: (-0.67, 0.70, -0.26)
1409.39: (-0.52, 0.61, -0.60)
1409.51: (-0.45, 0.45, -0.77)
1409.62: (-0.71, 0.00, -0.70)
1409.74: (-0.92, -0.24, -0.30)
1409.84: (-0.92, -0.24, -0.30)
1409.96: (-0.92, -0.24, -0.30)
1410.07: (-0.93, -0.13, -0.34)
1410.19: (-0.82, -0.57, -0.01)
1410.29: (-0.43, -0.90, 0.03)
1410.41: (0.01, -0.93, -0.37)
1410.52: (0.18, -0.73, -0.66)
1410.64: (0.46, -0.57, -0.68)
1410.76: (0.82, -0.57, -0.08)
1410.86: (0.49, -0.60, 0.64)
1410.97: (0.43, -0.18, 0.89)
1411.09: (-0.37, -0.06, 0.93)
1411.21: (-0.66, -0.45, 0.60)
1411.32: (-0.77, -0.59, 0.23)
1411.44: (-0.77, -0.49, 0.41)
1411.56: (-0.61, -0.14, 0.78)
1411.61: (-0.54, -0.16, 0.82)
1411.61: (-0.16, 0.65, -0.75): 1
1411.67: (-0.54, -0.16, 0.82)
1411.79: (-0.50, -0.21, 0.84)
1411.89: (-0.25, -0.26, 0.93)
1411.99: (0.67, -0.08, 0.74)
1412.11: (0.90, -0.32, 0.28)
1412.22: (0.69, -0.72, 0.11)
1412.34: (-0.19, -0.84, 0.52)
1412.46: (-0.96, -0.22, 0.16)
1412.57: (-0.71, -0.42, -0.57)
1412.69: (0.02, -0.84, -0.55)
1412.81: (0.62, -0.61, -0.50)
1412.92: (0.49, 0.07, -0.87)
1413.04: (-0.24, 0.54, -0.81)
1413.16: (-0.43, 0.86, -0.27)
1413.27: (-0.12, 0.99, 0.02)
1413.39: (-0.30, 0.79, -0.54)
1413.51: (-0.21, 0.47, -0.86)
1413.61: (-0.21, 0.46, -0.86)
1413.71: (-0.15, 0.61, -0.78)
1413.79: (-0.13, 0.68, -0.72)
1413.79: (-0.89, 0.35, 0.29): 1
1413.82: (-0.13, 0.68, -0.72)
1413.94: (-0.20, 0.61, -0.76)
1414.04: (-0.30, 0.53, -0.79)
1414.16: (-0.30, 0.53, -0.79)
1414.27: (0.49, 0.61, -0.62)
1414.39: (0.83, 0.55, -0.02)
1414.49: (0.57, 0.80, 0.19)
1414.61: (-0.32, 0.95, 0.00)
1414.72: (-0.75, 0.65, -0.09)
1414.84: (-0.71, 0.43, 0.56)
1414.96: (-0.40, 0.34, 0.85)
1415.07: (-0.76, 0.30, 0.58)
1415.19: (-0.93, 0.32, 0.16)
1415.19: (0.99, -0.05, -0.15): 1
1415.19: (-0.93, 0.32, 0.16)
1415.29: (-0.94, 0.32, 0.14)
1415.41: (-0.92, 0.34, 0.18)
1415.52: (-0.62, 0.44, 0.64)
1415.64: (0.21, 0.77, 0.61)
1415.76: (0.41, 0.88, 0.22)
1415.87: (0.36, 0.88, -0.31)
1415.99: (0.09, 0.79, -0.61)
1416.11: (-0.59, 0.59, -0.54)
1416.21: (-0.97, 0.23, -0.02)
1416.32: (-0.78, -0.45, -0.44)
1416.42: (-0.15, -0.41, -0.90)
1416.52: (0.34, -0.15, -0.93)
1416.64: (0.72, 0.07, -0.69)
1416.76: (0.93, -0.27, -0.25)
1416.87: (0.60, -0.80, 0.05)
1416.97: (0.66, -0.75, 0.07)
1417.09: (0.95, -0.30, -0.07)
1417.21: (0.98, -0.08, -0.17)
1417.21: (-0.96, 0.28, 0.09): 2
1417.21: (0.98, -0.08, -0.17)
1417.32: (0.98, -0.10, -0.16)
1417.44: (0.94, -0.33, -0.10)
1417.54: (0.70, -0.71, 0.08)
1417.66: (0.44, -0.87, 0.20)
1417.77: (0.22, -0.58, 0.78)
1417.89: (0.28, -0.61, 0.74)
1418.01: (0.28, -0.61, 0.74)
1418.12: (0.19, -0.43, 0.88)
1418.24: (0.38, 0.29, 0.88)
1418.36: (-0.10, 0.48, 0.87)
1418.47: (-0.70, 0.12, 0.70)
1418.59: (-0.90, 0.28, 0.34)
1418.71: (-0.64, 0.72, 0.28)
1418.82: (-0.79, 0.54, 0.28)
1418.94: (-0.97, 0.18, 0.18)
1418.96: (-0.97, 0.15, 0.16)
1418.96: (-0.91, -0.15, -0.38): 0
1419.04: (-0.99, 0.11, 0.13)
1419.16: (-0.97, 0.23, 0.06)
1419.27: (-0.97, 0.21, -0.15)
1419.39: (-0.89, -0.16, -0.42)
1419.51: (-0.75, -0.42, -0.51)
1419.62: (-0.88, -0.32, -0.35)
1419.72: (-0.93, -0.23, -0.28)
1419.72: (0.52, -0.44, 0.73): 1
1419.72: (-0.93, -0.23, -0.28)
1419.84: (-0.91, -0.23, -0.33)
1419.95: (-0.87, -0.18, -0.47)
1420.07: (-0.71, 0.11, -0.70)
1420.19: (-0.65, 0.15, -0.74)
1420.30: (-0.65, 0.15, -0.74)
1420.42: (-0.41, 0.58, -0.70)
1420.54: (-0.18, 0.90, -0.40)
1420.65: (-0.04, 0.77, -0.63)
1420.77: (0.25, 0.45, -0.86)
1420.89: (0.40, -0.19, -0.90)
1420.99: (0.61, -0.32, -0.73)
1421.10: (0.76, 0.12, -0.63)
1421.20: (0.93, 0.19, -0.32)
1421.32: (0.95, -0.24, 0.18)
1421.44: (0.41, -0.90, 0.15)
1421.55: (0.08, -0.95, 0.31)
1421.67: (0.49, -0.57, 0.66)
1421.77: (0.60, -0.43, 0.67)
1421.85: (0.59, -0.44, 0.68)
1421.85: (0.10, -0.14, -0.98): 0
1421.87: (0.59, -0.44, 0.68)
1421.99: (0.55, -0.45, 0.70)
1422.10: (0.49, -0.51, 0.70)
1422.22: (0.51, -0.57, 0.64)
1422.34: (0.51, -0.57, 0.64)
1422.45: (-0.18, -0.40, 0.90)
1422.57: (-0.60, -0.30, 0.74)
1422.69: (-0.88, -0.21, 0.42)
1422.80: (-0.97, -0.07, 0.22)
1422.92: (-0.95, 0.23, 0.21)
1423.02: (-0.82, 0.58, -0.03)
1423.14: (-0.70, 0.31, -0.65)
1423.24: (-0.58, 0.16, -0.80)
1423.35: (-0.46, 0.29, -0.84)
1423.47: (-0.52, 0.60, -0.61)
1423.59: (-0.18, 0.37, -0.91)
1423.70: (-0.15, 0.19, -0.97)
1423.82: (-0.05, -0.06, -1.00)
1423.92: (0.18, -0.17, -0.97)
1423.94: (0.19, -0.21, -0.96)
1423.94: (-0.87, -0.46, 0.19): 2
1424.04: (0.19, -0.24, -0.95)
1424.15: (0.16, -0.17, -0.97)
1424.27: (0.09, -0.15, -0.98)
1424.39: (0.06, -0.08, -0.99)
1424.49: (0.21, 0.39, -0.89)
1424.60: (0.32, 0.85, -0.41)
1424.72: (0.65, 0.70, -0.31)
1424.84: (0.85, 0.01, -0.52)
1424.94: (0.79, -0.46, -0.40)
1425.05: (0.97, 0.23, -0.13)
1425.17: (0.76, 0.58, 0.29)
1425.27: (0.82, 0.25, 0.51)
1425.39: (0.77, -0.47, 0.44)
1425.50: (0.31, -0.87, 0.38)
1425.62: (0.10, -0.58, 0.81)
1425.74: (0.20, -0.10, 0.97)
1425.85: (-0.23, -0.17, 0.96)
1425.95: (-0.73, -0.65, 0.22)
1426.07: (-0.72, -0.69, -0.02)
1426.17: (-0.72, -0.69, -0.02)
1426.29: (-0.72, -0.69, -0.02)
1426.40: (-0.78, -0.59, 0.22)
1426.47: (-0.80, -0.55, 0.25)
1426.47: (-0.19, 0.89, -0.41): 2
1426.52: (-0.80, -0.55, 0.25)
1426.64: (-0.80, -0.55, 0.25)
1426.75: (-0.80, -0.53, 0.28)
1426.87: (-0.80, 0.10, 0.60)
1426.99: (-0.94, 0.28, 0.18)
1427.10: (-0.86, -0.21, -0.46)
1427.22: (-0.57, -0.38, -0.73)
1427.32: (-0.62, 0.31, -0.72)
1427.42: (-0.59, 0.66, -0.47)
1427.52: (-0.36, 0.64, -0.68)
1427.64: (0.12, 0.37, -0.92)
1427.75: (0.02, 0.74, -0.67)
1427.87: (-0.11, 0.87, -0.48)
1427.94: (-0.20, 0.87, -0.44)
1427.94: (-0.56, 0.81, -0.19): 1
1427.99: (-0.20, 0.87, -0.45)
1428.10: (-0.10, 0.81, -0.58)
1428.22: (-0.23, 0.68, -0.70)
1428.32: (-0.24, 0.68, -0.70)
1428.44: (-0.30, 0.75, -0.59)
1428.55: (-0.39, 0.88, -0.29)
1428.64: (-0.42, 0.89, -0.17)
1428.64: (-0.98, -0.19, -0.03): 1
1428.67: (-0.44, 0.88, -0.17)
1428.79: (-0.55, 0.81, -0.20)
1428.90: (-0.60, 0.77, -0.20)
1429.02: (-0.55, 0.66, -0.50)
1429.12: (-0.69, 0.07, -0.72)
1429.24: (-0.91, 0.24, -0.35)
1429.35: (-0.86, 0.34, 0.38)
1429.47: (-0.99, -0.08, 0.09)
1429.59: (-0.93, -0.24, -0.29)
1429.69: (-0.91, -0.27, -0.32)
1429.80: (-0.96, -0.24, -0.18)
1429.89: (-0.97, -0.23, -0.09)
1429.89: (-0.02, 0.98, -0.21): 0
1429.92: (-0.97, -0.22, -0.08)
1430.04: (-0.97, -0.25, -0.07)
1430.15: (-0.75, -0.62, 0.23)
1430.27: (-0.43, -0.37, 0.83)
1430.39: (-0.23, -0.30, 0.92)
1430.50: (0.01, -0.93, 0.37)
1430.62: (0.35, -0.70, 0.62)
1430.72: (0.38, -0.18, 0.91)
1430.82: (0.66, -0.51, 0.56)
1430.94: (0.76, -0.49, -0.42)
1431.05: (0.97, 0.12, 0.21)
1431.17: (0.81, 0.31, 0.49)
1431.29: (0.79, 0.33, -0.52)
1431.40: (0.42, 0.89, -0.15)
1431.52: (0.29, 0.92, 0.28)
1431.64: (0.18, 0.88, -0.45)
1431.75: (-0.04, 0.87, -0.50)
1431.85: (-0.01, 0.90, -0.43)
1431.97: (0.06, 0.99, -0.16)
1432.00: (0.05, 0.99, -0.12)
1432.00: (0.86, -0.36, 0.36): 2
1432.09: (0.05, 0.99, -0.12)
1432.20: (0.27, 0.94, -0.19)
1432.32: (0.27, 0.94, -0.20)
1432.42: (0.27, 0.94, -0.20)
1432.54: (0.14, 0.85, -0.50)
1432.65: (-0.30, 0.69, -0.66)
1432.77: (-0.19, 0.93, 0.31)
1432.89: (-0.70, 0.70, 0.12)
1433.00: (-0.85, 0.24, -0.47)
1433.10: (-0.93, 0.32, 0.18)
1433.22: (-0.75, 0.19, 0.63)
1433.34: (-0.89, -0.45, -0.12)
1433.45: (-0.65, -0.71, 0.26)
1433.55: (-0.31, -0.54, 0.78)
1433.67: (-0.30, -0.95, 0.06)
1433.79: (0.08, -1.00, 0.02)
1433.90: (0.30, -0.69, 0.66)
1434.00: (0.47, -0.84, 0.27)
1434.12: (0.77, -0.58, -0.27)
1434.24: (0.83, -0.53, 0.19)
1434.35: (0.77, -0.49, 0.40)
1434.40: (0.76, -0.49, 0.42)
1434.40: (-0.87, 0.32, -0.37): 2
1434.47: (0.76, -0.49, 0.42)
1434.59: (0.82, -0.41, 0.41)
1434.70: (0.75, -0.63, 0.20)
1434.80: (0.67, -0.74, 0.04)
1434.92: (0.67, -0.74, 0.04)
1435.04: (0.52, 0.27, 0.81)
1435.15: (0.91, 0.34, 0.26)
1435.27: (0.79, -0.41, -0.46)
1435.39: (0.85, 0.51, -0.14)
1435.50: (0.53, 0.85, 0.01)
1435.62: (0.24, -0.05, -0.97)
1435.74: (-0.07, 0.92, -0.38)
1435.85: (-0.33, 0.94, 0.04)
1435.97: (-0.64, 0.04, -0.77)
1436.08: (-0.83, 0.53, 0.20)
1436.20: (-0.77, 0.58, 0.26)
1436.32: (-0.82, 0.54, -0.20)
1436.44: (-0.78, 0.51, -0.37)
1436.55: (-0.77, 0.51, -0.38)
1436.63: (-0.80, 0.44, -0.40)
1436.63: (-0.39, -0.90, -0.21): 2
1436.67: (-0.81, 0.42, -0.40)
1436.78: (-0.85, 0.40, -0.35)
1436.90: (-0.77, 0.48, -0.41)
1437.00: (-0.77, 0.48, -0.41)
1437.12: (-0.77, 0.53, -0.36)
1437.23: (-0.51, 0.43, 0.74)
1437.35: (-0.74, -0.04, 0.67)
1437.47: (-0.88, -0.37, -0.29)
1437.59: (-0.76, -0.57, 0.32)
1437.70: (-0.24, -0.40, 0.89)
1437.82: (-0.44, -0.82, 0.37)
1437.93: (-0.52, -0.86, 0.03)
1438.05: (-0.53, -0.83, -0.19)
1438.17: (-0.38, -0.92, -0.09)
1438.17: (-0.17, -0.98, -0.12): 1
1438.17: (-0.38, -0.92, -0.09)
1438.27: (-0.37, -0.92, -0.12)
1438.38: (-0.47, -0.86, -0.19)
1438.50: (-0.35, -0.93, -0.15)
1438.62: (-0.15, -0.99, 0.02)
1438.62: (0.52, 0.84, 0.16): 1
1438.62: (-0.15, -0.99, 0.02)
1438.72: (-0.18, -0.98, -0.02)
1438.83: (-0.21, -0.98, -0.08)
1438.95: (-0.37, -0.91, -0.17)
1439.07: (-0.70, -0.45, -0.55)
1439.18: (-0.98, -0.09, -0.19)
1439.30: (-0.80, -0.33, 0.50)
1439.42: (-0.14, 0.09, 0.99)
1439.52: (-0.67, 0.58, 0.47)
1439.63: (-0.08, 0.73, 0.68)
1439.73: (0.84, 0.25, 0.49)
1439.85: (0.45, 0.89, 0.10)
1439.97: (0.07, 0.96, -0.28)
1440.07: (0.22, 0.97, -0.07)
1440.17: (0.39, 0.88, 0.27)
1440.27: (0.42, 0.87, 0.26)
1440.27: (0.19, 0.07, -0.98): 1
1440.28: (0.42, 0.87, 0.26)
1440.40: (0.50, 0.85, 0.13)
1440.52: (0.52, 0.84, 0.12)
1440.63: (0.42, 0.73, -0.53)
1440.75: (0.78, 0.04, -0.62)
1440.85: (-0.16, 0.53, -0.83)
1440.95: (-0.10, 0.40, -0.91)
1441.07: (0.10, 0.25, -0.96)
1441.17: (0.27, 0.13, -0.95)
1441.17: (-0.75, 0.37, -0.54): 2
1441.18: (0.27, 0.13, -0.95)
1441.30: (0.24, 0.14, -0.96)
1441.40: (0.22, 0.04, -0.98)
1441.52: (0.46, -0.61, -0.64)
1441.63: (-0.25, -0.23, -0.94)
1441.75: (-0.56, -0.52, -0.64)
1441.87: (-0.02, -0.95, -0.31)
1441.98: (-0.58, -0.74, -0.34)
1442.08: (-0.56, -0.18, -0.81)
1442.20: (-0.42, -0.10, -0.90)
1442.32: (-0.41, 0.17, -0.90)
1442.43: (-0.70, 0.43, -0.57)
1442.50: (-0.75, 0.48, -0.46)
1442.50: (0.07, 1.00, -0.03): 2
1442.53: (-0.77, 0.49, -0.40)
1442.65: (-0.73, 0.46, -0.50)
1442.77: (-0.53, -0.14, -0.84)
1442.88: (-0.46, -0.62, -0.64)
1443.00: (-0.44, -0.56, -0.70)
1443.10: (-0.41, -0.57, -0.71)
1443.22: (-0.35, -0.93, -0.06)
1443.32: (-0.90, -0.39, -0.18)
1443.43: (-0.97, -0.26, 0.00)
1443.55: (-0.39, -0.68, 0.62)
1443.67: (-0.62, -0.08, 0.78)
1443.78: (-0.81, 0.58, 0.09)
1443.88: (-0.53, 0.66, 0.53)
1443.98: (-0.06, 0.21, 0.98)
1444.10: (0.23, 0.77, 0.60)
1444.22: (-0.09, 1.00, 0.02)
1444.33: (-0.29, 0.94, -0.20)
1444.45: (-0.12, 0.98, -0.14)
1444.55: (0.07, 1.00, -0.03)
1444.55: (-0.42, -0.90, 0.11): 0
1444.55: (0.07, 1.00, -0.03)
1444.67: (0.11, 0.99, 0.05)
1444.77: (0.08, 1.00, 0.06)
1444.88: (0.07, 1.00, 0.06)
1445.00: (0.20, 0.51, 0.83)
1445.12: (-0.13, 0.48, 0.87)
1445.22: (-0.80, 0.60, 0.03)
1445.33: (-0.77, -0.01, 0.64)
1445.45: (-0.51, -0.54, 0.67)
1445.57: (-0.89, -0.27, -0.37)
1445.67: (-0.63, -0.60, -0.48)
1445.78: (-0.58, -0.81, -0.02)
1445.90: (-0.58, -0.80, 0.18)
1446.02: (-0.36, -0.92, 0.17)
1446.03: (-0.36, -0.92, 0.16)
1446.03: (0.87, 0.40, 0.29): 2
1446.13: (-0.37, -0.92, 0.15)
1446.23: (-0.44, -0.89, -0.10)
1446.35: (-0.22, -0.97, 0.14)
1446.45: (-0.26, -0.65, 0.71)
1446.57: (-0.78, -0.62, -0.01)
1446.68: (-0.97, -0.14, 0.20)
1446.78: (-0.31, 0.19, 0.93)
1446.90: (-0.71, 0.63, 0.32)
1447.02: (-0.64, 0.69, -0.32)
1447.13: (-0.06, 0.93, 0.36)
1447.25: (0.17, 0.98, -0.06)
1447.37: (0.19, 0.66, -0.73)
1447.48: (0.72, 0.70, -0.03)
1447.60: (0.80, 0.57, 0.19)
1447.70: (0.76, 0.54, 0.36)
1447.82: (0.85, 0.44, 0.30)
1447.83: (0.85, 0.43, 0.31)
1447.83: (-0.82, -0.55, 0.16): 0
1447.93: (0.85, 0.43, 0.31)
1448.05: (0.88, 0.43, 0.21)
1448.17: (0.94, 0.35, 0.00)
1448.28: (0.98, -0.07, -0.19)
1448.40: (0.96, -0.24, 0.16)
1448.52: (0.78, -0.56, -0.28)
1448.63: (0.58, -0.20, -0.79)
1448.73: (0.58, -0.20, -0.79)
1448.83: (0.58, -0.20, -0.79)
1448.95: (0.52, -0.73, -0.44)
1449.07: (0.02, -0.75, -0.66)
1449.18: (-0.23, -0.34, -0.91)
1449.30: (-0.23, -0.97, -0.12)
1449.42: (-0.79, -0.43, -0.43)
1449.53: (-0.95, 0.07, -0.31)
1449.65: (-0.92, -0.38, 0.06)
1449.77: (-0.83, -0.53, 0.19)
1449.82: (-0.79, -0.58, 0.19)
1449.82: (-0.16, -0.80, 0.58): 1
1449.88: (-0.79, -0.58, 0.19)
1450.00: (-0.87, -0.45, 0.21)
1450.12: (-0.94, -0.05, 0.32)
1450.23: (-0.70, 0.64, -0.31)
1450.35: (-0.91, 0.33, 0.24)
1450.45: (-0.62, 0.13, 0.77)
1450.57: (-0.42, 0.77, 0.48)
1450.68: (-0.24, 0.56, 0.79)
1450.80: (0.14, 0.56, 0.82)
1450.92: (0.34, 0.85, 0.41)
1451.03: (0.34, 0.85, 0.41)
1451.15: (0.34, 0.85, 0.40)
1451.27: (0.48, 0.67, -0.57)
1451.38: (0.91, 0.41, 0.01)
1451.48: (0.99, -0.14, -0.10)
1451.60: (0.46, -0.20, -0.87)
1451.72: (0.50, -0.65, -0.58)
1451.83: (0.03, -0.85, -0.53)
1451.95: (-0.66, -0.49, -0.56)
1452.07: (-0.27, -0.91, -0.32)
1452.18: (-0.66, -0.72, -0.23)
1452.30: (-0.93, 0.34, -0.13)
1452.42: (-0.52, 0.81, -0.28)
1452.52: (-0.89, 0.30, -0.33)
1452.63: (-0.84, -0.39, 0.38)
1452.75: (-0.62, -0.49, 0.61)
1452.87: (-0.40, -0.46, 0.79)
1452.98: (-0.34, -0.50, 0.80)
1453.10: (-0.26, -0.73, 0.63)
1453.16: (-0.23, -0.81, 0.54)
1453.16: (0.66, -0.12, -0.75): 1
1453.21: (-0.24, -0.81, 0.53)
1453.32: (-0.33, -0.80, 0.50)
1453.43: (-0.34, -0.84, -0.43)
1453.55: (-0.40, -0.50, -0.77)
1453.66: (-0.40, -0.50, -0.77)
1453.76: (0.10, -0.52, -0.85)
1453.88: (0.13, -0.32, -0.94)
1454.00: (-0.60, 0.36, -0.71)
1454.11: (0.10, -0.11, -0.99)
1454.21: (0.34, -0.24, -0.91)
1454.33: (0.44, -0.27, -0.85)
1454.45: (0.57, -0.08, -0.82)
1454.48: (0.60, -0.08, -0.79)
1454.48: (0.94, 0.01, -0.34): 2
1454.56: (0.60, -0.08, -0.79)
1454.68: (0.33, -0.04, -0.94)
1454.78: (0.42, 0.05, -0.91)
1454.90: (0.82, -0.04, -0.57)
1455.01: (0.91, -0.08, -0.41)
1455.01: (0.62, 0.76, -0.19): 1
1455.01: (0.91, -0.08, -0.41)
1455.13: (0.91, -0.08, -0.40)
1455.25: (0.91, -0.07, -0.40)
1455.36: (0.62, -0.16, -0.77)
1455.46: (0.62, -0.16, -0.77)
1455.58: (0.76, 0.15, -0.63)
1455.70: (0.69, 0.64, -0.35)
1455.81: (0.61, 0.73, -0.31)
1455.81: (-0.88, -0.43, 0.18): 1
1455.81: (0.61, 0.73, -0.31)
1455.93: (0.61, 0.73, -0.31)
1456.05: (0.60, 0.77, -0.21)
1456.16: (0.62, 0.75, -0.24)
1456.28: (-0.04, 0.98, 0.20)
1456.38: (-0.10, 0.97, 0.21)
1456.50: (-0.09, 0.98, 0.18)
1456.61: (0.34, 0.54, 0.77)
1456.73: (-0.31, 0.79, 0.53)
1456.85: (-0.70, 0.70, 0.13)
1456.96: (-0.13, 0.16, 0.98)
1457.08: (-0.40, 0.07, 0.91)
1457.20: (-1.00, 0.02, -0.10)
1457.31: (-0.41, -0.49, 0.77)
1457.43: (-0.17, -0.49, 0.85)
1457.55: (-0.50, -0.56, 0.66)
1457.66: (-0.79, -0.52, 0.33)
1457.68: (-0.79, -0.52, 0.33)
1457.68: (0.79, -0.61, -0.11): 2
1457.78: (-0.81, -0.53, 0.25)
1457.90: (-0.82, -0.52, 0.24)
1458.01: (-0.70, -0.72, 0.02)
1458.13: (-0.04, -0.92, -0.40)
1458.23: (-0.10, -0.60, -0.79)
1458.35: (0.03, -0.48, -0.88)
1458.46: (0.26, -0.94, -0.23)
1458.56: (0.32, -0.93, -0.17)
1458.68: (0.48, -0.85, -0.23)
1458.80: (0.73, -0.66, -0.16)
1458.86: (0.81, -0.58, -0.10)
1458.86: (-1.00, -0.07, -0.05): 0
1458.90: (0.80, -0.60, -0.09)
1459.01: (0.75, -0.64, -0.15)
1459.13: (0.43, -0.77, -0.47)
1459.25: (0.38, -0.78, -0.51)
1459.36: (-0.02, -0.92, -0.39)
1459.48: (-0.95, -0.24, -0.18)
1459.60: (-0.85, 0.46, -0.24)
1459.71: (-0.92, -0.03, 0.38)
1459.81: (-0.93, -0.02, 0.36)
1459.91: (-0.98, -0.13, 0.14)
1460.01: (-0.98, -0.19, -0.01)
END