3/28/2023 6:38:58 PM
Mode: Mono
White time (s): [0.8997192, 0.9499512, 1.116638, 4.532471, 1.983093, 6.048828, 2.782532, 7.731995, 0.866394, 1.749634, 3.465942, 2.999451, 0.949707, 0.9998169, 3.799438, 6.2323, 2.14978, 3.199341, 3.149048, 0.9997559, 1.500305, 2.066833, 1.399658, 1.932739, 1.350098, 3.03241, 3.082764, 3.832336, 3.382935, 1.616455]
Shot time (s): [3.632751, 0.8162842, 2.815979, 2.099182, 3.732666, 0.833313, 3.249084, 14.76373, 2.082947, 1.650024, 4.865479, 2.149658, 0.7332764, 12.59778, 2.832764, 3.166321, 3.749146, 2.932922, 2.682678, 2.150024, 3.299133, 2.582764, 1.599487, 3.082397, 4.649048, 0.866394, 2.199829, 4.732117, 3.349426, 0.4667969]
Step time (s): [1.432922, 1.566528, 3.149658, 5.098877, 2.699585, 2.299316, 0.8999023, 8.814819, 0.8497314, 2.782654, 0.7828979, 1.666443, 3.432556, 2.282837, 5.199036, 3.64917, 1.566345, 1.716125, 7.64856, 7.648254, 3.549194, 0.6497192, 4.048889, 1.283264, 0.7332764, 0.699707, 3.28241, 2.666138, 5.398865, 0.9666748]
White horz (deg): [41.5125, 45.42749, 64.05749, 335.9476, 58.59, 376.65, 268.92, 658.4626, 22.27499, 95.10744, 232.335, 138.3074, 68.57999, 39.21748, 478.2373, 545.1977, 97.46999, 248.1974, 245.6324, 46.70999, 103.14, 213.435, 105.435, 158.0849, 78.16498, 227.3401, 284.2425, 227.7449, 180.8325, 92.54247]
Shot horz (deg): [278.9773, 13.365, 162.5399, 194.5349, 278.9775, 40.23, 162.6075, 1318.816, 94.43245, 104.5575, 370.3725, 189.6075, 38.06999, 1016.416, 213.84, 161.2575, 329.7374, 307.1248, 144.3824, 71.07747, 285.7274, 180.8325, 76.40997, 233.0775, 533.7899, 54.87748, 191.6325, 351.0675, 324.675, 0.9449998]
Step horz (deg): [36.38248, 106.65, 170.8425, 340.2675, 144.855, 135.0675, 21.6, 646.92, 12.3525, 169.425, 15.7275, 70.26746, 246.105, 150.5924, 398.5876, 278.9775, 145.665, 192.51, 564.5703, 631.4622, 314.01, 14.44499, 347.49, 126.63, 25.98749, 11.9475, 160.11, 200.5425, 551.6102, 16.065]
White vert (deg): [24.56999, 33.07499, 17.48249, 179.4825, 107.9325, 193.86, 131.49, 410.6695, 28.88999, 39.08249, 104.5575, 180.09, 25.37999, 25.11, 388.7326, 513.8774, 161.055, 195.345, 238.9499, 30.57749, 46.77749, 106.4474, 82.95749, 122.58, 64.32748, 136.9575, 251.7749, 234.2925, 219.8474, 53.32499]
Shot vert (deg): [246.105, 16.67249, 124.9424, 108.4725, 121.4324, 23.82749, 96.86248, 662.0399, 53.93249, 99.69747, 314.8199, 34.02, 22.14, 807.1649, 130.6799, 250.2225, 150.5925, 198.7876, 253.5299, 185.4225, 173.88, 210.6675, 83.42999, 219.105, 262.1024, 15.795, 120.3525, 285.9301, 182.52, 0.4724999]
Step vert (deg): [32.73749, 58.99499, 183.1275, 217.6876, 165.5775, 96.32244, 23.42249, 454.3424, 28.5525, 173.2725, 11.8125, 57.71248, 138.9825, 86.60246, 346.0051, 275.1299, 131.1525, 116.91, 517.0499, 395.7526, 202.6349, 17.3475, 225.9899, 49.40999, 29.63249, 2.092499, 213.5025, 169.0874, 419.0402, 26.25749]

Time in sec: camera forward versor
Time in sec: target versor: sound type (0 = White, 1 = Shot, 2 = Step)
START
595.02: (0.85, 0.26, -0.46): 1
595.02: (-0.05, -1.00, 0.01)
595.14: (-0.05, -1.00, 0.01)
595.25: (-0.05, -1.00, 0.01)
595.37: (-0.05, -1.00, 0.01)
595.49: (-0.01, -1.00, -0.07)
595.59: (0.03, -0.98, -0.19)
595.70: (-0.05, -0.95, -0.29)
595.82: (-0.05, -0.88, -0.48)
595.92: (-0.04, -0.80, -0.59)
596.04: (-0.24, -0.78, -0.58)
596.14: (-0.56, -0.66, -0.50)
596.25: (-0.80, -0.47, -0.37)
596.37: (-0.94, -0.32, -0.15)
596.47: (-0.98, -0.21, 0.05)
596.59: (-0.96, -0.14, 0.23)
596.70: (-0.89, -0.06, 0.46)
596.82: (-0.66, -0.10, 0.75)
596.92: (-0.32, -0.28, 0.90)
597.04: (0.07, -0.41, 0.91)
597.15: (0.34, -0.48, 0.81)
597.27: (0.57, -0.58, 0.59)
597.37: (0.73, -0.65, 0.20)
597.48: (0.73, -0.65, -0.19)
597.60: (0.63, -0.66, -0.42)
597.72: (0.49, -0.67, -0.56)
597.83: (0.37, -0.55, -0.75)
597.95: (0.46, -0.37, -0.81)
598.07: (0.76, -0.27, -0.60)
598.18: (0.90, -0.15, -0.42)
598.28: (0.91, -0.02, -0.41)
598.40: (0.87, 0.09, -0.49)
598.52: (0.84, 0.19, -0.51)
598.62: (0.84, 0.25, -0.48)
598.65: (0.84, 0.25, -0.48)
598.65: (0.68, 0.67, -0.30): 2
598.73: (0.84, 0.25, -0.48)
598.85: (0.83, 0.20, -0.52)
598.97: (0.81, 0.07, -0.58)
599.08: (0.82, 0.23, -0.53)
599.18: (0.84, 0.33, -0.42)
599.30: (0.85, 0.35, -0.40)
599.42: (0.79, 0.46, -0.41)
599.53: (0.77, 0.51, -0.38)
599.63: (0.77, 0.52, -0.37)
599.75: (0.76, 0.55, -0.35)
599.87: (0.74, 0.58, -0.32)
599.98: (0.73, 0.61, -0.31)
600.08: (0.72, 0.62, -0.31)
600.08: (1.00, 0.04, 0.03): 0
600.10: (0.72, 0.62, -0.31)
600.22: (0.72, 0.61, -0.33)
600.33: (0.72, 0.58, -0.38)
600.43: (0.85, 0.38, -0.37)
600.55: (0.99, 0.12, -0.09)
600.65: (0.99, 0.11, -0.08)
600.77: (0.99, 0.11, -0.07)
600.88: (1.00, 0.02, -0.03)
600.98: (1.00, 0.01, -0.02)
600.98: (0.96, -0.13, 0.24): 1
601.00: (1.00, 0.01, -0.01)
601.10: (1.00, 0.00, -0.02)
601.22: (1.00, -0.03, -0.01)
601.32: (0.98, -0.13, 0.15)
601.43: (0.97, -0.12, 0.19)
601.55: (0.97, -0.11, 0.21)
601.67: (0.96, -0.12, 0.25)
601.78: (0.95, -0.14, 0.28)
601.80: (0.95, -0.14, 0.29)
601.80: (-0.54, -0.78, -0.31): 2
601.88: (0.94, -0.15, 0.30)
602.00: (0.95, -0.17, 0.28)
602.12: (0.91, -0.35, 0.21)
602.22: (0.84, -0.50, 0.21)
602.33: (0.80, -0.58, 0.19)
602.45: (0.59, -0.81, 0.06)
602.57: (0.30, -0.93, -0.22)
602.67: (0.06, -0.93, -0.37)
602.77: (-0.08, -0.91, -0.41)
602.88: (-0.27, -0.88, -0.39)
603.00: (-0.43, -0.83, -0.35)
603.12: (-0.46, -0.81, -0.36)
603.22: (-0.47, -0.81, -0.36)
603.33: (-0.52, -0.79, -0.31)
603.37: (-0.53, -0.79, -0.31)
603.37: (0.62, 0.77, -0.18): 1
603.45: (-0.53, -0.79, -0.30)
603.55: (-0.53, -0.79, -0.30)
603.67: (-0.58, -0.77, -0.26)
603.78: (-0.74, -0.66, -0.14)
603.90: (-0.89, -0.45, 0.03)
604.02: (-0.96, -0.26, 0.10)
604.12: (-0.99, -0.11, 0.08)
604.23: (-0.99, 0.10, -0.03)
604.33: (-0.93, 0.26, -0.27)
604.45: (-0.80, 0.33, -0.50)
604.57: (-0.75, 0.44, -0.50)
604.67: (-0.49, 0.75, -0.45)
604.78: (-0.26, 0.84, -0.48)
604.88: (-0.24, 0.85, -0.47)
605.00: (-0.14, 0.91, -0.38)
605.12: (0.12, 0.98, -0.13)
605.22: (0.40, 0.92, 0.02)
605.33: (0.50, 0.87, -0.01)
605.45: (0.50, 0.87, -0.01)
605.57: (0.48, 0.88, 0.01)
605.68: (0.49, 0.87, -0.03)
605.80: (0.50, 0.87, -0.04)
605.92: (0.52, 0.85, -0.08)
606.03: (0.60, 0.80, -0.10)
606.15: (0.62, 0.77, -0.11)
606.18: (0.62, 0.77, -0.11)
606.18: (-0.75, -0.62, -0.22): 2
606.25: (0.62, 0.77, -0.11)
606.37: (0.62, 0.78, -0.11)
606.48: (0.56, 0.83, -0.07)
606.58: (0.55, 0.84, -0.03)
606.70: (0.55, 0.80, 0.23)
606.82: (0.41, 0.77, 0.48)
606.93: (0.25, 0.60, 0.76)
607.03: (0.22, 0.48, 0.85)
607.13: (0.30, 0.31, 0.90)
607.25: (0.30, 0.31, 0.90)
607.37: (0.30, 0.31, 0.90)
607.48: (0.29, 0.32, 0.90)
607.60: (0.17, 0.22, 0.96)
607.70: (0.00, 0.01, 1.00)
607.82: (-0.05, -0.06, 1.00)
607.92: (-0.25, -0.14, 0.96)
608.03: (-0.53, -0.29, 0.80)
608.15: (-0.70, -0.33, 0.63)
608.27: (-0.69, -0.45, 0.57)
608.38: (-0.56, -0.69, 0.46)
608.50: (-0.20, -0.90, 0.38)
608.62: (-0.19, -0.88, 0.43)
608.72: (-0.19, -0.88, 0.43)
608.83: (-0.37, -0.90, 0.22)
608.93: (-0.61, -0.79, 0.03)
609.03: (-0.71, -0.70, -0.06)
609.15: (-0.77, -0.63, -0.12)
609.27: (-0.77, -0.59, -0.23)
609.33: (-0.77, -0.59, -0.24)
609.33: (-0.02, -0.95, -0.33): 0
609.38: (-0.77, -0.59, -0.24)
609.50: (-0.77, -0.59, -0.24)
609.60: (-0.79, -0.57, -0.22)
609.72: (-0.63, -0.74, -0.25)
609.82: (-0.32, -0.89, -0.33)
609.93: (-0.10, -0.92, -0.38)
610.05: (-0.10, -0.92, -0.38)
610.15: (-0.03, -0.94, -0.34)
610.27: (0.01, -0.95, -0.32)
610.28: (0.01, -0.95, -0.32)
610.28: (-0.36, 0.64, 0.68): 1
610.38: (0.01, -0.95, -0.32)
610.50: (0.06, -0.95, -0.31)
610.62: (0.15, -0.94, -0.29)
610.73: (0.20, -0.94, -0.28)
610.83: (0.24, -0.93, -0.28)
610.95: (0.36, -0.91, -0.23)
611.05: (0.12, -0.98, -0.17)
611.15: (-0.21, -0.97, -0.14)
611.27: (-0.64, -0.76, -0.07)
611.38: (-0.89, -0.45, -0.02)
611.50: (-0.98, -0.17, -0.07)
611.60: (-1.00, 0.06, -0.04)
611.72: (-0.88, 0.40, 0.25)
611.83: (-0.58, 0.54, 0.61)
611.93: (-0.37, 0.49, 0.79)
612.05: (-0.37, 0.52, 0.77)
612.15: (-0.45, 0.57, 0.69)
612.27: (-0.42, 0.60, 0.68)
612.38: (-0.38, 0.62, 0.69)
612.38: (0.52, 0.74, 0.43): 0
612.38: (-0.38, 0.62, 0.69)
612.50: (-0.38, 0.62, 0.69)
612.62: (-0.38, 0.61, 0.70)
612.72: (-0.45, 0.56, 0.69)
612.83: (-0.45, 0.55, 0.71)
612.93: (-0.01, 0.67, 0.74)
613.05: (0.12, 0.71, 0.70)
613.17: (0.23, 0.72, 0.65)
613.27: (0.30, 0.75, 0.59)
613.38: (0.43, 0.72, 0.54)
613.50: (0.45, 0.71, 0.53)
613.50: (0.45, 0.14, -0.88): 0
613.50: (0.45, 0.71, 0.53)
613.62: (0.47, 0.71, 0.53)
613.72: (0.49, 0.70, 0.52)
613.82: (0.53, 0.67, 0.51)
613.93: (0.67, 0.57, 0.47)
614.05: (0.71, 0.54, 0.45)
614.15: (0.73, 0.49, 0.48)
614.27: (0.87, 0.27, 0.42)
614.38: (0.90, 0.05, 0.43)
614.50: (0.86, -0.23, 0.46)
614.61: (0.82, -0.47, 0.34)
614.73: (0.78, -0.60, 0.17)
614.83: (0.70, -0.71, 0.03)
614.95: (0.59, -0.81, -0.02)
615.07: (0.45, -0.89, -0.02)
615.18: (0.26, -0.96, 0.05)
615.30: (0.14, -0.98, 0.14)
615.41: (0.04, -0.94, 0.35)
615.51: (0.03, -0.82, 0.58)
615.63: (0.13, -0.59, 0.80)
615.73: (0.22, -0.24, 0.94)
615.85: (0.08, -0.06, 1.00)
615.95: (-0.09, 0.09, 0.99)
616.06: (-0.17, 0.24, 0.96)
616.16: (-0.19, 0.42, 0.89)
616.28: (-0.15, 0.66, 0.73)
616.38: (-0.08, 0.83, 0.55)
616.50: (0.02, 0.95, 0.31)
616.61: (0.07, 1.00, 0.05)
616.71: (0.08, 0.97, -0.22)
616.81: (0.17, 0.83, -0.52)
616.93: (0.17, 0.83, -0.53)
617.05: (0.17, 0.83, -0.53)
617.15: (0.17, 0.83, -0.53)
617.26: (0.23, 0.80, -0.55)
617.38: (0.29, 0.74, -0.60)
617.50: (0.40, 0.68, -0.61)
617.60: (0.47, 0.46, -0.76)
617.71: (0.48, 0.35, -0.81)
617.81: (0.48, 0.29, -0.83)
617.93: (0.48, 0.25, -0.84)
618.03: (0.48, 0.24, -0.84)
618.03: (-0.81, -0.35, -0.47): 2
618.05: (0.48, 0.24, -0.84)
618.16: (0.48, 0.24, -0.84)
618.28: (0.51, 0.24, -0.83)
618.40: (0.57, 0.01, -0.82)
618.50: (0.58, -0.01, -0.82)
618.61: (0.58, -0.01, -0.82)
618.73: (0.58, -0.01, -0.82)
618.83: (0.57, -0.03, -0.82)
618.95: (0.62, -0.28, -0.73)
619.06: (0.62, -0.51, -0.59)
619.16: (0.67, -0.61, -0.43)
619.28: (0.62, -0.74, -0.24)
619.40: (0.45, -0.85, -0.27)
619.50: (0.15, -0.98, -0.15)
619.61: (-0.05, -1.00, -0.01)
619.73: (-0.09, -0.98, -0.19)
619.83: (-0.09, -0.98, -0.19)
619.95: (-0.09, -0.98, -0.19)
620.06: (-0.09, -0.98, -0.19)
620.18: (-0.09, -0.98, -0.19)
620.30: (-0.04, -0.99, -0.14)
620.41: (-0.06, -1.00, -0.02)
620.53: (-0.20, -0.94, 0.28)
620.63: (-0.36, -0.80, 0.48)
620.75: (-0.55, -0.44, 0.71)
620.86: (-0.58, -0.18, 0.80)
620.96: (-0.52, -0.06, 0.85)
621.06: (-0.54, 0.05, 0.84)
621.18: (-0.67, 0.29, 0.69)
621.30: (-0.77, 0.39, 0.51)
621.40: (-0.81, 0.43, 0.39)
621.51: (-0.83, 0.47, 0.30)
621.63: (-0.86, 0.51, 0.11)
621.75: (-0.84, 0.53, -0.10)
621.85: (-0.80, 0.52, -0.28)
621.96: (-0.75, 0.47, -0.46)
622.06: (-0.69, 0.39, -0.61)
622.16: (-0.62, 0.33, -0.72)
622.28: (-0.49, 0.21, -0.84)
622.40: (-0.43, 0.11, -0.89)
622.51: (-0.56, -0.09, -0.82)
622.61: (-0.66, -0.17, -0.73)
622.73: (-0.73, -0.17, -0.67)
622.85: (-0.83, -0.24, -0.51)
622.95: (-0.84, -0.33, -0.42)
623.06: (-0.84, -0.33, -0.42)
623.13: (-0.84, -0.33, -0.42)
623.13: (-0.28, 0.95, 0.15): 0
623.18: (-0.84, -0.33, -0.42)
623.30: (-0.84, -0.33, -0.42)
623.40: (-0.85, -0.32, -0.43)
623.51: (-0.88, -0.20, -0.43)
623.61: (-0.87, 0.01, -0.50)
623.73: (-0.81, 0.34, -0.47)
623.83: (-0.80, 0.49, -0.34)
623.93: (-0.87, 0.41, -0.26)
624.03: (-0.87, 0.41, -0.26)
624.15: (-0.77, 0.49, -0.40)
624.26: (-0.75, 0.50, -0.43)
624.38: (-0.64, 0.69, -0.33)
624.48: (-0.53, 0.80, -0.28)
624.60: (-0.42, 0.88, -0.22)
624.71: (-0.31, 0.95, -0.02)
624.83: (-0.25, 0.96, 0.10)
624.93: (-0.25, 0.96, 0.11)
625.05: (-0.28, 0.95, 0.17)
625.11: (-0.29, 0.94, 0.19)
625.11: (0.82, 0.41, 0.40): 1
625.16: (-0.29, 0.94, 0.19)
625.26: (-0.29, 0.94, 0.19)
625.38: (-0.29, 0.93, 0.21)
625.50: (-0.31, 0.92, 0.24)
625.61: (-0.41, 0.85, 0.33)
625.73: (-0.57, 0.70, 0.43)
625.85: (-0.75, 0.45, 0.49)
625.95: (-0.82, 0.23, 0.52)
626.06: (-0.83, 0.11, 0.55)
626.18: (-0.82, -0.05, 0.57)
626.30: (-0.75, -0.44, 0.49)
626.41: (-0.73, -0.61, 0.31)
626.51: (-0.70, -0.70, 0.10)
626.63: (-0.58, -0.82, 0.01)
626.75: (-0.33, -0.94, -0.09)
626.85: (-0.08, -0.98, -0.19)
626.96: (0.18, -0.94, -0.28)
627.06: (0.21, -0.93, -0.30)
627.18: (0.24, -0.92, -0.31)
627.30: (0.55, -0.82, -0.14)
627.41: (0.77, -0.64, -0.03)
627.51: (0.93, -0.36, -0.07)
627.63: (0.96, -0.28, -0.08)
627.75: (0.94, -0.32, -0.12)
627.86: (0.94, -0.32, -0.12)
627.96: (0.94, -0.32, -0.12)
628.06: (0.94, -0.32, -0.12)
628.18: (0.94, -0.34, -0.08)
628.30: (0.97, -0.23, -0.01)
628.40: (0.98, 0.02, 0.21)
628.51: (0.90, 0.22, 0.37)
628.63: (0.84, 0.38, 0.38)
628.75: (0.83, 0.41, 0.39)
628.85: (0.82, 0.41, 0.39)
628.85: (1.00, 0.06, -0.03): 1
628.86: (0.82, 0.41, 0.39)
628.98: (0.82, 0.41, 0.39)
629.10: (0.83, 0.40, 0.39)
629.21: (0.96, -0.01, 0.29)
629.33: (0.99, -0.07, 0.15)
629.43: (1.00, 0.00, 0.09)
629.55: (1.00, 0.08, 0.00)
629.65: (1.00, 0.10, -0.02)
629.68: (1.00, 0.10, -0.02)
629.68: (-0.97, -0.18, -0.13): 1
629.75: (1.00, 0.10, -0.02)
629.86: (1.00, 0.07, 0.05)
629.98: (0.98, -0.13, 0.14)
630.08: (0.95, -0.27, 0.16)
630.20: (0.89, -0.39, 0.23)
630.31: (0.78, -0.54, 0.31)
630.41: (0.63, -0.69, 0.36)
630.53: (0.50, -0.79, 0.35)
630.63: (0.30, -0.90, 0.31)
630.75: (0.14, -0.96, 0.26)
630.86: (-0.09, -0.94, 0.33)
630.98: (-0.17, -0.83, 0.53)
631.10: (-0.16, -0.81, 0.57)
631.21: (-0.16, -0.81, 0.57)
631.31: (-0.16, -0.81, 0.57)
631.43: (-0.37, -0.76, 0.53)
631.53: (-0.65, -0.66, 0.37)
631.64: (-0.84, -0.53, 0.07)
631.76: (-0.88, -0.48, -0.06)
631.86: (-0.94, -0.33, -0.10)
631.98: (-0.98, -0.18, -0.06)
632.08: (-0.99, -0.16, -0.05)
632.19: (-0.99, -0.16, -0.05)
632.29: (-0.99, -0.16, -0.05)
632.41: (-0.99, -0.16, -0.05)
632.53: (-0.99, -0.16, -0.05)
632.64: (-0.99, -0.16, -0.05)
632.74: (-0.99, -0.16, -0.05)
632.86: (-0.99, -0.16, -0.05)
632.93: (-0.99, -0.16, -0.05)
632.93: (-0.17, -0.98, 0.07): 1
632.98: (-0.99, -0.16, -0.05)
633.09: (-0.99, -0.16, -0.05)
633.21: (-0.99, -0.16, -0.05)
633.33: (-0.99, -0.16, -0.05)
633.43: (-0.99, -0.16, -0.05)
633.54: (-0.97, -0.21, -0.09)
633.64: (-0.90, -0.33, -0.28)
633.76: (-0.77, -0.31, -0.55)
633.88: (-0.58, -0.21, -0.79)
633.99: (-0.45, -0.17, -0.87)
634.11: (-0.43, -0.20, -0.88)
634.21: (-0.43, -0.20, -0.88)
634.33: (-0.42, -0.11, -0.90)
634.44: (-0.26, 0.18, -0.95)
634.54: (0.04, 0.43, -0.90)
634.66: (0.42, 0.65, -0.63)
634.78: (0.68, 0.69, -0.25)
634.89: (0.80, 0.60, -0.02)
635.01: (0.83, 0.56, -0.09)
635.11: (0.75, 0.61, -0.25)
635.23: (0.75, 0.61, -0.25)
635.34: (0.74, 0.62, -0.26)
635.46: (0.77, 0.62, -0.14)
635.56: (0.83, 0.56, 0.00)
635.66: (0.91, 0.38, 0.16)
635.78: (0.98, 0.03, 0.21)
635.89: (0.93, -0.28, 0.22)
636.01: (0.79, -0.55, 0.25)
636.13: (0.77, -0.58, 0.28)
636.24: (0.58, -0.66, 0.47)
636.34: (0.32, -0.61, 0.72)
636.46: (0.02, -0.49, 0.87)
636.56: (0.23, -0.40, 0.88)
636.68: (0.23, -0.40, 0.88)
636.79: (0.23, -0.40, 0.88)
636.91: (0.25, -0.41, 0.88)
637.01: (0.23, -0.38, 0.90)
637.13: (0.14, -0.35, 0.93)
637.23: (-0.18, -0.17, 0.97)
637.34: (-0.54, 0.12, 0.84)
637.46: (-0.72, 0.31, 0.62)
637.58: (-0.82, 0.49, 0.29)
637.69: (-0.86, 0.51, 0.01)
637.79: (-0.90, 0.40, -0.19)
637.91: (-0.89, 0.30, -0.34)
638.01: (-0.89, 0.26, -0.37)
638.13: (-0.86, 0.23, -0.46)
638.23: (-0.84, 0.33, -0.42)
638.34: (-0.84, 0.33, -0.42)
638.46: (-0.84, 0.33, -0.42)
638.58: (-0.84, 0.35, -0.41)
638.69: (-0.81, 0.37, -0.46)
638.81: (-0.81, 0.38, -0.46)
638.91: (-0.77, 0.34, -0.54)
639.01: (-0.58, 0.18, -0.79)
639.13: (-0.35, 0.01, -0.94)
639.24: (0.17, -0.06, -0.98)
639.36: (0.35, -0.01, -0.94)
639.48: (0.44, 0.03, -0.90)
639.58: (0.58, 0.11, -0.81)
639.69: (0.75, 0.24, -0.62)
639.81: (0.76, 0.38, -0.54)
639.93: (0.74, 0.43, -0.52)
640.04: (0.59, 0.54, -0.60)
640.14: (0.40, 0.66, -0.64)
640.26: (0.33, 0.80, -0.49)
640.38: (0.43, 0.84, -0.33)
640.49: (0.25, 0.93, -0.25)
640.61: (-0.03, 1.00, -0.09)
640.73: (-0.35, 0.92, 0.19)
640.83: (-0.57, 0.78, 0.26)
640.94: (-0.82, 0.53, 0.24)
641.06: (-0.90, 0.40, 0.19)
641.16: (-0.97, 0.24, 0.10)
641.28: (-0.98, -0.16, -0.13)
641.39: (-0.91, -0.35, -0.23)
641.49: (-0.83, -0.45, -0.32)
641.59: (-0.60, -0.62, -0.51)
641.71: (-0.26, -0.69, -0.67)
641.81: (-0.03, -0.70, -0.71)
641.91: (0.21, -0.71, -0.67)
642.03: (0.40, -0.67, -0.63)
642.13: (0.60, -0.58, -0.55)
642.24: (0.81, -0.41, -0.42)
642.34: (0.88, -0.28, -0.37)
642.46: (0.95, -0.12, -0.27)
642.58: (0.96, 0.26, -0.05)
642.68: (0.84, 0.54, 0.02)
642.79: (0.84, 0.54, 0.02)
642.91: (0.84, 0.54, 0.02)
643.03: (0.84, 0.54, 0.02)
643.14: (0.84, 0.54, 0.02)
643.24: (0.84, 0.54, 0.02)
643.36: (0.84, 0.53, 0.07)
643.48: (0.75, 0.57, 0.34)
643.59: (0.49, 0.51, 0.71)
643.71: (0.21, 0.47, 0.86)
643.83: (0.01, 0.41, 0.91)
643.94: (-0.21, 0.31, 0.93)
644.06: (-0.61, 0.14, 0.78)
644.16: (-0.81, 0.07, 0.58)
644.28: (-0.93, 0.07, 0.36)
644.39: (-0.99, 0.08, 0.12)
644.51: (-0.99, 0.08, -0.11)
644.63: (-0.93, 0.07, -0.37)
644.73: (-0.79, 0.12, -0.60)
644.83: (-0.58, 0.19, -0.79)
644.94: (-0.34, 0.19, -0.92)
645.06: (0.00, 0.14, -0.99)
645.18: (0.30, 0.14, -0.94)
645.29: (0.32, 0.29, -0.90)
645.41: (0.32, 0.29, -0.90)
645.53: (0.32, 0.29, -0.90)
645.63: (0.32, 0.29, -0.90)
645.74: (0.32, 0.29, -0.90)
645.86: (0.31, 0.29, -0.91)
645.98: (0.48, 0.42, -0.77)
646.09: (0.55, 0.75, -0.36)
646.21: (0.56, 0.82, 0.13)
646.33: (0.54, 0.83, 0.15)
646.43: (0.60, 0.74, 0.30)
646.54: (0.76, 0.33, 0.56)
646.66: (0.75, -0.38, 0.55)
646.76: (0.71, -0.49, 0.51)
646.88: (0.57, -0.74, 0.35)
646.99: (0.39, -0.92, 0.01)
647.11: (0.08, -0.97, -0.23)
647.21: (-0.03, -0.99, -0.15)
647.33: (-0.03, -1.00, 0.09)
647.43: (-0.03, -0.99, 0.10)
647.54: (-0.05, -0.99, 0.09)
647.66: (-0.20, -0.98, 0.06)
647.69: (-0.20, -0.98, 0.06)
647.69: (-0.93, 0.34, -0.10): 2
647.77: (-0.20, -0.98, 0.06)
647.89: (-0.18, -0.98, 0.05)
648.01: (-0.08, -1.00, 0.01)
648.11: (-0.02, -1.00, 0.01)
648.22: (0.18, -0.98, 0.05)
648.34: (0.32, -0.94, 0.09)
648.46: (0.32, -0.94, 0.09)
648.56: (0.32, -0.94, 0.09)
648.67: (0.32, -0.94, 0.09)
648.77: (0.30, -0.95, 0.06)
648.89: (0.27, -0.95, -0.14)
649.01: (0.36, -0.79, -0.50)
649.11: (0.42, -0.48, -0.77)
649.22: (0.35, -0.22, -0.91)
649.34: (0.25, -0.08, -0.96)
649.46: (0.10, 0.11, -0.99)
649.57: (-0.18, 0.42, -0.89)
649.69: (-0.36, 0.63, -0.69)
649.81: (-0.49, 0.71, -0.50)
649.92: (-0.67, 0.67, -0.30)
650.04: (-0.81, 0.55, -0.18)
650.16: (-0.91, 0.37, -0.16)
650.27: (-0.93, 0.33, -0.15)
650.37: (-0.93, 0.33, -0.15)
650.39: (-0.93, 0.33, -0.15)
650.39: (0.24, -0.64, -0.73): 2
650.47: (-0.93, 0.33, -0.15)
650.59: (-0.94, 0.30, -0.14)
650.71: (-0.99, 0.14, -0.06)
650.82: (-1.00, 0.00, 0.05)
650.94: (-1.00, -0.01, 0.05)
651.06: (-1.00, -0.01, 0.05)
651.16: (-0.97, -0.18, 0.17)
651.27: (-0.92, -0.28, 0.26)
651.39: (-0.92, -0.28, 0.26)
651.51: (-0.72, -0.52, 0.45)
651.62: (-0.31, -0.81, 0.50)
651.74: (-0.05, -0.92, 0.39)
651.86: (0.19, -0.96, 0.22)
651.96: (0.28, -0.96, 0.09)
652.07: (0.31, -0.94, -0.11)
652.17: (0.31, -0.89, -0.32)
652.29: (0.26, -0.82, -0.50)
652.39: (0.24, -0.73, -0.64)
652.51: (0.27, -0.67, -0.69)
652.62: (0.30, -0.64, -0.71)
652.69: (0.30, -0.64, -0.71)
652.69: (-0.14, -0.39, -0.91): 2
652.74: (0.30, -0.64, -0.71)
652.86: (0.30, -0.64, -0.71)
652.96: (0.30, -0.64, -0.71)
653.07: (0.09, -0.68, -0.73)
653.19: (-0.01, -0.60, -0.80)
653.31: (0.00, -0.52, -0.85)
653.42: (-0.01, -0.43, -0.90)
653.54: (-0.04, -0.40, -0.91)
653.59: (-0.05, -0.40, -0.91)
653.59: (-0.99, -0.06, 0.11): 1
653.64: (-0.05, -0.40, -0.92)
653.76: (-0.05, -0.40, -0.92)
653.87: (-0.09, -0.45, -0.89)
653.99: (-0.21, -0.50, -0.84)
654.11: (-0.33, -0.56, -0.76)
654.21: (-0.50, -0.67, -0.55)
654.31: (-0.59, -0.71, -0.38)
654.42: (-0.64, -0.74, -0.22)
654.54: (-0.66, -0.74, -0.14)
654.66: (-0.66, -0.74, -0.14)
654.76: (-0.66, -0.74, -0.14)
654.86: (-0.70, -0.71, -0.12)
654.97: (-0.82, -0.57, -0.08)
655.09: (-0.94, -0.33, 0.05)
655.21: (-0.96, -0.25, 0.10)
655.31: (-0.97, -0.22, 0.12)
655.42: (-0.97, -0.18, 0.14)
655.54: (-0.98, -0.13, 0.14)
655.66: (-0.99, -0.08, 0.11)
655.67: (-0.99, -0.08, 0.11)
655.67: (0.62, -0.50, 0.61): 0
655.77: (-0.99, -0.08, 0.11)
655.89: (-0.99, -0.08, 0.11)
656.01: (-0.98, -0.14, 0.13)
656.12: (-0.97, -0.17, 0.19)
656.24: (-0.95, -0.17, 0.26)
656.36: (-0.95, -0.15, 0.26)
656.47: (-0.93, -0.13, 0.35)
656.59: (-0.88, -0.13, 0.46)
656.69: (-0.81, -0.03, 0.58)
656.79: (-0.71, 0.16, 0.69)
656.89: (-0.58, 0.39, 0.72)
657.01: (-0.34, 0.59, 0.74)
657.12: (-0.17, 0.67, 0.72)
657.24: (-0.09, 0.80, 0.59)
657.34: (-0.23, 0.82, 0.53)
657.46: (-0.23, 0.82, 0.53)
657.57: (-0.23, 0.82, 0.53)
657.67: (-0.23, 0.82, 0.53)
657.79: (-0.23, 0.80, 0.56)
657.89: (-0.13, 0.82, 0.56)
658.01: (0.11, 0.91, 0.41)
658.12: (0.44, 0.89, 0.14)
658.24: (0.58, 0.82, -0.02)
658.36: (0.63, 0.77, -0.13)
658.46: (0.65, 0.69, -0.32)
658.57: (0.55, 0.72, -0.43)
658.67: (0.55, 0.72, -0.43)
658.79: (0.55, 0.72, -0.43)
658.89: (0.55, 0.72, -0.43)
658.99: (0.55, 0.72, -0.43)
659.11: (0.56, 0.71, -0.43)
659.21: (0.55, 0.58, -0.59)
659.32: (0.42, 0.47, -0.78)
659.42: (0.32, 0.33, -0.89)
659.54: (0.26, 0.15, -0.95)
659.66: (0.18, -0.08, -0.98)
659.76: (0.09, -0.24, -0.97)
659.87: (0.01, -0.43, -0.90)
659.99: (-0.03, -0.66, -0.75)
660.11: (0.03, -0.81, -0.58)
660.22: (0.22, -0.89, -0.41)
660.34: (0.33, -0.85, -0.42)
660.44: (0.32, -0.85, -0.42)
660.56: (0.32, -0.85, -0.42)
660.67: (0.32, -0.85, -0.42)
660.77: (0.34, -0.83, -0.44)
660.89: (0.41, -0.86, -0.31)
660.99: (0.47, -0.88, -0.09)
661.11: (0.63, -0.71, 0.32)
661.22: (0.55, -0.39, 0.74)
661.34: (0.55, -0.38, 0.75)
661.44: (0.56, -0.42, 0.72)
661.56: (0.57, -0.44, 0.69)
661.67: (0.60, -0.48, 0.64)
661.72: (0.60, -0.48, 0.64)
661.72: (0.59, -0.58, -0.56): 2
661.77: (0.60, -0.48, 0.64)
661.89: (0.60, -0.48, 0.64)
661.99: (0.61, -0.48, 0.63)
662.11: (0.62, -0.42, 0.66)
662.22: (0.62, -0.39, 0.68)
662.34: (0.62, -0.39, 0.68)
662.46: (0.61, -0.39, 0.69)
662.57: (0.50, -0.08, 0.86)
662.69: (0.30, 0.33, 0.89)
662.79: (0.20, 0.41, 0.89)
662.91: (0.18, 0.36, 0.91)
663.01: (0.18, 0.36, 0.91)
663.12: (0.18, 0.36, 0.91)
663.24: (0.21, 0.37, 0.91)
663.36: (0.19, 0.47, 0.86)
663.46: (0.02, 0.70, 0.72)
663.57: (-0.23, 0.87, 0.44)
663.69: (-0.31, 0.91, 0.28)
663.81: (-0.42, 0.90, 0.14)
663.92: (-0.58, 0.81, 0.01)
664.04: (-0.78, 0.58, -0.22)
664.16: (-0.85, 0.44, -0.30)
664.27: (-0.92, 0.39, -0.10)
664.39: (-0.86, 0.51, 0.10)
664.50: (-0.85, 0.52, 0.10)
664.61: (-0.84, 0.54, 0.04)
664.72: (-0.88, 0.47, -0.09)
664.84: (-0.89, 0.18, -0.43)
664.95: (-0.66, -0.07, -0.74)
665.05: (-0.52, -0.06, -0.85)
665.17: (-0.41, -0.02, -0.91)
665.29: (-0.31, -0.04, -0.95)
665.40: (-0.27, -0.18, -0.95)
665.50: (-0.31, -0.50, -0.81)
665.61: (-0.33, -0.56, -0.76)
665.72: (-0.33, -0.56, -0.76)
665.84: (-0.33, -0.56, -0.76)
665.95: (-0.33, -0.56, -0.76)
666.05: (-0.33, -0.56, -0.76)
666.17: (-0.33, -0.56, -0.76)
666.29: (-0.30, -0.57, -0.77)
666.40: (-0.25, -0.65, -0.72)
666.50: (-0.12, -0.86, -0.50)
666.62: (-0.04, -0.99, -0.15)
666.74: (-0.14, -0.98, 0.12)
666.84: (-0.36, -0.91, 0.20)
666.95: (-0.52, -0.75, 0.41)
667.07: (-0.44, -0.60, 0.67)
667.19: (-0.24, -0.46, 0.86)
667.29: (-0.02, -0.24, 0.97)
667.40: (0.19, 0.02, 0.98)
667.52: (0.35, 0.21, 0.91)
667.64: (0.43, 0.15, 0.89)
667.75: (0.40, -0.04, 0.92)
667.85: (0.40, -0.04, 0.92)
667.95: (0.40, -0.04, 0.92)
668.07: (0.40, -0.04, 0.92)
668.19: (0.40, -0.04, 0.92)
668.30: (0.40, -0.04, 0.92)
668.42: (0.40, -0.04, 0.92)
668.52: (0.42, -0.07, 0.91)
668.64: (0.67, 0.07, 0.74)
668.75: (0.76, 0.61, 0.23)
668.87: (0.38, 0.90, -0.22)
668.97: (0.11, 0.89, -0.44)
669.09: (0.03, 0.85, -0.53)
669.19: (-0.09, 0.76, -0.65)
669.30: (-0.33, 0.60, -0.73)
669.42: (-0.48, 0.36, -0.80)
669.54: (-0.38, 0.14, -0.91)
669.65: (-0.27, -0.08, -0.96)
669.77: (-0.12, -0.30, -0.95)
669.87: (0.20, -0.49, -0.85)
669.97: (0.54, -0.51, -0.67)
670.07: (0.71, -0.46, -0.53)
670.19: (0.73, -0.46, -0.51)
670.30: (0.63, -0.57, -0.52)
670.42: (0.60, -0.60, -0.53)
670.52: (0.60, -0.61, -0.53)
670.54: (0.60, -0.61, -0.53)
670.54: (0.98, 0.08, 0.19): 1
670.62: (0.60, -0.61, -0.53)
670.74: (0.60, -0.61, -0.53)
670.84: (0.60, -0.61, -0.53)
670.95: (0.63, -0.59, -0.50)
671.07: (0.76, -0.56, -0.34)
671.19: (0.91, -0.38, -0.18)
671.29: (0.98, -0.03, -0.18)
671.40: (0.84, 0.46, -0.29)
671.52: (0.70, 0.69, -0.18)
671.64: (0.84, 0.54, 0.00)
671.74: (0.93, 0.36, 0.05)
671.85: (0.95, 0.32, 0.03)
671.97: (0.98, 0.15, 0.14)
672.07: (0.97, -0.01, 0.24)
672.19: (0.97, -0.03, 0.26)
672.19: (0.77, -0.42, -0.49): 0
672.19: (0.97, -0.03, 0.26)
672.30: (0.97, -0.03, 0.26)
672.42: (0.97, -0.01, 0.25)
672.54: (0.97, 0.08, 0.23)
672.65: (0.89, 0.40, 0.23)
672.77: (0.73, 0.68, 0.09)
672.87: (0.61, 0.78, 0.10)
672.99: (0.48, 0.87, 0.06)
673.09: (0.09, 0.99, -0.07)
673.20: (-0.27, 0.90, -0.34)
673.32: (-0.42, 0.76, -0.50)
673.44: (-0.54, 0.54, -0.65)
673.54: (-0.62, 0.28, -0.73)
673.64: (-0.66, -0.15, -0.74)
673.75: (-0.50, -0.63, -0.60)
673.87: (-0.31, -0.81, -0.49)
673.97: (-0.18, -0.86, -0.48)
674.09: (0.00, -0.88, -0.47)
674.20: (0.25, -0.87, -0.42)
674.32: (0.49, -0.79, -0.36)
674.44: (0.66, -0.69, -0.29)
674.55: (0.72, -0.64, -0.27)
674.67: (0.72, -0.62, -0.30)
674.79: (0.74, -0.52, -0.43)
674.90: (0.75, -0.45, -0.48)
674.97: (0.76, -0.44, -0.48)
674.97: (0.14, -0.76, 0.64): 1
675.00: (0.76, -0.44, -0.48)
675.12: (0.76, -0.44, -0.48)
675.22: (0.76, -0.43, -0.49)
675.34: (0.72, -0.40, -0.57)
675.45: (0.66, -0.34, -0.67)
675.57: (0.47, -0.38, -0.80)
675.69: (0.15, -0.52, -0.84)
675.79: (-0.07, -0.48, -0.87)
675.90: (-0.40, -0.41, -0.82)
676.02: (-0.68, -0.36, -0.63)
676.12: (-0.92, -0.23, -0.33)
676.24: (-1.00, -0.03, -0.09)
676.35: (-1.00, 0.07, -0.01)
676.47: (-0.94, 0.33, 0.12)
676.59: (-0.68, 0.67, 0.29)
676.70: (-0.36, 0.86, 0.36)
676.82: (-0.17, 0.92, 0.34)
676.92: (0.09, 0.97, 0.20)
677.02: (0.36, 0.93, 0.03)
677.12: (0.47, 0.86, -0.18)
677.24: (0.55, 0.77, -0.33)
677.35: (0.64, 0.54, -0.55)
677.47: (0.66, 0.21, -0.72)
677.59: (0.57, -0.17, -0.80)
677.70: (0.47, -0.40, -0.79)
677.80: (0.37, -0.55, -0.75)
677.92: (0.20, -0.75, -0.63)
678.02: (0.07, -0.87, -0.49)
678.14: (-0.19, -0.94, -0.27)
678.25: (-0.44, -0.90, -0.07)
678.37: (-0.61, -0.79, 0.06)
678.47: (-0.68, -0.72, 0.13)
678.59: (-0.62, -0.72, 0.31)
678.70: (-0.52, -0.75, 0.40)
678.80: (-0.40, -0.82, 0.41)
678.92: (-0.27, -0.86, 0.44)
679.04: (-0.18, -0.85, 0.49)
679.14: (-0.18, -0.85, 0.49)
679.25: (-0.18, -0.85, 0.49)
679.37: (-0.18, -0.85, 0.49)
679.49: (-0.06, -0.85, 0.53)
679.59: (0.04, -0.83, 0.55)
679.70: (0.19, -0.75, 0.64)
679.82: (0.20, -0.74, 0.64)
679.84: (0.20, -0.74, 0.64)
679.84: (-0.91, 0.41, 0.01): 0
679.92: (0.20, -0.74, 0.64)
680.04: (0.20, -0.74, 0.64)
680.15: (0.26, -0.70, 0.67)
680.25: (0.49, -0.60, 0.63)
680.35: (0.77, -0.51, 0.39)
680.47: (0.94, -0.30, 0.15)
680.59: (1.00, -0.03, -0.08)
680.69: (0.95, 0.15, -0.26)
680.80: (0.80, 0.52, -0.30)
680.90: (0.64, 0.76, -0.14)
681.02: (0.56, 0.83, 0.01)
681.12: (0.55, 0.83, 0.01)
681.22: (0.54, 0.84, -0.07)
681.34: (0.51, 0.84, -0.20)
681.45: (0.54, 0.83, -0.12)
681.57: (0.74, 0.46, -0.49)
681.68: (0.65, 0.19, -0.74)
681.78: (0.47, 0.03, -0.88)
681.90: (0.24, -0.13, -0.96)
682.00: (0.06, -0.31, -0.95)
682.12: (-0.15, -0.61, -0.78)
682.23: (-0.20, -0.81, -0.55)
682.35: (-0.19, -0.93, -0.32)
682.47: (-0.15, -0.99, -0.07)
682.57: (-0.13, -0.95, 0.27)
682.68: (-0.09, -0.74, 0.66)
682.80: (0.00, -0.49, 0.87)
682.92: (0.11, -0.35, 0.93)
683.03: (0.23, -0.19, 0.96)
683.13: (0.35, -0.02, 0.94)
683.25: (0.53, 0.23, 0.82)
683.37: (0.64, 0.42, 0.64)
683.48: (0.71, 0.46, 0.53)
683.60: (0.80, 0.47, 0.36)
683.70: (0.85, 0.47, 0.24)
683.82: (0.86, 0.51, 0.02)
683.93: (0.76, 0.60, -0.24)
684.03: (0.66, 0.64, -0.40)
684.13: (0.59, 0.62, -0.53)
684.25: (0.51, 0.56, -0.65)
684.37: (0.39, 0.50, -0.77)
684.48: (0.25, 0.41, -0.88)
684.60: (0.15, 0.36, -0.92)
684.72: (0.03, 0.30, -0.95)
684.83: (-0.17, 0.22, -0.96)
684.93: (-0.36, 0.14, -0.92)
685.05: (-0.53, 0.06, -0.85)
685.17: (-0.62, 0.01, -0.79)
685.27: (-0.68, -0.04, -0.74)
685.38: (-0.76, -0.17, -0.62)
685.48: (-0.83, -0.26, -0.49)
685.60: (-0.88, -0.31, -0.37)
685.72: (-0.90, -0.35, -0.26)
685.83: (-0.91, -0.40, -0.10)
685.93: (-0.91, -0.41, 0.06)
686.05: (-0.89, -0.39, 0.24)
686.17: (-0.82, -0.36, 0.44)
686.28: (-0.76, -0.30, 0.57)
686.40: (-0.77, -0.19, 0.61)
686.52: (-0.76, -0.06, 0.65)
686.63: (-0.73, 0.12, 0.67)
686.75: (-0.73, 0.30, 0.61)
686.87: (-0.70, 0.48, 0.53)
686.97: (-0.64, 0.61, 0.47)
687.08: (-0.73, 0.56, 0.39)
687.20: (-0.84, 0.47, 0.27)
687.30: (-0.86, 0.47, 0.20)
687.42: (-0.88, 0.47, 0.01)
687.52: (-0.89, 0.46, -0.04)
687.57: (-0.89, 0.46, -0.04)
687.57: (-0.98, 0.06, 0.16): 2
687.63: (-0.89, 0.46, -0.04)
687.73: (-0.88, 0.47, -0.04)
687.85: (-0.89, 0.46, -0.02)
687.95: (-0.94, 0.34, -0.01)
688.07: (-0.98, 0.21, 0.05)
688.18: (-0.98, 0.19, 0.10)
688.28: (-0.97, 0.14, 0.18)
688.40: (-0.98, 0.07, 0.21)
688.42: (-0.98, 0.07, 0.21)
688.42: (0.85, -0.49, -0.21): 1
688.52: (-0.98, 0.05, 0.20)
688.63: (-0.98, 0.04, 0.17)
688.75: (-1.00, -0.02, 0.08)
688.87: (-0.99, -0.09, -0.07)
688.97: (-0.97, -0.15, -0.21)
689.08: (-0.92, -0.20, -0.34)
689.20: (-0.85, -0.27, -0.46)
689.32: (-0.72, -0.33, -0.61)
689.43: (-0.48, -0.40, -0.78)
689.55: (-0.20, -0.46, -0.86)
689.65: (0.06, -0.47, -0.88)
689.77: (0.27, -0.48, -0.84)
689.88: (0.50, -0.49, -0.72)
690.00: (0.79, -0.43, -0.44)
690.12: (0.94, -0.33, -0.13)
690.23: (0.93, -0.35, -0.10)
690.35: (0.87, -0.46, -0.18)
690.47: (0.85, -0.49, -0.20)
690.57: (0.84, -0.50, -0.21)
690.57: (0.80, -0.54, 0.26): 1
690.57: (0.84, -0.50, -0.21)
690.68: (0.84, -0.50, -0.21)
690.80: (0.86, -0.48, -0.19)
690.90: (0.91, -0.41, 0.09)
691.02: (0.85, -0.41, 0.34)
691.13: (0.79, -0.53, 0.31)
691.25: (0.79, -0.55, 0.27)
691.30: (0.79, -0.55, 0.27)
691.30: (0.96, 0.05, 0.27): 0
691.37: (0.79, -0.55, 0.27)
691.48: (0.80, -0.54, 0.26)
691.58: (0.82, -0.51, 0.27)
691.70: (0.91, -0.18, 0.37)
691.82: (0.92, -0.15, 0.35)
691.93: (0.94, -0.14, 0.32)
692.03: (0.97, -0.08, 0.25)
692.15: (0.97, -0.01, 0.23)
692.17: (0.97, -0.01, 0.23)
692.17: (-0.12, 0.16, 0.98): 0
692.27: (0.97, -0.02, 0.23)
692.38: (0.97, -0.01, 0.24)
692.50: (0.93, 0.04, 0.36)
692.62: (0.86, 0.17, 0.48)
692.73: (0.73, 0.30, 0.61)
692.83: (0.67, 0.35, 0.65)
692.95: (0.54, 0.43, 0.73)
693.05: (0.34, 0.46, 0.82)
693.15: (0.24, 0.48, 0.85)
693.27: (0.08, 0.51, 0.86)
693.38: (-0.06, 0.54, 0.84)
693.50: (-0.14, 0.51, 0.85)
693.60: (-0.26, 0.35, 0.90)
693.72: (-0.27, 0.20, 0.94)
693.83: (-0.26, 0.15, 0.96)
693.92: (-0.24, 0.16, 0.96)
693.92: (-0.29, -0.73, -0.61): 1
693.95: (-0.24, 0.16, 0.96)
694.05: (-0.22, 0.17, 0.96)
694.17: (-0.22, 0.18, 0.96)
694.28: (-0.25, 0.24, 0.94)
694.38: (-0.35, 0.34, 0.87)
694.50: (-0.66, 0.45, 0.60)
694.62: (-0.79, 0.46, 0.40)
694.72: (-0.80, 0.48, 0.36)
694.83: (-0.74, 0.60, 0.30)
694.95: (-0.52, 0.83, 0.21)
695.07: (-0.24, 0.95, 0.18)
695.18: (-0.01, 0.97, 0.26)
695.28: (0.27, 0.87, 0.41)
695.40: (0.55, 0.57, 0.61)
695.52: (0.62, 0.30, 0.72)
695.63: (0.57, 0.10, 0.81)
695.75: (0.42, -0.21, 0.88)
695.87: (0.20, -0.51, 0.83)
695.98: (-0.13, -0.57, 0.81)
696.10: (-0.41, -0.54, 0.73)
696.20: (-0.60, -0.33, 0.73)
696.32: (-0.74, 0.00, 0.67)
696.43: (-0.77, 0.37, 0.51)
696.55: (-0.75, 0.64, 0.17)
696.65: (-0.66, 0.75, -0.07)
696.77: (-0.51, 0.85, -0.14)
696.87: (-0.34, 0.93, -0.13)
696.98: (0.00, 0.99, -0.11)
697.10: (0.51, 0.84, -0.19)
697.20: (0.76, 0.61, -0.21)
697.32: (0.94, 0.31, -0.17)
697.43: (0.99, 0.07, -0.12)
697.55: (0.98, -0.22, 0.05)
697.66: (0.89, -0.44, 0.13)
697.77: (0.83, -0.53, 0.16)
697.88: (0.82, -0.53, 0.22)
697.98: (0.82, -0.53, 0.22)
698.10: (0.82, -0.53, 0.22)
698.20: (0.82, -0.53, 0.22)
698.32: (0.82, -0.53, 0.23)
698.43: (0.79, -0.55, 0.27)
698.55: (0.71, -0.61, 0.35)
698.65: (0.52, -0.71, 0.48)
698.77: (0.19, -0.79, 0.58)
698.88: (-0.25, -0.77, 0.59)
699.00: (-0.57, -0.66, 0.48)
699.10: (-0.78, -0.54, 0.32)
699.21: (-0.92, -0.38, 0.06)
699.33: (-0.96, -0.27, -0.08)
699.45: (-0.98, -0.16, -0.13)
699.56: (-0.96, 0.08, -0.27)
699.66: (-0.87, 0.24, -0.42)
699.78: (-0.87, 0.24, -0.42)
699.90: (-0.87, 0.24, -0.42)
700.01: (-0.87, 0.24, -0.42)
700.13: (-0.83, 0.35, -0.43)
700.25: (-0.70, 0.58, -0.42)
700.36: (-0.29, 0.85, -0.45)
700.48: (-0.12, 0.96, -0.26)
700.60: (-0.04, 1.00, 0.00)
700.70: (0.08, 0.98, 0.17)
700.81: (0.29, 0.89, 0.35)
700.93: (0.58, 0.70, 0.41)
701.05: (0.61, 0.61, 0.50)
701.16: (0.53, 0.45, 0.72)
701.26: (0.39, 0.26, 0.88)
701.36: (0.28, 0.08, 0.96)
701.48: (0.30, -0.04, 0.95)
701.60: (0.58, -0.29, 0.76)
701.71: (0.67, -0.25, 0.70)
701.81: (0.67, -0.25, 0.70)
701.93: (0.67, -0.25, 0.70)
702.03: (0.67, -0.25, 0.70)
702.15: (0.67, -0.25, 0.70)
702.26: (0.58, -0.40, 0.70)
702.36: (0.42, -0.57, 0.71)
702.48: (0.18, -0.74, 0.65)
702.60: (0.11, -0.85, 0.51)
702.70: (0.13, -0.97, 0.21)
702.81: (0.35, -0.91, -0.23)
702.93: (0.50, -0.72, -0.49)
703.05: (0.59, -0.59, -0.55)
703.16: (0.71, -0.33, -0.63)
703.28: (0.79, 0.04, -0.61)
703.38: (0.79, 0.27, -0.54)
703.48: (0.77, 0.45, -0.45)
703.58: (0.72, 0.60, -0.35)
703.70: (0.63, 0.75, -0.20)
703.81: (0.52, 0.85, -0.05)
703.93: (0.32, 0.95, 0.04)
704.03: (0.09, 1.00, 0.03)
704.15: (-0.07, 0.98, -0.17)
704.25: (-0.07, 0.86, -0.51)
704.36: (-0.02, 0.62, -0.78)
704.46: (0.07, 0.34, -0.94)
704.58: (0.20, 0.05, -0.98)
704.70: (0.32, -0.19, -0.93)
704.81: (0.38, -0.45, -0.81)
704.91: (0.43, -0.66, -0.62)
705.01: (0.43, -0.84, -0.34)
705.13: (0.26, -0.95, -0.15)
705.25: (0.20, -0.95, -0.25)
705.36: (0.11, -0.84, -0.54)
705.48: (0.05, -0.76, -0.64)
705.60: (-0.01, -0.83, -0.56)
705.71: (0.05, -0.86, -0.51)
705.81: (0.11, -0.83, -0.54)
705.93: (0.11, -0.83, -0.54)
706.05: (0.11, -0.83, -0.54)
706.16: (-0.09, -0.84, -0.54)
706.26: (-0.24, -0.79, -0.56)
706.38: (-0.31, -0.76, -0.58)
706.48: (-0.31, -0.76, -0.58)
706.51: (-0.31, -0.76, -0.58)
706.51: (-0.52, -0.86, 0.06): 2
706.60: (-0.31, -0.76, -0.58)
706.71: (-0.31, -0.76, -0.58)
706.83: (-0.31, -0.76, -0.58)
706.95: (-0.40, -0.64, -0.66)
707.06: (-0.67, -0.32, -0.67)
707.16: (-0.77, -0.07, -0.63)
707.26: (-0.73, 0.20, -0.66)
707.38: (-0.66, 0.43, -0.62)
707.50: (-0.65, 0.58, -0.49)
707.61: (-0.67, 0.70, -0.24)
707.71: (-0.75, 0.67, -0.03)
707.83: (-0.82, 0.57, 0.09)
707.93: (-0.86, 0.48, 0.16)
708.05: (-0.88, 0.38, 0.29)
708.16: (-0.83, 0.29, 0.47)
708.28: (-0.71, 0.27, 0.65)
708.38: (-0.71, 0.14, 0.69)
708.50: (-0.72, -0.27, 0.64)
708.61: (-0.61, -0.69, 0.40)
708.71: (-0.46, -0.86, 0.22)
708.83: (-0.41, -0.90, 0.16)
708.93: (-0.42, -0.89, 0.16)
709.03: (-0.52, -0.84, 0.14)
709.15: (-0.56, -0.83, 0.05)
709.25: (-0.56, -0.83, 0.01)
709.30: (-0.56, -0.83, 0.01)
709.30: (0.68, -0.73, -0.01): 0
709.36: (-0.56, -0.83, 0.01)
709.48: (-0.56, -0.83, 0.01)
709.60: (-0.62, -0.78, -0.05)
709.71: (-0.68, -0.67, -0.29)
709.83: (-0.69, -0.53, -0.50)
709.95: (-0.72, -0.37, -0.58)
710.06: (-0.73, -0.26, -0.63)
710.16: (-0.66, -0.10, -0.74)
710.28: (-0.54, 0.06, -0.84)
710.38: (-0.45, 0.18, -0.88)
710.48: (-0.39, 0.28, -0.88)
710.60: (-0.23, 0.46, -0.86)
710.71: (-0.05, 0.62, -0.78)
710.83: (0.11, 0.73, -0.67)
710.93: (0.19, 0.79, -0.58)
711.05: (0.31, 0.83, -0.47)
711.16: (0.48, 0.83, -0.29)
711.26: (0.61, 0.78, -0.09)
711.38: (0.76, 0.65, 0.01)
711.50: (0.87, 0.49, 0.04)
711.61: (0.92, 0.39, 0.05)
711.71: (0.96, 0.29, 0.05)
711.83: (0.99, 0.15, 0.06)
711.95: (0.99, -0.13, 0.00)
712.06: (0.97, -0.23, 0.01)
712.18: (0.97, -0.26, 0.02)
712.28: (0.91, -0.41, 0.05)
712.40: (0.85, -0.53, 0.06)
712.50: (0.78, -0.62, 0.02)
712.61: (0.71, -0.70, 0.00)
712.71: (0.71, -0.70, -0.01)
712.76: (0.71, -0.70, -0.01)
712.76: (-0.82, -0.52, -0.24): 1
712.83: (0.71, -0.70, -0.01)
712.95: (0.71, -0.71, -0.01)
713.05: (0.71, -0.71, -0.01)
713.15: (0.69, -0.72, 0.07)
713.26: (0.56, -0.76, 0.33)
713.38: (0.40, -0.73, 0.56)
713.50: (0.19, -0.65, 0.73)
713.61: (0.01, -0.53, 0.85)
713.73: (-0.10, -0.37, 0.93)
713.85: (-0.26, -0.08, 0.96)
713.96: (-0.38, 0.20, 0.90)
714.08: (-0.44, 0.36, 0.82)
714.20: (-0.49, 0.51, 0.71)
714.31: (-0.52, 0.68, 0.52)
714.43: (-0.56, 0.79, 0.25)
714.53: (-0.61, 0.79, -0.01)
714.65: (-0.69, 0.70, -0.17)
714.76: (-0.80, 0.56, -0.23)
714.88: (-0.93, 0.30, -0.20)
714.98: (-0.98, 0.02, -0.19)
715.09: (-0.96, -0.23, -0.16)
715.20: (-0.91, -0.35, -0.22)
715.31: (-0.88, -0.40, -0.27)
715.43: (-0.86, -0.43, -0.27)
715.54: (-0.84, -0.48, -0.28)
715.59: (-0.83, -0.48, -0.28)
715.59: (-0.99, -0.11, -0.06): 2
715.65: (-0.83, -0.48, -0.28)
715.76: (-0.83, -0.48, -0.28)
715.88: (-0.83, -0.48, -0.28)
715.99: (-0.90, -0.38, -0.23)
716.09: (-0.96, -0.26, -0.13)
716.21: (-0.97, -0.23, -0.12)
716.33: (-0.97, -0.23, -0.12)
716.38: (-0.97, -0.22, -0.11)
716.38: (-0.12, 0.89, 0.44): 2
716.44: (-0.98, -0.20, -0.10)
716.56: (-0.98, -0.18, -0.09)
716.68: (-0.99, -0.15, -0.08)
716.79: (-1.00, -0.04, -0.02)
716.91: (-1.00, 0.04, 0.03)
717.03: (-0.99, 0.09, 0.06)
717.13: (-0.98, 0.16, 0.13)
717.23: (-0.93, 0.27, 0.25)
717.34: (-0.79, 0.47, 0.39)
717.46: (-0.64, 0.63, 0.45)
717.58: (-0.50, 0.73, 0.47)
717.69: (-0.36, 0.80, 0.47)
717.81: (-0.29, 0.85, 0.44)
717.91: (-0.26, 0.87, 0.43)
718.03: (-0.24, 0.87, 0.43)
718.04: (-0.23, 0.87, 0.43)
718.04: (0.00, -1.00, -0.09): 0
718.13: (-0.21, 0.88, 0.43)
718.24: (-0.20, 0.88, 0.43)
718.36: (-0.08, 0.92, 0.37)
718.46: (0.11, 0.95, 0.30)
718.58: (0.29, 0.91, 0.29)
718.69: (0.45, 0.83, 0.32)
718.81: (0.62, 0.73, 0.29)
718.91: (0.76, 0.61, 0.20)
719.03: (0.88, 0.47, 0.10)
719.14: (0.93, 0.36, 0.02)
719.26: (0.97, 0.23, -0.06)
719.38: (0.98, 0.08, -0.17)
719.48: (0.95, -0.04, -0.30)
719.59: (0.89, -0.14, -0.42)
719.71: (0.77, -0.21, -0.60)
719.83: (0.57, -0.32, -0.75)
719.93: (0.34, -0.37, -0.86)
720.04: (0.19, -0.42, -0.89)
720.16: (0.10, -0.46, -0.88)
720.26: (0.02, -0.52, -0.85)
720.38: (-0.07, -0.67, -0.74)
720.49: (-0.16, -0.80, -0.58)
720.59: (-0.18, -0.84, -0.52)
720.71: (-0.17, -0.92, -0.37)
720.81: (-0.08, -0.97, -0.22)
720.93: (0.00, -0.98, -0.19)
721.04: (0.01, -0.98, -0.17)
721.04: (0.31, -0.52, -0.80): 0
721.04: (0.01, -0.98, -0.17)
721.16: (0.01, -0.99, -0.17)
721.26: (0.05, -0.99, -0.09)
721.38: (0.10, -0.99, 0.05)
721.49: (0.14, -0.94, -0.30)
721.61: (0.13, -0.73, -0.67)
721.73: (0.20, -0.66, -0.72)
721.83: (0.27, -0.60, -0.75)
721.94: (0.30, -0.54, -0.78)
721.99: (0.29, -0.53, -0.80)
721.99: (0.74, -0.62, -0.25): 0
722.06: (0.28, -0.53, -0.80)
722.16: (0.28, -0.52, -0.80)
722.28: (0.31, -0.48, -0.82)
722.38: (0.44, -0.50, -0.74)
722.48: (0.56, -0.58, -0.59)
722.59: (0.61, -0.59, -0.53)
722.69: (0.64, -0.61, -0.47)
722.81: (0.68, -0.66, -0.32)
722.93: (0.69, -0.68, -0.22)
722.99: (0.69, -0.68, -0.22)
722.99: (-0.36, 0.85, 0.38): 2
723.03: (0.69, -0.69, -0.23)
723.13: (0.69, -0.69, -0.23)
723.23: (0.68, -0.67, -0.29)
723.34: (0.67, -0.63, -0.40)
723.46: (0.63, -0.58, -0.52)
723.58: (0.53, -0.48, -0.70)
723.68: (0.45, -0.37, -0.81)
723.79: (0.42, -0.29, -0.86)
723.91: (0.45, -0.21, -0.87)
724.01: (0.45, -0.19, -0.87)
724.13: (0.39, -0.36, -0.85)
724.24: (0.25, -0.66, -0.71)
724.36: (0.13, -0.78, -0.61)
724.48: (0.05, -0.86, -0.51)
724.59: (0.00, -0.96, -0.29)
724.69: (-0.01, -1.00, -0.03)
724.81: (0.01, -0.96, 0.28)
724.93: (0.03, -0.87, 0.50)
725.04: (0.02, -0.69, 0.72)
725.14: (-0.04, -0.55, 0.83)
725.26: (-0.14, -0.35, 0.93)
725.38: (-0.30, -0.12, 0.95)
725.49: (-0.42, 0.09, 0.90)
725.59: (-0.47, 0.23, 0.85)
725.71: (-0.51, 0.41, 0.76)
725.83: (-0.53, 0.53, 0.66)
725.93: (-0.50, 0.65, 0.57)
726.04: (-0.50, 0.72, 0.49)
726.16: (-0.49, 0.72, 0.48)
726.28: (-0.44, 0.79, 0.42)
726.39: (-0.40, 0.84, 0.38)
726.43: (-0.40, 0.84, 0.38)
726.43: (0.79, 0.11, -0.61): 1
726.49: (-0.40, 0.84, 0.38)
726.61: (-0.39, 0.82, 0.41)
726.71: (-0.37, 0.71, 0.60)
726.83: (-0.29, 0.59, 0.75)
726.94: (-0.24, 0.45, 0.86)
727.06: (-0.14, 0.25, 0.96)
727.16: (0.00, 0.20, 0.98)
727.28: (0.04, 0.18, 0.98)
727.39: (0.04, 0.18, 0.98)
727.51: (0.07, 0.01, 1.00)
727.63: (0.30, -0.37, 0.88)
727.74: (0.41, -0.57, 0.71)
727.86: (0.37, -0.74, 0.56)
727.98: (0.19, -0.92, 0.34)
728.09: (-0.06, -1.00, -0.01)
728.19: (-0.18, -0.96, -0.19)
728.31: (-0.28, -0.88, -0.39)
728.41: (-0.25, -0.78, -0.57)
728.53: (-0.13, -0.67, -0.73)
728.64: (0.02, -0.51, -0.86)
728.74: (0.18, -0.33, -0.93)
728.86: (0.38, -0.15, -0.91)
728.98: (0.54, 0.02, -0.84)
729.09: (0.63, 0.27, -0.73)
729.21: (0.67, 0.32, -0.67)
729.33: (0.71, 0.23, -0.66)
729.44: (0.77, 0.10, -0.63)
729.54: (0.77, 0.10, -0.63)
729.59: (0.77, 0.10, -0.63)
729.59: (-0.77, -0.57, 0.29): 2
729.66: (0.77, 0.10, -0.63)
729.76: (0.77, 0.10, -0.63)
729.88: (0.76, 0.12, -0.64)
729.99: (0.76, 0.13, -0.64)
730.11: (0.65, 0.26, -0.71)
730.23: (0.44, 0.38, -0.81)
730.33: (0.29, 0.40, -0.87)
730.43: (0.12, 0.39, -0.91)
730.54: (-0.20, 0.36, -0.91)
730.66: (-0.40, 0.32, -0.86)
730.78: (-0.44, 0.29, -0.85)
730.89: (-0.55, 0.25, -0.79)
731.01: (-0.81, 0.17, -0.57)
731.12: (-0.95, 0.07, -0.31)
731.23: (-0.98, -0.03, -0.21)
731.34: (-0.97, -0.23, -0.09)
731.46: (-0.93, -0.37, 0.09)
731.58: (-0.86, -0.46, 0.23)
731.69: (-0.82, -0.51, 0.27)
731.81: (-0.78, -0.56, 0.30)
731.87: (-0.76, -0.57, 0.31)
731.87: (-0.34, 0.91, 0.24): 1
731.91: (-0.76, -0.57, 0.31)
732.02: (-0.76, -0.57, 0.31)
732.14: (-0.76, -0.57, 0.31)
732.24: (-0.78, -0.60, 0.15)
732.36: (-0.75, -0.64, -0.14)
732.47: (-0.62, -0.69, -0.37)
732.59: (-0.55, -0.62, -0.56)
732.71: (-0.36, -0.47, -0.81)
732.82: (-0.11, -0.32, -0.94)
732.92: (0.11, -0.20, -0.97)
733.04: (0.25, -0.05, -0.97)
733.14: (0.44, 0.10, -0.89)
733.26: (0.60, 0.23, -0.77)
733.37: (0.70, 0.28, -0.65)
733.49: (0.88, 0.42, -0.21)
733.61: (0.89, 0.33, 0.32)
733.72: (0.80, 0.19, 0.57)
733.84: (0.69, 0.14, 0.71)
733.94: (0.53, 0.15, 0.83)
734.06: (0.27, 0.17, 0.95)
734.17: (0.10, 0.23, 0.97)
734.29: (0.07, 0.29, 0.95)
734.39: (0.07, 0.29, 0.95)
734.49: (0.07, 0.29, 0.95)
734.61: (0.07, 0.29, 0.95)
734.72: (0.05, 0.33, 0.94)
734.82: (-0.03, 0.45, 0.89)
734.94: (-0.15, 0.59, 0.80)
735.06: (-0.35, 0.74, 0.58)
735.17: (-0.52, 0.81, 0.26)
735.27: (-0.54, 0.82, 0.18)
735.39: (-0.48, 0.84, 0.25)
735.49: (-0.32, 0.89, 0.33)
735.61: (-0.26, 0.91, 0.33)
735.62: (-0.25, 0.91, 0.33)
735.62: (-1.00, 0.01, 0.02): 1
735.72: (-0.24, 0.91, 0.33)
735.84: (-0.24, 0.91, 0.33)
735.96: (-0.22, 0.93, 0.31)
736.06: (-0.25, 0.94, 0.23)
736.17: (-0.35, 0.93, 0.10)
736.29: (-0.26, 0.96, -0.05)
736.39: (0.11, 0.96, -0.27)
736.51: (0.46, 0.73, -0.50)
736.62: (0.83, 0.43, -0.37)
736.72: (0.97, 0.22, -0.10)
736.84: (0.99, 0.10, -0.01)
736.94: (0.98, -0.17, 0.01)
737.06: (0.79, -0.58, 0.20)
737.17: (0.53, -0.72, 0.45)
737.29: (0.26, -0.61, 0.75)
737.39: (0.03, -0.46, 0.89)
737.51: (-0.19, -0.21, 0.96)
737.62: (-0.33, 0.03, 0.94)
737.72: (-0.44, 0.24, 0.86)
737.82: (-0.62, 0.47, 0.63)
737.92: (-0.84, 0.48, 0.25)
738.02: (-0.93, 0.37, -0.01)
738.14: (-0.96, 0.25, -0.11)
738.26: (-0.99, 0.12, -0.07)
738.37: (-1.00, 0.09, -0.01)
738.47: (-0.99, 0.06, 0.09)
738.56: (-0.99, 0.06, 0.09)
738.56: (-0.22, 0.53, -0.82): 2
738.59: (-0.99, 0.06, 0.09)
738.71: (-0.99, 0.06, 0.09)
738.82: (-0.99, 0.09, 0.08)
738.94: (-0.97, 0.21, 0.11)
739.06: (-0.93, 0.36, 0.11)
739.17: (-0.86, 0.49, 0.17)
739.29: (-0.65, 0.59, 0.47)
739.39: (-0.35, 0.69, 0.63)
739.51: (-0.01, 0.86, 0.51)
739.61: (0.27, 0.93, 0.25)
739.72: (0.52, 0.84, 0.14)
739.84: (0.74, 0.65, 0.18)
739.94: (0.87, 0.41, 0.27)
740.06: (0.91, 0.24, 0.35)
740.17: (0.96, -0.02, 0.28)
740.29: (0.89, -0.39, 0.24)
740.39: (0.66, -0.74, 0.15)
740.51: (0.30, -0.95, -0.02)
740.61: (0.30, -0.95, -0.01)
740.71: (0.00, -1.00, 0.01)
740.82: (-0.45, -0.89, -0.07)
740.94: (-0.74, -0.65, -0.16)
741.06: (-0.90, -0.39, -0.17)
741.16: (-0.91, -0.39, -0.12)
741.27: (-0.91, -0.39, -0.12)
741.37: (-0.91, -0.39, -0.12)
741.49: (-0.91, -0.39, -0.12)
741.59: (-0.91, -0.39, -0.12)
741.71: (-0.93, -0.36, -0.10)
741.82: (-1.00, -0.07, -0.03)
741.94: (-0.92, 0.39, 0.07)
742.06: (-0.72, 0.67, 0.16)
742.17: (-0.47, 0.87, 0.15)
742.29: (-0.12, 0.99, 0.04)
742.39: (0.05, 1.00, -0.07)
742.51: (0.22, 0.95, -0.21)
742.61: (0.33, 0.91, -0.25)
742.72: (0.37, 0.91, -0.20)
742.84: (0.35, 0.92, -0.20)
742.96: (0.35, 0.92, -0.19)
743.07: (0.35, 0.91, -0.21)
743.19: (0.27, 0.87, -0.41)
743.31: (0.03, 0.82, -0.57)
743.42: (-0.10, 0.72, -0.69)
743.54: (-0.18, 0.64, -0.74)
743.64: (-0.19, 0.59, -0.78)
743.76: (-0.20, 0.57, -0.80)
743.76: (-0.99, 0.01, 0.14): 2
743.76: (-0.20, 0.57, -0.80)
743.87: (-0.20, 0.58, -0.79)
743.99: (-0.16, 0.66, -0.73)
744.09: (-0.10, 0.78, -0.61)
744.21: (-0.10, 0.96, -0.28)
744.31: (-0.08, 1.00, 0.02)
744.42: (0.07, 0.96, 0.26)
744.54: (0.54, 0.73, 0.41)
744.64: (0.84, 0.44, 0.32)
744.76: (0.91, 0.29, 0.31)
744.87: (0.79, 0.29, 0.53)
744.99: (0.59, 0.50, 0.64)
745.09: (0.59, 0.50, 0.64)
745.21: (0.59, 0.50, 0.64)
745.31: (0.59, 0.50, 0.64)
745.41: (0.59, 0.49, 0.64)
745.52: (0.65, 0.25, 0.72)
745.64: (0.62, -0.32, 0.72)
745.76: (0.52, -0.68, 0.53)
745.86: (0.46, -0.84, 0.29)
745.97: (0.29, -0.95, -0.06)
746.09: (0.10, -0.98, -0.15)
746.21: (-0.23, -0.97, -0.11)
746.32: (-0.56, -0.83, 0.02)
746.42: (-0.70, -0.71, 0.04)
746.54: (-0.86, -0.49, 0.12)
746.66: (-0.93, -0.25, 0.28)
746.77: (-0.91, 0.04, 0.41)
746.87: (-0.87, 0.27, 0.41)
746.99: (-0.89, 0.27, 0.37)
747.09: (-0.93, 0.19, 0.32)
747.21: (-0.97, 0.07, 0.22)
747.32: (-0.97, 0.07, 0.21)
747.41: (-0.98, 0.06, 0.18)
747.41: (0.00, 0.67, -0.74): 2
747.42: (-0.98, 0.06, 0.18)
747.52: (-0.98, 0.06, 0.19)
747.64: (-0.99, 0.07, 0.15)
747.76: (-0.98, 0.19, -0.08)
747.87: (-0.88, 0.35, -0.31)
747.99: (-0.66, 0.26, -0.70)
748.10: (-0.30, -0.16, -0.94)
748.21: (0.00, -0.42, -0.91)
748.32: (-0.23, -0.09, -0.97)
748.44: (-0.41, 0.27, -0.87)
748.56: (-0.42, 0.45, -0.79)
748.67: (-0.32, 0.51, -0.80)
748.79: (-0.17, 0.62, -0.77)
748.91: (-0.09, 0.72, -0.68)
748.97: (-0.08, 0.73, -0.67)
748.97: (-0.99, 0.14, 0.07): 1
749.02: (-0.09, 0.73, -0.68)
749.14: (-0.06, 0.73, -0.68)
749.25: (-0.07, 0.59, -0.80)
749.35: (0.03, 0.38, -0.92)
749.47: (0.24, 0.10, -0.97)
749.59: (0.38, -0.29, -0.88)
749.70: (0.40, -0.56, -0.72)
749.82: (0.42, -0.76, -0.49)
749.94: (0.38, -0.90, -0.22)
750.05: (0.26, -0.96, 0.13)
750.15: (0.13, -0.93, 0.35)
750.27: (-0.03, -0.81, 0.58)
750.39: (-0.22, -0.62, 0.75)
750.50: (-0.43, -0.37, 0.82)
750.60: (-0.56, -0.23, 0.80)
750.72: (-0.62, -0.20, 0.76)
750.82: (-0.70, -0.18, 0.69)
750.94: (-0.83, -0.14, 0.54)
751.05: (-0.91, -0.02, 0.40)
751.17: (-0.98, 0.16, 0.13)
751.27: (-0.95, 0.28, 0.10)
751.39: (-0.95, 0.29, 0.10)
751.50: (-0.97, 0.22, 0.10)
751.60: (-0.98, 0.15, 0.10)
751.65: (-0.98, 0.15, 0.10)
751.65: (0.92, 0.32, 0.22): 2
751.72: (-0.98, 0.15, 0.10)
751.84: (-0.99, 0.09, 0.06)
751.94: (-0.97, -0.20, -0.15)
752.05: (-0.68, -0.57, -0.46)
752.17: (-0.25, -0.77, -0.59)
752.29: (0.10, -0.82, -0.56)
752.40: (0.47, -0.78, -0.42)
752.52: (0.72, -0.67, -0.19)
752.64: (0.85, -0.53, -0.03)
752.75: (0.90, -0.43, 0.04)
752.87: (0.94, -0.26, 0.20)
752.99: (0.91, 0.16, 0.37)
753.10: (0.91, 0.22, 0.35)
753.22: (0.95, 0.21, 0.23)
753.34: (0.97, 0.25, 0.09)
753.37: (0.96, 0.25, 0.09)
753.37: (0.37, -0.78, -0.50): 0
753.45: (0.96, 0.25, 0.10)
753.57: (0.96, 0.26, 0.13)
753.67: (0.95, 0.27, 0.16)
753.79: (0.83, 0.46, 0.33)
753.90: (0.33, 0.75, 0.58)
754.00: (0.00, 0.64, 0.77)
754.12: (-0.13, 0.41, 0.90)
754.22: (-0.26, 0.34, 0.90)
754.34: (-0.53, 0.29, 0.80)
754.44: (-0.69, 0.11, 0.71)
754.55: (-0.75, -0.15, 0.65)
754.65: (-0.81, -0.25, 0.54)
754.77: (-0.95, -0.22, 0.23)
754.89: (-0.97, -0.19, -0.17)
754.99: (-0.91, -0.38, -0.16)
755.10: (-0.62, -0.78, 0.10)
755.22: (0.16, -0.86, 0.49)
755.34: (0.72, -0.10, 0.68)
755.45: (0.58, 0.58, 0.57)
755.57: (0.10, 0.89, 0.44)
755.69: (-0.46, 0.87, 0.17)
755.79: (-0.81, 0.58, -0.11)
755.90: (-0.95, 0.04, -0.32)
756.00: (-0.81, -0.41, -0.41)
756.12: (-0.54, -0.76, -0.37)
756.24: (-0.19, -0.94, -0.27)
756.35: (-0.06, -0.99, -0.16)
756.47: (-0.06, -0.99, -0.16)
756.59: (-0.06, -0.99, -0.16)
756.69: (-0.07, -0.98, -0.18)
756.80: (0.22, -0.91, -0.35)
756.92: (0.45, -0.75, -0.49)
757.04: (0.45, -0.75, -0.49)
757.15: (0.43, -0.77, -0.48)
757.17: (0.43, -0.77, -0.48)
757.17: (0.95, -0.28, 0.17): 0
757.25: (0.43, -0.77, -0.48)
757.37: (0.42, -0.76, -0.49)
757.49: (0.37, -0.68, -0.63)
757.60: (0.14, -0.55, -0.82)
757.72: (-0.24, -0.37, -0.90)
757.82: (-0.45, -0.17, -0.88)
757.94: (-0.55, 0.06, -0.83)
758.05: (-0.59, 0.17, -0.79)
758.15: (-0.59, 0.22, -0.78)
758.27: (-0.61, 0.36, -0.70)
758.39: (-0.40, 0.65, -0.65)
758.50: (0.01, 0.82, -0.57)
758.60: (-0.01, 0.89, -0.46)
758.72: (-0.17, 0.97, -0.18)
758.82: (-0.27, 0.95, 0.16)
758.94: (-0.20, 0.84, 0.50)
759.05: (-0.28, 0.72, 0.63)
759.17: (-0.53, 0.47, 0.71)
759.29: (-0.68, -0.11, 0.73)
759.40: (-0.71, -0.56, 0.43)
759.52: (-0.63, -0.77, 0.08)
759.64: (-0.50, -0.78, -0.38)
759.74: (-0.37, -0.68, -0.63)
759.85: (-0.25, -0.49, -0.84)
759.97: (-0.02, -0.10, -1.00)
760.09: (0.19, 0.37, -0.91)
760.19: (0.28, 0.64, -0.71)
760.30: (0.33, 0.78, -0.54)
760.40: (0.39, 0.85, -0.36)
760.52: (0.39, 0.92, -0.05)
760.62: (0.28, 0.89, 0.36)
760.74: (0.08, 0.64, 0.77)
760.85: (-0.10, 0.47, 0.88)
760.95: (-0.25, 0.36, 0.90)
761.07: (-0.44, 0.23, 0.87)
761.19: (-0.65, 0.10, 0.75)
761.29: (-0.87, -0.06, 0.49)
761.40: (-0.88, -0.05, 0.47)
761.52: (-0.88, -0.05, 0.47)
761.64: (-0.88, -0.05, 0.47)
761.74: (-0.88, -0.05, 0.47)
761.85: (-0.91, -0.02, 0.41)
761.97: (-0.82, -0.16, 0.55)
762.07: (-0.59, -0.32, 0.74)
762.19: (-0.18, -0.44, 0.88)
762.30: (0.17, -0.36, 0.92)
762.40: (0.59, -0.30, 0.75)
762.52: (0.92, -0.22, 0.33)
762.62: (0.98, -0.19, -0.04)
762.74: (0.97, -0.23, -0.05)
762.85: (0.97, -0.23, -0.05)
762.97: (0.96, -0.28, -0.08)
763.07: (0.94, -0.35, 0.00)
763.19: (0.93, -0.37, 0.05)
763.30: (0.93, -0.36, 0.07)
763.40: (0.94, -0.34, 0.08)
763.40: (0.64, 0.21, -0.74): 2
763.40: (0.94, -0.34, 0.08)
763.52: (0.94, -0.34, 0.08)
763.64: (0.94, -0.33, 0.10)
763.75: (0.95, -0.23, 0.22)
763.87: (0.93, -0.16, 0.33)
763.98: (0.90, -0.14, 0.42)
764.09: (0.80, -0.08, 0.60)
764.20: (0.60, 0.02, 0.80)
764.32: (0.50, 0.17, 0.85)
764.44: (0.25, 0.43, 0.87)
764.54: (-0.11, 0.50, 0.86)
764.65: (-0.33, 0.39, 0.86)
764.77: (-0.50, 0.33, 0.80)
764.88: (-0.73, 0.11, 0.67)
764.99: (-0.76, -0.16, 0.63)
765.10: (-0.59, -0.53, 0.62)
765.22: (-0.35, -0.92, 0.17)
765.33: (0.03, -0.91, -0.40)
765.45: (0.17, -0.75, -0.64)
765.57: (0.15, -0.56, -0.82)
765.67: (0.04, -0.32, -0.95)
765.78: (0.00, -0.25, -0.97)
765.90: (0.00, -0.25, -0.97)
766.00: (0.00, -0.25, -0.97)
766.12: (0.00, -0.25, -0.97)
766.23: (-0.06, -0.27, -0.96)
766.35: (-0.31, -0.16, -0.94)
766.47: (-0.47, -0.09, -0.88)
766.57: (-0.64, 0.00, -0.77)
766.68: (-0.83, 0.14, -0.54)
766.80: (-0.90, 0.38, -0.22)
766.92: (-0.67, 0.64, 0.37)
767.02: (-0.53, 0.67, 0.52)
767.12: (-0.39, 0.67, 0.63)
767.23: (-0.24, 0.70, 0.67)
767.35: (-0.26, 0.72, 0.65)
767.47: (-0.27, 0.72, 0.64)
767.58: (-0.24, 0.71, 0.67)
767.70: (-0.17, 0.65, 0.74)
767.82: (0.16, 0.43, 0.89)
767.93: (0.44, 0.14, 0.89)
768.05: (0.39, -0.16, 0.91)
768.17: (0.20, -0.36, 0.91)
768.28: (0.00, -0.55, 0.83)
768.40: (-0.11, -0.69, 0.72)
768.52: (-0.09, -0.78, 0.62)
768.62: (-0.13, -0.87, 0.48)
768.73: (-0.23, -0.92, 0.31)
768.85: (-0.48, -0.86, 0.15)
768.95: (-0.61, -0.78, 0.16)
769.07: (-0.57, -0.79, 0.22)
769.18: (-0.57, -0.79, 0.22)
769.28: (-0.57, -0.79, 0.22)
769.40: (-0.57, -0.79, 0.22)
769.52: (-0.51, -0.86, -0.03)
769.63: (-0.48, -0.84, -0.26)
769.75: (-0.30, -0.80, -0.52)
769.87: (-0.14, -0.65, -0.75)
769.97: (-0.17, -0.46, -0.87)
770.08: (-0.21, -0.08, -0.97)
770.20: (-0.31, 0.25, -0.92)
770.32: (-0.32, 0.52, -0.80)
770.42: (-0.27, 0.62, -0.74)
770.52: (-0.04, 0.62, -0.79)
770.63: (0.43, 0.44, -0.78)
770.75: (0.58, 0.25, -0.77)
770.87: (0.62, 0.20, -0.76)
770.98: (0.62, 0.20, -0.76)
771.05: (0.62, 0.20, -0.76)
771.05: (0.93, -0.37, 0.07): 2
771.08: (0.62, 0.20, -0.76)
771.20: (0.62, 0.20, -0.76)
771.32: (0.52, 0.23, -0.82)
771.43: (0.16, 0.33, -0.93)
771.53: (-0.17, 0.32, -0.93)
771.65: (-0.24, 0.30, -0.93)
771.77: (-0.26, 0.31, -0.91)
771.87: (-0.48, 0.44, -0.76)
771.98: (-0.59, 0.60, -0.54)
772.10: (-0.70, 0.56, -0.44)
772.22: (-0.93, 0.23, -0.30)
772.32: (-0.96, 0.08, -0.28)
772.43: (-0.96, 0.07, -0.28)
772.55: (-0.93, -0.08, -0.36)
772.67: (-0.86, -0.23, -0.45)
772.78: (-0.75, -0.30, -0.59)
772.88: (-0.45, -0.35, -0.83)
773.00: (-0.11, -0.39, -0.92)
773.12: (0.17, -0.51, -0.84)
773.22: (0.15, -0.65, -0.75)
773.33: (0.15, -0.65, -0.75)
773.43: (0.04, -0.64, -0.77)
773.55: (0.02, -0.63, -0.78)
773.65: (0.25, -0.49, -0.83)
773.77: (0.67, -0.17, -0.73)
773.88: (0.85, 0.09, -0.52)
773.98: (0.87, 0.32, -0.38)
774.10: (0.80, 0.53, -0.28)
774.20: (0.70, 0.68, -0.20)
774.32: (0.46, 0.89, -0.02)
774.43: (0.23, 0.95, 0.22)
774.55: (-0.04, 0.83, 0.56)
774.67: (0.05, 0.59, 0.81)
774.78: (0.30, 0.35, 0.89)
774.90: (0.46, 0.17, 0.87)
775.02: (0.50, 0.06, 0.86)
775.12: (0.50, 0.06, 0.86)
775.23: (0.29, 0.21, 0.93)
775.35: (0.02, 0.41, 0.91)
775.47: (0.05, 0.51, 0.86)
775.57: (0.05, 0.51, 0.86)
775.67: (0.05, 0.51, 0.86)
775.78: (0.05, 0.51, 0.86)
775.88: (0.05, 0.51, 0.86)
776.00: (-0.07, 0.49, 0.87)
776.12: (-0.41, 0.39, 0.82)
776.23: (-0.77, 0.26, 0.59)
776.35: (-0.94, 0.17, 0.29)
776.45: (-0.99, 0.09, 0.11)
776.55: (-1.00, -0.01, -0.04)
776.65: (-0.94, -0.21, -0.28)
776.77: (-0.73, -0.53, -0.43)
776.88: (-0.55, -0.73, -0.41)
777.00: (-0.24, -0.88, -0.41)
777.10: (-0.02, -0.90, -0.44)
777.22: (0.24, -0.79, -0.56)
777.32: (0.34, -0.72, -0.61)
777.43: (0.55, -0.68, -0.48)
777.55: (0.58, -0.78, -0.23)
777.67: (0.58, -0.78, -0.23)
777.77: (0.58, -0.78, -0.23)
777.88: (0.58, -0.78, -0.23)
777.98: (0.58, -0.78, -0.23)
778.10: (0.64, -0.73, -0.23)
778.22: (0.80, -0.60, -0.09)
778.33: (0.93, -0.35, 0.10)
778.45: (0.94, -0.31, 0.12)
778.55: (0.94, -0.31, 0.12)
778.67: (0.94, -0.31, 0.12)
778.70: (0.94, -0.31, 0.12)
778.70: (-0.41, -0.06, -0.91): 0
778.78: (0.94, -0.31, 0.11)
778.90: (0.94, -0.31, 0.11)
779.02: (0.95, -0.32, 0.07)
779.13: (0.97, -0.24, 0.00)
779.25: (1.00, -0.02, -0.05)
779.37: (0.95, 0.10, -0.31)
779.48: (0.76, 0.18, -0.62)
779.60: (0.48, 0.33, -0.81)
779.70: (0.31, 0.45, -0.83)
779.82: (0.19, 0.52, -0.83)
779.92: (0.05, 0.55, -0.84)
780.03: (-0.11, 0.64, -0.76)
780.15: (0.09, 0.64, -0.76)
780.25: (0.19, 0.46, -0.87)
780.37: (0.05, -0.01, -1.00)
780.48: (-0.18, -0.02, -0.98)
780.60: (-0.30, 0.02, -0.95)
780.72: (-0.32, 0.04, -0.95)
780.82: (-0.39, -0.01, -0.92)
780.85: (-0.40, -0.02, -0.91)
780.85: (0.82, -0.09, 0.57): 0
780.93: (-0.40, -0.02, -0.91)
781.05: (-0.40, -0.02, -0.91)
781.17: (-0.40, -0.08, -0.91)
781.28: (-0.37, -0.31, -0.88)
781.40: (-0.23, -0.71, -0.66)
781.51: (-0.10, -0.91, -0.39)
781.62: (-0.12, -0.97, -0.21)
781.73: (-0.29, -0.96, -0.06)
781.85: (-0.44, -0.89, 0.08)
781.95: (-0.55, -0.81, 0.20)
782.07: (-0.63, -0.71, 0.32)
782.18: (-0.71, -0.55, 0.45)
782.28: (-0.78, -0.25, 0.57)
782.40: (-0.73, 0.08, 0.67)
782.52: (-0.71, 0.15, 0.69)
782.63: (-0.66, 0.25, 0.71)
782.75: (-0.57, 0.37, 0.73)
782.86: (-0.35, 0.56, 0.75)
782.98: (0.04, 0.71, 0.70)
783.10: (0.37, 0.72, 0.59)
783.20: (0.64, 0.63, 0.44)
783.31: (0.82, 0.50, 0.28)
783.43: (0.93, 0.32, 0.16)
783.55: (0.96, 0.21, 0.16)
783.65: (0.94, 0.09, 0.33)
783.76: (0.85, -0.10, 0.51)
783.88: (0.84, -0.14, 0.53)
784.00: (0.84, -0.14, 0.53)
784.05: (0.84, -0.14, 0.53)
784.05: (0.92, 0.18, -0.34): 0
784.10: (0.84, -0.14, 0.53)
784.21: (0.84, -0.14, 0.53)
784.33: (0.80, -0.15, 0.57)
784.45: (0.59, -0.11, 0.80)
784.56: (0.27, -0.05, 0.96)
784.68: (0.02, -0.03, 1.00)
784.78: (-0.05, 0.01, 1.00)
784.90: (-0.25, 0.18, 0.95)
785.01: (-0.60, 0.31, 0.74)
785.13: (-0.87, 0.27, 0.42)
785.25: (-0.98, 0.19, 0.10)
785.36: (-0.99, 0.05, -0.11)
785.48: (-0.95, -0.01, -0.30)
785.60: (-0.77, -0.02, -0.64)
785.71: (-0.48, -0.06, -0.87)
785.81: (-0.21, -0.12, -0.97)
785.93: (0.01, 0.03, -1.00)
786.05: (0.33, 0.36, -0.87)
786.16: (0.59, 0.59, -0.54)
786.26: (0.73, 0.61, -0.30)
786.38: (0.82, 0.57, -0.04)
786.48: (0.82, 0.57, -0.04)
786.60: (0.82, 0.57, -0.04)
786.70: (0.82, 0.57, -0.04)
786.81: (0.87, 0.47, -0.12)
786.93: (0.94, 0.20, -0.27)
787.05: (0.96, 0.13, -0.25)
787.15: (0.96, 0.12, -0.26)
787.20: (0.96, 0.12, -0.26)
787.20: (-0.98, -0.13, 0.13): 1
787.26: (0.96, 0.12, -0.26)
787.38: (0.94, 0.16, -0.29)
787.50: (0.90, 0.31, -0.31)
787.61: (0.85, 0.43, -0.30)
787.73: (0.83, 0.49, -0.27)
787.85: (0.69, 0.71, -0.14)
787.96: (0.51, 0.85, 0.09)
788.08: (0.39, 0.91, 0.16)
788.20: (0.00, 0.98, 0.18)
788.31: (-0.44, 0.87, 0.25)
788.43: (-0.76, 0.61, 0.23)
788.53: (-0.95, 0.27, 0.18)
788.65: (-0.99, 0.01, 0.10)
788.76: (-0.99, 0.08, 0.10)
788.88: (-0.99, 0.11, 0.10)
788.98: (-0.99, 0.11, 0.10)
789.10: (-1.00, 0.00, 0.09)
789.21: (-0.99, -0.11, 0.09)
789.31: (-0.99, -0.11, 0.10)
789.35: (-0.99, -0.11, 0.10)
789.35: (0.42, 0.66, 0.62): 1
789.43: (-0.99, -0.12, 0.09)
789.55: (-0.99, -0.09, 0.10)
789.66: (-0.97, -0.13, 0.19)
789.76: (-0.85, -0.31, 0.43)
789.88: (-0.60, -0.54, 0.60)
790.00: (-0.48, -0.50, 0.72)
790.10: (-0.36, -0.49, 0.79)
790.21: (-0.30, -0.60, 0.75)
790.31: (-0.50, -0.50, 0.71)
790.43: (-0.50, -0.50, 0.71)
790.55: (-0.50, -0.50, 0.71)
790.65: (-0.42, -0.45, 0.79)
790.76: (-0.14, -0.60, 0.79)
790.88: (0.14, -0.69, 0.71)
790.98: (0.41, -0.67, 0.61)
791.10: (0.66, -0.61, 0.45)
791.21: (0.91, -0.41, 0.08)
791.33: (0.98, -0.10, -0.14)
791.45: (0.98, 0.04, -0.19)
791.56: (0.92, 0.33, -0.22)
791.68: (0.62, 0.79, -0.01)
791.78: (0.43, 0.89, 0.16)
791.90: (0.32, 0.90, 0.28)
792.01: (0.23, 0.89, 0.38)
792.13: (0.13, 0.84, 0.53)
792.25: (0.23, 0.68, 0.69)
792.35: (0.33, 0.59, 0.74)
792.46: (0.40, 0.62, 0.68)
792.56: (0.42, 0.63, 0.65)
792.65: (0.44, 0.63, 0.64)
792.65: (-0.84, -0.43, -0.34): 2
792.68: (0.44, 0.63, 0.64)
792.80: (0.44, 0.63, 0.64)
792.90: (0.48, 0.62, 0.62)
793.01: (0.64, 0.51, 0.58)
793.13: (0.79, 0.34, 0.51)
793.25: (0.97, 0.00, 0.23)
793.35: (0.99, -0.15, 0.00)
793.46: (0.98, -0.18, -0.05)
793.58: (0.96, -0.18, 0.24)
793.70: (0.79, 0.01, 0.61)
793.81: (0.66, 0.13, 0.74)
793.91: (0.56, 0.31, 0.77)
794.03: (0.42, 0.48, 0.77)
794.15: (0.26, 0.52, 0.81)
794.25: (0.10, 0.55, 0.83)
794.36: (0.09, 0.55, 0.83)
794.48: (0.09, 0.55, 0.83)
794.60: (0.09, 0.55, 0.83)
794.71: (0.03, 0.66, 0.75)
794.81: (-0.22, 0.93, 0.30)
794.93: (-0.27, 0.96, -0.05)
795.05: (-0.29, 0.84, -0.46)
795.16: (-0.35, 0.62, -0.71)
795.28: (-0.36, 0.46, -0.81)
795.40: (-0.48, 0.22, -0.85)
795.51: (-0.78, -0.09, -0.62)
795.61: (-0.91, -0.24, -0.33)
795.71: (-0.93, -0.37, -0.05)
795.83: (-0.92, -0.38, -0.07)
795.95: (-0.90, -0.36, -0.27)
796.06: (-0.86, -0.38, -0.35)
796.16: (-0.83, -0.41, -0.37)
796.20: (-0.83, -0.41, -0.37)
796.20: (-1.00, 0.02, 0.01): 0
796.28: (-0.83, -0.41, -0.37)
796.38: (-0.83, -0.41, -0.37)
796.50: (-0.76, -0.56, -0.35)
796.61: (-0.86, -0.50, -0.12)
796.73: (-0.95, -0.28, -0.12)
796.83: (-0.96, -0.24, -0.12)
796.95: (-0.98, -0.19, -0.08)
797.06: (-1.00, 0.01, 0.00)
797.18: (-1.00, 0.06, 0.01)
797.20: (-1.00, 0.06, 0.01)
797.20: (-0.99, 0.06, 0.15): 2
797.28: (-1.00, 0.06, 0.01)
797.40: (-1.00, 0.06, -0.02)
797.51: (-1.00, -0.06, -0.05)
797.63: (-0.99, -0.06, 0.12)
797.75: (-0.99, -0.01, 0.14)
797.84: (-0.99, 0.01, 0.14)
797.84: (0.31, 0.45, 0.84): 1
797.86: (-0.99, 0.01, 0.14)
797.96: (-0.99, 0.01, 0.14)
798.08: (-0.99, 0.03, 0.11)
798.19: (-0.99, 0.07, 0.15)
798.30: (-0.97, 0.15, 0.18)
798.41: (-0.95, 0.31, -0.02)
798.53: (-0.78, 0.30, -0.54)
798.64: (-0.57, 0.32, -0.76)
798.76: (-0.37, 0.26, -0.89)
798.86: (-0.03, 0.09, -1.00)
798.98: (0.43, -0.05, -0.90)
799.09: (0.74, -0.11, -0.67)
799.21: (0.92, -0.05, -0.40)
799.31: (0.96, -0.01, -0.28)
799.41: (0.99, 0.05, -0.11)
799.53: (0.99, 0.09, 0.06)
799.64: (0.97, 0.12, 0.21)
799.76: (0.88, 0.24, 0.42)
799.86: (0.65, 0.35, 0.68)
799.98: (0.30, 0.51, 0.80)
800.09: (0.15, 0.51, 0.85)
800.19: (0.18, 0.49, 0.85)
800.31: (0.25, 0.48, 0.84)
800.43: (0.26, 0.48, 0.84)
800.43: (0.87, 0.47, 0.17): 0
800.43: (0.26, 0.48, 0.84)
800.54: (0.27, 0.47, 0.84)
800.64: (0.27, 0.48, 0.83)
800.74: (0.26, 0.48, 0.84)
800.86: (0.32, 0.49, 0.81)
800.98: (0.38, 0.60, 0.70)
801.09: (0.20, 0.76, 0.61)
801.21: (-0.04, 0.89, 0.45)
801.33: (0.12, 0.90, 0.42)
801.44: (0.51, 0.74, 0.44)
801.54: (0.64, 0.69, 0.35)
801.66: (0.69, 0.66, 0.29)
801.78: (0.81, 0.54, 0.22)
801.88: (0.87, 0.45, 0.19)
801.93: (0.87, 0.45, 0.19)
801.93: (0.41, -0.81, 0.43): 2
801.99: (0.87, 0.45, 0.20)
802.11: (0.87, 0.43, 0.22)
802.23: (0.88, 0.40, 0.25)
802.34: (0.89, 0.28, 0.35)
802.46: (0.91, 0.23, 0.35)
802.56: (0.94, 0.17, 0.29)
802.68: (0.98, -0.04, 0.19)
802.79: (0.83, -0.53, -0.17)
802.91: (0.34, -0.77, -0.54)
803.03: (0.19, -0.74, -0.65)
803.14: (-0.08, -0.62, -0.78)
803.24: (-0.30, -0.40, -0.87)
803.36: (-0.43, -0.08, -0.90)
803.48: (-0.54, 0.03, -0.84)
803.58: (-0.75, 0.17, -0.63)
803.69: (-0.92, 0.26, -0.28)
803.81: (-0.92, 0.37, -0.08)
803.93: (-0.81, 0.56, 0.17)
804.04: (-0.75, 0.61, 0.26)
804.14: (-0.75, 0.61, 0.26)
804.24: (-0.75, 0.61, 0.26)
804.34: (-0.75, 0.61, 0.26)
804.46: (-0.75, 0.61, 0.26)
804.56: (-0.76, 0.60, 0.26)
804.68: (-0.46, 0.55, 0.69)
804.79: (-0.04, 0.33, 0.94)
804.89: (0.21, 0.01, 0.98)
804.99: (0.14, -0.31, 0.94)
805.09: (0.10, -0.52, 0.85)
805.21: (0.11, -0.52, 0.85)
805.33: (0.11, -0.52, 0.85)
805.43: (0.11, -0.51, 0.85)
805.54: (0.15, -0.68, 0.72)
805.66: (0.25, -0.83, 0.49)
805.78: (0.35, -0.86, 0.36)
805.89: (0.42, -0.82, 0.40)
805.98: (0.42, -0.81, 0.41)
805.98: (-0.80, -0.47, 0.37): 1
806.01: (0.42, -0.81, 0.41)
806.13: (0.42, -0.81, 0.41)
806.23: (0.26, -0.84, 0.47)
806.33: (0.10, -0.90, 0.41)
806.44: (-0.18, -0.98, 0.08)
806.56: (-0.44, -0.89, -0.13)
806.66: (-0.47, -0.87, -0.14)
806.78: (-0.47, -0.87, -0.14)
806.88: (-0.47, -0.87, -0.14)
806.98: (-0.58, -0.76, 0.28)
807.09: (-0.59, -0.71, 0.39)
807.21: (-0.61, -0.69, 0.39)
807.33: (-0.69, -0.64, 0.34)
807.44: (-0.78, -0.47, 0.41)
807.56: (-0.80, -0.42, 0.43)
807.58: (-0.80, -0.42, 0.43)
807.58: (0.74, -0.67, -0.01): 0
807.66: (-0.80, -0.42, 0.43)
807.78: (-0.80, -0.40, 0.44)
807.88: (-0.79, -0.37, 0.48)
807.99: (-0.80, -0.11, 0.59)
808.09: (-0.80, 0.17, 0.57)
808.21: (-0.72, 0.46, 0.53)
808.31: (-0.54, 0.73, 0.42)
808.43: (-0.33, 0.90, 0.29)
808.54: (-0.04, 0.98, 0.17)
808.66: (0.27, 0.96, 0.09)
808.76: (0.59, 0.80, 0.04)
808.88: (0.85, 0.52, 0.03)
808.98: (0.98, 0.22, 0.02)
809.09: (1.00, -0.10, 0.01)
809.19: (0.92, -0.39, 0.07)
809.31: (0.74, -0.66, 0.14)
809.41: (0.73, -0.67, 0.12)
809.53: (0.75, -0.66, 0.06)
809.63: (0.75, -0.66, 0.04)
809.64: (0.75, -0.66, 0.04)
809.64: (-0.71, 0.17, 0.69): 0
809.74: (0.75, -0.66, 0.03)
809.86: (0.71, -0.70, 0.07)
809.98: (0.52, -0.84, 0.15)
810.09: (0.29, -0.93, 0.25)
810.21: (0.06, -0.92, 0.38)
810.33: (-0.23, -0.82, 0.52)
810.44: (-0.47, -0.63, 0.62)
810.56: (-0.65, -0.32, 0.69)
810.66: (-0.66, -0.15, 0.73)
810.78: (-0.65, 0.02, 0.76)
810.88: (-0.67, 0.12, 0.73)
810.99: (-0.72, 0.19, 0.67)
811.04: (-0.72, 0.19, 0.67)
811.04: (0.52, -0.84, -0.16): 0
811.09: (-0.72, 0.19, 0.67)
811.21: (-0.69, 0.21, 0.69)
811.33: (-0.51, 0.30, 0.80)
811.44: (-0.37, 0.35, 0.86)
811.56: (-0.20, 0.37, 0.91)
811.66: (0.08, 0.34, 0.94)
811.78: (0.43, 0.27, 0.86)
811.88: (0.61, 0.22, 0.76)
811.99: (0.80, 0.14, 0.58)
812.09: (0.96, 0.01, 0.29)
812.21: (0.99, -0.15, 0.07)
812.31: (0.96, -0.26, -0.05)
812.43: (0.90, -0.38, -0.23)
812.54: (0.83, -0.48, -0.27)
812.66: (0.67, -0.74, -0.08)
812.78: (0.57, -0.82, -0.05)
812.89: (0.50, -0.86, -0.13)
812.98: (0.49, -0.86, -0.16)
812.98: (0.60, 0.78, -0.17): 1
813.01: (0.49, -0.86, -0.16)
813.13: (0.48, -0.86, -0.15)
813.24: (0.38, -0.92, -0.09)
813.34: (0.16, -0.98, -0.07)
813.44: (-0.05, -1.00, -0.06)
813.56: (-0.35, -0.93, 0.13)
813.68: (-0.62, -0.72, 0.31)
813.79: (-0.87, -0.26, 0.41)
813.89: (-0.87, 0.04, 0.49)
814.01: (-0.77, 0.25, 0.59)
814.13: (-0.58, 0.53, 0.62)
814.24: (-0.36, 0.81, 0.46)
814.36: (-0.41, 0.83, 0.38)
814.48: (-0.41, 0.83, 0.38)
814.58: (-0.41, 0.83, 0.38)
814.69: (-0.42, 0.83, 0.36)
814.81: (-0.40, 0.85, 0.34)
814.93: (-0.37, 0.89, 0.25)
815.03: (-0.28, 0.95, 0.11)
815.14: (-0.08, 0.98, -0.17)
815.26: (0.12, 0.87, -0.48)
815.37: (0.23, 0.64, -0.73)
815.49: (0.31, 0.45, -0.83)
815.61: (0.42, 0.68, -0.61)
815.72: (0.49, 0.79, -0.38)
815.84: (0.60, 0.76, -0.26)
815.94: (0.63, 0.75, -0.21)
816.06: (0.63, 0.75, -0.20)
816.06: (-0.22, -0.32, 0.92): 2
816.06: (0.63, 0.75, -0.20)
816.17: (0.63, 0.75, -0.20)
816.29: (0.62, 0.76, -0.19)
816.39: (0.50, 0.86, 0.03)
816.51: (0.16, 0.83, 0.54)
816.62: (-0.19, 0.59, 0.78)
816.74: (-0.35, 0.25, 0.90)
816.86: (-0.19, 0.03, 0.98)
816.96: (-0.09, -0.13, 0.99)
817.07: (-0.09, -0.19, 0.98)
817.19: (-0.22, -0.22, 0.95)
817.31: (-0.25, -0.25, 0.93)
817.34: (-0.26, -0.26, 0.93)
817.34: (-0.56, 0.77, -0.31): 1
817.42: (-0.25, -0.28, 0.93)
817.54: (-0.40, -0.30, 0.87)
817.66: (-0.64, -0.48, 0.59)
817.76: (-0.69, -0.67, 0.27)
817.87: (-0.61, -0.79, 0.03)
817.99: (-0.47, -0.84, -0.27)
818.09: (-0.38, -0.79, -0.48)
818.21: (-0.27, -0.72, -0.64)
818.32: (-0.04, -0.46, -0.89)
818.42: (0.09, -0.07, -0.99)
818.54: (0.21, 0.40, -0.89)
818.66: (0.11, 0.62, -0.78)
818.76: (0.09, 0.62, -0.78)
818.87: (0.09, 0.62, -0.78)
818.99: (0.09, 0.62, -0.78)
819.09: (0.09, 0.62, -0.78)
819.21: (0.14, 0.62, -0.77)
819.32: (0.49, 0.64, -0.59)
819.44: (0.79, 0.60, -0.14)
819.56: (0.85, 0.43, 0.31)
819.67: (0.77, 0.33, 0.55)
819.79: (0.68, 0.31, 0.66)
819.89: (0.39, 0.13, 0.91)
820.01: (0.09, -0.25, 0.96)
820.12: (0.10, -0.53, 0.84)
820.22: (0.16, -0.66, 0.73)
820.34: (0.24, -0.76, 0.60)
820.46: (0.26, -0.84, 0.47)
820.57: (0.19, -0.94, 0.29)
820.69: (-0.13, -0.99, 0.00)
820.81: (-0.55, -0.82, -0.13)
820.92: (-0.81, -0.57, -0.09)
821.04: (-0.99, -0.10, -0.04)
821.14: (-0.94, 0.33, 0.06)
821.24: (-0.83, 0.54, 0.16)
821.36: (-0.71, 0.66, 0.24)
821.46: (-0.72, 0.68, 0.11)
821.57: (-0.71, 0.69, -0.09)
821.69: (-0.66, 0.72, -0.20)
821.81: (-0.63, 0.74, -0.23)
821.92: (-0.48, 0.82, -0.30)
821.99: (-0.42, 0.85, -0.33)
821.99: (-0.69, 0.55, -0.46): 2
822.04: (-0.42, 0.85, -0.33)
822.16: (-0.42, 0.85, -0.33)
822.27: (-0.47, 0.86, -0.21)
822.39: (-0.60, 0.78, -0.18)
822.51: (-0.72, 0.58, -0.38)
822.61: (-0.75, 0.51, -0.42)
822.72: (-0.75, 0.51, -0.42)
822.72: (-0.97, 0.19, -0.12): 1
822.72: (-0.75, 0.51, -0.42)
822.84: (-0.75, 0.51, -0.43)
822.96: (-0.75, 0.53, -0.39)
823.07: (-0.95, 0.26, -0.16)
823.17: (-1.00, 0.00, 0.00)
823.29: (-1.00, 0.02, -0.03)
823.41: (-0.98, 0.16, -0.10)
823.51: (-0.97, 0.19, -0.13)
823.59: (-0.97, 0.20, -0.13)
823.59: (-0.41, 0.79, 0.46): 0
823.62: (-0.97, 0.20, -0.13)
823.72: (-0.97, 0.20, -0.14)
823.84: (-0.97, 0.25, -0.06)
823.96: (-0.97, 0.23, 0.08)
824.07: (-0.92, 0.11, 0.37)
824.19: (-0.77, -0.05, 0.64)
824.31: (-0.65, -0.02, 0.76)
824.42: (-0.61, 0.28, 0.74)
824.52: (-0.57, 0.56, 0.60)
824.62: (-0.57, 0.57, 0.59)
824.74: (-0.52, 0.62, 0.59)
824.84: (-0.45, 0.72, 0.53)
824.94: (-0.45, 0.72, 0.52)
824.94: (-0.86, -0.40, -0.32): 0
824.96: (-0.45, 0.73, 0.52)
825.07: (-0.45, 0.73, 0.51)
825.19: (-0.41, 0.75, 0.52)
825.31: (-0.25, 0.79, 0.56)
825.42: (-0.08, 0.83, 0.55)
825.52: (0.12, 0.80, 0.59)
825.64: (0.37, 0.62, 0.69)
825.76: (0.37, 0.58, 0.73)
825.87: (0.34, 0.49, 0.80)
825.99: (0.33, 0.28, 0.90)
826.09: (0.37, 0.03, 0.93)
826.21: (0.37, 0.00, 0.93)
826.32: (0.24, -0.27, 0.93)
826.44: (0.06, -0.48, 0.87)
826.56: (-0.06, -0.58, 0.81)
826.67: (-0.13, -0.75, 0.65)
826.79: (-0.23, -0.89, 0.40)
826.91: (-0.39, -0.92, -0.09)
827.02: (-0.44, -0.63, -0.65)
827.14: (-0.64, -0.22, -0.74)
827.24: (-0.64, -0.22, -0.74)
827.36: (-0.64, -0.22, -0.74)
827.47: (-0.65, -0.22, -0.72)
827.57: (-0.71, -0.26, -0.65)
827.69: (-0.79, -0.34, -0.50)
827.81: (-0.86, -0.34, -0.39)
827.92: (-0.89, -0.30, -0.36)
827.97: (-0.89, -0.30, -0.35)
827.97: (-0.31, 0.26, 0.91): 1
828.04: (-0.88, -0.30, -0.36)
828.16: (-0.88, -0.30, -0.36)
828.27: (-0.91, -0.15, -0.39)
828.39: (-0.81, 0.31, -0.50)
828.51: (-0.63, 0.56, -0.54)
828.61: (-0.33, 0.78, -0.53)
828.72: (-0.03, 0.85, -0.53)
828.84: (-0.03, 0.85, -0.53)
828.94: (-0.03, 0.85, -0.53)
829.04: (-0.03, 0.85, -0.53)
829.16: (-0.01, 0.89, -0.45)
829.27: (0.24, 0.97, 0.00)
829.39: (0.40, 0.82, 0.40)
829.51: (0.20, 0.49, 0.85)
829.62: (0.15, 0.22, 0.96)
829.72: (0.13, 0.15, 0.98)
829.84: (0.00, 0.14, 0.99)
829.96: (-0.20, 0.20, 0.96)
830.07: (-0.35, 0.23, 0.91)
830.17: (-0.36, 0.23, 0.90)
830.17: (0.26, 0.39, -0.88): 1
830.17: (-0.36, 0.23, 0.90)
830.29: (-0.36, 0.24, 0.90)
830.41: (-0.37, 0.31, 0.88)
830.52: (-0.42, 0.41, 0.81)
830.64: (-0.55, 0.64, 0.54)
830.76: (-0.66, 0.75, 0.10)
830.86: (-0.72, 0.69, 0.07)
830.97: (-0.79, 0.61, 0.01)
831.09: (-0.86, 0.45, -0.22)
831.20: (-0.89, 0.28, -0.37)
831.32: (-0.89, 0.06, -0.45)
831.44: (-0.86, -0.15, -0.49)
831.55: (-0.73, -0.42, -0.54)
831.67: (-0.47, -0.68, -0.56)
831.77: (-0.21, -0.78, -0.58)
831.89: (0.14, -0.81, -0.57)
831.99: (0.39, -0.77, -0.50)
832.10: (0.58, -0.71, -0.39)
832.22: (0.68, -0.69, -0.24)
832.34: (0.73, -0.68, -0.05)
832.45: (0.73, -0.65, 0.18)
832.55: (0.76, -0.64, 0.13)
832.67: (0.76, -0.64, 0.13)
832.77: (0.76, -0.64, 0.13)
832.89: (0.76, -0.64, 0.13)
833.00: (0.76, -0.64, 0.13)
833.12: (0.75, -0.61, 0.25)
833.24: (0.75, -0.47, 0.46)
833.35: (0.58, -0.26, 0.77)
833.45: (0.35, -0.14, 0.93)
833.57: (0.22, 0.04, 0.98)
833.69: (0.26, 0.19, 0.95)
833.80: (0.28, 0.47, 0.84)
833.92: (0.41, 0.77, 0.48)
834.02: (0.55, 0.82, 0.16)
834.14: (0.62, 0.77, -0.13)
834.24: (0.59, 0.69, -0.43)
834.35: (0.43, 0.47, -0.77)
834.47: (0.28, 0.25, -0.93)
834.59: (0.31, 0.31, -0.90)
834.70: (0.36, 0.47, -0.80)
834.82: (0.34, 0.49, -0.80)
834.90: (0.34, 0.49, -0.80)
834.90: (0.37, 0.10, 0.92): 1
834.92: (0.34, 0.49, -0.80)
835.04: (0.34, 0.49, -0.80)
835.14: (0.36, 0.49, -0.80)
835.25: (0.45, 0.53, -0.72)
835.35: (0.64, 0.47, -0.60)
835.47: (0.77, 0.00, -0.64)
835.59: (0.67, -0.32, -0.67)
835.70: (0.65, -0.44, -0.62)
835.82: (0.33, -0.67, -0.67)
835.94: (-0.14, -0.82, -0.55)
836.05: (-0.12, -0.83, -0.55)
836.15: (-0.12, -0.83, -0.55)
836.25: (-0.12, -0.83, -0.55)
836.37: (-0.08, -0.82, -0.57)
836.49: (-0.11, -0.77, -0.62)
836.60: (-0.61, -0.52, -0.60)
836.72: (-0.83, -0.25, -0.49)
836.84: (-0.94, -0.14, -0.30)
836.95: (-0.94, -0.25, 0.24)
837.07: (-0.88, -0.20, 0.43)
837.19: (-0.77, 0.10, 0.63)
837.30: (-0.49, 0.35, 0.80)
837.42: (-0.51, 0.24, 0.83)
837.54: (-0.43, 0.06, 0.90)
837.65: (-0.17, 0.22, 0.96)
837.77: (0.19, 0.43, 0.88)
837.87: (0.41, 0.34, 0.85)
837.99: (0.45, 0.17, 0.88)
838.09: (0.41, 0.10, 0.90)
838.20: (0.40, 0.08, 0.91)
838.25: (0.40, 0.08, 0.91)
838.25: (0.69, 0.68, 0.22): 0
838.32: (0.40, 0.08, 0.91)
838.44: (0.40, 0.09, 0.91)
838.55: (0.13, 0.12, 0.98)
838.67: (-0.18, 0.00, 0.98)
838.79: (-0.43, -0.18, 0.88)
838.89: (-0.80, -0.15, 0.58)
839.00: (-0.99, 0.09, -0.15)
839.12: (-0.72, 0.13, -0.68)
839.24: (-0.50, 0.12, -0.86)
839.35: (-0.48, 0.11, -0.87)
839.47: (-0.48, 0.11, -0.87)
839.57: (-0.37, 0.30, -0.88)
839.69: (-0.11, 0.73, -0.67)
839.80: (-0.12, 0.90, -0.41)
839.90: (-0.02, 0.99, -0.12)
840.02: (0.10, 0.95, 0.31)
840.12: (0.16, 0.77, 0.62)
840.24: (0.19, 0.47, 0.86)
840.35: (0.27, 0.33, 0.91)
840.45: (0.29, 0.37, 0.88)
840.57: (0.32, 0.51, 0.80)
840.67: (0.41, 0.63, 0.66)
840.79: (0.51, 0.69, 0.51)
840.90: (0.64, 0.64, 0.42)
841.00: (0.70, 0.60, 0.39)
841.12: (0.71, 0.62, 0.32)
841.22: (0.71, 0.68, 0.20)
841.34: (0.70, 0.68, 0.20)
841.34: (0.73, 0.68, -0.01): 2
841.34: (0.70, 0.68, 0.20)
841.45: (0.70, 0.68, 0.20)
841.57: (0.70, 0.68, 0.20)
841.69: (0.70, 0.68, 0.19)
841.80: (0.74, 0.67, 0.05)
841.92: (0.74, 0.67, 0.05)
842.02: (0.74, 0.67, -0.01)
842.04: (0.74, 0.67, -0.01)
842.04: (-0.87, -0.28, 0.40): 0
842.14: (0.74, 0.68, -0.01)
842.24: (0.74, 0.67, -0.03)
842.35: (0.69, 0.71, -0.17)
842.47: (0.56, 0.75, -0.35)
842.57: (0.36, 0.82, -0.45)
842.69: (0.08, 0.85, -0.52)
842.79: (0.02, 0.84, -0.55)
842.89: (-0.03, 0.82, -0.57)
843.00: (-0.17, 0.75, -0.64)
843.12: (-0.31, 0.62, -0.72)
843.24: (-0.46, 0.41, -0.79)
843.35: (-0.67, 0.11, -0.73)
843.47: (-0.81, -0.05, -0.58)
843.57: (-0.87, -0.05, -0.49)
843.69: (-0.87, -0.05, -0.49)
843.80: (-0.87, -0.05, -0.49)
843.92: (-0.87, -0.05, -0.49)
844.04: (-0.85, -0.03, -0.53)
844.15: (-0.79, -0.13, -0.60)
844.25: (-0.63, -0.47, -0.62)
844.37: (-0.42, -0.79, -0.45)
844.49: (-0.38, -0.92, -0.05)
844.60: (-0.31, -0.92, 0.25)
844.72: (-0.09, -0.84, 0.53)
844.84: (0.04, -0.79, 0.61)
844.95: (-0.08, -0.82, 0.56)
845.07: (-0.09, -0.82, 0.56)
845.17: (-0.10, -0.83, 0.54)
845.29: (-0.28, -0.78, 0.56)
845.40: (-0.52, -0.49, 0.70)
845.52: (-0.71, -0.29, 0.65)
845.64: (-0.80, -0.29, 0.53)
845.75: (-0.84, -0.32, 0.43)
845.85: (-0.85, -0.32, 0.43)
845.87: (-0.85, -0.32, 0.43)
845.87: (-0.02, 1.00, -0.09): 0
845.97: (-0.85, -0.32, 0.43)
846.09: (-0.85, -0.33, 0.40)
846.19: (-0.84, -0.41, 0.36)
846.29: (-0.80, -0.56, 0.21)
846.40: (-0.67, -0.74, 0.03)
846.52: (-0.40, -0.89, -0.21)
846.64: (-0.09, -0.90, -0.43)
846.75: (0.21, -0.81, -0.55)
846.87: (0.37, -0.72, -0.58)
846.99: (0.44, -0.69, -0.57)
847.09: (0.55, -0.71, -0.44)
847.20: (0.70, -0.72, -0.05)
847.32: (0.70, -0.69, 0.18)
847.44: (0.58, -0.70, 0.42)
847.55: (0.53, -0.73, 0.43)
847.65: (0.53, -0.73, 0.43)
847.77: (0.53, -0.73, 0.43)
847.89: (0.53, -0.72, 0.44)
848.00: (0.62, -0.60, 0.51)
848.10: (0.65, -0.43, 0.62)
848.20: (0.63, -0.28, 0.72)
848.32: (0.61, -0.06, 0.79)
848.44: (0.55, 0.24, 0.80)
848.55: (0.47, 0.54, 0.70)
848.65: (0.42, 0.72, 0.55)
848.77: (0.36, 0.86, 0.36)
848.87: (0.27, 0.95, 0.17)
848.99: (0.15, 0.99, 0.02)
849.09: (0.08, 1.00, -0.01)
849.20: (0.08, 1.00, -0.01)
849.25: (0.08, 1.00, -0.01)
849.25: (-1.00, -0.06, 0.06): 2
849.32: (0.08, 1.00, -0.01)
849.43: (0.08, 1.00, -0.01)
849.55: (0.09, 1.00, -0.01)
849.67: (0.11, 0.99, -0.07)
849.78: (0.22, 0.96, -0.19)
849.90: (0.27, 0.94, -0.23)
850.02: (0.18, 0.97, -0.19)
850.13: (-0.13, 0.99, 0.05)
850.23: (-0.32, 0.91, 0.27)
850.34: (-0.45, 0.66, 0.61)
850.45: (-0.34, 0.43, 0.84)
850.57: (-0.25, 0.23, 0.94)
850.68: (-0.23, -0.14, 0.96)
850.78: (-0.20, -0.44, 0.87)
850.90: (-0.17, -0.66, 0.74)
851.02: (-0.18, -0.78, 0.59)
851.13: (-0.16, -0.78, 0.61)
851.25: (-0.16, -0.78, 0.61)
851.35: (-0.16, -0.78, 0.61)
851.45: (-0.19, -0.77, 0.61)
851.57: (-0.44, -0.72, 0.54)
851.68: (-0.76, -0.52, 0.38)
851.80: (-0.91, -0.37, 0.20)
851.92: (-0.98, -0.21, 0.03)
852.03: (-1.00, -0.02, 0.03)
852.15: (-1.00, 0.02, 0.03)
852.27: (-1.00, 0.02, 0.05)
852.38: (-0.99, -0.08, 0.11)
852.50: (-0.99, -0.09, 0.12)
852.53: (-0.99, -0.09, 0.12)
852.53: (-0.17, -0.02, -0.98): 0
852.60: (-0.99, -0.09, 0.12)
852.72: (-0.99, -0.09, 0.12)
852.83: (-0.99, -0.12, 0.07)
852.93: (-0.98, -0.09, -0.15)
853.05: (-0.67, -0.18, -0.72)
853.15: (-0.62, -0.40, -0.68)
853.27: (-0.58, -0.47, -0.67)
853.37: (-0.58, -0.47, -0.67)
853.47: (-0.58, -0.47, -0.67)
853.58: (-0.54, -0.37, -0.75)
853.70: (-0.46, -0.28, -0.84)
853.80: (-0.33, -0.21, -0.92)
853.92: (-0.25, -0.14, -0.96)
854.03: (-0.20, -0.06, -0.98)
854.15: (-0.20, -0.05, -0.98)
854.15: (-0.53, -0.76, -0.37): 2
854.15: (-0.20, -0.05, -0.98)
854.27: (-0.19, -0.04, -0.98)
854.37: (-0.15, 0.01, -0.99)
854.48: (-0.14, 0.02, -0.99)
854.58: (0.15, 0.21, -0.97)
854.70: (0.32, 0.24, -0.92)
854.82: (0.38, 0.23, -0.90)
854.92: (0.36, 0.09, -0.93)
855.03: (0.36, 0.09, -0.93)
855.15: (0.35, 0.10, -0.93)
855.27: (0.18, 0.15, -0.97)
855.38: (0.11, 0.27, -0.96)
855.50: (0.08, 0.61, -0.79)
855.62: (-0.23, 0.83, -0.50)
855.73: (-0.49, 0.86, -0.13)
855.83: (-0.69, 0.72, 0.03)
855.95: (-0.96, 0.26, 0.11)
856.07: (-0.99, -0.07, 0.12)
856.18: (-0.92, -0.38, 0.07)
856.28: (-0.73, -0.68, -0.03)
856.40: (-0.40, -0.89, -0.23)
856.50: (-0.39, -0.89, -0.26)
856.62: (-0.55, -0.79, -0.27)
856.73: (-0.57, -0.76, -0.32)
856.82: (-0.56, -0.75, -0.36)
856.82: (-0.90, 0.35, 0.27): 2
856.85: (-0.55, -0.75, -0.36)
856.95: (-0.56, -0.75, -0.37)
857.07: (-0.52, -0.67, -0.52)
857.18: (-0.40, -0.57, -0.72)
857.30: (-0.16, -0.46, -0.87)
857.42: (0.15, -0.37, -0.91)
857.52: (0.38, -0.25, -0.89)
857.63: (0.68, 0.00, -0.73)
857.75: (0.81, 0.16, -0.56)
857.87: (0.87, 0.32, -0.37)
857.98: (0.87, 0.44, -0.21)
858.10: (0.82, 0.55, -0.15)
858.20: (0.63, 0.78, 0.03)
858.30: (0.41, 0.89, 0.20)
858.42: (0.28, 0.95, 0.12)
858.53: (0.06, 0.97, -0.23)
858.63: (-0.18, 0.84, -0.51)
858.75: (-0.32, 0.30, -0.90)
858.87: (-0.16, -0.53, -0.83)
858.98: (0.07, -0.85, -0.52)
859.10: (0.37, -0.90, -0.23)
859.20: (0.49, -0.86, -0.14)
859.30: (0.60, -0.78, -0.17)
859.42: (0.82, -0.56, -0.12)
859.53: (0.98, -0.18, -0.04)
859.65: (0.96, 0.26, -0.14)
859.75: (0.70, 0.65, -0.31)
859.87: (0.67, 0.62, -0.41)
859.98: (0.67, 0.62, -0.41)
860.08: (0.67, 0.62, -0.41)
860.20: (0.68, 0.61, -0.41)
860.32: (0.68, 0.62, -0.39)
860.42: (0.63, 0.76, -0.17)
860.53: (0.41, 0.91, 0.09)
860.65: (0.18, 0.92, 0.34)
860.77: (-0.13, 0.78, 0.61)
860.88: (-0.36, 0.50, 0.78)
861.00: (-0.54, 0.15, 0.83)
861.12: (-0.57, -0.19, 0.80)
861.23: (-0.41, -0.41, 0.81)
861.33: (-0.41, -0.41, 0.81)
861.45: (-0.41, -0.41, 0.81)
861.57: (-0.43, -0.42, 0.80)
861.68: (-0.52, -0.34, 0.78)
861.80: (-0.74, 0.03, 0.67)
861.92: (-0.84, 0.30, 0.46)
862.03: (-0.91, 0.27, 0.32)
862.15: (-0.93, 0.23, 0.29)
862.22: (-0.93, 0.24, 0.28)
862.22: (-0.99, -0.10, -0.04): 2
862.25: (-0.93, 0.24, 0.27)
862.35: (-0.93, 0.25, 0.27)
862.47: (-0.92, 0.28, 0.26)
862.58: (-0.92, 0.30, 0.24)
862.70: (-0.98, 0.12, 0.14)
862.82: (-1.00, 0.02, 0.03)
862.92: (-1.00, 0.02, 0.02)
863.03: (-1.00, -0.01, -0.02)
863.13: (-1.00, -0.02, -0.04)
863.18: (-1.00, -0.02, -0.04)
863.18: (-1.00, 0.00, -0.02): 1
863.23: (-1.00, -0.02, -0.04)
863.35: (-1.00, -0.02, -0.04)
863.47: (-1.00, -0.02, -0.04)
863.58: (-1.00, -0.02, -0.05)
863.65: (-1.00, -0.02, -0.05)
END