3/28/2023 6:29:47 PM
Mode: Stereo
White time (s): [5.532112, 2.415947, 3.249832, 0.7667236, 2.166, 4.815414, 2.016647, 1.516251, 4.565521, 1.049789, 1.449432, 2.46611, 3.965652, 1.332993, 0.8666382, 1.4496, 1.04953, 1.482758, 2.08287, 5.732086, 1.532791, 0.9165649, 2.916153, 1.050232, 2.699005, 1.16687, 0.7000122, 4.948975, 2.199799, 2.016144]
Shot time (s): [2.849472, 0.8165665, 5.282097, 5.648849, 0.9831085, 1.266342, 3.049438, 1.083267, 2.599442, 2.766083, 1.666656, 2.949524, 1.566376, 2.449402, 1.149551, 0.8830414, 3.216156, 1.066498, 2.382629, 1.149628, 1.899643, 0.8164063, 2.88266, 0.9832153, 3.249176, 6.165161, 1.982697, 2.016724, 3.115753, 2.715973]
Step time (s): [2.449463, 2.432968, 1.033432, 1.94931, 4.449112, 2.899139, 2.183289, 4.965607, 1.899429, 3.466141, 1.033066, 4.032867, 1.499786, 1.183151, 3.016449, 4.599091, 0.8163147, 2.91629, 1.416809, 2.53302, 3.39949, 1.066391, 2.133301, 2.66629, 4.165771, 2.765686, 1.733246, 2.849548, 3.198914, 3.016663]
White horz (deg): [496.395, 198.1124, 178.4024, 22.07249, 144.3825, 371.9924, 137.6325, 122.9175, 424.2374, 26.52749, 94.97247, 240.9749, 349.0425, 71.41498, 25.71749, 97.60497, 33.47999, 115.6275, 173.34, 558.8328, 114.885, 21.9375, 222.2775, 17.14499, 126.4949, 36.31499, 15.255, 447.3226, 203.6475, 138.3075]
Shot horz (deg): [267.5701, 17.75249, 429.6373, 476.3476, 38.94749, 17.14499, 225.9899, 53.79749, 211.7474, 181.4399, 104.3549, 224.0999, 106.38, 158.0175, 51.56999, 27.74249, 376.2449, 36.31499, 203.2424, 43.73999, 181.3049, 17.88749, 175.5, 42.39, 105.8399, 356.1299, 129.1275, 91.46247, 293.0174, 193.455]
Step horz (deg): [180.0225, 134.6625, 25.31249, 141.5475, 350.3927, 135.9449, 167.4675, 351.6076, 41.71498, 198.5175, 68.37748, 393.12, 89.70748, 39.21749, 164.16, 393.7274, 13.4325, 173.07, 78.02998, 163.3499, 317.3175, 26.79749, 72.76498, 157.2074, 243.1349, 162.945, 160.245, 199.3949, 214.3125, 187.0424]
White vert (deg): [300.1049, 92.33995, 130.3424, 4.522498, 74.11497, 238.4775, 36.04499, 27.33749, 178.875, 40.63499, 24.63749, 52.785, 144.9224, 33.5475, 12.48749, 55.55249, 37.73249, 26.32499, 45.96749, 231.9973, 41.10749, 7.424998, 65.47498, 38.61, 95.37745, 22.7475, 10.665, 310.6349, 95.98494, 30.17249]
Shot vert (deg): [76.47747, 28.48499, 273.51, 231.4575, 15.79499, 44.48248, 172.8675, 36.3825, 57.57746, 55.34999, 95.71497, 115.9649, 51.70498, 59.87249, 25.64999, 18.02249, 95.71495, 36.65249, 41.24249, 34.62749, 60.14249, 28.34999, 76.67995, 13.77, 200.88, 406.7551, 134.19, 79.98746, 179.4825, 39.14999]
Step vert (deg): [29.63249, 94.43244, 30.23999, 128.25, 234.8999, 117.3149, 54.26997, 208.1024, 84.77996, 118.7999, 38.60998, 138.1049, 44.8875, 32.53499, 103.275, 255.2849, 15.7275, 93.68995, 58.79249, 46.84498, 159.7724, 27.94499, 119.61, 85.85997, 133.92, 100.035, 78.77248, 72.89994, 160.1775, 114.6149]

Time in sec: camera forward versor
Time in sec: target versor: sound type (0 = White, 1 = Shot, 2 = Step)
START
94.45: (-0.95, 0.25, 0.18): 2
94.45: (-0.02, -0.03, 1.00)
94.55: (-0.02, -0.03, 1.00)
94.67: (-0.02, -0.03, 1.00)
94.77: (-0.02, -0.03, 1.00)
94.88: (0.06, -0.06, 1.00)
94.98: (0.14, -0.12, 0.98)
95.08: (0.31, -0.25, 0.92)
95.20: (0.53, -0.34, 0.77)
95.32: (0.54, -0.34, 0.77)
95.43: (0.57, -0.33, 0.75)
95.55: (0.55, -0.32, 0.77)
95.67: (0.05, -0.06, 1.00)
95.78: (-0.26, 0.04, 0.96)
95.90: (-0.56, 0.14, 0.82)
96.02: (-0.87, 0.23, 0.43)
96.13: (-0.88, 0.22, 0.42)
96.25: (-0.88, 0.22, 0.42)
96.35: (-0.87, 0.23, 0.43)
96.47: (-0.91, 0.32, 0.25)
96.58: (-0.93, 0.32, 0.15)
96.70: (-0.95, 0.26, 0.17)
96.82: (-0.95, 0.24, 0.19)
96.90: (-0.95, 0.24, 0.19)
96.90: (-0.02, -0.99, 0.16): 0
96.93: (-0.95, 0.24, 0.19)
97.03: (-0.95, 0.24, 0.19)
97.15: (-0.95, 0.25, 0.20)
97.27: (-0.94, 0.27, 0.23)
97.38: (-0.75, 0.15, 0.65)
97.50: (-0.57, 0.07, 0.82)
97.62: (-0.37, -0.06, 0.93)
97.73: (-0.38, -0.08, 0.92)
97.85: (-0.38, -0.08, 0.92)
97.95: (-0.41, -0.08, 0.91)
98.07: (0.04, -0.24, 0.97)
98.18: (0.60, -0.37, 0.71)
98.28: (0.71, -0.43, 0.55)
98.40: (0.86, -0.46, 0.21)
98.52: (0.84, -0.48, 0.25)
98.63: (0.84, -0.48, 0.25)
98.75: (0.89, -0.44, 0.14)
98.87: (0.79, -0.29, -0.54)
98.98: (0.49, -0.13, -0.86)
99.08: (0.34, -0.04, -0.94)
99.20: (0.20, 0.08, -0.98)
99.32: (0.24, 0.07, -0.97)
99.43: (0.24, 0.07, -0.97)
99.53: (0.23, 0.25, -0.94)
99.65: (0.12, 0.75, -0.65)
99.77: (0.15, 0.96, -0.25)
99.87: (0.19, 0.98, -0.11)
99.97: (0.17, 0.98, -0.10)
100.08: (-0.23, 0.97, 0.12)
100.20: (-0.54, 0.83, 0.14)
100.32: (-0.54, 0.83, 0.14)
100.43: (-0.54, 0.83, 0.14)
100.55: (-0.57, 0.80, 0.20)
100.67: (-0.52, 0.62, 0.59)
100.78: (-0.43, 0.38, 0.82)
100.90: (-0.45, 0.33, 0.83)
101.00: (-0.60, 0.11, 0.79)
101.12: (-0.71, -0.57, 0.42)
101.23: (-0.75, -0.67, 0.00)
101.35: (-0.83, -0.49, -0.27)
101.47: (-0.85, -0.29, -0.45)
101.57: (-0.88, -0.40, -0.25)
101.68: (-0.71, -0.70, -0.08)
101.80: (-0.45, -0.89, 0.01)
101.92: (-0.30, -0.95, 0.10)
102.03: (-0.14, -0.97, 0.20)
102.15: (-0.07, -0.97, 0.23)
102.27: (-0.12, -0.99, 0.11)
102.38: (-0.12, -0.99, 0.10)
102.43: (-0.11, -0.99, 0.11)
102.43: (-0.17, 0.78, 0.61): 2
102.50: (-0.07, -0.99, 0.15)
102.62: (-0.07, -0.98, 0.17)
102.73: (-0.07, -0.98, 0.17)
102.85: (-0.19, -0.98, 0.12)
102.97: (-0.35, -0.94, 0.02)
103.08: (-0.58, -0.82, -0.02)
103.20: (-0.85, -0.53, 0.02)
103.32: (-0.96, -0.24, 0.11)
103.42: (-0.97, -0.13, 0.22)
103.53: (-0.90, 0.10, 0.42)
103.65: (-0.81, 0.34, 0.47)
103.77: (-0.76, 0.43, 0.49)
103.88: (-0.76, 0.43, 0.49)
104.00: (-0.73, 0.46, 0.50)
104.12: (-0.43, 0.71, 0.56)
104.22: (-0.31, 0.78, 0.54)
104.33: (-0.41, 0.73, 0.55)
104.43: (-0.42, 0.72, 0.55)
104.55: (-0.40, 0.73, 0.56)
104.67: (-0.33, 0.77, 0.55)
104.77: (-0.26, 0.79, 0.55)
104.87: (-0.26, 0.79, 0.55)
104.87: (-0.37, -0.91, -0.16): 1
104.88: (-0.26, 0.79, 0.55)
104.98: (-0.26, 0.79, 0.55)
105.10: (-0.26, 0.79, 0.55)
105.22: (-0.32, 0.77, 0.55)
105.33: (-0.44, 0.72, 0.54)
105.45: (-0.60, 0.64, 0.48)
105.57: (-0.76, 0.50, 0.42)
105.68: (-0.92, 0.30, 0.26)
105.78: (-0.99, 0.06, -0.12)
105.90: (-0.79, -0.22, -0.58)
106.02: (-0.83, -0.14, -0.53)
106.12: (-0.87, -0.08, -0.49)
106.23: (-0.90, 0.02, -0.43)
106.35: (-0.78, -0.30, -0.55)
106.47: (-0.19, -0.71, -0.68)
106.57: (0.01, -0.79, -0.62)
106.68: (0.19, -0.83, -0.53)
106.80: (0.19, -0.87, -0.45)
106.92: (-0.23, -0.87, -0.43)
107.02: (-0.35, -0.85, -0.40)
107.13: (-0.22, -0.91, -0.36)
107.25: (-0.20, -0.91, -0.35)
107.37: (-0.24, -0.92, -0.31)
107.48: (-0.30, -0.92, -0.23)
107.60: (-0.30, -0.94, -0.15)
107.72: (-0.32, -0.94, -0.10)
107.72: (-0.07, -0.93, 0.36): 2
107.72: (-0.32, -0.94, -0.10)
107.83: (-0.32, -0.94, -0.10)
107.95: (-0.33, -0.94, -0.12)
108.07: (-0.27, -0.95, -0.16)
108.18: (-0.18, -0.98, 0.07)
108.30: (-0.19, -0.96, 0.19)
108.42: (-0.26, -0.93, 0.25)
108.53: (-0.17, -0.94, 0.29)
108.65: (-0.10, -0.95, 0.28)
108.75: (-0.10, -0.95, 0.28)
108.75: (0.97, -0.22, 0.07): 2
108.75: (-0.10, -0.95, 0.28)
108.87: (-0.10, -0.95, 0.29)
108.98: (-0.09, -0.96, 0.26)
109.10: (0.16, -0.97, 0.16)
109.22: (0.34, -0.94, -0.04)
109.33: (0.50, -0.84, -0.21)
109.45: (0.67, -0.68, -0.30)
109.55: (0.85, -0.39, -0.36)
109.65: (0.90, -0.35, -0.27)
109.75: (0.77, -0.64, -0.02)
109.87: (0.67, -0.71, 0.22)
109.98: (0.90, -0.44, 0.05)
110.10: (0.97, -0.22, -0.11)
110.22: (0.95, -0.30, -0.06)
110.33: (0.94, -0.33, 0.02)
110.43: (0.97, -0.26, 0.03)
110.53: (0.97, -0.22, 0.03)
110.65: (0.96, -0.27, 0.05)
110.70: (0.96, -0.27, 0.05)
110.70: (0.93, 0.11, -0.36): 1
110.76: (0.96, -0.27, 0.05)
110.87: (0.96, -0.27, 0.05)
110.98: (0.97, -0.25, -0.01)
111.10: (0.98, -0.07, -0.20)
111.21: (0.95, 0.09, -0.30)
111.33: (0.96, 0.06, -0.26)
111.45: (0.97, 0.05, -0.25)
111.51: (0.97, 0.05, -0.25)
111.51: (-0.60, -0.12, 0.79): 0
111.55: (0.97, 0.05, -0.25)
111.66: (0.95, 0.08, -0.30)
111.77: (0.91, 0.09, -0.41)
111.88: (0.83, 0.16, -0.54)
111.98: (0.75, 0.22, -0.62)
112.10: (0.73, 0.21, -0.65)
112.21: (0.61, 0.10, -0.78)
112.33: (0.42, -0.04, -0.91)
112.45: (0.32, -0.14, -0.94)
112.56: (0.27, -0.44, -0.86)
112.68: (0.09, -0.75, -0.65)
112.80: (-0.16, -0.95, -0.28)
112.90: (-0.23, -0.97, -0.11)
113.01: (-0.32, -0.91, 0.28)
113.13: (-0.39, -0.66, 0.64)
113.23: (-0.40, -0.63, 0.66)
113.35: (-0.46, -0.37, 0.80)
113.46: (-0.55, -0.21, 0.81)
113.58: (-0.64, -0.20, 0.74)
113.70: (-0.63, -0.22, 0.74)
113.81: (-0.58, -0.20, 0.79)
113.93: (-0.59, -0.14, 0.80)
113.93: (1.00, 0.02, -0.03): 2
113.93: (-0.59, -0.14, 0.80)
114.05: (-0.59, -0.14, 0.80)
114.16: (-0.55, -0.21, 0.81)
114.28: (-0.51, -0.26, 0.82)
114.38: (-0.43, -0.32, 0.84)
114.50: (-0.31, -0.46, 0.83)
114.61: (-0.16, -0.61, 0.78)
114.73: (-0.02, -0.68, 0.74)
114.85: (0.12, -0.75, 0.65)
114.95: (0.19, -0.89, 0.41)
115.06: (0.17, -0.98, 0.08)
115.18: (0.16, -0.98, 0.09)
115.28: (0.16, -0.77, 0.62)
115.40: (0.03, -0.43, 0.90)
115.51: (-0.06, 0.17, 0.98)
115.61: (-0.17, 0.46, 0.87)
115.73: (-0.19, 0.47, 0.86)
115.85: (-0.19, 0.47, 0.86)
115.96: (-0.16, 0.52, 0.84)
116.08: (-0.06, 0.76, 0.65)
116.20: (-0.01, 0.94, 0.35)
116.31: (-0.04, 0.99, 0.14)
116.43: (-0.11, 0.98, -0.17)
116.53: (-0.13, 0.88, -0.45)
116.65: (-0.14, 0.77, -0.62)
116.76: (0.04, 0.84, -0.55)
116.88: (0.27, 0.89, -0.37)
117.00: (0.63, 0.77, -0.11)
117.11: (0.81, 0.58, 0.09)
117.23: (0.89, 0.30, 0.35)
117.35: (0.86, 0.22, 0.46)
117.46: (0.86, 0.22, 0.46)
117.58: (0.87, 0.20, 0.44)
117.70: (0.91, 0.11, 0.40)
117.80: (0.94, 0.06, 0.34)
117.91: (0.98, 0.10, 0.19)
118.03: (0.99, 0.16, -0.05)
118.15: (0.99, 0.12, -0.03)
118.26: (1.00, 0.06, 0.07)
118.38: (1.00, 0.05, 0.08)
118.38: (-0.39, -0.92, -0.03): 0
118.38: (1.00, 0.05, 0.08)
118.48: (1.00, 0.05, 0.08)
118.60: (1.00, 0.05, 0.08)
118.71: (0.98, 0.10, 0.18)
118.81: (0.97, 0.24, 0.09)
118.93: (0.82, 0.54, -0.18)
119.05: (0.63, 0.65, -0.42)
119.16: (0.39, 0.57, -0.72)
119.28: (0.23, 0.52, -0.82)
119.40: (0.26, 0.53, -0.81)
119.51: (0.26, 0.53, -0.81)
119.61: (0.27, 0.52, -0.81)
119.73: (0.24, 0.34, -0.91)
119.83: (0.11, 0.08, -0.99)
119.95: (-0.01, -0.18, -0.98)
120.06: (-0.07, -0.29, -0.95)
120.18: (-0.09, -0.38, -0.92)
120.30: (-0.11, -0.45, -0.88)
120.41: (-0.08, -0.54, -0.84)
120.53: (-0.02, -0.60, -0.80)
120.65: (0.01, -0.67, -0.74)
120.75: (0.07, -0.75, -0.66)
120.86: (0.07, -0.92, -0.37)
120.98: (-0.01, -0.96, -0.29)
121.10: (-0.39, -0.91, -0.14)
121.21: (-0.44, -0.89, -0.13)
121.31: (-0.43, -0.89, -0.14)
121.43: (-0.40, -0.90, -0.15)
121.55: (-0.39, -0.91, -0.15)
121.63: (-0.39, -0.91, -0.13)
121.63: (-0.98, 0.13, -0.14): 1
121.65: (-0.39, -0.91, -0.13)
121.76: (-0.39, -0.91, -0.14)
121.88: (-0.37, -0.92, -0.15)
122.00: (-0.24, -0.91, -0.33)
122.11: (-0.11, -0.88, -0.46)
122.23: (0.01, -0.78, -0.62)
122.33: (0.08, -0.71, -0.70)
122.45: (0.09, -0.69, -0.72)
122.55: (-0.11, -0.85, -0.52)
122.66: (-0.35, -0.90, -0.24)
122.76: (-0.49, -0.86, -0.12)
122.88: (-0.75, -0.63, 0.22)
123.00: (-0.81, -0.48, 0.34)
123.11: (-0.81, -0.49, 0.34)
123.23: (-0.81, -0.49, 0.34)
123.35: (-0.80, -0.49, 0.33)
123.46: (-0.74, -0.43, 0.52)
123.56: (-0.67, -0.33, 0.67)
123.68: (-0.57, -0.06, 0.82)
123.80: (-0.51, 0.14, 0.85)
123.91: (-0.36, 0.38, 0.85)
124.03: (-0.27, 0.55, 0.79)
124.15: (-0.19, 0.64, 0.75)
124.25: (-0.13, 0.69, 0.71)
124.36: (-0.04, 0.77, 0.64)
124.48: (0.15, 0.87, 0.48)
124.60: (0.33, 0.86, 0.40)
124.71: (0.39, 0.70, 0.60)
124.83: (0.31, 0.50, 0.81)
124.93: (0.28, 0.23, 0.93)
125.05: (0.20, -0.18, 0.96)
125.16: (0.00, -0.46, 0.89)
125.28: (-0.38, -0.63, 0.67)
125.40: (-0.50, -0.55, 0.67)
125.51: (-0.50, -0.55, 0.67)
125.63: (-0.50, -0.55, 0.67)
125.73: (-0.50, -0.61, 0.61)
125.85: (-0.66, -0.71, 0.25)
125.96: (-0.77, -0.62, -0.15)
126.06: (-0.84, -0.40, -0.37)
126.18: (-0.87, -0.04, -0.49)
126.30: (-0.92, -0.02, -0.38)
126.41: (-0.97, -0.23, -0.06)
126.53: (-0.98, -0.22, 0.02)
126.65: (-1.00, 0.01, -0.08)
126.75: (-1.00, 0.02, -0.09)
126.86: (-1.00, 0.02, -0.09)
126.91: (-1.00, 0.02, -0.09)
126.91: (0.91, 0.38, 0.15): 2
126.98: (-1.00, 0.02, -0.09)
127.10: (-0.99, 0.04, -0.10)
127.21: (-0.99, 0.11, -0.11)
127.33: (-0.95, 0.31, -0.08)
127.43: (-0.92, 0.38, 0.08)
127.55: (-0.88, 0.39, 0.26)
127.66: (-0.84, 0.38, 0.38)
127.76: (-0.74, 0.55, 0.40)
127.88: (-0.73, 0.56, 0.40)
127.98: (-0.73, 0.56, 0.40)
128.09: (-0.73, 0.55, 0.41)
128.21: (-0.55, 0.57, 0.61)
128.33: (-0.39, 0.63, 0.67)
128.44: (-0.20, 0.81, 0.56)
128.54: (-0.03, 0.91, 0.41)
128.66: (0.06, 0.91, 0.40)
128.78: (0.25, 0.86, 0.44)
128.89: (0.45, 0.81, 0.37)
129.01: (0.61, 0.74, 0.29)
129.13: (0.76, 0.64, 0.07)
129.23: (0.77, 0.64, 0.10)
129.34: (0.77, 0.58, 0.26)
129.46: (0.83, 0.48, 0.29)
129.58: (0.87, 0.44, 0.23)
129.69: (0.88, 0.43, 0.20)
129.79: (0.89, 0.42, 0.20)
129.81: (0.89, 0.42, 0.20)
129.81: (0.63, -0.48, 0.61): 1
129.89: (0.89, 0.42, 0.20)
130.01: (0.89, 0.42, 0.19)
130.13: (0.82, 0.53, 0.19)
130.24: (0.58, 0.72, 0.40)
130.36: (0.44, 0.68, 0.59)
130.46: (0.30, 0.52, 0.80)
130.58: (-0.01, 0.37, 0.93)
130.69: (-0.28, 0.29, 0.92)
130.81: (-0.46, 0.13, 0.88)
130.93: (-0.63, -0.13, 0.77)
131.04: (-0.69, -0.16, 0.71)
131.16: (-0.68, -0.15, 0.71)
131.28: (-0.68, -0.14, 0.72)
131.39: (-0.71, -0.11, 0.69)
131.51: (-0.85, -0.08, 0.51)
131.61: (-0.95, -0.13, 0.29)
131.73: (-0.92, -0.39, -0.06)
131.84: (-0.71, -0.60, -0.37)
131.94: (-0.53, -0.69, -0.49)
132.06: (-0.29, -0.75, -0.59)
132.18: (-0.05, -0.78, -0.62)
132.29: (0.25, -0.77, -0.58)
132.39: (0.33, -0.78, -0.54)
132.51: (0.33, -0.78, -0.54)
132.63: (0.33, -0.69, -0.64)
132.74: (0.08, -0.48, -0.87)
132.86: (-0.16, -0.07, -0.98)
132.96: (-0.19, 0.04, -0.98)
133.06: (-0.14, 0.06, -0.99)
133.18: (-0.36, 0.23, -0.90)
133.29: (-0.56, 0.10, -0.83)
133.39: (-0.56, 0.10, -0.83)
133.51: (-0.56, 0.10, -0.82)
133.63: (-0.36, 0.39, -0.85)
133.74: (0.01, 0.54, -0.84)
133.86: (0.23, 0.52, -0.82)
133.96: (0.31, 0.52, -0.79)
134.08: (0.49, 0.52, -0.70)
134.18: (0.70, 0.47, -0.54)
134.29: (0.96, 0.25, -0.16)
134.41: (0.98, 0.18, -0.05)
134.53: (0.99, 0.03, 0.16)
134.64: (0.85, -0.21, 0.48)
134.74: (0.83, -0.26, 0.49)
134.86: (0.83, -0.26, 0.49)
134.98: (0.83, -0.23, 0.50)
135.09: (0.70, -0.36, 0.62)
135.19: (0.66, -0.39, 0.65)
135.31: (0.65, -0.42, 0.63)
135.43: (0.64, -0.47, 0.61)
135.46: (0.64, -0.47, 0.61)
135.46: (0.56, 0.62, -0.55): 2
135.53: (0.64, -0.47, 0.61)
135.63: (0.64, -0.47, 0.61)
135.74: (0.64, -0.47, 0.61)
135.86: (0.60, -0.50, 0.62)
135.96: (0.41, -0.60, 0.68)
136.08: (0.31, -0.62, 0.72)
136.18: (0.51, -0.56, 0.65)
136.29: (0.87, -0.41, 0.28)
136.39: (0.94, -0.33, -0.02)
136.51: (0.93, -0.26, -0.26)
136.63: (0.76, 0.08, -0.64)
136.74: (0.49, 0.31, -0.81)
136.84: (0.48, 0.30, -0.83)
136.96: (0.48, 0.30, -0.83)
137.08: (0.52, 0.30, -0.80)
137.19: (0.54, 0.48, -0.69)
137.31: (0.53, 0.54, -0.65)
137.41: (0.54, 0.55, -0.64)
137.53: (0.55, 0.58, -0.60)
137.63: (0.54, 0.61, -0.58)
137.64: (0.54, 0.61, -0.58)
137.64: (0.74, 0.49, -0.46): 1
137.74: (0.54, 0.61, -0.58)
137.86: (0.54, 0.61, -0.58)
137.98: (0.61, 0.53, -0.59)
138.08: (0.77, 0.34, -0.54)
138.19: (0.75, 0.43, -0.50)
138.29: (0.64, 0.57, -0.52)
138.41: (0.66, 0.54, -0.52)
138.51: (0.69, 0.50, -0.52)
138.61: (0.70, 0.50, -0.52)
138.63: (0.70, 0.50, -0.52)
138.63: (0.45, 0.79, 0.40): 2
138.73: (0.70, 0.50, -0.51)
138.84: (0.70, 0.50, -0.51)
138.96: (0.77, 0.37, -0.52)
139.08: (0.84, 0.24, -0.49)
139.18: (0.87, 0.15, -0.48)
139.29: (0.87, -0.36, -0.34)
139.41: (0.74, -0.65, -0.18)
139.51: (0.66, -0.75, -0.11)
139.61: (0.55, -0.83, -0.06)
139.73: (0.28, -0.96, 0.10)
139.83: (0.17, -0.98, 0.14)
139.94: (0.17, -0.98, 0.14)
140.06: (0.17, -0.97, 0.15)
140.18: (0.16, -0.90, 0.40)
140.28: (0.07, -0.77, 0.63)
140.39: (-0.02, -0.65, 0.76)
140.51: (-0.04, -0.59, 0.81)
140.63: (-0.33, -0.31, 0.89)
140.74: (-0.57, -0.16, 0.81)
140.84: (-0.57, -0.16, 0.81)
140.96: (-0.57, -0.16, 0.81)
141.08: (-0.59, -0.01, 0.80)
141.19: (-0.69, 0.29, 0.67)
141.31: (-0.72, 0.53, 0.44)
141.41: (-0.72, 0.67, 0.17)
141.53: (-0.64, 0.76, -0.11)
141.63: (-0.57, 0.78, -0.24)
141.74: (-0.46, 0.77, -0.44)
141.86: (-0.34, 0.68, -0.65)
141.98: (-0.35, 0.66, -0.66)
142.09: (-0.30, 0.73, -0.61)
142.21: (-0.17, 0.88, -0.45)
142.33: (-0.10, 0.95, -0.28)
142.44: (0.15, 0.99, 0.00)
142.54: (0.32, 0.95, 0.01)
142.64: (0.43, 0.90, -0.04)
142.76: (0.36, 0.93, 0.05)
142.88: (0.27, 0.91, 0.32)
142.99: (0.31, 0.86, 0.41)
143.11: (0.38, 0.79, 0.48)
143.21: (0.39, 0.79, 0.48)
143.33: (0.40, 0.80, 0.45)
143.44: (0.44, 0.82, 0.36)
143.56: (0.44, 0.82, 0.35)
143.59: (0.44, 0.82, 0.35)
143.59: (0.67, 0.56, 0.49): 1
143.66: (0.44, 0.82, 0.35)
143.78: (0.43, 0.82, 0.37)
143.89: (0.41, 0.82, 0.40)
144.01: (0.39, 0.82, 0.41)
144.11: (0.45, 0.74, 0.50)
144.23: (0.57, 0.51, 0.64)
144.33: (0.58, 0.49, 0.65)
144.44: (0.62, 0.61, 0.50)
144.56: (0.63, 0.62, 0.47)
144.67: (0.64, 0.57, 0.51)
144.77: (0.64, 0.55, 0.53)
144.86: (0.64, 0.55, 0.53)
144.86: (-0.44, 0.90, -0.05): 2
144.89: (0.64, 0.55, 0.53)
144.99: (0.64, 0.55, 0.53)
145.11: (0.62, 0.55, 0.56)
145.22: (0.48, 0.69, 0.55)
145.34: (0.36, 0.83, 0.42)
145.46: (0.35, 0.84, 0.42)
145.57: (0.30, 0.88, 0.36)
145.69: (0.13, 0.99, 0.06)
145.79: (-0.06, 1.00, -0.01)
145.91: (-0.11, 0.99, 0.00)
146.02: (-0.11, 0.99, 0.00)
146.14: (-0.29, 0.93, -0.22)
146.24: (-0.35, 0.91, -0.23)
146.36: (-0.34, 0.93, -0.17)
146.46: (-0.34, 0.93, -0.13)
146.57: (-0.40, 0.91, -0.09)
146.69: (-0.47, 0.88, -0.06)
146.76: (-0.47, 0.88, -0.06)
146.76: (-0.71, 0.68, 0.18): 0
146.79: (-0.47, 0.88, -0.06)
146.91: (-0.47, 0.88, -0.06)
147.02: (-0.47, 0.88, -0.04)
147.14: (-0.61, 0.79, 0.09)
147.24: (-0.68, 0.72, 0.14)
147.34: (-0.68, 0.72, 0.14)
147.46: (-0.68, 0.71, 0.15)
147.52: (-0.69, 0.70, 0.18)
147.52: (-0.93, -0.36, -0.04): 1
147.57: (-0.69, 0.70, 0.18)
147.69: (-0.69, 0.69, 0.20)
147.81: (-0.74, 0.61, 0.28)
147.92: (-0.77, 0.55, 0.33)
148.04: (-0.80, 0.42, 0.43)
148.16: (-0.86, 0.13, 0.50)
148.26: (-0.83, 0.09, 0.55)
148.36: (-0.72, 0.08, 0.69)
148.47: (-0.60, 0.07, 0.80)
148.59: (-0.30, 0.19, 0.93)
148.71: (-0.07, 0.32, 0.95)
148.82: (0.12, 0.39, 0.91)
148.92: (0.29, 0.58, 0.76)
149.04: (0.27, 0.91, 0.33)
149.14: (0.04, 1.00, -0.04)
149.26: (-0.34, 0.80, -0.50)
149.37: (-0.60, 0.56, -0.57)
149.49: (-0.80, 0.18, -0.57)
149.59: (-0.85, 0.09, -0.52)
149.71: (-0.85, 0.09, -0.52)
149.81: (-0.85, 0.09, -0.52)
149.92: (-0.84, 0.08, -0.53)
150.04: (-0.88, -0.08, -0.47)
150.16: (-0.94, -0.17, -0.28)
150.27: (-0.97, -0.17, -0.16)
150.39: (-0.94, -0.31, -0.11)
150.51: (-0.92, -0.38, -0.11)
150.57: (-0.92, -0.38, -0.11)
150.57: (0.67, -0.44, -0.60): 0
150.61: (-0.92, -0.38, -0.11)
150.72: (-0.92, -0.38, -0.11)
150.84: (-0.92, -0.36, -0.12)
150.96: (-0.93, -0.38, 0.00)
151.07: (-0.95, -0.31, 0.08)
151.19: (-0.87, -0.48, 0.04)
151.29: (-0.42, -0.90, -0.06)
151.41: (-0.03, -0.99, -0.10)
151.52: (0.17, -0.98, -0.04)
151.64: (0.34, -0.94, 0.05)
151.76: (0.63, -0.78, 0.06)
151.86: (0.62, -0.78, 0.05)
151.97: (0.62, -0.78, 0.05)
152.09: (0.74, -0.64, -0.21)
152.21: (0.67, -0.57, -0.48)
152.32: (0.64, -0.60, -0.48)
152.44: (0.63, -0.62, -0.46)
152.54: (0.62, -0.61, -0.50)
152.66: (0.64, -0.56, -0.53)
152.74: (0.64, -0.54, -0.55)
152.74: (0.99, -0.12, -0.03): 1
152.77: (0.64, -0.54, -0.55)
152.89: (0.64, -0.53, -0.55)
152.99: (0.68, -0.50, -0.54)
153.09: (0.91, -0.15, -0.38)
153.21: (0.98, -0.01, -0.19)
153.32: (0.98, -0.11, -0.16)
153.42: (0.95, -0.24, -0.20)
153.54: (0.95, -0.24, -0.20)
153.66: (0.98, -0.17, -0.11)
153.77: (0.99, -0.15, -0.06)
153.82: (0.99, -0.15, -0.06)
153.82: (-0.92, 0.05, -0.39): 1
153.87: (0.99, -0.15, -0.06)
153.97: (0.99, -0.15, -0.07)
154.09: (0.99, -0.09, -0.08)
154.19: (0.99, 0.16, 0.02)
154.31: (0.96, 0.26, 0.06)
154.42: (0.81, 0.58, 0.06)
154.54: (0.37, 0.92, 0.09)
154.66: (0.28, 0.95, 0.12)
154.77: (-0.02, 0.99, 0.10)
154.87: (-0.15, 0.97, 0.20)
154.99: (-0.15, 0.97, 0.20)
155.11: (-0.14, 0.97, 0.20)
155.21: (-0.29, 0.94, 0.16)
155.32: (-0.62, 0.78, 0.10)
155.42: (-0.79, 0.60, 0.10)
155.54: (-0.94, 0.33, 0.07)
155.66: (-0.97, 0.24, 0.01)
155.77: (-0.93, 0.36, -0.09)
155.89: (-0.92, 0.34, -0.18)
155.99: (-0.97, 0.16, -0.21)
156.09: (-0.97, 0.04, -0.22)
156.21: (-0.96, 0.07, -0.26)
156.32: (-0.94, 0.13, -0.31)
156.42: (-0.94, 0.13, -0.32)
156.42: (0.69, 0.53, -0.49): 2
156.44: (-0.94, 0.13, -0.32)
156.54: (-0.94, 0.13, -0.32)
156.66: (-0.94, 0.14, -0.32)
156.76: (-0.94, 0.14, -0.32)
156.87: (-0.85, 0.19, -0.48)
156.99: (-0.78, 0.18, -0.60)
157.11: (-0.76, 0.22, -0.61)
157.22: (-0.72, 0.26, -0.64)
157.34: (-0.69, 0.28, -0.67)
157.44: (-0.59, 0.39, -0.71)
157.56: (-0.33, 0.51, -0.79)
157.67: (-0.19, 0.53, -0.83)
157.79: (-0.12, 0.66, -0.75)
157.91: (0.07, 0.87, -0.48)
158.01: (0.24, 0.93, -0.28)
158.12: (0.31, 0.95, -0.09)
158.22: (0.33, 0.94, 0.09)
158.34: (0.33, 0.90, 0.28)
158.46: (0.34, 0.80, 0.48)
158.56: (0.34, 0.74, 0.59)
158.67: (0.34, 0.75, 0.57)
158.79: (0.40, 0.76, 0.51)
158.89: (0.42, 0.90, 0.16)
158.99: (0.40, 0.91, -0.05)
159.11: (0.40, 0.90, -0.17)
159.22: (0.36, 0.87, -0.33)
159.34: (0.54, 0.78, -0.32)
159.46: (0.64, 0.71, -0.30)
159.57: (0.61, 0.71, -0.36)
159.69: (0.65, 0.61, -0.45)
159.81: (0.75, 0.50, -0.44)
159.89: (0.75, 0.50, -0.44)
159.89: (-0.78, 0.33, -0.53): 0
159.91: (0.75, 0.50, -0.44)
160.02: (0.75, 0.50, -0.44)
160.14: (0.72, 0.53, -0.44)
160.26: (0.64, 0.72, -0.27)
160.37: (0.56, 0.83, 0.05)
160.49: (0.42, 0.91, 0.03)
160.60: (0.22, 0.93, -0.28)
160.72: (0.06, 0.84, -0.54)
160.82: (0.02, 0.71, -0.71)
160.94: (0.09, 0.61, -0.79)
161.04: (0.16, 0.45, -0.88)
161.15: (0.25, 0.28, -0.93)
161.27: (0.22, 0.09, -0.97)
161.39: (0.00, -0.17, -0.99)
161.49: (-0.23, -0.35, -0.91)
161.59: (-0.32, -0.36, -0.88)
161.70: (-0.26, -0.20, -0.95)
161.82: (-0.26, -0.20, -0.95)
161.94: (-0.26, -0.20, -0.95)
162.04: (-0.31, -0.29, -0.91)
162.15: (-0.44, -0.45, -0.78)
162.27: (-0.52, -0.56, -0.64)
162.39: (-0.57, -0.63, -0.52)
162.49: (-0.61, -0.70, -0.38)
162.60: (-0.61, -0.75, -0.24)
162.72: (-0.50, -0.81, -0.31)
162.84: (-0.22, -0.88, -0.43)
162.95: (0.20, -0.87, -0.45)
163.05: (0.31, -0.85, -0.42)
163.17: (0.35, -0.83, -0.43)
163.29: (0.45, -0.73, -0.51)
163.40: (0.54, -0.43, -0.73)
163.52: (0.43, -0.03, -0.90)
163.64: (0.03, 0.48, -0.88)
163.75: (-0.28, 0.62, -0.73)
163.87: (-0.24, 0.62, -0.75)
163.97: (-0.37, 0.67, -0.64)
164.09: (-0.68, 0.39, -0.62)
164.20: (-0.77, 0.22, -0.59)
164.30: (-0.77, 0.20, -0.61)
164.42: (-0.75, 0.29, -0.60)
164.54: (-0.75, 0.30, -0.59)
164.65: (-0.78, 0.30, -0.55)
164.70: (-0.79, 0.30, -0.54)
164.70: (0.97, 0.12, -0.19): 1
164.77: (-0.79, 0.30, -0.54)
164.87: (-0.80, 0.29, -0.53)
164.99: (-0.81, 0.15, -0.57)
165.10: (-0.81, 0.15, -0.57)
165.20: (-0.81, 0.15, -0.57)
165.32: (-0.81, 0.15, -0.57)
165.44: (-0.86, 0.28, -0.44)
165.55: (-0.86, 0.30, -0.40)
165.67: (-0.70, 0.12, -0.71)
165.79: (-0.41, -0.08, -0.91)
165.90: (-0.38, -0.12, -0.92)
166.02: (-0.38, -0.12, -0.92)
166.14: (-0.38, -0.12, -0.92)
166.24: (-0.36, -0.11, -0.93)
166.35: (-0.07, -0.14, -0.99)
166.47: (0.30, -0.20, -0.93)
166.59: (0.55, -0.22, -0.81)
166.70: (0.76, -0.25, -0.60)
166.82: (0.93, -0.26, -0.27)
166.94: (0.95, -0.16, -0.28)
167.04: (0.94, -0.07, -0.34)
167.15: (0.95, -0.04, -0.32)
167.27: (0.97, -0.02, -0.23)
167.39: (0.97, 0.01, -0.23)
167.47: (0.97, 0.03, -0.24)
167.47: (0.09, -0.24, 0.97): 0
167.49: (0.97, 0.03, -0.24)
167.60: (0.97, 0.03, -0.24)
167.72: (0.97, 0.03, -0.24)
167.84: (0.96, 0.03, -0.27)
167.95: (0.84, 0.03, -0.54)
168.07: (0.94, -0.06, -0.32)
168.17: (0.98, -0.15, 0.16)
168.29: (0.81, -0.23, 0.54)
168.40: (0.80, -0.27, 0.53)
168.52: (0.80, -0.27, 0.53)
168.62: (0.80, -0.27, 0.53)
168.74: (0.70, -0.19, 0.69)
168.85: (0.44, -0.12, 0.89)
168.95: (0.39, -0.13, 0.91)
169.07: (0.35, -0.17, 0.92)
169.19: (0.23, -0.22, 0.95)
169.30: (0.15, -0.24, 0.96)
169.40: (0.12, -0.24, 0.96)
169.49: (0.12, -0.24, 0.96)
169.49: (0.99, -0.09, -0.10): 0
169.50: (0.12, -0.24, 0.96)
169.62: (0.12, -0.24, 0.96)
169.74: (0.02, -0.20, 0.98)
169.85: (-0.17, -0.20, 0.96)
169.95: (0.01, -0.22, 0.98)
170.07: (0.54, -0.32, 0.78)
170.19: (0.72, -0.27, 0.64)
170.29: (0.93, -0.25, 0.28)
170.40: (0.96, -0.27, 0.01)
170.50: (0.96, -0.28, 0.01)
170.62: (0.96, -0.28, 0.01)
170.74: (0.98, -0.19, 0.01)
170.85: (0.99, -0.11, 0.01)
170.97: (0.99, -0.12, -0.01)
171.00: (0.99, -0.12, -0.02)
171.00: (-0.07, 0.94, -0.32): 0
171.09: (0.99, -0.12, -0.03)
171.20: (0.99, -0.14, -0.08)
171.32: (0.96, -0.18, -0.19)
171.44: (0.92, -0.17, -0.36)
171.55: (0.74, -0.15, -0.65)
171.65: (0.69, -0.15, -0.70)
171.77: (0.49, -0.10, -0.86)
171.89: (0.34, -0.06, -0.94)
172.00: (0.46, -0.09, -0.88)
172.10: (0.70, -0.17, -0.70)
172.22: (0.94, -0.24, -0.22)
172.34: (0.95, -0.30, 0.13)
172.45: (0.80, -0.37, 0.47)
172.57: (0.37, -0.37, 0.85)
172.67: (-0.14, -0.24, 0.96)
172.79: (-0.12, -0.25, 0.96)
172.90: (-0.12, -0.25, 0.96)
173.02: (-0.15, -0.17, 0.97)
173.14: (-0.34, 0.07, 0.94)
173.25: (-0.54, 0.30, 0.78)
173.37: (-0.73, 0.46, 0.50)
173.47: (-0.84, 0.50, 0.20)
173.59: (-0.89, 0.46, -0.04)
173.69: (-0.88, 0.42, -0.22)
173.80: (-0.82, 0.32, -0.47)
173.92: (-0.60, 0.27, -0.75)
174.02: (-0.51, 0.28, -0.81)
174.14: (-0.41, 0.35, -0.84)
174.24: (-0.37, 0.43, -0.82)
174.35: (-0.42, 0.41, -0.81)
174.47: (-0.42, 0.41, -0.81)
174.59: (-0.42, 0.41, -0.81)
174.70: (-0.25, 0.49, -0.84)
174.82: (0.05, 0.85, -0.53)
174.92: (0.31, 0.92, -0.24)
175.04: (0.32, 0.92, -0.23)
175.14: (0.21, 0.88, -0.44)
175.25: (0.12, 0.87, -0.49)
175.37: (0.01, 0.91, -0.40)
175.49: (-0.12, 0.95, -0.28)
175.57: (-0.12, 0.95, -0.28)
175.57: (-0.72, 0.48, 0.50): 1
175.60: (-0.12, 0.95, -0.28)
175.72: (-0.12, 0.95, -0.28)
175.84: (-0.12, 0.94, -0.32)
175.95: (-0.20, 0.86, -0.47)
176.05: (-0.39, 0.67, -0.63)
176.17: (-0.72, 0.57, -0.41)
176.29: (-0.88, 0.43, -0.21)
176.40: (-0.98, 0.21, 0.00)
176.50: (-0.96, 0.27, 0.04)
176.60: (-0.85, 0.52, -0.03)
176.72: (-0.81, 0.56, 0.17)
176.84: (-0.85, 0.43, 0.30)
176.95: (-0.85, 0.39, 0.35)
177.05: (-0.80, 0.45, 0.41)
177.17: (-0.76, 0.46, 0.45)
177.24: (-0.76, 0.46, 0.47)
177.24: (-0.39, 0.91, 0.13): 0
177.27: (-0.76, 0.46, 0.47)
177.37: (-0.76, 0.44, 0.47)
177.49: (-0.83, 0.39, 0.40)
177.60: (-0.83, 0.39, 0.40)
177.72: (-0.79, 0.45, 0.41)
177.83: (-0.62, 0.67, 0.41)
177.95: (-0.44, 0.87, 0.24)
178.05: (-0.43, 0.88, 0.23)
178.17: (-0.45, 0.87, 0.21)
178.28: (-0.45, 0.87, 0.19)
178.28: (-0.54, 0.31, 0.78): 2
178.28: (-0.45, 0.87, 0.19)
178.40: (-0.45, 0.88, 0.18)
178.52: (-0.50, 0.85, 0.13)
178.63: (-0.64, 0.70, 0.32)
178.75: (-0.66, 0.27, 0.70)
178.87: (-0.63, 0.29, 0.72)
178.98: (-0.61, 0.40, 0.69)
179.08: (-0.61, 0.38, 0.70)
179.20: (-0.56, 0.22, 0.80)
179.32: (-0.56, 0.22, 0.80)
179.32: (-0.17, 0.88, -0.45): 0
179.32: (-0.56, 0.22, 0.80)
179.43: (-0.56, 0.23, 0.79)
179.53: (-0.57, 0.23, 0.79)
179.65: (-0.58, 0.20, 0.79)
179.77: (-0.70, 0.34, 0.63)
179.88: (-0.75, 0.63, 0.21)
180.00: (-0.66, 0.74, -0.11)
180.10: (-0.56, 0.77, -0.30)
180.22: (-0.55, 0.78, -0.29)
180.33: (-0.47, 0.84, -0.28)
180.45: (-0.37, 0.86, -0.35)
180.55: (-0.33, 0.85, -0.41)
180.67: (-0.31, 0.84, -0.44)
180.77: (-0.29, 0.84, -0.45)
180.77: (0.78, -0.42, 0.47): 1
180.78: (-0.29, 0.85, -0.45)
180.90: (-0.29, 0.85, -0.45)
181.00: (-0.33, 0.84, -0.44)
181.12: (-0.40, 0.80, -0.45)
181.23: (-0.49, 0.80, -0.34)
181.35: (-0.61, 0.78, -0.14)
181.45: (-0.61, 0.72, -0.35)
181.55: (-0.51, 0.47, -0.72)
181.67: (-0.38, 0.26, -0.89)
181.78: (0.02, 0.02, -1.00)
181.90: (0.03, 0.04, -1.00)
182.00: (0.03, 0.04, -1.00)
182.12: (0.07, 0.06, -1.00)
182.23: (0.25, 0.20, -0.95)
182.35: (0.62, 0.38, -0.69)
182.45: (0.75, 0.29, -0.59)
182.57: (0.94, 0.01, -0.35)
182.68: (0.92, -0.09, -0.38)
182.80: (0.91, -0.10, -0.40)
182.92: (0.91, -0.10, -0.40)
183.03: (0.94, -0.12, -0.31)
183.15: (0.98, -0.19, 0.00)
183.27: (0.93, -0.29, 0.21)
183.38: (0.88, -0.37, 0.30)
183.48: (0.80, -0.47, 0.37)
183.60: (0.74, -0.49, 0.46)
183.72: (0.74, -0.47, 0.48)
183.72: (-0.95, 0.26, -0.17): 0
183.72: (0.74, -0.47, 0.48)
183.83: (0.74, -0.47, 0.48)
183.95: (0.76, -0.46, 0.46)
184.07: (0.89, -0.36, 0.29)
184.17: (0.94, -0.28, 0.19)
184.28: (1.00, 0.01, -0.09)
184.38: (0.76, 0.31, -0.57)
184.50: (0.50, 0.42, -0.76)
184.62: (0.54, 0.42, -0.73)
184.72: (0.74, 0.34, -0.58)
184.83: (0.53, 0.40, -0.75)
184.95: (-0.10, 0.56, -0.82)
185.05: (-0.25, 0.59, -0.77)
185.15: (-0.33, 0.60, -0.72)
185.27: (-0.33, 0.60, -0.72)
185.38: (-0.33, 0.60, -0.72)
185.50: (-0.47, 0.59, -0.65)
185.62: (-0.66, 0.58, -0.47)
185.73: (-0.86, 0.47, -0.18)
185.85: (-0.90, 0.37, -0.24)
185.95: (-0.90, 0.35, -0.27)
186.05: (-0.93, 0.29, -0.23)
186.17: (-0.94, 0.28, -0.19)
186.18: (-0.94, 0.28, -0.19)
186.18: (0.82, 0.56, -0.10): 2
186.27: (-0.94, 0.28, -0.19)
186.38: (-0.94, 0.29, -0.18)
186.50: (-0.96, 0.24, -0.11)
186.60: (-0.98, 0.19, -0.06)
186.72: (-0.98, -0.02, 0.21)
186.83: (-0.94, -0.04, 0.33)
186.95: (-0.96, 0.24, 0.13)
187.07: (-0.79, 0.50, -0.36)
187.18: (-0.56, 0.55, -0.62)
187.28: (-0.20, 0.55, -0.81)
187.40: (0.14, 0.53, -0.83)
187.52: (0.40, 0.45, -0.80)
187.63: (0.21, 0.48, -0.85)
187.75: (0.21, 0.48, -0.85)
187.85: (0.22, 0.49, -0.85)
187.95: (0.48, 0.35, -0.80)
188.07: (0.83, 0.01, -0.56)
188.18: (0.92, -0.21, -0.34)
188.30: (0.89, -0.46, -0.01)
188.42: (0.74, -0.63, 0.23)
188.53: (0.79, -0.60, 0.14)
188.65: (0.79, -0.60, 0.14)
188.75: (0.79, -0.59, 0.17)
188.87: (0.71, -0.58, 0.39)
188.98: (0.60, -0.52, 0.62)
189.10: (0.60, -0.39, 0.69)
189.22: (0.67, -0.30, 0.68)
189.32: (0.72, -0.11, 0.69)
189.43: (0.75, 0.30, 0.59)
189.55: (0.74, 0.48, 0.46)
189.67: (0.75, 0.56, 0.35)
189.78: (0.88, 0.47, 0.00)
189.88: (0.88, 0.45, -0.13)
190.00: (0.84, 0.53, -0.13)
190.10: (0.82, 0.57, -0.06)
190.22: (0.82, 0.57, -0.06)
190.22: (-0.28, 0.95, 0.15): 0
190.22: (0.82, 0.57, -0.06)
190.33: (0.82, 0.57, -0.06)
190.45: (0.83, 0.55, -0.08)
190.55: (0.87, 0.46, -0.19)
190.67: (0.85, 0.31, -0.43)
190.78: (0.80, 0.04, -0.60)
190.88: (0.88, 0.02, -0.48)
191.00: (0.98, 0.19, -0.07)
191.10: (0.92, 0.27, 0.29)
191.22: (0.70, 0.32, 0.64)
191.32: (0.48, 0.33, 0.81)
191.43: (0.16, 0.24, 0.96)
191.53: (0.17, 0.23, 0.96)
191.65: (0.17, 0.23, 0.96)
191.77: (0.16, 0.26, 0.95)
191.87: (0.04, 0.38, 0.92)
191.98: (-0.14, 0.51, 0.85)
192.10: (-0.25, 0.56, 0.79)
192.22: (-0.41, 0.55, 0.73)
192.33: (-0.60, 0.51, 0.61)
192.43: (-0.81, 0.37, 0.46)
192.55: (-0.91, 0.24, 0.35)
192.67: (-0.98, 0.04, 0.21)
192.77: (-0.99, -0.10, 0.11)
192.88: (-0.97, -0.24, 0.00)
193.00: (-0.96, -0.28, -0.03)
193.10: (-0.95, -0.30, -0.05)
193.22: (-0.93, -0.35, -0.13)
193.33: (-0.98, 0.09, 0.16)
193.45: (-0.86, 0.34, 0.38)
193.56: (-0.72, 0.48, 0.51)
193.67: (-0.62, 0.58, 0.54)
193.78: (-0.41, 0.84, 0.35)
193.90: (-0.35, 0.91, 0.24)
194.02: (-0.35, 0.90, 0.24)
194.13: (-0.36, 0.90, 0.24)
194.18: (-0.36, 0.90, 0.24)
194.18: (-1.00, 0.04, 0.03): 1
194.23: (-0.36, 0.90, 0.24)
194.35: (-0.36, 0.90, 0.24)
194.47: (-0.35, 0.89, 0.28)
194.57: (-0.27, 0.87, 0.42)
194.68: (-0.18, 0.81, 0.55)
194.80: (-0.20, 0.79, 0.58)
194.91: (-0.64, 0.71, 0.30)
195.03: (-0.88, 0.47, -0.03)
195.13: (-0.87, 0.49, -0.08)
195.25: (-0.86, 0.49, -0.15)
195.36: (-0.97, 0.18, -0.15)
195.48: (-1.00, -0.03, -0.06)
195.60: (-1.00, -0.02, -0.05)
195.71: (-1.00, 0.04, -0.03)
195.75: (-1.00, 0.04, -0.03)
195.75: (-0.69, -0.06, 0.72): 2
195.81: (-1.00, 0.04, -0.03)
195.93: (-1.00, 0.04, -0.03)
196.05: (-1.00, 0.05, 0.00)
196.16: (-1.00, 0.00, 0.01)
196.28: (-0.98, 0.14, 0.12)
196.40: (-0.93, 0.27, 0.27)
196.51: (-0.89, 0.30, 0.33)
196.63: (-0.61, 0.49, 0.62)
196.75: (-0.67, 0.30, 0.68)
196.86: (-0.80, -0.02, 0.60)
196.98: (-0.78, -0.04, 0.62)
197.10: (-0.67, -0.06, 0.74)
197.20: (-0.63, -0.09, 0.78)
197.25: (-0.63, -0.09, 0.78)
197.25: (-0.77, -0.54, -0.35): 0
197.31: (-0.64, -0.08, 0.76)
197.43: (-0.64, -0.07, 0.76)
197.53: (-0.65, -0.02, 0.76)
197.65: (-0.76, 0.02, 0.65)
197.76: (-0.92, -0.04, 0.40)
197.88: (-0.95, -0.27, 0.14)
198.00: (-0.93, -0.38, 0.00)
198.10: (-0.87, -0.47, -0.12)
198.21: (-0.84, -0.52, -0.18)
198.33: (-0.82, -0.53, -0.20)
198.45: (-0.83, -0.50, -0.23)
198.56: (-0.84, -0.47, -0.27)
198.58: (-0.84, -0.47, -0.28)
198.58: (-0.78, -0.60, -0.17): 0
198.66: (-0.84, -0.47, -0.28)
198.78: (-0.85, -0.48, -0.24)
198.90: (-0.90, -0.42, -0.05)
199.01: (-0.90, -0.42, -0.05)
199.13: (-0.88, -0.44, -0.17)
199.25: (-0.84, -0.50, -0.20)
199.35: (-0.83, -0.53, -0.17)
199.45: (-0.82, -0.55, -0.15)
199.45: (0.93, -0.26, -0.26): 1
199.46: (-0.82, -0.56, -0.15)
199.58: (-0.81, -0.56, -0.15)
199.70: (-0.82, -0.56, -0.14)
199.81: (-0.82, -0.56, -0.12)
199.91: (-0.79, -0.59, -0.13)
200.03: (-0.59, -0.75, -0.30)
200.15: (-0.53, -0.79, -0.30)
200.26: (-0.53, -0.79, -0.30)
200.36: (-0.53, -0.79, -0.30)
200.48: (-0.53, -0.79, -0.32)
200.60: (-0.40, -0.78, -0.48)
200.70: (-0.20, -0.74, -0.65)
200.81: (-0.03, -0.66, -0.75)
200.91: (0.09, -0.58, -0.81)
201.03: (0.31, -0.47, -0.83)
201.15: (0.54, -0.24, -0.81)
201.26: (0.73, 0.01, -0.68)
201.36: (0.81, 0.01, -0.59)
201.48: (0.82, -0.22, -0.53)
201.60: (0.84, -0.28, -0.46)
201.71: (0.89, -0.30, -0.34)
201.83: (0.92, -0.28, -0.25)
201.90: (0.93, -0.28, -0.25)
201.90: (0.39, -0.86, -0.31): 1
201.93: (0.93, -0.28, -0.25)
202.05: (0.93, -0.28, -0.25)
202.16: (0.94, -0.21, -0.27)
202.28: (0.92, -0.25, -0.32)
202.38: (0.86, -0.39, -0.33)
202.50: (0.77, -0.56, -0.31)
202.61: (0.71, -0.63, -0.32)
202.73: (0.54, -0.74, -0.41)
202.85: (0.45, -0.77, -0.45)
202.96: (0.48, -0.78, -0.40)
203.05: (0.48, -0.80, -0.37)
203.05: (-0.09, -0.99, -0.14): 2
203.08: (0.48, -0.81, -0.34)
203.20: (0.46, -0.83, -0.31)
203.31: (0.46, -0.83, -0.31)
203.43: (0.34, -0.89, -0.32)
203.55: (0.07, -0.99, -0.11)
203.66: (0.01, -1.00, -0.02)
203.78: (0.00, -1.00, -0.04)
203.90: (-0.04, -1.00, -0.08)
204.01: (-0.18, -0.98, -0.11)
204.13: (-0.16, -0.98, -0.12)
204.23: (-0.13, -0.99, -0.11)
204.23: (-0.72, 0.27, -0.64): 2
204.23: (-0.13, -0.99, -0.11)
204.33: (-0.12, -0.99, -0.11)
204.45: (-0.09, -0.99, -0.10)
204.56: (0.05, -0.99, -0.10)
204.68: (0.19, -0.97, -0.15)
204.80: (0.21, -0.97, -0.15)
204.90: (0.29, -0.94, -0.20)
205.00: (0.31, -0.93, -0.21)
205.11: (0.31, -0.93, -0.20)
205.21: (0.23, -0.95, -0.20)
205.33: (-0.33, -0.92, -0.19)
205.45: (-0.43, -0.89, -0.14)
205.55: (-0.53, -0.84, -0.09)
205.66: (-0.74, -0.66, -0.12)
205.78: (-0.98, -0.13, -0.11)
205.90: (-0.99, -0.08, -0.11)
206.01: (-0.99, -0.08, -0.11)
206.11: (-0.99, -0.09, -0.12)
206.23: (-0.98, -0.10, -0.17)
206.35: (-0.92, 0.09, -0.38)
206.46: (-0.72, 0.30, -0.62)
206.56: (-0.65, 0.32, -0.69)
206.68: (-0.72, 0.29, -0.64)
206.80: (-0.87, 0.18, -0.46)
206.91: (-0.88, 0.18, -0.45)
207.03: (-0.82, 0.22, -0.53)
207.13: (-0.75, 0.25, -0.62)
207.25: (-0.73, 0.26, -0.64)
207.25: (-0.87, -0.42, 0.25): 2
207.25: (-0.73, 0.26, -0.64)
207.36: (-0.73, 0.26, -0.64)
207.48: (-0.72, 0.28, -0.64)
207.60: (-0.73, 0.28, -0.63)
207.71: (-0.74, 0.01, -0.67)
207.81: (-0.73, -0.25, -0.64)
207.93: (-0.66, -0.52, -0.54)
208.03: (-0.66, -0.52, -0.54)
208.15: (-0.66, -0.52, -0.54)
208.26: (-0.63, -0.55, -0.55)
208.38: (-0.50, -0.73, -0.47)
208.50: (-0.17, -0.97, -0.17)
208.61: (0.08, -0.99, 0.10)
208.71: (0.28, -0.90, 0.34)
208.83: (0.44, -0.69, 0.57)
208.95: (0.56, -0.44, 0.70)
209.06: (0.60, -0.30, 0.74)
209.18: (0.60, -0.30, 0.74)
209.28: (0.68, -0.37, 0.63)
209.40: (0.78, -0.57, 0.26)
209.51: (0.78, -0.58, -0.23)
209.63: (0.75, -0.56, -0.37)
209.75: (0.62, -0.51, -0.60)
209.86: (0.35, -0.46, -0.81)
209.96: (0.09, -0.62, -0.78)
210.08: (-0.16, -0.73, -0.66)
210.19: (-0.34, -0.84, -0.43)
210.30: (-0.33, -0.94, -0.02)
210.41: (0.07, -0.96, 0.26)
210.53: (0.12, -0.93, 0.34)
210.64: (-0.02, -0.79, 0.61)
210.76: (-0.39, -0.66, 0.64)
210.86: (-0.42, -0.79, 0.43)
210.98: (-0.50, -0.79, 0.36)
211.08: (-0.68, -0.56, 0.47)
211.19: (-0.78, -0.41, 0.48)
211.31: (-0.83, -0.48, 0.29)
211.41: (-0.82, -0.55, 0.17)
211.53: (-0.83, -0.53, 0.20)
211.65: (-0.83, -0.48, 0.27)
211.76: (-0.84, -0.46, 0.30)
211.85: (-0.85, -0.44, 0.30)
211.85: (-0.88, -0.15, 0.45): 1
211.88: (-0.85, -0.44, 0.30)
211.99: (-0.85, -0.44, 0.30)
212.11: (-0.87, -0.36, 0.35)
212.23: (-0.86, -0.10, 0.50)
212.34: (-0.85, -0.04, 0.53)
212.46: (-0.86, -0.08, 0.50)
212.58: (-0.87, -0.11, 0.48)
212.68: (-0.87, -0.13, 0.48)
212.73: (-0.87, -0.13, 0.48)
212.73: (0.90, 0.35, -0.26): 1
212.80: (-0.87, -0.13, 0.48)
212.91: (-0.87, -0.13, 0.47)
213.03: (-0.87, -0.07, 0.49)
213.14: (-0.82, 0.10, 0.56)
213.24: (-0.81, 0.17, 0.56)
213.36: (-0.72, 0.42, 0.55)
213.48: (-0.59, 0.65, 0.49)
213.59: (-0.36, 0.86, 0.35)
213.69: (-0.19, 0.94, 0.27)
213.81: (-0.16, 0.93, 0.34)
213.93: (-0.02, 0.91, 0.42)
214.04: (0.10, 0.86, 0.49)
214.16: (-0.32, 0.59, 0.74)
214.28: (-0.62, 0.09, 0.78)
214.39: (-0.71, -0.42, 0.57)
214.51: (-0.61, -0.79, 0.07)
214.63: (-0.45, -0.87, -0.20)
214.73: (-0.20, -0.89, -0.41)
214.84: (0.39, -0.67, -0.63)
214.96: (0.72, -0.40, -0.57)
215.08: (0.72, -0.41, -0.56)
215.19: (0.72, -0.41, -0.56)
215.31: (0.75, -0.31, -0.59)
215.43: (0.84, -0.11, -0.53)
215.54: (0.90, 0.01, -0.44)
215.66: (0.92, 0.15, -0.35)
215.76: (0.91, 0.27, -0.30)
215.88: (0.91, 0.30, -0.28)
215.94: (0.91, 0.30, -0.28)
215.94: (0.73, 0.51, -0.46): 2
215.98: (0.91, 0.30, -0.28)
216.09: (0.91, 0.30, -0.28)
216.21: (0.89, 0.33, -0.32)
216.33: (0.74, 0.53, -0.41)
216.44: (0.73, 0.53, -0.44)
216.54: (0.73, 0.52, -0.45)
216.66: (0.73, 0.52, -0.45)
216.76: (0.73, 0.52, -0.45)
216.76: (-0.97, -0.17, 0.14): 2
216.78: (0.73, 0.52, -0.45)
216.88: (0.73, 0.52, -0.45)
216.99: (0.73, 0.52, -0.45)
217.11: (0.72, 0.50, -0.47)
217.23: (0.69, 0.52, -0.49)
217.34: (0.64, 0.54, -0.54)
217.46: (0.55, 0.66, -0.51)
217.58: (0.55, 0.77, -0.32)
217.68: (0.56, 0.82, -0.14)
217.78: (0.38, 0.92, 0.11)
217.89: (0.27, 0.91, 0.32)
218.01: (0.26, 0.84, 0.47)
218.13: (0.26, 0.75, 0.60)
218.24: (0.28, 0.66, 0.70)
218.34: (0.19, 0.61, 0.77)
218.46: (-0.15, 0.65, 0.74)
218.58: (-0.57, 0.52, 0.63)
218.69: (-0.62, 0.59, 0.52)
218.81: (-0.61, 0.59, 0.52)
218.91: (-0.61, 0.59, 0.52)
219.03: (-0.61, 0.60, 0.52)
219.14: (-0.83, 0.36, 0.42)
219.26: (-0.96, 0.01, 0.29)
219.36: (-0.96, -0.08, 0.25)
219.48: (-0.96, -0.08, 0.25)
219.59: (-0.97, -0.13, 0.20)
219.68: (-0.97, -0.13, 0.20)
219.68: (-0.91, 0.01, -0.42): 1
219.71: (-0.97, -0.13, 0.20)
219.83: (-0.97, -0.13, 0.19)
219.94: (-0.96, -0.27, 0.13)
220.06: (-0.98, -0.22, 0.01)
220.18: (-0.99, -0.08, -0.10)
220.29: (-0.99, 0.05, -0.14)
220.41: (-0.98, 0.04, -0.21)
220.53: (-0.95, -0.03, -0.30)
220.63: (-0.94, 0.00, -0.35)
220.74: (-0.92, 0.04, -0.40)
220.74: (-0.91, -0.32, 0.25): 0
220.74: (-0.92, 0.04, -0.40)
220.86: (-0.91, 0.05, -0.41)
220.96: (-0.91, 0.04, -0.41)
221.08: (-0.91, -0.11, -0.40)
221.19: (-0.81, -0.44, -0.40)
221.31: (-0.66, -0.69, -0.30)
221.41: (-0.47, -0.86, -0.20)
221.53: (-0.53, -0.84, -0.10)
221.64: (-0.72, -0.69, 0.04)
221.76: (-0.82, -0.57, 0.05)
221.86: (-0.83, -0.55, 0.09)
221.98: (-0.88, -0.41, 0.23)
222.09: (-0.89, -0.37, 0.26)
222.19: (-0.89, -0.37, 0.26)
222.19: (-0.60, 0.21, 0.77): 0
222.21: (-0.89, -0.37, 0.26)
222.33: (-0.90, -0.37, 0.25)
222.44: (-0.92, -0.32, 0.23)
222.56: (-0.95, -0.14, 0.29)
222.68: (-0.88, -0.13, 0.45)
222.79: (-0.80, -0.15, 0.58)
222.91: (-0.74, -0.03, 0.68)
223.01: (-0.67, 0.08, 0.74)
223.13: (-0.63, 0.12, 0.77)
223.24: (-0.62, 0.14, 0.77)
223.24: (-1.00, 0.00, 0.00): 2
223.24: (-0.62, 0.14, 0.77)
223.34: (-0.62, 0.14, 0.77)
223.46: (-0.64, 0.19, 0.74)
223.56: (-0.67, 0.31, 0.67)
223.68: (-0.68, 0.38, 0.63)
223.78: (-0.71, 0.52, 0.48)
223.88: (-0.69, 0.66, 0.29)
223.99: (-0.79, 0.57, 0.22)
224.11: (-0.89, 0.20, 0.41)
224.23: (-0.91, 0.15, 0.40)
224.34: (-0.96, 0.21, 0.16)
224.44: (-0.99, 0.15, 0.05)
224.54: (-0.99, 0.12, 0.05)
224.64: (-0.99, 0.11, 0.05)
224.66: (-0.99, 0.11, 0.05)
224.66: (0.97, 0.00, -0.26): 1
224.76: (-0.99, 0.10, 0.05)
224.88: (-0.99, 0.09, 0.05)
224.99: (-0.99, 0.09, 0.06)
225.11: (-0.99, -0.05, 0.13)
225.21: (-0.99, -0.06, 0.14)
225.33: (-0.99, -0.08, 0.14)
225.44: (-0.84, -0.45, 0.31)
225.56: (-0.37, -0.81, 0.46)
225.68: (-0.18, -0.86, 0.48)
225.78: (-0.22, -0.87, 0.44)
225.89: (0.00, -0.95, 0.31)
226.01: (0.46, -0.87, 0.20)
226.13: (0.42, -0.87, 0.24)
226.23: (0.42, -0.87, 0.24)
226.33: (0.42, -0.87, 0.24)
226.44: (0.48, -0.86, 0.17)
226.56: (0.78, -0.63, -0.05)
226.68: (0.96, -0.18, -0.22)
226.79: (0.97, -0.08, -0.24)
226.89: (0.97, -0.08, -0.24)
227.01: (0.97, -0.01, -0.26)
227.04: (0.97, -0.01, -0.26)
227.04: (-0.41, -0.43, 0.81): 2
227.11: (0.97, -0.01, -0.26)
227.23: (0.96, 0.01, -0.28)
227.33: (0.95, 0.04, -0.29)
227.44: (0.94, 0.08, -0.33)
227.56: (0.94, 0.09, -0.34)
227.67: (0.94, 0.09, -0.34)
227.79: (0.94, 0.09, -0.34)
227.89: (0.94, 0.00, -0.34)
227.99: (0.85, -0.50, -0.17)
228.11: (0.77, -0.63, -0.11)
228.21: (0.61, -0.80, 0.01)
228.31: (0.31, -0.94, 0.14)
228.41: (0.04, -0.97, 0.23)
228.53: (0.00, -0.95, 0.30)
228.64: (0.00, -0.95, 0.30)
228.76: (0.10, -0.96, 0.27)
228.87: (0.08, -0.89, 0.44)
228.99: (-0.01, -0.78, 0.62)
229.09: (-0.07, -0.70, 0.71)
229.21: (-0.22, -0.59, 0.78)
229.31: (-0.42, -0.50, 0.76)
229.41: (-0.48, -0.47, 0.74)
229.52: (-0.48, -0.48, 0.74)
229.57: (-0.47, -0.48, 0.74)
229.57: (-0.03, -0.96, 0.29): 1
229.64: (-0.45, -0.49, 0.75)
229.76: (-0.44, -0.49, 0.75)
229.86: (-0.48, -0.50, 0.72)
229.97: (-0.31, -0.77, 0.56)
230.09: (-0.01, -0.94, 0.34)
230.19: (-0.01, -0.94, 0.34)
230.31: (-0.05, -0.91, 0.40)
230.41: (-0.05, -0.91, 0.40)
230.52: (-0.04, -0.92, 0.39)
230.64: (-0.04, -0.93, 0.35)
230.72: (-0.04, -0.94, 0.34)
230.72: (0.87, -0.47, 0.11): 0
230.74: (-0.04, -0.94, 0.34)
230.86: (-0.04, -0.94, 0.34)
230.97: (-0.04, -0.94, 0.34)
231.07: (-0.04, -0.94, 0.34)
231.19: (-0.39, -0.82, 0.42)
231.31: (-0.44, -0.75, 0.49)
231.42: (-0.04, -0.93, 0.36)
231.54: (0.62, -0.75, 0.23)
231.66: (0.65, -0.70, 0.28)
231.77: (0.65, -0.70, 0.28)
231.89: (0.68, -0.69, 0.23)
231.99: (0.78, -0.60, 0.16)
232.11: (0.82, -0.55, 0.11)
232.21: (0.84, -0.53, 0.10)
232.21: (-0.47, 0.69, -0.56): 0
232.22: (0.84, -0.53, 0.10)
232.32: (0.85, -0.53, 0.09)
232.44: (0.84, -0.53, 0.09)
232.56: (0.93, -0.36, -0.03)
232.67: (0.98, -0.18, -0.09)
232.79: (0.98, -0.15, -0.11)
232.89: (0.99, -0.03, -0.16)
233.01: (0.89, 0.37, -0.28)
233.12: (0.92, 0.30, -0.25)
233.24: (0.88, 0.40, -0.25)
233.36: (0.53, 0.80, -0.30)
233.46: (0.22, 0.96, -0.19)
233.57: (0.23, 0.96, -0.19)
233.69: (0.23, 0.96, -0.19)
233.81: (0.01, 0.96, -0.27)
233.92: (-0.29, 0.87, -0.40)
234.04: (-0.41, 0.80, -0.43)
234.14: (-0.48, 0.75, -0.45)
234.26: (-0.51, 0.70, -0.50)
234.29: (-0.51, 0.70, -0.50)
234.29: (0.74, 0.07, -0.67): 2
234.36: (-0.51, 0.70, -0.50)
234.47: (-0.51, 0.70, -0.50)
234.59: (-0.50, 0.71, -0.49)
234.71: (-0.35, 0.82, -0.45)
234.82: (-0.32, 0.84, -0.44)
234.92: (-0.32, 0.84, -0.44)
235.04: (-0.32, 0.84, -0.44)
235.16: (-0.32, 0.84, -0.44)
235.27: (-0.54, 0.74, -0.40)
235.39: (-0.13, 0.95, -0.28)
235.49: (0.32, 0.94, -0.16)
235.61: (0.64, 0.75, -0.14)
235.72: (0.87, 0.48, -0.09)
235.84: (0.95, 0.32, -0.03)
235.96: (0.96, 0.26, 0.13)
236.07: (0.94, 0.26, 0.22)
236.19: (0.64, 0.76, 0.08)
236.31: (0.47, 0.88, -0.03)
236.41: (0.19, 0.95, -0.25)
236.51: (-0.16, 0.89, -0.43)
236.62: (-0.59, 0.65, -0.48)
236.74: (-0.49, 0.49, -0.72)
236.84: (-0.30, 0.39, -0.87)
236.96: (-0.03, 0.20, -0.98)
237.07: (0.28, -0.07, -0.96)
237.19: (0.68, -0.03, -0.73)
237.31: (0.72, 0.06, -0.69)
237.41: (0.69, 0.08, -0.72)
237.52: (0.64, 0.09, -0.76)
237.64: (0.62, 0.10, -0.78)
237.69: (0.62, 0.11, -0.78)
237.69: (0.99, 0.04, 0.12): 0
237.76: (0.63, 0.11, -0.77)
237.87: (0.65, 0.11, -0.75)
237.99: (0.67, 0.13, -0.73)
238.09: (0.72, 0.34, -0.60)
238.21: (0.65, 0.59, -0.48)
238.32: (0.59, 0.76, -0.28)
238.44: (0.55, 0.82, -0.14)
238.54: (0.52, 0.85, 0.08)
238.66: (0.24, 0.84, 0.48)
238.76: (0.00, 0.84, 0.54)
238.87: (-0.03, 0.83, 0.55)
238.99: (-0.09, 0.77, 0.63)
239.09: (-0.04, 0.88, 0.47)
239.21: (0.22, 0.97, -0.14)
239.32: (0.37, 0.74, -0.57)
239.44: (0.53, 0.46, -0.71)
239.56: (0.49, -0.01, -0.87)
239.67: (0.34, -0.27, -0.90)
239.79: (0.32, -0.47, -0.82)
239.89: (0.10, -0.70, -0.71)
240.01: (0.08, -0.68, -0.73)
240.11: (0.08, -0.68, -0.73)
240.21: (0.08, -0.68, -0.73)
240.32: (0.08, -0.68, -0.73)
240.44: (0.10, -0.70, -0.71)
240.56: (0.04, -0.88, -0.48)
240.67: (-0.12, -0.99, -0.11)
240.77: (-0.33, -0.87, 0.35)
240.89: (-0.55, -0.52, 0.65)
241.01: (-0.65, -0.22, 0.72)
241.12: (-0.62, -0.05, 0.78)
241.22: (-0.54, -0.05, 0.84)
241.34: (-0.46, 0.19, 0.87)
241.46: (-0.48, 0.33, 0.81)
241.56: (-0.48, 0.33, 0.81)
241.67: (-0.48, 0.33, 0.81)
241.79: (-0.43, 0.41, 0.80)
241.91: (-0.26, 0.63, 0.73)
242.01: (-0.06, 0.76, 0.64)
242.12: (0.12, 0.82, 0.56)
242.22: (0.33, 0.74, 0.58)
242.32: (0.61, 0.56, 0.56)
242.44: (0.70, 0.49, 0.52)
242.56: (0.80, 0.52, 0.30)
242.66: (0.83, 0.55, -0.11)
242.77: (0.92, 0.40, 0.04)
242.89: (0.91, 0.19, 0.38)
242.99: (0.91, 0.19, 0.38)
243.11: (0.95, 0.18, 0.27)
243.22: (0.97, 0.08, 0.24)
243.34: (0.97, 0.06, 0.25)
243.42: (0.97, 0.05, 0.25)
243.42: (0.99, -0.05, -0.11): 2
243.46: (0.97, 0.05, 0.25)
243.56: (0.97, 0.05, 0.25)
243.67: (0.95, 0.09, 0.28)
243.79: (0.95, 0.17, 0.26)
243.90: (0.99, 0.07, 0.12)
244.02: (0.99, 0.00, 0.11)
244.14: (0.99, -0.13, 0.07)
244.24: (0.99, -0.12, 0.00)
244.35: (0.99, -0.07, -0.09)
244.47: (0.99, -0.06, -0.12)
244.49: (0.99, -0.06, -0.12)
244.49: (0.62, -0.73, 0.30): 2
244.59: (0.99, -0.06, -0.12)
244.70: (1.00, -0.04, -0.08)
244.80: (1.00, 0.05, -0.03)
244.92: (0.97, 0.23, 0.09)
245.02: (0.90, 0.41, 0.15)
245.14: (0.89, 0.43, 0.15)
245.24: (0.88, 0.44, 0.17)
245.35: (0.74, 0.38, 0.55)
245.47: (0.77, 0.34, 0.55)
245.59: (0.91, -0.04, 0.41)
245.69: (0.85, -0.31, 0.42)
245.81: (0.78, -0.27, 0.57)
245.92: (0.78, -0.27, 0.57)
246.04: (0.77, -0.27, 0.57)
246.15: (0.74, -0.39, 0.54)
246.27: (0.65, -0.60, 0.46)
246.39: (0.63, -0.71, 0.31)
246.49: (0.64, -0.72, 0.27)
246.59: (0.64, -0.72, 0.27)
246.62: (0.64, -0.72, 0.27)
246.62: (-0.91, 0.10, 0.41): 0
246.70: (0.64, -0.72, 0.27)
246.82: (0.64, -0.72, 0.28)
246.92: (0.63, -0.72, 0.29)
247.02: (0.60, -0.74, 0.29)
247.14: (0.57, -0.71, 0.41)
247.25: (0.39, -0.58, 0.71)
247.37: (0.12, -0.50, 0.86)
247.47: (-0.11, -0.45, 0.89)
247.59: (-0.26, -0.34, 0.91)
247.70: (-0.48, -0.18, 0.86)
247.82: (-0.77, 0.02, 0.64)
247.94: (-0.85, 0.10, 0.52)
248.05: (-0.85, 0.10, 0.52)
248.15: (-0.85, 0.10, 0.52)
248.15: (-0.98, 0.08, 0.15): 0
248.17: (-0.85, 0.10, 0.52)
248.29: (-0.84, 0.10, 0.53)
248.40: (-0.84, 0.10, 0.53)
248.52: (-0.87, 0.09, 0.49)
248.64: (-0.94, 0.12, 0.33)
248.74: (-0.94, 0.11, 0.32)
248.85: (-0.95, 0.10, 0.31)
248.97: (-0.97, 0.13, 0.21)
249.07: (-0.98, 0.13, 0.18)
249.07: (0.99, 0.00, 0.10): 1
249.07: (-0.98, 0.13, 0.18)
249.19: (-0.98, 0.13, 0.18)
249.30: (-0.98, 0.13, 0.18)
249.42: (-0.98, 0.13, 0.17)
249.54: (-0.95, 0.05, 0.30)
249.65: (-0.79, -0.18, 0.58)
249.77: (-0.35, -0.48, 0.80)
249.89: (-0.04, -0.57, 0.82)
250.00: (0.23, -0.58, 0.78)
250.10: (0.43, -0.59, 0.69)
250.20: (0.69, -0.58, 0.44)
250.32: (0.90, -0.41, 0.14)
250.44: (0.98, -0.17, -0.02)
250.54: (0.99, -0.11, 0.00)
250.64: (0.98, -0.09, 0.16)
250.74: (0.98, -0.08, 0.17)
250.85: (0.99, -0.04, 0.12)
250.97: (1.00, -0.02, 0.07)
250.97: (0.87, 0.44, 0.20): 1
250.97: (1.00, -0.02, 0.07)
251.07: (1.00, -0.01, 0.07)
251.19: (1.00, -0.02, 0.08)
251.30: (0.99, 0.02, 0.15)
251.42: (0.92, 0.28, 0.28)
251.54: (0.86, 0.43, 0.27)
251.64: (0.86, 0.43, 0.26)
251.75: (0.87, 0.43, 0.23)
251.79: (0.87, 0.43, 0.23)
251.79: (-0.95, -0.31, 0.08): 0
251.87: (0.87, 0.43, 0.23)
251.97: (0.87, 0.43, 0.23)
252.09: (0.84, 0.51, 0.20)
252.20: (0.76, 0.64, 0.12)
252.32: (0.69, 0.72, 0.02)
252.44: (0.50, 0.85, -0.20)
252.55: (0.29, 0.89, -0.35)
252.67: (0.12, 0.89, -0.44)
252.77: (0.32, 0.91, -0.28)
252.89: (0.35, 0.90, -0.25)
253.00: (0.35, 0.90, -0.25)
253.12: (0.35, 0.90, -0.25)
253.24: (0.36, 0.88, -0.30)
253.35: (0.07, 0.87, -0.49)
253.47: (-0.15, 0.81, -0.56)
253.57: (-0.38, 0.67, -0.63)
253.69: (-0.51, 0.49, -0.70)
253.80: (-0.62, 0.30, -0.73)
253.92: (-0.78, 0.03, -0.62)
254.02: (-0.84, -0.15, -0.52)
254.14: (-0.84, -0.37, -0.40)
254.24: (-0.84, -0.48, -0.25)
254.35: (-0.91, -0.42, -0.04)
254.47: (-0.93, -0.37, 0.07)
254.57: (-0.93, -0.36, 0.10)
254.69: (-0.92, -0.36, 0.14)
254.70: (-0.92, -0.36, 0.14)
254.70: (0.93, 0.07, 0.35): 1
254.79: (-0.92, -0.36, 0.14)
254.90: (-0.93, -0.35, 0.09)
255.02: (-0.93, -0.36, 0.11)
255.14: (-0.92, -0.35, 0.16)
255.25: (-0.91, -0.37, 0.18)
255.37: (-0.82, -0.55, 0.13)
255.47: (-0.70, -0.71, -0.05)
255.59: (-0.63, -0.76, -0.14)
255.70: (-0.70, -0.68, -0.19)
255.82: (-0.70, -0.68, -0.19)
255.92: (-0.70, -0.68, -0.19)
256.04: (-0.70, -0.68, -0.19)
256.15: (-0.58, -0.79, -0.18)
256.27: (-0.33, -0.94, 0.04)
256.37: (-0.06, -0.97, 0.25)
256.49: (0.24, -0.87, 0.44)
256.59: (0.40, -0.76, 0.51)
256.70: (0.53, -0.60, 0.59)
256.82: (0.59, -0.50, 0.64)
256.94: (0.72, -0.22, 0.66)
257.05: (0.83, -0.12, 0.54)
257.17: (0.88, -0.14, 0.46)
257.29: (0.89, -0.10, 0.45)
257.39: (0.89, 0.05, 0.44)
257.50: (0.90, 0.11, 0.41)
257.59: (0.91, 0.12, 0.39)
257.59: (0.99, 0.13, 0.04): 0
257.62: (0.92, 0.11, 0.39)
257.72: (0.92, 0.09, 0.38)
257.84: (0.92, 0.05, 0.39)
257.95: (0.92, 0.03, 0.38)
258.07: (0.94, 0.01, 0.33)
258.19: (0.99, -0.03, 0.13)
258.30: (0.99, 0.01, -0.12)
258.40: (1.00, 0.05, -0.07)
258.50: (1.00, 0.10, 0.00)
258.60: (0.99, 0.11, 0.01)
258.64: (0.99, 0.11, 0.01)
258.64: (-0.79, 0.59, 0.19): 0
258.72: (0.99, 0.11, 0.01)
258.84: (1.00, 0.10, 0.00)
258.95: (1.00, 0.07, 0.04)
259.05: (1.00, 0.06, 0.07)
259.17: (0.98, 0.13, 0.14)
259.29: (0.83, 0.46, 0.32)
259.40: (0.67, 0.62, 0.42)
259.52: (0.51, 0.72, 0.47)
259.64: (0.40, 0.75, 0.53)
259.75: (0.40, 0.75, 0.53)
259.87: (0.40, 0.75, 0.53)
259.99: (0.40, 0.75, 0.53)
260.10: (0.40, 0.77, 0.50)
260.22: (0.19, 0.94, 0.30)
260.32: (-0.07, 0.99, 0.07)
260.44: (-0.30, 0.95, 0.04)
260.55: (-0.44, 0.88, 0.16)
260.65: (-0.49, 0.79, 0.37)
260.77: (-0.52, 0.76, 0.39)
260.89: (-0.68, 0.70, 0.19)
260.99: (-0.69, 0.70, 0.19)
261.10: (-0.70, 0.69, 0.21)
261.20: (-0.72, 0.66, 0.22)
261.32: (-0.74, 0.64, 0.21)
261.33: (-0.74, 0.64, 0.21)
261.33: (-0.98, 0.12, -0.15): 1
261.43: (-0.74, 0.64, 0.20)
261.54: (-0.74, 0.64, 0.20)
261.65: (-0.80, 0.58, 0.12)
261.77: (-0.95, 0.28, -0.11)
261.88: (-0.97, 0.12, -0.21)
262.00: (-0.97, 0.14, -0.21)
262.10: (-0.97, 0.15, -0.21)
262.20: (-0.97, 0.15, -0.21)
262.32: (-0.97, 0.16, -0.19)
262.32: (0.99, -0.16, 0.00): 1
262.32: (-0.97, 0.16, -0.19)
262.43: (-0.97, 0.16, -0.19)
262.55: (-0.96, 0.19, -0.18)
262.65: (-0.96, 0.23, -0.17)
262.75: (-0.94, 0.26, -0.20)
262.87: (-0.89, 0.38, -0.25)
262.98: (-0.79, 0.55, -0.29)
263.10: (-0.68, 0.66, -0.31)
263.22: (-0.50, 0.76, -0.41)
263.32: (-0.38, 0.72, -0.58)
263.43: (-0.46, 0.67, -0.58)
263.53: (-0.55, 0.63, -0.55)
263.65: (-0.55, 0.63, -0.55)
263.77: (-0.55, 0.63, -0.55)
263.88: (-0.55, 0.63, -0.55)
264.00: (-0.46, 0.67, -0.58)
264.12: (-0.07, 0.67, -0.74)
264.23: (0.32, 0.61, -0.73)
264.35: (0.54, 0.51, -0.67)
264.45: (0.65, 0.46, -0.60)
264.57: (0.87, 0.33, -0.36)
264.68: (0.93, 0.35, -0.08)
264.78: (0.93, 0.34, 0.15)
264.88: (0.88, 0.28, 0.38)
265.00: (0.91, 0.24, 0.33)
265.12: (0.97, 0.14, 0.20)
265.22: (0.99, 0.04, 0.15)
265.33: (1.00, -0.04, 0.09)
265.43: (0.99, -0.10, 0.03)
265.55: (0.99, -0.14, 0.00)
265.57: (0.99, -0.14, 0.00)
265.57: (0.74, -0.01, 0.67): 0
265.67: (0.99, -0.14, 0.00)
265.77: (0.99, -0.14, 0.00)
265.88: (1.00, -0.03, 0.08)
266.00: (0.96, 0.04, 0.27)
266.12: (0.95, 0.00, 0.30)
266.23: (0.92, -0.08, 0.38)
266.35: (0.89, -0.08, 0.44)
266.47: (0.85, -0.06, 0.53)
266.57: (0.79, -0.03, 0.61)
266.67: (0.77, 0.00, 0.64)
266.73: (0.77, 0.00, 0.64)
266.73: (-0.78, -0.61, 0.15): 1
266.78: (0.77, 0.00, 0.64)
266.90: (0.77, 0.00, 0.64)
267.02: (0.78, 0.03, 0.63)
267.13: (0.80, 0.10, 0.59)
267.23: (0.86, 0.24, 0.45)
267.35: (0.86, 0.44, 0.25)
267.47: (0.84, 0.54, 0.01)
267.58: (0.80, 0.59, -0.06)
267.70: (0.74, 0.66, -0.13)
267.80: (0.59, 0.74, -0.32)
267.92: (0.42, 0.68, -0.61)
268.03: (0.24, 0.70, -0.67)
268.13: (0.02, 0.63, -0.78)
268.25: (-0.26, 0.44, -0.86)
268.37: (-0.41, 0.25, -0.88)
268.48: (-0.58, 0.06, -0.81)
268.58: (-0.65, -0.01, -0.76)
268.68: (-0.72, -0.15, -0.68)
268.80: (-0.62, -0.35, -0.71)
268.92: (-0.43, -0.57, -0.70)
269.03: (-0.29, -0.77, -0.58)
269.13: (0.01, -0.90, -0.44)
269.25: (0.33, -0.89, -0.33)
269.37: (0.59, -0.66, -0.47)
269.47: (0.74, -0.38, -0.55)
269.58: (0.81, -0.13, -0.57)
269.70: (0.88, 0.00, -0.47)
269.82: (0.90, 0.11, -0.42)
269.93: (0.90, 0.23, -0.36)
270.05: (0.87, 0.33, -0.37)
270.15: (0.81, 0.48, -0.33)
270.27: (0.82, 0.56, -0.12)
270.37: (0.84, 0.53, -0.08)
270.48: (0.84, 0.53, -0.08)
270.58: (0.84, 0.53, -0.08)
270.70: (0.84, 0.54, -0.08)
270.82: (0.83, 0.56, 0.00)
270.93: (0.71, 0.71, 0.02)
271.05: (0.35, 0.92, 0.18)
271.17: (-0.10, 0.92, 0.37)
271.27: (-0.24, 0.85, 0.47)
271.38: (-0.30, 0.79, 0.54)
271.50: (-0.42, 0.63, 0.65)
271.60: (-0.60, 0.31, 0.74)
271.72: (-0.67, 0.16, 0.73)
271.83: (-0.64, -0.05, 0.76)
271.93: (-0.60, -0.27, 0.75)
272.05: (-0.57, -0.48, 0.66)
272.17: (-0.68, -0.59, 0.45)
272.28: (-0.70, -0.58, 0.43)
272.40: (-0.75, -0.54, 0.39)
272.50: (-0.85, -0.49, 0.18)
272.62: (-0.86, -0.50, 0.11)
272.72: (-0.81, -0.58, 0.13)
272.83: (-0.79, -0.60, 0.13)
272.90: (-0.79, -0.60, 0.14)
272.90: (-0.88, -0.45, 0.13): 0
272.95: (-0.79, -0.60, 0.14)
273.05: (-0.79, -0.60, 0.14)
273.17: (-0.81, -0.55, 0.17)
273.27: (-0.85, -0.47, 0.23)
273.38: (-0.90, -0.40, 0.18)
273.50: (-0.90, -0.40, 0.15)
273.60: (-0.90, -0.41, 0.15)
273.60: (0.02, 0.72, -0.69): 2
273.60: (-0.90, -0.41, 0.15)
273.70: (-0.90, -0.41, 0.15)
273.82: (-0.91, -0.39, 0.15)
273.93: (-0.93, -0.31, 0.21)
274.05: (-0.93, -0.31, 0.22)
274.15: (-0.93, -0.30, 0.22)
274.25: (-0.93, -0.30, 0.22)
274.37: (-0.94, -0.22, 0.26)
274.48: (-0.86, 0.24, 0.44)
274.60: (-0.80, 0.33, 0.51)
274.72: (-0.67, 0.42, 0.62)
274.82: (-0.48, 0.58, 0.66)
274.93: (-0.35, 0.75, 0.56)
275.05: (-0.25, 0.88, 0.41)
275.17: (0.06, 0.98, 0.18)
275.28: (0.08, 0.99, 0.08)
275.38: (-0.06, 0.99, -0.10)
275.50: (0.01, 0.96, -0.27)
275.62: (0.20, 0.90, -0.38)
275.72: (0.17, 0.88, -0.44)
275.83: (0.06, 0.86, -0.50)
275.95: (0.04, 0.84, -0.54)
276.07: (0.07, 0.80, -0.60)
276.18: (0.07, 0.74, -0.67)
276.27: (0.06, 0.71, -0.70)
276.27: (0.89, -0.34, 0.30): 2
276.30: (0.06, 0.71, -0.70)
276.42: (0.06, 0.70, -0.71)
276.52: (0.06, 0.71, -0.70)
276.63: (0.08, 0.76, -0.64)
276.75: (0.08, 0.79, -0.61)
276.87: (0.01, 0.86, -0.51)
276.97: (-0.01, 0.89, -0.46)
277.08: (0.05, 0.84, -0.54)
277.20: (0.29, 0.64, -0.71)
277.32: (0.35, 0.55, -0.76)
277.42: (0.38, 0.50, -0.78)
277.53: (0.41, 0.54, -0.74)
277.65: (0.41, 0.54, -0.74)
277.77: (0.41, 0.54, -0.74)
277.87: (0.41, 0.54, -0.74)
277.98: (0.42, 0.54, -0.73)
278.10: (0.43, 0.47, -0.77)
278.21: (0.58, 0.16, -0.80)
278.32: (0.65, -0.06, -0.76)
278.42: (0.61, -0.21, -0.76)
278.53: (0.50, -0.40, -0.77)
278.65: (0.33, -0.59, -0.74)
278.76: (0.18, -0.74, -0.64)
278.88: (0.14, -0.86, -0.49)
278.98: (0.13, -0.96, -0.25)
279.10: (0.21, -0.98, 0.02)
279.21: (0.30, -0.94, 0.15)
279.32: (0.35, -0.85, 0.39)
279.43: (0.39, -0.64, 0.67)
279.55: (0.40, -0.57, 0.72)
279.66: (0.39, -0.57, 0.72)
279.78: (0.38, -0.42, 0.82)
279.90: (0.63, -0.39, 0.67)
280.00: (0.78, -0.38, 0.50)
280.11: (0.79, -0.38, 0.49)
280.21: (0.82, -0.34, 0.46)
280.31: (0.87, -0.31, 0.37)
280.43: (0.88, -0.31, 0.35)
280.43: (-1.00, -0.03, 0.06): 1
280.43: (0.88, -0.31, 0.35)
280.55: (0.88, -0.32, 0.35)
280.66: (0.87, -0.36, 0.35)
280.78: (0.81, -0.49, 0.31)
280.90: (0.78, -0.56, 0.29)
281.01: (0.82, -0.56, 0.10)
281.13: (0.71, -0.69, -0.12)
281.25: (0.15, -0.98, -0.16)
281.35: (-0.14, -0.96, -0.24)
281.46: (-0.39, -0.87, -0.30)
281.56: (-0.56, -0.78, -0.28)
281.68: (-0.78, -0.59, -0.19)
281.80: (-0.92, -0.31, -0.22)
281.91: (-0.96, -0.12, -0.26)
282.01: (-0.97, -0.10, -0.20)
282.11: (-0.99, -0.12, -0.08)
282.21: (-0.99, -0.11, -0.03)
282.33: (-1.00, -0.04, 0.04)
282.41: (-1.00, -0.03, 0.05)
282.41: (-0.34, 0.77, -0.54): 1
282.45: (-1.00, -0.03, 0.05)
282.55: (-1.00, -0.03, 0.05)
282.66: (-1.00, -0.06, 0.04)
282.78: (-0.98, -0.17, -0.06)
282.90: (-0.93, -0.31, -0.20)
283.01: (-0.81, -0.43, -0.39)
283.13: (-0.67, -0.44, -0.60)
283.25: (-0.63, -0.22, -0.75)
283.36: (-0.51, 0.10, -0.85)
283.48: (-0.37, 0.26, -0.89)
283.58: (-0.37, 0.26, -0.89)
283.70: (-0.37, 0.26, -0.89)
283.80: (-0.37, 0.26, -0.89)
283.91: (-0.42, 0.41, -0.81)
284.01: (-0.43, 0.55, -0.72)
284.11: (-0.42, 0.62, -0.67)
284.23: (-0.40, 0.65, -0.65)
284.35: (-0.35, 0.75, -0.55)
284.43: (-0.33, 0.79, -0.52)
284.43: (0.60, 0.08, -0.79): 1
284.45: (-0.33, 0.79, -0.52)
284.56: (-0.33, 0.79, -0.52)
284.68: (-0.32, 0.79, -0.52)
284.80: (-0.20, 0.86, -0.47)
284.91: (-0.03, 0.93, -0.37)
285.03: (0.33, 0.94, -0.13)
285.15: (0.50, 0.86, 0.04)
285.25: (0.53, 0.85, 0.08)
285.36: (0.38, 0.93, -0.04)
285.48: (0.03, 0.97, -0.24)
285.60: (-0.29, 0.93, -0.23)
285.70: (-0.57, 0.82, -0.01)
285.80: (-0.72, 0.68, 0.11)
285.91: (-0.81, 0.58, 0.10)
286.03: (-0.95, 0.31, -0.09)
286.15: (-0.94, -0.07, -0.33)
286.26: (-0.69, -0.47, -0.55)
286.38: (-0.43, -0.63, -0.65)
286.50: (-0.11, -0.63, -0.77)
286.60: (0.08, -0.42, -0.90)
286.71: (0.20, -0.06, -0.98)
286.83: (0.12, 0.34, -0.93)
286.95: (0.11, 0.46, -0.88)
287.06: (0.33, 0.30, -0.89)
287.18: (0.47, 0.23, -0.85)
287.28: (0.49, 0.20, -0.85)
287.40: (0.55, 0.15, -0.82)
287.50: (0.64, 0.10, -0.76)
287.55: (0.64, 0.10, -0.76)
287.55: (-0.33, 0.66, 0.68): 0
287.61: (0.64, 0.10, -0.77)
287.71: (0.64, 0.11, -0.76)
287.83: (0.52, 0.16, -0.84)
287.95: (0.33, 0.16, -0.93)
288.06: (0.04, 0.11, -0.99)
288.18: (-0.36, 0.13, -0.92)
288.30: (-0.71, 0.07, -0.70)
288.41: (-0.92, 0.01, -0.39)
288.53: (-0.97, 0.03, -0.25)
288.65: (-0.99, 0.08, -0.10)
288.75: (-1.00, 0.05, 0.05)
288.86: (-0.94, -0.04, 0.35)
288.98: (-0.97, -0.01, 0.26)
289.10: (-0.97, -0.01, 0.26)
289.20: (-0.97, -0.01, 0.26)
289.31: (-0.90, -0.10, 0.44)
289.43: (-0.69, -0.10, 0.72)
289.55: (-0.28, -0.10, 0.95)
289.65: (0.03, -0.07, 1.00)
289.76: (0.20, -0.10, 0.97)
289.88: (0.35, -0.10, 0.93)
289.98: (0.57, 0.02, 0.82)
290.10: (0.79, 0.24, 0.56)
290.21: (0.85, 0.27, 0.46)
290.33: (0.79, 0.06, 0.60)
290.43: (0.63, -0.27, 0.73)
290.55: (0.48, -0.58, 0.66)
290.66: (0.39, -0.70, 0.59)
290.78: (0.32, -0.77, 0.55)
290.90: (0.13, -0.85, 0.52)
291.01: (-0.18, -0.92, 0.35)
291.13: (-0.35, -0.91, 0.24)
291.23: (-0.33, -0.89, 0.31)
291.33: (-0.16, -0.69, 0.71)
291.45: (0.17, -0.13, 0.98)
291.56: (0.40, 0.24, 0.88)
291.66: (0.45, 0.28, 0.85)
291.78: (0.62, 0.34, 0.71)
291.90: (0.43, 0.58, 0.69)
292.01: (0.08, 0.65, 0.76)
292.11: (0.04, 0.60, 0.80)
292.23: (-0.09, 0.62, 0.78)
292.33: (-0.35, 0.67, 0.66)
292.45: (-0.36, 0.68, 0.64)
292.50: (-0.36, 0.68, 0.64)
292.50: (0.75, 0.64, 0.13): 0
292.56: (-0.36, 0.68, 0.64)
292.68: (-0.36, 0.68, 0.64)
292.78: (-0.24, 0.65, 0.72)
292.90: (0.09, 0.55, 0.83)
293.00: (0.50, 0.30, 0.81)
293.11: (0.75, 0.08, 0.66)
293.23: (0.77, 0.02, 0.64)
293.35: (0.79, -0.01, 0.62)
293.45: (0.89, -0.09, 0.44)
293.56: (0.99, -0.07, 0.16)
293.68: (0.99, 0.01, -0.11)
293.80: (0.97, -0.06, -0.22)
293.90: (0.84, -0.19, -0.50)
294.01: (0.82, -0.09, -0.57)
294.11: (0.85, 0.32, -0.42)
294.23: (0.83, 0.52, -0.17)
294.35: (0.80, 0.60, -0.08)
294.45: (0.79, 0.61, -0.04)
294.55: (0.80, 0.60, 0.01)
294.66: (0.77, 0.63, 0.13)
294.70: (0.76, 0.63, 0.14)
294.70: (-0.95, 0.20, 0.24): 2
294.78: (0.76, 0.63, 0.14)
294.90: (0.79, 0.60, 0.15)
295.01: (0.85, 0.45, 0.26)
295.13: (0.81, 0.41, 0.41)
295.23: (0.76, 0.38, 0.52)
295.34: (0.77, 0.35, 0.53)
295.46: (0.70, 0.24, 0.67)
295.58: (0.35, 0.12, 0.93)
295.69: (0.09, 0.05, 0.99)
295.81: (0.03, -0.04, 1.00)
295.91: (-0.02, -0.10, 0.99)
296.03: (-0.25, -0.17, 0.95)
296.14: (-0.53, -0.21, 0.82)
296.24: (-0.67, -0.23, 0.70)
296.36: (-0.66, -0.24, 0.71)
296.48: (-0.60, -0.29, 0.75)
296.59: (-0.76, -0.05, 0.65)
296.69: (-0.82, 0.01, 0.57)
296.81: (-0.83, 0.02, 0.56)
296.93: (-0.86, 0.07, 0.51)
297.04: (-0.90, 0.35, 0.25)
297.16: (-0.92, 0.35, 0.19)
297.28: (-0.93, 0.26, 0.24)
297.39: (-0.93, 0.24, 0.27)
297.46: (-0.93, 0.24, 0.27)
297.46: (0.99, -0.14, -0.06): 2
297.51: (-0.93, 0.24, 0.27)
297.63: (-0.93, 0.23, 0.29)
297.74: (-0.73, 0.13, 0.67)
297.84: (-0.39, -0.02, 0.92)
297.96: (0.01, -0.13, 0.99)
298.08: (0.20, -0.14, 0.97)
298.19: (0.41, -0.09, 0.91)
298.31: (0.58, -0.04, 0.82)
298.41: (0.68, -0.02, 0.73)
298.53: (0.81, 0.00, 0.58)
298.64: (0.96, 0.10, 0.27)
298.74: (0.99, -0.06, 0.11)
298.86: (0.97, -0.24, 0.09)
298.98: (0.97, -0.23, 0.08)
299.08: (0.99, -0.09, -0.06)
299.19: (0.99, -0.09, -0.06)
299.19: (-0.82, -0.55, -0.17): 2
299.19: (0.99, -0.09, -0.06)
299.31: (0.99, -0.09, -0.06)
299.43: (0.99, -0.10, -0.05)
299.53: (0.99, -0.03, -0.13)
299.64: (0.95, 0.06, -0.30)
299.74: (0.92, 0.10, -0.38)
299.84: (0.89, 0.12, -0.44)
299.96: (0.52, 0.27, -0.81)
300.08: (0.44, 0.33, -0.83)
300.19: (0.31, 0.45, -0.84)
300.29: (0.31, 0.45, -0.84)
300.41: (0.31, 0.45, -0.84)
300.53: (0.31, 0.45, -0.84)
300.63: (0.29, 0.45, -0.84)
300.74: (0.05, 0.43, -0.90)
300.86: (-0.35, 0.48, -0.81)
300.98: (-0.70, 0.39, -0.60)
301.09: (-0.91, 0.12, -0.39)
301.19: (-0.97, 0.00, -0.25)
301.31: (-0.99, -0.05, -0.16)
301.43: (-0.99, -0.13, -0.10)
301.54: (-0.96, -0.22, -0.18)
301.66: (-0.88, -0.38, -0.30)
301.78: (-0.81, -0.55, -0.23)
301.89: (-0.82, -0.56, -0.13)
301.99: (-0.83, -0.55, -0.10)
302.04: (-0.83, -0.55, -0.10)
302.04: (0.98, 0.21, 0.03): 2
302.11: (-0.83, -0.55, -0.10)
302.23: (-0.83, -0.54, -0.12)
302.34: (-0.85, -0.47, -0.23)
302.46: (-0.90, -0.40, -0.17)
302.58: (-0.95, -0.29, -0.07)
302.69: (-0.96, -0.27, 0.00)
302.79: (-0.93, -0.30, 0.19)
302.91: (-0.90, -0.35, 0.27)
303.03: (-0.88, -0.40, 0.27)
303.14: (-0.88, -0.47, 0.03)
303.26: (-0.81, -0.29, -0.51)
303.38: (-0.69, -0.24, -0.69)
303.49: (-0.53, -0.16, -0.83)
303.59: (-0.37, -0.09, -0.92)
303.71: (-0.17, -0.15, -0.97)
303.83: (-0.02, -0.29, -0.96)
303.94: (0.18, -0.40, -0.90)
304.04: (0.38, -0.49, -0.78)
304.16: (0.61, -0.49, -0.62)
304.28: (0.78, -0.36, -0.51)
304.39: (0.88, 0.05, -0.48)
304.49: (0.82, 0.44, -0.36)
304.61: (0.87, 0.39, -0.30)
304.73: (0.94, 0.17, -0.29)
304.84: (0.95, 0.18, -0.27)
304.94: (0.95, 0.25, -0.17)
305.06: (0.97, 0.24, -0.05)
305.18: (0.98, 0.21, -0.02)
305.24: (0.98, 0.21, -0.02)
305.24: (-0.91, -0.29, 0.30): 2
305.29: (0.98, 0.21, -0.02)
305.39: (0.98, 0.21, -0.03)
305.51: (0.97, 0.23, -0.06)
305.61: (0.94, 0.28, -0.19)
305.73: (0.88, 0.28, -0.40)
305.83: (0.77, 0.18, -0.62)
305.94: (0.62, -0.04, -0.78)
306.06: (0.65, -0.06, -0.75)
306.16: (0.79, -0.06, -0.61)
306.28: (0.82, -0.45, -0.34)
306.38: (0.77, -0.63, -0.13)
306.49: (0.59, -0.80, -0.12)
306.59: (0.57, -0.81, -0.15)
306.71: (0.57, -0.81, -0.15)
306.81: (0.57, -0.81, -0.15)
306.93: (0.57, -0.81, -0.15)
307.04: (0.54, -0.84, -0.07)
307.14: (0.38, -0.93, 0.00)
307.26: (0.03, -1.00, 0.07)
307.38: (-0.22, -0.97, 0.10)
307.49: (-0.42, -0.89, 0.16)
307.61: (-0.62, -0.75, 0.22)
307.73: (-0.77, -0.60, 0.21)
307.83: (-0.83, -0.52, 0.21)
307.94: (-0.88, -0.42, 0.21)
308.06: (-0.89, -0.39, 0.24)
308.18: (-0.89, -0.38, 0.24)
308.26: (-0.90, -0.36, 0.24)
308.26: (0.91, -0.32, -0.25): 0
308.29: (-0.90, -0.36, 0.24)
308.41: (-0.91, -0.35, 0.25)
308.53: (-0.90, -0.35, 0.25)
308.64: (-0.91, -0.34, 0.22)
308.76: (-0.92, -0.35, 0.20)
308.86: (-0.76, -0.61, 0.21)
308.98: (-0.65, -0.73, 0.20)
309.09: (-0.63, -0.75, 0.21)
309.19: (-0.49, -0.85, 0.20)
309.31: (-0.43, -0.88, 0.21)
309.43: (-0.03, -0.98, 0.21)
309.54: (0.37, -0.92, 0.14)
309.66: (0.50, -0.85, 0.13)
309.78: (0.67, -0.73, 0.10)
309.89: (0.77, -0.64, 0.02)
309.99: (0.85, -0.50, -0.18)
310.09: (0.86, -0.46, -0.24)
310.21: (0.86, -0.46, -0.24)
310.28: (0.86, -0.46, -0.24)
310.28: (-0.85, 0.52, 0.10): 1
310.33: (0.86, -0.46, -0.24)
310.44: (0.86, -0.46, -0.24)
310.56: (0.85, -0.47, -0.25)
310.68: (0.72, -0.67, -0.20)
310.79: (0.47, -0.88, -0.02)
310.91: (0.31, -0.94, 0.11)
311.01: (0.22, -0.94, 0.25)
311.13: (0.13, -0.91, 0.40)
311.24: (-0.07, -0.87, 0.50)
311.36: (-0.38, -0.75, 0.54)
311.47: (-0.57, -0.62, 0.54)
311.58: (-0.72, -0.45, 0.52)
311.69: (-0.82, -0.27, 0.50)
311.79: (-0.87, -0.18, 0.46)
311.91: (-0.86, -0.28, 0.44)
312.02: (-0.86, -0.28, 0.44)
312.13: (-0.86, -0.28, 0.44)
312.24: (-0.84, -0.25, 0.48)
312.34: (-0.88, -0.17, 0.44)
312.46: (-0.95, 0.16, 0.26)
312.57: (-0.95, 0.26, 0.19)
312.67: (-0.94, 0.30, 0.17)
312.79: (-0.90, 0.42, 0.11)
312.91: (-0.88, 0.47, 0.08)
312.99: (-0.88, 0.47, 0.07)
END