3/28/2023 1:47:38 PM
Mode: Mono
White time (s): [2.432861, 1.999634, 2.782471, 1.11676, 0.9995728, 0.6834106, 6.815369, 1.016296, 0.6000366, 1.86615, 1.532959, 0.9000244, 0.3833618, 1.382996, 2.782715, 0.6832275, 1.132996, 2.566406, 3.399536, 0.9998779, 0.9830933, 0.6668091, 3.082886, 2.599243, 0.8999023, 2.316223, 0.7331543, 0.7994385, 0.6334229, 1.866211]
Shot time (s): [3.482544, 1.666443, 0.4332886, 1.949646, 2.299622, 1.566162, 3.69928, 2.082886, 0.8163452, 0.7832031, 1.966431, 7.381714, 0.7831421, 2.882813, 1.266235, 2.132813, 0.5828247, 1.932556, 1.633057, 4.382813, 1.016296, 3.299072, 1.999329, 0.3500366, 2.183044, 1.499756, 5.582397, 2.616089, 3.199463, 2.749329]
Step time (s): [3.082581, 2.582825, 1.299866, 4.032471, 2.782776, 2.499634, 0.5497437, 1.716431, 0.6831665, 1.39978, 1.566345, 1.59967, 2.250183, 1.832825, 2.283447, 1.949219, 0.5333862, 0.8996582, 3.948853, 1.333252, 1.566406, 1.766174, 5.082153, 4.898926, 4.449219, 1.466553, 1.899597, 2.416199, 1.78302, 1.249939]
White horz (deg): [281.4849, 342.7599, 367.8875, 34.4375, 61.93999, 83.60001, 870.5319, 35.38751, 8.5975, 274.0275, 217.6925, 112.2425, 3.705, 137.465, 314.0224, 61.51249, 110.105, 387.7425, 489.2023, 173.945, 89.775, 49.68501, 442.0349, 224.1051, 64.2675, 343.7574, 85.26251, 14.06, 14.2975, 145.73]
Shot horz (deg): [304.8549, 243.6276, 3.4675, 278.54, 314.83, 235.315, 470.1551, 341.6674, 24.4625, 15.39, 288.8, 690.4123, 115.2825, 386.8399, 156.845, 345.8476, 54.43501, 264.86, 190.0475, 574.9398, 109.155, 492.1472, 322.1926, 1.8525, 347.985, 189.9525, 866.2101, 341.5724, 446.1673, 219.9251]
Step horz (deg): [415.9576, 316.4925, 146.87, 528.1047, 290.5575, 319.2, 45.885, 221.1125, 59.185, 165.6326, 242.7725, 256.3575, 165.3475, 254.5525, 300.1049, 268.28, 33.535, 61.1325, 511.3849, 122.3125, 158.08, 224.2475, 855.522, 703.9972, 534.7548, 165.6326, 212.3726, 152.8076, 125.875, 158.46]
White vert (deg): [165.2051, 28.83249, 211.8975, 174.0875, 77.28254, 36.005, 666.6144, 141.5975, 80.9875, 73.19753, 32.9175, 25.1275, 8.407499, 63.4125, 122.93, 88.16001, 25.935, 131.3375, 104.025, 23.465, 6.0325, 8.265, 221.065, 335.8725, 67.35501, 44.6025, 24.13, 95.57001, 55.48, 145.6351]
Shot vert (deg): [337.1075, 108.7275, 3.705, 31.92, 94.5725, 23.655, 260.11, 70.01498, 142.0725, 79.8475, 53.86501, 957.4097, 13.965, 80.60752, 68.63752, 83.315, 24.795, 65.88251, 15.96, 326.1348, 45.22001, 360.715, 35.245, 3.42, 39.6625, 23.085, 387.2674, 158.3175, 138.035, 301.4825]
Step vert (deg): [419.425, 58.235, 42.94001, 266.285, 161.025, 105.1175, 40.85001, 44.12749, 19.5225, 36.29, 52.58251, 52.48749, 285.5225, 44.93501, 69.68251, 104.5, 12.16, 24.5575, 278.1601, 65.21751, 30.685, 41.3725, 296.4474, 164.9201, 415.0075, 61.13251, 99.2275, 234.3651, 174.3725, 63.935]

Time in sec: camera forward versor
Time in sec: target versor: sound type (0 = White, 1 = Shot, 2 = Step)
START
697.30: (-0.19, -0.90, 0.38): 0
697.30: (-0.39, 0.49, -0.78)
697.40: (-0.39, 0.49, -0.78)
697.52: (-0.39, 0.49, -0.78)
697.63: (-0.39, 0.49, -0.78)
697.73: (-0.36, 0.48, -0.80)
697.85: (0.06, 0.24, -0.97)
697.95: (0.47, -0.06, -0.88)
698.07: (0.76, -0.10, -0.65)
698.18: (0.88, 0.35, -0.33)
698.30: (0.50, 0.86, -0.11)
698.41: (-0.19, 0.97, -0.14)
698.53: (-0.48, 0.88, -0.01)
698.65: (-0.48, 0.88, -0.01)
698.75: (-0.45, 0.89, -0.04)
698.86: (-0.66, 0.65, 0.38)
698.98: (-0.57, -0.19, 0.80)
699.10: (-0.28, -0.58, 0.77)
699.21: (-0.18, -0.72, 0.67)
699.31: (-0.22, -0.72, 0.65)
699.43: (-0.23, -0.71, 0.67)
699.53: (-0.24, -0.75, 0.62)
699.65: (-0.11, -0.93, 0.36)
699.73: (-0.11, -0.93, 0.35)
699.73: (-0.85, -0.35, -0.39): 1
699.75: (-0.11, -0.93, 0.35)
699.86: (-0.10, -0.93, 0.35)
699.98: (-0.09, -0.94, 0.34)
700.10: (-0.09, -0.93, 0.34)
700.21: (-0.01, -0.94, 0.35)
700.33: (0.19, -0.84, 0.51)
700.43: (0.18, -0.84, 0.51)
700.55: (0.16, -0.84, 0.53)
700.66: (0.16, -0.96, 0.22)
700.78: (0.17, -0.92, -0.36)
700.90: (0.19, -0.76, -0.63)
701.00: (0.30, -0.51, -0.80)
701.11: (0.76, -0.47, -0.44)
701.23: (0.87, -0.48, 0.07)
701.33: (0.88, -0.39, 0.28)
701.45: (0.97, -0.24, 0.06)
701.56: (0.87, -0.14, -0.47)
701.68: (0.82, -0.15, -0.55)
701.80: (0.83, -0.18, -0.54)
701.91: (0.72, 0.32, -0.62)
702.01: (0.15, 0.89, -0.44)
702.13: (-0.11, 0.95, -0.28)
702.25: (-0.10, 0.95, -0.29)
702.35: (-0.09, 0.95, -0.30)
702.46: (-0.39, 0.91, -0.14)
702.58: (-0.89, 0.44, -0.12)
702.70: (-0.91, 0.07, -0.41)
702.81: (-0.69, -0.32, -0.65)
702.91: (-0.54, -0.55, -0.64)
703.03: (-0.71, -0.58, -0.39)
703.15: (-0.82, -0.43, -0.37)
703.21: (-0.83, -0.42, -0.37)
703.21: (0.81, 0.41, -0.42): 1
703.26: (-0.83, -0.42, -0.37)
703.38: (-0.83, -0.41, -0.37)
703.50: (-0.88, -0.26, -0.40)
703.61: (-0.88, 0.31, -0.36)
703.73: (-0.60, 0.71, -0.36)
703.85: (0.01, 0.63, -0.78)
703.96: (0.75, -0.03, -0.66)
704.08: (0.82, -0.57, -0.01)
704.20: (0.82, -0.58, -0.02)
704.31: (0.82, -0.57, -0.02)
704.43: (0.92, -0.02, -0.38)
704.55: (0.81, 0.29, -0.51)
704.66: (0.81, 0.29, -0.51)
704.76: (0.83, 0.32, -0.46)
704.88: (0.80, 0.44, -0.41)
704.88: (-0.95, 0.14, 0.29): 2
704.88: (0.80, 0.44, -0.41)
705.00: (0.80, 0.44, -0.41)
705.11: (0.80, 0.44, -0.41)
705.23: (0.79, 0.45, -0.41)
705.35: (0.82, 0.43, -0.38)
705.46: (0.99, -0.01, 0.13)
705.56: (0.45, -0.68, 0.58)
705.68: (-0.39, -0.74, 0.54)
705.80: (-0.35, -0.78, 0.53)
705.90: (-0.07, -0.73, 0.68)
706.01: (0.57, -0.35, 0.75)
706.11: (0.61, 0.09, 0.79)
706.21: (0.41, 0.44, 0.79)
706.33: (0.20, 0.68, 0.70)
706.45: (0.18, 0.77, 0.62)
706.55: (0.56, 0.25, 0.79)
706.65: (0.71, -0.56, 0.42)
706.76: (0.39, -0.91, -0.15)
706.88: (0.34, -0.92, -0.22)
707.00: (0.65, -0.68, 0.34)
707.11: (0.50, -0.13, 0.85)
707.23: (-0.30, -0.21, 0.93)
707.33: (-0.82, -0.46, 0.35)
707.45: (-0.90, -0.36, -0.26)
707.55: (-0.90, -0.36, -0.26)
707.66: (-0.94, -0.32, -0.10)
707.78: (-0.96, -0.05, 0.26)
707.88: (-0.93, 0.03, 0.37)
707.96: (-0.93, 0.03, 0.37)
707.96: (0.98, -0.19, 0.04): 0
708.00: (-0.93, 0.03, 0.37)
708.11: (-0.94, 0.05, 0.32)
708.23: (-0.98, 0.10, 0.16)
708.35: (-0.98, 0.07, 0.18)
708.45: (-0.98, 0.07, 0.18)
708.56: (-0.85, 0.27, -0.46)
708.68: (-0.09, 0.29, -0.95)
708.80: (0.34, 0.26, -0.90)
708.90: (0.33, 0.26, -0.91)
709.01: (0.30, 0.27, -0.91)
709.13: (0.66, 0.24, -0.71)
709.25: (0.98, -0.13, 0.13)
709.36: (0.56, -0.33, 0.76)
709.48: (0.54, -0.32, 0.78)
709.58: (0.91, -0.17, 0.37)
709.70: (0.99, -0.06, 0.13)
709.80: (0.99, -0.07, 0.13)
709.91: (0.99, -0.12, 0.11)
709.96: (0.99, -0.11, 0.07)
709.96: (0.98, -0.15, 0.08): 1
710.03: (0.99, -0.11, 0.07)
710.15: (0.99, -0.13, 0.08)
710.25: (0.99, -0.13, 0.08)
710.35: (0.99, -0.11, 0.07)
710.40: (0.99, -0.10, 0.08)
710.40: (-0.22, -0.97, -0.08): 0
710.46: (0.99, -0.13, 0.11)
710.58: (0.99, -0.13, 0.11)
710.68: (0.99, -0.12, 0.11)
710.80: (0.95, -0.17, 0.25)
710.91: (0.41, -0.37, 0.84)
711.03: (-0.49, -0.28, 0.83)
711.13: (-0.52, -0.29, 0.80)
711.25: (-0.52, -0.29, 0.80)
711.35: (-0.59, -0.21, 0.78)
711.46: (-1.00, 0.07, 0.02)
711.58: (-0.71, 0.26, -0.65)
711.70: (-0.48, 0.29, -0.83)
711.81: (0.12, 0.26, -0.96)
711.93: (0.50, 0.19, -0.84)
712.03: (0.75, 0.19, -0.63)
712.15: (0.75, 0.19, -0.63)
712.26: (0.65, 0.17, -0.74)
712.38: (0.31, -0.50, -0.81)
712.48: (-0.08, -0.89, -0.45)
712.60: (-0.46, -0.88, 0.14)
712.70: (-0.60, -0.71, 0.37)
712.81: (-0.48, -0.87, 0.08)
712.93: (-0.33, -0.93, -0.18)
713.05: (-0.30, -0.94, -0.15)
713.16: (-0.26, -0.96, -0.11)
713.18: (-0.26, -0.96, -0.11)
713.18: (0.07, -0.75, -0.65): 0
713.28: (-0.25, -0.96, -0.12)
713.39: (-0.10, -0.90, -0.43)
713.50: (0.28, -0.53, -0.80)
713.61: (0.46, 0.02, -0.89)
713.73: (0.48, 0.29, -0.83)
713.85: (0.37, -0.12, -0.92)
713.96: (0.04, -0.55, -0.83)
714.08: (-0.01, -0.61, -0.79)
714.18: (0.11, -0.65, -0.75)
714.28: (0.13, -0.70, -0.70)
714.30: (0.13, -0.70, -0.70)
714.30: (-0.22, 0.52, -0.83): 0
714.40: (0.13, -0.66, -0.74)
714.51: (0.22, -0.37, -0.90)
714.61: (0.31, 0.12, -0.94)
714.73: (0.34, 0.42, -0.84)
714.85: (0.34, 0.43, -0.84)
714.96: (0.37, 0.40, -0.84)
715.08: (-0.13, 0.52, -0.85)
715.19: (-0.32, 0.51, -0.80)
715.29: (-0.20, 0.50, -0.85)
715.29: (-0.99, -0.06, 0.15): 1
715.31: (-0.20, 0.50, -0.85)
715.41: (-0.20, 0.50, -0.85)
715.53: (-0.19, 0.51, -0.84)
715.63: (-0.20, 0.51, -0.84)
715.73: (-0.20, 0.51, -0.84)
715.84: (-0.02, 0.50, -0.87)
715.96: (0.88, 0.12, -0.47)
716.08: (0.87, -0.37, 0.33)
716.19: (0.87, -0.37, 0.31)
716.31: (0.86, -0.37, 0.34)
716.43: (0.35, -0.43, 0.83)
716.54: (-0.47, -0.31, 0.83)
716.66: (-0.83, -0.11, 0.54)
716.76: (-0.84, -0.13, 0.52)
716.88: (-0.84, -0.13, 0.52)
716.98: (-0.85, -0.12, 0.51)
717.09: (-0.98, -0.09, 0.17)
717.21: (-0.99, -0.08, 0.12)
717.24: (-0.99, -0.08, 0.12)
717.24: (0.19, -0.89, 0.41): 2
717.33: (-0.99, -0.08, 0.12)
717.44: (-0.99, -0.07, 0.13)
717.56: (-0.99, -0.03, 0.13)
717.68: (-0.99, -0.03, 0.11)
717.78: (-1.00, 0.04, 0.00)
717.89: (-0.97, 0.14, -0.19)
717.99: (-0.65, 0.39, -0.66)
718.11: (-0.01, 0.50, -0.87)
718.23: (-0.01, 0.50, -0.87)
718.33: (-0.01, 0.50, -0.87)
718.44: (0.25, 0.47, -0.85)
718.56: (0.93, 0.12, -0.34)
718.66: (0.99, -0.11, 0.02)
718.78: (0.99, -0.12, 0.01)
718.89: (0.98, -0.15, 0.10)
719.01: (0.61, -0.40, 0.69)
719.13: (0.01, -0.44, 0.90)
719.23: (-0.04, -0.45, 0.89)
719.34: (-0.04, -0.45, 0.89)
719.44: (-0.18, -0.42, 0.89)
719.56: (-0.14, -0.61, 0.78)
719.68: (0.12, -0.86, 0.49)
719.79: (0.11, -0.89, 0.44)
719.83: (0.11, -0.89, 0.44)
719.83: (0.97, -0.22, -0.09): 1
719.91: (0.11, -0.89, 0.44)
720.03: (0.13, -0.86, 0.50)
720.14: (0.13, -0.85, 0.51)
720.24: (0.10, -0.68, 0.72)
720.36: (0.04, -0.26, 0.97)
720.48: (0.05, -0.12, 0.99)
720.58: (-0.26, -0.17, 0.95)
720.68: (-0.92, -0.12, 0.36)
720.79: (-0.99, -0.09, 0.10)
720.89: (-0.99, -0.09, 0.10)
721.01: (-1.00, -0.05, -0.01)
721.11: (-0.72, 0.10, -0.69)
721.23: (0.20, 0.20, -0.96)
721.34: (0.23, 0.18, -0.96)
721.46: (0.23, 0.18, -0.96)
721.58: (0.51, 0.18, -0.84)
721.69: (0.98, 0.09, -0.19)
721.79: (0.98, 0.03, 0.22)
721.91: (0.99, 0.01, 0.14)
722.01: (0.99, -0.16, -0.05)
722.13: (0.97, -0.21, -0.11)
722.13: (0.86, 0.42, -0.30): 0
722.13: (0.97, -0.21, -0.11)
722.24: (0.98, -0.14, -0.10)
722.34: (1.00, 0.04, 0.07)
722.46: (0.92, -0.05, 0.38)
722.58: (0.99, 0.13, 0.02)
722.69: (0.87, 0.40, -0.30)
722.79: (0.77, 0.44, -0.47)
722.81: (0.77, 0.44, -0.47)
722.81: (-0.91, -0.16, -0.37): 1
722.91: (0.77, 0.44, -0.46)
723.03: (0.92, 0.36, -0.16)
723.13: (0.92, 0.16, 0.36)
723.24: (0.53, -0.08, 0.84)
723.36: (0.53, -0.08, 0.84)
723.46: (0.53, -0.08, 0.84)
723.58: (0.25, -0.15, 0.96)
723.69: (-0.67, -0.30, 0.68)
723.79: (-0.95, -0.29, 0.12)
723.91: (-0.95, -0.31, 0.04)
724.03: (-0.95, -0.31, 0.04)
724.14: (-0.96, -0.23, -0.13)
724.26: (-0.93, -0.17, -0.34)
724.38: (-0.91, -0.16, -0.37)
724.38: (-0.29, -0.94, -0.20): 1
724.38: (-0.91, -0.16, -0.37)
724.49: (-0.91, -0.16, -0.37)
724.61: (-0.85, -0.08, -0.53)
724.73: (-0.30, 0.09, -0.95)
724.84: (-0.11, 0.08, -0.99)
724.96: (-0.11, 0.08, -0.99)
725.08: (0.03, 0.14, -0.99)
725.19: (0.85, 0.21, -0.49)
725.29: (0.98, 0.16, 0.06)
725.39: (0.99, 0.13, 0.01)
725.49: (0.99, 0.13, 0.01)
725.61: (0.99, 0.14, 0.05)
725.73: (0.70, -0.04, 0.71)
725.84: (0.09, -0.17, 0.98)
725.96: (0.07, -0.18, 0.98)
726.08: (0.07, -0.18, 0.98)
726.19: (-0.30, -0.20, 0.93)
726.31: (-0.93, -0.18, 0.33)
726.43: (-0.96, -0.19, 0.18)
726.53: (-0.96, -0.19, 0.18)
726.63: (-0.98, -0.12, 0.13)
726.74: (-0.78, 0.04, -0.63)
726.86: (-0.49, 0.08, -0.87)
726.98: (-0.49, 0.08, -0.87)
727.09: (-0.51, 0.11, -0.85)
727.21: (-0.59, -0.20, -0.78)
727.31: (-0.21, -0.91, -0.37)
727.43: (0.52, -0.78, 0.34)
727.53: (0.59, -0.63, 0.51)
727.63: (0.38, -0.87, 0.31)
727.74: (0.14, -0.99, 0.02)
727.86: (-0.05, -0.98, -0.18)
727.98: (-0.19, -0.96, -0.20)
728.08: (-0.31, -0.94, -0.16)
728.08: (-0.52, 0.86, 0.03): 0
728.09: (-0.31, -0.94, -0.16)
728.21: (-0.34, -0.92, -0.20)
728.33: (-0.58, -0.56, -0.59)
728.43: (-0.66, -0.09, -0.74)
728.54: (-0.60, -0.05, -0.80)
728.66: (0.36, -0.01, -0.93)
728.78: (0.94, 0.04, -0.34)
728.88: (0.94, 0.03, -0.35)
728.99: (0.94, 0.03, -0.35)
729.11: (0.98, 0.16, -0.11)
729.23: (0.82, 0.23, 0.52)
729.34: (0.48, 0.20, 0.85)
729.44: (0.20, 0.14, 0.97)
729.56: (-0.21, 0.08, 0.98)
729.68: (-0.27, 0.10, 0.96)
729.79: (-0.27, 0.10, 0.96)
729.91: (-0.24, 0.13, 0.96)
730.03: (-0.55, 0.14, 0.82)
730.13: (-0.96, -0.12, 0.25)
730.24: (-0.89, -0.33, -0.31)
730.36: (-0.64, -0.42, -0.64)
730.48: (-0.66, -0.43, -0.61)
730.58: (-0.69, -0.41, -0.60)
730.69: (-0.44, -0.40, -0.80)
730.81: (-0.07, -0.35, -0.93)
730.92: (-0.31, -0.84, -0.45)
731.03: (-0.24, -0.90, 0.37)
731.13: (-0.16, -0.80, 0.58)
731.24: (-0.31, -0.89, 0.34)
731.34: (-0.63, -0.72, -0.30)
731.46: (-0.29, 0.26, -0.92)
731.57: (0.34, 0.82, -0.46)
731.67: (0.57, 0.82, -0.07)
731.79: (0.64, 0.74, 0.21)
731.91: (0.64, 0.66, 0.40)
732.01: (0.61, 0.58, 0.55)
732.11: (0.59, 0.45, 0.66)
732.23: (0.51, 0.20, 0.84)
732.34: (0.54, 0.27, 0.79)
732.46: (0.68, 0.74, 0.05)
732.57: (0.62, 0.62, -0.48)
732.69: (0.79, 0.21, -0.58)
732.79: (0.83, -0.26, -0.50)
732.91: (0.74, -0.55, -0.38)
733.02: (0.73, -0.55, -0.40)
733.12: (0.73, -0.55, -0.40)
733.24: (0.63, -0.66, -0.41)
733.36: (0.13, -0.99, 0.05)
733.47: (-0.30, -0.83, 0.47)
733.59: (-0.61, -0.46, 0.64)
733.69: (-0.74, -0.28, 0.61)
733.81: (-0.74, -0.28, 0.61)
733.91: (-0.75, -0.28, 0.60)
734.02: (-0.84, 0.20, 0.51)
734.12: (-0.57, 0.81, 0.16)
734.24: (-0.05, 0.97, -0.26)
734.36: (0.02, 0.95, -0.30)
734.47: (-0.31, 0.95, -0.05)
734.59: (-0.31, 0.95, -0.06)
734.71: (-0.32, 0.95, -0.05)
734.82: (-0.42, 0.91, 0.02)
734.89: (-0.45, 0.89, 0.04)
734.89: (1.00, 0.06, 0.07): 1
734.92: (-0.45, 0.89, 0.04)
735.04: (-0.41, 0.91, 0.01)
735.16: (0.05, 0.93, -0.35)
735.26: (0.30, 0.80, -0.51)
735.37: (0.29, 0.81, -0.51)
735.49: (0.29, 0.83, -0.47)
735.59: (0.61, 0.49, -0.63)
735.71: (0.81, -0.35, -0.46)
735.82: (0.77, -0.48, -0.43)
735.94: (0.77, -0.48, -0.43)
736.04: (0.69, -0.68, -0.26)
736.16: (0.04, -0.95, 0.30)
736.27: (-0.29, -0.85, 0.43)
736.39: (0.28, -0.91, 0.30)
736.51: (0.81, -0.59, 0.03)
736.61: (0.93, -0.34, -0.13)
736.72: (0.96, -0.26, -0.09)
736.82: (0.98, -0.20, -0.01)
736.94: (0.99, -0.03, 0.12)
736.97: (0.99, -0.03, 0.12)
736.97: (-0.80, -0.08, 0.60): 2
737.06: (0.99, -0.03, 0.12)
737.17: (0.97, -0.22, 0.13)
737.29: (0.74, -0.60, 0.30)
737.39: (0.50, -0.78, 0.38)
737.51: (0.30, -0.86, 0.41)
737.61: (-0.07, -0.82, 0.57)
737.71: (-0.49, -0.60, 0.63)
737.82: (-0.56, -0.57, 0.60)
737.94: (-0.55, -0.57, 0.61)
738.04: (-0.56, -0.52, 0.65)
738.16: (-0.74, -0.26, 0.62)
738.26: (-0.78, -0.21, 0.59)
738.27: (-0.78, -0.21, 0.59)
738.27: (0.21, -0.75, -0.63): 2
738.37: (-0.78, -0.20, 0.59)
738.49: (-0.87, -0.11, 0.49)
738.61: (-0.95, 0.21, 0.24)
738.72: (-0.77, 0.62, -0.18)
738.82: (-0.73, 0.64, -0.25)
738.94: (-0.73, 0.64, -0.25)
739.06: (-0.57, 0.72, -0.39)
739.17: (0.11, 0.66, -0.74)
739.29: (0.64, 0.37, -0.67)
739.41: (0.62, 0.36, -0.70)
739.51: (0.61, 0.38, -0.69)
739.61: (0.80, 0.26, -0.54)
739.72: (0.96, -0.27, -0.04)
739.84: (0.71, -0.59, 0.39)
739.94: (0.59, -0.68, 0.44)
740.06: (0.59, -0.68, 0.44)
740.16: (0.59, -0.67, 0.46)
740.27: (0.05, -0.71, 0.71)
740.39: (-0.66, -0.39, 0.65)
740.49: (-0.86, -0.11, 0.50)
740.61: (-0.95, 0.13, 0.28)
740.72: (-0.87, 0.44, -0.19)
740.82: (-0.95, 0.26, -0.16)
740.92: (-0.93, -0.18, -0.33)
741.04: (-0.58, -0.61, -0.54)
741.16: (-0.56, -0.63, -0.53)
741.26: (-0.56, -0.63, -0.53)
741.37: (-0.47, -0.78, -0.43)
741.49: (-0.04, -0.97, -0.25)
741.61: (-0.04, -0.99, -0.14)
741.72: (-0.57, -0.80, -0.16)
741.82: (-0.37, -0.84, -0.40)
741.94: (0.17, -0.70, -0.69)
742.06: (0.46, -0.61, -0.64)
742.16: (0.47, -0.64, -0.61)
742.26: (0.31, -0.71, -0.63)
742.31: (0.29, -0.73, -0.62)
742.31: (-0.29, -0.77, -0.56): 1
742.37: (0.28, -0.73, -0.63)
742.49: (-0.12, -0.63, -0.77)
742.59: (-0.68, -0.35, -0.64)
742.71: (-0.92, -0.09, -0.39)
742.82: (-0.64, -0.55, -0.53)
742.92: (-0.38, -0.67, -0.64)
743.02: (-0.30, -0.70, -0.65)
743.12: (-0.29, -0.75, -0.60)
743.12: (-0.99, -0.05, -0.11): 1
743.14: (-0.29, -0.75, -0.59)
743.24: (-0.42, -0.69, -0.59)
743.36: (-0.76, -0.50, -0.42)
743.47: (-0.93, -0.29, -0.23)
743.57: (-0.99, -0.07, -0.09)
743.69: (-1.00, 0.00, -0.02)
743.81: (-0.99, -0.03, -0.13)
743.91: (-0.99, -0.05, -0.16)
743.91: (-0.29, -0.86, -0.42): 2
743.92: (-0.99, -0.05, -0.16)
744.04: (-0.99, -0.04, -0.17)
744.16: (-0.98, 0.02, -0.22)
744.27: (-0.98, 0.02, -0.22)
744.39: (-0.98, 0.02, -0.21)
744.51: (-0.89, 0.25, -0.39)
744.62: (-0.20, 0.61, -0.77)
744.74: (0.27, 0.57, -0.78)
744.84: (0.23, 0.57, -0.79)
744.96: (0.20, 0.57, -0.80)
745.07: (0.57, 0.48, -0.66)
745.19: (0.97, 0.18, -0.15)
745.29: (0.99, 0.03, 0.12)
745.41: (0.82, -0.23, 0.52)
745.52: (0.78, -0.27, 0.57)
745.64: (0.79, -0.24, 0.56)
745.74: (0.86, -0.29, 0.43)
745.84: (0.77, -0.63, 0.05)
745.96: (0.40, -0.77, -0.49)
746.07: (0.04, -0.60, -0.80)
746.19: (0.09, -0.62, -0.78)
746.31: (0.12, -0.65, -0.75)
746.42: (-0.15, -0.87, -0.47)
746.54: (-0.29, -0.91, -0.31)
746.64: (-0.38, -0.86, -0.35)
746.69: (-0.38, -0.85, -0.35)
746.69: (-0.21, -0.69, -0.69): 0
746.76: (-0.36, -0.87, -0.34)
746.87: (0.03, -0.96, -0.28)
746.97: (0.55, -0.83, -0.13)
747.09: (0.74, -0.67, -0.03)
747.21: (0.55, -0.78, -0.29)
747.32: (0.18, -0.82, -0.55)
747.44: (0.02, -0.76, -0.65)
747.56: (-0.03, -0.73, -0.68)
747.67: (-0.22, -0.67, -0.71)
747.70: (-0.23, -0.67, -0.71)
747.70: (0.36, -0.67, -0.65): 0
747.79: (-0.18, -0.69, -0.70)
747.90: (0.32, -0.71, -0.63)
748.02: (0.63, -0.61, -0.49)
748.14: (0.43, -0.66, -0.61)
748.24: (0.23, -0.68, -0.69)
748.30: (0.19, -0.69, -0.70)
748.30: (-0.14, 0.32, -0.94): 2
748.35: (0.20, -0.69, -0.70)
748.47: (0.41, -0.67, -0.62)
748.57: (0.57, -0.61, -0.55)
748.69: (0.76, -0.52, -0.38)
748.80: (0.91, -0.39, -0.16)
748.92: (0.86, -0.51, 0.10)
749.04: (0.35, -0.77, 0.54)
749.15: (-0.36, -0.58, 0.73)
749.27: (-0.50, -0.47, 0.72)
749.37: (-0.50, -0.47, 0.72)
749.49: (-0.50, -0.47, 0.72)
749.59: (-0.58, -0.43, 0.70)
749.71: (-0.96, 0.14, 0.25)
749.82: (-0.82, 0.53, -0.20)
749.94: (-0.79, 0.58, -0.21)
750.04: (-0.79, 0.57, -0.21)
750.15: (-0.76, 0.59, -0.27)
750.25: (-0.34, 0.67, -0.66)
750.37: (0.31, 0.55, -0.77)
750.49: (0.29, 0.56, -0.78)
750.59: (0.12, 0.57, -0.81)
750.70: (-0.09, 0.45, -0.89)
750.80: (-0.13, 0.47, -0.87)
750.80: (0.14, 0.50, -0.86): 2
750.82: (-0.13, 0.47, -0.87)
750.94: (0.01, 0.52, -0.86)
751.05: (0.38, 0.62, -0.69)
751.17: (0.33, 0.58, -0.75)
751.27: (0.11, 0.52, -0.84)
751.35: (0.11, 0.52, -0.85)
751.35: (-0.97, -0.22, 0.06): 1
751.39: (0.11, 0.52, -0.85)
751.49: (0.12, 0.51, -0.85)
751.60: (0.50, 0.47, -0.73)
751.72: (0.47, 0.49, -0.73)
751.84: (0.41, 0.49, -0.77)
751.95: (0.94, -0.07, -0.32)
752.07: (0.96, -0.21, -0.17)
752.19: (0.96, -0.21, -0.17)
752.30: (0.98, -0.20, -0.05)
752.42: (0.61, -0.55, 0.57)
752.52: (-0.05, -0.57, 0.82)
752.64: (-0.49, -0.45, 0.75)
752.75: (-0.69, -0.37, 0.63)
752.85: (-0.69, -0.37, 0.63)
752.97: (-0.66, -0.37, 0.66)
753.09: (-0.86, -0.30, 0.41)
753.20: (-0.99, -0.12, 0.06)
753.30: (-0.99, -0.11, 0.05)
753.32: (-0.99, -0.11, 0.05)
753.32: (1.00, -0.04, 0.08): 2
753.40: (-0.99, -0.11, 0.05)
753.52: (-0.98, -0.18, 0.09)
753.64: (-1.00, -0.07, 0.04)
753.75: (-0.93, 0.30, -0.21)
753.85: (-0.62, 0.61, -0.50)
753.97: (-0.19, 0.67, -0.71)
754.09: (-0.21, 0.67, -0.71)
754.20: (-0.21, 0.67, -0.71)
754.30: (-0.05, 0.63, -0.77)
754.42: (0.70, 0.29, -0.65)
754.54: (0.94, 0.00, -0.35)
754.65: (0.92, 0.03, -0.40)
754.77: (0.93, 0.03, -0.38)
754.89: (0.99, -0.10, 0.00)
754.99: (0.96, -0.15, 0.22)
755.04: (0.96, -0.15, 0.22)
755.04: (0.31, 0.20, 0.93): 1
755.10: (0.96, -0.15, 0.22)
755.22: (0.97, -0.14, 0.19)
755.34: (0.98, -0.12, 0.13)
755.45: (0.87, -0.29, 0.41)
755.55: (0.39, -0.51, 0.76)
755.67: (0.35, -0.55, 0.76)
755.79: (0.35, -0.54, 0.76)
755.90: (0.08, -0.55, 0.83)
756.02: (-0.66, -0.40, 0.64)
756.14: (-0.90, -0.29, 0.33)
756.25: (-0.85, -0.36, 0.39)
756.35: (-0.85, -0.35, 0.39)
756.47: (-0.93, -0.24, 0.26)
756.59: (-0.83, -0.55, 0.07)
756.70: (-0.52, -0.84, -0.11)
756.80: (-0.18, -0.93, -0.31)
756.92: (0.01, -0.91, -0.42)
757.04: (0.17, -0.89, -0.43)
757.14: (0.22, -0.89, -0.41)
757.24: (-0.43, -0.90, -0.10)
757.35: (-0.90, -0.18, 0.40)
757.47: (-0.71, 0.46, 0.53)
757.59: (-0.45, 0.77, 0.46)
757.70: (-0.23, 0.92, 0.31)
757.82: (-0.31, 0.90, 0.30)
757.92: (-0.78, 0.52, 0.35)
758.02: (-0.95, 0.04, 0.30)
758.14: (-0.95, 0.10, -0.31)
758.25: (-0.39, 0.27, -0.88)
758.35: (-0.30, 0.26, -0.92)
758.45: (-0.30, 0.26, -0.92)
758.55: (-0.30, 0.27, -0.91)
758.67: (0.15, 0.37, -0.92)
758.79: (0.68, 0.29, -0.68)
758.90: (0.94, 0.13, -0.33)
759.00: (1.00, -0.03, -0.07)
759.12: (0.97, -0.20, 0.13)
759.22: (0.97, -0.20, 0.11)
759.34: (0.98, -0.15, 0.09)
759.45: (0.81, -0.29, 0.50)
759.55: (0.44, -0.44, 0.78)
759.67: (-0.17, -0.56, 0.81)
759.77: (-0.69, -0.41, 0.60)
759.89: (-0.94, -0.12, 0.33)
760.00: (-0.93, -0.14, 0.33)
760.12: (-0.92, -0.14, 0.36)
760.24: (-0.90, -0.11, 0.41)
760.34: (-0.89, 0.23, 0.38)
760.45: (-0.59, 0.64, 0.49)
760.55: (-0.13, 0.87, 0.48)
760.67: (0.37, 0.86, 0.34)
760.77: (0.69, 0.70, 0.19)
760.89: (0.86, 0.52, 0.05)
761.00: (0.93, 0.37, -0.06)
761.12: (0.92, 0.40, -0.01)
761.22: (0.46, 0.79, 0.40)
761.34: (-0.52, 0.67, 0.53)
761.45: (-0.97, 0.08, 0.21)
761.57: (-0.89, -0.44, -0.10)
761.69: (-0.95, -0.24, 0.17)
761.80: (-0.66, 0.14, 0.74)
761.90: (-0.15, 0.57, 0.81)
762.02: (0.36, 0.67, 0.65)
762.14: (0.47, 0.53, 0.71)
762.24: (0.37, 0.34, 0.86)
762.35: (0.35, 0.26, 0.90)
762.42: (0.38, 0.23, 0.90)
762.42: (0.44, -0.88, -0.17): 0
762.47: (0.38, 0.23, 0.90)
762.59: (0.28, 0.38, 0.88)
762.69: (-0.11, 0.65, 0.75)
762.79: (-0.45, 0.69, 0.57)
762.90: (-0.69, 0.67, 0.27)
763.02: (-0.72, 0.68, -0.15)
763.14: (-0.60, 0.59, -0.55)
763.25: (-0.61, 0.58, -0.54)
763.37: (-0.65, 0.55, -0.51)
763.48: (-0.39, 0.08, -0.92)
763.59: (0.17, -0.36, -0.92)
763.70: (0.25, -0.45, -0.86)
763.82: (0.23, -0.42, -0.88)
763.94: (0.41, -0.53, -0.74)
764.05: (0.59, -0.75, -0.31)
764.15: (0.57, -0.79, -0.22)
764.27: (0.52, -0.82, -0.26)
764.29: (0.52, -0.82, -0.26)
764.29: (0.87, -0.37, 0.32): 2
764.38: (0.52, -0.82, -0.26)
764.50: (0.68, -0.72, -0.14)
764.62: (0.76, -0.56, 0.33)
764.73: (0.81, -0.41, 0.41)
764.84: (0.84, -0.45, 0.30)
764.95: (0.85, -0.45, 0.28)
764.97: (0.85, -0.45, 0.28)
764.97: (-0.95, 0.05, -0.32): 0
765.05: (0.85, -0.44, 0.28)
765.17: (0.73, -0.21, 0.64)
765.28: (0.47, 0.10, 0.87)
765.39: (0.53, 0.06, 0.85)
765.50: (0.56, 0.04, 0.83)
765.62: (0.21, 0.27, 0.94)
765.73: (-0.56, 0.66, 0.50)
765.85: (-0.66, 0.68, 0.33)
765.95: (-0.66, 0.68, 0.33)
766.07: (-0.66, 0.69, 0.30)
766.18: (-0.83, 0.49, -0.27)
766.28: (-0.86, 0.24, -0.45)
766.40: (-0.92, 0.13, -0.38)
766.50: (-0.94, 0.13, -0.31)
766.50: (-0.91, 0.39, -0.11): 1
766.52: (-0.94, 0.13, -0.31)
766.63: (-0.94, 0.12, -0.33)
766.75: (-0.67, -0.14, -0.73)
766.87: (-0.54, -0.19, -0.82)
766.97: (-0.84, 0.11, -0.53)
767.08: (-0.91, 0.31, -0.28)
767.20: (-0.90, 0.39, -0.21)
767.28: (-0.89, 0.39, -0.23)
767.28: (-1.00, 0.03, -0.01): 0
767.32: (-0.89, 0.39, -0.23)
767.43: (-0.89, 0.33, -0.32)
767.55: (-0.62, -0.05, -0.78)
767.67: (-0.58, -0.10, -0.81)
767.77: (-0.89, 0.15, -0.43)
767.87: (-0.91, 0.16, -0.38)
767.98: (-0.95, 0.16, -0.26)
768.10: (-0.99, 0.11, -0.12)
768.18: (-0.99, 0.09, -0.10)
768.18: (-1.00, -0.06, -0.03): 0
768.22: (-0.99, 0.09, -0.10)
768.33: (-0.99, 0.10, -0.11)
768.45: (-0.99, 0.06, -0.09)
768.57: (-1.00, -0.04, -0.07)
768.57: (-0.59, 0.46, -0.66): 0
768.57: (-1.00, -0.04, -0.07)
768.68: (-1.00, -0.04, -0.07)
768.80: (-0.99, -0.12, -0.06)
768.92: (-0.98, -0.14, -0.14)
769.03: (-0.87, -0.11, -0.47)
769.15: (-0.33, -0.33, -0.89)
769.25: (-0.07, -0.38, -0.92)
769.35: (-0.18, -0.34, -0.92)
769.47: (-0.29, -0.27, -0.92)
769.58: (-0.40, -0.03, -0.92)
769.68: (-0.66, 0.26, -0.70)
769.80: (-0.66, 0.35, -0.66)
769.92: (-0.59, 0.40, -0.70)
769.95: (-0.59, 0.41, -0.70)
769.95: (-0.96, -0.25, -0.15): 1
770.02: (-0.59, 0.41, -0.70)
770.12: (-0.56, 0.36, -0.74)
770.22: (-0.50, 0.30, -0.81)
770.33: (-0.24, 0.09, -0.97)
770.45: (0.42, -0.27, -0.86)
770.55: (0.76, -0.50, -0.42)
770.67: (0.75, -0.50, -0.43)
770.78: (0.74, -0.49, -0.45)
770.88: (0.82, -0.52, -0.24)
771.00: (0.82, -0.46, 0.32)
771.12: (0.70, -0.29, 0.66)
771.22: (0.60, -0.20, 0.77)
771.32: (0.26, 0.05, 0.96)
771.43: (-0.20, 0.31, 0.93)
771.55: (-0.15, 0.27, 0.95)
771.67: (-0.15, 0.27, 0.95)
771.78: (-0.18, 0.31, 0.93)
771.90: (-0.52, 0.54, 0.66)
772.00: (-0.84, 0.52, 0.12)
772.10: (-0.86, 0.38, -0.33)
772.20: (-0.84, 0.33, -0.42)
772.32: (-0.86, 0.40, -0.32)
772.43: (-0.91, 0.36, -0.21)
772.55: (-0.99, 0.00, -0.10)
772.67: (-0.98, -0.17, -0.09)
772.78: (-0.96, -0.21, -0.18)
772.83: (-0.95, -0.22, -0.23)
772.83: (0.63, -0.78, 0.05): 0
772.88: (-0.95, -0.22, -0.23)
773.00: (-0.91, -0.21, -0.36)
773.12: (-0.88, -0.12, -0.46)
773.22: (-0.74, -0.09, -0.66)
773.33: (-0.24, -0.22, -0.94)
773.45: (-0.21, -0.24, -0.95)
773.55: (-0.21, -0.24, -0.95)
773.67: (-0.18, -0.24, -0.95)
773.78: (0.59, -0.33, -0.73)
773.88: (0.91, -0.26, -0.31)
774.00: (0.91, -0.26, -0.32)
774.10: (0.91, -0.25, -0.34)
774.22: (0.98, -0.18, -0.11)
774.33: (0.71, 0.13, 0.69)
774.45: (0.56, 0.19, 0.81)
774.57: (0.56, 0.19, 0.81)
774.68: (0.41, 0.19, 0.89)
774.80: (0.07, 0.16, 0.98)
774.92: (0.12, -0.26, 0.96)
775.02: (0.04, -0.65, 0.76)
775.12: (0.11, -0.85, 0.52)
775.23: (0.13, -0.92, 0.38)
775.33: (0.21, -0.89, 0.39)
775.45: (0.54, -0.79, 0.28)
775.57: (0.58, -0.80, 0.17)
775.62: (0.57, -0.81, 0.15)
775.62: (0.84, -0.47, 0.27): 0
775.67: (0.57, -0.81, 0.15)
775.78: (0.47, -0.76, 0.44)
775.90: (0.36, -0.32, 0.88)
776.02: (0.52, -0.31, 0.80)
776.13: (0.73, -0.54, 0.42)
776.25: (0.85, -0.44, 0.29)
776.30: (0.86, -0.43, 0.27)
776.30: (-0.98, -0.18, -0.06): 1
776.37: (0.85, -0.43, 0.29)
776.48: (0.72, -0.31, 0.61)
776.58: (0.56, -0.11, 0.82)
776.70: (0.47, 0.10, 0.88)
776.82: (0.22, 0.08, 0.97)
776.93: (-0.70, -0.33, 0.63)
777.05: (-0.72, -0.41, 0.55)
777.17: (-0.72, -0.41, 0.55)
777.27: (-0.75, -0.39, 0.54)
777.38: (-0.92, -0.35, 0.20)
777.50: (-0.96, -0.29, 0.00)
777.57: (-0.96, -0.28, -0.02)
777.57: (0.59, -0.32, -0.74): 2
777.60: (-0.96, -0.28, -0.02)
777.72: (-0.95, -0.26, -0.16)
777.82: (-0.73, -0.16, -0.67)
777.93: (-0.55, -0.14, -0.83)
778.05: (-0.55, -0.14, -0.83)
778.17: (-0.53, -0.14, -0.84)
778.27: (0.05, 0.03, -1.00)
778.38: (0.75, 0.21, -0.63)
778.50: (0.75, 0.21, -0.62)
778.62: (0.76, 0.22, -0.61)
778.73: (0.66, -0.08, -0.74)
778.85: (0.53, -0.26, -0.81)
778.97: (0.51, -0.29, -0.81)
778.97: (-0.90, 0.17, 0.40): 2
778.97: (0.51, -0.29, -0.81)
779.07: (0.55, -0.24, -0.80)
779.18: (0.76, 0.17, -0.63)
779.28: (0.91, 0.20, -0.36)
779.40: (0.90, 0.10, 0.42)
779.52: (0.86, 0.09, 0.50)
779.63: (0.86, 0.09, 0.50)
779.75: (0.79, 0.09, 0.61)
779.87: (-0.04, -0.01, 1.00)
779.97: (-0.47, -0.08, 0.88)
780.08: (-0.45, -0.07, 0.89)
780.20: (-0.41, -0.06, 0.91)
780.30: (-0.71, 0.03, 0.70)
780.42: (-0.91, 0.06, 0.40)
780.53: (-0.92, 0.07, 0.38)
780.53: (-0.31, 0.15, -0.94): 0
780.53: (-0.92, 0.07, 0.38)
780.65: (-0.92, 0.07, 0.38)
780.77: (-0.88, 0.08, 0.46)
780.88: (-0.86, 0.08, 0.50)
781.00: (-1.00, 0.04, -0.08)
781.11: (-0.58, -0.10, -0.81)
781.23: (-0.48, -0.15, -0.87)
781.35: (-0.48, -0.15, -0.87)
781.45: (-0.46, -0.05, -0.89)
781.56: (-0.37, 0.14, -0.92)
781.66: (-0.32, 0.15, -0.93)
781.66: (0.45, -0.67, 0.58): 2
781.68: (-0.32, 0.15, -0.93)
781.78: (-0.22, 0.13, -0.97)
781.90: (0.25, 0.02, -0.97)
782.01: (0.79, -0.14, -0.60)
782.13: (0.95, -0.27, -0.17)
782.25: (0.95, -0.27, -0.17)
782.36: (0.95, -0.27, -0.17)
782.48: (0.95, -0.24, 0.19)
782.58: (0.42, -0.03, 0.91)
782.68: (-0.08, 0.03, 1.00)
782.80: (0.00, -0.01, 1.00)
782.90: (0.36, -0.31, 0.88)
783.01: (0.52, -0.44, 0.74)
783.13: (0.48, -0.53, 0.70)
783.25: (0.42, -0.59, 0.69)
783.26: (0.43, -0.59, 0.68)
783.26: (0.78, 0.62, 0.13): 2
783.35: (0.43, -0.59, 0.69)
783.46: (0.44, -0.58, 0.68)
783.58: (0.43, -0.41, 0.81)
783.70: (0.32, -0.03, 0.95)
783.81: (-0.16, 0.01, 0.99)
783.91: (-0.61, 0.05, 0.79)
784.03: (-0.60, 0.05, 0.80)
784.15: (-0.60, 0.05, 0.80)
784.25: (-0.61, 0.07, 0.79)
784.36: (-0.65, -0.16, 0.74)
784.48: (-0.56, -0.11, 0.82)
784.60: (-0.40, 0.67, 0.63)
784.70: (-0.09, 0.99, 0.07)
784.81: (0.01, 0.98, -0.17)
784.93: (-0.21, 0.96, 0.19)
785.05: (-0.36, 0.70, 0.62)
785.16: (0.33, 0.79, 0.52)
785.28: (0.63, 0.71, 0.32)
785.38: (0.69, 0.71, 0.17)
785.48: (0.74, 0.67, 0.10)
785.51: (0.75, 0.65, 0.11)
785.51: (0.63, -0.55, 0.55): 1
785.60: (0.77, 0.62, 0.14)
785.71: (0.74, 0.65, 0.19)
785.83: (0.39, 0.75, 0.54)
785.95: (-0.16, 0.88, 0.45)
786.06: (-0.74, 0.67, -0.11)
786.18: (-0.84, 0.51, -0.17)
786.28: (-0.84, 0.51, -0.17)
786.40: (-0.88, 0.43, -0.21)
786.51: (-0.72, -0.28, -0.63)
786.63: (-0.52, -0.58, -0.63)
786.75: (-0.61, -0.38, -0.69)
786.85: (-0.60, -0.36, -0.72)
786.96: (0.11, -0.83, -0.54)
787.08: (0.69, -0.73, -0.02)
787.18: (0.68, -0.73, -0.01)
787.30: (0.68, -0.73, -0.02)
787.41: (0.66, -0.75, 0.06)
787.51: (0.65, -0.61, 0.46)
787.61: (0.67, -0.53, 0.52)
787.65: (0.67, -0.53, 0.52)
787.65: (0.64, -0.21, 0.74): 1
787.73: (0.67, -0.53, 0.52)
787.85: (0.80, -0.29, 0.53)
787.96: (0.71, 0.12, 0.69)
788.08: (0.63, -0.14, 0.77)
788.20: (0.65, -0.20, 0.74)
788.23: (0.65, -0.21, 0.73)
788.23: (-0.56, -0.79, -0.24): 2
788.31: (0.65, -0.20, 0.74)
788.43: (0.56, 0.26, 0.78)
788.55: (0.39, 0.53, 0.75)
788.66: (0.43, 0.48, 0.76)
788.78: (0.40, 0.51, 0.76)
788.88: (-0.02, 0.84, 0.54)
789.00: (-0.63, 0.75, -0.19)
789.11: (-0.66, 0.72, -0.22)
789.23: (-0.66, 0.72, -0.22)
789.33: (-0.68, 0.66, -0.32)
789.45: (-0.67, 0.04, -0.74)
789.56: (-0.54, -0.35, -0.76)
789.68: (-0.40, -0.56, -0.73)
789.80: (-0.46, -0.53, -0.72)
789.91: (-0.57, -0.68, -0.46)
790.03: (-0.54, -0.75, -0.39)
790.06: (-0.54, -0.75, -0.39)
790.06: (-1.00, 0.02, 0.03): 2
790.15: (-0.54, -0.75, -0.39)
790.25: (-0.44, -0.80, -0.41)
790.36: (-0.06, -0.84, -0.54)
790.46: (-0.03, -0.85, -0.53)
790.58: (0.40, -0.90, -0.16)
790.70: (0.58, -0.82, -0.01)
790.80: (0.58, -0.82, -0.02)
790.90: (0.58, -0.82, -0.02)
791.01: (0.62, -0.78, 0.01)
791.11: (0.85, -0.35, 0.40)
791.23: (0.63, 0.42, 0.66)
791.35: (0.60, 0.43, 0.67)
791.46: (0.62, 0.42, 0.66)
791.58: (0.21, 0.77, 0.60)
791.70: (-0.61, 0.78, 0.11)
791.80: (-0.74, 0.67, -0.01)
791.91: (-0.72, 0.69, 0.01)
792.03: (-0.74, 0.67, -0.02)
792.15: (-0.95, 0.30, -0.02)
792.25: (-0.99, 0.11, 0.00)
792.35: (-1.00, 0.09, 0.02)
792.35: (0.97, 0.24, -0.09): 1
792.36: (-1.00, 0.09, 0.02)
792.48: (-1.00, 0.09, -0.05)
792.60: (-0.91, -0.03, -0.41)
792.71: (-0.59, -0.36, -0.73)
792.83: (-0.56, -0.39, -0.73)
792.95: (-0.56, -0.39, -0.73)
793.06: (-0.49, -0.44, -0.75)
793.16: (0.29, -0.74, -0.60)
793.28: (0.81, -0.56, -0.14)
793.40: (0.80, -0.57, -0.17)
793.51: (0.79, -0.58, -0.21)
793.61: (0.89, -0.46, -0.01)
793.71: (0.82, 0.14, 0.55)
793.83: (0.71, 0.35, 0.61)
793.93: (0.73, 0.44, 0.52)
794.05: (0.87, 0.46, 0.18)
794.16: (0.93, 0.36, -0.01)
794.28: (0.95, 0.30, -0.07)
794.28: (-0.28, -0.82, 0.50): 0
794.28: (0.95, 0.30, -0.07)
794.38: (0.95, 0.31, -0.06)
794.48: (0.78, 0.62, 0.11)
794.60: (0.27, 0.89, 0.38)
794.70: (0.26, 0.88, 0.39)
794.81: (0.26, 0.88, 0.39)
794.93: (0.11, 0.91, 0.40)
795.05: (-0.71, 0.58, 0.40)
795.16: (-0.98, -0.21, 0.04)
795.28: (-0.91, -0.41, -0.04)
795.40: (-0.91, -0.41, -0.04)
795.51: (-0.92, -0.39, -0.04)
795.63: (-0.34, -0.90, -0.27)
795.75: (0.47, -0.80, -0.38)
795.86: (0.74, -0.58, -0.33)
795.96: (0.76, -0.57, -0.32)
796.06: (0.76, -0.57, -0.32)
796.18: (0.78, -0.59, -0.20)
796.30: (0.66, -0.61, 0.44)
796.41: (0.09, -0.71, 0.70)
796.53: (-0.52, -0.71, 0.48)
796.65: (-0.48, -0.75, 0.45)
796.76: (-0.36, -0.80, 0.49)
796.85: (-0.29, -0.82, 0.49)
796.85: (-0.83, 0.41, -0.38): 2
796.86: (-0.29, -0.82, 0.49)
796.98: (-0.13, -0.88, 0.45)
797.10: (0.33, -0.94, 0.06)
797.21: (0.66, -0.69, -0.29)
797.33: (0.91, -0.41, 0.07)
797.45: (0.68, 0.23, 0.70)
797.56: (0.38, 0.47, 0.80)
797.68: (0.38, 0.47, 0.80)
797.79: (0.35, 0.49, 0.80)
797.91: (-0.45, 0.73, 0.52)
798.01: (-0.79, 0.59, 0.16)
798.13: (-0.78, 0.60, 0.17)
798.24: (-0.77, 0.62, 0.18)
798.36: (-0.88, 0.43, -0.19)
798.46: (-0.84, 0.20, -0.50)
798.58: (-0.84, 0.19, -0.51)
798.68: (-0.85, 0.28, -0.44)
798.79: (-0.84, 0.41, -0.35)
798.79: (0.84, -0.54, 0.09): 1
798.79: (-0.84, 0.41, -0.35)
798.91: (-0.84, 0.39, -0.37)
799.03: (-0.72, 0.04, -0.69)
799.14: (-0.61, -0.17, -0.77)
799.24: (-0.61, -0.17, -0.77)
799.36: (-0.57, -0.19, -0.80)
799.48: (-0.16, -0.56, -0.81)
799.59: (0.37, -0.76, -0.53)
799.71: (0.48, -0.75, -0.45)
799.83: (0.47, -0.76, -0.46)
799.93: (0.53, -0.73, -0.43)
800.04: (0.82, -0.55, 0.12)
800.16: (0.84, -0.50, 0.20)
800.28: (0.83, -0.54, 0.09)
800.39: (0.82, -0.57, 0.02)
800.43: (0.82, -0.58, 0.02)
800.43: (-0.44, -0.72, 0.54): 1
800.49: (0.82, -0.58, 0.02)
800.61: (0.86, -0.36, 0.36)
800.73: (0.76, -0.05, 0.65)
800.84: (0.76, -0.06, 0.65)
800.96: (0.75, -0.05, 0.66)
801.08: (0.36, 0.37, 0.85)
801.19: (-0.19, 0.67, 0.72)
801.31: (-0.19, 0.67, 0.72)
801.43: (-0.16, 0.69, 0.71)
801.54: (-0.72, 0.68, 0.16)
801.66: (-0.87, 0.31, -0.38)
801.76: (-0.87, 0.33, -0.37)
801.88: (-0.87, 0.34, -0.36)
801.99: (-0.72, 0.41, -0.55)
802.09: (-0.34, 0.64, -0.69)
802.21: (0.16, 0.84, -0.52)
802.31: (0.23, 0.97, 0.06)
802.43: (0.37, 0.90, 0.23)
802.54: (0.20, 0.98, 0.04)
802.66: (-0.61, 0.70, -0.36)
802.78: (-0.94, 0.15, -0.30)
802.89: (-0.94, 0.00, -0.35)
803.01: (-0.84, 0.06, -0.53)
803.13: (-0.79, 0.05, -0.61)
803.24: (-0.28, 0.42, -0.86)
803.36: (0.50, 0.23, -0.83)
803.48: (0.91, -0.12, -0.40)
803.59: (0.95, -0.21, -0.23)
803.71: (0.81, -0.52, 0.26)
803.83: (0.80, -0.53, 0.27)
803.94: (0.80, -0.53, 0.27)
804.06: (0.76, -0.54, 0.36)
804.18: (0.13, -0.58, 0.80)
804.28: (-0.39, -0.41, 0.82)
804.39: (-0.38, -0.42, 0.82)
804.49: (-0.26, -0.46, 0.85)
804.61: (-0.33, -0.70, 0.64)
804.73: (-0.34, -0.73, 0.60)
804.81: (-0.35, -0.73, 0.58)
804.81: (-0.84, 0.17, -0.52): 1
804.83: (-0.35, -0.73, 0.58)
804.94: (-0.39, -0.67, 0.64)
805.06: (-0.51, -0.38, 0.77)
805.16: (-0.83, -0.12, 0.55)
805.28: (-0.94, 0.33, 0.10)
805.38: (-0.95, 0.31, 0.11)
805.49: (-0.94, 0.30, 0.13)
805.61: (-0.96, 0.24, -0.17)
805.73: (-0.86, 0.28, -0.43)
805.83: (-0.86, 0.28, -0.43)
805.83: (0.47, 0.88, -0.11): 0
805.83: (-0.86, 0.28, -0.43)
805.93: (-0.85, 0.28, -0.44)
806.04: (-0.82, 0.31, -0.48)
806.16: (-0.58, 0.61, -0.54)
806.28: (0.01, 0.67, -0.75)
806.38: (0.28, 0.61, -0.75)
806.49: (0.26, 0.61, -0.75)
806.61: (0.31, 0.60, -0.73)
806.73: (0.87, 0.11, -0.47)
806.83: (0.90, -0.43, 0.08)
806.93: (0.87, -0.48, 0.13)
807.03: (0.87, -0.48, 0.13)
807.14: (0.89, -0.45, 0.09)
807.26: (0.43, -0.73, 0.54)
807.38: (-0.27, -0.61, 0.74)
807.49: (-0.28, -0.61, 0.75)
807.61: (-0.13, -0.63, 0.77)
807.73: (-0.32, -0.59, 0.74)
807.84: (-0.89, -0.10, 0.45)
807.94: (-0.96, 0.25, 0.09)
808.04: (-0.96, 0.25, 0.08)
808.16: (-0.96, 0.25, 0.08)
808.28: (-0.96, 0.27, -0.02)
808.39: (-0.61, 0.58, -0.54)
808.49: (-0.14, 0.69, -0.71)
808.61: (0.34, 0.69, -0.64)
808.71: (0.36, 0.69, -0.63)
808.81: (0.36, 0.69, -0.63)
808.91: (0.40, 0.71, -0.58)
809.03: (0.48, 0.80, -0.36)
809.13: (0.50, 0.84, -0.22)
809.23: (0.50, 0.85, -0.18)
809.23: (-0.21, 0.83, 0.52): 1
809.24: (0.50, 0.85, -0.18)
809.36: (0.59, 0.79, -0.14)
809.48: (0.95, 0.24, 0.17)
809.59: (0.90, -0.31, 0.31)
809.69: (0.90, -0.31, 0.31)
809.81: (0.90, -0.31, 0.31)
809.93: (0.77, -0.50, 0.39)
810.04: (-0.04, -0.89, 0.45)
810.14: (-0.43, -0.86, 0.27)
810.24: (-0.47, -0.86, 0.22)
810.36: (-0.47, -0.86, 0.22)
810.48: (-0.56, -0.81, 0.19)
810.59: (-0.96, -0.15, -0.25)
810.71: (-0.68, 0.54, -0.50)
810.83: (-0.63, 0.57, -0.53)
810.93: (-0.63, 0.57, -0.53)
811.04: (-0.47, 0.69, -0.55)
811.16: (0.49, 0.80, -0.35)
811.26: (0.51, 0.65, -0.56)
811.36: (0.13, 0.21, -0.97)
811.48: (-0.44, -0.30, -0.85)
811.59: (-0.53, -0.43, -0.74)
811.71: (-0.40, -0.07, -0.92)
811.83: (-0.02, 0.82, -0.58)
811.94: (0.36, 0.87, 0.32)
812.04: (0.45, 0.51, 0.74)
812.16: (0.41, 0.25, 0.88)
812.28: (0.03, 0.58, 0.81)
812.39: (-0.20, 0.80, 0.57)
812.51: (-0.22, 0.83, 0.51)
812.53: (-0.22, 0.83, 0.51)
812.53: (0.07, 0.88, 0.47): 0
812.63: (-0.21, 0.84, 0.51)
812.74: (0.33, 0.83, 0.46)
812.86: (0.95, 0.22, 0.24)
812.98: (0.98, 0.16, 0.12)
813.09: (0.76, 0.58, 0.30)
813.19: (0.38, 0.80, 0.47)
813.31: (0.33, 0.81, 0.49)
813.43: (0.19, 0.84, 0.50)
813.53: (0.12, 0.85, 0.51)
813.53: (-0.99, -0.11, 0.11): 1
813.53: (0.12, 0.85, 0.51)
813.63: (0.13, 0.85, 0.52)
813.73: (0.14, 0.84, 0.52)
813.84: (0.14, 0.84, 0.52)
813.96: (0.60, 0.66, 0.45)
814.06: (1.00, -0.02, 0.07)
814.18: (1.00, 0.00, 0.06)
814.29: (1.00, 0.00, 0.07)
814.41: (0.76, -0.59, -0.28)
814.53: (-0.14, -0.88, -0.46)
814.64: (0.03, -0.89, -0.46)
814.76: (0.15, -0.90, -0.41)
814.86: (-0.02, -0.89, -0.45)
814.98: (-0.78, -0.49, -0.38)
815.08: (-0.97, -0.14, -0.22)
815.19: (-0.99, 0.08, -0.09)
815.31: (-0.99, 0.17, -0.01)
815.42: (-1.00, -0.04, 0.08)
815.52: (-0.99, -0.07, 0.10)
815.52: (-1.00, 0.00, 0.00): 1
815.54: (-0.99, -0.07, 0.10)
815.64: (-0.99, -0.07, 0.10)
815.76: (-0.99, -0.07, 0.09)
815.87: (-1.00, -0.06, 0.04)
815.87: (-0.81, 0.35, 0.48): 2
815.87: (-1.00, -0.06, 0.04)
815.99: (-1.00, -0.06, 0.03)
816.11: (-1.00, 0.04, 0.06)
816.22: (-0.91, 0.30, 0.29)
816.34: (-0.85, 0.34, 0.40)
816.41: (-0.83, 0.36, 0.43)
816.41: (-0.17, 0.96, 0.22): 2
816.46: (-0.83, 0.36, 0.43)
816.56: (-0.73, 0.48, 0.48)
816.67: (-0.33, 0.78, 0.53)
816.79: (-0.30, 0.81, 0.51)
816.91: (-0.30, 0.81, 0.51)
817.01: (-0.27, 0.85, 0.45)
817.12: (-0.09, 0.96, 0.25)
817.24: (-0.09, 0.98, 0.19)
817.31: (-0.09, 0.98, 0.19)
817.31: (-1.00, 0.05, 0.07): 1
817.36: (-0.09, 0.98, 0.19)
817.46: (0.03, 0.98, 0.20)
817.57: (0.35, 0.92, 0.20)
817.67: (0.52, 0.83, 0.19)
817.79: (0.97, 0.25, 0.08)
817.91: (0.99, 0.16, 0.05)
818.02: (0.99, 0.16, 0.05)
818.14: (0.98, 0.17, 0.04)
818.24: (0.93, -0.30, -0.21)
818.36: (0.17, -0.91, -0.39)
818.46: (-0.12, -0.93, -0.34)
818.57: (-0.05, -0.94, -0.35)
818.69: (0.03, -0.94, -0.34)
818.81: (-0.25, -0.92, -0.30)
818.92: (-0.94, -0.33, 0.01)
819.04: (-0.90, 0.34, 0.28)
819.16: (-0.92, 0.28, 0.26)
819.26: (-0.94, 0.21, 0.25)
819.37: (-0.98, 0.13, 0.16)
819.49: (-0.99, 0.05, 0.09)
819.49: (-0.09, 0.90, 0.44): 0
819.49: (-0.99, 0.05, 0.09)
819.61: (-0.99, 0.04, 0.09)
819.71: (-0.97, 0.20, 0.15)
819.82: (-0.53, 0.76, 0.38)
819.94: (-0.17, 0.90, 0.40)
820.04: (-0.19, 0.90, 0.40)
820.16: (-0.20, 0.89, 0.42)
820.26: (-0.16, 0.90, 0.41)
820.37: (-0.12, 0.90, 0.42)
820.47: (-0.02, 0.91, 0.42)
820.47: (0.29, 0.82, 0.49): 0
820.49: (-0.02, 0.91, 0.42)
820.61: (-0.02, 0.91, 0.42)
820.71: (0.27, 0.88, 0.39)
820.82: (0.54, 0.77, 0.34)
820.94: (0.48, 0.78, 0.40)
821.06: (0.36, 0.80, 0.47)
821.14: (0.29, 0.82, 0.50)
821.14: (-0.16, -0.76, 0.63): 2
821.16: (0.29, 0.82, 0.50)
821.27: (0.29, 0.82, 0.50)
821.39: (0.27, 0.84, 0.48)
821.51: (0.30, 0.86, 0.41)
821.61: (0.45, 0.82, 0.35)
821.72: (0.67, 0.70, 0.27)
821.84: (0.77, 0.60, 0.20)
821.94: (0.93, 0.37, -0.07)
822.04: (0.78, 0.55, -0.31)
822.16: (0.34, 0.82, -0.46)
822.27: (0.11, 0.84, -0.53)
822.39: (0.45, 0.86, -0.23)
822.51: (0.86, 0.46, 0.23)
822.62: (1.00, 0.02, -0.03)
822.74: (0.58, -0.55, -0.60)
822.86: (0.42, -0.60, -0.68)
822.96: (0.42, -0.60, -0.68)
823.07: (0.44, -0.61, -0.65)
823.19: (-0.06, -0.70, -0.71)
823.31: (-0.72, -0.56, -0.42)
823.41: (-0.95, -0.30, -0.10)
823.52: (-0.96, -0.28, -0.09)
823.64: (-0.92, -0.38, -0.14)
823.74: (-0.98, -0.19, -0.03)
823.84: (-0.86, 0.33, 0.39)
823.96: (-0.22, 0.67, 0.71)
824.06: (0.18, 0.68, 0.71)
824.16: (0.06, 0.70, 0.71)
824.27: (-0.01, 0.70, 0.72)
824.39: (-0.14, 0.34, 0.93)
824.51: (-0.37, -0.28, 0.88)
824.62: (-0.40, -0.60, 0.69)
824.72: (-0.36, -0.67, 0.64)
824.84: (-0.19, -0.56, 0.81)
824.96: (-0.11, -0.62, 0.78)
825.07: (-0.06, -0.68, 0.73)
825.09: (-0.06, -0.68, 0.73)
825.09: (0.95, 0.33, 0.02): 2
825.19: (-0.06, -0.68, 0.73)
825.29: (-0.10, -0.51, 0.85)
825.41: (-0.21, -0.10, 0.97)
825.52: (-0.27, 0.07, 0.96)
825.64: (-0.15, 0.23, 0.96)
825.76: (0.56, 0.43, 0.70)
825.86: (0.83, 0.42, 0.38)
825.97: (0.81, 0.44, 0.40)
826.07: (0.81, 0.44, 0.40)
826.17: (0.86, 0.43, 0.28)
826.29: (0.94, 0.33, -0.09)
826.41: (0.94, 0.31, -0.12)
826.42: (0.94, 0.31, -0.12)
826.42: (-0.87, -0.07, -0.50): 2
826.52: (0.94, 0.31, -0.12)
826.64: (0.94, 0.31, -0.10)
826.76: (0.91, 0.17, -0.37)
826.87: (0.69, -0.05, -0.72)
826.97: (0.69, -0.03, -0.72)
827.09: (0.74, -0.03, -0.67)
827.21: (0.60, -0.11, -0.79)
827.31: (-0.15, -0.39, -0.91)
827.42: (-0.56, -0.44, -0.71)
827.54: (-0.54, -0.43, -0.72)
827.66: (-0.52, -0.45, -0.73)
827.76: (-0.66, -0.28, -0.69)
827.87: (-0.76, -0.15, -0.63)
827.99: (-0.78, -0.13, -0.62)
827.99: (1.00, 0.02, 0.05): 2
827.99: (-0.78, -0.13, -0.62)
828.11: (-0.78, -0.13, -0.61)
828.22: (-0.83, -0.17, -0.54)
828.32: (-0.92, -0.27, -0.27)
828.42: (-0.91, -0.22, 0.34)
828.54: (-0.76, -0.11, 0.64)
828.66: (-0.79, -0.12, 0.61)
828.77: (-0.80, -0.14, 0.59)
828.89: (-0.48, 0.06, 0.87)
829.01: (0.39, 0.30, 0.87)
829.11: (0.58, 0.35, 0.74)
829.22: (0.56, 0.36, 0.74)
829.34: (0.55, 0.34, 0.77)
829.46: (0.75, 0.29, 0.59)
829.57: (0.96, 0.13, 0.25)
829.67: (0.99, 0.06, 0.12)
829.76: (0.99, 0.05, 0.12)
829.76: (-0.96, -0.27, 0.04): 1
829.79: (0.99, 0.05, 0.12)
829.89: (0.99, 0.05, 0.11)
830.01: (0.95, 0.02, -0.31)
830.12: (0.52, -0.08, -0.85)
830.24: (0.40, -0.02, -0.92)
830.34: (0.40, -0.02, -0.92)
830.46: (0.40, -0.02, -0.92)
830.57: (0.12, -0.06, -0.99)
830.69: (-0.70, -0.14, -0.70)
830.81: (-0.95, -0.11, -0.29)
830.92: (-0.95, -0.11, -0.29)
831.02: (-0.95, -0.12, -0.28)
831.14: (-0.98, -0.18, -0.04)
831.26: (-0.97, -0.22, 0.05)
831.26: (-0.60, 0.79, -0.10): 1
831.26: (-0.97, -0.22, 0.05)
831.37: (-0.97, -0.22, 0.09)
831.49: (-0.89, -0.15, 0.44)
831.60: (-0.44, -0.01, 0.90)
831.71: (-0.08, 0.16, 0.98)
831.81: (-0.10, 0.16, 0.98)
831.92: (-0.10, 0.16, 0.98)
832.04: (-0.05, 0.14, 0.99)
832.15: (0.72, 0.21, 0.66)
832.27: (0.97, 0.14, -0.19)
832.37: (0.90, 0.16, -0.41)
832.49: (0.90, 0.16, -0.41)
832.60: (0.92, 0.15, -0.37)
832.71: (0.91, 0.30, -0.29)
832.82: (0.61, 0.79, 0.05)
832.94: (0.14, 0.96, 0.23)
833.05: (-0.01, 0.95, 0.31)
833.17: (0.15, 0.97, 0.21)
833.29: (0.24, 0.97, 0.01)
833.40: (0.67, 0.56, -0.49)
833.50: (0.37, 0.00, -0.93)
833.62: (-0.22, -0.54, -0.81)
833.72: (-0.36, -0.52, -0.78)
833.84: (-0.36, -0.52, -0.78)
833.94: (-0.35, -0.53, -0.77)
834.05: (-0.79, -0.57, -0.24)
834.17: (-0.84, -0.32, 0.45)
834.29: (-0.80, -0.44, 0.42)
834.40: (-0.48, -0.88, 0.02)
834.52: (0.03, -0.94, -0.33)
834.64: (0.35, -0.88, -0.33)
834.75: (0.55, -0.77, -0.32)
834.87: (0.73, -0.60, -0.33)
834.99: (0.65, -0.75, -0.10)
835.09: (0.06, -0.93, 0.36)
835.20: (-0.51, -0.73, 0.45)
835.32: (-0.65, -0.54, 0.53)
835.42: (-0.72, -0.10, 0.69)
835.54: (-0.70, 0.13, 0.70)
835.64: (-0.70, 0.13, 0.70)
835.75: (-0.71, 0.13, 0.70)
835.87: (-0.71, 0.43, 0.55)
835.97: (-0.13, 0.97, 0.19)
836.09: (0.42, 0.88, -0.23)
836.19: (0.42, 0.88, -0.24)
836.29: (0.42, 0.88, -0.23)
836.40: (0.07, 0.99, -0.11)
836.50: (-0.26, 0.97, 0.00)
836.60: (-0.41, 0.91, -0.04)
836.72: (-0.50, 0.87, -0.03)
836.84: (-0.57, 0.82, -0.02)
836.84: (0.96, 0.15, 0.23): 2
836.84: (-0.57, 0.82, -0.02)
836.95: (-0.52, 0.85, -0.05)
837.05: (-0.04, 0.97, -0.23)
837.17: (0.50, 0.72, -0.49)
837.27: (0.72, 0.35, -0.59)
837.37: (0.72, 0.35, -0.59)
837.49: (0.72, 0.37, -0.59)
837.60: (0.78, 0.10, -0.62)
837.72: (0.58, -0.76, -0.30)
837.84: (0.22, -0.97, 0.02)
837.94: (0.27, -0.96, 0.00)
838.04: (0.34, -0.94, -0.03)
838.15: (0.06, -0.99, 0.16)
838.27: (-0.63, -0.47, 0.62)
838.39: (-0.77, -0.05, 0.63)
838.49: (-0.77, -0.05, 0.63)
838.60: (-0.77, -0.06, 0.64)
838.72: (-0.79, 0.27, 0.55)
838.82: (-0.46, 0.88, 0.12)
838.94: (0.13, 0.93, -0.33)
839.05: (0.13, 0.93, -0.33)
839.15: (0.13, 0.93, -0.33)
839.27: (0.31, 0.85, -0.43)
839.39: (0.82, 0.09, -0.56)
839.50: (0.71, -0.62, -0.34)
839.62: (0.70, -0.64, -0.34)
839.74: (0.70, -0.63, -0.33)
839.84: (0.66, -0.68, -0.31)
839.95: (0.12, -0.98, 0.18)
840.07: (-0.42, -0.74, 0.53)
840.19: (-0.51, -0.57, 0.64)
840.29: (-0.39, -0.88, 0.26)
840.40: (-0.38, -0.89, -0.26)
840.52: (-0.42, -0.83, -0.36)
840.62: (-0.42, -0.82, -0.39)
840.74: (-0.44, -0.89, 0.08)
840.85: (-0.53, -0.65, 0.54)
840.95: (-0.63, -0.19, 0.75)
841.05: (-0.20, -0.13, 0.97)
841.17: (0.36, -0.33, 0.88)
841.29: (0.77, -0.47, 0.43)
841.39: (0.90, -0.42, 0.15)
841.50: (0.91, -0.41, 0.03)
841.62: (0.90, -0.42, 0.12)
841.74: (0.93, -0.06, 0.36)
841.85: (0.97, 0.10, 0.24)
841.92: (0.97, 0.10, 0.23)
841.92: (-0.63, -0.20, -0.75): 2
841.97: (0.97, 0.10, 0.23)
842.09: (0.95, 0.10, 0.29)
842.20: (0.77, -0.21, 0.60)
842.32: (0.49, -0.47, 0.74)
842.44: (0.29, -0.55, 0.79)
842.54: (0.27, -0.56, 0.78)
842.65: (0.27, -0.56, 0.78)
842.77: (0.27, -0.57, 0.77)
842.89: (-0.04, -0.14, 0.99)
842.99: (-0.35, 0.53, 0.77)
843.10: (-0.45, 0.68, 0.58)
843.20: (-0.46, 0.66, 0.60)
843.32: (-0.47, 0.62, 0.63)
843.44: (-0.50, 0.84, 0.21)
843.55: (-0.30, 0.75, -0.59)
843.65: (-0.30, 0.72, -0.63)
843.77: (-0.29, 0.73, -0.61)
843.89: (-0.26, 0.64, -0.73)
844.00: (0.06, -0.03, -1.00)
844.12: (0.22, -0.58, -0.78)
844.24: (0.24, -0.62, -0.75)
844.35: (0.23, -0.62, -0.75)
844.47: (0.26, -0.65, -0.71)
844.57: (0.37, -0.90, -0.24)
844.67: (0.40, -0.80, 0.44)
844.79: (0.37, -0.73, 0.58)
844.90: (0.41, -0.74, 0.54)
845.00: (0.43, -0.73, 0.53)
845.12: (0.26, -0.26, 0.93)
845.24: (-0.01, 0.33, 0.94)
845.35: (-0.08, 0.49, 0.87)
845.47: (-0.08, 0.48, 0.87)
845.57: (-0.04, 0.46, 0.89)
845.69: (-0.29, 0.81, 0.50)
845.80: (-0.46, 0.83, -0.31)
845.92: (-0.46, 0.77, -0.44)
846.04: (-0.46, 0.77, -0.44)
846.14: (-0.45, 0.72, -0.54)
846.25: (-0.21, 0.03, -0.98)
846.37: (-0.02, -0.46, -0.89)
846.49: (-0.46, -0.23, -0.86)
846.59: (-0.68, -0.13, -0.73)
846.70: (-0.65, -0.12, -0.75)
846.82: (-0.58, -0.17, -0.80)
846.82: (-1.00, -0.01, 0.09): 1
846.82: (-0.58, -0.17, -0.80)
846.94: (-0.55, -0.18, -0.81)
847.05: (-0.22, -0.10, -0.97)
847.15: (0.14, 0.00, -0.99)
847.27: (0.17, -0.02, -0.98)
847.37: (0.28, -0.58, -0.76)
847.49: (0.34, -0.94, -0.08)
847.60: (0.31, -0.94, -0.10)
847.72: (0.31, -0.94, -0.10)
847.83: (0.36, -0.93, -0.09)
847.95: (0.48, -0.75, 0.45)
848.05: (0.23, -0.16, 0.96)
848.15: (-0.09, 0.31, 0.95)
848.27: (-0.14, 0.30, 0.94)
848.37: (-0.14, 0.30, 0.94)
848.48: (-0.21, 0.37, 0.90)
848.59: (-0.58, 0.69, 0.43)
848.70: (-0.66, 0.69, -0.29)
848.82: (-0.64, 0.63, -0.44)
848.93: (-0.86, 0.42, -0.27)
849.05: (-1.00, 0.08, -0.02)
849.15: (-1.00, 0.01, 0.00)
849.27: (-0.99, 0.16, 0.03)
849.38: (-0.98, 0.11, 0.14)
849.43: (-0.98, 0.09, 0.15)
849.43: (0.74, 0.67, 0.00): 2
849.48: (-0.99, 0.09, 0.14)
849.60: (-0.99, 0.13, 0.09)
849.72: (-0.78, 0.59, -0.23)
849.83: (-0.58, 0.74, -0.34)
849.94: (-0.53, 0.60, -0.60)
850.05: (-0.08, 0.04, -1.00)
850.17: (-0.06, -0.05, -1.00)
850.28: (-0.06, -0.05, -1.00)
850.40: (-0.01, -0.05, -1.00)
850.52: (0.51, -0.37, -0.78)
850.62: (0.73, -0.68, -0.10)
850.73: (0.48, -0.65, 0.60)
850.83: (0.27, -0.56, 0.78)
850.95: (0.28, -0.58, 0.76)
851.07: (0.28, -0.58, 0.76)
851.17: (0.26, -0.56, 0.78)
851.28: (-0.36, -0.13, 0.92)
851.40: (-0.79, 0.46, 0.41)
851.52: (-0.78, 0.63, 0.02)
851.62: (-0.74, 0.66, -0.15)
851.73: (-0.74, 0.66, -0.14)
851.85: (-0.74, 0.67, -0.07)
851.95: (-0.66, 0.70, -0.26)
852.07: (-0.08, 0.50, -0.86)
852.18: (0.30, 0.25, -0.92)
852.30: (0.14, 0.24, -0.96)
852.40: (-0.36, -0.07, -0.93)
852.52: (-0.60, -0.39, -0.70)
852.63: (-0.69, -0.58, -0.44)
852.75: (-0.73, -0.66, -0.19)
852.85: (-0.74, -0.67, -0.12)
852.97: (-0.71, -0.36, -0.60)
853.07: (-0.28, 0.44, -0.85)
853.17: (0.21, 0.79, -0.57)
853.28: (0.42, 0.84, -0.34)
853.40: (0.48, 0.82, -0.31)
853.52: (0.40, 0.75, -0.52)
853.63: (0.51, 0.75, -0.42)
853.73: (0.68, 0.70, -0.20)
853.85: (0.75, 0.66, 0.02)
853.88: (0.75, 0.66, 0.03)
853.88: (-0.97, 0.21, 0.15): 0
853.97: (0.75, 0.66, 0.03)
854.08: (0.67, 0.66, -0.35)
854.18: (0.38, 0.63, -0.68)
854.30: (0.13, 0.59, -0.80)
854.42: (-0.06, 0.60, -0.80)
854.52: (0.03, 0.46, -0.89)
854.63: (0.36, -0.27, -0.89)
854.75: (0.35, -0.43, -0.83)
854.87: (0.35, -0.43, -0.83)
854.97: (0.33, -0.40, -0.86)
855.08: (0.23, -0.65, -0.72)
855.18: (0.21, -0.96, -0.20)
855.30: (0.15, -0.89, 0.43)
855.42: (0.12, -0.72, 0.68)
855.52: (0.12, -0.75, 0.65)
855.63: (0.18, -0.79, 0.59)
855.75: (-0.03, -0.27, 0.96)
855.85: (-0.20, 0.56, 0.81)
855.97: (-0.21, 0.64, 0.74)
856.08: (-0.12, 0.52, 0.84)
856.18: (-0.12, 0.55, 0.83)
856.30: (-0.28, 0.91, 0.32)
856.42: (-0.55, 0.72, 0.41)
856.52: (-0.81, 0.19, 0.56)
856.63: (-0.87, -0.37, 0.34)
856.73: (-0.88, -0.40, 0.24)
856.85: (-0.98, 0.05, 0.19)
856.97: (-0.98, 0.12, 0.19)
856.97: (1.00, -0.04, 0.03): 0
856.97: (-0.98, 0.12, 0.19)
857.08: (-0.95, 0.23, 0.21)
857.20: (-0.54, 0.64, 0.55)
857.30: (-0.26, 0.74, 0.61)
857.40: (-0.35, 0.76, 0.55)
857.52: (-0.34, 0.93, 0.12)
857.62: (-0.05, 0.89, -0.46)
857.73: (0.04, 0.76, -0.65)
857.85: (0.03, 0.78, -0.63)
857.97: (0.04, 0.80, -0.60)
858.08: (0.19, 0.46, -0.87)
858.20: (0.42, -0.14, -0.90)
858.30: (0.48, -0.50, -0.72)
858.42: (0.48, -0.53, -0.70)
858.53: (-0.05, -0.55, -0.83)
858.65: (-0.53, -0.37, -0.76)
858.77: (-0.49, -0.41, -0.77)
858.88: (0.13, -0.49, -0.86)
858.98: (0.74, -0.28, -0.61)
859.10: (1.00, 0.00, 0.01)
859.22: (0.92, 0.12, 0.38)
859.32: (0.92, 0.08, 0.38)
859.43: (0.99, -0.10, 0.10)
859.55: (0.99, -0.10, 0.03)
859.57: (0.99, -0.10, 0.03)
859.57: (0.42, -0.83, -0.35): 0
859.65: (0.99, -0.10, 0.03)
859.77: (0.94, -0.26, -0.23)
859.88: (0.71, -0.37, -0.60)
859.98: (0.62, -0.37, -0.70)
860.10: (0.64, -0.59, -0.49)
860.20: (0.43, -0.88, -0.22)
860.32: (0.35, -0.92, -0.19)
860.43: (0.37, -0.88, -0.30)
860.47: (0.38, -0.87, -0.31)
860.47: (0.95, 0.01, -0.33): 0
860.55: (0.38, -0.87, -0.32)
860.67: (0.04, -1.00, 0.04)
860.77: (-0.32, -0.89, 0.34)
860.88: (-0.32, -0.89, 0.32)
861.00: (-0.32, -0.89, 0.32)
861.12: (-0.27, -0.92, 0.27)
861.23: (-0.67, -0.39, 0.62)
861.35: (-0.69, 0.39, 0.61)
861.45: (-0.56, 0.69, 0.46)
861.57: (-0.57, 0.65, 0.51)
861.68: (-0.57, 0.62, 0.53)
861.80: (-0.49, 0.79, 0.38)
861.92: (0.07, 0.98, -0.18)
862.03: (0.49, 0.71, -0.50)
862.15: (0.55, 0.63, -0.55)
862.27: (0.54, 0.65, -0.53)
862.37: (0.50, 0.72, -0.48)
862.48: (0.79, 0.34, -0.51)
862.60: (0.91, -0.02, -0.41)
862.72: (0.92, -0.01, -0.40)
862.78: (0.92, 0.01, -0.39)
862.78: (0.60, 0.36, -0.71): 0
862.82: (0.92, 0.01, -0.39)
862.93: (0.90, -0.02, -0.43)
863.05: (0.75, -0.46, -0.47)
863.17: (0.80, -0.26, -0.54)
863.28: (0.78, 0.12, -0.61)
863.40: (0.73, 0.25, -0.64)
863.50: (0.69, 0.31, -0.66)
863.52: (0.68, 0.31, -0.66)
863.52: (-0.63, -0.75, -0.20): 2
863.60: (0.68, 0.31, -0.67)
863.72: (0.85, 0.02, -0.53)
863.83: (0.89, -0.30, -0.34)
863.95: (0.82, -0.47, -0.33)
864.05: (0.82, -0.47, -0.33)
864.17: (0.85, -0.41, -0.32)
864.28: (0.54, -0.81, -0.24)
864.38: (-0.21, -0.97, 0.07)
864.50: (-0.59, -0.78, 0.21)
864.62: (-0.54, -0.82, 0.20)
864.73: (-0.51, -0.85, 0.16)
864.85: (-0.59, -0.80, -0.15)
864.97: (-0.62, -0.75, -0.22)
864.98: (-0.62, -0.75, -0.22)
864.98: (-0.57, -0.45, -0.69): 0
865.08: (-0.63, -0.76, -0.16)
865.20: (-0.59, -0.79, 0.15)
865.31: (-0.56, -0.81, 0.16)
865.43: (-0.67, -0.67, -0.32)
865.55: (-0.64, -0.51, -0.57)
865.66: (-0.60, -0.44, -0.67)
865.78: (-0.53, -0.40, -0.75)
865.78: (-0.73, -0.68, -0.04): 0
865.78: (-0.53, -0.40, -0.75)
865.90: (-0.58, -0.44, -0.68)
866.00: (-0.66, -0.55, -0.51)
866.11: (-0.67, -0.72, -0.20)
866.23: (-0.64, -0.77, 0.01)
866.33: (-0.70, -0.72, -0.03)
866.41: (-0.73, -0.68, -0.04)
866.41: (-0.72, -0.14, -0.68): 1
866.45: (-0.73, -0.68, -0.04)
866.55: (-0.80, -0.60, -0.03)
866.66: (-0.93, -0.35, 0.08)
866.78: (-0.96, -0.22, 0.15)
866.90: (-0.88, 0.32, 0.36)
867.01: (-0.89, 0.29, 0.35)
867.13: (-0.92, 0.14, 0.36)
867.25: (-0.77, 0.52, 0.37)
867.36: (0.03, 0.96, 0.26)
867.46: (0.40, 0.90, 0.15)
867.58: (0.38, 0.91, 0.15)
867.70: (0.37, 0.91, 0.16)
867.81: (0.61, 0.79, 0.02)
867.93: (0.96, 0.01, -0.28)
868.05: (0.77, -0.54, -0.32)
868.16: (0.78, -0.54, -0.32)
868.26: (0.79, -0.52, -0.32)
868.38: (0.63, -0.70, -0.34)
868.50: (-0.24, -0.96, -0.15)
868.60: (-0.64, -0.77, 0.01)
868.71: (-0.62, -0.79, 0.00)
868.83: (-0.60, -0.80, 0.01)
868.95: (-0.63, -0.72, -0.29)
869.05: (-0.42, -0.52, -0.74)
869.16: (-0.14, -0.10, -0.99)
869.28: (-0.34, 0.00, -0.94)
869.40: (-0.57, -0.11, -0.81)
869.50: (-0.60, -0.14, -0.78)
869.60: (-0.69, -0.14, -0.71)
869.61: (-0.70, -0.13, -0.70)
869.61: (0.22, 0.43, 0.88): 2
869.70: (-0.71, -0.12, -0.70)
869.81: (-0.75, -0.42, -0.50)
869.93: (-0.60, -0.77, -0.19)
870.05: (-0.65, -0.75, -0.10)
870.15: (-0.87, -0.32, 0.37)
870.25: (-0.79, 0.12, 0.60)
870.36: (-0.79, 0.12, 0.60)
870.48: (-0.79, 0.12, 0.60)
870.60: (-0.78, 0.16, 0.61)
870.71: (-0.10, 0.78, 0.62)
870.81: (0.50, 0.83, 0.26)
870.93: (0.49, 0.83, 0.26)
871.03: (0.49, 0.83, 0.27)
871.15: (0.42, 0.71, 0.56)
871.26: (0.32, 0.58, 0.75)
871.36: (0.32, 0.54, 0.78)
871.48: (0.30, 0.48, 0.82)
871.51: (0.27, 0.46, 0.85)
871.51: (0.22, 0.71, -0.66): 2
871.60: (0.26, 0.45, 0.86)
871.70: (0.37, 0.52, 0.77)
871.81: (0.58, 0.59, 0.57)
871.93: (0.67, 0.61, 0.43)
872.03: (0.81, 0.56, 0.16)
872.13: (0.92, 0.33, -0.23)
872.25: (0.78, 0.01, -0.63)
872.36: (0.76, 0.01, -0.64)
872.48: (0.77, 0.02, -0.63)
872.60: (0.83, -0.09, -0.55)
872.71: (0.92, -0.37, -0.11)
872.83: (0.77, -0.59, 0.26)
872.95: (0.64, -0.62, 0.45)
873.05: (0.56, -0.68, 0.48)
873.16: (0.56, -0.67, 0.49)
873.28: (0.93, -0.37, 0.05)
873.38: (0.91, 0.06, -0.41)
873.48: (0.68, 0.36, -0.64)
873.60: (0.40, 0.55, -0.74)
873.71: (0.27, 0.60, -0.75)
873.83: (0.31, 0.65, -0.69)
873.93: (0.29, 0.71, -0.65)
873.93: (-0.21, -0.97, -0.15): 2
873.95: (0.29, 0.71, -0.64)
874.06: (0.35, 0.64, -0.68)
874.16: (0.62, 0.39, -0.68)
874.28: (0.89, 0.07, -0.45)
874.40: (0.92, -0.07, -0.38)
874.50: (0.92, -0.22, -0.33)
874.61: (0.92, -0.37, -0.14)
874.73: (0.82, -0.52, 0.24)
874.85: (0.75, -0.59, 0.30)
874.95: (0.78, -0.62, -0.01)
875.06: (0.25, -0.84, -0.49)
875.18: (-0.24, -0.77, -0.59)
875.30: (-0.23, -0.77, -0.60)
875.40: (-0.23, -0.77, -0.60)
875.51: (-0.22, -0.92, -0.32)
875.63: (-0.24, -0.97, -0.06)
875.71: (-0.20, -0.98, -0.01)
875.71: (-0.53, -0.09, -0.84): 1
875.75: (-0.20, -0.98, -0.02)
875.86: (-0.21, -0.98, -0.04)
875.96: (-0.21, -0.97, -0.14)
876.08: (-0.19, -0.91, -0.38)
876.18: (-0.64, -0.66, -0.39)
876.30: (-0.99, -0.08, -0.09)
876.41: (-0.99, -0.06, -0.12)
876.53: (-0.99, -0.06, -0.12)
876.65: (-1.00, -0.04, -0.03)
876.76: (-0.86, 0.44, 0.24)
876.88: (-0.65, 0.51, 0.56)
876.98: (-0.65, 0.05, 0.76)
877.10: (-0.41, -0.32, 0.86)
877.21: (-0.19, -0.42, 0.89)
877.33: (-0.09, -0.47, 0.88)
877.45: (-0.11, -0.47, 0.87)
877.56: (-0.74, -0.05, 0.67)
877.68: (-0.92, 0.38, 0.04)
877.78: (-0.83, 0.50, -0.23)
877.90: (-0.80, 0.54, -0.27)
878.00: (-0.74, 0.57, -0.36)
878.11: (-0.81, 0.41, -0.42)
878.23: (-0.76, 0.02, -0.64)
878.33: (-0.58, -0.05, -0.82)
878.45: (-0.43, -0.07, -0.90)
878.46: (-0.43, -0.07, -0.90)
878.46: (-0.29, 0.90, -0.33): 0
878.55: (-0.44, -0.06, -0.90)
878.66: (-0.56, -0.03, -0.83)
878.78: (-0.89, -0.10, -0.45)
878.90: (-0.98, -0.18, -0.04)
879.00: (-0.97, -0.19, 0.14)
879.11: (-0.98, -0.13, 0.17)
879.23: (-0.79, 0.55, 0.29)
879.33: (-0.16, 0.95, 0.27)
879.43: (0.25, 0.96, 0.13)
879.55: (0.24, 0.96, 0.13)
879.65: (0.24, 0.96, 0.13)
879.76: (0.19, 0.98, 0.11)
879.88: (-0.10, 0.96, -0.25)
880.00: (-0.37, 0.81, -0.46)
880.10: (-0.40, 0.79, -0.46)
880.21: (-0.36, 0.83, -0.43)
880.33: (-0.33, 0.86, -0.40)
880.33: (0.94, 0.12, -0.32): 2
880.33: (-0.33, 0.86, -0.40)
880.45: (-0.30, 0.88, -0.37)
880.55: (-0.09, 0.97, -0.21)
880.66: (0.11, 0.98, 0.17)
880.78: (0.12, 0.97, 0.22)
880.90: (0.68, 0.73, -0.05)
881.01: (0.92, -0.14, -0.35)
881.13: (0.83, -0.39, -0.39)
881.24: (0.87, -0.33, -0.38)
881.36: (0.93, -0.14, -0.33)
881.46: (0.95, 0.10, -0.31)
881.58: (0.94, 0.19, -0.29)
END