3/28/2023 1:13:42 PM
Mode: Mono
White time (s): [0.7166443, 1.582886, 1.866333, 3.299255, 1.966339, 1.832611, 1.483063, 0.8997498, 0.7828979, 3.199432, 3.165833, 2.099823, 3.23291, 2.599487, 1.133362, 2.616058, 1.066193, 4.532288, 7.715149, 1.382965, 3.016113, 0.9164429, 0.4998779, 1.749634, 0.5332642, 0.5498657, 5.315552, 1.633118, 1.899475, 1.349731]
Shot time (s): [2.899353, 1.766357, 1.549744, 2.815979, 5.765533, 0.5997009, 0.7167664, 0.6164551, 0.4499817, 4.565674, 3.132721, 3.999268, 2.516327, 1.349792, 8.248322, 2.416382, 4.332458, 0.5830994, 0.483429, 2.265961, 1.782928, 4.499298, 3.749146, 0.5164795, 0.3833008, 1.466492, 1.116394, 0.8831177, 1.283081, 1.716187]
Step time (s): [0.7331848, 1.399872, 1.166565, 1.41629, 4.382324, 0.4165955, 0.7502136, 0.5666199, 2.616119, 2.982727, 3.449738, 0.5663147, 2.016083, 2.666016, 3.815765, 4.26593, 3.182739, 2.582672, 3.182556, 4.349426, 0.4164124, 5.249207, 2.21637, 0.4665222, 1.382935, 1.416443, 13.83063, 3.149414, 3.132874, 3.249573]
White horz (deg): [20.405, 178.9699, 289.575, 314.5449, 235.015, 244.475, 154.7699, 79.035, 18.81, 310.75, 258.17, 138.27, 414.1498, 286.165, 90.58498, 191.4, 143.275, 477.5099, 890.1202, 148.06, 368.5551, 65.945, 47.51999, 234.6299, 33.88, 9.844998, 567.8199, 294.415, 203.555, 220.605]
Shot horz (deg): [292.7649, 164.45, 154.275, 217.3049, 751.5198, 66.43999, 49.71999, 52.85499, 28.875, 507.595, 438.5699, 450.6149, 220.605, 89.75999, 803.7148, 501.6, 415.855, 49.995, 45.705, 310.4749, 190.575, 534.3251, 390.4449, 48.565, 15.07, 200.585, 73.425, 45.98001, 110.33, 150.6999]
Step horz (deg): [70.06999, 159.5, 203.555, 182.27, 314.9299, 7.369999, 12.705, 49.72, 261.855, 313.775, 449.8998, 23.815, 289.74, 320.21, 399.685, 316.0299, 286.495, 287.1549, 274.725, 364.595, 7.424999, 487.1898, 189.53, 46.2, 132.275, 113.96, 1264.781, 227.315, 348.755, 297.8799]
White vert (deg): [25.135, 120.67, 143.44, 288.365, 141.57, 75.35001, 72.325, 63.02999, 71.33501, 191.675, 212.905, 138.105, 181.5, 242.275, 103.235, 246.345, 65.945, 399.5749, 872.2996, 61.325, 284.625, 42.845, 8.195, 130.35, 21.505, 19.635, 650.2648, 187.0549, 172.205, 146.52]
Shot vert (deg): [241.2299, 106.865, 131.835, 261.3049, 375.705, 25.905, 50.215, 29.81, 3.684999, 213.73, 144.485, 247.6649, 166.32, 120.12, 866.7446, 121.825, 375.5398, 25.41, 35.96999, 108.46, 103.785, 508.3099, 214.5, 20.68, 25.575, 156.42, 14.3, 14.575, 157.41, 194.975]
Step vert (deg): [31.57, 52.14, 59.89501, 99.99002, 328.6248, 10.725, 40.25999, 17.05, 179.08, 280.8849, 329.5599, 21.725, 146.575, 160.545, 292.5999, 361.46, 278.52, 213.29, 317.1299, 560.8349, 31.46, 534.7098, 126.61, 8.855, 124.025, 179.575, 1863.895, 151.305, 278.8499, 224.95]

Time in sec: camera forward versor
Time in sec: target versor: sound type (0 = White, 1 = Shot, 2 = Step)
START
349.03: (-0.45, 0.28, 0.85): 1
349.03: (0.29, 0.64, -0.71)
349.15: (0.29, 0.64, -0.71)
349.27: (0.29, 0.64, -0.71)
349.37: (0.29, 0.64, -0.71)
349.48: (0.04, 0.60, -0.80)
349.58: (-0.37, 0.32, -0.87)
349.68: (-0.73, -0.10, -0.68)
349.80: (-0.80, -0.25, -0.55)
349.92: (-0.80, -0.25, -0.55)
350.03: (-0.80, -0.25, -0.55)
350.15: (-0.84, -0.34, -0.42)
350.25: (-0.55, -0.60, -0.58)
350.37: (0.12, -0.75, -0.66)
350.48: (0.31, -0.80, -0.52)
350.60: (0.42, -0.81, -0.40)
350.72: (0.37, -0.93, 0.00)
350.82: (0.00, -0.99, 0.16)
350.93: (-0.40, -0.90, 0.18)
351.05: (-0.72, -0.63, 0.28)
351.17: (-0.88, -0.15, 0.44)
351.28: (-0.69, 0.29, 0.66)
351.40: (-0.36, 0.47, 0.81)
351.50: (-0.46, 0.14, 0.88)
351.62: (-0.50, 0.07, 0.86)
351.73: (-0.44, 0.16, 0.89)
351.83: (-0.38, 0.26, 0.89)
351.93: (-0.39, 0.28, 0.88)
351.93: (-0.68, 0.47, 0.56): 0
351.95: (-0.38, 0.28, 0.88)
352.07: (-0.41, 0.27, 0.87)
352.17: (-0.49, 0.17, 0.85)
352.28: (-0.49, 0.17, 0.85)
352.40: (-0.50, 0.17, 0.85)
352.52: (-0.61, 0.21, 0.76)
352.62: (-0.71, 0.35, 0.61)
352.65: (-0.72, 0.37, 0.59)
352.65: (0.47, -0.78, 0.41): 0
352.73: (-0.71, 0.38, 0.59)
352.85: (-0.70, 0.42, 0.58)
352.97: (-0.65, 0.50, 0.57)
353.08: (-0.28, 0.68, 0.68)
353.20: (0.06, 0.54, 0.84)
353.32: (0.16, 0.03, 0.99)
353.43: (0.05, -0.49, 0.87)
353.55: (-0.36, -0.54, 0.76)
353.67: (-0.72, -0.36, 0.60)
353.77: (-0.37, -0.60, 0.71)
353.88: (0.31, -0.65, 0.69)
353.98: (0.33, -0.65, 0.68)
354.10: (0.35, -0.69, 0.63)
354.22: (0.35, -0.82, 0.46)
354.23: (0.36, -0.82, 0.44)
354.23: (0.99, 0.06, 0.15): 2
354.32: (0.38, -0.83, 0.41)
354.43: (0.60, -0.71, 0.37)
354.55: (0.63, -0.64, 0.45)
354.67: (0.72, -0.48, 0.51)
354.78: (0.90, -0.18, 0.40)
354.90: (0.99, 0.01, 0.10)
354.97: (1.00, 0.08, 0.04)
354.97: (0.02, -0.62, -0.79): 1
355.00: (1.00, 0.08, 0.04)
355.12: (1.00, 0.08, 0.05)
355.23: (0.98, 0.06, 0.16)
355.35: (0.94, 0.02, 0.34)
355.47: (0.85, 0.08, 0.52)
355.58: (0.73, 0.38, 0.57)
355.70: (0.67, 0.46, 0.58)
355.82: (0.65, 0.70, 0.32)
355.93: (0.62, 0.78, 0.00)
356.03: (0.58, 0.77, -0.28)
356.15: (0.38, 0.58, -0.72)
356.27: (0.23, 0.34, -0.91)
356.37: (0.16, 0.07, -0.98)
356.48: (0.08, -0.24, -0.97)
356.58: (0.14, -0.40, -0.91)
356.70: (0.18, -0.51, -0.84)
356.73: (0.18, -0.51, -0.84)
356.73: (0.95, 0.11, 0.29): 0
356.82: (0.14, -0.53, -0.84)
356.92: (0.01, -0.56, -0.83)
357.03: (0.01, -0.57, -0.82)
357.15: (0.15, -0.39, -0.91)
357.25: (0.35, -0.06, -0.94)
357.35: (0.45, 0.30, -0.84)
357.47: (0.55, 0.64, -0.54)
357.58: (0.54, 0.81, -0.23)
357.70: (0.48, 0.86, 0.20)
357.82: (0.32, 0.61, 0.73)
357.93: (0.40, 0.24, 0.88)
358.03: (0.54, -0.03, 0.84)
358.15: (0.58, -0.35, 0.73)
358.25: (0.52, -0.71, 0.48)
358.37: (0.77, -0.56, 0.29)
358.48: (0.93, 0.04, 0.37)
358.60: (0.91, 0.14, 0.40)
358.60: (-1.00, -0.05, 0.05): 1
358.60: (0.91, 0.14, 0.40)
358.70: (0.91, 0.14, 0.40)
358.82: (0.95, 0.14, 0.29)
358.93: (0.96, 0.07, 0.28)
359.03: (0.94, -0.09, 0.32)
359.15: (0.84, -0.39, 0.38)
359.27: (0.45, -0.73, 0.51)
359.38: (0.05, -0.73, 0.69)
359.50: (-0.39, -0.57, 0.72)
359.60: (-0.67, -0.49, 0.56)
359.72: (-0.80, -0.49, 0.34)
359.83: (-0.81, -0.59, 0.05)
359.95: (-0.87, -0.49, 0.11)
360.05: (-0.96, -0.15, 0.24)
360.15: (-0.99, 0.08, 0.12)
360.15: (0.07, 0.73, 0.68): 1
360.17: (-0.99, 0.08, 0.12)
360.28: (-1.00, 0.00, 0.05)
360.40: (-0.98, -0.22, -0.03)
360.52: (-0.86, -0.44, -0.25)
360.62: (-0.73, -0.54, -0.41)
360.73: (-0.44, -0.60, -0.67)
360.85: (-0.16, -0.52, -0.84)
360.97: (0.17, -0.30, -0.94)
361.08: (0.28, -0.21, -0.94)
361.18: (0.49, -0.03, -0.87)
361.28: (0.52, -0.02, -0.86)
361.40: (0.52, -0.02, -0.86)
361.52: (0.52, -0.02, -0.86)
361.62: (0.41, 0.03, -0.91)
361.73: (0.11, 0.23, -0.97)
361.85: (-0.23, 0.44, -0.87)
361.97: (-0.36, 0.67, -0.65)
362.08: (-0.23, 0.91, -0.35)
362.18: (-0.01, 0.98, -0.19)
362.30: (0.42, 0.89, -0.18)
362.41: (0.77, 0.62, -0.15)
362.51: (0.81, 0.59, -0.08)
362.63: (0.54, 0.82, 0.17)
362.75: (0.19, 0.92, 0.35)
362.86: (0.08, 0.90, 0.42)
362.96: (0.13, 0.83, 0.54)
362.96: (0.07, -0.80, -0.60): 1
362.96: (0.13, 0.83, 0.54)
363.08: (0.19, 0.73, 0.65)
363.18: (0.20, 0.72, 0.66)
363.28: (0.21, 0.75, 0.62)
363.40: (0.25, 0.85, 0.46)
363.51: (0.45, 0.88, 0.13)
363.63: (0.62, 0.70, -0.36)
363.75: (0.47, 0.56, -0.69)
363.86: (0.43, 0.41, -0.80)
363.98: (0.39, 0.15, -0.91)
364.10: (0.21, -0.07, -0.98)
364.21: (-0.04, -0.19, -0.98)
364.31: (0.04, -0.17, -0.98)
364.43: (0.57, -0.06, -0.82)
364.55: (0.99, 0.07, -0.12)
364.65: (0.93, 0.06, 0.36)
364.76: (0.98, -0.03, 0.22)
364.86: (0.98, -0.03, 0.22)
364.98: (0.98, -0.03, 0.22)
365.08: (0.95, 0.02, 0.31)
365.20: (0.77, -0.14, 0.62)
365.30: (0.37, -0.23, 0.90)
365.41: (0.10, -0.23, 0.97)
365.53: (-0.11, -0.23, 0.97)
365.65: (-0.25, -0.21, 0.95)
365.76: (-0.38, -0.14, 0.92)
365.86: (-0.43, 0.05, 0.90)
365.96: (-0.06, 0.32, 0.95)
366.08: (0.39, 0.60, 0.70)
366.20: (0.45, 0.71, 0.54)
366.30: (0.41, 0.75, 0.52)
366.41: (0.16, 0.89, 0.44)
366.53: (-0.39, 0.82, 0.42)
366.65: (-0.36, 0.79, 0.50)
366.75: (-0.36, 0.79, 0.50)
366.85: (-0.36, 0.79, 0.50)
366.96: (-0.35, 0.81, 0.48)
367.08: (-0.35, 0.85, 0.39)
367.20: (-0.49, 0.86, 0.15)
367.31: (-0.69, 0.72, -0.06)
367.43: (-0.22, 0.95, 0.22)
367.55: (0.68, 0.61, 0.40)
367.65: (0.96, 0.10, 0.27)
367.76: (0.94, 0.07, 0.34)
367.88: (0.94, 0.07, 0.34)
367.98: (0.96, -0.01, 0.26)
368.10: (0.69, -0.69, -0.23)
368.21: (-0.08, -0.88, -0.47)
368.33: (-0.56, -0.79, -0.24)
368.43: (-0.47, -0.87, -0.16)
368.55: (-0.30, -0.91, -0.29)
368.66: (-0.14, -0.85, -0.51)
368.73: (-0.05, -0.84, -0.53)
368.73: (-0.37, -0.86, 0.35): 2
368.76: (-0.05, -0.84, -0.53)
368.88: (0.08, -0.84, -0.54)
369.00: (0.15, -0.82, -0.55)
369.10: (0.19, -0.82, -0.53)
369.21: (0.13, -0.88, -0.45)
369.33: (-0.22, -0.89, -0.39)
369.45: (-0.40, -0.85, -0.35)
369.56: (-0.72, -0.69, -0.10)
369.66: (-0.96, -0.20, 0.21)
369.78: (-0.96, -0.19, 0.20)
369.90: (-0.78, -0.61, 0.18)
370.01: (-0.44, -0.88, 0.19)
370.13: (-0.38, -0.89, 0.27)
370.13: (0.82, -0.21, -0.54): 0
370.13: (-0.38, -0.89, 0.27)
370.23: (-0.42, -0.83, 0.36)
370.35: (-0.44, -0.82, 0.37)
370.46: (-0.56, -0.73, 0.39)
370.58: (-0.76, -0.56, 0.32)
370.70: (-0.90, -0.44, 0.01)
370.81: (-0.99, -0.11, -0.11)
370.93: (-0.91, 0.41, -0.07)
371.03: (-0.89, 0.45, 0.03)
371.15: (-0.92, 0.39, 0.07)
371.26: (-0.92, 0.39, 0.07)
371.38: (-0.92, 0.39, 0.07)
371.50: (-0.77, 0.62, 0.17)
371.60: (-0.43, 0.81, 0.39)
371.71: (-0.26, 0.69, 0.68)
371.83: (-0.37, 0.51, 0.77)
371.95: (-0.47, 0.33, 0.82)
372.06: (-0.39, 0.07, 0.92)
372.18: (-0.01, 0.16, 0.99)
372.30: (0.37, 0.36, 0.86)
372.41: (0.49, 0.64, 0.59)
372.51: (0.41, 0.85, 0.32)
372.63: (0.19, 0.98, -0.05)
372.75: (0.25, 0.89, -0.39)
372.86: (0.50, 0.65, -0.57)
372.96: (0.81, 0.32, -0.48)
373.08: (0.96, 0.05, -0.27)
373.20: (0.97, -0.01, -0.24)
373.30: (0.86, 0.00, -0.51)
373.41: (0.75, -0.13, -0.65)
373.43: (0.75, -0.16, -0.64)
373.43: (-0.41, -0.90, -0.14): 0
373.53: (0.79, -0.22, -0.57)
373.63: (0.80, -0.29, -0.52)
373.75: (0.85, -0.19, -0.49)
373.86: (0.91, 0.00, -0.42)
373.98: (0.96, 0.22, -0.15)
374.08: (0.84, 0.51, 0.17)
374.18: (0.69, 0.59, 0.43)
374.30: (0.73, 0.44, 0.52)
374.41: (0.89, 0.15, 0.43)
374.53: (0.95, -0.30, 0.01)
374.63: (0.74, -0.56, -0.38)
374.75: (0.46, -0.60, -0.65)
374.86: (0.19, -0.66, -0.73)
374.96: (-0.10, -0.73, -0.67)
375.08: (-0.29, -0.80, -0.53)
375.20: (-0.27, -0.88, -0.40)
375.31: (-0.40, -0.89, -0.23)
375.40: (-0.45, -0.87, -0.19)
375.40: (0.86, 0.15, -0.49): 2
375.43: (-0.45, -0.87, -0.19)
375.55: (-0.45, -0.87, -0.19)
375.66: (-0.45, -0.88, -0.17)
375.76: (-0.41, -0.88, -0.22)
375.86: (-0.13, -0.85, -0.51)
375.98: (0.34, -0.49, -0.80)
376.10: (0.76, 0.15, -0.63)
376.21: (0.82, 0.57, -0.04)
376.33: (0.88, 0.47, 0.00)
376.45: (0.84, 0.17, -0.52)
376.55: (0.81, 0.16, -0.56)
376.56: (0.82, 0.16, -0.55)
376.56: (0.60, 0.78, 0.15): 1
376.65: (0.84, 0.19, -0.50)
376.76: (0.89, 0.20, -0.42)
376.88: (0.93, 0.36, -0.10)
377.00: (0.73, 0.65, 0.24)
377.10: (0.59, 0.74, 0.33)
377.16: (0.59, 0.76, 0.27)
377.16: (-0.69, -0.47, -0.54): 2
377.21: (0.63, 0.75, 0.20)
377.33: (0.71, 0.70, -0.01)
377.43: (0.71, 0.70, 0.01)
377.55: (0.69, 0.72, 0.01)
377.65: (0.69, 0.71, -0.14)
377.76: (0.85, 0.37, -0.37)
377.88: (0.98, -0.15, -0.16)
378.00: (0.81, -0.58, -0.12)
378.11: (0.45, -0.80, -0.40)
378.23: (0.02, -0.70, -0.71)
378.33: (-0.24, -0.55, -0.80)
378.44: (-0.46, -0.35, -0.81)
378.54: (-0.66, -0.30, -0.69)
378.58: (-0.70, -0.31, -0.64)
378.58: (-0.72, 0.60, -0.36): 1
378.64: (-0.78, -0.37, -0.51)
378.75: (-0.79, -0.39, -0.47)
378.86: (-0.77, -0.39, -0.50)
378.98: (-0.78, -0.13, -0.62)
379.08: (-0.77, 0.21, -0.60)
379.20: (-0.74, 0.44, -0.51)
379.29: (-0.71, 0.58, -0.40)
379.29: (-0.66, -0.21, -0.73): 1
379.31: (-0.70, 0.59, -0.39)
379.41: (-0.70, 0.60, -0.39)
379.53: (-0.70, 0.60, -0.39)
379.64: (-0.75, 0.43, -0.50)
379.74: (-0.76, -0.05, -0.65)
379.86: (-0.65, -0.36, -0.67)
379.91: (-0.65, -0.36, -0.67)
379.91: (0.31, 0.94, -0.15): 2
379.98: (-0.66, -0.34, -0.67)
380.08: (-0.66, -0.30, -0.69)
380.19: (-0.60, -0.24, -0.77)
380.31: (-0.45, -0.24, -0.86)
380.41: (-0.27, -0.26, -0.93)
380.53: (0.04, -0.37, -0.93)
380.63: (0.22, -0.45, -0.87)
380.74: (0.44, -0.56, -0.70)
380.86: (0.63, -0.61, -0.48)
380.98: (0.73, -0.63, -0.25)
381.08: (0.76, -0.65, -0.02)
381.19: (0.72, -0.63, 0.28)
381.31: (0.65, -0.57, 0.51)
381.43: (0.54, -0.44, 0.72)
381.54: (0.45, -0.27, 0.85)
381.66: (0.33, -0.09, 0.94)
381.78: (0.17, 0.11, 0.98)
381.89: (0.03, 0.23, 0.97)
381.99: (-0.13, 0.32, 0.94)
382.11: (-0.33, 0.38, 0.86)
382.23: (-0.49, 0.34, 0.80)
382.34: (-0.63, 0.31, 0.71)
382.46: (-0.71, 0.34, 0.62)
382.58: (-0.81, 0.35, 0.47)
382.68: (-0.92, 0.23, 0.33)
382.79: (-0.97, 0.04, 0.22)
382.89: (-0.99, -0.06, 0.16)
383.01: (-0.98, -0.18, 0.11)
383.13: (-0.89, -0.45, 0.04)
383.24: (-0.85, -0.52, 0.07)
383.36: (-0.92, -0.17, 0.36)
383.48: (-0.76, 0.39, 0.52)
383.58: (-0.43, 0.77, 0.47)
383.69: (-0.02, 0.93, 0.36)
383.81: (0.22, 0.94, 0.25)
383.93: (0.54, 0.84, -0.08)
384.04: (0.47, 0.82, -0.32)
384.14: (0.34, 0.93, -0.18)
384.26: (0.34, 0.93, -0.12)
384.29: (0.35, 0.93, -0.12)
384.29: (0.50, 0.80, 0.34): 1
384.38: (0.35, 0.93, -0.12)
384.48: (0.35, 0.93, -0.12)
384.58: (0.39, 0.92, -0.08)
384.69: (0.53, 0.78, 0.32)
384.74: (0.53, 0.78, 0.32)
384.74: (0.68, -0.66, -0.31): 1
384.81: (0.52, 0.79, 0.32)
384.93: (0.50, 0.79, 0.35)
385.03: (0.57, 0.66, 0.49)
385.14: (0.59, 0.40, 0.70)
385.26: (0.52, 0.06, 0.85)
385.38: (0.45, -0.26, 0.85)
385.48: (0.42, -0.43, 0.80)
385.59: (0.28, -0.72, 0.63)
385.71: (0.07, -0.90, 0.43)
385.83: (-0.09, -0.96, 0.27)
385.94: (-0.27, -0.96, 0.03)
386.04: (-0.47, -0.85, -0.24)
386.16: (-0.59, -0.71, -0.38)
386.26: (-0.62, -0.72, -0.32)
386.36: (-0.62, -0.72, -0.32)
386.48: (-0.62, -0.72, -0.32)
386.59: (-0.57, -0.74, -0.36)
386.71: (-0.59, -0.54, -0.61)
386.83: (-0.59, -0.21, -0.78)
386.93: (-0.58, 0.06, -0.81)
387.04: (-0.50, 0.42, -0.76)
387.16: (-0.41, 0.68, -0.61)
387.28: (-0.31, 0.86, -0.42)
387.39: (-0.20, 0.96, -0.22)
387.51: (-0.15, 0.99, -0.06)
387.63: (-0.11, 0.98, 0.15)
387.73: (-0.09, 0.92, 0.38)
387.84: (-0.07, 0.74, 0.67)
387.96: (0.06, 0.53, 0.84)
388.08: (0.18, 0.37, 0.91)
388.19: (0.13, 0.16, 0.98)
388.31: (0.10, -0.09, 0.99)
388.43: (0.21, -0.40, 0.89)
388.53: (0.35, -0.57, 0.74)
388.63: (0.45, -0.64, 0.62)
388.74: (0.59, -0.66, 0.48)
388.86: (0.84, -0.43, 0.32)
388.98: (0.95, -0.07, 0.30)
389.09: (0.96, -0.19, 0.19)
389.21: (0.85, -0.50, -0.12)
389.31: (0.75, -0.60, -0.27)
389.31: (0.77, -0.51, -0.40): 2
389.33: (0.75, -0.60, -0.28)
389.44: (0.75, -0.61, -0.28)
389.56: (0.74, -0.61, -0.28)
389.68: (0.80, -0.47, -0.38)
389.73: (0.80, -0.44, -0.40)
389.73: (0.89, 0.27, -0.36): 2
389.78: (0.80, -0.44, -0.40)
389.89: (0.80, -0.44, -0.40)
389.99: (0.81, -0.41, -0.43)
390.11: (0.83, -0.32, -0.46)
390.23: (0.89, -0.21, -0.40)
390.33: (0.94, -0.06, -0.35)
390.44: (0.92, 0.19, -0.34)
390.48: (0.91, 0.23, -0.34)
390.48: (-0.95, -0.21, -0.25): 0
390.56: (0.89, 0.30, -0.34)
390.68: (0.88, 0.34, -0.34)
390.79: (0.87, 0.37, -0.31)
390.89: (0.85, 0.47, -0.24)
391.01: (0.83, 0.55, 0.00)
391.13: (0.76, 0.45, 0.47)
391.24: (0.59, 0.27, 0.76)
391.34: (0.55, 0.24, 0.80)
391.46: (0.52, 0.17, 0.84)
391.56: (0.30, -0.11, 0.95)
391.68: (-0.14, -0.46, 0.87)
391.78: (-0.59, -0.63, 0.50)
391.89: (-0.81, -0.59, -0.06)
392.01: (-0.78, -0.40, -0.47)
392.13: (-0.80, -0.23, -0.56)
392.24: (-0.92, -0.14, -0.37)
392.31: (-0.94, -0.15, -0.30)
392.31: (1.00, 0.05, 0.05): 0
392.36: (-0.95, -0.15, -0.28)
392.48: (-0.95, -0.16, -0.27)
392.59: (-0.94, -0.19, -0.27)
392.69: (-0.93, -0.17, -0.32)
392.79: (-0.81, -0.06, -0.59)
392.91: (-0.45, 0.04, -0.89)
393.03: (-0.03, 0.11, -0.99)
393.14: (0.16, 0.09, -0.98)
393.24: (0.33, 0.03, -0.94)
393.36: (0.58, 0.04, -0.82)
393.46: (0.78, 0.02, -0.63)
393.58: (0.97, -0.06, -0.24)
393.69: (0.99, -0.12, 0.01)
393.79: (1.00, -0.06, 0.00)
393.79: (0.78, 0.40, 0.48): 2
393.81: (1.00, -0.05, -0.01)
393.93: (1.00, 0.04, -0.02)
394.04: (1.00, 0.04, -0.02)
394.14: (0.99, 0.13, 0.00)
394.24: (0.85, 0.37, 0.37)
394.36: (0.64, 0.49, 0.59)
394.36: (0.84, -0.06, -0.54): 0
394.36: (0.64, 0.49, 0.59)
394.48: (0.67, 0.46, 0.59)
394.58: (0.80, 0.35, 0.49)
394.68: (0.85, 0.31, 0.43)
394.79: (0.93, 0.28, 0.24)
394.91: (0.96, 0.27, -0.04)
395.03: (0.82, 0.35, -0.45)
395.14: (0.73, 0.28, -0.63)
395.26: (0.85, -0.05, -0.52)
395.26: (-0.24, 0.38, -0.89): 1
395.26: (0.85, -0.05, -0.52)
395.37: (0.86, -0.13, -0.50)
395.47: (0.82, -0.17, -0.54)
395.59: (0.61, -0.38, -0.69)
395.71: (0.29, -0.61, -0.74)
395.82: (-0.04, -0.74, -0.67)
395.94: (-0.37, -0.76, -0.53)
396.06: (-0.60, -0.73, -0.33)
396.17: (-0.76, -0.64, -0.06)
396.29: (-0.86, -0.48, 0.16)
396.41: (-0.90, -0.25, 0.35)
396.53: (-0.85, 0.10, 0.52)
396.64: (-0.61, 0.52, 0.60)
396.76: (-0.35, 0.78, 0.51)
396.87: (-0.02, 0.92, 0.39)
396.99: (0.39, 0.91, 0.14)
397.11: (0.63, 0.74, -0.23)
397.21: (0.68, 0.56, -0.48)
397.32: (0.73, 0.32, -0.61)
397.44: (0.75, 0.01, -0.67)
397.56: (0.62, -0.23, -0.75)
397.67: (0.46, -0.46, -0.76)
397.79: (0.43, -0.57, -0.70)
397.91: (0.35, -0.51, -0.79)
398.02: (0.15, -0.18, -0.97)
398.14: (0.03, 0.19, -0.98)
398.24: (-0.04, 0.39, -0.92)
398.36: (-0.12, 0.46, -0.88)
398.39: (-0.13, 0.46, -0.88)
398.39: (0.83, -0.55, 0.08): 2
398.47: (-0.13, 0.44, -0.89)
398.59: (-0.17, 0.44, -0.88)
398.71: (-0.05, 0.51, -0.86)
398.82: (0.02, 0.63, -0.78)
398.94: (0.15, 0.84, -0.52)
399.06: (0.19, 0.95, -0.24)
399.17: (0.19, 0.98, 0.11)
399.27: (0.19, 0.88, 0.44)
399.39: (0.21, 0.63, 0.75)
399.51: (0.12, 0.44, 0.89)
399.61: (0.03, 0.32, 0.95)
399.72: (-0.04, 0.09, 1.00)
399.84: (-0.13, -0.24, 0.96)
399.96: (-0.18, -0.45, 0.87)
400.07: (-0.17, -0.65, 0.74)
400.19: (-0.13, -0.82, 0.56)
400.31: (-0.03, -0.87, 0.49)
400.41: (0.29, -0.89, 0.34)
400.52: (0.73, -0.63, 0.26)
400.64: (0.95, -0.12, 0.27)
400.76: (0.96, 0.08, 0.27)
400.87: (0.95, -0.25, 0.20)
400.99: (0.82, -0.55, 0.15)
401.01: (0.82, -0.56, 0.14)
401.01: (-0.99, -0.14, -0.01): 2
401.11: (0.81, -0.56, 0.14)
401.21: (0.83, -0.55, 0.08)
401.32: (0.84, -0.53, -0.06)
401.42: (0.81, -0.58, -0.14)
401.52: (0.72, -0.65, -0.23)
401.64: (0.54, -0.78, -0.30)
401.74: (0.36, -0.88, -0.32)
401.86: (0.18, -0.93, -0.32)
401.97: (0.03, -0.94, -0.34)
402.09: (-0.08, -0.92, -0.38)
402.19: (-0.13, -0.89, -0.43)
402.29: (-0.26, -0.77, -0.59)
402.41: (-0.20, -0.52, -0.83)
402.51: (0.10, -0.41, -0.90)
402.62: (0.30, -0.28, -0.91)
402.74: (0.44, -0.10, -0.89)
402.86: (0.62, 0.04, -0.78)
402.97: (0.83, 0.11, -0.55)
403.09: (0.94, -0.01, -0.34)
403.21: (0.96, -0.24, -0.11)
403.32: (0.63, -0.77, 0.14)
403.44: (-0.26, -0.95, 0.15)
403.54: (-0.88, -0.47, -0.04)
403.66: (-0.94, 0.20, -0.27)
403.77: (-0.81, 0.39, -0.43)
403.89: (-0.94, 0.17, -0.29)
403.99: (-1.00, 0.01, -0.08)
403.99: (-0.37, 0.86, -0.35): 1
404.01: (-1.00, 0.00, -0.06)
404.12: (-1.00, -0.04, 0.00)
404.24: (-0.99, -0.10, 0.00)
404.34: (-0.88, -0.46, -0.08)
404.44: (-0.69, -0.66, -0.28)
404.56: (-0.59, -0.62, -0.52)
404.67: (-0.49, -0.52, -0.70)
404.79: (-0.36, -0.42, -0.83)
404.89: (-0.19, -0.34, -0.92)
405.01: (0.09, -0.24, -0.97)
405.12: (0.38, -0.16, -0.91)
405.22: (0.66, -0.13, -0.74)
405.34: (0.76, -0.21, -0.62)
405.46: (0.82, -0.36, -0.44)
405.56: (0.85, -0.47, -0.24)
405.67: (0.76, -0.64, 0.15)
405.79: (0.52, -0.71, 0.47)
405.89: (0.34, -0.68, 0.65)
406.01: (0.12, -0.52, 0.85)
406.12: (0.03, -0.35, 0.94)
406.24: (-0.04, -0.03, 1.00)
406.34: (-0.13, 0.31, 0.94)
406.46: (-0.20, 0.52, 0.83)
406.57: (-0.36, 0.63, 0.69)
406.69: (-0.38, 0.63, 0.68)
406.81: (-0.35, 0.63, 0.70)
406.92: (-0.17, 0.54, 0.82)
407.04: (0.15, 0.25, 0.96)
407.14: (0.13, 0.19, 0.97)
407.24: (-0.20, 0.45, 0.87)
407.36: (-0.62, 0.77, 0.18)
407.47: (-0.68, 0.64, -0.36)
407.57: (-0.68, 0.64, -0.36)
407.69: (-0.68, 0.64, -0.36)
407.79: (-0.65, 0.66, -0.38)
407.89: (-0.53, 0.81, -0.26)
407.99: (-0.41, 0.89, -0.22)
407.99: (-0.96, 0.01, -0.28): 1
408.01: (-0.41, 0.89, -0.22)
408.12: (-0.40, 0.86, -0.31)
408.22: (-0.36, 0.82, -0.45)
408.34: (-0.31, 0.74, -0.60)
408.46: (-0.29, 0.70, -0.65)
408.57: (-0.29, 0.75, -0.60)
408.69: (-0.29, 0.77, -0.57)
408.79: (-0.29, 0.77, -0.57)
408.91: (-0.21, 0.71, -0.67)
409.01: (-0.08, 0.74, -0.67)
409.12: (-0.09, 0.94, -0.33)
409.24: (0.17, 0.95, -0.25)
409.36: (0.50, 0.81, -0.30)
409.47: (0.74, 0.54, -0.40)
409.57: (0.79, 0.26, -0.56)
409.69: (0.63, -0.11, -0.77)
409.79: (0.41, -0.29, -0.87)
409.91: (0.08, -0.34, -0.94)
410.02: (-0.46, -0.27, -0.84)
410.14: (-0.84, -0.11, -0.53)
410.24: (-0.87, 0.06, -0.50)
410.34: (-0.86, 0.06, -0.50)
410.46: (-0.86, 0.06, -0.50)
410.51: (-0.89, 0.01, -0.45)
410.51: (0.56, -0.82, -0.12): 1
410.57: (-0.90, 0.00, -0.43)
410.67: (-0.93, -0.02, -0.38)
410.79: (-0.94, -0.03, -0.34)
410.91: (-0.90, -0.08, -0.43)
411.02: (-0.78, -0.15, -0.61)
411.12: (-0.65, -0.23, -0.72)
411.22: (-0.45, -0.36, -0.81)
411.34: (-0.11, -0.65, -0.75)
411.46: (0.14, -0.86, -0.49)
411.57: (0.19, -0.97, -0.17)
411.67: (0.20, -0.98, 0.00)
411.77: (0.36, -0.93, -0.05)
411.86: (0.55, -0.78, -0.29)
411.86: (0.09, -0.92, -0.39): 0
411.89: (0.56, -0.77, -0.32)
412.01: (0.55, -0.77, -0.33)
412.12: (0.46, -0.78, -0.41)
412.22: (0.09, -0.83, -0.55)
412.34: (-0.23, -0.81, -0.54)
412.45: (-0.18, -0.83, -0.52)
412.55: (0.03, -0.90, -0.43)
412.64: (0.12, -0.92, -0.37)
412.64: (-0.17, -0.03, 0.98): 2
412.67: (0.13, -0.92, -0.36)
412.77: (0.13, -0.92, -0.37)
412.89: (0.11, -0.89, -0.44)
413.00: (0.11, -0.74, -0.66)
413.12: (0.12, -0.39, -0.91)
413.24: (0.04, 0.16, -0.99)
413.34: (-0.19, 0.45, -0.87)
413.45: (-0.49, 0.48, -0.73)
413.57: (-0.76, 0.38, -0.54)
413.69: (-0.91, 0.26, -0.32)
413.80: (-0.95, 0.29, -0.15)
413.92: (-0.88, 0.48, 0.05)
414.04: (-0.59, 0.78, 0.21)
414.15: (-0.22, 0.92, 0.33)
414.25: (-0.04, 0.89, 0.46)
414.37: (0.44, 0.65, 0.62)
414.49: (0.85, 0.20, 0.48)
414.59: (0.97, -0.05, 0.23)
414.70: (1.00, -0.08, -0.03)
414.82: (0.94, 0.09, -0.34)
414.94: (0.79, 0.29, -0.54)
415.04: (0.63, 0.47, -0.62)
415.15: (0.44, 0.64, -0.63)
415.27: (0.22, 0.84, -0.50)
415.39: (-0.02, 0.98, -0.21)
415.49: (-0.24, 0.97, 0.09)
415.60: (-0.63, 0.63, 0.45)
415.72: (-0.69, 0.02, 0.73)
415.84: (-0.42, -0.34, 0.84)
415.95: (-0.07, -0.42, 0.91)
416.07: (-0.08, -0.23, 0.97)
416.09: (-0.10, -0.19, 0.98)
416.09: (-0.84, -0.10, -0.53): 0
416.19: (-0.19, -0.05, 0.98)
416.30: (-0.20, -0.04, 0.98)
416.42: (-0.13, 0.00, 0.99)
416.54: (0.01, 0.08, 1.00)
416.64: (0.28, 0.19, 0.94)
416.74: (0.28, 0.19, 0.94)
416.85: (0.28, 0.19, 0.94)
416.97: (0.29, 0.14, 0.95)
417.09: (0.24, 0.01, 0.97)
417.19: (0.40, -0.29, 0.87)
417.30: (0.64, -0.52, 0.56)
417.40: (0.76, -0.56, 0.33)
417.52: (0.85, -0.52, -0.04)
417.64: (0.89, -0.25, -0.39)
417.74: (0.90, 0.09, -0.43)
417.85: (0.78, 0.50, -0.37)
417.97: (0.45, 0.81, -0.36)
418.09: (0.07, 0.85, -0.52)
418.20: (-0.22, 0.69, -0.69)
418.30: (-0.29, 0.51, -0.81)
418.42: (-0.15, 0.40, -0.90)
418.52: (0.05, 0.45, -0.89)
418.64: (0.05, 0.45, -0.89)
418.75: (0.06, 0.45, -0.89)
418.87: (-0.13, 0.33, -0.94)
418.99: (-0.46, 0.11, -0.88)
419.10: (-0.69, 0.04, -0.72)
419.20: (-0.81, -0.06, -0.58)
419.29: (-0.86, -0.15, -0.49)
419.29: (-1.00, -0.01, 0.01): 2
419.32: (-0.86, -0.15, -0.49)
419.44: (-0.86, -0.19, -0.47)
419.55: (-0.83, -0.13, -0.54)
419.67: (-0.90, -0.14, -0.41)
419.79: (-0.97, -0.13, -0.20)
419.85: (-0.98, -0.11, -0.14)
419.85: (-0.24, -0.69, -0.69): 2
419.89: (-0.99, -0.09, -0.12)
420.00: (-1.00, -0.05, -0.04)
420.12: (-1.00, 0.00, 0.01)
420.24: (-0.99, 0.14, -0.09)
420.35: (-0.95, 0.25, -0.20)
420.47: (-0.91, 0.41, -0.08)
420.57: (-0.67, 0.71, -0.19)
420.69: (-0.13, 0.86, -0.50)
420.80: (0.34, 0.73, -0.59)
420.90: (0.69, 0.45, -0.57)
421.02: (0.88, -0.30, -0.36)
421.14: (0.52, -0.86, -0.04)
421.25: (0.18, -0.98, 0.06)
421.37: (-0.06, -1.00, 0.02)
421.47: (-0.10, -0.99, -0.10)
421.57: (-0.18, -0.88, -0.44)
421.67: (-0.26, -0.62, -0.74)
421.79: (-0.32, -0.50, -0.80)
421.87: (-0.36, -0.65, -0.67)
421.87: (-0.31, 0.52, 0.80): 1
421.90: (-0.35, -0.69, -0.64)
422.02: (-0.30, -0.73, -0.62)
422.12: (-0.20, -0.75, -0.63)
422.24: (-0.16, -0.75, -0.64)
422.35: (-0.29, -0.72, -0.63)
422.47: (-0.50, -0.47, -0.73)
422.59: (-0.49, -0.18, -0.85)
422.69: (-0.44, -0.02, -0.90)
422.80: (-0.35, 0.13, -0.93)
422.92: (-0.21, 0.35, -0.91)
423.04: (0.01, 0.53, -0.85)
423.15: (0.54, 0.48, -0.69)
423.27: (0.81, 0.31, -0.50)
423.37: (0.82, 0.30, -0.49)
423.49: (0.96, 0.19, -0.22)
423.60: (0.94, 0.28, 0.20)
423.72: (0.73, 0.51, 0.45)
423.84: (0.53, 0.49, 0.69)
423.95: (0.44, 0.22, 0.87)
424.07: (0.33, -0.22, 0.92)
424.19: (0.21, -0.63, 0.75)
424.29: (0.27, -0.81, 0.52)
424.39: (0.26, -0.93, 0.26)
424.49: (0.17, -0.96, 0.23)
424.60: (-0.05, -0.87, 0.49)
424.72: (-0.46, -0.64, 0.61)
424.82: (-0.76, -0.44, 0.49)
424.94: (-0.96, -0.28, 0.07)
425.04: (-0.89, -0.13, -0.43)
425.15: (-0.76, -0.07, -0.64)
425.27: (-0.58, -0.16, -0.80)
425.39: (-0.16, -0.27, -0.95)
425.50: (0.40, -0.14, -0.91)
425.60: (0.51, -0.05, -0.86)
425.72: (0.47, 0.22, -0.86)
425.82: (0.40, 0.52, -0.76)
425.94: (0.38, 0.72, -0.58)
426.04: (0.47, 0.75, -0.47)
426.15: (0.60, 0.69, -0.40)
426.25: (0.61, 0.67, -0.42)
426.37: (0.61, 0.67, -0.42)
426.49: (0.61, 0.66, -0.45)
426.60: (0.43, 0.59, -0.69)
426.72: (0.30, 0.84, -0.45)
426.82: (0.12, 0.98, -0.18)
426.94: (0.26, 0.96, 0.11)
427.05: (0.60, 0.79, 0.17)
427.17: (0.88, 0.47, 0.03)
427.29: (0.99, 0.14, -0.10)
427.40: (0.93, -0.29, -0.22)
427.50: (0.75, -0.61, -0.27)
427.62: (0.51, -0.85, -0.14)
427.74: (0.34, -0.92, 0.17)
427.85: (0.27, -0.80, 0.54)
427.97: (0.27, -0.58, 0.77)
428.09: (0.53, -0.30, 0.79)
428.19: (0.82, -0.02, 0.58)
428.30: (0.95, 0.24, 0.18)
428.42: (0.89, 0.41, -0.18)
428.52: (0.75, 0.53, -0.38)
428.64: (0.51, 0.70, -0.50)
428.75: (0.27, 0.86, -0.43)
428.87: (0.20, 0.97, -0.16)
428.98: (0.28, 0.95, 0.17)
429.08: (0.43, 0.79, 0.44)
429.20: (0.68, 0.47, 0.56)
429.32: (0.78, 0.13, 0.62)
429.43: (0.60, 0.18, 0.78)
429.55: (0.33, 0.52, 0.78)
429.67: (0.01, 0.78, 0.63)
429.77: (-0.11, 0.78, 0.61)
429.88: (-0.11, 0.58, 0.81)
430.00: (-0.20, 0.45, 0.87)
430.12: (-0.35, 0.49, 0.80)
430.12: (0.99, 0.00, 0.14): 1
430.12: (-0.35, 0.49, 0.80)
430.22: (-0.35, 0.51, 0.79)
430.33: (-0.20, 0.57, 0.79)
430.45: (0.17, 0.76, 0.62)
430.55: (0.36, 0.83, 0.44)
430.65: (0.35, 0.83, 0.44)
430.75: (0.47, 0.80, 0.36)
430.87: (0.86, 0.49, -0.15)
430.98: (0.79, -0.06, -0.61)
431.10: (0.32, -0.44, -0.84)
431.20: (-0.08, -0.57, -0.82)
431.32: (-0.53, -0.58, -0.62)
431.43: (-0.91, -0.41, -0.10)
431.55: (-0.94, -0.33, 0.10)
431.67: (-0.65, -0.65, -0.39)
431.78: (0.23, -0.55, -0.80)
431.90: (0.82, 0.12, -0.56)
432.02: (0.86, 0.23, -0.45)
432.13: (0.93, 0.22, -0.30)
432.23: (0.96, 0.26, 0.13)
432.35: (0.93, 0.16, 0.32)
432.47: (1.00, -0.01, 0.02)
432.53: (1.00, -0.05, -0.03)
432.53: (-0.44, -0.29, -0.85): 1
432.57: (1.00, -0.05, -0.03)
432.68: (1.00, -0.04, -0.01)
432.80: (1.00, -0.02, 0.04)
432.92: (1.00, -0.01, 0.04)
433.03: (0.99, 0.02, -0.11)
433.15: (0.83, 0.12, -0.54)
433.27: (0.39, 0.41, -0.83)
433.38: (-0.06, 0.70, -0.71)
433.48: (-0.35, 0.82, -0.45)
433.58: (-0.46, 0.86, -0.21)
433.68: (-0.38, 0.92, 0.04)
433.80: (-0.04, 0.91, 0.41)
433.92: (0.43, 0.65, 0.63)
434.03: (0.75, 0.47, 0.47)
434.15: (0.92, 0.35, 0.16)
434.27: (0.98, 0.16, -0.08)
434.38: (0.98, -0.19, -0.10)
434.50: (0.96, -0.22, -0.15)
434.62: (0.96, -0.22, -0.15)
434.72: (0.96, -0.22, -0.15)
434.83: (0.96, -0.25, -0.13)
434.93: (0.95, -0.25, 0.20)
435.05: (0.74, -0.24, 0.63)
435.17: (0.67, -0.24, 0.70)
435.27: (0.60, -0.33, 0.72)
435.38: (0.47, -0.57, 0.67)
435.50: (0.00, -0.96, 0.26)
435.60: (-0.06, -0.98, 0.18)
435.72: (0.09, -0.98, 0.20)
435.83: (0.38, -0.92, -0.11)
435.93: (0.49, -0.74, -0.47)
436.05: (0.66, -0.57, -0.49)
436.17: (0.78, -0.50, -0.37)
436.28: (0.65, -0.58, -0.49)
436.40: (-0.04, -0.71, -0.70)
436.50: (-0.49, -0.59, -0.64)
436.62: (-0.61, -0.51, -0.61)
436.72: (-0.57, -0.47, -0.68)
436.83: (-0.36, -0.29, -0.89)
436.87: (-0.38, -0.25, -0.89)
436.87: (0.79, 0.60, -0.15): 0
436.95: (-0.40, -0.21, -0.89)
437.07: (-0.44, -0.21, -0.87)
437.18: (-0.45, -0.38, -0.81)
437.28: (-0.30, -0.66, -0.69)
437.40: (-0.09, -0.91, -0.40)
437.52: (0.06, -0.99, -0.09)
437.63: (-0.10, -0.98, 0.20)
437.75: (-0.27, -0.91, 0.31)
437.87: (-0.48, -0.79, 0.38)
437.98: (-0.79, -0.52, 0.33)
438.10: (-0.90, -0.37, 0.23)
438.22: (-0.97, -0.25, 0.00)
438.33: (-0.94, -0.21, -0.28)
438.45: (-0.88, -0.11, -0.46)
438.57: (-0.77, 0.03, -0.63)
438.68: (-0.65, 0.18, -0.74)
438.78: (-0.42, 0.37, -0.83)
438.90: (-0.19, 0.43, -0.88)
439.02: (-0.20, 0.41, -0.89)
439.13: (-0.20, 0.41, -0.89)
439.25: (-0.22, 0.41, -0.89)
439.37: (-0.20, 0.46, -0.87)
439.48: (0.01, 0.48, -0.88)
439.60: (0.27, 0.46, -0.85)
439.72: (0.44, 0.38, -0.81)
439.83: (0.65, 0.39, -0.66)
439.95: (0.75, 0.52, -0.41)
440.03: (0.77, 0.59, -0.25)
440.03: (0.90, -0.22, 0.38): 0
440.05: (0.77, 0.59, -0.25)
440.17: (0.76, 0.59, -0.26)
440.27: (0.76, 0.59, -0.28)
440.38: (0.73, 0.60, -0.32)
440.50: (0.60, 0.67, -0.43)
440.60: (0.35, 0.75, -0.56)
440.72: (-0.07, 0.81, -0.59)
440.82: (-0.25, 0.81, -0.53)
440.93: (-0.23, 0.88, -0.41)
441.05: (-0.01, 1.00, -0.09)
441.17: (0.30, 0.95, 0.12)
441.27: (0.48, 0.84, 0.24)
441.37: (0.58, 0.72, 0.38)
441.48: (0.71, 0.41, 0.58)
441.60: (0.88, 0.10, 0.46)
441.72: (0.89, 0.08, 0.45)
441.83: (0.89, 0.08, 0.45)
441.95: (0.88, 0.07, 0.48)
442.07: (0.90, -0.13, 0.43)
442.13: (0.90, -0.22, 0.38)
442.13: (0.90, 0.27, -0.35): 1
442.18: (0.90, -0.25, 0.36)
442.30: (0.89, -0.26, 0.36)
442.40: (0.88, -0.26, 0.40)
442.52: (0.98, 0.10, 0.19)
442.63: (0.95, 0.25, -0.19)
442.72: (0.95, 0.15, -0.26)
442.72: (-0.10, -0.89, -0.44): 2
442.75: (0.95, 0.15, -0.26)
442.87: (0.95, 0.15, -0.26)
442.97: (0.87, 0.35, -0.35)
443.08: (0.61, 0.60, -0.52)
443.20: (0.20, 0.81, -0.56)
443.30: (-0.37, 0.82, -0.44)
443.42: (-0.83, 0.51, -0.22)
443.52: (-0.91, 0.38, -0.15)
443.63: (-0.88, 0.45, -0.12)
443.75: (-0.80, 0.60, 0.01)
443.87: (-0.61, 0.70, 0.37)
443.98: (-0.52, 0.66, 0.55)
444.10: (-0.59, 0.48, 0.65)
444.22: (-0.66, 0.00, 0.75)
444.33: (-0.76, 0.01, 0.65)
444.43: (-0.76, 0.01, 0.65)
444.53: (-0.76, 0.01, 0.65)
444.65: (-0.74, 0.01, 0.67)
444.77: (-0.60, -0.32, 0.74)
444.87: (-0.36, -0.73, 0.58)
444.98: (-0.19, -0.96, 0.21)
445.10: (-0.36, -0.93, -0.03)
445.22: (-0.41, -0.85, -0.33)
445.33: (-0.09, -0.90, -0.43)
445.38: (0.02, -0.91, -0.41)
445.38: (0.94, -0.33, 0.11): 0
445.43: (0.03, -0.91, -0.40)
445.53: (0.00, -0.92, -0.40)
445.65: (-0.17, -0.92, -0.35)
445.75: (-0.23, -0.94, -0.26)
445.87: (-0.30, -0.92, -0.25)
445.98: (-0.58, -0.78, -0.22)
446.10: (-0.76, -0.49, -0.42)
446.22: (-0.65, -0.40, -0.65)
446.33: (-0.34, -0.40, -0.85)
446.45: (-0.09, -0.36, -0.93)
446.56: (0.24, -0.31, -0.92)
446.66: (0.32, -0.35, -0.88)
446.78: (-0.19, -0.47, -0.86)
446.88: (-0.61, -0.46, -0.65)
446.98: (-0.94, -0.31, -0.14)
447.08: (-0.97, -0.10, 0.22)
447.20: (-0.93, 0.08, 0.35)
447.30: (-0.77, 0.35, 0.53)
447.41: (-0.42, 0.70, 0.58)
447.53: (-0.01, 0.87, 0.50)
447.63: (0.27, 0.88, 0.39)
447.75: (0.59, 0.77, 0.25)
447.86: (0.85, 0.50, 0.17)
447.98: (0.79, 0.58, 0.20)
448.10: (0.79, 0.58, 0.20)
448.21: (0.77, 0.60, 0.22)
448.33: (0.75, 0.58, 0.34)
448.45: (0.91, 0.15, 0.40)
448.55: (0.95, -0.19, 0.26)
448.61: (0.96, -0.18, 0.21)
448.61: (-0.87, 0.27, -0.42): 2
448.66: (0.97, -0.16, 0.17)
448.78: (0.98, -0.17, 0.14)
448.90: (0.90, -0.43, 0.02)
449.01: (0.75, -0.66, -0.02)
449.13: (0.56, -0.83, 0.01)
449.23: (0.46, -0.89, -0.06)
449.35: (0.50, -0.86, -0.07)
449.46: (0.50, -0.86, -0.07)
449.58: (0.51, -0.86, 0.00)
449.68: (0.45, -0.86, 0.26)
449.78: (0.42, -0.70, 0.58)
449.90: (0.27, -0.54, 0.80)
450.01: (0.07, -0.43, 0.90)
450.13: (-0.19, -0.43, 0.88)
450.25: (-0.39, -0.66, 0.64)
450.36: (-0.41, -0.86, 0.31)
450.46: (-0.27, -0.96, -0.03)
450.56: (-0.07, -0.92, -0.39)
450.68: (0.06, -0.75, -0.66)
450.78: (0.09, -0.50, -0.86)
450.90: (0.06, -0.29, -0.95)
451.01: (0.01, 0.04, -1.00)
451.11: (-0.08, 0.40, -0.92)
451.23: (-0.17, 0.45, -0.88)
451.33: (0.00, -0.05, -1.00)
451.45: (0.14, -0.31, -0.94)
451.55: (0.21, -0.50, -0.84)
451.66: (0.14, -0.69, -0.71)
451.76: (-0.16, -0.81, -0.56)
451.88: (-0.54, -0.74, -0.40)
451.98: (-0.72, -0.50, -0.47)
452.10: (-0.78, -0.12, -0.62)
452.21: (-0.75, 0.25, -0.62)
452.31: (-0.78, 0.39, -0.49)
452.43: (-0.88, 0.35, -0.31)
452.43: (-0.74, -0.40, -0.53): 1
452.43: (-0.88, 0.35, -0.31)
452.53: (-0.89, 0.33, -0.32)
452.63: (-0.89, 0.22, -0.40)
452.75: (-0.88, -0.06, -0.48)
452.86: (-0.70, -0.48, -0.53)
452.91: (-0.62, -0.54, -0.56)
452.91: (-0.36, 0.88, 0.32): 1
452.98: (-0.60, -0.56, -0.58)
453.08: (-0.59, -0.58, -0.56)
453.20: (-0.48, -0.81, -0.33)
453.31: (-0.23, -0.97, 0.05)
453.43: (0.10, -0.84, 0.54)
453.55: (0.28, -0.65, 0.71)
453.66: (0.45, -0.43, 0.78)
453.76: (0.61, -0.04, 0.79)
453.88: (0.73, 0.36, 0.59)
454.00: (0.69, 0.66, 0.30)
454.11: (0.73, 0.67, 0.13)
454.21: (0.73, 0.67, 0.13)
454.33: (0.73, 0.67, 0.13)
454.45: (0.72, 0.68, 0.14)
454.56: (0.45, 0.89, 0.10)
454.66: (-0.06, 1.00, -0.06)
454.78: (-0.40, 0.87, -0.29)
454.88: (-0.39, 0.82, -0.43)
455.00: (-0.30, 0.92, -0.26)
455.10: (-0.29, 0.94, 0.15)
455.18: (-0.40, 0.86, 0.33)
455.18: (0.41, -0.43, 0.81): 0
455.21: (-0.41, 0.84, 0.34)
455.33: (-0.40, 0.86, 0.32)
455.45: (-0.41, 0.90, 0.12)
455.56: (-0.45, 0.87, -0.21)
455.68: (-0.27, 0.80, -0.54)
455.78: (-0.06, 0.61, -0.79)
455.90: (0.10, 0.39, -0.92)
456.01: (0.18, 0.11, -0.98)
456.11: (0.18, -0.14, -0.97)
456.23: (0.05, -0.52, -0.85)
456.35: (-0.21, -0.77, -0.60)
456.45: (-0.38, -0.79, -0.48)
456.55: (-0.61, -0.68, -0.39)
456.66: (-0.87, -0.44, -0.22)
456.78: (-0.99, -0.17, 0.00)
456.90: (-0.98, 0.05, 0.18)
457.00: (-0.93, 0.18, 0.33)
457.11: (-0.86, 0.19, 0.47)
457.21: (-0.80, 0.01, 0.60)
457.33: (-0.60, -0.31, 0.74)
457.45: (-0.23, -0.64, 0.74)
457.56: (0.11, -0.69, 0.72)
457.66: (0.35, -0.58, 0.74)
457.78: (0.37, -0.46, 0.81)
457.78: (-0.73, -0.67, 0.14): 2
457.78: (0.37, -0.46, 0.81)
457.88: (0.35, -0.44, 0.82)
458.00: (0.38, -0.42, 0.82)
458.11: (0.20, -0.51, 0.83)
458.21: (0.20, -0.51, 0.83)
458.33: (0.20, -0.51, 0.83)
458.43: (0.20, -0.51, 0.83)
458.55: (0.20, -0.51, 0.83)
458.66: (0.17, -0.47, 0.87)
458.78: (0.22, -0.23, 0.95)
458.88: (0.35, 0.13, 0.93)
459.00: (0.48, 0.40, 0.78)
459.11: (0.64, 0.38, 0.67)
459.23: (0.82, 0.18, 0.54)
459.33: (0.94, 0.02, 0.34)
459.45: (1.00, -0.02, 0.02)
459.56: (0.95, 0.13, -0.29)
459.68: (0.85, 0.34, -0.41)
459.80: (0.69, 0.62, -0.38)
459.91: (0.55, 0.75, -0.37)
460.03: (0.49, 0.75, -0.44)
460.13: (0.48, 0.65, -0.59)
460.25: (0.51, 0.32, -0.80)
460.36: (0.43, -0.06, -0.90)
460.48: (0.17, -0.28, -0.94)
460.60: (-0.13, -0.26, -0.96)
460.71: (-0.33, -0.09, -0.94)
460.83: (-0.40, 0.28, -0.87)
460.95: (-0.32, 0.63, -0.70)
461.06: (-0.32, 0.76, -0.56)
461.16: (-0.51, 0.72, -0.47)
461.28: (-0.72, 0.55, -0.42)
461.40: (-0.87, 0.22, -0.44)
461.50: (-0.89, -0.09, -0.44)
461.61: (-0.90, -0.33, -0.27)
461.73: (-0.96, -0.26, -0.11)
461.85: (-0.99, -0.16, 0.01)
461.96: (-0.88, -0.46, 0.04)
462.05: (-0.74, -0.67, 0.05)
462.05: (0.91, -0.35, -0.24): 2
462.08: (-0.70, -0.71, 0.07)
462.18: (-0.71, -0.70, 0.11)
462.30: (-0.75, -0.65, -0.11)
462.41: (-0.75, -0.65, -0.13)
462.51: (-0.75, -0.65, -0.13)
462.63: (-0.75, -0.65, -0.13)
462.75: (-0.76, -0.64, -0.12)
462.86: (-0.78, -0.63, -0.04)
462.98: (-0.85, -0.49, 0.21)
463.09: (-0.80, -0.27, 0.54)
463.19: (-0.65, -0.13, 0.75)
463.31: (-0.49, -0.14, 0.86)
463.43: (-0.42, -0.38, 0.83)
463.54: (-0.27, -0.67, 0.69)
463.66: (-0.04, -0.77, 0.63)
463.76: (0.07, -0.69, 0.72)
463.88: (0.07, -0.45, 0.89)
463.98: (-0.15, -0.18, 0.97)
464.09: (-0.44, 0.15, 0.89)
464.21: (-0.57, 0.30, 0.77)
464.33: (-0.65, 0.28, 0.70)
464.44: (-0.88, 0.02, 0.48)
464.56: (-0.81, -0.56, -0.19)
464.68: (-0.26, -0.88, -0.39)
464.79: (0.29, -0.93, -0.21)
464.91: (0.83, -0.53, -0.19)
465.03: (0.88, -0.42, -0.21)
465.14: (0.88, -0.42, -0.21)
465.23: (0.88, -0.42, -0.21)
465.23: (-0.24, 0.03, -0.97): 0
465.26: (0.89, -0.42, -0.21)
465.38: (0.90, -0.36, -0.24)
465.48: (0.90, -0.34, -0.28)
465.59: (0.82, -0.36, -0.44)
465.71: (0.63, -0.48, -0.62)
465.83: (0.30, -0.56, -0.77)
465.94: (0.14, -0.33, -0.93)
466.06: (0.23, 0.12, -0.97)
466.16: (0.34, 0.36, -0.87)
466.28: (0.06, 0.12, -0.99)
466.36: (-0.17, 0.02, -0.99)
466.36: (-0.14, 0.95, 0.27): 2
466.38: (-0.19, 0.01, -0.98)
466.49: (-0.22, -0.01, -0.97)
466.61: (-0.02, -0.06, -1.00)
466.73: (0.26, -0.31, -0.92)
466.83: (0.29, -0.64, -0.71)
466.93: (0.23, -0.74, -0.63)
467.04: (0.08, -0.49, -0.87)
467.14: (0.04, 0.06, -1.00)
467.26: (0.11, 0.64, -0.76)
467.38: (0.37, 0.70, -0.61)
467.49: (0.42, 0.51, -0.75)
467.61: (0.56, 0.37, -0.74)
467.71: (0.77, 0.33, -0.55)
467.83: (0.92, 0.30, -0.26)
467.94: (0.92, 0.36, 0.15)
468.06: (0.74, 0.49, 0.46)
468.18: (0.76, 0.47, 0.45)
468.29: (0.76, 0.47, 0.45)
468.41: (0.63, 0.55, 0.54)
468.53: (0.45, 0.71, 0.55)
468.63: (0.37, 0.88, 0.31)
468.74: (0.26, 0.96, -0.10)
468.84: (0.04, 1.00, -0.02)
468.94: (-0.09, 0.95, 0.30)
468.94: (0.63, -0.72, 0.30): 1
468.96: (-0.09, 0.94, 0.32)
469.08: (-0.08, 0.93, 0.35)
469.19: (-0.36, 0.78, 0.52)
469.31: (-0.65, 0.44, 0.61)
469.43: (-0.59, 0.43, 0.68)
469.54: (-0.53, 0.49, 0.69)
469.66: (-0.52, 0.49, 0.70)
469.76: (-0.56, 0.48, 0.67)
469.88: (-0.78, 0.01, 0.62)
469.98: (-0.70, -0.41, 0.58)
470.09: (-0.48, -0.71, 0.51)
470.21: (-0.31, -0.88, 0.36)
470.33: (-0.10, -0.98, 0.20)
470.43: (0.21, -0.97, 0.11)
470.54: (0.47, -0.85, 0.26)
470.66: (0.48, -0.80, 0.36)
470.73: (0.48, -0.80, 0.36)
470.73: (0.82, -0.07, -0.57): 2
470.76: (0.48, -0.80, 0.36)
470.88: (0.40, -0.84, 0.37)
470.99: (-0.10, -0.84, 0.53)
471.09: (-0.49, -0.74, 0.47)
471.21: (-0.70, -0.64, 0.32)
471.31: (-0.80, -0.58, 0.18)
471.43: (-0.85, -0.52, -0.02)
471.54: (-0.82, -0.52, -0.25)
471.66: (-0.45, -0.72, -0.52)
471.78: (0.12, -0.87, -0.48)
471.88: (0.40, -0.89, -0.23)
471.99: (0.64, -0.75, 0.13)
472.09: (0.71, -0.56, 0.42)
472.21: (0.68, -0.55, 0.48)
472.33: (0.68, -0.55, 0.48)
472.43: (0.68, -0.56, 0.47)
472.54: (0.76, -0.45, 0.47)
472.66: (0.83, -0.11, 0.55)
472.76: (0.79, 0.22, 0.57)
472.88: (0.71, 0.47, 0.53)
472.99: (0.56, 0.68, 0.46)
473.11: (0.35, 0.89, 0.30)
473.23: (0.37, 0.91, 0.17)
473.34: (0.61, 0.79, 0.08)
473.46: (0.83, 0.56, 0.05)
473.56: (0.93, 0.34, -0.13)
473.68: (0.93, 0.02, -0.36)
473.78: (0.84, -0.20, -0.51)
473.88: (0.75, -0.24, -0.61)
473.91: (0.76, -0.19, -0.62)
473.91: (-0.87, 0.45, 0.22): 0
473.99: (0.82, -0.09, -0.57)
474.11: (0.86, -0.02, -0.51)
474.23: (0.94, 0.10, -0.32)
474.33: (0.99, 0.15, 0.01)
474.44: (0.87, 0.36, 0.35)
474.54: (0.59, 0.59, 0.55)
474.66: (0.49, 0.62, 0.61)
474.78: (0.44, 0.62, 0.65)
474.89: (0.50, 0.51, 0.70)
475.01: (0.70, 0.64, 0.33)
475.13: (0.36, 0.87, -0.34)
475.23: (0.11, 0.87, -0.48)
475.34: (0.01, 0.89, -0.47)
475.46: (0.01, 0.89, -0.47)
475.58: (0.06, 0.89, -0.46)
475.68: (-0.03, 0.84, -0.55)
475.79: (-0.35, 0.79, -0.49)
475.89: (-0.53, 0.80, -0.28)
476.01: (-0.60, 0.80, -0.07)
476.13: (-0.56, 0.83, 0.09)
476.23: (-0.47, 0.88, -0.05)
476.33: (-0.52, 0.82, -0.24)
476.44: (-0.82, 0.58, -0.02)
476.53: (-0.88, 0.40, 0.24)
476.53: (-0.73, -0.57, 0.38): 2
476.56: (-0.88, 0.38, 0.27)
476.66: (-0.88, 0.41, 0.25)
476.78: (-0.81, 0.57, 0.12)
476.89: (-0.59, 0.80, -0.11)
477.01: (-0.32, 0.85, -0.41)
477.13: (-0.07, 0.75, -0.66)
477.24: (0.06, 0.64, -0.77)
477.34: (0.13, 0.50, -0.86)
477.46: (0.27, 0.22, -0.94)
477.58: (0.38, -0.14, -0.92)
477.68: (0.41, -0.34, -0.85)
477.79: (0.34, -0.56, -0.76)
477.91: (0.05, -0.67, -0.74)
478.01: (-0.25, -0.58, -0.78)
478.13: (-0.48, -0.32, -0.81)
478.24: (-0.64, 0.16, -0.75)
478.36: (-0.57, 0.63, -0.52)
478.48: (-0.47, 0.86, -0.22)
478.59: (-0.34, 0.92, 0.20)
478.69: (-0.20, 0.85, 0.48)
478.81: (-0.18, 0.87, 0.46)
478.93: (-0.18, 0.87, 0.46)
479.04: (-0.26, 0.82, 0.51)
479.14: (-0.13, 0.82, 0.56)
479.26: (0.27, 0.77, 0.58)
479.37: (0.56, 0.64, 0.53)
479.49: (0.67, 0.57, 0.47)
479.61: (0.61, 0.57, 0.56)
479.71: (0.37, 0.59, 0.71)
479.83: (-0.23, 0.55, 0.80)
479.94: (-0.71, 0.50, 0.50)
480.06: (-0.80, 0.59, -0.07)
480.17: (-0.79, 0.43, -0.45)
480.29: (-0.87, 0.21, -0.45)
480.41: (-0.98, -0.12, -0.17)
480.51: (-0.81, -0.50, 0.30)
480.62: (-0.45, -0.61, 0.65)
480.74: (-0.46, -0.52, 0.72)
480.84: (-0.72, -0.52, 0.46)
480.87: (-0.76, -0.53, 0.37)
480.87: (-0.33, 0.58, -0.75): 0
480.94: (-0.78, -0.55, 0.29)
481.06: (-0.80, -0.53, 0.29)
481.17: (-0.91, -0.33, 0.25)
481.29: (-1.00, -0.08, 0.06)
481.41: (-0.90, 0.29, -0.33)
481.52: (-0.70, 0.44, -0.56)
481.64: (-0.82, 0.40, -0.41)
481.76: (-0.86, 0.43, -0.28)
481.87: (-0.50, 0.61, -0.62)
481.94: (-0.25, 0.65, -0.72)
481.94: (-0.96, 0.27, -0.07): 1
481.99: (-0.23, 0.65, -0.72)
482.11: (-0.24, 0.67, -0.70)
482.21: (-0.22, 0.76, -0.61)
482.31: (-0.02, 0.82, -0.57)
482.42: (0.29, 0.84, -0.46)
482.54: (0.54, 0.83, -0.12)
482.66: (0.56, 0.76, 0.32)
482.76: (0.50, 0.58, 0.64)
482.87: (0.57, 0.36, 0.74)
482.97: (0.68, 0.18, 0.71)
483.09: (0.78, -0.10, 0.62)
483.21: (0.90, -0.30, 0.31)
483.32: (0.90, -0.41, -0.15)
483.44: (0.68, -0.50, -0.53)
483.54: (0.43, -0.54, -0.72)
483.66: (0.20, -0.62, -0.76)
483.77: (0.33, -0.68, -0.65)
483.89: (0.33, -0.68, -0.65)
484.01: (0.46, -0.60, -0.66)
484.12: (0.33, -0.51, -0.79)
484.24: (-0.22, -0.41, -0.89)
484.36: (-0.62, -0.40, -0.68)
484.46: (-0.72, -0.58, -0.40)
484.57: (-0.56, -0.83, -0.06)
484.69: (-0.46, -0.88, 0.13)
484.79: (-0.37, -0.88, 0.31)
484.91: (-0.06, -0.86, 0.51)
485.02: (0.39, -0.66, 0.64)
485.14: (0.58, -0.44, 0.69)
485.26: (0.64, -0.23, 0.74)
485.37: (0.77, 0.12, 0.63)
485.49: (0.75, 0.45, 0.49)
485.59: (0.52, 0.64, 0.57)
485.71: (0.08, 0.78, 0.63)
485.82: (-0.37, 0.67, 0.64)
485.92: (-0.63, 0.27, 0.73)
486.04: (-0.66, -0.35, 0.67)
486.14: (-0.59, -0.66, 0.47)
486.26: (-0.82, -0.50, 0.27)
486.37: (-1.00, 0.03, 0.03)
486.44: (-0.97, 0.23, -0.10)
486.44: (-0.94, -0.16, -0.30): 2
486.49: (-0.95, 0.29, -0.14)
486.61: (-0.94, 0.32, -0.14)
486.71: (-0.95, 0.29, -0.12)
486.82: (-0.99, -0.05, -0.12)
486.86: (-0.98, -0.14, -0.15)
486.86: (0.84, -0.02, 0.54): 2
486.94: (-0.96, -0.22, -0.18)
487.04: (-0.93, -0.26, -0.25)
487.16: (-0.89, -0.24, -0.39)
487.27: (-0.65, -0.37, -0.67)
487.37: (-0.60, -0.38, -0.70)
487.49: (-0.60, -0.38, -0.70)
487.61: (-0.60, -0.38, -0.70)
487.72: (-0.60, -0.38, -0.70)
487.84: (-0.46, -0.44, -0.77)
487.94: (-0.09, -0.44, -0.90)
488.04: (0.27, -0.40, -0.87)
488.16: (0.51, -0.20, -0.83)
488.27: (0.36, -0.15, -0.92)
488.37: (0.08, -0.32, -0.94)
488.49: (-0.10, -0.37, -0.92)
488.59: (0.01, -0.40, -0.92)
488.71: (0.27, -0.53, -0.80)
488.82: (0.32, -0.74, -0.59)
488.92: (0.24, -0.91, -0.34)
489.04: (0.22, -0.97, -0.08)
489.14: (0.32, -0.94, 0.07)
489.26: (0.72, -0.69, 0.04)
489.36: (0.90, -0.40, -0.16)
489.46: (0.86, -0.20, -0.46)
489.57: (0.43, -0.25, -0.87)
489.69: (-0.22, -0.32, -0.92)
489.81: (-0.69, -0.20, -0.69)
489.92: (-0.79, 0.22, -0.58)
490.02: (-0.60, 0.54, -0.60)
490.14: (-0.33, 0.74, -0.59)
490.24: (-0.21, 0.84, -0.49)
490.36: (-0.47, 0.84, -0.26)
490.47: (-0.66, 0.75, 0.04)
490.57: (-0.70, 0.67, 0.24)
490.67: (-0.67, 0.62, 0.41)
490.77: (-0.51, 0.69, 0.51)
490.89: (-0.14, 0.83, 0.54)
491.01: (0.26, 0.81, 0.52)
491.12: (0.53, 0.79, 0.32)
491.22: (0.57, 0.82, -0.01)
491.34: (0.46, 0.80, -0.38)
491.46: (0.23, 0.66, -0.71)
491.56: (0.35, 0.67, -0.65)
491.66: (0.72, 0.60, -0.34)
491.77: (0.95, 0.23, 0.19)
491.89: (0.95, -0.08, 0.31)
491.99: (0.95, -0.09, 0.31)
492.11: (0.88, -0.06, 0.46)
492.11: (-0.39, 0.92, 0.05): 0
492.11: (0.88, -0.06, 0.46)
492.21: (0.79, -0.09, 0.60)
492.32: (0.80, -0.08, 0.60)
492.44: (0.87, 0.07, 0.48)
492.54: (0.90, 0.15, 0.40)
492.66: (0.90, 0.15, 0.40)
492.77: (0.90, 0.15, 0.40)
492.89: (0.90, 0.15, 0.40)
493.01: (0.93, 0.02, 0.38)
493.12: (0.88, -0.40, 0.23)
493.24: (0.65, -0.76, 0.01)
493.34: (0.38, -0.92, -0.07)
493.46: (0.13, -0.98, 0.12)
493.57: (0.19, -0.91, 0.37)
493.69: (0.44, -0.66, 0.60)
493.79: (0.39, -0.52, 0.76)
493.91: (0.29, -0.38, 0.88)
494.02: (0.12, -0.12, 0.99)
494.12: (-0.08, -0.08, 0.99)
494.24: (-0.34, -0.36, 0.87)
494.36: (-0.48, -0.75, 0.45)
494.46: (-0.27, -0.95, 0.14)
494.57: (0.09, -1.00, 0.00)
494.67: (0.24, -0.97, -0.05)
494.79: (0.26, -0.95, -0.14)
494.91: (0.34, -0.87, -0.35)
495.02: (0.47, -0.75, -0.47)
495.14: (0.74, -0.52, -0.42)
495.26: (0.97, -0.20, -0.15)
495.36: (0.98, 0.12, 0.13)
495.47: (0.78, 0.40, 0.48)
495.57: (0.45, 0.53, 0.72)
495.69: (-0.06, 0.55, 0.84)
495.79: (-0.19, 0.67, 0.72)
495.90: (-0.30, 0.83, 0.47)
496.02: (-0.69, 0.61, 0.39)
496.14: (-0.88, 0.07, 0.47)
496.25: (-0.81, 0.39, 0.44)
496.37: (-0.60, 0.77, 0.22)
496.47: (-0.52, 0.84, 0.15)
496.59: (-0.30, 0.96, 0.00)
496.64: (-0.25, 0.97, -0.03)
496.64: (0.21, 0.10, 0.97): 1
496.70: (-0.25, 0.97, -0.03)
496.82: (-0.30, 0.95, 0.01)
496.94: (-0.38, 0.92, 0.06)
497.04: (-0.43, 0.89, 0.18)
497.15: (-0.42, 0.86, 0.28)
497.25: (-0.48, 0.77, 0.42)
497.37: (-0.64, 0.28, 0.71)
497.49: (-0.53, -0.39, 0.76)
497.59: (-0.37, -0.79, 0.48)
497.70: (-0.32, -0.87, 0.37)
497.82: (-0.32, -0.87, 0.37)
497.94: (-0.32, -0.87, 0.37)
498.05: (-0.31, -0.88, 0.36)
498.17: (-0.71, -0.69, 0.08)
498.27: (-0.85, -0.46, -0.25)
498.39: (-0.78, -0.26, -0.57)
498.50: (-0.51, -0.26, -0.82)
498.62: (-0.05, -0.35, -0.94)
498.74: (0.39, -0.49, -0.78)
498.85: (0.35, -0.59, -0.73)
498.97: (0.35, -0.59, -0.73)
499.09: (0.34, -0.57, -0.75)
499.20: (0.33, -0.54, -0.77)
499.32: (0.59, -0.32, -0.74)
499.44: (0.93, -0.03, -0.37)
499.55: (0.97, 0.12, 0.20)
499.67: (0.78, 0.09, 0.62)
499.77: (0.73, 0.00, 0.68)
499.89: (0.73, 0.00, 0.68)
500.00: (0.73, 0.00, 0.68)
500.12: (0.68, 0.12, 0.73)
500.24: (0.43, 0.19, 0.88)
500.35: (0.17, 0.17, 0.97)
500.39: (0.15, 0.15, 0.98)
500.39: (-0.48, -0.86, -0.18): 2
500.47: (0.13, 0.12, 0.98)
500.59: (0.17, 0.13, 0.98)
500.70: (0.22, 0.13, 0.97)
500.80: (0.29, 0.17, 0.94)
500.92: (0.41, 0.30, 0.86)
501.04: (0.47, 0.57, 0.67)
501.14: (0.36, 0.79, 0.50)
501.25: (0.35, 0.80, 0.48)
501.37: (0.35, 0.78, 0.52)
501.47: (0.33, 0.74, 0.59)
501.59: (0.16, 0.68, 0.71)
501.70: (-0.33, 0.56, 0.76)
501.82: (-0.83, 0.07, 0.55)
501.94: (-0.88, -0.41, 0.26)
502.05: (-0.71, -0.68, 0.15)
502.15: (-0.72, -0.65, 0.23)
502.25: (-0.72, -0.65, 0.23)
502.37: (-0.73, -0.67, 0.15)
502.49: (-0.53, -0.80, -0.27)
502.60: (-0.46, -0.83, -0.32)
502.60: (0.17, 0.98, 0.10): 0
502.60: (-0.46, -0.83, -0.32)
502.72: (-0.47, -0.83, -0.30)
502.84: (-0.57, -0.82, -0.11)
502.94: (-0.63, -0.78, 0.03)
503.05: (-0.77, -0.60, 0.22)
503.15: (-0.95, -0.23, 0.21)
503.25: (-1.00, 0.10, -0.02)
503.37: (-0.89, 0.30, -0.34)
503.49: (-0.63, 0.40, -0.67)
503.59: (-0.48, 0.26, -0.83)
503.70: (-0.37, -0.16, -0.91)
503.82: (-0.06, -0.76, -0.65)
503.92: (0.24, -0.97, -0.11)
504.04: (0.28, -0.82, 0.49)
504.15: (0.27, -0.82, 0.50)
504.27: (0.26, -0.82, 0.50)
504.37: (0.25, -0.83, 0.49)
504.49: (0.21, -0.79, 0.58)
504.60: (-0.30, -0.58, 0.76)
504.72: (-0.75, -0.26, 0.61)
504.82: (-0.91, 0.00, 0.41)
504.94: (-0.90, 0.17, 0.39)
505.05: (-0.69, 0.31, 0.65)
505.17: (-0.25, 0.34, 0.91)
505.27: (0.03, 0.08, 1.00)
505.39: (0.15, -0.54, 0.83)
505.50: (0.03, -0.94, 0.34)
505.62: (-0.10, -0.97, -0.21)
505.74: (-0.02, -0.75, -0.66)
505.85: (0.42, -0.50, -0.76)
505.95: (0.80, -0.39, -0.46)
506.07: (0.70, -0.65, -0.31)
506.17: (0.70, -0.65, -0.31)
506.27: (0.66, -0.69, -0.31)
506.39: (0.69, -0.57, -0.46)
506.50: (0.74, -0.22, -0.63)
506.60: (0.70, 0.06, -0.71)
506.72: (0.74, 0.34, -0.58)
506.84: (0.78, 0.54, -0.31)
506.95: (0.81, 0.55, 0.19)
507.05: (0.69, 0.33, 0.65)
507.15: (0.60, 0.09, 0.79)
507.27: (0.65, 0.04, 0.76)
507.37: (0.66, 0.04, 0.75)
507.49: (0.52, 0.00, 0.86)
507.60: (0.22, -0.25, 0.94)
507.72: (-0.21, -0.64, 0.74)
507.82: (-0.44, -0.82, 0.36)
507.94: (-0.48, -0.87, -0.03)
508.05: (-0.36, -0.83, -0.43)
508.17: (-0.17, -0.61, -0.77)
508.27: (-0.11, -0.41, -0.91)
508.37: (-0.11, -0.41, -0.91)
508.49: (-0.11, -0.41, -0.91)
508.60: (-0.18, -0.50, -0.85)
508.70: (0.18, -0.81, -0.56)
508.82: (0.49, -0.86, -0.15)
508.94: (0.75, -0.56, 0.34)
509.05: (0.70, 0.04, 0.71)
509.15: (0.47, 0.19, 0.86)
509.25: (0.47, 0.19, 0.86)
509.37: (0.47, 0.19, 0.86)
509.47: (0.20, 0.31, 0.93)
509.59: (-0.15, 0.54, 0.83)
509.70: (-0.18, 0.78, 0.60)
509.80: (0.24, 0.92, 0.30)
509.92: (0.58, 0.79, -0.20)
510.04: (0.47, 0.73, -0.49)
510.15: (0.36, 0.89, -0.27)
510.27: (0.24, 0.97, 0.07)
510.32: (0.23, 0.96, 0.13)
510.32: (-1.00, -0.04, 0.03): 0
510.37: (0.23, 0.96, 0.13)
510.47: (0.12, 0.99, 0.06)
510.59: (-0.20, 0.98, 0.01)
510.70: (-0.54, 0.82, 0.19)
510.82: (-0.54, 0.82, 0.19)
510.92: (-0.54, 0.82, 0.19)
511.04: (-0.54, 0.83, 0.17)
511.14: (-0.61, 0.79, 0.07)
511.25: (-0.90, 0.43, -0.09)
511.37: (-0.90, -0.19, -0.39)
511.49: (-0.84, -0.32, -0.43)
511.60: (-0.97, -0.16, -0.15)
511.70: (-1.00, -0.09, 0.02)
511.70: (-0.64, -0.71, -0.29): 2
511.72: (-1.00, -0.09, 0.02)
511.82: (-1.00, -0.08, 0.03)
511.94: (-1.00, -0.07, 0.01)
512.05: (-0.86, -0.49, -0.12)
512.17: (-0.69, -0.70, -0.19)
512.17: (-0.99, -0.15, 0.02): 1
512.17: (-0.69, -0.70, -0.19)
512.28: (-0.70, -0.67, -0.25)
512.40: (-0.63, -0.66, -0.41)
512.52: (-0.86, -0.40, -0.32)
512.63: (-0.99, -0.12, -0.11)
512.68: (-0.99, -0.13, -0.07)
512.68: (-0.93, -0.20, 0.32): 1
512.75: (-0.99, -0.13, -0.06)
512.87: (-0.99, -0.14, 0.02)
512.98: (-0.95, -0.11, 0.29)
513.07: (-0.89, -0.12, 0.43)
513.07: (-0.56, 0.80, -0.20): 0
513.10: (-0.89, -0.13, 0.43)
513.22: (-0.92, -0.20, 0.34)
513.32: (-0.93, -0.25, 0.25)
513.43: (-0.90, -0.42, 0.10)
513.55: (-0.62, -0.69, -0.37)
513.67: (-0.34, -0.54, -0.77)
513.78: (-0.22, -0.25, -0.94)
513.90: (0.06, 0.11, -0.99)
514.00: (0.46, 0.24, -0.85)
514.12: (0.81, 0.13, -0.58)
514.23: (0.93, -0.05, -0.36)
514.35: (0.94, -0.32, -0.15)
514.45: (0.76, -0.64, -0.12)
514.57: (0.40, -0.88, -0.25)
514.67: (0.13, -0.91, -0.39)
514.78: (-0.14, -0.84, -0.53)
514.88: (-0.29, -0.74, -0.60)
514.98: (-0.38, -0.70, -0.60)
515.10: (-0.65, -0.40, -0.65)
515.22: (-0.78, 0.08, -0.62)
515.33: (-0.57, 0.59, -0.57)
515.43: (-0.15, 0.87, -0.46)
515.53: (0.11, 0.91, -0.41)
515.65: (-0.05, 0.93, -0.36)
515.77: (-0.47, 0.85, -0.24)
515.88: (-0.60, 0.78, -0.20)
516.00: (-0.61, 0.76, -0.23)
516.08: (-0.59, 0.77, -0.25)
516.08: (0.42, 0.90, -0.08): 0
516.12: (-0.59, 0.77, -0.25)
516.23: (-0.59, 0.77, -0.25)
516.33: (-0.55, 0.78, -0.29)
516.45: (-0.33, 0.88, -0.35)
516.57: (-0.09, 0.93, -0.37)
516.68: (0.45, 0.81, -0.37)
516.80: (0.50, 0.81, -0.31)
516.92: (0.40, 0.90, -0.17)
517.00: (0.36, 0.92, -0.13)
517.00: (-0.44, -0.70, -0.57): 1
517.03: (0.36, 0.92, -0.13)
517.15: (0.58, 0.81, -0.07)
517.27: (0.81, 0.58, -0.01)
517.38: (0.97, 0.24, 0.03)
517.50: (0.96, -0.24, 0.14)
517.62: (0.67, -0.71, 0.21)
517.73: (0.32, -0.94, 0.10)
517.83: (-0.01, -1.00, -0.01)
517.95: (-0.33, -0.94, -0.09)
518.07: (-0.20, -0.98, -0.03)
518.18: (0.08, -0.98, 0.20)
518.28: (-0.05, -1.00, 0.07)
518.40: (-0.42, -0.81, -0.41)
518.47: (-0.49, -0.66, -0.56)
518.47: (0.77, 0.60, 0.23): 2
518.52: (-0.49, -0.66, -0.57)
518.63: (-0.45, -0.69, -0.56)
518.75: (-0.28, -0.86, -0.43)
518.85: (0.01, -0.96, -0.29)
518.95: (0.22, -0.96, -0.17)
519.07: (0.42, -0.90, 0.06)
519.18: (0.56, -0.74, 0.38)
519.30: (0.63, -0.49, 0.61)
519.42: (0.80, -0.16, 0.57)
519.53: (0.87, 0.03, 0.48)
519.65: (0.93, 0.25, 0.28)
519.77: (0.79, 0.59, 0.14)
519.85: (0.73, 0.66, 0.17)
519.85: (0.64, -0.21, -0.74): 2
519.88: (0.73, 0.66, 0.17)
520.00: (0.76, 0.63, 0.16)
520.10: (0.88, 0.48, 0.02)
520.22: (1.00, 0.00, 0.02)
520.32: (0.90, -0.40, 0.20)
520.43: (0.71, -0.67, 0.21)
520.55: (0.56, -0.83, 0.02)
520.67: (0.46, -0.88, -0.13)
520.78: (0.39, -0.82, -0.43)
520.90: (0.27, -0.61, -0.74)
521.02: (0.07, -0.27, -0.96)
521.13: (0.32, -0.24, -0.92)
521.23: (0.59, -0.35, -0.73)
521.27: (0.63, -0.35, -0.69)
521.27: (0.39, -0.64, -0.66): 0
521.35: (0.65, -0.32, -0.69)
521.45: (0.69, -0.15, -0.71)
521.57: (0.68, -0.13, -0.72)
521.68: (0.54, -0.46, -0.71)
521.77: (0.42, -0.60, -0.68)
521.77: (0.07, 0.90, -0.44): 2
521.78: (0.41, -0.61, -0.68)
521.90: (0.35, -0.65, -0.68)
522.02: (0.24, -0.75, -0.61)
522.13: (0.09, -0.92, -0.39)
522.25: (0.06, -1.00, -0.06)
522.37: (0.21, -0.93, 0.30)
522.48: (0.39, -0.71, 0.59)
522.60: (0.51, -0.41, 0.76)
522.72: (0.55, -0.14, 0.82)
522.82: (0.52, 0.07, 0.85)
522.93: (0.34, 0.23, 0.91)
523.05: (0.03, 0.33, 0.94)
523.17: (-0.29, 0.25, 0.92)
523.27: (-0.41, 0.13, 0.90)
523.37: (-0.41, 0.13, 0.90)
523.48: (-0.33, 0.08, 0.94)
523.60: (-0.31, 0.12, 0.94)
523.70: (-0.48, 0.39, 0.79)
523.82: (-0.74, 0.47, 0.48)
523.93: (-0.90, 0.37, 0.21)
524.03: (-0.99, 0.16, -0.06)
524.15: (-0.95, -0.17, -0.26)
524.27: (-0.74, -0.59, -0.31)
524.37: (-0.55, -0.83, -0.12)
524.47: (-0.35, -0.93, 0.12)
524.58: (-0.18, -0.91, 0.38)
524.70: (-0.07, -0.82, 0.57)
524.82: (-0.21, -0.67, 0.71)
524.93: (-0.71, -0.59, 0.37)
525.05: (-0.83, -0.38, -0.40)
525.17: (-0.41, -0.15, -0.90)
525.27: (-0.08, 0.03, -1.00)
525.38: (0.02, -0.04, -1.00)
525.50: (0.02, -0.04, -1.00)
525.60: (0.02, -0.04, -1.00)
525.72: (-0.05, -0.09, -0.99)
525.82: (0.25, -0.02, -0.97)
525.93: (0.62, -0.21, -0.75)
526.05: (0.66, -0.47, -0.59)
526.15: (0.56, -0.75, -0.36)
526.27: (0.25, -0.95, -0.20)
526.38: (-0.02, -0.98, -0.20)
526.50: (-0.23, -0.94, -0.27)
526.62: (-0.51, -0.85, -0.15)
526.73: (-0.79, -0.58, 0.21)
526.85: (-0.87, -0.40, 0.27)
526.95: (-0.82, -0.28, 0.49)
527.07: (-0.46, -0.15, 0.88)
527.18: (-0.14, -0.30, 0.94)
527.30: (-0.01, -0.52, 0.86)
527.40: (-0.16, -0.58, 0.80)
527.52: (-0.16, -0.58, 0.80)
527.63: (-0.20, -0.61, 0.77)
527.75: (-0.13, -0.86, 0.49)
527.87: (0.02, -1.00, -0.02)
527.98: (0.15, -0.78, -0.60)
528.10: (0.30, -0.38, -0.88)
528.20: (0.40, 0.03, -0.91)
528.32: (0.58, 0.37, -0.73)
528.43: (0.90, 0.31, -0.32)
528.55: (0.98, -0.17, 0.08)
528.67: (0.81, -0.57, 0.12)
528.78: (0.59, -0.81, 0.02)
528.90: (0.36, -0.93, -0.07)
529.02: (0.39, -0.92, 0.05)
529.13: (0.70, -0.58, 0.40)
529.25: (0.77, -0.07, 0.63)
529.35: (0.79, -0.07, 0.61)
529.46: (0.79, -0.07, 0.61)
529.58: (0.79, -0.07, 0.61)
529.68: (0.75, 0.13, 0.65)
529.80: (0.30, 0.55, 0.78)
529.91: (0.06, 0.26, 0.96)
530.03: (0.07, -0.44, 0.90)
530.15: (-0.14, -0.91, 0.39)
530.25: (-0.35, -0.94, 0.00)
530.36: (-0.44, -0.86, 0.24)
530.48: (-0.49, -0.42, 0.77)
530.60: (-0.34, 0.25, 0.91)
530.70: (-0.27, 0.29, 0.92)
530.81: (-0.27, 0.29, 0.92)
530.93: (-0.27, 0.31, 0.91)
531.03: (-0.36, 0.48, 0.80)
531.15: (-0.59, 0.76, 0.29)
531.26: (-0.76, 0.59, -0.26)
531.38: (-0.88, 0.21, -0.43)
531.50: (-0.94, -0.21, -0.28)
531.61: (-0.82, -0.57, -0.01)
531.71: (-0.52, -0.83, 0.18)
531.83: (-0.30, -0.92, 0.27)
531.93: (-0.22, -0.94, 0.25)
532.05: (-0.22, -0.94, 0.25)
532.16: (-0.23, -0.95, 0.22)
532.28: (-0.40, -0.91, -0.09)
532.40: (-0.44, -0.67, -0.60)
532.50: (-0.28, -0.35, -0.89)
532.61: (0.08, -0.03, -1.00)
532.73: (0.60, -0.01, -0.80)
532.85: (0.79, -0.32, -0.53)
532.96: (0.58, -0.81, -0.07)
533.08: (0.05, -0.97, 0.25)
533.20: (-0.44, -0.79, 0.42)
533.30: (-0.68, -0.52, 0.52)
533.41: (-0.74, -0.44, 0.51)
533.53: (-0.74, -0.44, 0.51)
533.65: (-0.74, -0.45, 0.51)
533.76: (-0.46, -0.73, 0.51)
533.88: (0.14, -0.93, 0.34)
533.98: (0.73, -0.66, 0.19)
534.10: (0.97, -0.13, 0.21)
534.20: (0.94, 0.16, 0.31)
534.31: (0.75, 0.44, 0.50)
534.43: (0.27, 0.58, 0.77)
534.55: (0.09, 0.49, 0.87)
534.66: (0.09, 0.49, 0.87)
534.78: (0.12, 0.34, 0.93)
534.90: (0.24, 0.64, 0.73)
535.00: (0.33, 0.89, 0.33)
535.11: (0.40, 0.89, -0.23)
535.23: (0.45, 0.63, -0.64)
535.33: (0.48, 0.38, -0.79)
535.43: (0.40, 0.54, -0.75)
535.55: (0.07, 0.87, -0.49)
535.60: (-0.01, 0.90, -0.44)
535.60: (-0.62, -0.03, 0.79): 0
535.66: (-0.01, 0.90, -0.44)
535.78: (0.07, 0.87, -0.48)
535.90: (0.28, 0.82, -0.50)
536.01: (0.43, 0.73, -0.53)
536.11: (0.57, 0.53, -0.62)
536.23: (0.80, 0.04, -0.60)
536.33: (0.81, -0.53, -0.26)
536.45: (0.66, -0.75, 0.00)
536.55: (0.63, -0.74, 0.23)
536.66: (0.56, -0.44, 0.70)
536.78: (0.29, -0.08, 0.95)
536.90: (0.28, 0.00, 0.96)
537.01: (0.08, 0.20, 0.98)
537.13: (-0.28, 0.31, 0.91)
537.25: (-0.48, 0.04, 0.88)
537.35: (-0.47, -0.09, 0.88)
537.35: (-0.98, -0.16, 0.07): 1
537.35: (-0.47, -0.09, 0.88)
537.46: (-0.47, -0.09, 0.88)
537.58: (-0.73, -0.06, 0.68)
537.68: (-0.78, -0.08, 0.62)
537.80: (-0.71, -0.02, 0.70)
537.91: (-0.70, -0.01, 0.71)
538.01: (-0.70, -0.01, 0.71)
538.13: (-0.70, -0.02, 0.72)
538.25: (-0.89, -0.09, 0.44)
538.36: (-0.98, -0.13, 0.15)
538.46: (-0.98, -0.16, 0.09)
538.46: (-0.94, 0.25, -0.23): 0
538.48: (-0.98, -0.16, 0.09)
538.60: (-0.99, -0.17, 0.01)
538.71: (-0.97, -0.20, -0.16)
538.83: (-0.92, -0.17, -0.35)
538.95: (-0.96, 0.07, -0.27)
539.00: (-0.97, 0.13, -0.22)
539.00: (-0.59, 0.29, -0.76): 1
539.06: (-0.96, 0.18, -0.21)
539.18: (-0.95, 0.20, -0.24)
539.30: (-0.92, 0.23, -0.32)
539.41: (-0.81, 0.26, -0.52)
539.53: (-0.68, 0.22, -0.70)
539.65: (-0.60, 0.18, -0.78)
539.76: (-0.56, 0.16, -0.81)
539.88: (-0.59, 0.21, -0.78)
539.88: (-0.52, 0.01, -0.86): 0
539.88: (-0.59, 0.21, -0.78)
540.00: (-0.59, 0.22, -0.78)
540.11: (-0.50, 0.29, -0.81)
540.23: (-0.46, 0.27, -0.85)
540.33: (-0.46, 0.21, -0.86)
540.43: (-0.50, 0.05, -0.87)
540.43: (0.21, -0.59, 0.78): 2
540.45: (-0.50, 0.04, -0.87)
540.55: (-0.49, 0.02, -0.87)
540.66: (-0.48, 0.02, -0.88)
540.78: (-0.44, 0.00, -0.90)
540.90: (-0.31, -0.03, -0.95)
541.01: (-0.26, -0.03, -0.96)
541.13: (-0.25, -0.05, -0.97)
541.25: (-0.19, -0.10, -0.98)
541.36: (-0.17, -0.13, -0.98)
541.48: (-0.15, -0.15, -0.98)
541.60: (-0.12, -0.19, -0.97)
541.71: (-0.13, -0.20, -0.97)
541.81: (-0.13, -0.21, -0.97)
541.93: (-0.13, -0.21, -0.97)
542.05: (-0.13, -0.21, -0.97)
542.16: (-0.12, -0.24, -0.96)
542.26: (-0.05, -0.37, -0.93)
542.38: (0.22, -0.66, -0.72)
542.50: (0.39, -0.84, -0.38)
542.61: (0.59, -0.79, 0.17)
542.71: (0.69, -0.44, 0.58)
542.83: (0.63, -0.04, 0.77)
542.95: (0.52, 0.36, 0.78)
543.05: (0.66, 0.27, 0.70)
543.16: (0.66, 0.27, 0.70)
543.28: (0.60, -0.09, 0.79)
543.40: (0.37, -0.44, 0.82)
543.51: (0.19, -0.63, 0.76)
543.58: (0.18, -0.65, 0.74)
543.58: (-1.00, 0.03, -0.02): 2
543.63: (0.18, -0.65, 0.74)
543.75: (0.18, -0.61, 0.78)
543.86: (0.22, -0.50, 0.84)
543.98: (0.26, -0.45, 0.85)
544.10: (0.28, -0.26, 0.92)
544.20: (0.26, 0.29, 0.92)
544.31: (0.25, 0.80, 0.54)
544.43: (0.52, 0.84, 0.16)
544.55: (0.80, 0.59, -0.12)
544.65: (0.92, 0.31, -0.25)
544.76: (0.81, -0.11, -0.57)
544.86: (0.65, -0.34, -0.68)
544.98: (0.65, -0.34, -0.68)
545.10: (0.65, -0.34, -0.68)
545.20: (0.66, -0.33, -0.67)
545.31: (0.67, -0.49, -0.56)
545.43: (0.52, -0.80, -0.30)
545.55: (0.16, -0.97, -0.17)
545.66: (-0.19, -0.93, -0.31)
545.78: (-0.52, -0.67, -0.54)
545.90: (-0.72, -0.26, -0.65)
546.01: (-0.82, -0.08, -0.56)
546.13: (-0.73, 0.31, -0.60)
546.24: (-0.52, 0.54, -0.66)
546.36: (-0.42, 0.60, -0.68)
546.48: (-0.72, 0.49, -0.49)
546.58: (-0.95, 0.21, -0.24)
546.69: (-0.99, -0.03, -0.10)
546.71: (-1.00, -0.03, -0.09)
546.71: (0.66, -0.13, -0.74): 1
546.80: (-1.00, -0.03, -0.09)
546.91: (-1.00, -0.02, -0.09)
547.03: (-0.96, 0.24, -0.12)
547.13: (-0.81, 0.55, -0.17)
547.24: (-0.35, 0.86, -0.38)
547.36: (0.29, 0.75, -0.60)
547.48: (0.62, 0.36, -0.70)
547.58: (0.70, 0.00, -0.72)
547.69: (0.66, -0.40, -0.63)
547.81: (0.62, -0.50, -0.61)
547.91: (0.70, -0.32, -0.64)
547.99: (0.73, -0.17, -0.66)
547.99: (-0.95, 0.12, -0.29): 1
548.03: (0.73, -0.15, -0.66)
548.14: (0.71, -0.12, -0.70)
548.26: (0.63, -0.02, -0.77)
548.38: (0.46, -0.11, -0.88)
548.49: (0.39, -0.40, -0.83)
548.60: (0.32, -0.67, -0.67)
548.71: (0.18, -0.87, -0.47)
548.83: (0.01, -0.97, -0.23)
548.94: (-0.17, -0.98, -0.08)
549.06: (-0.43, -0.90, 0.02)
549.18: (-0.88, -0.48, -0.05)
549.29: (-0.98, 0.17, -0.13)
549.41: (-0.85, 0.52, 0.08)
549.51: (-0.78, 0.58, 0.24)
549.63: (-0.93, 0.37, 0.06)
549.71: (-0.96, 0.19, -0.21)
549.71: (0.19, -0.41, 0.89): 0
549.74: (-0.95, 0.13, -0.29)
549.86: (-0.94, 0.08, -0.34)
549.98: (-0.93, 0.08, -0.36)
550.09: (-0.86, 0.17, -0.48)
550.21: (-0.85, 0.36, -0.38)
550.33: (-0.82, 0.57, 0.07)
550.44: (-0.57, 0.68, 0.46)
550.56: (-0.34, 0.73, 0.60)
550.68: (-0.14, 0.80, 0.59)
550.78: (0.17, 0.86, 0.49)
550.89: (0.59, 0.79, 0.16)
551.01: (0.74, 0.60, -0.30)
551.13: (0.55, 0.65, -0.52)
551.23: (0.55, 0.65, -0.52)
551.34: (0.55, 0.65, -0.52)
551.44: (0.57, 0.64, -0.52)
551.56: (0.72, 0.51, -0.46)
551.68: (0.97, 0.06, -0.22)
551.79: (0.89, -0.45, 0.09)
551.89: (0.59, -0.79, 0.20)
552.01: (0.25, -0.96, 0.15)
552.13: (-0.03, -0.99, -0.14)
552.23: (-0.21, -0.81, -0.55)
552.33: (-0.17, -0.37, -0.91)
552.44: (0.14, 0.13, -0.98)
552.56: (0.48, 0.60, -0.64)
552.66: (0.52, 0.85, -0.04)
552.78: (0.53, 0.84, 0.12)
552.89: (0.53, 0.84, 0.12)
553.01: (0.53, 0.84, 0.12)
553.13: (0.43, 0.90, 0.01)
553.24: (0.11, 0.98, -0.18)
553.36: (-0.27, 0.88, -0.39)
553.48: (-0.63, 0.53, -0.57)
553.59: (-0.85, 0.09, -0.52)
553.71: (-0.93, -0.31, -0.19)
553.81: (-0.88, -0.43, 0.23)
553.93: (-0.65, -0.11, 0.75)
554.04: (-0.34, 0.29, 0.89)
554.16: (-0.23, 0.56, 0.80)
554.28: (-0.25, 0.59, 0.76)
554.39: (-0.35, 0.60, 0.72)
554.51: (-0.28, 0.25, 0.93)
554.63: (0.07, -0.40, 0.92)
554.73: (0.32, -0.57, 0.76)
554.84: (0.27, -0.48, 0.84)
554.96: (0.14, -0.42, 0.90)
555.03: (0.10, -0.40, 0.91)
555.03: (0.96, 0.28, 0.10): 2
555.08: (0.09, -0.40, 0.91)
555.18: (0.09, -0.40, 0.91)
555.29: (0.09, -0.40, 0.91)
555.41: (0.09, -0.40, 0.91)
555.51: (0.09, -0.40, 0.91)
555.63: (0.10, -0.39, 0.91)
555.74: (0.10, -0.39, 0.91)
555.86: (0.10, -0.39, 0.91)
555.96: (0.10, -0.39, 0.91)
556.08: (0.10, -0.39, 0.91)
556.18: (0.05, -0.38, 0.92)
556.28: (-0.08, -0.32, 0.94)
556.39: (-0.22, -0.24, 0.95)
556.49: (-0.23, -0.22, 0.95)
556.61: (-0.64, -0.08, 0.77)
556.73: (-0.92, 0.40, 0.05)
556.84: (-0.13, 0.89, -0.44)
556.96: (0.54, 0.58, -0.61)
557.08: (0.80, 0.17, -0.57)
557.19: (0.76, -0.33, -0.56)
557.31: (0.41, -0.64, -0.65)
557.43: (0.41, -0.64, -0.65)
557.54: (0.41, -0.64, -0.65)
557.66: (0.34, -0.55, -0.76)
557.78: (0.54, -0.41, -0.73)
557.89: (0.91, -0.19, -0.38)
557.99: (0.97, -0.10, -0.20)
558.11: (1.00, 0.01, -0.04)
558.23: (0.95, 0.29, 0.13)
558.28: (0.93, 0.33, 0.15)
558.28: (-0.94, 0.34, -0.05): 0
558.34: (0.93, 0.33, 0.15)
558.46: (0.97, 0.23, 0.02)
558.58: (0.97, 0.03, -0.24)
558.69: (0.68, -0.12, -0.72)
558.79: (0.16, 0.05, -0.99)
558.91: (-0.54, 0.25, -0.81)
559.03: (-0.98, -0.11, -0.17)
559.13: (-0.75, -0.63, 0.18)
559.24: (-0.01, -0.94, 0.35)
559.34: (-0.39, -0.86, 0.33)
559.46: (-0.84, -0.48, 0.25)
559.58: (-0.95, -0.23, 0.20)
559.69: (-1.00, 0.01, 0.03)
559.81: (-0.97, 0.22, -0.08)
559.91: (-0.94, 0.34, -0.10)
559.91: (0.96, -0.05, -0.29): 0
559.91: (-0.94, 0.34, -0.10)
560.03: (-0.92, 0.39, -0.09)
560.14: (-0.77, 0.61, -0.21)
560.26: (-0.37, 0.88, -0.30)
560.36: (0.01, 0.93, -0.38)
560.48: (-0.08, 0.88, -0.47)
560.59: (-0.08, 0.88, -0.47)
560.71: (-0.08, 0.88, -0.47)
560.83: (-0.07, 0.91, -0.42)
560.93: (0.01, 0.99, -0.13)
561.04: (0.12, 0.90, 0.42)
561.16: (0.36, 0.50, 0.79)
561.28: (0.69, 0.08, 0.72)
561.39: (0.98, -0.07, 0.19)
561.51: (0.97, 0.08, -0.23)
561.63: (0.83, 0.25, -0.50)
561.73: (0.86, 0.22, -0.46)
561.81: (0.96, 0.08, -0.25)
561.81: (-0.88, 0.33, 0.33): 0
561.84: (0.98, 0.03, -0.21)
561.96: (0.99, -0.07, -0.15)
562.08: (0.99, -0.06, -0.15)
562.19: (1.00, 0.01, 0.01)
562.31: (0.92, 0.34, 0.20)
562.43: (0.42, 0.73, 0.53)
562.54: (-0.40, 0.61, 0.68)
562.66: (-0.72, 0.07, 0.69)
562.78: (-0.63, -0.52, 0.57)
562.88: (-0.64, -0.52, 0.57)
562.99: (-0.89, 0.00, 0.45)
563.11: (-0.93, 0.31, 0.21)
563.16: (-0.91, 0.39, 0.16)
END