3/28/2023 1:09:42 PM
Mode: Default
White time (s): [0.949707, 0.9329224, 2.866394, 6.398788, 3.815674, 0.6166077, 1.616287, 4.099518, 2.149597, 1.883102, 4.548859, 1.149704, 0.4000244, 3.299347, 1.049744, 0.6997375, 1.649719, 3.216309, 1.483154, 1.116577, 0.499939, 1.016602, 1.083374, 1.71637, 1.099548, 3.015961, 0.8664856, 1.999817, 3.532501, 0.3829956]
Shot time (s): [1.366486, 1.099579, 0.7834015, 1.116425, 1.149765, 2.383072, 0.4996033, 1.149368, 1.883102, 0.4332733, 1.299927, 2.299515, 2.533035, 1.583099, 1.533356, 1.566635, 1.966171, 1.549286, 1.232788, 2.966125, 1.266571, 1.283112, 0.4497986, 1.049927, 2.532501, 0.9332275, 2.266022, 1.866425, 0.9833679, 0.5667114]
Step time (s): [0.4832764, 1.699554, 0.5665283, 3.832626, 1.116623, 2.13298, 2.066437, 0.5166168, 4.015854, 1.08287, 1.882767, 1.516052, 2.332794, 1.949234, 0.5664673, 0.5170288, 2.915802, 0.9333191, 2.315887, 1.883209, 1.74942, 2.816284, 1.432983, 1.699677, 2.766174, 3.932404, 1.699677, 2.34967, 2.366058, 0.4998474]
White horz (deg): [37.67501, 93.995, 434.5, 665.6094, 351.8898, 16.225, 111.54, 481.03, 196.68, 188.2099, 422.95, 172.81, 22.77, 315.7549, 133.54, 52.745, 160.6549, 279.9499, 133.21, 108.735, 42.295, 190.135, 146.96, 165.66, 134.42, 289.795, 64.02, 188.54, 271.8649, 13.75]
Shot horz (deg): [112.255, 242.55, 77.165, 116.93, 153.395, 293.4799, 14.575, 104.225, 215.27, 25.135, 137.6649, 233.255, 177.265, 85.745, 127.93, 165.44, 260.2599, 110.66, 179.41, 284.02, 32.175, 110.22, 27.5, 138.325, 278.4649, 84.975, 179.74, 204.5449, 60.115, 31.9]
Step horz (deg): [29.92, 289.1899, 21.725, 540.1001, 132.385, 204.4349, 172.755, 13.97, 440.4947, 91.19, 136.015, 90.52999, 190.575, 101.75, 53.79, 34.045, 336.5998, 58.96, 189.5299, 138.82, 160.325, 315.865, 116.38, 194.81, 241.835, 280.6099, 93.60999, 199.98, 136.95, 40.81]
White vert (deg): [43.89001, 23.43, 178.97, 507.9252, 274.945, 50.105, 62.15, 329.1751, 74.63501, 128.81, 204.4348, 60.05999, 15.785, 146.795, 61.71001, 24.86, 95.04, 291.39, 113.245, 30.415, 26.29, 36.08, 24.145, 80.74001, 47.575, 164.505, 43.89, 112.86, 289.0799, 5.059999]
Shot vert (deg): [54.945, 39.16, 32.175, 29.865, 39.05, 232.815, 6.104999, 68.695, 51.645, 8.03, 50.6, 119.9, 125.29, 91.35499, 76.50504, 34.705, 74.57999, 112.97, 70.95001, 157.135, 98.56, 54.01, 25.52, 38.82999, 223.52, 52.74499, 145.42, 70.23501, 51.15, 29.315]
Step vert (deg): [25.96, 72.16, 25.245, 235.3449, 29.58999, 97.57001, 87.22999, 23.485, 250.9649, 24.42, 124.74, 35.25499, 117.425, 37.895, 32.45, 22.55, 201.19, 83.48999, 199.43, 98.72503, 92.015, 146.96, 78.1, 42.07502, 214.005, 330.77, 88.05499, 104.335, 160.6, 31.295]

Time in sec: camera forward versor
Time in sec: target versor: sound type (0 = White, 1 = Shot, 2 = Step)
START
164.70: (0.93, -0.30, 0.23): 1
164.70: (-0.06, -0.01, 1.00)
164.80: (-0.06, -0.01, 1.00)
164.90: (-0.06, -0.01, 1.00)
165.00: (-0.07, -0.02, 1.00)
165.12: (-0.35, -0.11, 0.93)
165.24: (-0.31, -0.11, 0.94)
165.35: (0.38, -0.27, 0.88)
165.47: (0.69, -0.51, 0.51)
165.57: (0.69, -0.47, 0.55)
165.69: (0.69, -0.47, 0.55)
165.80: (0.70, -0.47, 0.53)
165.90: (0.88, -0.40, 0.27)
166.02: (0.94, -0.30, 0.15)
166.07: (0.94, -0.29, 0.19)
166.07: (0.81, -0.37, -0.46): 0
166.14: (0.92, -0.28, 0.28)
166.25: (0.90, -0.30, 0.31)
166.35: (0.91, -0.30, 0.28)
166.45: (0.95, -0.32, 0.00)
166.57: (0.92, -0.30, -0.25)
166.67: (0.92, -0.30, -0.26)
166.79: (0.82, -0.41, -0.40)
166.90: (0.79, -0.42, -0.44)
167.02: (0.82, -0.37, -0.44)
167.02: (-0.12, -0.65, 0.75): 1
167.02: (0.82, -0.37, -0.44)
167.14: (0.82, -0.37, -0.45)
167.25: (0.81, -0.36, -0.46)
167.37: (0.74, 0.10, -0.66)
167.49: (0.75, 0.11, -0.65)
167.59: (0.56, -0.81, 0.17)
167.70: (-0.47, -0.47, 0.75)
167.82: (-0.54, -0.37, 0.76)
167.94: (-0.54, -0.37, 0.76)
168.05: (-0.41, -0.53, 0.74)
168.12: (-0.25, -0.64, 0.73)
168.12: (0.67, -0.53, 0.53): 1
168.17: (-0.17, -0.69, 0.71)
168.29: (-0.17, -0.68, 0.71)
168.39: (-0.15, -0.65, 0.74)
168.50: (-0.19, -0.61, 0.77)
168.62: (0.02, -0.68, 0.74)
168.74: (0.63, -0.64, 0.44)
168.84: (0.71, -0.60, 0.37)
168.90: (0.63, -0.63, 0.46)
168.90: (0.80, -0.05, -0.60): 0
168.95: (0.51, -0.65, 0.56)
169.07: (0.43, -0.64, 0.64)
169.17: (0.43, -0.64, 0.64)
169.29: (0.49, -0.63, 0.60)
169.40: (0.79, -0.56, 0.24)
169.52: (0.91, -0.41, -0.12)
169.64: (0.91, -0.41, -0.12)
169.75: (0.89, -0.27, -0.36)
169.84: (0.85, -0.19, -0.49)
169.84: (0.53, -0.36, -0.77): 2
169.87: (0.82, -0.13, -0.56)
169.99: (0.77, -0.04, -0.64)
170.09: (0.81, -0.11, -0.57)
170.20: (0.67, -0.25, -0.70)
170.32: (0.57, -0.33, -0.75)
170.32: (-0.60, 0.76, -0.26): 1
170.32: (0.57, -0.33, -0.75)
170.42: (0.57, -0.33, -0.75)
170.54: (0.35, -0.20, -0.91)
170.65: (0.13, 0.00, -0.99)
170.77: (-0.18, 0.36, -0.92)
170.89: (-0.44, 0.69, -0.58)
171.00: (-0.44, 0.69, -0.58)
171.12: (-0.53, 0.69, -0.49)
171.24: (-0.60, 0.73, -0.34)
171.35: (-0.64, 0.74, -0.21)
171.44: (-0.64, 0.75, -0.20)
171.44: (0.56, 0.80, 0.23): 0
171.45: (-0.64, 0.75, -0.20)
171.57: (-0.64, 0.75, -0.20)
171.69: (-0.65, 0.74, -0.19)
171.80: (-0.71, 0.70, -0.01)
171.92: (-0.74, 0.53, 0.42)
172.04: (-0.78, 0.16, 0.61)
172.15: (-0.44, -0.32, 0.84)
172.27: (-0.51, -0.18, 0.84)
172.37: (-0.60, -0.12, 0.79)
172.49: (-0.94, 0.18, 0.29)
172.60: (-0.88, 0.24, -0.41)
172.70: (-0.67, 0.08, -0.74)
172.80: (-0.18, 0.08, -0.98)
172.92: (0.16, 0.25, -0.95)
173.02: (0.16, 0.25, -0.95)
173.14: (-0.03, 0.29, -0.96)
173.25: (0.64, 0.38, -0.67)
173.37: (0.85, 0.39, -0.36)
173.49: (0.93, 0.33, -0.15)
173.60: (0.88, 0.01, 0.48)
173.70: (0.83, 0.12, 0.55)
173.82: (0.82, 0.55, 0.16)
173.92: (0.79, 0.61, 0.05)
174.04: (0.79, 0.61, 0.04)
174.15: (0.72, 0.68, 0.11)
174.27: (0.65, 0.74, 0.15)
174.30: (0.63, 0.76, 0.16)
174.30: (0.98, -0.07, -0.18): 2
174.37: (0.61, 0.78, 0.17)
174.49: (0.60, 0.78, 0.18)
174.59: (0.60, 0.78, 0.18)
174.70: (0.61, 0.74, 0.29)
174.82: (0.53, 0.66, 0.52)
174.94: (0.52, 0.63, 0.58)
175.05: (0.66, 0.73, 0.18)
175.17: (0.75, 0.41, -0.52)
175.27: (0.54, -0.15, -0.83)
175.39: (0.20, -0.39, -0.90)
175.50: (0.44, -0.30, -0.84)
175.60: (0.95, 0.04, -0.31)
175.72: (0.93, 0.25, 0.25)
175.84: (0.98, 0.18, 0.02)
175.95: (0.96, 0.01, -0.29)
176.00: (0.96, 0.00, -0.29)
176.00: (0.10, -0.02, -0.99): 1
176.07: (0.96, 0.00, -0.29)
176.17: (0.96, 0.00, -0.29)
176.27: (0.96, 0.00, -0.29)
176.39: (0.95, 0.00, -0.31)
176.50: (0.94, -0.03, -0.34)
176.60: (0.66, -0.26, -0.71)
176.72: (-0.19, -0.54, -0.82)
176.84: (-0.43, -0.60, -0.68)
176.95: (-0.49, -0.49, -0.72)
177.05: (-0.03, -0.20, -0.98)
177.15: (0.11, -0.12, -0.99)
177.15: (0.37, 0.46, -0.80): 2
177.17: (0.11, -0.12, -0.99)
177.28: (0.12, -0.15, -0.98)
177.39: (0.10, -0.15, -0.98)
177.50: (0.19, -0.08, -0.98)
177.62: (0.37, 0.16, -0.91)
177.72: (0.34, 0.29, -0.89)
177.72: (-0.62, 0.76, 0.22): 0
177.73: (0.34, 0.29, -0.89)
177.83: (0.32, 0.33, -0.89)
177.95: (0.32, 0.41, -0.85)
178.05: (0.33, 0.43, -0.84)
178.17: (0.09, 0.50, -0.86)
178.28: (-0.42, 0.39, -0.82)
178.40: (-0.60, 0.32, -0.73)
178.50: (-0.60, 0.32, -0.73)
178.60: (-0.53, 0.30, -0.79)
178.72: (-0.55, 0.06, -0.83)
178.83: (-0.59, -0.22, -0.78)
178.95: (-0.62, -0.47, -0.62)
179.05: (-0.66, -0.66, -0.34)
179.17: (-0.68, -0.73, 0.07)
179.28: (-0.66, -0.73, 0.16)
179.40: (-0.54, -0.34, 0.77)
179.52: (-0.57, -0.15, 0.80)
179.63: (-0.59, -0.16, 0.79)
179.73: (-0.60, -0.19, 0.77)
179.83: (-0.39, -0.13, 0.91)
179.95: (-0.13, 0.04, 0.99)
180.07: (0.18, 0.37, 0.91)
180.18: (0.22, 0.37, 0.90)
180.30: (0.21, 0.16, 0.96)
180.42: (0.18, 0.15, 0.97)
180.53: (0.20, 0.05, 0.98)
180.65: (0.19, -0.54, 0.82)
180.77: (-0.07, -0.83, 0.55)
180.88: (-0.27, -0.92, 0.30)
180.98: (-0.37, -0.92, 0.14)
181.08: (-0.66, -0.71, -0.23)
181.20: (-0.81, -0.35, -0.47)
181.30: (-0.83, -0.38, -0.41)
181.42: (-0.82, -0.45, -0.36)
181.53: (-0.69, 0.32, -0.64)
181.65: (-0.28, 0.75, -0.60)
181.77: (-0.10, 0.86, -0.50)
181.88: (0.23, 0.93, -0.29)
181.98: (0.38, 0.91, -0.17)
182.10: (0.37, 0.91, -0.16)
182.22: (0.34, 0.92, -0.19)
182.33: (0.51, 0.83, -0.20)
182.45: (0.53, 0.60, -0.60)
182.57: (0.61, 0.24, -0.76)
182.67: (0.67, -0.02, -0.75)
182.78: (0.70, -0.29, -0.66)
182.90: (0.64, -0.55, -0.54)
183.02: (0.64, -0.55, -0.53)
183.12: (0.68, -0.27, -0.69)
183.23: (0.53, 0.32, -0.79)
183.35: (0.08, 0.54, -0.84)
183.47: (-0.55, 0.49, -0.68)
183.58: (-0.67, 0.60, -0.43)
183.68: (-0.67, 0.60, -0.43)
183.78: (-0.63, 0.65, -0.43)
183.90: (-0.72, 0.70, -0.01)
184.02: (-0.70, 0.64, 0.32)
184.12: (-0.69, 0.64, 0.32)
184.12: (-0.37, -0.39, 0.84): 0
184.13: (-0.69, 0.64, 0.32)
184.25: (-0.70, 0.66, 0.27)
184.37: (-0.70, 0.67, 0.24)
184.48: (-0.71, 0.67, 0.21)
184.58: (-0.83, 0.56, 0.06)
184.70: (-0.97, 0.14, -0.19)
184.82: (-0.79, -0.58, -0.18)
184.93: (-0.75, -0.65, -0.14)
185.03: (-0.82, -0.56, -0.12)
185.15: (-0.82, -0.56, -0.12)
185.27: (-0.76, -0.63, -0.17)
185.37: (-0.42, -0.77, -0.49)
185.48: (0.21, -0.92, -0.33)
185.60: (0.24, -0.97, -0.06)
185.72: (0.23, -0.97, -0.06)
185.83: (0.27, -0.96, -0.04)
185.95: (0.62, -0.77, -0.19)
186.07: (0.89, -0.36, 0.30)
186.18: (0.80, -0.36, 0.47)
186.28: (0.80, -0.36, 0.47)
186.40: (0.80, -0.36, 0.47)
186.52: (0.87, -0.28, 0.41)
186.63: (0.97, 0.07, 0.22)
186.73: (0.80, 0.56, 0.24)
186.85: (0.39, 0.76, 0.53)
186.97: (-0.02, 0.63, 0.78)
187.07: (-0.46, 0.33, 0.83)
187.18: (-0.56, 0.06, 0.82)
187.30: (-0.56, 0.06, 0.82)
187.42: (-0.56, 0.06, 0.82)
187.53: (-0.60, 0.03, 0.80)
187.65: (-0.58, -0.09, 0.81)
187.77: (-0.43, -0.32, 0.84)
187.88: (-0.36, -0.35, 0.86)
187.93: (-0.35, -0.36, 0.87)
187.93: (-0.34, 0.91, -0.23): 1
187.98: (-0.35, -0.36, 0.87)
188.10: (-0.35, -0.36, 0.87)
188.22: (-0.37, -0.34, 0.86)
188.32: (-0.38, -0.33, 0.86)
188.43: (-0.40, -0.26, 0.88)
188.55: (-0.03, 0.42, 0.91)
188.67: (0.20, 0.89, 0.41)
188.77: (0.42, 0.90, -0.10)
188.88: (0.64, 0.49, -0.59)
189.00: (0.62, -0.05, -0.78)
189.12: (0.63, -0.03, -0.77)
189.22: (0.63, -0.03, -0.77)
189.33: (0.66, 0.06, -0.75)
189.45: (0.79, 0.14, -0.59)
189.55: (0.98, 0.12, -0.18)
189.67: (0.99, 0.10, 0.03)
189.77: (0.96, 0.25, -0.11)
189.87: (0.66, 0.61, -0.45)
189.98: (-0.07, 0.80, -0.60)
190.10: (-0.48, 0.78, -0.40)
190.22: (-0.45, 0.84, -0.31)
190.32: (-0.31, 0.90, -0.30)
190.32: (-0.75, 0.48, -0.45): 0
190.33: (-0.29, 0.91, -0.29)
190.45: (-0.29, 0.92, -0.26)
190.55: (-0.28, 0.93, -0.24)
190.67: (-0.31, 0.88, -0.36)
190.77: (-0.48, 0.69, -0.54)
190.88: (-0.71, 0.40, -0.58)
190.93: (-0.73, 0.38, -0.57)
190.93: (0.77, 0.63, 0.12): 2
191.00: (-0.72, 0.45, -0.53)
191.12: (-0.71, 0.54, -0.44)
191.23: (-0.64, 0.59, -0.49)
191.33: (-0.46, 0.61, -0.65)
191.45: (0.00, 0.43, -0.91)
191.57: (0.39, 0.23, -0.89)
191.68: (0.82, -0.11, -0.57)
191.78: (0.93, -0.22, -0.29)
191.90: (0.95, -0.32, -0.05)
192.02: (0.74, -0.60, 0.32)
192.13: (0.37, -0.71, 0.59)
192.23: (0.50, -0.68, 0.53)
192.35: (0.96, -0.24, -0.15)
192.47: (0.65, -0.02, -0.76)
192.58: (0.06, -0.18, -0.98)
192.70: (-0.21, -0.19, -0.96)
192.82: (-0.47, 0.12, -0.87)
192.92: (-0.65, 0.26, -0.71)
193.03: (-0.59, 0.26, -0.77)
193.13: (-0.59, 0.26, -0.77)
193.25: (-0.58, 0.26, -0.77)
193.37: (-0.46, 0.15, -0.88)
193.48: (-0.65, 0.17, -0.74)
193.60: (-0.84, 0.36, -0.41)
193.72: (-0.85, 0.53, -0.01)
193.83: (-0.67, 0.63, 0.39)
193.95: (-0.43, 0.70, 0.57)
194.05: (-0.31, 0.76, 0.58)
194.17: (-0.14, 0.76, 0.64)
194.28: (0.14, 0.75, 0.64)
194.40: (0.37, 0.80, 0.47)
194.52: (0.57, 0.80, 0.16)
194.63: (0.62, 0.78, 0.12)
194.75: (0.69, 0.71, 0.15)
194.77: (0.70, 0.70, 0.15)
194.77: (-1.00, 0.05, 0.00): 2
194.85: (0.72, 0.68, 0.14)
194.96: (0.72, 0.68, 0.13)
195.06: (0.59, 0.80, 0.15)
195.18: (0.31, 0.93, 0.18)
195.30: (0.26, 0.95, 0.19)
195.40: (0.12, 0.97, 0.20)
195.51: (-0.28, 0.94, 0.18)
195.63: (-0.83, 0.56, 0.05)
195.73: (-0.95, 0.32, 0.06)
195.85: (-1.00, 0.04, 0.07)
195.88: (-1.00, 0.04, 0.07)
195.88: (-1.00, 0.02, 0.03): 1
195.96: (-1.00, 0.04, 0.07)
196.08: (-0.98, 0.19, 0.06)
196.20: (-0.98, 0.20, 0.06)
196.31: (-0.99, 0.10, 0.06)
196.38: (-0.99, 0.09, 0.06)
196.38: (-0.48, 0.84, -0.23): 2
196.43: (-1.00, 0.06, 0.05)
196.53: (-1.00, 0.05, 0.04)
196.65: (-1.00, 0.05, 0.04)
196.76: (-1.00, -0.01, 0.03)
196.86: (-1.00, -0.03, 0.03)
196.98: (-1.00, -0.03, 0.03)
197.08: (-1.00, -0.01, 0.04)
197.20: (-0.85, 0.45, 0.27)
197.31: (-0.33, 0.76, 0.57)
197.43: (0.22, 0.77, 0.60)
197.55: (0.47, 0.78, 0.41)
197.66: (0.39, 0.87, 0.30)
197.76: (0.39, 0.87, 0.31)
197.88: (0.06, 0.87, 0.48)
198.00: (0.06, 0.96, 0.27)
198.10: (-0.02, 1.00, -0.02)
198.21: (-0.01, 1.00, -0.04)
198.33: (0.07, 0.99, -0.11)
198.43: (-0.26, 0.96, -0.10)
198.51: (-0.50, 0.84, -0.20)
198.51: (0.64, -0.72, -0.26): 2
198.55: (-0.52, 0.83, -0.20)
198.66: (-0.51, 0.84, -0.18)
198.78: (-0.44, 0.87, -0.21)
198.90: (-0.44, 0.88, -0.18)
199.01: (-0.43, 0.89, -0.14)
199.13: (-0.42, 0.90, -0.13)
199.25: (-0.42, 0.90, -0.10)
199.36: (-0.42, 0.90, -0.10)
199.46: (-0.23, 0.97, 0.03)
199.58: (0.36, 0.93, 0.08)
199.70: (0.79, 0.62, 0.00)
199.81: (0.94, 0.32, -0.09)
199.93: (0.98, 0.00, -0.18)
200.05: (0.73, -0.57, -0.38)
200.16: (0.67, -0.56, -0.49)
200.28: (0.72, -0.50, -0.49)
200.38: (0.74, -0.55, -0.39)
200.48: (0.70, -0.66, -0.28)
200.58: (0.67, -0.69, -0.28)
200.58: (-0.31, -0.90, 0.29): 0
200.60: (0.67, -0.69, -0.28)
200.71: (0.67, -0.69, -0.29)
200.83: (0.67, -0.68, -0.31)
200.95: (0.68, -0.66, -0.32)
201.06: (0.68, -0.66, -0.32)
201.18: (0.31, -0.84, -0.45)
201.28: (0.13, -0.86, -0.50)
201.40: (0.13, -0.86, -0.50)
201.51: (0.21, -0.83, -0.52)
201.63: (0.17, -0.96, -0.24)
201.75: (-0.16, -0.98, 0.13)
201.86: (-0.56, -0.79, 0.25)
201.98: (-0.56, -0.79, 0.25)
202.10: (-0.37, -0.89, 0.26)
202.20: (-0.25, -0.94, 0.25)
202.20: (0.00, -0.73, 0.68): 2
202.21: (-0.24, -0.94, 0.25)
202.31: (-0.25, -0.94, 0.25)
202.43: (-0.25, -0.94, 0.24)
202.53: (-0.15, -0.93, 0.34)
202.65: (-0.02, -0.83, 0.56)
202.71: (-0.01, -0.80, 0.60)
202.71: (-0.83, -0.28, -0.48): 1
202.76: (-0.01, -0.80, 0.60)
202.88: (0.01, -0.80, 0.60)
203.00: (0.11, -0.78, 0.61)
203.11: (0.13, -0.81, 0.57)
203.23: (-0.20, -0.89, 0.41)
203.35: (-0.91, -0.40, 0.06)
203.46: (-0.96, -0.28, 0.05)
203.56: (-0.98, -0.19, 0.09)
203.68: (-0.95, -0.27, -0.13)
203.80: (-0.87, -0.26, -0.41)
203.86: (-0.85, -0.29, -0.45)
203.86: (0.64, -0.54, -0.54): 0
203.91: (-0.85, -0.29, -0.45)
204.03: (-0.84, -0.29, -0.45)
204.15: (-0.84, -0.34, -0.42)
204.26: (-0.79, -0.53, -0.31)
204.38: (-0.64, -0.77, -0.05)
204.48: (-0.21, -0.92, 0.32)
204.58: (0.10, -0.83, 0.55)
204.70: (0.27, -0.67, 0.69)
204.80: (0.69, -0.32, 0.65)
204.91: (0.80, -0.11, 0.60)
205.03: (0.80, -0.14, 0.59)
205.13: (0.80, -0.14, 0.59)
205.25: (0.73, -0.24, 0.64)
205.36: (0.93, 0.06, 0.37)
205.48: (1.00, 0.03, 0.05)
205.60: (0.85, 0.25, -0.46)
205.71: (0.83, 0.27, -0.49)
205.83: (0.49, 0.53, -0.69)
205.95: (0.45, 0.55, -0.70)
206.05: (0.53, 0.51, -0.68)
206.16: (0.94, 0.26, -0.23)
206.28: (0.94, 0.20, 0.27)
206.38: (0.73, 0.20, 0.65)
206.48: (0.52, 0.17, 0.84)
206.60: (0.21, 0.33, 0.92)
206.70: (0.01, 0.44, 0.90)
206.81: (0.16, 0.38, 0.91)
206.93: (0.70, 0.17, 0.69)
207.05: (0.99, 0.09, 0.08)
207.16: (0.95, 0.23, -0.20)
207.28: (0.82, 0.38, -0.42)
207.40: (0.64, 0.40, -0.65)
207.50: (0.47, 0.32, -0.82)
207.60: (0.51, 0.19, -0.84)
207.71: (0.62, -0.06, -0.78)
207.83: (0.74, -0.23, -0.63)
207.93: (0.73, -0.32, -0.60)
207.96: (0.72, -0.37, -0.59)
207.96: (-0.91, -0.17, -0.37): 2
208.05: (0.60, -0.58, -0.55)
208.16: (0.60, -0.59, -0.54)
208.26: (0.60, -0.59, -0.54)
208.38: (0.61, -0.57, -0.54)
208.50: (0.61, -0.57, -0.54)
208.60: (0.62, -0.53, -0.58)
208.70: (0.42, -0.08, -0.90)
208.81: (-0.04, 0.61, -0.79)
208.91: (-0.13, 0.79, -0.60)
209.03: (-0.04, 0.75, -0.66)
209.13: (-0.04, 0.75, -0.66)
209.23: (-0.01, 0.74, -0.67)
209.35: (-0.21, 0.79, -0.58)
209.46: (-0.62, 0.77, -0.16)
209.58: (-0.77, 0.59, 0.25)
209.70: (-0.63, 0.69, 0.36)
209.81: (-0.35, 0.80, 0.48)
209.91: (-0.04, 0.79, 0.61)
210.03: (0.38, 0.55, 0.74)
210.13: (0.37, 0.64, 0.68)
210.23: (0.37, 0.65, 0.67)
210.35: (0.44, 0.64, 0.63)
210.46: (0.58, 0.25, 0.78)
210.56: (0.55, -0.03, 0.84)
210.68: (0.42, -0.40, 0.82)
210.80: (0.13, -0.75, 0.65)
210.90: (-0.11, -0.89, 0.44)
211.01: (-0.31, -0.93, 0.21)
211.13: (-0.23, -0.95, 0.22)
211.24: (-0.04, -1.00, 0.00)
211.34: (0.04, -0.98, -0.20)
211.45: (-0.27, -0.83, -0.49)
211.56: (-0.69, -0.32, -0.65)
211.68: (-0.78, -0.20, -0.59)
211.79: (-0.78, -0.20, -0.59)
211.91: (-0.78, -0.30, -0.55)
211.98: (-0.85, -0.27, -0.45)
211.98: (-0.81, 0.55, -0.21): 2
212.01: (-0.88, -0.26, -0.39)
212.13: (-0.92, -0.23, -0.33)
212.24: (-0.93, -0.08, -0.36)
212.36: (-0.92, 0.19, -0.35)
212.46: (-0.79, 0.55, -0.26)
212.58: (-0.69, 0.70, -0.19)
212.69: (-0.80, 0.55, -0.24)
212.79: (-0.89, 0.36, -0.28)
212.91: (-0.89, 0.36, -0.27)
213.03: (-0.86, 0.44, -0.25)
213.06: (-0.86, 0.45, -0.25)
213.06: (0.50, -0.53, 0.68): 0
213.14: (-0.84, 0.49, -0.24)
213.26: (-0.83, 0.50, -0.24)
213.36: (-0.83, 0.51, -0.24)
213.46: (-0.81, 0.52, -0.27)
213.58: (-0.80, 0.48, -0.36)
213.68: (-0.79, 0.46, -0.41)
213.78: (-0.78, 0.44, -0.45)
213.89: (-0.78, 0.15, -0.60)
213.99: (-0.64, -0.39, -0.66)
214.11: (-0.53, -0.58, -0.62)
214.23: (-0.39, -0.82, -0.42)
214.33: (-0.19, -0.98, -0.02)
214.44: (-0.25, -0.97, 0.03)
214.56: (-0.25, -0.97, 0.03)
214.68: (-0.23, -0.97, -0.01)
214.79: (0.09, -0.98, 0.15)
214.91: (0.46, -0.81, 0.37)
215.01: (0.61, -0.60, 0.51)
215.13: (0.57, -0.51, 0.64)
215.21: (0.44, -0.47, 0.77)
215.21: (-0.96, -0.06, -0.29): 1
215.24: (0.43, -0.46, 0.78)
215.36: (0.43, -0.46, 0.78)
215.48: (0.43, -0.48, 0.76)
215.59: (0.42, -0.56, 0.72)
215.71: (0.39, -0.61, 0.69)
215.81: (0.33, -0.68, 0.65)
215.91: (0.06, -0.94, 0.34)
216.03: (-0.36, -0.85, -0.39)
216.14: (-0.49, -0.59, -0.64)
216.26: (-0.49, -0.59, -0.64)
216.36: (-0.49, -0.59, -0.64)
216.46: (-0.48, -0.63, -0.61)
216.58: (-0.58, -0.37, -0.72)
216.69: (-0.60, 0.15, -0.78)
216.81: (-0.66, 0.43, -0.61)
216.93: (-0.83, 0.29, -0.48)
217.04: (-0.92, 0.00, -0.40)
217.09: (-0.93, -0.03, -0.38)
217.09: (-0.87, 0.43, -0.23): 1
217.16: (-0.93, -0.05, -0.36)
217.28: (-0.95, -0.06, -0.31)
217.39: (-0.95, 0.06, -0.32)
217.49: (-0.88, 0.34, -0.34)
217.53: (-0.88, 0.34, -0.34)
217.53: (0.75, -0.28, -0.59): 2
217.61: (-0.87, 0.35, -0.34)
217.73: (-0.86, 0.37, -0.34)
217.83: (-0.81, 0.49, -0.33)
217.94: (-0.73, 0.59, -0.35)
218.06: (-0.57, 0.71, -0.41)
218.18: (-0.30, 0.80, -0.52)
218.29: (-0.04, 0.73, -0.69)
218.41: (0.31, 0.57, -0.76)
218.53: (0.57, 0.47, -0.67)
218.64: (0.73, 0.42, -0.54)
218.76: (0.93, 0.31, -0.20)
218.88: (0.92, 0.34, -0.18)
218.99: (0.92, 0.34, -0.18)
219.09: (0.89, 0.34, -0.31)
219.21: (0.89, 0.13, -0.44)
219.33: (0.78, -0.14, -0.61)
219.41: (0.76, -0.19, -0.62)
219.41: (-0.09, 0.72, 0.69): 1
219.44: (0.76, -0.18, -0.62)
219.54: (0.76, -0.18, -0.62)
219.66: (0.80, -0.19, -0.57)
219.78: (0.85, -0.18, -0.49)
219.88: (0.92, -0.15, -0.37)
219.99: (1.00, -0.08, 0.00)
220.11: (0.78, 0.00, 0.62)
220.23: (0.25, 0.16, 0.96)
220.34: (0.11, 0.38, 0.92)
220.44: (0.01, 0.51, 0.86)
220.56: (-0.01, 0.63, 0.77)
220.68: (-0.03, 0.77, 0.64)
220.71: (-0.04, 0.77, 0.63)
220.71: (-0.77, -0.21, 0.61): 1
220.79: (-0.05, 0.77, 0.63)
220.91: (-0.05, 0.77, 0.63)
221.03: (0.15, 0.74, 0.66)
221.14: (0.22, 0.66, 0.71)
221.26: (-0.02, 0.67, 0.74)
221.38: (-0.86, 0.38, 0.35)
221.48: (-0.91, 0.39, 0.12)
221.59: (-0.90, 0.36, -0.25)
221.71: (-0.85, 0.15, -0.50)
221.83: (-0.82, 0.00, -0.57)
221.94: (-0.83, 0.08, -0.55)
222.06: (-0.83, 0.08, -0.55)
222.16: (-0.85, 0.15, -0.51)
222.28: (-0.86, -0.07, -0.50)
222.38: (-0.86, -0.27, -0.42)
222.48: (-0.81, -0.50, -0.31)
222.59: (-0.81, -0.56, -0.17)
222.69: (-0.90, -0.44, 0.02)
222.81: (-0.86, -0.13, 0.49)
222.93: (-0.76, -0.09, 0.65)
223.01: (-0.76, -0.17, 0.63)
223.01: (0.83, -0.53, 0.17): 0
223.03: (-0.76, -0.21, 0.61)
223.14: (-0.76, -0.30, 0.57)
223.26: (-0.78, -0.31, 0.55)
223.38: (-0.82, -0.36, 0.44)
223.48: (-0.86, -0.50, 0.10)
223.59: (-0.57, -0.69, -0.45)
223.69: (-0.11, -0.70, -0.71)
223.81: (0.15, -0.57, -0.81)
223.93: (0.32, -0.30, -0.90)
224.04: (0.57, -0.17, -0.80)
224.16: (0.80, -0.02, -0.60)
224.26: (0.88, 0.02, -0.47)
224.38: (0.92, 0.07, -0.38)
224.48: (0.98, -0.03, -0.21)
224.58: (0.96, -0.28, -0.03)
224.69: (0.87, -0.49, 0.01)
224.79: (0.81, -0.58, 0.04)
224.89: (0.81, -0.58, 0.07)
224.89: (-0.75, -0.63, 0.17): 0
224.91: (0.82, -0.57, 0.07)
225.01: (0.83, -0.55, 0.10)
225.13: (0.85, -0.51, 0.10)
225.23: (0.84, -0.51, -0.15)
225.34: (0.84, -0.51, -0.15)
225.46: (0.84, -0.52, -0.15)
225.58: (0.86, -0.46, 0.21)
225.69: (0.76, -0.64, 0.14)
225.79: (0.53, -0.84, -0.12)
225.91: (0.24, -0.87, -0.44)
226.01: (0.13, -0.84, -0.52)
226.13: (0.08, -0.65, -0.76)
226.24: (0.15, -0.64, -0.76)
226.36: (0.15, -0.64, -0.76)
226.46: (0.14, -0.65, -0.74)
226.56: (0.04, -0.67, -0.74)
226.68: (-0.06, -0.56, -0.83)
226.78: (-0.08, -0.27, -0.96)
226.89: (-0.09, 0.02, -1.00)
227.01: (0.03, 0.22, -0.97)
227.13: (0.14, 0.58, -0.81)
227.24: (0.15, 0.81, -0.56)
227.36: (0.18, 0.76, -0.63)
227.48: (0.18, 0.74, -0.65)
227.59: (0.15, 0.67, -0.73)
227.69: (0.22, 0.74, -0.64)
227.81: (0.32, 0.88, -0.36)
227.93: (0.39, 0.91, -0.15)
228.04: (0.46, 0.88, 0.08)
228.16: (0.32, 0.90, 0.29)
228.26: (0.17, 0.88, 0.44)
228.38: (0.00, 0.81, 0.59)
228.49: (-0.25, 0.67, 0.70)
228.61: (-0.39, 0.66, 0.64)
228.73: (-0.68, 0.44, 0.59)
228.84: (-0.86, 0.08, 0.50)
228.96: (-0.86, -0.08, 0.51)
229.07: (-0.84, 0.00, 0.54)
229.17: (-0.84, 0.04, 0.54)
229.29: (-0.89, -0.06, 0.45)
229.41: (-0.82, -0.54, 0.20)
229.44: (-0.78, -0.61, 0.16)
229.44: (0.99, -0.12, -0.09): 1
229.52: (-0.78, -0.60, 0.17)
229.64: (-0.79, -0.59, 0.18)
229.76: (-0.80, -0.56, 0.21)
229.87: (-0.81, -0.55, 0.21)
229.97: (-0.81, -0.55, 0.21)
230.09: (-0.81, -0.54, 0.21)
230.19: (-0.81, -0.54, 0.21)
230.31: (-0.85, -0.50, 0.17)
230.42: (-0.88, -0.47, 0.11)
230.54: (-0.70, -0.67, -0.24)
230.64: (-0.26, -0.66, -0.71)
230.76: (-0.04, -0.48, -0.88)
230.87: (-0.13, -0.56, -0.82)
230.97: (-0.12, -0.63, -0.77)
231.09: (-0.13, -0.63, -0.76)
231.21: (-0.14, -0.63, -0.76)
231.31: (-0.11, -0.60, -0.79)
231.42: (0.00, -0.44, -0.90)
231.54: (0.43, -0.20, -0.88)
231.66: (0.77, -0.02, -0.64)
231.77: (0.89, 0.06, -0.44)
231.87: (0.98, 0.01, -0.21)
231.97: (0.97, -0.24, -0.07)
231.97: (0.09, -0.36, 0.93): 2
231.99: (0.96, -0.26, -0.06)
232.11: (0.96, -0.28, -0.04)
232.22: (0.96, -0.25, -0.10)
232.34: (0.96, -0.25, -0.10)
232.46: (0.96, -0.25, -0.10)
232.57: (0.96, -0.25, -0.09)
232.69: (0.96, -0.25, -0.09)
232.79: (0.95, -0.15, 0.27)
232.91: (0.68, -0.01, 0.73)
233.02: (0.62, -0.10, 0.78)
233.14: (0.62, -0.10, 0.78)
233.26: (0.63, -0.09, 0.77)
233.37: (0.46, -0.10, 0.88)
233.49: (0.20, -0.25, 0.95)
233.49: (0.87, 0.35, 0.34): 0
233.49: (0.20, -0.25, 0.95)
233.61: (0.11, -0.35, 0.93)
233.72: (0.09, -0.36, 0.93)
233.84: (0.08, -0.36, 0.93)
233.94: (0.07, -0.35, 0.93)
234.06: (0.29, -0.30, 0.91)
234.17: (0.93, -0.08, 0.36)
234.29: (0.87, 0.05, -0.48)
234.41: (0.94, 0.05, -0.35)
234.52: (0.99, 0.10, 0.04)
234.64: (0.95, 0.19, 0.25)
234.64: (0.93, 0.06, 0.35): 0
234.64: (0.95, 0.19, 0.25)
234.74: (0.86, 0.25, 0.43)
234.84: (0.82, 0.34, 0.45)
234.96: (0.82, 0.35, 0.46)
235.04: (0.91, 0.24, 0.34)
235.04: (-0.71, 0.71, -0.02): 2
235.07: (0.93, 0.17, 0.32)
235.19: (0.96, 0.04, 0.26)
235.29: (0.96, 0.04, 0.27)
235.41: (0.96, 0.02, 0.30)
235.52: (0.93, -0.05, 0.36)
235.64: (0.91, -0.09, 0.41)
235.76: (0.80, -0.16, 0.58)
235.86: (0.42, -0.21, 0.88)
235.97: (-0.04, -0.15, 0.99)
236.09: (-0.49, 0.06, 0.87)
236.21: (-0.82, 0.12, 0.56)
236.31: (-0.90, 0.04, 0.42)
236.42: (-0.82, 0.26, 0.50)
236.54: (-0.55, 0.68, 0.49)
236.66: (-0.54, 0.83, 0.13)
236.77: (-0.61, 0.76, 0.21)
236.87: (-0.61, 0.76, 0.21)
236.99: (-0.59, 0.78, 0.22)
237.11: (-0.63, 0.76, 0.16)
237.22: (-0.66, 0.74, 0.11)
237.34: (-0.69, 0.72, 0.07)
237.37: (-0.69, 0.72, 0.06)
237.37: (-0.74, -0.54, -0.39): 0
237.46: (-0.71, 0.70, 0.04)
237.56: (-0.72, 0.69, 0.01)
237.67: (-0.72, 0.69, 0.01)
237.77: (-0.72, 0.69, 0.01)
237.89: (-0.73, 0.68, 0.00)
238.01: (-0.75, 0.66, 0.03)
238.12: (-0.75, 0.66, 0.04)
238.24: (-0.70, 0.71, 0.11)
238.36: (-0.67, 0.70, -0.23)
238.47: (-0.45, 0.32, -0.83)
238.59: (-0.39, 0.04, -0.92)
238.69: (-0.46, 0.04, -0.89)
238.81: (-0.50, 0.16, -0.85)
238.92: (-0.38, 0.15, -0.91)
239.04: (0.04, 0.06, -1.00)
239.14: (0.32, -0.11, -0.94)
239.24: (0.49, -0.32, -0.81)
239.36: (0.59, -0.58, -0.56)
239.47: (0.55, -0.80, -0.23)
239.59: (0.33, -0.94, -0.06)
239.71: (-0.02, -1.00, 0.01)
239.82: (-0.18, -0.98, 0.06)
239.92: (-0.23, -0.97, -0.01)
240.04: (-0.21, -0.93, -0.29)
240.14: (-0.20, -0.86, -0.48)
240.26: (-0.08, -0.64, -0.76)
240.36: (-0.06, -0.61, -0.79)
240.47: (-0.37, -0.65, -0.66)
240.59: (-0.56, -0.63, -0.54)
240.67: (-0.62, -0.61, -0.48)
240.67: (0.63, -0.52, 0.58): 1
240.71: (-0.65, -0.60, -0.46)
240.82: (-0.67, -0.59, -0.45)
240.94: (-0.69, -0.59, -0.42)
241.06: (-0.69, -0.59, -0.42)
241.17: (-0.66, -0.63, -0.40)
241.27: (-0.38, -0.90, -0.19)
241.39: (-0.04, -0.99, 0.15)
241.51: (-0.11, -0.95, 0.31)
241.62: (-0.11, -0.95, 0.31)
241.74: (-0.11, -0.95, 0.31)
241.84: (-0.09, -0.93, 0.36)
241.96: (0.10, -0.83, 0.54)
242.06: (0.38, -0.67, 0.64)
242.17: (0.54, -0.51, 0.67)
242.26: (0.58, -0.48, 0.66)
242.26: (0.59, 0.04, -0.81): 1
242.29: (0.58, -0.48, 0.66)
242.39: (0.58, -0.48, 0.66)
242.51: (0.62, -0.52, 0.59)
242.62: (0.62, -0.53, 0.58)
242.74: (0.60, -0.79, 0.07)
242.86: (0.46, -0.67, -0.58)
242.96: (0.29, -0.24, -0.93)
243.07: (0.26, -0.23, -0.94)
243.17: (0.26, -0.23, -0.94)
243.29: (0.38, -0.30, -0.88)
243.41: (0.52, -0.21, -0.83)
243.52: (0.57, -0.13, -0.81)
243.62: (0.58, -0.10, -0.81)
243.74: (0.57, -0.03, -0.82)
243.79: (0.57, -0.01, -0.82)
243.79: (0.87, -0.26, 0.41): 2
243.86: (0.57, -0.01, -0.82)
243.97: (0.57, -0.01, -0.82)
244.09: (0.57, -0.01, -0.82)
244.21: (0.56, 0.00, -0.83)
244.31: (0.53, 0.03, -0.85)
244.42: (0.53, 0.04, -0.85)
244.54: (0.53, 0.04, -0.85)
244.64: (0.69, -0.10, -0.71)
244.76: (0.92, -0.38, -0.04)
244.86: (0.87, -0.48, 0.11)
244.97: (0.87, -0.48, 0.05)
245.09: (0.90, -0.44, 0.06)
245.20: (0.92, -0.32, 0.23)
245.31: (0.90, -0.22, 0.38)
245.42: (0.90, -0.22, 0.38)
245.54: (0.89, -0.23, 0.39)
245.65: (0.89, -0.23, 0.39)
245.74: (0.89, -0.23, 0.39)
245.74: (-0.89, 0.37, 0.27): 1
245.75: (0.89, -0.23, 0.39)
245.87: (0.89, -0.23, 0.39)
245.99: (0.88, -0.27, 0.39)
246.09: (0.88, -0.28, 0.39)
246.20: (0.87, -0.28, 0.41)
246.32: (0.70, -0.29, 0.65)
246.42: (0.27, -0.24, 0.93)
246.54: (0.16, -0.35, 0.92)
246.65: (0.27, -0.40, 0.88)
246.77: (0.28, -0.39, 0.88)
246.87: (0.11, -0.36, 0.93)
246.99: (-0.48, -0.12, 0.87)
247.10: (-0.87, 0.22, 0.45)
247.22: (-0.87, 0.32, 0.38)
247.30: (-0.86, 0.35, 0.36)
247.30: (0.88, 0.10, 0.46): 0
247.32: (-0.86, 0.35, 0.36)
247.44: (-0.87, 0.35, 0.35)
247.55: (-0.91, 0.32, 0.27)
247.67: (-0.91, 0.26, 0.33)
247.79: (-0.84, 0.15, 0.52)
247.90: (-0.20, -0.10, 0.97)
248.00: (0.49, -0.17, 0.86)
248.12: (0.70, 0.00, 0.71)
248.22: (0.75, 0.11, 0.66)
248.34: (0.89, 0.07, 0.45)
248.35: (0.90, 0.06, 0.43)
248.35: (0.26, -0.78, -0.57): 1
248.45: (0.94, 0.00, 0.34)
248.57: (0.94, -0.01, 0.34)
248.67: (0.84, 0.04, 0.54)
248.79: (0.77, 0.06, 0.63)
248.90: (0.45, 0.15, 0.88)
249.02: (0.16, 0.17, 0.97)
249.14: (0.80, -0.13, 0.58)
249.24: (0.89, -0.33, -0.32)
249.35: (0.91, -0.23, -0.34)
249.47: (0.94, -0.21, -0.28)
249.57: (0.94, -0.21, -0.28)
249.69: (0.94, -0.21, -0.27)
249.80: (0.95, -0.22, -0.23)
249.90: (0.80, -0.36, -0.48)
250.02: (0.41, -0.46, -0.79)
250.14: (0.15, -0.50, -0.85)
250.25: (0.21, -0.73, -0.65)
250.32: (0.26, -0.80, -0.55)
250.32: (-0.56, -0.73, -0.40): 0
250.37: (0.26, -0.80, -0.55)
250.49: (0.27, -0.78, -0.56)
250.60: (0.22, -0.75, -0.62)
250.70: (-0.13, -0.64, -0.75)
250.82: (-0.48, -0.57, -0.67)
250.94: (-0.49, -0.68, -0.55)
251.02: (-0.46, -0.72, -0.51)
251.02: (0.45, 0.83, -0.32): 0
251.05: (-0.47, -0.73, -0.50)
251.17: (-0.52, -0.70, -0.49)
251.27: (-0.63, -0.61, -0.48)
251.37: (-0.76, -0.44, -0.48)
251.49: (-0.83, -0.30, -0.47)
251.60: (-0.87, -0.07, -0.49)
251.72: (-0.85, 0.13, -0.51)
251.84: (-0.72, 0.53, -0.45)
251.95: (-0.48, 0.88, -0.07)
252.07: (-0.39, 0.92, 0.03)
252.19: (0.15, 0.98, -0.14)
252.29: (0.55, 0.83, -0.05)
252.40: (0.50, 0.86, -0.11)
252.52: (0.50, 0.86, -0.11)
252.64: (0.50, 0.86, -0.11)
252.67: (0.47, 0.87, -0.17)
252.67: (0.85, 0.48, -0.22): 2
252.75: (0.34, 0.87, -0.36)
252.87: (0.27, 0.85, -0.46)
252.99: (0.33, 0.83, -0.44)
253.10: (0.70, 0.64, -0.32)
253.22: (0.87, 0.45, -0.18)
253.24: (0.87, 0.45, -0.18)
253.24: (0.31, 0.60, 0.74): 0
253.34: (0.87, 0.45, -0.18)
253.44: (0.82, 0.52, -0.25)
253.54: (0.80, 0.53, -0.29)
253.65: (0.63, 0.59, -0.51)
253.77: (0.50, 0.66, -0.56)
253.89: (0.81, 0.51, 0.27)
254.00: (0.84, -0.08, 0.54)
254.12: (0.94, -0.31, 0.17)
254.22: (0.91, -0.42, 0.06)
254.32: (0.88, -0.48, 0.06)
254.44: (0.85, -0.52, 0.06)
254.55: (0.88, -0.47, 0.06)
254.67: (0.89, -0.45, 0.05)
254.79: (0.99, -0.12, -0.09)
254.90: (0.91, -0.40, -0.09)
255.02: (0.80, -0.51, -0.32)
255.14: (0.65, -0.55, -0.52)
255.24: (0.49, -0.58, -0.65)
255.35: (0.39, -0.59, -0.71)
255.45: (0.65, -0.53, -0.55)
255.57: (0.97, -0.24, -0.02)
255.67: (0.92, -0.11, 0.38)
255.79: (0.80, -0.21, 0.57)
255.89: (0.68, -0.23, 0.70)
256.00: (0.49, -0.10, 0.86)
256.12: (0.54, 0.16, 0.83)
256.24: (0.64, 0.44, 0.63)
256.34: (0.59, 0.49, 0.65)
256.45: (0.33, 0.57, 0.75)
256.45: (-0.05, -0.10, -0.99): 0
256.45: (0.33, 0.57, 0.75)
256.57: (0.28, 0.53, 0.80)
256.67: (0.29, 0.53, 0.80)
256.79: (0.35, 0.47, 0.81)
256.90: (0.68, 0.44, 0.58)
257.00: (0.92, 0.36, 0.14)
257.12: (0.87, 0.39, -0.29)
257.22: (0.87, 0.40, -0.29)
257.32: (0.87, 0.40, -0.29)
257.44: (0.85, 0.39, -0.35)
257.54: (0.81, 0.29, -0.51)
257.65: (0.50, -0.02, -0.87)
257.75: (0.07, -0.19, -0.98)
257.87: (-0.08, -0.13, -0.99)
257.94: (-0.03, -0.08, -1.00)
257.94: (-0.87, -0.29, 0.39): 1
257.99: (0.01, -0.04, -1.00)
258.10: (0.03, -0.03, -1.00)
258.20: (0.12, 0.01, -0.99)
258.32: (0.16, -0.05, -0.98)
258.44: (0.00, -0.26, -0.97)
258.55: (-0.60, -0.32, -0.73)
258.67: (-0.94, -0.27, -0.22)
258.79: (-0.98, -0.17, -0.05)
258.90: (-1.00, 0.01, -0.07)
259.02: (-1.00, 0.01, -0.07)
259.14: (-0.99, 0.10, -0.06)
259.25: (-0.99, -0.07, 0.11)
259.37: (-0.92, -0.24, 0.31)
259.49: (-0.88, -0.28, 0.37)
259.49: (-0.97, -0.13, 0.22): 2
259.49: (-0.88, -0.28, 0.37)
259.59: (-0.88, -0.28, 0.37)
259.69: (-0.88, -0.19, 0.43)
259.80: (-0.89, 0.02, 0.46)
259.92: (-0.98, 0.03, 0.21)
260.00: (-0.99, -0.09, 0.12)
260.00: (-0.02, -0.16, -0.99): 2
260.02: (-0.99, -0.10, 0.12)
260.14: (-0.98, -0.11, 0.15)
260.25: (-0.97, -0.12, 0.22)
260.37: (-0.96, -0.03, 0.27)
260.47: (-0.95, 0.10, 0.29)
260.59: (-0.94, 0.16, 0.30)
260.70: (-0.92, -0.40, -0.02)
260.80: (-0.35, -0.92, -0.18)
260.90: (-0.06, -0.99, -0.13)
261.02: (0.35, -0.90, -0.26)
261.14: (0.33, -0.88, -0.34)
261.25: (0.32, -0.88, -0.35)
261.37: (0.18, -0.94, -0.30)
261.48: (0.32, -0.87, -0.36)
261.60: (0.63, -0.66, -0.40)
261.70: (0.88, -0.29, -0.38)
261.82: (0.95, 0.17, -0.25)
261.94: (0.89, 0.43, -0.16)
262.04: (0.50, 0.86, -0.08)
262.15: (0.41, 0.89, -0.19)
262.27: (0.39, 0.78, -0.49)
262.38: (0.51, 0.50, -0.70)
262.50: (0.56, 0.30, -0.77)
262.62: (0.27, 0.05, -0.96)
262.73: (0.05, -0.15, -0.99)
262.83: (-0.09, -0.24, -0.97)
262.92: (-0.09, -0.23, -0.97)
262.92: (0.99, 0.06, -0.11): 2
262.95: (-0.09, -0.23, -0.97)
263.05: (-0.09, -0.20, -0.98)
263.17: (-0.01, -0.12, -0.99)
263.28: (0.13, -0.03, -0.99)
263.40: (0.44, 0.06, -0.90)
263.50: (0.60, 0.09, -0.80)
263.60: (0.82, 0.12, -0.56)
263.72: (0.99, 0.03, -0.15)
263.82: (1.00, -0.03, 0.03)
263.85: (1.00, -0.02, 0.00)
263.85: (-0.96, 0.02, -0.27): 2
263.93: (1.00, 0.00, -0.10)
264.05: (0.98, 0.02, -0.20)
264.17: (0.95, 0.08, -0.30)
264.27: (0.90, 0.22, -0.39)
264.38: (0.77, 0.42, -0.49)
264.50: (0.48, 0.65, -0.58)
264.60: (-0.03, 0.87, -0.50)
264.72: (-0.34, 0.88, -0.32)
264.82: (-0.49, 0.86, -0.15)
264.93: (-0.56, 0.83, 0.03)
265.05: (-0.56, 0.83, 0.03)
265.15: (-0.56, 0.83, 0.03)
265.25: (-0.53, 0.85, 0.01)
265.37: (-0.71, 0.68, 0.20)
265.48: (-0.75, 0.36, 0.56)
265.60: (-0.92, 0.29, 0.27)
265.72: (-0.92, 0.16, -0.37)
265.83: (-0.61, 0.02, -0.79)
265.95: (-0.67, -0.01, -0.74)
266.07: (-0.91, 0.05, -0.41)
266.17: (-0.96, 0.08, -0.27)
266.17: (-0.16, 0.75, -0.65): 2
266.18: (-0.96, 0.08, -0.27)
266.30: (-0.96, 0.07, -0.28)
266.40: (-0.97, 0.00, -0.26)
266.50: (-0.99, -0.07, -0.11)
266.62: (-0.99, -0.11, 0.08)
266.73: (-0.99, -0.11, 0.08)
266.85: (-0.99, -0.11, 0.08)
266.97: (-0.99, -0.10, 0.12)
267.08: (-0.94, 0.14, 0.32)
267.20: (-0.68, 0.64, 0.35)
267.32: (-0.42, 0.88, 0.21)
267.43: (-0.34, 0.93, 0.12)
267.53: (-0.11, 0.99, 0.00)
267.63: (0.22, 0.93, -0.30)
267.75: (0.10, 0.92, -0.38)
267.87: (-0.08, 0.89, -0.44)
267.98: (-0.24, 0.79, -0.57)
268.05: (-0.31, 0.73, -0.61)
268.05: (0.10, 0.96, 0.24): 1
268.08: (-0.31, 0.73, -0.61)
268.20: (-0.29, 0.72, -0.63)
268.32: (-0.12, 0.71, -0.70)
268.42: (0.03, 0.67, -0.74)
268.53: (0.22, 0.62, -0.75)
268.65: (0.14, 0.80, -0.58)
268.77: (-0.18, 0.98, -0.06)
268.88: (-0.45, 0.76, 0.48)
269.00: (-0.53, 0.46, 0.71)
269.12: (-0.32, 0.76, 0.57)
269.23: (-0.08, 0.95, 0.29)
269.28: (-0.04, 0.97, 0.24)
269.28: (-0.48, -0.30, -0.82): 1
269.35: (-0.04, 0.97, 0.24)
269.45: (0.06, 0.97, 0.25)
269.57: (0.08, 0.97, 0.24)
269.68: (0.08, 0.96, 0.27)
269.80: (0.09, 0.96, 0.28)
269.92: (0.25, 0.97, -0.04)
270.03: (0.34, 0.89, -0.30)
270.15: (0.48, 0.60, -0.65)
270.25: (0.59, 0.45, -0.67)
270.37: (0.68, 0.09, -0.73)
270.47: (0.64, 0.20, -0.75)
270.58: (0.64, 0.20, -0.75)
270.70: (0.64, 0.18, -0.75)
270.82: (0.73, 0.07, -0.68)
270.93: (0.90, -0.21, -0.38)
271.05: (0.82, -0.56, -0.12)
271.17: (0.43, -0.90, 0.08)
271.28: (-0.02, -0.98, 0.19)
271.38: (-0.25, -0.97, 0.06)
271.50: (-0.25, -0.97, 0.06)
271.62: (-0.15, -0.99, 0.02)
271.72: (-0.41, -0.91, -0.05)
271.83: (-0.59, -0.72, -0.37)
271.93: (-0.62, -0.56, -0.55)
272.05: (-0.68, -0.42, -0.60)
272.17: (-0.64, -0.34, -0.69)
272.25: (-0.52, -0.31, -0.79)
272.25: (-0.84, -0.54, -0.09): 1
272.27: (-0.51, -0.31, -0.80)
272.38: (-0.50, -0.32, -0.81)
272.50: (-0.45, -0.33, -0.83)
272.60: (-0.45, -0.34, -0.83)
272.70: (-0.45, -0.38, -0.81)
272.82: (-0.51, -0.46, -0.73)
272.92: (-0.62, -0.59, -0.53)
273.03: (-0.78, -0.63, -0.04)
273.15: (-0.78, -0.50, 0.36)
273.25: (-0.81, -0.53, 0.24)
273.37: (-0.81, -0.58, 0.01)
273.48: (-0.81, -0.58, 0.00)
273.52: (-0.81, -0.58, 0.00)
273.52: (-0.34, 0.88, -0.34): 1
273.58: (-0.81, -0.58, 0.00)
273.68: (-0.85, -0.53, -0.06)
273.80: (-0.86, -0.50, -0.10)
273.90: (-0.87, -0.48, -0.09)
274.02: (-0.99, -0.15, 0.00)
274.12: (-0.94, 0.28, 0.22)
274.23: (-0.87, 0.48, 0.13)
274.35: (-0.89, 0.44, 0.11)
274.47: (-0.90, 0.41, 0.13)
274.58: (-0.79, 0.61, 0.06)
274.68: (-0.59, 0.79, -0.18)
274.80: (-0.48, 0.82, -0.32)
274.80: (-0.37, -0.88, 0.29): 2
274.80: (-0.48, 0.82, -0.32)
274.92: (-0.40, 0.83, -0.38)
275.02: (-0.33, 0.86, -0.38)
275.13: (-0.26, 0.91, -0.33)
275.25: (-0.23, 0.94, -0.25)
275.35: (-0.30, 0.94, -0.15)
275.47: (-0.54, 0.84, 0.01)
275.58: (-0.93, 0.36, 0.10)
275.70: (-0.99, 0.08, 0.12)
275.80: (-0.95, -0.24, 0.22)
275.92: (-0.73, -0.65, 0.23)
276.02: (-0.46, -0.88, 0.09)
276.13: (-0.57, -0.82, 0.08)
276.25: (-0.58, -0.81, 0.11)
276.37: (-0.51, -0.83, 0.23)
276.48: (-0.44, -0.84, 0.31)
276.55: (-0.39, -0.86, 0.33)
276.55: (0.56, -0.41, -0.72): 0
276.60: (-0.39, -0.86, 0.33)
276.72: (-0.37, -0.87, 0.32)
276.83: (-0.33, -0.90, 0.28)
276.95: (-0.05, -0.99, 0.10)
277.07: (0.46, -0.81, -0.37)
277.18: (0.75, -0.44, -0.50)
277.30: (0.69, -0.51, -0.51)
277.41: (0.69, -0.52, -0.51)
277.52: (0.63, -0.58, -0.52)
277.63: (0.55, -0.52, -0.65)
277.67: (0.52, -0.50, -0.70)
277.67: (0.80, -0.05, -0.60): 1
277.75: (0.49, -0.43, -0.76)
277.86: (0.53, -0.39, -0.75)
277.98: (0.68, -0.27, -0.69)
278.10: (0.85, -0.08, -0.52)
278.11: (0.85, -0.08, -0.52)
278.11: (-0.31, -0.82, 0.48): 1
278.21: (0.85, -0.07, -0.52)
278.33: (0.85, 0.08, -0.52)
278.45: (0.86, 0.06, -0.52)
278.55: (0.87, -0.18, -0.47)
278.65: (0.70, -0.63, -0.33)
278.76: (0.31, -0.94, -0.13)
278.88: (-0.09, -1.00, -0.01)
278.98: (-0.35, -0.93, 0.11)
279.10: (-0.43, -0.81, 0.39)
279.16: (-0.38, -0.76, 0.52)
279.16: (-0.87, 0.21, -0.45): 2
279.21: (-0.35, -0.75, 0.57)
279.32: (-0.34, -0.74, 0.57)
279.43: (-0.22, -0.86, 0.47)
279.55: (-0.08, -0.89, 0.45)
279.66: (0.22, -0.91, 0.34)
279.76: (0.28, -0.91, 0.31)
279.88: (0.05, -0.89, 0.45)
279.98: (-0.46, -0.58, 0.67)
280.10: (-0.74, 0.12, 0.66)
280.21: (-0.79, 0.36, 0.50)
280.33: (-0.83, 0.32, 0.47)
280.43: (-0.83, 0.32, 0.47)
280.55: (-0.85, 0.27, 0.46)
280.66: (-0.71, 0.50, 0.50)
280.78: (-0.50, 0.74, 0.45)
280.90: (-0.30, 0.93, 0.21)
281.01: (-0.11, 0.99, -0.11)
281.11: (0.00, 0.95, -0.30)
281.23: (0.20, 0.68, -0.71)
281.35: (0.09, 0.45, -0.89)
281.46: (-0.17, 0.24, -0.96)
281.56: (-0.21, 0.16, -0.96)
281.68: (-0.47, 0.15, -0.87)
281.78: (-0.72, 0.18, -0.67)
281.90: (-0.79, 0.29, -0.54)
281.98: (-0.81, 0.29, -0.51)
281.98: (0.19, -0.10, 0.98): 1
282.01: (-0.81, 0.29, -0.50)
282.13: (-0.84, 0.29, -0.47)
282.25: (-0.84, 0.37, -0.40)
282.36: (-0.81, 0.47, -0.34)
282.48: (-0.62, 0.78, -0.12)
282.60: (-0.17, 0.98, 0.11)
282.71: (0.33, 0.92, 0.21)
282.83: (0.69, 0.70, 0.20)
282.95: (0.87, 0.46, 0.20)
283.06: (0.97, 0.04, 0.25)
283.18: (0.88, -0.40, 0.24)
283.30: (0.94, -0.11, 0.31)
283.40: (0.94, -0.11, 0.31)
283.51: (0.95, -0.09, 0.30)
283.61: (0.95, -0.16, 0.28)
283.73: (0.75, -0.61, 0.26)
283.83: (0.47, -0.86, 0.19)
283.95: (0.16, -0.98, 0.08)
284.06: (-0.15, -0.98, 0.15)
284.18: (-0.15, -0.85, 0.51)
284.30: (0.04, -0.48, 0.88)
284.40: (0.17, -0.30, 0.94)
284.51: (0.20, -0.22, 0.95)
284.51: (-0.59, -0.25, 0.77): 0
284.51: (0.20, -0.22, 0.95)
284.61: (0.20, -0.22, 0.95)
284.73: (0.12, -0.19, 0.97)
284.85: (-0.25, -0.24, 0.94)
284.96: (-0.57, -0.33, 0.75)
285.01: (-0.59, -0.34, 0.74)
285.01: (-0.26, 0.42, -0.87): 2
285.08: (-0.59, -0.34, 0.74)
285.18: (-0.66, -0.28, 0.69)
285.30: (-0.76, -0.27, 0.59)
285.41: (-0.81, -0.30, 0.51)
285.53: (-0.90, -0.33, 0.29)
285.65: (-0.95, -0.32, 0.03)
285.75: (-0.94, -0.26, -0.21)
285.86: (-0.90, 0.00, -0.44)
285.98: (-0.73, 0.31, -0.61)
286.10: (-0.69, 0.47, -0.56)
286.21: (-0.70, 0.50, -0.51)
286.33: (-0.51, 0.41, -0.76)
286.45: (-0.35, 0.35, -0.87)
286.45: (-0.34, -0.94, 0.08): 0
286.45: (-0.35, 0.35, -0.87)
286.55: (-0.35, 0.36, -0.86)
286.65: (-0.35, 0.36, -0.86)
286.76: (-0.46, 0.28, -0.84)
286.88: (-0.77, -0.08, -0.63)
286.98: (-0.81, -0.59, -0.06)
287.10: (-0.20, -0.76, 0.62)
287.21: (0.01, -0.74, 0.68)
287.33: (-0.14, -0.91, 0.38)
287.45: (-0.37, -0.92, 0.10)
287.46: (-0.38, -0.92, 0.10)
287.46: (-0.53, 0.12, -0.84): 2
287.56: (-0.39, -0.92, 0.10)
287.68: (-0.40, -0.90, 0.17)
287.78: (-0.34, -0.89, 0.32)
287.90: (-0.25, -0.87, 0.42)
288.01: (-0.19, -0.82, 0.53)
288.11: (-0.17, -0.74, 0.65)
288.23: (-0.38, -0.76, 0.52)
288.33: (-0.70, -0.71, -0.03)
288.45: (-0.72, -0.53, -0.45)
288.56: (-0.67, -0.39, -0.63)
288.66: (-0.61, -0.10, -0.79)
288.78: (-0.33, 0.38, -0.86)
288.90: (-0.30, 0.38, -0.88)
289.01: (-0.47, 0.16, -0.87)
289.11: (-0.48, 0.14, -0.87)
289.16: (-0.48, 0.14, -0.87)
289.16: (-0.99, 0.09, -0.05): 1
289.21: (-0.48, 0.14, -0.87)
289.33: (-0.57, 0.12, -0.81)
289.45: (-0.73, -0.03, -0.68)
289.56: (-0.81, -0.14, -0.57)
289.68: (-0.89, -0.28, -0.36)
289.80: (-0.95, -0.32, -0.03)
289.91: (-0.96, -0.24, 0.16)
290.01: (-1.00, -0.02, -0.09)
290.10: (-0.99, 0.03, -0.17)
290.10: (0.63, -0.11, -0.77): 1
290.13: (-0.99, 0.03, -0.17)
290.23: (-0.99, 0.03, -0.17)
290.35: (-0.99, 0.05, -0.12)
290.46: (-1.00, -0.03, 0.05)
290.58: (-0.99, -0.05, 0.12)
290.70: (-0.99, 0.11, 0.08)
290.80: (-0.96, 0.27, -0.03)
290.91: (-0.89, 0.43, -0.12)
291.03: (-0.81, 0.55, -0.21)
291.15: (-0.68, 0.71, -0.16)
291.25: (-0.47, 0.87, -0.14)
291.36: (-0.23, 0.93, -0.27)
291.48: (-0.03, 0.88, -0.47)
291.60: (0.10, 0.77, -0.64)
291.71: (-0.08, 0.54, -0.84)
291.81: (-0.17, 0.30, -0.94)
291.93: (0.03, -0.08, -1.00)
292.03: (0.25, -0.35, -0.90)
292.15: (0.39, -0.45, -0.80)
292.26: (0.55, -0.20, -0.81)
292.36: (0.64, -0.07, -0.77)
292.36: (-0.95, 0.29, 0.15): 0
292.38: (0.64, -0.07, -0.77)
292.48: (0.64, -0.08, -0.77)
292.60: (0.61, -0.09, -0.78)
292.70: (0.56, -0.11, -0.82)
292.81: (0.40, -0.11, -0.91)
292.93: (-0.31, 0.00, -0.95)
293.03: (-0.81, 0.15, -0.57)
293.15: (-0.94, 0.16, -0.30)
293.26: (-0.99, 0.14, 0.01)
293.38: (-0.96, 0.21, 0.20)
293.45: (-0.91, 0.30, 0.28)
293.45: (0.57, 0.60, -0.56): 0
293.50: (-0.90, 0.33, 0.27)
293.60: (-0.91, 0.34, 0.23)
293.71: (-0.93, 0.32, 0.16)
293.83: (-0.95, 0.26, 0.15)
293.95: (-0.98, 0.18, 0.07)
294.06: (-0.90, 0.10, -0.43)
294.18: (-0.62, -0.15, -0.77)
294.28: (-0.48, -0.32, -0.82)
294.39: (-0.15, -0.34, -0.93)
294.51: (0.17, -0.27, -0.95)
294.61: (0.37, -0.14, -0.92)
294.73: (0.47, 0.10, -0.88)
294.83: (0.61, 0.32, -0.73)
294.95: (0.72, 0.34, -0.61)
295.06: (0.70, 0.39, -0.60)
295.16: (0.65, 0.53, -0.55)
295.16: (-0.85, 0.26, -0.46): 0
295.16: (0.65, 0.53, -0.55)
295.26: (0.64, 0.57, -0.51)
295.38: (0.64, 0.56, -0.53)
295.50: (0.58, 0.51, -0.63)
295.61: (0.41, 0.43, -0.81)
295.73: (-0.09, 0.19, -0.98)
295.85: (-0.63, -0.14, -0.76)
295.96: (-0.83, -0.22, -0.51)
296.08: (-0.85, -0.10, -0.52)
296.19: (-0.77, 0.21, -0.60)
296.26: (-0.76, 0.29, -0.58)
296.26: (0.69, -0.32, -0.65): 2
296.31: (-0.77, 0.32, -0.56)
296.41: (-0.77, 0.33, -0.54)
296.53: (-0.90, 0.23, -0.37)
296.63: (-0.96, 0.10, -0.25)
296.74: (-0.98, -0.01, -0.21)
296.86: (-0.98, -0.13, -0.14)
296.98: (-0.96, -0.27, -0.04)
297.09: (-0.95, -0.30, -0.02)
297.21: (-0.93, -0.36, 0.08)
297.33: (-0.85, -0.46, 0.25)
297.43: (-0.76, -0.49, 0.42)
297.53: (-0.80, -0.32, 0.50)
297.64: (-0.93, 0.00, 0.36)
297.76: (-0.91, 0.36, 0.22)
297.88: (-0.81, 0.58, 0.08)
297.98: (-0.81, 0.58, 0.05)
298.09: (-0.85, 0.50, -0.14)
298.21: (-0.88, -0.04, -0.47)
298.33: (-0.59, -0.61, -0.53)
298.44: (-0.43, -0.75, -0.51)
298.56: (-0.07, -0.76, -0.65)
298.66: (0.22, -0.71, -0.67)
298.78: (0.57, -0.59, -0.57)
298.89: (0.71, -0.45, -0.55)
299.01: (0.65, -0.30, -0.69)
299.03: (0.64, -0.28, -0.72)
299.03: (0.28, -0.70, 0.66): 0
299.13: (0.62, -0.24, -0.75)
299.24: (0.62, -0.24, -0.75)
299.36: (0.59, -0.32, -0.74)
299.48: (0.32, -0.62, -0.72)
299.59: (-0.14, -0.91, -0.39)
299.71: (-0.46, -0.89, 0.02)
299.81: (-0.52, -0.85, 0.11)
299.93: (-0.67, -0.69, 0.26)
300.04: (-0.82, -0.46, 0.34)
300.16: (-0.96, -0.25, 0.15)
300.26: (-0.98, -0.19, -0.08)
300.36: (-0.92, -0.26, -0.29)
300.48: (-0.84, -0.28, -0.47)
300.59: (-0.71, -0.32, -0.63)
300.71: (-0.61, -0.49, -0.62)
300.81: (-0.33, -0.79, -0.52)
300.93: (0.17, -0.95, -0.27)
301.03: (0.28, -0.94, -0.17)
301.14: (0.28, -0.94, -0.17)
301.26: (0.28, -0.94, -0.17)
301.36: (0.28, -0.94, -0.17)
301.46: (0.29, -0.95, -0.14)
301.58: (0.45, -0.89, 0.08)
301.69: (0.57, -0.77, 0.28)
301.81: (0.62, -0.69, 0.38)
301.93: (0.49, -0.72, 0.50)
302.04: (0.23, -0.70, 0.68)
302.04: (1.00, -0.02, -0.01): 0
302.04: (0.23, -0.70, 0.68)
302.16: (0.23, -0.70, 0.68)
302.26: (0.36, -0.68, 0.64)
302.38: (0.46, -0.66, 0.59)
302.49: (0.60, -0.58, 0.55)
302.61: (0.81, -0.40, 0.44)
302.73: (0.96, -0.13, 0.26)
302.83: (0.99, 0.02, 0.10)
302.91: (1.00, 0.00, 0.03)
302.91: (-0.99, -0.15, 0.02): 1
302.94: (1.00, -0.01, 0.01)
303.04: (1.00, -0.01, -0.01)
303.16: (1.00, 0.07, -0.05)
303.28: (0.99, 0.10, -0.06)
303.39: (0.99, 0.10, -0.03)
303.49: (0.94, -0.27, 0.20)
303.61: (0.63, -0.63, 0.45)
303.71: (0.23, -0.85, 0.48)
303.81: (-0.02, -0.94, 0.34)
303.93: (-0.21, -0.94, 0.29)
304.04: (-0.70, -0.70, 0.12)
304.16: (-0.95, -0.20, -0.24)
304.28: (-0.95, -0.21, -0.24)
304.38: (-0.95, -0.21, -0.24)
304.49: (-0.95, -0.18, -0.26)
304.61: (-0.98, -0.13, -0.12)
304.71: (-0.97, -0.23, 0.06)
304.78: (-0.96, -0.26, 0.09)
304.78: (0.75, 0.25, 0.61): 2
304.83: (-0.96, -0.26, 0.09)
304.94: (-0.97, -0.23, 0.03)
305.06: (-0.99, -0.13, -0.05)
305.18: (-0.99, -0.02, -0.11)
305.28: (-0.98, 0.05, -0.18)
305.39: (-0.96, 0.10, -0.26)
305.51: (-0.93, 0.13, -0.36)
305.63: (-0.90, 0.12, -0.41)
305.74: (-0.87, 0.04, -0.48)
305.84: (-0.87, -0.15, -0.47)
305.96: (-0.75, -0.42, -0.51)
306.08: (-0.63, -0.53, -0.57)
306.19: (-0.64, -0.39, -0.66)
306.31: (-0.54, -0.16, -0.82)
306.41: (-0.33, -0.12, -0.94)
306.53: (-0.32, -0.12, -0.94)
306.64: (-0.65, 0.15, -0.74)
306.76: (-0.72, 0.52, -0.45)
306.86: (-0.70, 0.69, -0.19)
306.96: (-0.64, 0.76, -0.07)
307.08: (-0.53, 0.85, 0.08)
307.19: (-0.27, 0.96, 0.05)
307.31: (-0.30, 0.95, 0.02)
307.41: (-0.30, 0.95, 0.02)
307.51: (-0.39, 0.92, -0.07)
307.63: (-0.23, 0.91, -0.35)
307.74: (-0.07, 0.75, -0.66)
307.86: (0.15, 0.62, -0.77)
307.96: (0.39, 0.53, -0.76)
308.08: (0.66, 0.45, -0.60)
308.19: (0.77, 0.62, -0.13)
308.31: (0.58, 0.76, 0.30)
308.43: (0.34, 0.73, 0.59)
308.54: (0.48, 0.58, 0.66)
308.66: (0.77, 0.40, 0.50)
308.71: (0.80, 0.35, 0.49)
308.71: (-0.21, -0.03, 0.98): 2
308.76: (0.80, 0.35, 0.49)
308.88: (0.78, 0.34, 0.52)
308.99: (0.78, 0.38, 0.50)
309.11: (0.78, 0.38, 0.50)
309.23: (0.74, 0.44, 0.51)
309.33: (0.68, 0.52, 0.52)
309.44: (0.59, 0.62, 0.51)
309.56: (0.44, 0.68, 0.58)
309.68: (0.21, 0.37, 0.90)
309.79: (0.22, -0.17, 0.96)
309.89: (0.32, -0.09, 0.94)
310.01: (0.32, -0.09, 0.94)
310.13: (0.33, -0.11, 0.94)
310.24: (0.13, -0.06, 0.99)
310.36: (-0.20, 0.06, 0.98)
310.41: (-0.23, 0.06, 0.97)
310.41: (1.00, 0.02, 0.01): 0
310.46: (-0.23, 0.06, 0.97)
310.58: (-0.13, -0.07, 0.99)
310.69: (-0.05, -0.19, 0.98)
310.79: (0.01, -0.30, 0.95)
310.91: (0.16, -0.40, 0.90)
311.03: (0.44, -0.47, 0.76)
311.14: (0.68, -0.48, 0.55)
311.24: (0.70, -0.41, 0.58)
311.36: (0.73, -0.38, 0.57)
311.48: (0.83, -0.19, 0.52)
311.59: (0.70, 0.30, 0.65)
311.71: (0.31, 0.61, 0.73)
311.82: (0.42, 0.56, 0.71)
311.93: (0.74, 0.39, 0.55)
312.04: (0.90, 0.22, 0.38)
312.16: (0.95, 0.14, 0.29)
312.28: (0.99, 0.00, 0.13)
312.39: (1.00, -0.06, -0.01)
312.41: (1.00, -0.05, -0.02)
312.41: (-0.50, 0.02, -0.87): 0
312.51: (1.00, -0.03, -0.03)
312.63: (1.00, 0.08, 0.06)
312.74: (0.96, 0.18, 0.22)
312.86: (0.92, 0.21, 0.33)
312.97: (0.93, 0.05, 0.36)
313.09: (0.84, -0.46, 0.28)
313.21: (0.79, -0.55, 0.27)
313.31: (0.79, -0.55, 0.27)
313.42: (0.82, -0.47, 0.34)
313.54: (0.74, -0.52, 0.43)
313.66: (0.50, -0.74, 0.46)
313.77: (0.26, -0.91, 0.33)
313.89: (0.12, -0.99, 0.11)
314.01: (0.01, -0.97, -0.22)
314.12: (0.03, -0.86, -0.51)
314.22: (0.23, -0.74, -0.63)
314.34: (0.39, -0.55, -0.74)
314.44: (0.52, -0.33, -0.79)
314.56: (0.61, -0.07, -0.79)
314.67: (0.64, -0.06, -0.77)
314.79: (0.53, -0.42, -0.74)
314.91: (0.18, -0.76, -0.63)
315.02: (-0.22, -0.90, -0.37)
315.14: (-0.49, -0.86, -0.15)
315.26: (-0.67, -0.74, -0.03)
315.37: (-0.84, -0.54, 0.00)
315.49: (-0.91, -0.10, -0.41)
315.61: (-0.63, 0.20, -0.75)
315.71: (-0.60, 0.08, -0.80)
315.82: (-0.60, 0.08, -0.80)
315.94: (-0.60, 0.08, -0.79)
315.94: (0.95, -0.30, 0.14): 2
315.94: (-0.60, 0.08, -0.79)
316.06: (-0.46, 0.16, -0.87)
316.16: (-0.39, 0.09, -0.92)
316.27: (-0.42, -0.03, -0.90)
316.39: (-0.49, -0.07, -0.87)
316.49: (-0.50, -0.07, -0.86)
316.61: (-0.53, -0.07, -0.85)
316.72: (-0.29, 0.12, -0.95)
316.84: (0.16, 0.49, -0.86)
316.96: (0.15, 0.40, -0.90)
317.07: (0.10, 0.34, -0.93)
317.17: (0.06, 0.30, -0.95)
317.29: (-0.09, 0.10, -0.99)
317.41: (-0.05, 0.15, -0.99)
317.51: (0.15, 0.36, -0.92)
317.62: (0.48, 0.50, -0.72)
317.74: (0.73, 0.44, -0.52)
317.84: (0.89, 0.30, -0.35)
317.96: (0.98, 0.00, -0.19)
318.07: (0.99, -0.14, -0.08)
318.17: (0.96, -0.26, 0.05)
318.29: (0.94, -0.32, 0.15)
318.29: (0.00, -0.53, 0.85): 2
318.29: (0.94, -0.32, 0.15)
318.41: (0.93, -0.32, 0.16)
318.52: (0.95, -0.29, 0.08)
318.64: (0.98, -0.21, -0.01)
318.76: (0.99, -0.11, -0.07)
318.87: (0.99, -0.03, -0.12)
318.97: (0.99, 0.05, -0.14)
319.09: (0.98, 0.19, -0.03)
319.21: (0.73, 0.57, 0.37)
319.32: (0.49, 0.73, 0.47)
319.42: (0.48, 0.74, 0.47)
319.54: (0.48, 0.72, 0.50)
319.64: (0.49, 0.72, 0.50)
319.76: (0.49, 0.72, 0.50)
319.86: (0.49, 0.72, 0.50)
319.97: (0.44, 0.66, 0.62)
320.09: (0.58, 0.22, 0.79)
320.19: (0.59, 0.01, 0.81)
320.31: (0.47, 0.12, 0.88)
320.41: (0.22, 0.14, 0.97)
320.52: (-0.05, -0.27, 0.96)
320.62: (-0.04, -0.53, 0.85)
320.66: (-0.01, -0.55, 0.84)
320.66: (0.34, 0.20, 0.92): 2
320.74: (0.03, -0.54, 0.84)
320.84: (0.08, -0.44, 0.90)
320.96: (0.11, -0.36, 0.93)
321.07: (0.31, 0.00, 0.95)
321.16: (0.38, 0.19, 0.91)
321.16: (0.98, 0.16, 0.06): 1
321.17: (0.38, 0.20, 0.90)
321.29: (0.38, 0.24, 0.89)
321.41: (0.38, 0.24, 0.89)
321.52: (0.42, 0.33, 0.85)
321.64: (0.48, 0.44, 0.75)
321.74: (0.57, 0.56, 0.60)
321.86: (0.71, 0.67, 0.19)
321.97: (0.86, 0.49, 0.17)
322.09: (0.96, 0.18, 0.19)
322.14: (0.98, 0.13, 0.17)
322.14: (0.99, 0.12, 0.10): 0
322.21: (0.98, 0.12, 0.14)
322.32: (0.99, 0.16, 0.01)
322.44: (0.98, 0.17, -0.06)
322.52: (0.98, 0.17, -0.05)
322.52: (0.86, 0.37, -0.36): 1
322.56: (0.99, 0.15, -0.04)
322.67: (0.99, 0.09, 0.08)
322.79: (0.99, 0.07, 0.11)
322.91: (0.99, 0.11, -0.02)
323.02: (0.88, 0.36, -0.31)
323.09: (0.85, 0.42, -0.32)
END