3/28/2023 12:10:44 PM
Mode: Mono
White time (s): [1.016457, 0.7667236, 2.449631, 2.082825, 1.49968, 1.532837, 5.248901, 2.016281, 0.9663086, 2.199448, 1.132751, 2.216248, 1.599289, 1.649796, 0.8162537, 0.9662781, 2.283249, 2.032959, 1.366028, 1.866531, 0.6499176, 1.89978, 0.7334442, 4.615967, 0.4664917, 2.915924, 1.749786, 2.582764, 0.8831482, 3.782379]
Shot time (s): [0.9328766, 1.632858, 1.299683, 0.8330231, 3.016144, 1.749573, 0.6664429, 2.366501, 1.649582, 2.499435, 0.7996826, 2.64949, 3.899307, 0.6666107, 1.999832, 1.299606, 0.6165314, 1.599915, 1.116211, 0.8666229, 1.882706, 2.266052, 2.616211, 1.566299, 3.265793, 1.649796, 5.898376, 2.949341, 1.283112, 2.91629]
Step time (s): [0.9165192, 2.083221, 1.54953, 1.833008, 4.265823, 1.533249, 0.8831329, 2.49968, 1.933319, 4.099335, 2.099609, 1.283234, 3.49942, 1.616592, 1.81633, 1.716721, 1.866028, 1.166595, 1.583328, 1.516174, 1.233246, 0.7495422, 3.566055, 1.033295, 1.899445, 1.449921, 3.299225, 7.348694, 1.299835, 1.316162]
White horz (deg): [101.15, 34.92998, 338.94, 243.95, 209.86, 172.06, 1025.71, 305.06, 127.4, 188.23, 182.9799, 335.2999, 145.1799, 132.58, 82.17995, 85.39998, 461.0199, 528.8497, 319.2, 481.4597, 72.23997, 378.9099, 15.19, 933.3101, 46.68999, 467.3899, 321.9298, 511.28, 119.28, 838.11]
Shot horz (deg): [72.16998, 145.74, 158.62, 62.71997, 433.7201, 196.42, 28.55999, 178.08, 114.3099, 420.4899, 77.97996, 347.9, 787.9198, 27.57999, 310.17, 254.7999, 62.64998, 243.6, 226.24, 90.85995, 210.14, 479.01, 454.3701, 97.78993, 473.2699, 147.35, 1697.64, 406.21, 215.5299, 523.5997]
Step horz (deg): [10.22, 285.5999, 244.2299, 184.38, 693.9097, 161.56, 92.67999, 317.4499, 311.8499, 614.11, 325.01, 194.3899, 590.6601, 263.27, 262.9199, 196.91, 255.2199, 221.0599, 339.6399, 371.6299, 25.47999, 16.30999, 409.7098, 29.88999, 439.7399, 266.2799, 757.1899, 1581.719, 199.2899, 59.07998]
White vert (deg): [31.49998, 11.27, 129.4299, 122.0099, 155.54, 159.25, 489.6498, 305.62, 38.00998, 213.9199, 79.16998, 146.2299, 227.64, 300.72, 44.93999, 45.84999, 174.16, 164.29, 110.0399, 122.15, 37.16999, 82.31995, 38.70999, 577.4302, 17.35999, 433.1599, 191.94, 198.31, 88.40998, 629.7899]
Shot vert (deg): [33.17999, 97.92996, 92.95997, 23.8, 228.2, 103.5299, 22.12, 376.6699, 191.87, 298.76, 44.65998, 322.07, 493.4301, 37.86999, 180.81, 77.06998, 17.22, 57.74998, 44.37999, 73.21996, 159.95, 164.01, 251.3, 123.13, 309.89, 177.03, 453.5301, 285.0399, 118.51, 447.0899]
Step vert (deg): [17.07999, 112.98, 48.57998, 91.13996, 415.5201, 72.09995, 9.729998, 138.81, 84.76991, 311.01, 242.4799, 85.04994, 257.0399, 86.23996, 131.88, 93.51997, 122.01, 68.59997, 155.19, 49.69998, 161.14, 80.42996, 355.53, 15.61, 149.52, 149.87, 401.5899, 791.42, 147.77, 234.29]

Time in sec: camera forward versor
Time in sec: target versor: sound type (0 = White, 1 = Shot, 2 = Step)
START
126.71: (0.21, 0.24, 0.95): 2
126.71: (-0.05, 0.02, 1.00)
126.83: (-0.04, 0.02, 1.00)
126.93: (-0.05, 0.02, 1.00)
127.04: (-0.03, 0.01, 1.00)
127.16: (0.06, -0.05, 1.00)
127.26: (0.07, -0.05, 1.00)
127.38: (0.13, 0.08, 0.99)
127.48: (0.18, 0.19, 0.97)
127.59: (0.17, 0.19, 0.97)
127.63: (0.17, 0.19, 0.97)
127.63: (1.00, 0.08, 0.04): 0
127.71: (0.17, 0.19, 0.97)
127.83: (0.18, 0.19, 0.97)
127.94: (0.26, 0.19, 0.95)
128.06: (0.46, 0.15, 0.88)
128.18: (0.84, -0.04, 0.54)
128.29: (0.98, -0.21, 0.02)
128.41: (0.99, -0.12, -0.05)
128.53: (1.00, 0.01, 0.07)
128.63: (1.00, 0.01, 0.09)
128.64: (1.00, 0.01, 0.09)
128.64: (0.86, -0.42, -0.30): 0
128.74: (1.00, 0.01, 0.09)
128.84: (1.00, 0.00, 0.08)
128.96: (0.98, -0.12, -0.14)
129.08: (0.89, -0.27, -0.37)
129.19: (0.90, -0.28, -0.34)
129.31: (0.88, -0.36, -0.32)
129.41: (0.86, -0.39, -0.32)
129.41: (-0.97, -0.22, 0.00): 0
129.41: (0.86, -0.39, -0.32)
129.53: (0.86, -0.39, -0.32)
129.63: (0.84, -0.40, -0.38)
129.74: (0.65, -0.47, -0.60)
129.86: (0.33, -0.54, -0.77)
129.98: (0.27, -0.56, -0.78)
130.09: (0.86, -0.47, -0.23)
130.19: (0.92, -0.28, 0.28)
130.31: (0.74, 0.02, 0.68)
130.43: (0.34, 0.37, 0.86)
130.54: (0.13, 0.59, 0.79)
130.64: (0.15, 0.82, 0.55)
130.76: (0.25, 0.93, 0.27)
130.86: (-0.17, 0.98, 0.14)
130.98: (-0.69, 0.72, 0.11)
131.09: (-0.93, 0.34, 0.09)
131.19: (-0.93, 0.34, 0.09)
131.31: (-0.93, 0.34, 0.09)
131.41: (-0.96, 0.28, 0.06)
131.53: (-1.00, -0.09, 0.02)
131.64: (-0.99, -0.14, 0.03)
131.74: (-0.98, -0.18, 0.06)
131.86: (-0.95, -0.30, 0.06)
131.86: (0.48, 0.84, 0.23): 0
131.86: (-0.95, -0.30, 0.06)
131.98: (-0.95, -0.29, 0.06)
132.09: (-0.95, -0.29, 0.06)
132.21: (-0.76, -0.65, -0.03)
132.31: (-0.39, -0.92, -0.11)
132.43: (0.17, -0.95, -0.27)
132.53: (0.17, -0.95, -0.27)
132.63: (0.17, -0.95, -0.27)
132.74: (0.30, -0.87, -0.39)
132.86: (0.43, -0.54, -0.73)
132.98: (0.57, -0.25, -0.78)
133.09: (0.80, 0.13, -0.59)
133.21: (0.74, 0.61, -0.28)
133.31: (0.45, 0.88, -0.11)
133.43: (0.31, 0.89, -0.34)
133.53: (0.35, 0.90, -0.26)
133.63: (0.46, 0.89, -0.05)
133.74: (0.53, 0.84, 0.12)
133.86: (0.47, 0.85, 0.22)
133.94: (0.42, 0.86, 0.29)
133.94: (-0.97, -0.18, -0.14): 2
133.98: (0.42, 0.86, 0.29)
134.09: (0.42, 0.86, 0.28)
134.19: (0.51, 0.86, 0.09)
134.31: (0.63, 0.65, -0.42)
134.43: (0.56, 0.04, -0.82)
134.54: (0.19, -0.71, -0.68)
134.66: (-0.10, -0.91, -0.40)
134.78: (-0.43, -0.89, -0.14)
134.89: (-0.73, -0.65, 0.23)
135.01: (-0.83, -0.28, 0.48)
135.11: (-0.78, -0.23, 0.58)
135.23: (-0.78, -0.23, 0.58)
135.34: (-0.79, -0.19, 0.58)
135.46: (-0.94, -0.20, 0.28)
135.56: (-0.96, -0.27, 0.08)
135.68: (-0.94, -0.33, 0.04)
135.79: (-0.99, -0.15, 0.05)
135.89: (-0.99, -0.10, -0.08)
135.99: (-0.99, -0.13, -0.11)
136.03: (-0.98, -0.15, -0.11)
136.03: (-0.67, -0.69, -0.28): 1
136.11: (-0.98, -0.15, -0.11)
136.23: (-0.98, -0.17, -0.09)
136.34: (-0.99, -0.04, 0.11)
136.46: (-0.92, -0.38, -0.05)
136.58: (-0.62, -0.72, -0.31)
136.69: (-0.59, -0.75, -0.31)
136.81: (-0.69, -0.68, -0.24)
136.91: (-0.69, -0.68, -0.24)
136.96: (-0.69, -0.68, -0.24)
136.96: (0.98, -0.17, -0.03): 2
137.03: (-0.69, -0.68, -0.24)
137.14: (-0.69, -0.68, -0.24)
137.26: (-0.79, -0.61, -0.10)
137.38: (-0.88, -0.45, 0.17)
137.49: (-0.89, -0.18, 0.41)
137.61: (-0.71, 0.22, 0.67)
137.73: (-0.39, 0.55, 0.74)
137.84: (0.40, 0.77, 0.49)
137.94: (0.80, 0.60, 0.06)
138.06: (0.91, 0.37, -0.21)
138.18: (0.94, 0.02, -0.35)
138.29: (0.97, -0.14, -0.22)
138.41: (0.99, -0.11, -0.12)
138.51: (0.99, -0.10, -0.08)
138.51: (-0.88, -0.06, -0.47): 1
138.53: (0.99, -0.10, -0.08)
138.63: (0.99, -0.12, -0.07)
138.74: (0.97, -0.19, -0.13)
138.84: (0.84, -0.40, -0.36)
138.96: (0.78, -0.46, -0.42)
139.08: (0.78, -0.46, -0.42)
139.19: (0.71, -0.51, -0.48)
139.31: (0.37, -0.58, -0.73)
139.43: (-0.08, -0.57, -0.81)
139.54: (-0.32, -0.34, -0.88)
139.66: (-0.72, 0.00, -0.69)
139.78: (-0.91, 0.15, -0.39)
139.89: (-0.91, 0.13, -0.39)
140.01: (-0.86, -0.01, -0.51)
140.13: (-0.86, -0.04, -0.51)
140.14: (-0.86, -0.05, -0.51)
140.14: (-0.78, 0.54, 0.32): 2
140.23: (-0.86, -0.05, -0.50)
140.34: (-0.87, -0.08, -0.49)
140.44: (-0.85, -0.13, -0.52)
140.56: (-0.85, -0.13, -0.52)
140.68: (-0.90, -0.10, -0.43)
140.79: (-0.97, -0.18, 0.17)
140.91: (-0.74, -0.19, 0.64)
141.01: (-0.71, -0.10, 0.70)
141.13: (-0.65, 0.18, 0.74)
141.23: (-0.30, 0.50, 0.81)
141.34: (0.01, 0.60, 0.80)
141.44: (-0.36, 0.56, 0.75)
141.56: (-0.65, 0.45, 0.62)
141.68: (-0.78, 0.33, 0.53)
141.79: (-0.76, 0.42, 0.49)
141.91: (-0.79, 0.50, 0.35)
141.97: (-0.80, 0.51, 0.33)
141.97: (-0.68, 0.00, -0.73): 2
142.01: (-0.80, 0.51, 0.33)
142.13: (-0.80, 0.51, 0.33)
142.24: (-0.84, 0.40, 0.38)
142.34: (-0.84, 0.40, 0.38)
142.46: (-0.79, 0.46, 0.40)
142.57: (-0.39, 0.77, 0.51)
142.69: (0.03, 0.86, 0.51)
142.81: (0.34, 0.67, 0.66)
142.91: (0.58, 0.27, 0.77)
143.02: (0.69, -0.27, 0.67)
143.14: (0.61, -0.68, 0.40)
143.26: (0.44, -0.87, 0.24)
143.36: (0.21, -0.98, 0.06)
143.48: (-0.07, -0.90, -0.43)
143.59: (0.07, -0.59, -0.80)
143.71: (0.30, -0.25, -0.92)
143.82: (0.50, 0.06, -0.86)
143.94: (0.52, 0.41, -0.75)
144.06: (0.25, 0.88, -0.41)
144.16: (0.13, 0.94, -0.32)
144.27: (0.13, 0.94, -0.32)
144.39: (0.48, 0.70, -0.53)
144.51: (0.14, 0.99, -0.02)
144.62: (-0.33, 0.72, 0.61)
144.74: (-0.50, 0.49, 0.71)
144.86: (-0.74, -0.10, 0.67)
144.97: (-0.94, -0.08, 0.34)
145.09: (-0.80, 0.60, -0.08)
145.19: (-0.37, 0.91, -0.15)
145.31: (0.05, 0.99, 0.09)
145.41: (0.32, 0.92, 0.23)
145.52: (-0.09, 0.99, 0.05)
145.64: (-0.62, 0.74, -0.27)
145.76: (-0.82, 0.37, -0.45)
145.87: (-0.81, -0.05, -0.59)
145.99: (-0.76, -0.06, -0.64)
146.09: (-0.72, -0.08, -0.69)
146.21: (-0.69, -0.05, -0.73)
146.24: (-0.69, -0.05, -0.73)
146.24: (0.00, -0.77, -0.64): 2
146.31: (-0.69, -0.05, -0.73)
146.42: (-0.68, -0.06, -0.73)
146.54: (-0.69, 0.04, -0.73)
146.64: (-0.69, 0.04, -0.73)
146.74: (-0.72, 0.08, -0.69)
146.86: (-0.70, -0.35, -0.63)
146.96: (-0.33, -0.89, -0.32)
147.07: (0.34, -0.94, 0.01)
147.19: (0.46, -0.88, -0.05)
147.29: (0.21, -0.90, -0.37)
147.41: (0.18, -0.89, -0.42)
147.52: (0.11, -0.87, -0.48)
147.62: (0.01, -0.85, -0.53)
147.74: (-0.02, -0.83, -0.55)
147.77: (-0.02, -0.83, -0.56)
147.77: (0.99, 0.11, 0.06): 1
147.86: (-0.04, -0.80, -0.60)
147.97: (-0.04, -0.79, -0.61)
148.07: (-0.03, -0.80, -0.60)
148.17: (0.11, -0.85, -0.52)
148.29: (0.55, -0.80, -0.25)
148.41: (0.88, -0.44, 0.17)
148.52: (0.86, 0.00, 0.51)
148.64: (0.62, 0.39, 0.68)
148.76: (0.90, 0.16, 0.41)
148.87: (0.99, 0.15, 0.07)
148.99: (0.98, 0.19, 0.06)
149.07: (0.97, 0.22, 0.07)
149.07: (0.94, 0.30, 0.17): 2
149.11: (0.97, 0.22, 0.07)
149.21: (0.97, 0.23, 0.06)
149.32: (0.86, 0.49, 0.12)
149.44: (0.47, 0.87, 0.18)
149.56: (0.71, 0.69, 0.17)
149.66: (0.82, 0.55, 0.17)
149.76: (0.85, 0.50, 0.16)
149.87: (0.93, 0.35, 0.15)
149.96: (0.95, 0.30, 0.13)
149.96: (0.31, -0.88, -0.36): 2
149.99: (0.95, 0.30, 0.13)
150.09: (0.93, 0.33, 0.15)
150.21: (0.73, 0.63, 0.25)
150.31: (0.43, 0.86, 0.29)
150.42: (-0.14, 0.94, 0.31)
150.52: (-0.13, 0.95, 0.29)
150.64: (-0.13, 0.95, 0.29)
150.76: (0.19, 0.93, 0.33)
150.86: (-0.25, 0.90, 0.35)
150.97: (-0.96, 0.28, 0.09)
151.07: (-0.99, 0.12, 0.03)
151.19: (-0.97, 0.26, 0.01)
151.31: (-0.97, 0.26, 0.01)
151.42: (-0.98, -0.14, 0.17)
151.54: (-0.61, -0.78, 0.17)
151.64: (-0.34, -0.94, -0.04)
151.76: (-0.12, -0.93, -0.35)
151.87: (-0.12, -0.93, -0.35)
151.97: (-0.22, -0.95, -0.22)
152.07: (0.06, -0.97, -0.23)
152.19: (0.19, -0.95, -0.23)
152.31: (0.26, -0.93, -0.26)
152.41: (0.33, -0.89, -0.30)
152.46: (0.33, -0.89, -0.30)
152.46: (0.03, -0.83, -0.56): 1
152.52: (0.33, -0.89, -0.31)
152.64: (0.37, -0.85, -0.37)
152.76: (0.60, -0.55, -0.58)
152.87: (0.41, -0.70, -0.58)
152.99: (0.26, -0.81, -0.53)
153.09: (0.23, -0.82, -0.52)
153.21: (0.09, -0.87, -0.48)
153.29: (0.07, -0.88, -0.47)
153.29: (0.62, -0.08, -0.78): 1
153.32: (0.07, -0.88, -0.47)
153.42: (0.07, -0.88, -0.47)
153.54: (0.04, -0.87, -0.50)
153.66: (-0.01, -0.84, -0.54)
153.77: (-0.23, -0.87, -0.44)
153.89: (-0.56, -0.82, -0.09)
153.99: (-0.68, -0.73, 0.10)
154.11: (-0.84, -0.42, 0.34)
154.22: (-0.86, 0.06, 0.51)
154.34: (-0.74, 0.46, 0.50)
154.44: (-0.13, 0.84, 0.52)
154.56: (0.42, 0.82, 0.40)
154.67: (0.74, 0.58, 0.33)
154.79: (0.99, 0.05, 0.16)
154.91: (0.89, -0.44, -0.16)
155.01: (0.60, -0.67, -0.44)
155.11: (0.22, -0.76, -0.61)
155.22: (0.02, -0.81, -0.58)
155.34: (0.11, -0.95, -0.28)
155.46: (0.23, -0.91, -0.34)
155.57: (0.61, -0.61, -0.51)
155.67: (0.78, -0.31, -0.54)
155.79: (0.83, -0.14, -0.54)
155.91: (0.58, -0.32, -0.75)
156.02: (0.50, -0.25, -0.83)
156.14: (0.52, -0.07, -0.85)
156.26: (0.57, -0.09, -0.82)
156.31: (0.57, -0.08, -0.82)
156.31: (-0.05, 0.17, 0.98): 0
156.37: (0.57, -0.08, -0.82)
156.49: (0.62, -0.08, -0.78)
156.61: (0.86, -0.02, -0.51)
156.72: (0.99, 0.08, -0.08)
156.82: (0.85, 0.27, 0.44)
156.94: (0.09, 0.35, 0.93)
157.06: (-0.60, 0.16, 0.78)
157.17: (-0.85, 0.09, 0.51)
157.29: (-0.58, 0.14, 0.81)
157.41: (-0.24, 0.19, 0.95)
157.51: (-0.19, 0.20, 0.96)
157.62: (-0.19, 0.20, 0.96)
157.74: (-0.03, 0.20, 0.98)
157.81: (-0.01, 0.19, 0.98)
157.81: (-0.69, 0.61, -0.38): 0
157.86: (-0.01, 0.19, 0.98)
157.97: (-0.07, 0.17, 0.98)
158.09: (-0.49, 0.19, 0.85)
158.21: (-0.89, 0.09, 0.46)
158.31: (-1.00, 0.01, 0.03)
158.42: (-0.92, -0.15, -0.36)
158.54: (-0.61, -0.27, -0.75)
158.66: (-0.43, -0.17, -0.89)
158.77: (-0.75, 0.17, -0.64)
158.89: (-0.85, 0.43, -0.31)
159.01: (-0.87, 0.48, -0.11)
159.11: (-0.84, 0.49, -0.25)
159.22: (-0.75, 0.53, -0.40)
159.34: (-0.75, 0.54, -0.39)
159.34: (0.69, -0.53, -0.49): 1
159.34: (-0.75, 0.54, -0.39)
159.45: (-0.75, 0.54, -0.38)
159.55: (-0.67, 0.55, -0.50)
159.67: (-0.36, 0.42, -0.83)
159.79: (-0.04, 0.14, -0.99)
159.90: (0.41, -0.12, -0.90)
160.02: (0.84, -0.29, -0.46)
160.14: (0.98, -0.19, -0.01)
160.25: (0.99, -0.13, -0.01)
160.37: (0.99, -0.13, -0.01)
160.49: (0.87, -0.37, -0.33)
160.60: (0.66, -0.53, -0.53)
160.72: (0.75, -0.48, -0.45)
160.82: (0.82, -0.44, -0.37)
160.94: (0.79, -0.44, -0.42)
161.05: (0.71, -0.46, -0.53)
161.09: (0.71, -0.46, -0.53)
161.09: (-0.98, -0.13, -0.14): 2
161.17: (0.71, -0.46, -0.53)
161.29: (0.73, -0.46, -0.50)
161.40: (0.90, -0.43, -0.06)
161.52: (0.77, -0.09, 0.63)
161.62: (0.36, 0.23, 0.91)
161.74: (-0.18, 0.46, 0.87)
161.85: (-0.22, 0.50, 0.84)
161.97: (-0.22, 0.50, 0.84)
162.09: (-0.20, 0.47, 0.86)
162.20: (-0.78, 0.44, 0.45)
162.30: (-0.96, 0.27, -0.06)
162.42: (-0.78, 0.12, -0.61)
162.54: (-0.77, 0.08, -0.63)
162.65: (-0.98, 0.09, -0.17)
162.77: (-0.99, 0.06, -0.15)
162.89: (-0.97, -0.06, -0.25)
162.99: (-0.97, -0.09, -0.21)
163.02: (-0.98, -0.07, -0.16)
163.02: (0.03, -0.45, 0.89): 0
163.10: (-0.99, -0.06, -0.14)
163.22: (-0.95, -0.13, -0.29)
163.34: (-0.66, -0.37, -0.65)
163.45: (-0.22, -0.49, -0.84)
163.55: (0.17, -0.48, -0.86)
163.67: (0.48, -0.55, -0.68)
163.79: (0.49, -0.72, -0.49)
163.90: (0.74, -0.63, -0.24)
164.02: (0.80, -0.56, -0.22)
164.14: (0.80, -0.56, -0.22)
164.25: (0.79, -0.57, -0.23)
164.35: (0.89, -0.45, -0.01)
164.47: (0.84, 0.01, 0.55)
164.59: (0.51, 0.44, 0.74)
164.69: (0.33, 0.62, 0.71)
164.80: (0.10, 0.84, 0.53)
164.92: (-0.40, 0.91, 0.07)
165.02: (-0.77, 0.60, -0.23)
165.14: (-0.79, 0.06, -0.61)
165.25: (-0.45, -0.02, -0.89)
165.35: (-0.16, 0.14, -0.98)
165.47: (0.28, 0.37, -0.89)
165.59: (0.32, 0.79, -0.53)
165.70: (-0.02, 1.00, -0.01)
165.80: (-0.46, 0.75, 0.48)
165.92: (-0.70, 0.24, 0.67)
166.04: (-0.64, -0.54, 0.54)
166.15: (-0.21, -0.97, 0.07)
166.27: (0.35, -0.77, -0.53)
166.37: (0.63, -0.17, -0.76)
166.47: (0.60, 0.49, -0.63)
166.59: (0.29, 0.93, -0.25)
166.69: (0.14, 0.98, 0.11)
166.80: (-0.15, 0.70, 0.70)
166.90: (-0.42, 0.18, 0.89)
167.02: (-0.53, -0.17, 0.83)
167.14: (-0.57, -0.58, 0.57)
167.25: (-0.44, -0.90, 0.01)
167.37: (-0.48, -0.84, -0.25)
167.49: (-0.49, -0.85, -0.19)
167.60: (-0.37, -0.81, 0.45)
167.72: (-0.28, -0.76, 0.59)
167.82: (-0.29, -0.62, 0.73)
167.94: (-0.26, -0.54, 0.80)
168.05: (-0.04, -0.41, 0.91)
168.17: (0.07, -0.43, 0.90)
168.27: (0.09, -0.45, 0.89)
168.27: (0.89, 0.36, -0.28): 0
168.27: (0.09, -0.45, 0.89)
168.39: (0.06, -0.42, 0.91)
168.50: (-0.07, -0.23, 0.97)
168.60: (-0.27, 0.02, 0.96)
168.72: (-0.52, 0.36, 0.77)
168.84: (-0.63, 0.76, 0.14)
168.94: (-0.48, 0.70, -0.53)
169.05: (-0.11, 0.41, -0.91)
169.17: (0.38, 0.08, -0.92)
169.29: (0.81, -0.21, -0.55)
169.39: (0.93, -0.36, 0.07)
169.50: (0.63, -0.28, 0.72)
169.62: (0.72, -0.10, 0.68)
169.74: (0.96, 0.10, 0.26)
169.84: (0.96, 0.27, -0.09)
169.95: (0.86, 0.28, -0.43)
170.07: (0.89, 0.29, -0.35)
170.19: (0.93, 0.33, -0.17)
170.29: (0.93, 0.34, -0.16)
170.29: (0.00, 0.71, 0.71): 0
170.29: (0.93, 0.34, -0.16)
170.40: (0.93, 0.34, -0.16)
170.52: (0.88, 0.44, -0.16)
170.62: (0.67, 0.73, 0.12)
170.72: (0.36, 0.86, 0.36)
170.84: (-0.06, 0.82, 0.57)
170.95: (-0.29, 0.54, 0.79)
171.07: (-0.06, 0.63, 0.77)
171.19: (0.06, 0.73, 0.68)
171.25: (0.07, 0.75, 0.66)
171.25: (0.98, 0.08, -0.19): 2
171.30: (0.07, 0.75, 0.66)
171.42: (0.04, 0.71, 0.70)
171.52: (-0.11, 0.53, 0.84)
171.64: (-0.32, 0.14, 0.94)
171.75: (-0.57, -0.31, 0.76)
171.87: (-0.74, -0.60, 0.30)
171.97: (-0.64, -0.77, 0.04)
172.09: (-0.31, -0.95, 0.02)
172.20: (0.05, -0.99, -0.14)
172.32: (0.27, -0.87, -0.42)
172.44: (0.44, -0.55, -0.71)
172.55: (0.45, -0.19, -0.87)
172.67: (0.19, 0.10, -0.98)
172.79: (-0.03, 0.35, -0.94)
172.90: (0.08, 0.45, -0.89)
173.00: (0.23, 0.77, -0.59)
173.12: (0.36, 0.93, -0.11)
173.24: (0.44, 0.82, 0.37)
173.34: (0.51, 0.78, 0.37)
173.45: (0.51, 0.78, 0.37)
173.57: (0.51, 0.78, 0.37)
173.69: (0.43, 0.56, 0.71)
173.80: (-0.01, 0.11, 0.99)
173.90: (-0.47, -0.22, 0.86)
174.02: (-0.58, -0.39, 0.72)
174.14: (0.01, 0.06, 1.00)
174.25: (0.23, 0.35, 0.91)
174.37: (0.36, 0.60, 0.72)
174.49: (0.43, 0.77, 0.47)
174.59: (0.53, 0.79, 0.30)
174.70: (0.64, 0.77, 0.01)
174.82: (0.80, 0.56, -0.19)
174.92: (0.96, 0.28, -0.01)
175.04: (0.99, 0.09, 0.06)
175.14: (0.99, 0.11, -0.07)
175.25: (0.97, 0.16, -0.15)
175.35: (0.97, 0.16, -0.19)
175.35: (0.99, -0.15, -0.02): 1
175.37: (0.97, 0.16, -0.19)
175.49: (0.97, 0.16, -0.19)
175.60: (0.97, 0.10, -0.20)
175.72: (0.96, -0.17, -0.23)
175.84: (0.96, -0.24, -0.14)
175.95: (0.99, -0.13, 0.03)
176.02: (0.99, -0.12, 0.04)
176.02: (0.10, -0.78, 0.61): 0
176.05: (0.99, -0.11, 0.03)
176.17: (0.99, -0.11, 0.03)
176.28: (0.98, -0.11, 0.18)
176.40: (0.85, -0.27, 0.46)
176.52: (0.74, -0.52, 0.42)
176.63: (0.78, -0.61, -0.11)
176.75: (0.53, -0.53, -0.67)
176.87: (0.16, -0.36, -0.92)
176.98: (-0.10, -0.33, -0.94)
177.10: (-0.07, -0.60, -0.79)
177.20: (-0.23, -0.77, -0.60)
177.30: (-0.27, -0.90, -0.35)
177.42: (-0.14, -0.99, -0.02)
177.53: (0.05, -0.92, 0.39)
177.65: (0.15, -0.70, 0.69)
177.75: (0.07, -0.58, 0.81)
177.87: (0.04, -0.63, 0.77)
177.98: (0.06, -0.72, 0.69)
178.10: (0.05, -0.78, 0.63)
178.20: (0.05, -0.82, 0.57)
178.22: (0.05, -0.82, 0.57)
178.22: (0.96, 0.26, -0.14): 1
178.32: (0.05, -0.82, 0.57)
178.43: (0.06, -0.91, 0.41)
178.53: (0.04, -1.00, 0.08)
178.65: (0.09, -0.90, -0.42)
178.75: (0.07, -0.52, -0.85)
178.87: (-0.02, 0.11, -0.99)
178.98: (-0.08, 0.64, -0.76)
179.10: (-0.16, 0.92, -0.36)
179.22: (-0.20, 0.96, 0.17)
179.33: (-0.17, 0.74, 0.65)
179.43: (-0.12, 0.45, 0.89)
179.53: (-0.07, 0.14, 0.99)
179.65: (-0.01, -0.18, 0.98)
179.77: (0.15, -0.30, 0.94)
179.88: (0.54, 0.18, 0.82)
180.00: (0.70, 0.54, 0.46)
180.10: (0.76, 0.65, 0.07)
180.22: (0.76, 0.58, -0.29)
180.33: (0.85, 0.47, -0.24)
180.45: (0.94, 0.33, -0.07)
180.55: (0.95, 0.31, -0.06)
180.58: (0.95, 0.31, -0.06)
180.58: (0.34, 0.02, -0.94): 1
180.67: (0.95, 0.31, -0.06)
180.78: (0.95, 0.32, -0.03)
180.88: (0.95, 0.32, -0.03)
181.00: (0.95, 0.32, -0.03)
181.12: (0.45, 0.88, -0.16)
181.23: (-0.01, 0.79, -0.62)
181.33: (-0.26, 0.51, -0.82)
181.45: (-0.56, 0.15, -0.82)
181.57: (-0.69, -0.21, -0.70)
181.67: (-0.51, -0.13, -0.85)
181.78: (-0.05, 0.06, -1.00)
181.90: (0.20, 0.21, -0.96)
182.00: (0.23, 0.21, -0.95)
182.12: (0.24, 0.06, -0.97)
182.22: (0.24, -0.01, -0.97)
182.23: (0.24, -0.01, -0.97)
182.23: (-0.16, 0.96, 0.22): 2
182.33: (0.25, -0.01, -0.97)
182.45: (0.49, -0.10, -0.86)
182.57: (0.82, -0.16, -0.55)
182.68: (0.94, -0.28, -0.21)
182.80: (0.86, -0.51, -0.08)
182.90: (0.62, -0.78, -0.06)
183.02: (0.05, -1.00, 0.03)
183.12: (-0.45, -0.88, 0.11)
183.23: (-0.86, -0.50, 0.09)
183.35: (-0.99, -0.09, -0.05)
183.47: (-0.96, 0.21, -0.19)
183.58: (-0.76, 0.59, -0.29)
183.68: (-0.40, 0.90, -0.17)
183.80: (0.16, 0.98, 0.08)
183.92: (0.61, 0.74, 0.27)
184.03: (0.40, 0.89, 0.22)
184.15: (-0.01, 0.97, 0.23)
184.27: (-0.17, 0.94, 0.28)
184.33: (-0.17, 0.94, 0.29)
184.33: (0.67, -0.69, 0.28): 2
184.37: (-0.18, 0.94, 0.29)
184.48: (-0.18, 0.94, 0.29)
184.58: (-0.29, 0.92, 0.25)
184.68: (-0.29, 0.92, 0.25)
184.80: (-0.34, 0.90, 0.28)
184.92: (0.42, 0.72, 0.55)
185.03: (0.88, 0.13, 0.46)
185.15: (0.87, -0.41, 0.26)
185.27: (0.58, -0.81, 0.10)
185.37: (0.43, -0.90, 0.06)
185.48: (0.55, -0.81, 0.19)
185.60: (0.64, -0.72, 0.28)
185.62: (0.64, -0.72, 0.28)
185.62: (-0.36, 0.42, -0.83): 0
185.70: (0.64, -0.72, 0.28)
185.82: (0.52, -0.83, 0.19)
185.93: (0.11, -0.99, -0.05)
186.05: (-0.54, -0.81, -0.24)
186.17: (-0.96, -0.01, -0.29)
186.27: (-0.79, 0.54, -0.29)
186.38: (-0.62, 0.63, -0.47)
186.50: (-0.50, 0.53, -0.69)
186.62: (-0.36, 0.42, -0.83)
186.73: (-0.36, 0.42, -0.83)
186.75: (-0.36, 0.42, -0.83)
186.75: (0.09, -1.00, -0.02): 1
186.85: (-0.36, 0.43, -0.83)
186.97: (-0.30, 0.52, -0.80)
187.07: (-0.04, 0.74, -0.67)
187.18: (0.12, 0.93, -0.35)
187.30: (0.15, 0.96, 0.23)
187.42: (-0.23, 0.87, 0.44)
187.52: (-0.57, 0.73, 0.38)
187.63: (-0.83, 0.53, 0.20)
187.73: (-0.97, 0.23, -0.07)
187.83: (-0.92, -0.16, -0.37)
187.95: (-0.58, -0.54, -0.61)
188.05: (-0.04, -0.73, -0.68)
188.17: (0.66, -0.56, -0.51)
188.28: (0.99, 0.01, -0.10)
188.38: (0.85, 0.49, 0.18)
188.50: (0.79, 0.54, 0.31)
188.62: (0.99, -0.14, 0.03)
188.73: (0.70, -0.70, -0.13)
188.83: (0.47, -0.86, -0.19)
188.95: (0.24, -0.95, -0.21)
189.07: (0.17, -0.98, -0.10)
189.18: (0.05, -1.00, -0.07)
189.25: (0.07, -1.00, -0.05)
189.25: (0.16, 0.58, -0.80): 2
189.30: (0.07, -1.00, -0.04)
189.42: (0.12, -0.99, -0.02)
189.53: (0.50, -0.86, 0.13)
189.65: (0.74, -0.62, 0.26)
189.77: (0.91, -0.32, 0.25)
189.87: (0.98, 0.12, 0.14)
189.98: (0.84, 0.54, 0.02)
190.08: (0.48, 0.87, -0.12)
190.20: (-0.20, 0.94, -0.26)
190.32: (-0.75, 0.57, -0.33)
190.43: (-0.96, 0.03, -0.28)
190.55: (-0.85, -0.50, -0.18)
190.65: (-0.55, -0.83, -0.03)
190.77: (-0.27, -0.95, 0.18)
190.88: (0.04, -0.93, 0.38)
191.00: (0.45, -0.79, 0.41)
191.12: (0.63, -0.75, 0.19)
191.22: (0.68, -0.71, -0.16)
191.33: (0.63, -0.53, -0.56)
191.45: (0.52, -0.30, -0.80)
191.55: (0.43, -0.22, -0.87)
191.67: (0.04, -0.14, -0.99)
191.78: (-0.53, 0.02, -0.85)
191.90: (-0.88, -0.35, -0.31)
192.02: (-0.87, -0.40, -0.30)
192.13: (-0.64, -0.06, -0.76)
192.25: (-0.38, 0.10, -0.92)
192.37: (-0.07, 0.24, -0.97)
192.48: (0.05, 0.35, -0.94)
192.60: (0.15, 0.52, -0.84)
192.72: (0.22, 0.60, -0.77)
192.75: (0.22, 0.60, -0.77)
192.75: (0.62, 0.43, -0.66): 1
192.83: (0.22, 0.60, -0.77)
192.95: (0.05, 0.54, -0.84)
193.06: (-0.29, 0.29, -0.91)
193.18: (0.00, 0.42, -0.91)
193.30: (0.36, 0.51, -0.78)
193.41: (0.50, 0.51, -0.70)
193.53: (0.57, 0.47, -0.67)
193.55: (0.57, 0.47, -0.67)
193.55: (-0.81, -0.03, 0.59): 2
193.63: (0.57, 0.47, -0.68)
193.75: (0.54, 0.44, -0.72)
193.86: (0.26, 0.21, -0.94)
193.96: (-0.06, 0.08, -1.00)
194.08: (-0.54, -0.16, -0.83)
194.20: (-0.83, -0.47, -0.31)
194.31: (-0.65, -0.61, 0.46)
194.43: (-0.22, -0.50, 0.84)
194.53: (-0.04, -0.35, 0.94)
194.65: (-0.20, -0.21, 0.96)
194.75: (-0.63, -0.25, 0.73)
194.85: (-0.71, -0.31, 0.63)
194.96: (-0.76, -0.26, 0.59)
195.06: (-0.81, -0.09, 0.58)
195.16: (-0.82, -0.02, 0.58)
195.16: (-0.22, -0.25, -0.94): 0
195.16: (-0.82, -0.02, 0.58)
195.28: (-0.80, 0.03, 0.61)
195.40: (-0.67, 0.24, 0.70)
195.51: (-0.51, 0.56, 0.65)
195.63: (-0.29, 0.84, 0.46)
195.75: (0.09, 0.94, 0.34)
195.85: (0.47, 0.77, 0.43)
195.96: (0.81, 0.39, 0.44)
196.06: (0.92, -0.11, 0.37)
196.18: (0.68, -0.70, 0.22)
196.30: (0.19, -0.98, 0.04)
196.41: (-0.34, -0.92, -0.19)
196.53: (-0.48, -0.80, -0.35)
196.65: (-0.40, -0.67, -0.62)
196.75: (-0.41, -0.40, -0.82)
196.86: (-0.54, 0.09, -0.83)
196.96: (-0.57, 0.13, -0.81)
197.08: (-0.48, -0.18, -0.86)
197.20: (-0.38, -0.20, -0.90)
197.30: (-0.29, -0.25, -0.92)
197.38: (-0.22, -0.30, -0.93)
197.38: (0.99, 0.04, 0.13): 1
197.41: (-0.22, -0.30, -0.93)
197.53: (-0.32, -0.32, -0.89)
197.65: (-0.32, -0.32, -0.89)
197.76: (-0.32, -0.32, -0.89)
197.88: (-0.57, -0.49, -0.66)
198.00: (-0.90, -0.44, -0.02)
198.11: (-0.84, -0.21, 0.51)
198.21: (-0.77, -0.07, 0.64)
198.33: (-0.83, 0.21, 0.52)
198.45: (-0.78, 0.63, 0.06)
198.56: (-0.16, 0.83, -0.53)
198.68: (0.60, 0.34, -0.72)
198.80: (0.79, -0.35, -0.51)
198.90: (0.60, -0.76, -0.24)
199.01: (0.15, -0.98, 0.09)
199.13: (-0.11, -0.96, 0.24)
199.25: (0.24, -0.95, 0.22)
199.36: (0.64, -0.74, 0.23)
199.48: (0.89, -0.44, 0.15)
199.60: (0.98, -0.19, -0.09)
199.70: (0.97, -0.03, -0.24)
199.81: (1.00, -0.03, -0.05)
199.93: (0.98, -0.05, 0.17)
200.03: (0.98, -0.05, 0.18)
200.03: (0.52, -0.85, -0.12): 2
200.03: (0.98, -0.05, 0.18)
200.13: (0.98, -0.05, 0.18)
200.25: (0.99, -0.04, 0.15)
200.36: (1.00, 0.00, 0.03)
200.46: (1.00, 0.00, 0.03)
200.58: (0.98, -0.13, -0.15)
200.70: (0.72, -0.57, 0.40)
200.81: (0.00, -0.49, 0.87)
200.91: (-0.42, -0.26, 0.87)
201.03: (-0.49, -0.27, 0.83)
201.15: (0.17, -0.72, 0.67)
201.25: (0.60, -0.76, 0.22)
201.36: (0.69, -0.71, -0.12)
201.48: (0.62, -0.78, -0.07)
201.58: (0.48, -0.88, 0.02)
201.68: (0.50, -0.87, -0.01)
201.80: (0.59, -0.78, -0.18)
201.85: (0.59, -0.78, -0.19)
201.85: (-0.97, -0.24, -0.05): 1
201.90: (0.59, -0.78, -0.19)
202.01: (0.56, -0.83, -0.09)
202.13: (0.23, -0.89, 0.40)
202.25: (-0.33, -0.35, 0.88)
202.36: (-0.49, 0.42, 0.77)
202.48: (-0.49, 0.84, 0.21)
202.58: (-0.45, 0.83, -0.33)
202.70: (-0.33, 0.41, -0.85)
202.81: (-0.18, -0.02, -0.98)
202.91: (-0.08, -0.31, -0.95)
203.03: (0.12, -0.56, -0.82)
203.15: (0.42, -0.76, -0.50)
203.26: (0.72, -0.69, -0.07)
203.36: (0.88, -0.43, 0.21)
203.48: (0.92, -0.21, 0.33)
203.60: (0.81, 0.24, 0.53)
203.71: (0.34, 0.77, 0.54)
203.83: (0.01, 0.97, 0.24)
203.93: (-0.12, 0.98, -0.16)
204.05: (0.15, 0.85, -0.50)
204.16: (0.49, 0.61, -0.62)
204.28: (0.86, 0.20, -0.48)
204.40: (0.95, -0.30, -0.03)
204.51: (0.58, -0.69, 0.43)
204.63: (-0.15, -0.75, 0.65)
204.75: (-0.83, -0.40, 0.38)
204.86: (-0.96, 0.08, -0.26)
204.98: (-0.54, 0.49, -0.68)
205.10: (-0.51, 0.43, -0.74)
205.21: (-0.83, 0.21, -0.52)
205.31: (-0.96, 0.09, -0.26)
205.43: (-1.00, -0.05, -0.04)
205.55: (-0.99, -0.06, -0.08)
205.65: (-0.99, -0.14, -0.06)
205.75: (-0.98, -0.19, -0.04)
205.75: (0.93, 0.08, -0.37): 0
205.76: (-0.98, -0.19, -0.04)
205.88: (-0.98, -0.18, -0.10)
205.98: (-0.90, -0.13, -0.42)
206.10: (-0.59, -0.19, -0.78)
206.21: (-0.22, -0.22, -0.95)
206.33: (0.21, -0.06, -0.98)
206.45: (0.57, 0.31, -0.76)
206.56: (0.73, 0.62, -0.30)
206.68: (0.54, 0.81, 0.22)
206.78: (0.43, 0.84, 0.32)
206.90: (0.73, 0.68, -0.11)
207.01: (0.90, 0.33, -0.27)
207.13: (0.95, 0.20, -0.25)
207.25: (0.94, 0.11, -0.32)
207.35: (0.92, 0.05, -0.39)
207.35: (0.85, 0.34, 0.41): 0
207.36: (0.92, 0.05, -0.39)
207.46: (0.92, 0.05, -0.39)
207.58: (0.85, 0.04, -0.53)
207.70: (0.42, -0.06, -0.91)
207.81: (-0.30, 0.09, -0.95)
207.91: (-0.82, 0.26, -0.51)
208.03: (-0.91, 0.34, 0.24)
208.15: (-0.59, 0.31, 0.75)
208.25: (-0.15, 0.27, 0.95)
208.36: (0.36, 0.16, 0.92)
208.48: (0.49, 0.40, 0.78)
208.60: (0.50, 0.71, 0.50)
208.70: (0.60, 0.63, 0.49)
208.81: (0.78, 0.42, 0.47)
208.93: (0.87, 0.30, 0.40)
209.00: (0.88, 0.31, 0.37)
209.00: (0.99, 0.12, -0.07): 1
209.05: (0.88, 0.31, 0.37)
209.16: (0.86, 0.34, 0.39)
209.28: (0.83, 0.51, 0.24)
209.39: (0.86, 0.51, 0.06)
209.50: (0.96, 0.28, 0.06)
209.60: (0.99, 0.13, 0.05)
209.66: (0.99, 0.14, 0.03)
209.66: (-0.12, -0.10, -0.99): 1
209.71: (0.99, 0.16, 0.01)
209.83: (0.98, 0.21, -0.06)
209.94: (0.93, 0.27, -0.24)
210.06: (0.73, 0.39, -0.56)
210.16: (0.60, 0.60, -0.53)
210.28: (0.62, 0.74, -0.25)
210.38: (0.25, 0.76, -0.60)
210.49: (-0.45, 0.52, -0.73)
210.61: (-0.85, 0.17, -0.49)
210.73: (-0.99, -0.13, -0.03)
210.84: (-0.94, -0.30, 0.15)
210.94: (-0.94, -0.09, -0.34)
211.04: (-0.67, 0.21, -0.71)
211.14: (-0.40, 0.40, -0.83)
211.26: (-0.08, 0.52, -0.85)
211.38: (-0.09, 0.36, -0.93)
211.49: (-0.16, 0.12, -0.98)
211.61: (-0.24, 0.02, -0.97)
211.66: (-0.25, -0.02, -0.97)
211.66: (-0.54, 0.15, 0.83): 1
211.71: (-0.25, -0.02, -0.97)
211.83: (-0.18, 0.08, -0.98)
211.94: (0.20, 0.45, -0.87)
212.04: (0.47, 0.63, -0.62)
212.16: (0.75, 0.66, 0.05)
212.28: (0.55, 0.33, 0.77)
212.39: (0.11, -0.02, 0.99)
212.51: (-0.19, -0.15, 0.97)
212.63: (-0.62, -0.33, 0.71)
212.74: (-0.58, -0.16, 0.80)
212.86: (-0.50, 0.05, 0.86)
212.96: (-0.47, 0.16, 0.87)
212.96: (-0.74, 0.28, 0.61): 1
212.98: (-0.48, 0.17, 0.86)
213.08: (-0.51, 0.18, 0.84)
213.19: (-0.78, 0.13, 0.61)
213.31: (-0.92, -0.02, 0.39)
213.41: (-0.86, 0.11, 0.50)
213.53: (-0.73, 0.26, 0.63)
213.58: (-0.72, 0.27, 0.63)
213.58: (-0.93, 0.23, -0.30): 0
213.64: (-0.72, 0.27, 0.63)
213.76: (-0.78, 0.20, 0.59)
213.86: (-0.95, -0.06, 0.31)
213.98: (-0.95, -0.27, -0.14)
214.09: (-0.89, -0.12, -0.44)
214.21: (-0.89, 0.12, -0.43)
214.33: (-0.91, 0.25, -0.34)
214.39: (-0.91, 0.26, -0.33)
214.39: (1.00, -0.03, 0.01): 2
214.44: (-0.91, 0.26, -0.33)
214.56: (-0.90, 0.23, -0.38)
214.66: (-0.79, 0.08, -0.61)
214.76: (-0.64, -0.08, -0.76)
214.88: (-0.29, -0.34, -0.89)
214.98: (-0.01, -0.61, -0.79)
215.08: (0.29, -0.71, -0.64)
215.19: (0.75, -0.61, -0.26)
215.31: (0.83, -0.55, -0.06)
215.43: (0.81, -0.59, 0.01)
215.54: (0.94, -0.32, 0.08)
215.64: (0.99, 0.02, 0.15)
215.76: (0.97, 0.19, 0.12)
215.88: (0.97, 0.19, 0.12)
215.99: (0.99, 0.12, 0.07)
216.09: (1.00, 0.02, -0.03)
216.11: (1.00, 0.01, -0.04)
216.11: (-0.84, 0.06, 0.54): 2
216.21: (1.00, 0.00, -0.05)
216.33: (0.95, -0.18, -0.25)
216.43: (0.86, -0.31, -0.40)
216.54: (0.86, -0.31, -0.40)
216.64: (0.68, -0.53, -0.50)
216.76: (0.99, -0.16, -0.05)
216.88: (0.75, 0.44, 0.49)
216.99: (0.57, 0.60, 0.56)
217.09: (0.42, 0.69, 0.59)
217.21: (-0.03, 0.74, 0.67)
217.33: (-0.55, 0.52, 0.65)
217.44: (-0.85, 0.32, 0.42)
217.54: (-0.92, 0.29, 0.26)
217.66: (-0.87, 0.32, 0.39)
217.78: (-0.80, 0.22, 0.56)
217.89: (-0.81, 0.07, 0.58)
217.98: (-0.82, 0.03, 0.57)
217.98: (-0.21, 0.56, 0.80): 0
218.01: (-0.82, 0.03, 0.57)
218.13: (-0.84, 0.04, 0.53)
218.23: (-0.95, -0.01, 0.30)
218.34: (-0.98, -0.03, 0.21)
218.46: (-0.81, 0.24, 0.54)
218.58: (-0.59, 0.42, 0.69)
218.69: (-0.43, 0.52, 0.74)
218.81: (-0.34, 0.56, 0.75)
218.93: (-0.17, 0.58, 0.79)
218.94: (-0.17, 0.58, 0.79)
218.94: (0.66, -0.31, -0.69): 0
219.03: (-0.17, 0.58, 0.79)
219.14: (-0.44, 0.47, 0.76)
219.26: (-0.77, 0.21, 0.61)
219.38: (-0.96, -0.06, 0.28)
219.49: (-0.97, -0.21, -0.16)
219.59: (-0.83, -0.24, -0.51)
219.71: (-0.78, -0.23, -0.58)
219.83: (-0.61, -0.13, -0.79)
219.94: (-0.81, 0.22, -0.54)
220.06: (-0.86, 0.50, 0.06)
220.18: (-0.71, 0.39, 0.59)
220.28: (-0.46, 0.08, 0.89)
220.39: (0.00, -0.36, 0.93)
220.51: (0.55, -0.68, 0.49)
220.63: (0.73, -0.56, -0.40)
220.74: (0.52, -0.27, -0.81)
220.86: (0.16, 0.14, -0.98)
220.98: (0.36, -0.06, -0.93)
221.09: (0.54, -0.20, -0.82)
221.19: (0.57, -0.26, -0.78)
221.23: (0.57, -0.26, -0.78)
221.23: (0.94, -0.02, 0.34): 0
221.31: (0.58, -0.26, -0.77)
221.43: (0.74, -0.45, -0.50)
221.54: (0.73, -0.68, 0.06)
221.64: (0.27, -0.58, 0.77)
221.76: (-0.41, -0.01, 0.91)
221.88: (-0.72, 0.41, 0.56)
221.98: (-0.79, 0.61, 0.01)
222.09: (-0.69, 0.54, -0.48)
222.21: (-0.73, 0.35, -0.59)
222.33: (-0.95, 0.23, -0.20)
222.44: (-0.84, 0.09, 0.53)
222.56: (0.00, -0.19, 0.98)
222.68: (0.70, -0.21, 0.68)
222.79: (0.98, -0.03, 0.17)
222.89: (0.93, 0.14, -0.35)
222.99: (0.96, 0.15, -0.24)
223.09: (0.99, 0.02, 0.12)
223.21: (0.96, -0.05, 0.26)
223.26: (0.97, -0.04, 0.26)
223.26: (0.66, 0.33, -0.68): 0
223.33: (0.97, -0.04, 0.26)
223.44: (0.95, -0.04, 0.32)
223.56: (0.54, -0.09, 0.84)
223.68: (-0.34, -0.14, 0.93)
223.79: (-0.97, 0.02, 0.22)
223.89: (-0.71, 0.35, -0.61)
224.01: (0.26, 0.49, -0.83)
224.13: (0.66, 0.53, -0.54)
224.24: (0.44, 0.76, -0.47)
224.36: (0.36, 0.76, -0.53)
224.48: (0.49, 0.53, -0.69)
224.59: (0.56, 0.38, -0.74)
224.63: (0.56, 0.37, -0.74)
224.63: (-0.75, 0.53, 0.39): 1
224.71: (0.57, 0.37, -0.74)
224.83: (0.56, 0.40, -0.73)
224.93: (0.27, 0.56, -0.79)
225.04: (-0.20, 0.63, -0.75)
225.16: (-0.60, 0.58, -0.55)
225.26: (-0.91, 0.36, -0.20)
225.38: (-0.96, -0.02, 0.26)
225.49: (-0.70, -0.42, 0.57)
225.61: (-0.52, -0.54, 0.66)
225.72: (-0.85, -0.13, 0.51)
225.82: (-0.89, 0.18, 0.43)
225.93: (-0.86, 0.28, 0.42)
226.04: (-0.84, 0.36, 0.41)
226.14: (-0.80, 0.45, 0.40)
226.23: (-0.78, 0.49, 0.40)
226.23: (0.73, -0.68, -0.08): 1
226.26: (-0.76, 0.51, 0.41)
226.37: (-0.72, 0.46, 0.53)
226.48: (-0.58, 0.17, 0.79)
226.59: (-0.19, -0.38, 0.91)
226.69: (0.25, -0.72, 0.64)
226.81: (0.61, -0.79, -0.01)
226.92: (0.57, -0.61, -0.55)
227.04: (0.48, -0.61, -0.63)
227.14: (0.64, -0.73, -0.24)
227.26: (0.71, -0.70, -0.07)
227.34: (0.71, -0.70, -0.07)
227.34: (0.17, -0.87, -0.46): 2
227.37: (0.71, -0.70, -0.07)
227.47: (0.61, -0.79, 0.04)
227.59: (-0.07, -0.72, 0.69)
227.71: (-0.60, -0.27, 0.76)
227.82: (-0.36, -0.76, 0.54)
227.94: (0.12, -0.98, 0.15)
228.06: (0.39, -0.91, -0.09)
228.17: (0.29, -0.96, -0.04)
228.27: (0.17, -0.98, -0.13)
228.39: (0.18, -0.89, -0.43)
228.51: (0.20, -0.88, -0.44)
228.51: (0.99, -0.07, 0.14): 2
228.51: (0.20, -0.88, -0.44)
228.62: (0.18, -0.89, -0.41)
228.74: (-0.32, -0.95, -0.02)
228.86: (-0.74, -0.54, 0.40)
228.97: (-0.75, 0.17, 0.64)
229.07: (-0.29, 0.72, 0.63)
229.17: (0.03, 0.81, 0.59)
229.29: (0.36, 0.74, 0.56)
229.41: (0.75, 0.62, 0.23)
229.52: (0.97, 0.17, 0.17)
229.62: (0.79, -0.09, 0.61)
229.74: (0.33, -0.18, 0.93)
229.86: (0.58, -0.15, 0.80)
229.97: (0.89, -0.09, 0.44)
230.07: (0.98, -0.04, 0.21)
230.09: (0.98, -0.04, 0.21)
230.09: (0.54, -0.54, -0.64): 2
230.19: (0.98, -0.04, 0.21)
230.31: (0.97, -0.04, 0.22)
230.42: (0.67, 0.21, 0.72)
230.54: (0.02, 0.38, 0.92)
230.66: (-0.51, 0.38, 0.77)
230.77: (-0.93, 0.32, 0.16)
230.87: (-0.81, 0.10, -0.57)
230.99: (-0.17, -0.30, -0.94)
231.11: (0.40, -0.56, -0.72)
231.22: (0.73, -0.62, -0.29)
231.34: (0.81, -0.58, -0.06)
231.44: (0.66, -0.55, -0.51)
231.56: (0.53, -0.54, -0.65)
231.61: (0.52, -0.55, -0.65)
231.61: (0.92, -0.07, -0.38): 1
231.67: (0.51, -0.56, -0.65)
231.77: (0.52, -0.57, -0.64)
231.89: (0.73, -0.68, -0.12)
232.01: (0.83, -0.55, 0.00)
232.11: (0.82, -0.35, -0.46)
232.21: (0.73, -0.18, -0.66)
232.32: (0.84, -0.18, -0.51)
232.44: (0.91, -0.18, -0.38)
232.47: (0.91, -0.18, -0.38)
232.47: (-0.86, 0.51, -0.06): 1
232.56: (0.91, -0.19, -0.38)
232.67: (0.95, -0.29, -0.16)
232.79: (0.85, -0.30, 0.43)
232.91: (0.71, -0.16, 0.69)
233.02: (0.68, 0.00, 0.73)
233.14: (0.57, 0.41, 0.71)
233.26: (0.24, 0.69, 0.68)
233.37: (-0.03, 0.66, 0.75)
233.49: (-0.44, 0.51, 0.74)
233.61: (-0.74, 0.23, 0.62)
233.72: (-0.90, 0.03, 0.42)
233.84: (-0.92, 0.24, 0.30)
233.94: (-0.79, 0.56, 0.25)
234.06: (-0.73, 0.68, 0.10)
234.17: (-0.83, 0.55, -0.06)
234.29: (-0.88, 0.48, -0.07)
234.36: (-0.89, 0.46, -0.07)
234.36: (-0.33, 0.20, -0.92): 0
234.41: (-0.89, 0.46, -0.07)
234.52: (-0.67, 0.66, 0.34)
234.64: (0.01, 0.62, 0.79)
234.76: (0.74, 0.11, 0.66)
234.87: (0.73, -0.67, -0.11)
234.99: (0.07, -0.83, -0.55)
235.11: (-0.20, -0.74, -0.64)
235.22: (-0.29, -0.66, -0.69)
235.34: (-0.81, -0.05, -0.58)
235.46: (-0.90, 0.43, -0.02)
235.57: (-0.59, 0.61, 0.53)
235.69: (-0.81, 0.49, 0.32)
235.79: (-0.91, 0.33, -0.24)
235.91: (-0.70, 0.12, -0.71)
236.02: (-0.56, 0.09, -0.82)
236.14: (-0.45, 0.17, -0.87)
236.22: (-0.37, 0.24, -0.90)
236.22: (0.93, -0.34, 0.12): 1
236.24: (-0.36, 0.25, -0.90)
236.36: (-0.34, 0.28, -0.90)
236.46: (-0.46, 0.66, -0.59)
236.57: (-0.46, 0.89, -0.04)
236.69: (-0.38, 0.72, 0.58)
236.79: (-0.43, 0.30, 0.85)
236.91: (-0.38, -0.18, 0.91)
237.02: (-0.26, -0.57, 0.78)
237.14: (-0.28, -0.79, 0.55)
237.26: (-0.69, -0.69, 0.21)
237.36: (-0.97, -0.26, 0.00)
237.47: (-0.94, 0.34, -0.10)
237.59: (-0.61, 0.78, -0.15)
237.71: (-0.10, 0.98, -0.15)
237.82: (0.56, 0.83, -0.05)
237.94: (0.92, 0.36, 0.12)
238.06: (0.96, -0.16, 0.21)
238.17: (0.76, -0.61, 0.22)
238.29: (0.76, -0.61, 0.22)
238.39: (0.86, -0.48, 0.17)
238.49: (0.91, -0.38, 0.17)
238.49: (0.83, -0.24, 0.51): 0
238.51: (0.91, -0.38, 0.17)
238.62: (0.91, -0.38, 0.15)
238.74: (0.72, -0.68, 0.13)
238.86: (0.57, -0.80, 0.19)
238.97: (0.82, -0.39, 0.41)
239.07: (0.85, -0.21, 0.49)
239.14: (0.85, -0.20, 0.49)
239.14: (-0.31, -0.75, -0.59): 1
239.19: (0.85, -0.21, 0.49)
239.31: (0.81, -0.35, 0.47)
239.41: (0.62, -0.65, 0.44)
239.51: (0.26, -0.90, 0.35)
239.62: (-0.15, -0.96, 0.22)
239.74: (-0.47, -0.75, 0.47)
239.86: (-0.33, -0.36, 0.87)
239.97: (0.09, -0.18, 0.98)
240.07: (0.45, -0.14, 0.88)
240.19: (0.83, -0.06, 0.55)
240.31: (0.99, 0.14, -0.01)
240.41: (0.91, 0.30, -0.29)
240.52: (0.75, 0.50, -0.43)
240.64: (0.75, 0.66, -0.05)
240.76: (0.70, 0.55, 0.45)
240.87: (0.45, 0.39, 0.80)
240.97: (0.13, 0.10, 0.99)
241.09: (-0.07, -0.46, 0.88)
241.21: (-0.28, -0.83, 0.49)
241.32: (-0.41, -0.91, 0.02)
241.42: (-0.45, -0.84, -0.32)
241.54: (-0.44, -0.67, -0.60)
241.66: (-0.35, -0.60, -0.71)
241.76: (-0.27, -0.64, -0.72)
241.76: (-0.87, 0.49, -0.10): 1
241.76: (-0.27, -0.64, -0.72)
241.87: (-0.30, -0.70, -0.64)
241.99: (-0.30, -0.70, -0.64)
242.11: (-0.31, -0.75, -0.58)
242.22: (-0.38, -0.89, -0.24)
242.34: (-0.42, -0.90, 0.13)
242.44: (-0.57, -0.72, 0.40)
242.54: (-0.75, -0.45, 0.48)
242.64: (-0.90, -0.21, 0.38)
242.76: (-0.98, -0.15, 0.12)
242.86: (-0.99, -0.14, 0.04)
242.97: (-0.99, -0.10, -0.02)
243.09: (-0.96, 0.29, -0.02)
243.20: (-0.87, 0.48, -0.07)
243.31: (-0.87, 0.48, -0.07)
243.32: (-0.87, 0.48, -0.07)
243.32: (-0.91, -0.42, -0.05): 0
243.42: (-0.87, 0.48, -0.07)
243.54: (-0.90, 0.43, 0.11)
243.65: (-0.80, 0.09, 0.60)
243.77: (-0.58, -0.27, 0.77)
243.87: (-0.24, -0.43, 0.87)
243.97: (0.27, -0.39, 0.88)
244.07: (0.72, -0.21, 0.67)
244.19: (0.99, 0.01, 0.17)
244.31: (0.95, 0.15, -0.26)
244.42: (0.61, 0.31, -0.73)
244.54: (0.06, 0.34, -0.94)
244.65: (-0.44, 0.27, -0.86)
244.77: (-0.81, 0.13, -0.57)
244.87: (-0.97, -0.05, -0.23)
244.99: (-0.93, -0.35, -0.06)
245.09: (-0.89, -0.46, -0.05)
245.20: (-0.89, -0.46, -0.06)
245.22: (-0.89, -0.46, -0.06)
245.22: (-0.12, -0.95, -0.29): 1
245.32: (-0.89, -0.46, -0.05)
245.44: (-0.83, -0.52, 0.18)
245.55: (-0.57, -0.46, 0.68)
245.65: (-0.25, -0.31, 0.92)
245.77: (0.31, 0.00, 0.95)
245.89: (0.65, 0.35, 0.68)
246.00: (0.77, 0.54, 0.35)
246.12: (0.83, 0.56, -0.01)
246.24: (0.82, 0.53, -0.21)
246.34: (0.79, 0.43, -0.44)
246.45: (0.51, 0.09, -0.86)
246.57: (0.39, -0.13, -0.91)
246.67: (0.53, -0.20, -0.83)
246.77: (0.73, -0.23, -0.65)
246.89: (0.93, -0.21, -0.29)
247.00: (0.99, -0.07, 0.09)
247.12: (0.82, 0.16, 0.55)
247.22: (0.52, 0.28, 0.81)
247.34: (0.12, 0.26, 0.96)
247.45: (-0.23, 0.11, 0.97)
247.55: (-0.53, 0.02, 0.85)
247.67: (-0.70, -0.24, 0.67)
247.79: (-0.46, -0.66, 0.59)
247.90: (-0.29, -0.93, 0.20)
248.02: (-0.14, -0.99, 0.07)
248.14: (0.06, -0.96, 0.26)
248.25: (0.02, -1.00, 0.08)
248.35: (-0.02, -0.98, -0.21)
248.47: (0.00, -0.93, -0.38)
248.49: (0.00, -0.92, -0.40)
248.49: (0.97, -0.11, -0.22): 1
248.59: (0.01, -0.91, -0.42)
248.70: (0.04, -0.93, -0.36)
248.82: (-0.12, -0.88, -0.46)
248.92: (-0.08, -0.73, -0.68)
249.04: (0.10, -0.56, -0.83)
249.14: (0.23, -0.45, -0.86)
249.25: (0.52, -0.68, -0.52)
249.37: (0.68, -0.73, 0.00)
249.49: (0.68, -0.52, 0.52)
249.60: (0.59, -0.22, 0.77)
249.70: (0.78, -0.28, 0.55)
249.82: (0.95, -0.25, 0.18)
249.94: (0.98, -0.14, -0.14)
250.05: (0.96, -0.10, -0.27)
250.14: (0.96, -0.10, -0.26)
250.14: (0.77, -0.38, 0.52): 2
250.15: (0.96, -0.10, -0.26)
250.27: (0.97, -0.11, -0.20)
250.37: (0.98, -0.20, 0.01)
250.49: (0.82, -0.40, 0.42)
250.60: (0.45, -0.43, 0.78)
250.72: (0.07, -0.35, 0.93)
250.82: (0.15, -0.35, 0.92)
250.92: (0.52, -0.35, 0.78)
251.04: (0.79, -0.29, 0.53)
251.15: (0.84, -0.26, 0.47)
251.25: (0.82, -0.28, 0.51)
251.35: (0.77, -0.40, 0.50)
251.37: (0.76, -0.42, 0.49)
251.37: (0.90, -0.23, 0.38): 2
251.47: (0.75, -0.43, 0.51)
251.59: (0.53, -0.46, 0.71)
251.70: (0.22, -0.41, 0.89)
251.82: (0.49, -0.35, 0.80)
251.92: (0.76, -0.25, 0.60)
252.04: (0.82, -0.21, 0.53)
252.12: (0.83, -0.20, 0.52)
252.12: (1.00, -0.04, -0.04): 0
252.15: (0.83, -0.20, 0.52)
252.25: (0.84, -0.20, 0.51)
252.35: (0.90, -0.20, 0.38)
252.47: (0.91, -0.21, 0.36)
252.59: (0.96, -0.22, 0.17)
252.69: (0.98, -0.16, 0.07)
252.80: (1.00, -0.01, -0.06)
252.85: (1.00, 0.00, -0.08)
252.85: (-0.98, -0.16, -0.06): 2
252.92: (1.00, 0.01, -0.10)
253.04: (0.99, 0.01, -0.15)
253.15: (0.96, 0.08, -0.27)
253.27: (0.94, 0.11, -0.33)
253.37: (0.82, 0.19, -0.54)
253.49: (0.92, 0.07, -0.38)
253.60: (0.99, -0.14, 0.05)
253.72: (0.89, -0.14, 0.44)
253.84: (0.62, -0.11, 0.78)
253.95: (0.18, -0.08, 0.98)
254.07: (-0.28, -0.10, 0.96)
254.17: (-0.55, -0.16, 0.82)
254.29: (-0.62, -0.44, 0.65)
254.40: (-0.32, -0.82, 0.47)
254.52: (-0.09, -0.96, 0.28)
254.62: (0.15, -0.97, -0.17)
254.74: (0.35, -0.51, -0.78)
254.85: (0.33, 0.05, -0.94)
254.97: (0.32, 0.34, -0.88)
255.07: (0.34, 0.62, -0.71)
255.19: (0.25, 0.85, -0.46)
255.30: (-0.04, 0.97, -0.23)
255.42: (-0.36, 0.91, 0.18)
255.52: (-0.55, 0.68, 0.49)
255.64: (-0.75, 0.40, 0.53)
255.75: (-0.89, 0.10, 0.44)
255.85: (-0.88, -0.19, 0.44)
255.97: (-0.75, -0.30, 0.59)
256.09: (-0.81, -0.25, 0.53)
256.19: (-0.98, -0.05, 0.17)
256.30: (-1.00, -0.07, 0.03)
256.40: (-0.98, -0.17, -0.03)
256.42: (-0.98, -0.19, -0.04)
256.42: (0.28, -0.71, -0.64): 1
256.52: (-0.98, -0.20, -0.04)
256.64: (-0.98, -0.11, -0.18)
256.75: (-0.79, 0.15, -0.60)
256.87: (-0.33, 0.35, -0.88)
256.99: (0.31, 0.49, -0.82)
257.09: (0.77, 0.52, -0.36)
257.20: (0.90, 0.35, 0.26)
257.32: (0.67, 0.06, 0.74)
257.44: (0.15, -0.27, 0.95)
257.55: (-0.39, -0.47, 0.79)
257.67: (-0.73, -0.53, 0.42)
257.79: (-0.92, -0.37, 0.10)
257.90: (-0.98, -0.13, -0.17)
258.00: (-0.86, 0.02, -0.50)
258.12: (-0.53, 0.14, -0.83)
258.22: (-0.03, 0.23, -0.97)
258.34: (0.29, 0.24, -0.93)
258.44: (0.23, 0.32, -0.92)
258.55: (-0.37, 0.43, -0.82)
258.67: (-0.92, 0.13, -0.38)
258.79: (-0.94, -0.31, 0.11)
258.90: (-0.24, -0.66, 0.71)
259.00: (0.68, -0.34, 0.65)
259.10: (0.95, 0.28, 0.12)
259.20: (0.70, 0.63, -0.33)
259.32: (0.20, 0.68, -0.71)
259.42: (-0.44, 0.43, -0.79)
259.54: (-0.89, -0.04, -0.46)
259.65: (-0.76, -0.58, 0.27)
259.77: (0.09, -0.63, 0.77)
259.89: (0.85, -0.10, 0.52)
260.00: (0.93, 0.32, 0.15)
260.12: (0.57, 0.70, -0.43)
260.22: (0.10, 0.72, -0.69)
260.33: (-0.21, 0.80, -0.56)
260.44: (-0.30, 0.93, -0.20)
260.55: (0.10, 0.99, 0.04)
260.67: (0.66, 0.72, 0.22)
260.78: (0.89, -0.25, 0.38)
260.90: (-0.10, -0.99, 0.08)
261.02: (-0.94, -0.14, -0.30)
261.12: (-0.96, 0.27, 0.06)
261.23: (-0.69, -0.07, 0.72)
261.33: (-0.28, -0.34, 0.90)
261.43: (0.09, -0.46, 0.88)
261.55: (0.48, -0.59, 0.65)
261.67: (0.66, -0.72, 0.21)
261.77: (0.54, -0.83, -0.13)
261.88: (0.26, -0.59, -0.77)
262.00: (0.14, -0.33, -0.93)
262.12: (0.18, -0.51, -0.84)
262.23: (0.17, -0.73, -0.67)
262.32: (0.17, -0.72, -0.67)
262.32: (-0.29, -0.63, -0.72): 2
262.35: (0.17, -0.72, -0.67)
262.47: (0.17, -0.72, -0.67)
262.57: (0.14, -0.78, -0.61)
262.67: (0.12, -0.79, -0.60)
262.78: (0.12, -0.79, -0.60)
262.88: (0.12, -0.79, -0.60)
262.98: (0.09, -0.81, -0.58)
263.10: (-0.03, -0.73, -0.69)
263.22: (-0.18, -0.60, -0.78)
263.33: (-0.21, -0.58, -0.79)
263.35: (-0.22, -0.57, -0.79)
263.35: (1.00, 0.01, -0.05): 1
263.45: (-0.22, -0.57, -0.79)
263.57: (-0.26, -0.68, -0.68)
263.67: (-0.37, -0.82, -0.44)
263.78: (-0.56, -0.82, -0.12)
263.88: (-0.68, -0.69, 0.24)
264.00: (-0.73, -0.30, 0.61)
264.10: (-0.66, 0.08, 0.75)
264.22: (-0.64, 0.25, 0.73)
264.33: (-0.73, 0.48, 0.48)
264.45: (-0.67, 0.73, 0.16)
264.55: (-0.74, 0.68, 0.01)
264.67: (-0.90, 0.30, -0.31)
264.78: (-0.88, -0.19, -0.44)
264.88: (-0.53, -0.51, -0.67)
265.00: (0.10, -0.43, -0.90)
265.12: (0.56, -0.11, -0.82)
265.23: (0.90, 0.36, -0.26)
265.33: (0.77, 0.50, 0.39)
265.45: (0.48, 0.33, 0.81)
265.57: (0.79, 0.26, 0.56)
265.67: (0.96, 0.26, 0.14)
265.78: (0.97, 0.17, -0.15)
265.90: (0.99, 0.16, 0.03)
266.00: (0.98, 0.11, 0.17)
266.12: (0.99, 0.08, 0.12)
266.23: (1.00, 0.02, 0.04)
266.30: (1.00, 0.02, 0.04)
266.30: (0.26, -0.65, -0.72): 0
266.33: (1.00, 0.02, 0.04)
266.43: (1.00, 0.02, 0.04)
266.55: (0.97, 0.01, -0.23)
266.67: (0.77, 0.06, -0.63)
266.78: (0.29, 0.09, -0.95)
266.90: (-0.58, -0.05, -0.81)
267.02: (-0.99, -0.10, 0.02)
267.13: (-0.34, -0.15, 0.93)
267.25: (0.42, -0.16, 0.89)
267.35: (0.46, -0.15, 0.88)
267.47: (0.40, -0.16, 0.90)
267.57: (0.22, -0.22, 0.95)
267.68: (0.22, -0.22, 0.95)
267.80: (0.21, -0.21, 0.96)
267.92: (0.91, 0.13, 0.39)
268.03: (0.86, 0.34, -0.37)
268.13: (0.61, 0.41, -0.68)
268.25: (0.22, 0.43, -0.88)
268.37: (-0.15, 0.36, -0.92)
268.47: (-0.60, 0.14, -0.79)
268.58: (-0.88, -0.14, -0.45)
268.68: (-0.92, -0.38, -0.02)
268.80: (-0.77, -0.38, 0.51)
268.92: (-0.88, 0.10, 0.46)
269.03: (-0.94, 0.35, -0.01)
269.15: (-0.75, 0.41, -0.52)
269.27: (-0.08, 0.40, -0.91)
269.38: (0.62, 0.20, -0.76)
269.50: (0.89, -0.02, -0.45)
269.62: (0.96, -0.28, -0.03)
269.72: (0.74, -0.48, 0.47)
269.82: (0.42, -0.62, 0.66)
269.93: (-0.08, -0.83, 0.55)
270.05: (-0.42, -0.91, -0.03)
270.15: (-0.49, -0.58, -0.66)
270.25: (-0.35, 0.11, -0.93)
270.37: (-0.17, 0.68, -0.71)
270.48: (-0.09, 0.46, -0.88)
270.60: (-0.08, -0.10, -0.99)
270.72: (0.15, -0.56, -0.82)
270.82: (0.29, -0.70, -0.65)
270.92: (0.29, -0.70, -0.65)
270.92: (-0.28, -0.34, -0.90): 0
270.93: (0.29, -0.70, -0.65)
271.05: (0.29, -0.68, -0.67)
271.17: (0.12, -0.52, -0.84)
271.27: (-0.09, -0.38, -0.92)
271.37: (-0.33, -0.22, -0.92)
271.38: (-0.33, -0.22, -0.92)
271.38: (-0.36, -0.92, 0.16): 0
271.48: (-0.32, -0.26, -0.91)
271.58: (-0.26, -0.32, -0.91)
271.70: (-0.18, -0.43, -0.88)
271.82: (-0.22, -0.49, -0.84)
271.93: (-0.70, -0.37, -0.61)
272.03: (-0.82, 0.10, -0.57)
272.15: (-0.26, 0.53, -0.81)
272.27: (0.41, 0.78, -0.48)
272.38: (0.59, 0.80, -0.06)
272.48: (0.43, 0.77, 0.47)
272.60: (0.13, 0.54, 0.83)
272.72: (-0.25, 0.72, 0.65)
272.83: (-0.29, 0.95, 0.14)
272.93: (-0.03, 0.95, -0.31)
273.05: (0.39, 0.71, -0.59)
273.17: (0.76, 0.26, -0.60)
273.28: (0.85, -0.44, -0.30)
273.38: (0.52, -0.85, -0.04)
273.50: (-0.08, -0.95, 0.30)
273.62: (-0.62, -0.56, 0.55)
273.73: (-0.78, -0.07, 0.63)
273.85: (-0.64, -0.53, 0.55)
273.97: (-0.52, -0.69, 0.50)
274.08: (-0.40, -0.85, 0.33)
274.20: (-0.46, -0.87, 0.18)
274.30: (-0.38, -0.92, 0.09)
274.30: (0.71, 0.36, 0.61): 0
274.32: (-0.38, -0.92, 0.09)
274.43: (-0.34, -0.94, 0.09)
274.55: (-0.21, -0.96, 0.19)
274.65: (0.14, -0.99, -0.04)
274.75: (0.51, -0.60, -0.61)
274.85: (0.46, -0.02, -0.89)
274.97: (0.06, 0.50, -0.86)
275.08: (-0.38, 0.66, -0.65)
275.20: (-0.55, 0.81, -0.19)
275.32: (-0.28, 0.85, 0.46)
275.43: (0.23, 0.71, 0.67)
275.55: (0.64, 0.46, 0.61)
275.67: (0.91, 0.12, 0.40)
275.77: (0.94, -0.05, 0.35)
275.88: (0.80, 0.31, 0.52)
276.00: (0.68, 0.45, 0.58)
276.05: (0.69, 0.43, 0.58)
276.05: (-0.17, 0.10, -0.98): 2
276.12: (0.75, 0.34, 0.57)
276.22: (0.79, 0.18, 0.58)
276.32: (0.79, 0.11, 0.61)
276.43: (0.64, -0.50, 0.59)
276.55: (0.52, -0.72, 0.46)
276.67: (0.65, -0.64, 0.41)
276.78: (0.77, 0.29, 0.56)
276.88: (0.34, 0.86, 0.37)
277.00: (-0.30, 0.94, -0.16)
277.10: (-0.70, 0.43, -0.57)
277.22: (-0.64, -0.35, -0.68)
277.33: (-0.20, -0.80, -0.57)
277.43: (0.06, -0.83, -0.56)
277.55: (-0.24, -0.29, -0.93)
277.66: (-0.20, 0.20, -0.96)
277.78: (-0.17, 0.22, -0.96)
277.90: (-0.15, 0.04, -0.99)
277.95: (-0.16, 0.03, -0.99)
277.95: (0.80, -0.14, 0.59): 2
278.01: (-0.15, 0.04, -0.99)
278.13: (-0.15, 0.01, -0.99)
278.25: (0.02, -0.53, -0.85)
278.35: (0.22, -0.94, -0.27)
278.45: (0.36, -0.82, 0.44)
278.56: (0.35, -0.09, 0.93)
278.68: (0.22, 0.54, 0.81)
278.80: (0.38, 0.64, 0.67)
278.90: (0.68, 0.13, 0.72)
279.01: (0.75, -0.24, 0.62)
279.11: (0.74, -0.36, 0.57)
279.23: (0.76, -0.29, 0.59)
279.35: (0.77, -0.19, 0.61)
279.40: (0.78, -0.15, 0.61)
279.40: (0.77, -0.04, -0.64): 0
279.45: (0.78, -0.15, 0.61)
279.56: (0.78, -0.04, 0.62)
279.68: (0.71, 0.42, 0.56)
279.80: (0.34, 0.85, 0.40)
279.91: (-0.24, 0.95, 0.20)
280.01: (-0.62, 0.76, -0.19)
280.13: (-0.81, 0.44, -0.39)
280.25: (-0.90, 0.43, -0.10)
280.35: (-0.77, 0.55, 0.33)
280.45: (-0.49, 0.61, 0.62)
280.56: (0.05, 0.52, 0.85)
280.68: (0.66, 0.20, 0.73)
280.80: (0.93, -0.29, 0.23)
280.91: (0.85, -0.49, -0.19)
281.03: (0.52, -0.60, -0.60)
281.13: (-0.04, -0.57, -0.82)
281.23: (-0.49, -0.38, -0.78)
281.35: (-0.06, -0.36, -0.93)
281.46: (0.52, -0.37, -0.77)
281.58: (0.56, -0.40, -0.73)
281.70: (0.57, -0.31, -0.76)
281.80: (0.73, 0.00, -0.69)
281.91: (0.76, 0.09, -0.65)
281.98: (0.80, 0.07, -0.60)
281.98: (-0.53, -0.82, 0.22): 2
282.03: (0.80, 0.07, -0.59)
282.15: (0.76, 0.00, -0.65)
282.25: (0.65, -0.04, -0.76)
282.35: (0.32, -0.12, -0.94)
282.46: (-0.29, -0.17, -0.94)
282.56: (-0.74, -0.22, -0.64)
282.68: (-0.96, -0.24, -0.11)
282.80: (-0.92, -0.02, 0.40)
282.90: (-0.65, 0.42, 0.63)
283.00: (-0.36, 0.72, 0.59)
283.11: (0.08, 0.90, 0.43)
283.23: (0.60, 0.76, 0.24)
283.35: (0.88, 0.43, 0.19)
283.46: (0.94, 0.02, 0.33)
283.58: (0.78, -0.40, 0.48)
283.68: (0.57, -0.68, 0.46)
283.80: (0.46, -0.88, 0.13)
283.90: (0.24, -0.91, -0.33)
284.01: (0.14, -0.60, -0.79)
284.13: (0.58, -0.11, -0.81)
284.25: (0.98, -0.12, -0.16)
284.35: (0.76, -0.44, 0.48)
284.45: (-0.08, -0.62, 0.78)
284.56: (-0.92, -0.33, 0.21)
284.68: (-0.86, 0.08, -0.51)
284.80: (-0.67, 0.26, -0.70)
284.91: (-0.85, -0.05, -0.52)
285.03: (-0.77, -0.63, -0.12)
285.13: (-0.46, -0.87, 0.15)
285.25: (-0.42, -0.88, 0.20)
285.28: (-0.42, -0.88, 0.20)
285.28: (-0.87, -0.03, -0.50): 1
285.35: (-0.43, -0.88, 0.20)
285.46: (-0.47, -0.86, 0.19)
285.58: (-0.78, -0.60, -0.17)
285.70: (-0.68, 0.09, -0.72)
285.80: (-0.35, 0.47, -0.81)
285.90: (0.03, 0.76, -0.65)
286.01: (-0.25, 0.59, -0.77)
286.13: (-0.72, -0.04, -0.70)
286.25: (-0.80, -0.31, -0.51)
286.36: (-0.80, -0.32, -0.50)
286.48: (-0.83, -0.12, -0.55)
286.56: (-0.83, -0.12, -0.55)
286.56: (0.44, 0.88, -0.17): 0
286.60: (-0.83, -0.12, -0.55)
286.71: (-0.80, -0.04, -0.59)
286.81: (-0.52, 0.37, -0.77)
286.93: (0.08, 0.69, -0.71)
287.05: (0.39, 0.78, -0.49)
287.15: (0.57, 0.80, -0.17)
287.26: (0.56, 0.82, -0.09)
287.38: (0.37, 0.88, -0.28)
287.45: (0.35, 0.89, -0.31)
287.45: (0.73, -0.68, -0.09): 2
287.50: (0.35, 0.89, -0.31)
287.61: (0.37, 0.89, -0.27)
287.73: (0.51, 0.86, -0.06)
287.85: (0.69, 0.66, 0.30)
287.96: (0.68, 0.30, 0.67)
288.06: (0.53, -0.03, 0.85)
288.16: (0.19, -0.33, 0.93)
288.28: (-0.33, -0.61, 0.72)
288.40: (-0.63, -0.73, 0.27)
288.50: (-0.73, -0.66, -0.18)
288.61: (-0.73, -0.39, -0.57)
288.73: (-0.73, 0.09, -0.67)
288.85: (-0.69, 0.60, -0.40)
288.96: (-0.69, 0.73, -0.02)
289.06: (-0.58, 0.72, 0.37)
289.18: (-0.30, 0.56, 0.77)
289.30: (0.04, 0.07, 1.00)
289.40: (0.06, -0.43, 0.90)
289.51: (-0.07, -0.78, 0.63)
289.63: (-0.18, -0.97, 0.18)
289.75: (-0.44, -0.80, -0.41)
289.85: (-0.56, -0.29, -0.78)
289.96: (-0.50, 0.32, -0.80)
290.08: (-0.29, 0.83, -0.48)
290.18: (-0.05, 1.00, 0.00)
290.30: (0.27, 0.73, 0.63)
290.41: (0.41, -0.04, 0.91)
290.53: (0.28, -0.65, 0.71)
290.65: (0.01, -0.97, 0.23)
290.76: (-0.27, -0.90, -0.35)
290.86: (-0.43, -0.42, -0.80)
290.98: (-0.48, 0.21, -0.85)
291.10: (-0.53, 0.57, -0.63)
291.20: (-0.63, 0.69, -0.36)
291.31: (-0.69, 0.72, 0.09)
291.41: (-0.63, 0.57, 0.52)
291.53: (-0.43, 0.30, 0.85)
291.63: (-0.15, 0.20, 0.97)
291.75: (0.13, 0.37, 0.92)
291.86: (0.36, 0.57, 0.74)
291.96: (0.52, 0.65, 0.55)
292.06: (0.61, 0.58, 0.54)
292.16: (0.54, 0.23, 0.81)
292.28: (0.22, -0.36, 0.90)
292.40: (-0.05, -0.54, 0.84)
292.50: (-0.41, -0.43, 0.81)
292.61: (-0.90, -0.09, 0.43)
292.73: (-0.93, 0.27, -0.26)
292.85: (-0.27, 0.37, -0.89)
292.96: (0.66, 0.25, -0.71)
293.06: (0.98, 0.11, -0.19)
293.18: (0.84, -0.13, 0.53)
293.28: (-0.05, -0.30, 0.95)
293.40: (-0.96, -0.09, 0.25)
293.50: (-0.67, 0.13, -0.73)
293.60: (0.08, -0.04, -1.00)
293.71: (0.31, -0.51, -0.80)
293.83: (0.11, -0.71, -0.70)
293.93: (0.11, -0.71, -0.70)
294.05: (0.11, -0.71, -0.70)
294.16: (0.11, -0.71, -0.70)
294.26: (0.23, -0.80, -0.55)
294.38: (0.50, -0.86, -0.04)
294.48: (0.60, -0.80, 0.08)
294.59: (0.63, -0.78, -0.02)
294.71: (0.74, -0.66, -0.13)
294.79: (0.76, -0.64, -0.14)
294.79: (-1.00, -0.03, -0.02): 0
294.81: (0.76, -0.64, -0.14)
294.91: (0.77, -0.62, -0.10)
295.03: (0.86, -0.46, 0.19)
295.14: (0.83, -0.03, 0.55)
295.26: (0.47, 0.39, 0.79)
295.38: (0.04, 0.37, 0.93)
295.48: (-0.17, -0.04, 0.99)
295.59: (-0.02, -0.77, 0.64)
295.71: (0.24, -0.97, 0.01)
295.83: (0.54, -0.69, -0.49)
295.93: (0.71, -0.35, -0.61)
296.04: (0.70, 0.25, -0.66)
296.16: (0.25, 0.79, -0.56)
296.28: (-0.33, 0.92, -0.19)
296.38: (-0.50, 0.82, 0.28)
296.49: (-0.11, 0.52, 0.84)
296.61: (0.41, -0.02, 0.91)
296.71: (0.44, -0.66, 0.61)
296.83: (0.09, -0.98, 0.20)
296.94: (-0.02, -1.00, -0.04)
297.06: (0.54, -0.83, 0.16)
297.16: (0.78, -0.25, 0.57)
297.28: (0.67, 0.38, 0.63)
297.39: (0.14, 0.97, 0.17)
297.51: (-0.56, 0.68, -0.48)
297.61: (-0.83, 0.01, -0.56)
297.73: (-0.79, -0.60, -0.13)
297.83: (-0.37, -0.87, 0.33)
297.94: (-0.08, -0.85, 0.51)
298.06: (-0.57, -0.77, 0.29)
298.18: (-0.88, -0.48, -0.01)
298.29: (-0.98, 0.07, -0.16)
298.39: (-0.99, 0.09, -0.12)
298.51: (-1.00, -0.02, 0.07)
298.58: (-0.99, -0.07, 0.10)
298.58: (0.26, -0.55, 0.79): 2
298.63: (-0.99, -0.07, 0.10)
298.73: (-0.99, -0.09, 0.10)
298.84: (-0.80, -0.53, 0.27)
298.96: (-0.19, -0.85, 0.50)
299.08: (0.38, -0.59, 0.71)
299.18: (0.25, -0.16, 0.96)
299.28: (-0.36, 0.27, 0.89)
299.39: (-0.38, 0.10, 0.92)
299.51: (-0.07, -0.22, 0.97)
299.63: (0.10, -0.33, 0.94)
299.73: (0.16, -0.38, 0.91)
299.84: (0.26, -0.58, 0.77)
299.88: (0.26, -0.63, 0.73)
299.88: (0.88, -0.05, 0.47): 1
299.96: (0.25, -0.69, 0.68)
300.06: (0.20, -0.72, 0.66)
300.18: (-0.28, -0.62, 0.73)
300.29: (-0.79, -0.09, 0.61)
300.41: (-0.92, 0.29, 0.26)
300.51: (-0.89, 0.32, -0.33)
300.63: (-0.48, -0.05, -0.88)
300.74: (0.17, -0.45, -0.88)
300.84: (0.66, -0.48, -0.58)
300.96: (0.98, -0.01, -0.18)
301.08: (0.86, 0.50, -0.03)
301.19: (0.41, 0.89, -0.19)
301.31: (-0.34, 0.75, -0.57)
301.43: (-0.83, 0.20, -0.53)
301.54: (-0.93, 0.33, -0.16)
301.66: (-0.21, 0.86, -0.47)
301.78: (0.43, 0.64, -0.64)
301.89: (0.49, 0.58, -0.66)
302.01: (0.74, 0.29, -0.61)
302.11: (0.91, 0.01, -0.41)
302.21: (0.99, -0.12, -0.03)
302.33: (0.92, -0.27, 0.29)
302.44: (0.77, -0.52, 0.38)
302.56: (0.82, -0.40, 0.41)
302.68: (0.89, -0.16, 0.42)
302.78: (0.88, -0.11, 0.45)
302.79: (0.88, -0.11, 0.46)
302.79: (0.31, -0.15, -0.94): 2
302.89: (0.88, -0.10, 0.46)
303.01: (0.95, -0.29, 0.13)
303.13: (0.83, -0.31, -0.46)
303.24: (0.45, -0.14, -0.88)
303.36: (-0.21, -0.09, -0.97)
303.48: (-0.57, -0.16, -0.80)
303.59: (-0.28, -0.21, -0.94)
303.69: (0.18, -0.27, -0.95)
303.81: (0.57, -0.22, -0.79)
303.91: (0.51, -0.20, -0.84)
304.01: (0.37, -0.17, -0.92)
304.11: (0.31, -0.14, -0.94)
END