3/28/2023 12:24:46 PM
Mode: Stereo
White time (s): [1.66626, 0.583252, 2.032898, 0.4334717, 0.75, 1.599731, 6.71521, 1.616333, 2.399292, 0.4001465, 0.7663574, 2.432861, 3.966064, 0.383667, 0.3996582, 1.766357, 1.866577, 1.74939, 0.3500977, 1.599365, 1.233154, 0.6330566, 0.5002441, 0.4835205, 1.382935, 0.7830811, 0.5001221, 0.5664063, 0.3502197, 2.015991]
Shot time (s): [1.14978, 1.116577, 0.9160156, 1.316895, 0.3830566, 0.449585, 1.382935, 1.766357, 1.233276, 1.033325, 1.116699, 0.8165283, 1.316406, 3.032715, 1.283081, 1.666382, 0.6502686, 1.032593, 2.665649, 0.9663086, 1.682861, 1.165894, 0.5501709, 3.96582, 1.533447, 1.10022, 1.315918, 1.716431, 1.099976, 3.998901]
Step time (s): [1.583008, 1.066528, 0.5831299, 1.199829, 0.4332275, 2.016235, 1.250122, 2.982788, 1.73291, 1.832886, 2.032959, 1.63269, 2.582642, 0.6499023, 0.8168945, 1.133179, 2.149414, 1.483032, 0.4500732, 2.499756, 0.9827881, 1.116577, 1.132813, 1.349487, 1.516113, 2.882935, 1.516357, 1.216309, 1.033203, 0.4168701]
White horz (deg): [147.1349, 20.90999, 318.8774, 20.78248, 83.89495, 166.2599, 829.2599, 189.7199, 352.5374, 26.39249, 71.14495, 234.5999, 577.4474, 15.17249, 30.47248, 185.7674, 283.4323, 239.3174, 11.72999, 242.1224, 139.7399, 39.01497, 23.20499, 50.99997, 228.0974, 83.00245, 49.21497, 43.98747, 22.69499, 258.9524]
Shot horz (deg): [138.9749, 193.7999, 118.1924, 250.0274, 7.777496, 25.88248, 170.595, 143.3099, 146.7524, 119.2124, 90.14247, 90.77995, 176.7149, 561.2549, 162.5624, 194.1824, 58.64996, 117.0449, 276.4199, 141.7799, 222.615, 179.6474, 36.59248, 591.4722, 200.0474, 147.3899, 209.6099, 241.1024, 120.3599, 496.3572]
Step horz (deg): [158.4825, 129.6674, 16.82999, 148.4099, 32.63998, 218.1524, 166.5149, 308.9324, 234.7274, 174.4199, 295.5449, 162.8174, 282.9225, 67.44745, 18.10499, 90.90744, 176.9699, 184.2374, 44.87997, 369.1125, 76.37245, 151.4699, 167.6624, 222.7424, 213.3074, 352.1551, 211.3949, 162.8174, 150.9599, 36.08248]
White vert (deg): [50.10745, 14.02499, 236.1298, 23.71499, 27.15748, 33.78747, 635.9704, 68.59496, 213.1799, 16.70249, 30.21748, 215.8574, 483.6073, 15.29999, 14.27999, 196.2224, 197.3699, 116.4074, 16.57499, 118.4474, 79.30495, 38.63247, 34.80748, 12.11249, 157.08, 56.09997, 37.22997, 29.70748, 19.37999, 219.2999]
Shot vert (deg): [66.29996, 37.61247, 50.23496, 96.77244, 25.11748, 30.85498, 60.68996, 121.5074, 82.61994, 53.42247, 65.40746, 35.18998, 78.02996, 262.9049, 61.58245, 177.4799, 38.88747, 88.48495, 179.9024, 26.26498, 155.295, 39.14248, 7.139996, 343.3575, 94.73244, 65.02496, 54.31497, 131.9624, 80.96245, 288.66]
Step vert (deg): [69.86993, 32.25748, 48.83247, 72.67496, 14.78999, 204.2548, 60.81746, 208.9724, 110.9249, 121.6349, 121.3799, 96.51742, 284.835, 30.85498, 42.45748, 76.11743, 112.5825, 93.96744, 11.60249, 171.3599, 70.37997, 68.46744, 51.38245, 101.4899, 128.9024, 279.4799, 90.52493, 50.87246, 63.87746, 20.39999]

Time in sec: camera forward versor
Time in sec: target versor: sound type (0 = White, 1 = Shot, 2 = Step)
START
1017.10: (0.93, -0.35, 0.09): 0
1017.10: (-0.91, -0.23, -0.34)
1017.20: (-0.91, -0.23, -0.34)
1017.32: (-0.91, -0.22, -0.34)
1017.43: (-0.91, -0.20, -0.37)
1017.55: (-0.90, -0.05, -0.44)
1017.65: (-0.85, -0.10, -0.52)
1017.77: (-0.64, -0.32, -0.70)
1017.87: (-0.49, -0.42, -0.76)
1017.98: (-0.27, -0.51, -0.81)
1018.10: (0.26, -0.66, -0.71)
1018.22: (0.41, -0.54, -0.73)
1018.32: (0.69, -0.60, -0.41)
1018.43: (0.80, -0.55, -0.25)
1018.55: (0.90, -0.42, -0.12)
1018.67: (0.91, -0.41, -0.05)
1018.77: (0.90, -0.43, 0.02)
1018.77: (0.86, -0.28, 0.43): 0
1018.78: (0.90, -0.43, 0.02)
1018.88: (0.90, -0.42, 0.08)
1019.00: (0.90, -0.42, 0.08)
1019.12: (0.88, -0.39, 0.26)
1019.23: (0.84, -0.37, 0.41)
1019.35: (0.86, -0.35, 0.38)
1019.35: (-0.96, 0.17, 0.24): 2
1019.35: (0.86, -0.35, 0.38)
1019.45: (0.85, -0.33, 0.41)
1019.57: (0.83, -0.32, 0.45)
1019.68: (0.77, -0.18, 0.61)
1019.80: (0.59, 0.04, 0.81)
1019.90: (0.59, 0.04, 0.81)
1020.02: (0.59, 0.04, 0.81)
1020.13: (0.68, 0.08, 0.72)
1020.23: (0.33, 0.50, 0.80)
1020.35: (-0.09, 0.60, 0.79)
1020.47: (-0.57, 0.41, 0.71)
1020.58: (-0.80, 0.32, 0.51)
1020.70: (-0.88, 0.35, 0.31)
1020.82: (-0.95, 0.20, 0.25)
1020.93: (-0.96, 0.09, 0.27)
1020.93: (0.84, 0.08, 0.54): 1
1020.93: (-0.96, 0.09, 0.27)
1021.05: (-0.96, 0.09, 0.27)
1021.17: (-0.95, 0.10, 0.29)
1021.28: (-0.93, 0.19, 0.32)
1021.40: (-0.71, 0.39, 0.59)
1021.50: (-0.24, 0.47, 0.85)
1021.62: (0.28, 0.51, 0.82)
1021.72: (0.55, 0.38, 0.74)
1021.83: (0.91, 0.03, 0.42)
1021.93: (0.87, 0.04, 0.48)
1022.05: (0.79, 0.06, 0.62)
1022.08: (0.78, 0.07, 0.62)
1022.08: (-0.05, -0.42, 0.91): 0
1022.15: (0.78, 0.07, 0.62)
1022.25: (0.78, 0.07, 0.63)
1022.37: (0.78, 0.05, 0.63)
1022.48: (0.97, -0.01, 0.22)
1022.60: (0.92, -0.36, -0.18)
1022.72: (0.70, -0.71, 0.05)
1022.83: (0.82, -0.50, 0.27)
1022.95: (0.84, 0.39, 0.38)
1023.05: (0.84, 0.51, 0.18)
1023.17: (0.83, 0.50, -0.26)
1023.28: (0.82, 0.08, -0.56)
1023.38: (0.55, -0.64, -0.54)
1023.50: (0.74, -0.65, -0.18)
1023.60: (0.79, -0.45, 0.43)
1023.72: (0.34, -0.60, 0.72)
1023.83: (-0.19, -0.62, 0.76)
1023.95: (-0.21, -0.58, 0.79)
1024.07: (0.10, -0.45, 0.89)
1024.12: (0.13, -0.43, 0.90)
1024.12: (-1.00, -0.02, 0.03): 2
1024.18: (0.11, -0.41, 0.91)
1024.30: (-0.02, -0.38, 0.92)
1024.42: (-0.10, -0.41, 0.91)
1024.53: (-0.15, -0.42, 0.90)
1024.65: (-0.58, -0.48, 0.66)
1024.75: (-0.59, -0.48, 0.65)
1024.87: (-0.99, -0.12, -0.10)
1024.98: (-0.98, 0.02, -0.19)
1025.10: (-0.99, 0.04, 0.12)
1025.18: (-0.98, -0.03, 0.20)
1025.18: (-0.95, -0.22, -0.24): 2
1025.22: (-0.98, -0.03, 0.20)
1025.32: (-0.98, -0.03, 0.19)
1025.43: (-0.99, -0.07, 0.08)
1025.55: (-0.89, -0.35, -0.29)
1025.67: (-0.94, -0.25, -0.24)
1025.77: (-0.98, -0.09, -0.19)
1025.77: (0.57, -0.64, 0.52): 2
1025.78: (-0.98, -0.06, -0.18)
1025.90: (-0.98, -0.07, -0.18)
1026.02: (-0.97, -0.16, -0.17)
1026.13: (-0.93, -0.36, -0.08)
1026.23: (-0.80, -0.57, 0.19)
1026.35: (-0.54, -0.51, 0.67)
1026.45: (-0.19, -0.41, 0.89)
1026.57: (0.11, -0.36, 0.93)
1026.68: (0.63, -0.32, 0.71)
1026.80: (0.64, -0.42, 0.64)
1026.92: (0.56, -0.63, 0.54)
1026.97: (0.54, -0.66, 0.52)
1026.97: (0.93, -0.14, 0.33): 2
1027.03: (0.54, -0.66, 0.52)
1027.15: (0.56, -0.60, 0.57)
1027.27: (0.80, -0.37, 0.47)
1027.38: (0.91, -0.21, 0.37)
1027.40: (0.91, -0.21, 0.36)
1027.40: (-0.93, -0.26, 0.27): 1
1027.48: (0.91, -0.21, 0.36)
1027.60: (0.97, -0.05, 0.24)
1027.72: (0.99, 0.10, 0.13)
1027.82: (0.98, 0.20, 0.04)
1027.92: (0.92, -0.15, 0.35)
1028.03: (0.06, -0.64, 0.77)
1028.15: (-0.48, -0.63, 0.61)
1028.25: (-0.75, -0.52, 0.41)
1028.37: (-0.78, -0.51, 0.36)
1028.48: (-0.89, -0.27, 0.36)
1028.52: (-0.91, -0.22, 0.34)
1028.52: (0.72, -0.69, 0.01): 2
1028.60: (-0.92, -0.19, 0.34)
1028.72: (-0.95, -0.10, 0.28)
1028.82: (-0.98, 0.03, 0.18)
1028.93: (-1.00, 0.07, -0.04)
1029.05: (-0.94, 0.23, -0.25)
1029.17: (-0.99, 0.10, -0.11)
1029.28: (-0.68, -0.45, 0.59)
1029.40: (-0.67, -0.68, 0.30)
1029.52: (-0.68, -0.72, 0.17)
1029.63: (-0.53, -0.84, -0.12)
1029.75: (-0.12, -0.99, -0.12)
1029.87: (0.16, -0.71, 0.68)
1029.98: (0.20, -0.44, 0.87)
1030.08: (0.37, -0.40, 0.84)
1030.20: (0.60, -0.65, 0.46)
1030.32: (0.64, -0.66, 0.39)
1030.43: (0.71, -0.67, 0.23)
1030.53: (0.76, -0.64, -0.12)
1030.53: (-0.95, 0.19, -0.27): 2
1030.55: (0.77, -0.63, -0.14)
1030.67: (0.76, -0.64, 0.02)
1030.77: (0.69, -0.71, 0.13)
1030.87: (0.53, -0.83, 0.14)
1030.98: (-0.42, -0.90, 0.07)
1031.10: (-0.49, -0.79, 0.35)
1031.20: (-0.49, -0.79, 0.35)
1031.32: (-0.55, -0.78, 0.29)
1031.43: (-0.94, -0.33, 0.10)
1031.55: (-0.97, -0.22, 0.03)
1031.65: (-0.98, -0.20, 0.01)
1031.77: (-0.95, 0.22, -0.22)
1031.78: (-0.94, 0.26, -0.24)
1031.78: (-0.07, 0.76, 0.64): 2
1031.88: (-0.93, 0.26, -0.25)
1031.98: (-0.98, 0.16, -0.11)
1032.10: (-0.99, 0.11, -0.02)
1032.22: (-1.00, 0.04, 0.06)
1032.33: (-0.95, -0.13, 0.27)
1032.45: (-0.90, 0.09, 0.43)
1032.57: (-0.57, 0.82, 0.00)
1032.68: (-0.58, 0.80, -0.15)
1032.80: (-0.54, 0.64, -0.54)
1032.92: (-0.48, 0.43, -0.77)
1033.03: (-0.49, 0.31, -0.82)
1033.15: (-0.58, 0.14, -0.80)
1033.27: (-0.59, -0.23, -0.77)
1033.37: (-0.53, -0.46, -0.72)
1033.48: (-0.53, -0.50, -0.68)
1033.60: (-0.68, -0.56, -0.47)
1033.70: (-0.73, -0.64, -0.24)
1033.82: (-0.70, -0.72, -0.01)
1033.93: (-0.55, -0.83, 0.14)
1034.05: (-0.62, -0.57, 0.54)
1034.16: (-0.61, -0.41, 0.68)
1034.27: (-0.57, -0.11, 0.82)
1034.38: (-0.46, 0.11, 0.88)
1034.50: (-0.11, 0.52, 0.85)
1034.62: (0.01, 0.58, 0.81)
1034.73: (-0.08, 0.78, 0.62)
1034.77: (-0.08, 0.79, 0.61)
1034.77: (-0.22, -0.85, 0.47): 1
1034.85: (-0.08, 0.79, 0.61)
1034.96: (-0.20, 0.70, 0.69)
1035.08: (-0.40, 0.63, 0.66)
1035.20: (-0.75, 0.17, 0.64)
1035.30: (-0.73, -0.46, 0.50)
1035.40: (-0.57, -0.59, 0.57)
1035.51: (-0.50, -0.62, 0.61)
1035.63: (-0.30, -0.79, 0.53)
1035.68: (-0.20, -0.87, 0.46)
1035.68: (0.90, -0.15, -0.41): 2
1035.73: (-0.20, -0.87, 0.45)
1035.85: (-0.21, -0.88, 0.43)
1035.96: (-0.33, -0.84, 0.43)
1036.08: (-0.46, -0.80, 0.39)
1036.20: (-0.61, -0.40, 0.68)
1036.30: (-0.67, -0.18, 0.72)
1036.41: (-0.67, -0.18, 0.72)
1036.53: (-0.62, -0.63, 0.47)
1036.65: (-0.36, -0.89, -0.28)
1036.76: (-0.02, -0.83, -0.56)
1036.88: (0.17, -0.77, -0.61)
1037.00: (0.54, -0.73, -0.42)
1037.11: (0.73, -0.16, -0.67)
1037.23: (0.76, -0.10, -0.64)
1037.33: (0.88, -0.18, -0.44)
1037.41: (0.92, -0.24, -0.31)
1037.41: (0.92, -0.17, 0.35): 1
1037.45: (0.92, -0.22, -0.33)
1037.56: (0.91, -0.18, -0.36)
1037.66: (0.90, -0.12, -0.41)
1037.78: (0.89, 0.29, -0.36)
1037.90: (0.31, 0.90, -0.31)
1038.01: (0.08, 0.93, -0.37)
1038.11: (0.56, 0.52, -0.64)
1038.23: (0.77, -0.56, -0.29)
1038.33: (0.73, -0.68, 0.05)
1038.45: (0.76, -0.44, 0.47)
1038.56: (0.80, -0.22, 0.55)
1038.68: (0.94, -0.13, 0.31)
1038.73: (0.95, -0.13, 0.28)
1038.73: (0.95, 0.11, 0.29): 1
1038.78: (0.95, -0.12, 0.28)
1038.90: (0.95, -0.17, 0.25)
1039.01: (0.96, -0.18, 0.23)
1039.11: (0.95, 0.09, 0.30)
1039.11: (0.78, 0.63, 0.04): 0
1039.13: (0.95, 0.09, 0.30)
1039.25: (0.95, 0.09, 0.30)
1039.36: (0.97, 0.12, 0.23)
1039.48: (0.87, 0.47, 0.13)
1039.55: (0.84, 0.53, 0.14)
1039.55: (0.98, 0.12, 0.17): 1
1039.60: (0.82, 0.56, 0.10)
1039.71: (0.77, 0.64, 0.03)
1039.83: (0.84, 0.54, 0.06)
1039.95: (0.98, 0.20, 0.08)
1040.00: (0.98, 0.16, 0.09)
1040.00: (-0.60, -0.77, -0.19): 1
1040.06: (0.99, 0.15, 0.08)
1040.18: (0.98, 0.15, 0.10)
1040.30: (0.98, 0.11, 0.17)
1040.41: (0.92, 0.07, 0.38)
1040.53: (0.75, -0.03, 0.67)
1040.65: (0.63, 0.01, 0.78)
1040.75: (0.32, -0.20, 0.93)
1040.86: (-0.21, -0.52, 0.83)
1040.98: (-0.43, -0.62, 0.65)
1041.10: (-0.54, -0.72, 0.43)
1041.21: (-0.69, -0.72, -0.08)
1041.33: (-0.70, -0.70, -0.16)
1041.38: (-0.68, -0.71, -0.18)
1041.38: (0.05, -0.42, 0.91): 0
1041.45: (-0.67, -0.72, -0.18)
1041.56: (-0.62, -0.78, -0.09)
1041.68: (-0.54, -0.84, 0.01)
1041.80: (-0.15, -0.80, 0.58)
1041.91: (-0.13, -0.68, 0.72)
1042.01: (-0.13, -0.58, 0.81)
1042.13: (0.03, -0.37, 0.93)
1042.13: (-0.86, 0.51, 0.02): 2
1042.13: (0.03, -0.37, 0.93)
1042.25: (0.04, -0.37, 0.93)
1042.36: (0.18, -0.43, 0.88)
1042.48: (0.24, -0.45, 0.86)
1042.60: (0.29, -0.50, 0.81)
1042.71: (0.34, -0.77, 0.54)
1042.81: (0.16, -0.89, 0.44)
1042.91: (-0.07, -0.98, 0.20)
1043.03: (-0.06, -1.00, 0.03)
1043.15: (-0.41, -0.85, -0.34)
1043.26: (-0.58, -0.74, -0.33)
1043.38: (-0.63, -0.47, -0.61)
1043.50: (-0.88, -0.20, -0.43)
1043.61: (-0.97, -0.01, -0.26)
1043.73: (-0.98, 0.16, -0.14)
1043.85: (-0.91, 0.41, -0.05)
1043.95: (-0.86, 0.51, 0.01)
1043.96: (-0.86, 0.51, 0.01)
1043.96: (0.99, 0.14, 0.08): 0
1044.06: (-0.86, 0.52, 0.01)
1044.18: (-0.85, 0.53, -0.05)
1044.28: (-0.85, 0.53, -0.05)
1044.38: (-0.85, 0.53, -0.05)
1044.50: (-0.50, 0.85, 0.17)
1044.61: (-0.19, 0.94, 0.27)
1044.73: (-0.03, 0.95, 0.31)
1044.85: (0.34, 0.86, 0.38)
1044.96: (0.81, 0.54, 0.23)
1045.08: (0.94, 0.31, 0.13)
1045.20: (0.99, 0.12, 0.05)
1045.30: (1.00, -0.03, -0.04)
1045.41: (1.00, -0.03, -0.04)
1045.53: (0.99, 0.09, 0.05)
1045.56: (0.99, 0.10, 0.07)
1045.56: (-0.99, -0.06, 0.13): 1
1045.63: (0.99, 0.11, 0.07)
1045.75: (0.99, 0.13, 0.08)
1045.86: (0.98, 0.20, 0.04)
1045.98: (0.98, 0.20, 0.04)
1046.10: (0.98, 0.20, 0.04)
1046.21: (0.77, 0.39, 0.51)
1046.33: (0.56, 0.39, 0.73)
1046.43: (0.31, 0.42, 0.85)
1046.55: (0.05, 0.44, 0.90)
1046.66: (-0.45, 0.49, 0.75)
1046.78: (-0.68, 0.41, 0.61)
1046.90: (-0.87, 0.40, 0.29)
1047.01: (-0.94, 0.31, 0.15)
1047.13: (-0.99, -0.06, 0.10)
1047.25: (-0.98, -0.13, 0.14)
1047.33: (-0.98, -0.13, 0.17)
1047.33: (0.59, 0.78, -0.20): 2
1047.35: (-0.98, -0.13, 0.17)
1047.46: (-0.98, -0.13, 0.17)
1047.58: (-0.99, -0.09, 0.14)
1047.70: (-0.99, 0.03, -0.10)
1047.81: (-0.92, 0.22, -0.31)
1047.93: (-0.96, 0.21, 0.17)
1048.03: (-0.94, 0.28, 0.21)
1048.15: (-0.44, 0.17, -0.88)
1048.26: (-0.23, 0.10, -0.97)
1048.36: (-0.25, -0.02, -0.97)
1048.46: (0.02, -0.15, -0.99)
1048.58: (0.65, -0.41, -0.64)
1048.70: (0.95, -0.22, -0.22)
1048.81: (1.00, 0.06, -0.05)
1048.93: (0.93, 0.34, 0.15)
1049.05: (0.85, 0.48, 0.20)
1049.15: (0.67, 0.74, 0.10)
1049.26: (0.67, 0.74, -0.08)
1049.36: (0.66, 0.75, -0.12)
1049.36: (-0.03, -1.00, -0.09): 1
1049.38: (0.66, 0.75, -0.12)
1049.50: (0.65, 0.75, -0.13)
1049.61: (0.62, 0.76, -0.18)
1049.73: (0.67, 0.64, -0.37)
1049.83: (0.71, 0.21, -0.68)
1049.95: (0.55, -0.20, -0.81)
1050.06: (0.47, -0.39, -0.79)
1050.18: (0.36, -0.74, -0.56)
1050.30: (-0.20, -0.88, -0.43)
1050.41: (-0.30, -0.93, -0.20)
1050.51: (-0.21, -0.98, -0.05)
1050.60: (-0.11, -0.99, -0.03)
1050.60: (-0.63, 0.16, 0.76): 2
1050.63: (-0.11, -0.99, -0.03)
1050.75: (-0.02, -1.00, -0.07)
1050.86: (0.05, -1.00, -0.07)
1050.98: (0.05, -0.98, -0.18)
1051.09: (0.05, -0.98, -0.18)
1051.20: (0.06, -0.98, -0.18)
1051.31: (-0.17, -0.98, -0.11)
1051.43: (-0.84, -0.54, -0.06)
1051.54: (-0.95, -0.30, 0.07)
1051.66: (-0.98, -0.08, 0.18)
1051.78: (-0.92, 0.33, 0.22)
1051.88: (-0.87, 0.29, 0.40)
1051.99: (-0.75, 0.02, 0.67)
1052.11: (-0.69, -0.03, 0.73)
1052.23: (-0.61, 0.21, 0.76)
1052.23: (0.14, -0.95, -0.27): 1
1052.23: (-0.61, 0.21, 0.76)
1052.34: (-0.61, 0.21, 0.76)
1052.46: (-0.68, 0.09, 0.72)
1052.58: (-0.76, 0.04, 0.65)
1052.68: (-0.76, 0.04, 0.65)
1052.79: (-0.78, -0.51, 0.38)
1052.91: (-0.48, -0.87, -0.14)
1053.03: (-0.29, -0.89, -0.36)
1053.14: (-0.14, -0.95, -0.29)
1053.26: (0.13, -0.98, -0.15)
1053.26: (-0.42, 0.85, -0.31): 0
1053.26: (0.13, -0.98, -0.15)
1053.38: (0.14, -0.97, -0.20)
1053.49: (0.15, -0.96, -0.21)
1053.59: (0.15, -0.97, -0.21)
1053.69: (0.26, -0.90, -0.36)
1053.81: (0.57, -0.39, -0.72)
1053.93: (0.28, -0.39, -0.88)
1054.04: (-0.15, -0.35, -0.93)
1054.16: (-0.24, -0.01, -0.97)
1054.28: (0.08, 0.64, -0.77)
1054.39: (0.28, 0.66, -0.70)
1054.51: (0.63, 0.60, -0.50)
1054.63: (0.80, 0.30, -0.52)
1054.74: (0.83, 0.04, -0.56)
1054.86: (0.86, -0.08, -0.50)
1054.98: (0.94, -0.26, -0.21)
1055.08: (0.95, -0.28, -0.12)
1055.19: (0.90, -0.43, -0.01)
1055.31: (0.77, -0.64, 0.02)
1055.43: (0.97, -0.22, 0.09)
1055.54: (0.90, 0.44, -0.07)
1055.66: (0.72, 0.69, -0.06)
1055.76: (0.52, 0.84, 0.17)
1055.88: (0.25, 0.75, 0.61)
1055.99: (0.27, 0.40, 0.87)
1056.11: (0.36, 0.15, 0.92)
1056.23: (0.81, 0.08, 0.58)
1056.34: (0.94, 0.12, 0.31)
1056.46: (0.95, 0.12, 0.29)
1056.56: (0.99, 0.07, 0.11)
1056.68: (0.94, 0.15, -0.30)
1056.79: (0.81, 0.17, -0.56)
1056.91: (0.66, 0.12, -0.74)
1057.03: (0.41, 0.22, -0.89)
1057.14: (0.24, 0.18, -0.95)
1057.26: (-0.14, 0.10, -0.99)
1057.38: (-0.42, 0.11, -0.90)
1057.49: (-0.66, 0.18, -0.73)
1057.61: (-0.73, -0.06, -0.69)
1057.73: (-0.64, -0.46, -0.62)
1057.83: (-0.54, -0.61, -0.58)
1057.94: (-0.69, -0.67, -0.27)
1058.06: (-0.55, -0.79, 0.26)
1058.16: (-0.24, -0.83, 0.50)
1058.28: (-0.09, -0.96, 0.26)
1058.39: (0.22, -0.96, -0.19)
1058.49: (0.20, -0.98, 0.00)
1058.61: (0.20, -0.98, 0.00)
1058.73: (0.20, -0.98, 0.00)
1058.84: (0.74, -0.62, 0.24)
1058.96: (0.58, -0.38, 0.72)
1059.08: (0.08, -0.39, 0.92)
1059.19: (-0.69, -0.15, 0.70)
1059.31: (-0.96, -0.05, 0.28)
1059.43: (-1.00, 0.01, -0.05)
1059.54: (-0.97, 0.24, -0.03)
1059.66: (-0.85, 0.51, -0.12)
1059.78: (-0.60, 0.78, -0.16)
1059.89: (-0.47, 0.85, -0.22)
1059.98: (-0.42, 0.85, -0.33)
1059.98: (0.31, 0.60, 0.74): 2
1059.99: (-0.40, 0.84, -0.36)
1060.11: (-0.40, 0.83, -0.40)
1060.21: (-0.61, 0.74, -0.28)
1060.33: (-0.80, 0.59, -0.12)
1060.44: (-0.94, 0.14, 0.31)
1060.56: (-0.92, 0.04, 0.38)
1060.68: (-0.93, 0.04, 0.37)
1060.79: (-0.95, 0.26, -0.19)
1060.91: (-0.91, -0.04, -0.41)
1061.03: (-0.73, -0.06, -0.69)
1061.13: (-0.68, -0.17, -0.72)
1061.24: (-0.70, -0.23, -0.68)
1061.36: (-0.94, 0.29, -0.19)
1061.46: (-0.85, 0.49, 0.19)
1061.58: (-0.82, 0.45, 0.35)
1061.69: (-0.62, 0.18, 0.76)
1061.81: (-0.54, 0.37, 0.76)
1061.93: (-0.29, 0.34, 0.89)
1062.04: (0.33, -0.04, 0.94)
1062.16: (0.53, -0.31, 0.79)
1062.28: (0.30, 0.27, 0.92)
1062.39: (0.17, 0.55, 0.82)
1062.51: (0.30, 0.60, 0.74)
1062.56: (0.34, 0.61, 0.71)
1062.56: (-0.12, -0.02, 0.99): 2
1062.63: (0.34, 0.61, 0.71)
1062.74: (0.29, 0.57, 0.77)
1062.86: (0.06, 0.10, 0.99)
1062.98: (-0.03, -0.22, 0.98)
1063.09: (-0.03, -0.05, 1.00)
1063.21: (-0.04, 0.09, 1.00)
1063.21: (-0.63, -0.71, 0.32): 1
1063.21: (-0.04, 0.09, 1.00)
1063.31: (-0.05, 0.08, 1.00)
1063.43: (-0.13, -0.02, 0.99)
1063.54: (-0.13, -0.51, 0.85)
1063.66: (-0.01, -0.90, 0.45)
1063.78: (0.11, -0.91, 0.41)
1063.89: (0.07, -0.94, 0.34)
1064.01: (-0.44, -0.85, 0.28)
1064.11: (-0.44, -0.85, 0.27)
1064.23: (-0.50, -0.80, 0.33)
1064.33: (-0.62, -0.71, 0.33)
1064.33: (-0.05, 0.97, -0.22): 0
1064.34: (-0.62, -0.71, 0.33)
1064.46: (-0.61, -0.73, 0.30)
1064.58: (-0.56, -0.80, 0.24)
1064.69: (-0.39, -0.90, 0.21)
1064.81: (-0.33, -0.39, 0.86)
1064.91: (-0.15, -0.26, 0.95)
1065.03: (0.00, -0.28, 0.96)
1065.13: (0.19, -0.17, 0.97)
1065.23: (0.15, 0.48, 0.87)
1065.34: (0.03, 0.83, 0.56)
1065.44: (0.03, 0.83, 0.56)
1065.56: (0.03, 0.83, 0.56)
1065.68: (0.02, 0.96, 0.29)
1065.79: (0.05, 1.00, 0.02)
1065.91: (0.01, 0.99, -0.15)
1065.94: (0.01, 0.99, -0.15)
1065.94: (-0.56, 0.44, -0.70): 1
1066.03: (0.01, 0.99, -0.15)
1066.13: (0.01, 0.99, -0.15)
1066.24: (-0.06, 0.98, -0.18)
1066.36: (-0.24, 0.84, -0.48)
1066.48: (-0.22, 0.28, -0.94)
1066.59: (-0.34, 0.25, -0.91)
1066.71: (-0.53, 0.53, -0.66)
1066.76: (-0.53, 0.54, -0.65)
1066.76: (-0.95, -0.10, -0.31): 0
1066.81: (-0.53, 0.54, -0.65)
1066.93: (-0.53, 0.52, -0.67)
1067.04: (-0.54, 0.45, -0.71)
1067.16: (-0.40, 0.14, -0.91)
1067.28: (-0.22, -0.41, -0.89)
1067.38: (-0.21, -0.42, -0.88)
1067.48: (-0.21, -0.42, -0.88)
1067.59: (-0.12, -0.32, -0.94)
1067.71: (-0.06, 0.46, -0.89)
1067.82: (-0.14, 0.70, -0.70)
1067.94: (0.00, 0.81, -0.58)
1068.06: (-0.12, 0.93, -0.34)
1068.18: (-0.06, 0.96, 0.28)
1068.29: (0.40, 0.82, 0.41)
1068.41: (0.54, 0.78, -0.31)
1068.52: (0.09, 0.45, -0.89)
1068.64: (-0.32, 0.16, -0.93)
1068.76: (-0.82, 0.16, -0.55)
1068.87: (-0.95, 0.19, -0.26)
1068.99: (-0.93, 0.13, -0.35)
1069.11: (-0.88, -0.14, -0.45)
1069.16: (-0.90, -0.16, -0.41)
1069.16: (0.89, 0.42, 0.18): 1
1069.22: (-0.90, -0.16, -0.41)
1069.34: (-0.93, -0.15, -0.33)
1069.46: (-0.97, 0.07, -0.25)
1069.57: (-0.74, 0.55, -0.40)
1069.69: (-0.30, 0.73, -0.62)
1069.81: (-0.33, 0.66, -0.68)
1069.92: (0.10, 0.66, -0.75)
1070.04: (0.72, 0.54, -0.43)
1070.16: (0.86, 0.45, -0.24)
1070.27: (0.91, 0.39, -0.16)
1070.39: (0.90, 0.39, 0.19)
1070.47: (0.89, 0.39, 0.25)
1070.47: (-0.82, 0.46, 0.35): 1
1070.51: (0.88, 0.40, 0.26)
1070.62: (0.87, 0.40, 0.28)
1070.74: (0.83, 0.44, 0.33)
1070.86: (0.47, 0.73, -0.50)
1070.97: (0.01, 0.60, -0.80)
1071.09: (0.01, 0.60, -0.80)
1071.21: (0.34, 0.86, -0.38)
1071.32: (0.32, 0.95, 0.03)
1071.42: (0.26, 0.90, 0.36)
1071.52: (0.24, 0.78, 0.58)
1071.64: (0.01, 0.89, 0.45)
1071.76: (-0.34, 0.74, -0.58)
1071.87: (-0.21, 0.58, -0.79)
1071.97: (-0.29, 0.06, -0.95)
1072.09: (-0.30, -0.04, -0.95)
1072.21: (0.09, 0.86, -0.51)
1072.32: (0.59, 0.69, 0.41)
1072.44: (0.52, 0.54, 0.67)
1072.56: (0.30, 0.75, 0.59)
1072.67: (0.20, 0.62, 0.76)
1072.79: (-0.03, 0.30, 0.95)
1072.91: (-0.29, 0.16, 0.94)
1073.01: (-0.68, 0.01, 0.73)
1073.11: (-0.82, -0.24, 0.52)
1073.22: (-0.85, -0.25, 0.46)
1073.34: (-0.90, 0.02, 0.43)
1073.46: (-0.85, 0.36, 0.39)
1073.51: (-0.84, 0.38, 0.39)
1073.51: (0.97, -0.04, -0.26): 1
1073.57: (-0.84, 0.38, 0.39)
1073.69: (-0.82, 0.40, 0.41)
1073.81: (-0.81, 0.40, 0.42)
1073.92: (-0.84, 0.30, 0.46)
1074.04: (-0.18, 0.58, 0.79)
1074.14: (0.23, 0.52, 0.82)
1074.26: (0.38, 0.43, 0.82)
1074.37: (0.62, 0.28, 0.73)
1074.49: (0.87, 0.19, 0.46)
1074.59: (0.99, 0.08, 0.08)
1074.71: (0.97, 0.07, -0.24)
1074.79: (0.96, 0.02, -0.28)
1074.79: (-0.05, 0.99, 0.09): 1
1074.82: (0.96, 0.02, -0.28)
1074.94: (0.98, -0.01, -0.20)
1075.06: (0.98, 0.04, -0.19)
1075.16: (0.96, 0.14, 0.23)
1075.27: (0.46, 0.12, 0.88)
1075.39: (0.37, 0.28, 0.89)
1075.51: (-0.11, 0.47, 0.88)
1075.61: (-0.45, 0.66, 0.60)
1075.71: (-0.57, 0.66, 0.49)
1075.82: (-0.48, 0.60, 0.65)
1075.94: (0.13, 0.23, 0.96)
1076.06: (0.07, 0.77, 0.64)
1076.17: (-0.11, 0.91, 0.41)
1076.29: (-0.14, 0.91, 0.38)
1076.41: (-0.06, 0.98, 0.18)
1076.46: (-0.05, 0.99, 0.11)
1076.46: (-0.85, 0.52, -0.08): 1
1076.52: (-0.05, 1.00, 0.08)
1076.64: (-0.04, 0.99, 0.11)
1076.76: (-0.20, 0.92, 0.33)
1076.87: (-0.67, 0.71, 0.20)
1076.99: (-0.86, 0.49, 0.12)
1077.11: (-0.86, 0.51, 0.04)
1077.11: (0.14, 0.46, 0.87): 1
1077.11: (-0.86, 0.51, 0.04)
1077.22: (-0.81, 0.59, -0.05)
1077.34: (-0.81, 0.59, -0.05)
1077.46: (-0.89, 0.46, 0.04)
1077.57: (-0.43, 0.90, 0.06)
1077.69: (0.18, 0.92, 0.36)
1077.81: (0.34, 0.75, 0.57)
1077.92: (0.39, 0.50, 0.77)
1078.04: (0.26, 0.38, 0.89)
1078.14: (0.06, 0.40, 0.91)
1078.14: (0.34, 0.43, 0.84): 0
1078.16: (0.06, 0.40, 0.91)
1078.26: (0.05, 0.41, 0.91)
1078.36: (0.00, 0.53, 0.85)
1078.47: (0.32, 0.59, 0.74)
1078.54: (0.39, 0.56, 0.73)
1078.54: (0.97, 0.05, 0.24): 0
1078.59: (0.39, 0.55, 0.74)
1078.71: (0.29, 0.38, 0.88)
1078.82: (0.33, 0.37, 0.87)
1078.94: (0.79, 0.29, 0.54)
1079.06: (0.89, 0.16, 0.42)
1079.17: (0.90, 0.14, 0.41)
1079.29: (0.99, 0.00, 0.16)
1079.31: (0.99, 0.00, 0.15)
1079.31: (-0.84, 0.49, -0.24): 0
1079.41: (0.99, -0.01, 0.11)
1079.52: (1.00, -0.01, 0.06)
1079.64: (0.99, -0.13, 0.04)
1079.76: (0.97, -0.06, 0.23)
1079.86: (0.90, 0.38, 0.23)
1079.97: (0.55, 0.72, 0.43)
1080.09: (0.47, 0.81, 0.34)
1080.19: (0.30, 0.89, 0.35)
1080.31: (-0.19, 0.83, 0.53)
1080.42: (-0.39, 0.50, 0.77)
1080.54: (-0.36, 0.24, 0.90)
1080.64: (-0.37, 0.19, 0.91)
1080.76: (-0.32, -0.17, 0.93)
1080.86: (-0.46, -0.43, 0.78)
1080.97: (-0.55, -0.41, 0.73)
1081.09: (-0.91, -0.08, 0.40)
1081.19: (-0.98, 0.03, 0.18)
1081.31: (-1.00, 0.01, -0.04)
1081.41: (-0.99, 0.04, -0.12)
1081.52: (-0.95, 0.09, -0.29)
1081.64: (-0.87, 0.36, -0.34)
1081.74: (-0.86, 0.43, -0.27)
1081.74: (-0.98, -0.17, 0.05): 2
1081.76: (-0.86, 0.43, -0.27)
1081.86: (-0.86, 0.43, -0.27)
1081.97: (-0.87, 0.38, -0.31)
1082.09: (-0.89, 0.25, -0.37)
1082.19: (-0.90, 0.24, -0.37)
1082.29: (-0.93, 0.17, -0.31)
1082.41: (-0.99, -0.06, -0.09)
1082.52: (-0.99, -0.16, 0.02)
1082.56: (-0.98, -0.21, 0.05)
1082.56: (-0.71, 0.52, -0.48): 1
1082.64: (-0.98, -0.21, 0.05)
1082.76: (-0.98, -0.20, 0.06)
1082.87: (-0.97, -0.21, 0.12)
1082.99: (-0.93, -0.35, 0.12)
1083.11: (-0.61, -0.67, -0.42)
1083.22: (-0.53, -0.78, -0.34)
1083.34: (-0.44, -0.86, -0.26)
1083.46: (-0.40, -0.90, -0.18)
1083.57: (-0.64, -0.75, 0.17)
1083.69: (-0.48, -0.65, 0.59)
1083.81: (-0.25, -0.63, 0.73)
1083.92: (-0.22, -0.58, 0.78)
1084.04: (-0.10, -0.31, 0.95)
1084.14: (0.19, 0.02, 0.98)
1084.26: (0.05, 0.25, 0.97)
1084.37: (0.05, 0.25, 0.97)
1084.49: (0.05, 0.25, 0.97)
1084.59: (-0.11, 0.75, 0.65)
1084.71: (-0.35, 0.92, 0.17)
1084.82: (-0.36, 0.93, 0.00)
1084.94: (-0.31, 0.92, -0.25)
1085.05: (-0.59, 0.63, -0.50)
1085.17: (-0.75, 0.51, -0.42)
1085.22: (-0.76, 0.51, -0.41)
1085.22: (0.02, 0.82, -0.57): 0
1085.29: (-0.75, 0.51, -0.41)
1085.39: (-0.73, 0.57, -0.38)
1085.50: (-0.71, 0.59, -0.39)
1085.60: (-0.64, 0.53, -0.56)
1085.72: (-0.07, -0.12, -0.99)
1085.84: (-0.20, -0.33, -0.92)
1085.95: (-0.39, -0.27, -0.88)
1086.07: (-0.76, 0.13, -0.63)
1086.17: (-0.91, 0.30, -0.30)
1086.29: (-0.92, 0.36, -0.16)
1086.40: (-0.93, 0.36, -0.08)
1086.52: (-0.87, 0.43, 0.23)
1086.62: (-0.79, 0.39, 0.46)
1086.74: (-0.66, 0.39, 0.65)
1086.85: (-0.30, 0.43, 0.85)
1086.97: (-0.14, 0.45, 0.88)
1087.09: (0.10, 0.58, 0.81)
1087.20: (0.53, 0.68, 0.51)
1087.32: (0.93, 0.34, 0.12)
1087.44: (0.98, -0.19, 0.00)
1087.55: (0.77, -0.59, 0.25)
1087.65: (0.48, -0.70, 0.53)
1087.77: (0.20, -0.74, 0.64)
1087.89: (-0.20, -0.93, 0.30)
1088.00: (-0.59, -0.79, 0.17)
1088.12: (-0.88, -0.46, -0.14)
1088.22: (-0.41, -0.79, -0.46)
1088.34: (0.49, -0.80, -0.35)
1088.45: (0.77, -0.21, -0.61)
1088.57: (0.76, 0.30, -0.57)
1088.69: (0.49, 0.84, -0.22)
1088.80: (0.20, 0.97, 0.13)
1088.92: (0.03, 0.98, -0.20)
1089.02: (-0.01, 0.85, -0.53)
1089.14: (-0.02, 0.75, -0.66)
1089.19: (-0.04, 0.73, -0.68)
1089.19: (0.93, 0.26, -0.27): 1
1089.25: (-0.04, 0.73, -0.68)
1089.37: (-0.09, 0.80, -0.59)
1089.49: (-0.03, 0.81, -0.59)
1089.60: (0.29, 0.79, -0.54)
1089.72: (0.29, 0.79, -0.54)
1089.84: (0.97, 0.18, -0.18)
1089.95: (0.98, -0.18, 0.09)
1090.07: (0.98, 0.11, -0.15)
1090.15: (0.93, 0.26, -0.25)
1090.15: (0.62, -0.30, 0.73): 2
1090.19: (0.93, 0.27, -0.25)
1090.29: (0.91, 0.32, -0.27)
1090.40: (0.93, 0.24, -0.29)
1090.50: (0.94, 0.35, -0.06)
1090.62: (0.88, 0.46, 0.10)
1090.74: (0.86, 0.49, 0.13)
1090.85: (0.90, 0.41, 0.12)
1090.97: (0.86, -0.24, 0.45)
1091.09: (0.79, -0.43, 0.44)
1091.20: (0.73, -0.22, 0.65)
1091.29: (0.59, -0.17, 0.79)
1091.29: (0.87, -0.08, 0.48): 0
1091.32: (0.59, -0.17, 0.79)
1091.44: (0.61, -0.21, 0.77)
1091.55: (0.61, -0.23, 0.76)
1091.65: (0.79, -0.15, 0.59)
1091.67: (0.81, -0.13, 0.57)
1091.67: (0.85, 0.33, 0.42): 0
1091.77: (0.84, -0.10, 0.53)
1091.89: (0.87, -0.09, 0.49)
1092.00: (0.86, 0.25, 0.45)
1092.07: (0.84, 0.37, 0.40)
1092.07: (-0.99, 0.12, -0.07): 2
1092.12: (0.85, 0.38, 0.38)
1092.24: (0.85, 0.38, 0.37)
1092.35: (0.88, 0.33, 0.35)
1092.45: (0.91, 0.25, 0.33)
1092.57: (1.00, 0.02, -0.03)
1092.69: (1.00, 0.02, -0.03)
1092.79: (1.00, 0.02, -0.03)
1092.90: (1.00, 0.02, -0.03)
1093.02: (1.00, 0.02, -0.03)
1093.14: (1.00, 0.02, -0.03)
1093.25: (0.94, 0.08, -0.34)
1093.37: (0.61, 0.54, -0.59)
1093.49: (0.42, 0.68, -0.60)
1093.59: (0.34, 0.71, -0.62)
1093.70: (0.06, 0.66, -0.75)
1093.82: (-0.49, 0.66, -0.58)
1093.94: (-0.83, 0.55, -0.02)
1094.05: (-0.91, 0.41, 0.11)
1094.17: (-0.98, 0.17, 0.02)
1094.22: (-1.00, 0.06, -0.02)
1094.22: (0.37, -0.90, -0.24): 0
1094.27: (-1.00, -0.03, -0.02)
1094.39: (-1.00, 0.01, -0.04)
1094.50: (-0.99, 0.09, -0.12)
1094.62: (-0.99, 0.12, 0.03)
1094.74: (-0.67, 0.42, 0.61)
1094.84: (-0.59, 0.45, 0.67)
1094.95: (-0.23, 0.54, 0.81)
1095.07: (0.04, 0.42, 0.90)
1095.19: (0.30, 0.04, 0.95)
1095.30: (0.25, -0.22, 0.94)
1095.42: (0.06, -0.84, 0.54)
1095.54: (-0.07, -0.91, 0.41)
1095.65: (-0.31, -0.95, 0.07)
1095.77: (0.15, -0.99, 0.05)
1095.89: (0.44, -0.90, -0.05)
1095.99: (0.43, -0.88, -0.19)
1095.99: (-0.62, -0.77, 0.15): 2
1095.99: (0.43, -0.88, -0.19)
1096.10: (0.34, -0.89, -0.31)
1096.22: (0.32, -0.92, -0.24)
1096.34: (0.24, -0.97, 0.08)
1096.44: (0.24, -0.97, 0.08)
1096.55: (0.29, -0.95, 0.06)
1096.67: (0.13, -0.95, 0.30)
1096.79: (-0.15, -0.71, 0.69)
1096.90: (-0.38, -0.27, 0.88)
1097.02: (-0.51, 0.05, 0.86)
1097.12: (-0.66, -0.31, 0.68)
1097.24: (-0.42, -0.78, 0.46)
1097.35: (-0.50, -0.81, 0.30)
1097.47: (-0.62, -0.78, 0.12)
1097.47: (0.87, 0.06, -0.50): 0
1097.47: (-0.62, -0.78, 0.12)
1097.59: (-0.55, -0.82, 0.11)
1097.69: (-0.52, -0.82, 0.25)
1097.80: (-0.40, -0.79, 0.46)
1097.92: (0.14, -0.98, -0.11)
1098.04: (0.35, -0.78, -0.52)
1098.14: (0.29, -0.71, -0.64)
1098.25: (0.00, -0.52, -0.85)
1098.37: (-0.47, -0.23, -0.86)
1098.49: (-0.38, 0.03, -0.92)
1098.59: (-0.30, 0.28, -0.91)
1098.69: (-0.33, 0.50, -0.80)
1098.80: (0.40, 0.88, -0.27)
1098.92: (0.64, 0.64, -0.42)
1099.04: (0.73, 0.08, -0.68)
1099.15: (0.63, -0.04, -0.77)
1099.27: (0.87, 0.05, -0.49)
1099.34: (0.93, 0.07, -0.35)
1099.34: (-0.90, 0.39, -0.20): 0
1099.39: (0.92, 0.06, -0.39)
1099.49: (0.92, 0.05, -0.39)
1099.60: (0.88, 0.10, -0.46)
1099.72: (0.73, 0.12, -0.67)
1099.84: (-0.06, 0.02, -1.00)
1099.95: (-0.33, -0.25, -0.91)
1100.05: (-0.51, -0.45, -0.73)
1100.17: (-0.73, -0.48, -0.48)
1100.29: (-0.87, -0.47, -0.18)
1100.39: (-0.95, -0.31, 0.09)
1100.50: (-0.95, -0.26, 0.17)
1100.62: (-0.96, -0.17, 0.23)
1100.72: (-0.95, 0.24, 0.17)
1100.82: (-0.90, 0.19, -0.39)
1100.94: (-0.87, 0.20, -0.46)
1101.05: (-0.93, 0.28, -0.24)
1101.08: (-0.93, 0.31, -0.21)
1101.08: (-0.83, 0.46, -0.32): 0
1101.17: (-0.93, 0.34, -0.17)
1101.27: (-0.93, 0.34, -0.17)
1101.39: (-0.89, 0.43, -0.15)
1101.44: (-0.79, 0.52, -0.33)
1101.44: (0.16, 0.65, -0.75): 1
1101.50: (-0.75, 0.51, -0.41)
1101.62: (-0.79, 0.43, -0.44)
1101.73: (-0.83, 0.39, -0.41)
1101.85: (-0.91, 0.39, -0.16)
1101.97: (-0.81, 0.54, 0.23)
1102.08: (-0.68, 0.52, 0.52)
1102.18: (-0.92, 0.04, 0.38)
1102.28: (-0.95, -0.31, -0.09)
1102.40: (-0.89, -0.37, -0.27)
1102.52: (-0.76, -0.44, -0.48)
1102.63: (-0.48, 0.12, -0.87)
1102.73: (-0.17, 0.59, -0.79)
1102.85: (0.16, 0.47, -0.87)
1102.97: (0.27, 0.44, -0.86)
1103.08: (0.19, 0.56, -0.81)
1103.12: (0.15, 0.58, -0.80)
1103.12: (0.80, 0.07, -0.60): 2
1103.20: (0.13, 0.61, -0.78)
1103.30: (0.11, 0.61, -0.78)
1103.42: (0.38, 0.49, -0.79)
1103.53: (0.69, 0.22, -0.69)
1103.57: (0.69, 0.22, -0.69)
1103.57: (-0.92, 0.39, 0.03): 2
1103.63: (0.69, 0.22, -0.69)
1103.73: (0.75, 0.15, -0.65)
1103.85: (0.87, -0.06, -0.49)
1103.97: (0.89, -0.35, -0.30)
1104.08: (0.74, -0.68, 0.03)
1104.18: (0.54, -0.84, 0.00)
1104.30: (0.62, -0.67, -0.42)
1104.40: (0.57, -0.26, -0.78)
1104.52: (0.37, -0.06, -0.93)
1104.63: (0.28, 0.16, -0.95)
1104.75: (0.30, 0.42, -0.85)
1104.87: (0.32, 0.85, -0.43)
1104.98: (0.20, 0.96, -0.18)
1105.10: (0.12, 0.99, 0.06)
1105.20: (0.01, 0.92, 0.40)
1105.32: (-0.17, 0.75, 0.64)
1105.43: (-0.31, 0.59, 0.74)
1105.55: (-0.54, 0.25, 0.80)
1105.67: (-0.73, 0.21, 0.65)
1105.78: (-0.99, -0.05, 0.14)
1105.88: (-1.00, -0.03, 0.02)
1106.00: (-0.95, 0.29, 0.08)
1106.07: (-0.88, 0.47, 0.11)
1106.07: (0.87, 0.46, 0.19): 1
1106.10: (-0.89, 0.45, 0.10)
1106.22: (-0.90, 0.42, 0.09)
1106.33: (-0.94, 0.33, 0.12)
1106.45: (-0.99, 0.10, 0.08)
1106.57: (-0.62, 0.65, 0.43)
1106.68: (0.19, 0.91, 0.36)
1106.80: (0.31, 0.90, 0.32)
1106.92: (0.65, 0.74, 0.20)
1107.02: (0.91, 0.35, 0.22)
1107.13: (0.91, 0.36, 0.21)
1107.23: (0.86, 0.46, 0.22)
1107.23: (0.99, -0.14, 0.00): 1
1107.25: (0.86, 0.46, 0.22)
1107.37: (0.85, 0.48, 0.23)
1107.48: (0.83, 0.50, 0.23)
1107.60: (1.00, 0.03, 0.04)
1107.72: (1.00, -0.01, 0.04)
1107.78: (1.00, -0.03, 0.05)
1107.78: (0.48, 0.08, -0.87): 0
1107.83: (1.00, -0.05, 0.06)
1107.95: (0.99, -0.09, 0.05)
1108.07: (0.99, -0.11, 0.05)
1108.17: (0.93, -0.37, -0.07)
1108.28: (0.50, -0.74, -0.45)
1108.40: (0.32, -0.84, -0.43)
1108.52: (-0.17, -0.98, -0.11)
1108.63: (0.16, -0.99, 0.05)
1108.75: (0.91, -0.41, 0.05)
1108.87: (0.98, 0.14, -0.17)
1108.98: (0.84, 0.30, -0.46)
1109.10: (0.71, 0.36, -0.60)
1109.22: (0.59, 0.32, -0.74)
1109.32: (0.48, 0.16, -0.86)
1109.38: (0.44, 0.08, -0.89)
1109.38: (0.95, 0.29, -0.10): 0
1109.43: (0.44, 0.08, -0.89)
1109.53: (0.45, 0.07, -0.89)
1109.65: (0.47, 0.13, -0.87)
1109.77: (0.48, 0.43, -0.77)
1109.88: (0.22, 0.86, -0.46)
1110.00: (0.13, 0.96, -0.25)
1110.12: (0.17, 0.98, 0.10)
1110.22: (0.60, 0.79, 0.13)
1110.33: (0.82, 0.54, -0.16)
1110.45: (0.86, 0.42, -0.30)
1110.57: (0.92, 0.37, -0.09)
1110.62: (0.94, 0.35, -0.04)
1110.62: (-0.79, -0.47, 0.40): 1
1110.68: (0.94, 0.32, -0.07)
1110.80: (0.94, 0.32, -0.12)
1110.92: (0.93, 0.37, 0.01)
1111.02: (0.84, 0.49, 0.25)
1111.13: (0.50, 0.61, 0.61)
1111.25: (0.11, 0.58, 0.81)
1111.37: (-0.32, 0.57, 0.76)
1111.48: (-0.83, 0.35, 0.44)
1111.58: (-0.99, 0.09, 0.10)
1111.68: (-0.99, 0.08, -0.08)
1111.80: (-0.96, -0.17, -0.24)
1111.92: (-0.90, -0.10, -0.43)
1112.03: (-0.69, -0.07, -0.72)
1112.15: (-0.58, 0.13, -0.81)
1112.27: (-0.65, 0.50, -0.58)
1112.38: (-0.79, 0.60, -0.14)
1112.50: (-0.87, 0.48, 0.14)
1112.62: (-0.93, 0.21, 0.30)
1112.73: (-0.84, 0.24, 0.49)
1112.85: (-0.40, 0.68, 0.61)
1112.97: (0.06, 0.93, 0.37)
1113.07: (0.04, 1.00, 0.08)
1113.18: (-0.27, 0.89, -0.36)
1113.30: (-0.27, 0.67, -0.69)
1113.42: (-0.22, 0.51, -0.83)
1113.53: (-0.35, 0.19, -0.92)
1113.63: (-0.27, -0.29, -0.92)
1113.75: (-0.09, -0.74, -0.67)
1113.85: (-0.16, -0.85, -0.51)
1113.97: (-0.22, -0.93, -0.30)
1114.08: (-0.30, -0.91, 0.29)
1114.20: (-0.44, -0.71, 0.55)
1114.32: (-0.75, -0.33, 0.57)
1114.43: (-0.79, -0.29, 0.55)
1114.55: (-0.74, -0.61, 0.29)
1114.58: (-0.73, -0.62, 0.28)
1114.58: (-0.47, 0.85, -0.23): 1
1114.65: (-0.73, -0.63, 0.26)
1114.75: (-0.75, -0.60, 0.27)
1114.87: (-0.78, -0.53, 0.34)
1114.98: (-0.83, -0.24, 0.51)
1115.10: (-0.46, 0.37, 0.81)
1115.20: (-0.43, 0.48, 0.76)
1115.32: (-0.43, 0.48, 0.76)
1115.43: (-0.54, 0.33, 0.77)
1115.55: (-0.83, 0.46, 0.31)
1115.67: (-0.91, 0.41, 0.08)
1115.78: (-0.67, 0.74, 0.04)
1115.90: (-0.09, 0.97, 0.24)
1116.00: (-0.18, 0.98, 0.03)
1116.10: (-0.49, 0.86, -0.09)
1116.12: (-0.50, 0.86, -0.10)
1116.12: (-1.00, -0.06, -0.06): 2
1116.22: (-0.54, 0.83, -0.10)
1116.33: (-0.55, 0.83, -0.12)
1116.43: (-0.59, 0.80, -0.06)
1116.55: (-0.67, 0.68, 0.29)
1116.67: (-0.60, 0.53, 0.60)
1116.78: (-0.68, 0.41, 0.61)
1116.90: (-0.99, -0.13, 0.10)
1117.02: (-1.00, -0.06, 0.07)
1117.10: (-1.00, 0.04, 0.04)
1117.10: (-0.36, 0.41, 0.84): 2
1117.13: (-1.00, 0.04, 0.01)
1117.23: (-1.00, 0.01, -0.05)
1117.33: (-0.99, -0.09, -0.14)
1117.45: (-0.81, -0.57, -0.15)
1117.57: (-0.71, -0.69, -0.13)
1117.67: (-0.64, -0.76, -0.09)
1117.78: (-0.96, -0.17, 0.22)
1117.90: (-0.72, 0.50, 0.49)
1118.02: (-0.60, 0.58, 0.56)
1118.13: (-0.51, 0.43, 0.74)
1118.21: (-0.36, 0.38, 0.85)
1118.21: (-0.48, -0.45, -0.75): 1
1118.25: (-0.36, 0.38, 0.85)
1118.36: (-0.32, 0.45, 0.83)
1118.48: (-0.31, 0.46, 0.83)
1118.60: (-0.73, 0.10, 0.68)
1118.70: (-0.90, -0.31, 0.30)
1118.81: (-0.87, -0.45, 0.20)
1118.93: (-0.79, -0.58, -0.19)
1119.05: (-0.53, -0.78, -0.33)
1119.16: (-0.32, -0.72, -0.62)
1119.28: (-0.39, -0.40, -0.83)
1119.32: (-0.39, -0.35, -0.85)
1119.32: (0.80, 0.60, -0.02): 1
1119.40: (-0.35, -0.35, -0.87)
1119.52: (-0.40, -0.37, -0.84)
1119.63: (-0.63, -0.41, -0.66)
1119.75: (-0.52, -0.39, -0.76)
1119.86: (0.56, -0.17, -0.81)
1119.96: (0.56, -0.16, -0.82)
1120.08: (0.56, -0.16, -0.82)
1120.20: (0.89, -0.07, -0.45)
1120.30: (0.95, 0.24, 0.20)
1120.41: (0.89, 0.32, 0.31)
1120.53: (0.84, 0.53, 0.08)
1120.63: (0.83, 0.55, -0.06)
1120.63: (0.94, 0.01, 0.34): 0
1120.65: (0.83, 0.55, -0.06)
1120.76: (0.85, 0.53, -0.02)
1120.88: (0.84, 0.54, 0.07)
1121.00: (0.74, 0.59, 0.31)
1121.11: (0.89, 0.26, 0.38)
1121.23: (0.94, 0.10, 0.33)
1121.26: (0.94, 0.10, 0.33)
1121.26: (0.83, 0.53, -0.19): 0
1121.35: (0.94, 0.09, 0.33)
1121.46: (0.94, 0.09, 0.34)
1121.58: (0.98, 0.19, 0.07)
1121.68: (0.86, 0.48, -0.17)
1121.76: (0.85, 0.50, -0.18)
1121.76: (-0.34, 0.34, 0.88): 2
1121.80: (0.84, 0.51, -0.17)
1121.91: (0.84, 0.52, -0.17)
1122.03: (0.86, 0.48, -0.16)
1122.15: (0.90, 0.43, -0.07)
1122.26: (0.92, 0.39, -0.10)
1122.38: (0.90, 0.22, -0.39)
1122.50: (0.43, 0.42, 0.80)
1122.61: (0.20, 0.53, 0.82)
1122.73: (0.08, 0.59, 0.81)
1122.85: (-0.42, 0.31, 0.86)
1122.90: (-0.49, 0.23, 0.84)
1122.90: (0.21, -0.98, 0.05): 1
1122.96: (-0.48, 0.25, 0.84)
1123.08: (-0.44, 0.29, 0.85)
1123.20: (-0.39, 0.37, 0.84)
1123.31: (-0.82, 0.44, 0.38)
1123.43: (-0.97, 0.04, -0.26)
1123.55: (-0.95, -0.06, -0.31)
1123.66: (-0.90, 0.25, -0.35)
1123.78: (-0.72, -0.04, -0.69)
1123.90: (-0.50, -0.73, -0.46)
1124.01: (-0.58, -0.63, -0.52)
1124.13: (-0.58, -0.63, -0.52)
1124.25: (-0.27, -0.91, -0.33)
1124.35: (-0.17, -0.98, -0.03)
1124.46: (-0.11, -0.99, 0.01)
1124.58: (0.18, -0.98, 0.05)
1124.61: (0.20, -0.98, 0.06)
1124.61: (-0.37, 0.56, -0.74): 1
1124.68: (0.20, -0.98, 0.04)
1124.80: (0.21, -0.98, -0.01)
1124.91: (0.20, -0.97, -0.11)
1125.01: (-0.27, -0.91, -0.30)
1125.13: (-0.52, -0.67, -0.53)
1125.23: (-0.69, -0.35, -0.63)
1125.35: (-0.54, -0.21, -0.82)
1125.46: (-0.47, 0.32, -0.82)
1125.58: (-0.47, 0.54, -0.70)
1125.70: (-0.48, 0.58, -0.65)
1125.71: (-0.48, 0.58, -0.66)
1125.71: (-0.52, -0.86, 0.00): 2
1125.81: (-0.46, 0.56, -0.69)
1125.93: (-0.41, 0.48, -0.78)
1126.03: (-0.46, 0.33, -0.82)
1126.15: (-0.34, -0.44, -0.83)
1126.25: (-0.17, -0.75, -0.64)
1126.36: (-0.20, -0.75, -0.63)
1126.48: (0.30, -0.94, -0.14)
1126.60: (0.22, -0.95, 0.20)
1126.71: (0.13, -0.90, 0.42)
1126.81: (0.31, -0.67, 0.68)
1126.93: (-0.26, -0.94, 0.24)
1127.05: (-0.49, -0.85, 0.18)
1127.06: (-0.50, -0.85, 0.18)
1127.06: (0.00, -0.56, 0.83): 0
1127.15: (-0.50, -0.85, 0.18)
1127.26: (-0.54, -0.83, 0.13)
1127.38: (-0.49, -0.84, 0.22)
1127.50: (-0.09, -0.65, 0.75)
1127.55: (-0.09, -0.65, 0.75)
1127.55: (-0.17, 0.75, -0.63): 2
1127.61: (-0.09, -0.65, 0.75)
1127.73: (-0.02, -0.68, 0.74)
1127.85: (-0.04, -0.74, 0.67)
1127.96: (0.03, -0.97, 0.24)
1128.08: (0.34, -0.93, -0.11)
1128.20: (0.22, -0.93, -0.29)
1128.31: (-0.29, -0.69, -0.66)
1128.43: (-0.31, -0.50, -0.81)
1128.55: (-0.58, 0.10, -0.81)
1128.66: (-0.60, 0.33, -0.73)
1128.76: (-0.51, 0.63, -0.59)
1128.88: (-0.40, 0.90, -0.16)
1129.00: (-0.31, 0.84, -0.44)
1129.06: (-0.26, 0.71, -0.66)
1129.06: (0.99, -0.11, -0.09): 0
1129.11: (-0.25, 0.69, -0.68)
1129.23: (-0.35, 0.52, -0.78)
1129.35: (-0.51, 0.12, -0.85)
1129.46: (-0.48, -0.50, -0.72)
1129.58: (-0.44, -0.80, -0.41)
1129.68: (-0.62, -0.79, 0.07)
1129.80: (-0.26, -0.91, 0.31)
1129.91: (0.25, -0.93, 0.26)
1130.03: (0.59, -0.80, 0.14)
1130.15: (0.91, -0.41, -0.05)
1130.26: (0.95, 0.10, -0.29)
1130.38: (1.00, 0.00, -0.08)
1130.45: (0.99, -0.10, 0.04)
1130.45: (-0.91, -0.24, 0.35): 2
1130.50: (0.99, -0.12, 0.03)
1130.61: (0.99, -0.15, -0.01)
1130.71: (0.99, 0.15, -0.06)
1130.83: (0.86, 0.51, -0.03)
1130.93: (0.79, 0.35, -0.50)
1131.05: (0.76, -0.22, -0.61)
1131.16: (0.75, -0.10, -0.66)
1131.28: (0.26, 0.74, -0.61)
1131.40: (0.26, 0.69, -0.67)
1131.50: (0.26, 0.69, -0.67)
1131.61: (0.05, 0.65, -0.76)
1131.73: (-0.44, 0.58, -0.69)
1131.85: (-0.64, 0.58, -0.50)
1131.96: (-0.66, 0.66, -0.36)
1132.06: (-0.90, 0.43, -0.12)
1132.18: (-0.72, 0.43, 0.54)
1132.30: (-0.54, 0.45, 0.72)
1132.41: (-0.37, 0.62, 0.69)
1132.53: (-0.05, 0.75, 0.66)
1132.65: (-0.02, 0.74, 0.68)
1132.76: (-0.08, 0.76, 0.65)
1132.86: (-0.45, 0.75, 0.48)
1132.98: (-0.89, 0.31, 0.32)
1133.10: (-0.95, -0.09, 0.31)
1133.20: (-0.84, -0.33, 0.43)
1133.31: (-0.82, -0.34, 0.46)
1133.33: (-0.82, -0.34, 0.46)
1133.33: (-0.53, 0.52, -0.67): 0
1133.43: (-0.85, -0.20, 0.48)
1133.55: (-0.87, -0.17, 0.47)
1133.66: (-0.93, -0.07, 0.36)
1133.78: (-0.87, 0.24, -0.43)
1133.88: (-0.85, 0.27, -0.46)
1134.00: (-0.70, 0.34, -0.62)
1134.11: (-0.46, 0.57, -0.68)
1134.11: (0.98, 0.16, -0.08): 2
1134.11: (-0.46, 0.57, -0.68)
1134.23: (-0.46, 0.57, -0.68)
1134.34: (-0.45, 0.56, -0.70)
1134.45: (-0.38, 0.56, -0.74)
1134.56: (-0.49, 0.44, -0.75)
1134.68: (-0.74, 0.01, -0.67)
1134.79: (-0.95, 0.02, -0.31)
1134.91: (-0.12, -0.18, -0.98)
1135.01: (0.29, -0.22, -0.93)
1135.13: (0.55, -0.30, -0.78)
1135.24: (0.72, -0.35, -0.60)
1135.36: (0.92, -0.31, -0.23)
1135.48: (0.97, -0.02, -0.23)
1135.58: (0.95, 0.27, -0.17)
1135.63: (0.95, 0.28, -0.15)
1135.63: (0.71, 0.57, 0.42): 0
1135.69: (0.97, 0.23, -0.08)
1135.81: (0.98, 0.16, -0.10)
1135.93: (0.97, 0.26, 0.00)
1136.03: (0.75, 0.59, 0.30)
1136.13: (0.71, 0.55, 0.44)
1136.13: (0.95, 0.14, 0.28): 0
1136.14: (0.71, 0.55, 0.44)
1136.26: (0.72, 0.54, 0.44)
1136.36: (0.71, 0.48, 0.52)
1136.48: (0.98, 0.13, 0.11)
1136.59: (0.99, 0.11, 0.12)
1136.69: (0.95, 0.10, 0.29)
1136.69: (-0.93, 0.20, 0.31): 2
1136.71: (0.95, 0.08, 0.31)
1136.83: (0.94, 0.08, 0.35)
1136.94: (0.93, 0.07, 0.37)
1137.06: (0.78, -0.13, 0.61)
1137.18: (0.32, -0.30, 0.90)
1137.29: (-0.25, -0.21, 0.95)
1137.41: (-0.23, -0.23, 0.95)
1137.53: (-0.15, -0.19, 0.97)
1137.64: (-0.74, 0.06, 0.67)
1137.76: (-0.90, 0.20, 0.40)
1137.88: (-0.93, 0.20, 0.30)
1137.91: (-0.94, 0.20, 0.27)
1137.91: (-0.66, 0.33, 0.68): 0
1137.98: (-0.94, 0.20, 0.27)
1138.09: (-0.94, 0.19, 0.29)
1138.21: (-0.68, 0.34, 0.65)
1138.26: (-0.67, 0.36, 0.65)
1138.26: (-0.85, -0.49, -0.20): 0
1138.33: (-0.67, 0.35, 0.65)
1138.44: (-0.68, 0.28, 0.68)
1138.56: (-0.75, 0.29, 0.59)
1138.68: (-0.93, 0.36, 0.05)
1138.79: (-0.87, 0.34, -0.37)
1138.91: (-0.67, 0.54, -0.51)
1139.03: (-0.51, 0.78, -0.36)
1139.14: (-0.48, 0.87, -0.10)
1139.24: (-0.47, 0.86, 0.22)
1139.34: (-0.45, 0.81, 0.38)
1139.46: (-0.25, 0.74, 0.63)
1139.58: (0.20, 0.35, 0.92)
1139.69: (0.28, 0.11, 0.95)
1139.81: (-0.42, -0.23, 0.88)
1139.93: (-0.81, -0.50, 0.32)
1140.04: (-0.85, -0.52, 0.12)
1140.16: (-0.80, -0.60, -0.02)
1140.28: (-0.86, -0.48, -0.18)
1140.28: (-0.82, 0.13, -0.56): 2
1140.28: (-0.86, -0.48, -0.18)
1140.39: (-0.85, -0.47, -0.23)
1140.51: (-0.78, -0.52, -0.35)
1140.63: (-0.76, -0.51, -0.41)
1140.74: (-0.04, -0.71, -0.71)
1140.86: (0.15, -0.61, -0.78)
1140.98: (-0.63, -0.28, -0.72)
1141.09: (-0.76, -0.21, -0.62)
1141.21: (-0.82, -0.13, -0.56)
1141.31: (-0.90, 0.12, -0.43)
1141.31: (-1.00, -0.02, 0.00): 2
1141.33: (-0.88, 0.16, -0.44)
1141.43: (-0.86, 0.15, -0.48)
1141.54: (-0.84, 0.03, -0.53)
1141.66: (-0.98, -0.01, -0.18)
1141.73: (-1.00, 0.02, -0.05)
1141.73: (1.00, 0.03, -0.06): 1
1141.78: (-1.00, 0.03, 0.01)
1141.89: (-1.00, 0.01, 0.04)
1142.01: (-0.84, 0.07, 0.54)
1142.13: (-0.69, 0.25, 0.68)
1142.24: (-0.72, 0.41, 0.56)
1142.36: (-0.61, 0.71, 0.36)
1142.48: (-0.04, 0.78, 0.62)
1142.59: (0.57, 0.30, 0.76)
1142.69: (0.45, -0.01, 0.89)
1142.81: (0.42, -0.37, 0.83)
1142.91: (0.40, -0.48, 0.78)
1143.03: (0.28, -0.64, 0.71)
1143.14: (0.14, -0.82, 0.56)
1143.26: (0.01, -0.92, 0.39)
1143.38: (-0.20, -0.95, 0.23)
1143.49: (-0.32, -0.95, -0.04)
1143.61: (-0.38, -0.92, -0.07)
1143.71: (-0.38, -0.92, -0.07)
1143.83: (-0.40, -0.92, -0.06)
1143.94: (-0.48, -0.75, -0.45)
1144.04: (-0.45, -0.56, -0.70)
1144.16: (-0.33, -0.40, -0.85)
1144.28: (-0.05, 0.05, -1.00)
1144.39: (0.32, 0.27, -0.91)
1144.51: (0.64, 0.41, -0.65)
1144.63: (0.80, 0.47, -0.37)
1144.74: (0.91, 0.40, 0.09)
1144.86: (0.91, 0.34, 0.24)
1144.96: (0.91, 0.34, 0.24)
1145.08: (0.86, 0.39, 0.32)
1145.19: (0.60, 0.59, 0.54)
1145.31: (0.74, 0.51, 0.43)
1145.43: (0.97, 0.22, -0.07)
1145.54: (0.98, 0.06, -0.18)
1145.66: (1.00, -0.04, 0.01)
1145.73: (0.99, -0.02, 0.12)
END