3/28/2023 1:55:04 PM
Mode: Mono
White time (s): [3.399414, 2.665894, 0.7663574, 2.932617, 2.233154, 3.46582, 1.383057, 2.049805, 1.616211, 0.5167236, 0.7830811, 2.266479, 3.915527, 1.182983, 1.199707, 2.299561, 1.33313, 0.8831787, 3.16626, 1.382813, 0.5495605, 1.783569, 3.666138, 1.233032, 0.7501221, 3.499023, 1.966553, 3.965576, 1.899658, 3.532715]
Shot time (s): [0.8497314, 0.9161377, 1.616211, 1.500122, 3.165771, 2.582886, 1.483398, 4.782593, 2.099609, 0.7666016, 0.6166992, 2.082764, 1.383179, 0.7331543, 1.283203, 0.6331787, 1.616821, 3.365723, 0.5664063, 1.949707, 2.966064, 1.816528, 2.266357, 0.6665039, 3.498657, 1.266113, 1.432861, 2.932617, 2.016357, 0.8000488]
Step time (s): [2.649658, 6.982178, 2.73291, 1.599365, 1.39978, 2.482666, 1.066528, 0.9328613, 1.183105, 2.799561, 0.9163818, 1.716187, 1.616577, 0.9163818, 2.216064, 1.616333, 2.666382, 4.582153, 1.749878, 2.649414, 2.149414, 0.6333008, 0.6999512, 2.083252, 2.149536, 1.682861, 3.132813, 1.016479, 0.7832031, 2.63269]
White horz (deg): [378.2924, 421.7623, 40.47999, 659.0074, 334.5349, 565.6849, 140.3, 357.1324, 292.215, 12.42, 48.18499, 313.6049, 595.47, 139.6675, 81.99501, 179.3425, 166.98, 31.74, 481.5625, 195.27, 10.12, 136.85, 661.1348, 200.1, 46.805, 565.2823, 299.8625, 463.3349, 295.8375, 401.6374]
Shot horz (deg): [22.77, 37.31749, 193.7175, 149.9025, 582.9924, 458.7925, 259.4976, 1279.95, 417.5649, 19.6075, 29.3825, 418.945, 129.5475, 21.16, 157.205, 28.40499, 165.5425, 602.9449, 28.0025, 356.9599, 606.7399, 159.275, 319.24, 38.0075, 619.6776, 104.8225, 228.7925, 340.7449, 182.505, 39.96249]
Step horz (deg): [426.1324, 1134.878, 248.3425, 190.4975, 149.155, 608.9822, 117.9325, 74.92249, 196.8225, 309.1774, 68.36749, 174.915, 292.1575, 17.9975, 355.0049, 284.05, 243.685, 798.7329, 198.03, 376.1649, 432.8601, 21.4475, 29.0375, 210.91, 251.965, 163.1275, 324.8175, 86.99748, 60.71999, 326.5424]
White vert (deg): [385.6524, 558.7275, 64.2275, 424.4073, 327.2899, 493.3499, 207, 188.37, 119.6575, 16.8475, 29.095, 295.665, 594.6074, 118.795, 171.81, 232.53, 119.6575, 55.545, 308.7175, 151.34, 17.48, 232.5875, 627.7848, 128.455, 46.575, 442.4622, 202.6299, 499.675, 249.7225, 735.0801]
Shot vert (deg): [31.05, 14.4325, 129.835, 137.8275, 331.1424, 469.89, 183.3675, 853.2421, 413.9425, 41.9175, 21.6775, 388.9298, 128.8, 69.34499, 105.3975, 24.60999, 92.23, 702.8798, 14.26, 218.7299, 363.1125, 146.51, 257.4274, 22.31, 445.0498, 181.125, 179.6875, 611.3398, 354.3725, 79.57999]
Step vert (deg): [216.89, 631.7526, 374.44, 110.6875, 128.8575, 359.49, 140.185, 30.015, 70.14999, 229.7125, 62.445, 159.9075, 223.79, 42.08999, 331.8326, 166.175, 216.2, 630.2572, 193.1425, 277.38, 303.5424, 39.09999, 56.46499, 189.405, 243.915, 222.3525, 481.3324, 148.0625, 30.82, 501.4]

Time in sec: camera forward versor
Time in sec: target versor: sound type (0 = White, 1 = Shot, 2 = Step)
START
1150.31: (-0.44, -0.83, 0.34): 2
1150.31: (0.06, 0.68, -0.73)
1150.41: (0.06, 0.68, -0.73)
1150.53: (0.06, 0.68, -0.73)
1150.64: (0.06, 0.68, -0.73)
1150.76: (0.17, 0.68, -0.71)
1150.88: (0.56, 0.47, -0.68)
1150.99: (0.94, 0.17, -0.30)
1151.11: (0.99, 0.02, -0.13)
1151.23: (0.93, -0.32, -0.19)
1151.33: (0.48, -0.78, -0.41)
1151.44: (-0.12, -0.73, -0.68)
1151.56: (-0.21, -0.39, -0.90)
1151.68: (0.07, 0.05, -1.00)
1151.79: (0.47, 0.33, -0.82)
1151.89: (0.79, 0.50, -0.36)
1152.01: (0.82, 0.47, 0.33)
1152.11: (0.53, 0.24, 0.81)
1152.23: (0.14, -0.10, 0.98)
1152.34: (-0.29, -0.52, 0.80)
1152.46: (-0.56, -0.79, 0.26)
1152.57: (-0.52, -0.86, 0.03)
1152.68: (-0.51, -0.86, 0.04)
1152.79: (-0.53, -0.84, 0.14)
1152.91: (-0.49, -0.84, 0.21)
1152.96: (-0.48, -0.85, 0.22)
1152.96: (-0.19, -0.96, -0.20): 1
1153.03: (-0.48, -0.85, 0.22)
1153.14: (-0.48, -0.85, 0.23)
1153.24: (-0.48, -0.83, 0.28)
1153.36: (-0.48, -0.83, 0.29)
1153.47: (-0.35, -0.89, 0.28)
1153.59: (-0.27, -0.95, 0.12)
1153.69: (-0.24, -0.97, -0.03)
1153.81: (-0.23, -0.96, -0.13)
1153.81: (-0.14, 0.82, -0.55): 2
1153.81: (-0.23, -0.96, -0.13)
1153.92: (-0.23, -0.96, -0.13)
1154.04: (-0.25, -0.96, -0.14)
1154.16: (-0.26, -0.96, -0.09)
1154.27: (-0.32, -0.93, 0.17)
1154.39: (-0.16, -0.84, 0.52)
1154.51: (0.08, -0.60, 0.79)
1154.61: (0.12, -0.35, 0.93)
1154.72: (0.08, 0.16, 0.98)
1154.84: (-0.09, 0.39, 0.92)
1154.96: (-0.37, 0.46, 0.81)
1155.06: (-0.68, 0.24, 0.69)
1155.17: (-0.79, -0.07, 0.61)
1155.29: (-0.76, -0.58, 0.29)
1155.41: (-0.44, -0.90, -0.04)
1155.52: (-0.19, -0.96, -0.21)
1155.64: (-0.22, -0.95, -0.21)
1155.76: (-0.22, -0.95, -0.21)
1155.87: (-0.39, -0.92, -0.05)
1155.99: (-0.25, -0.94, -0.24)
1156.11: (0.44, -0.59, -0.67)
1156.21: (0.75, -0.20, -0.63)
1156.32: (0.96, -0.16, -0.22)
1156.44: (0.89, -0.43, 0.14)
1156.54: (0.62, -0.58, 0.53)
1156.66: (0.18, -0.64, 0.74)
1156.76: (-0.16, -0.55, 0.82)
1156.86: (-0.51, -0.37, 0.78)
1156.97: (-0.81, -0.43, 0.40)
1157.09: (-0.81, -0.59, -0.05)
1157.21: (-0.63, -0.62, -0.47)
1157.32: (-0.32, -0.48, -0.82)
1157.42: (0.02, -0.27, -0.96)
1157.54: (0.39, -0.01, -0.92)
1157.66: (0.69, 0.25, -0.68)
1157.77: (0.82, 0.48, -0.31)
1157.89: (0.80, 0.60, 0.11)
1158.01: (0.62, 0.55, 0.56)
1158.12: (0.23, 0.28, 0.93)
1158.22: (-0.09, 0.01, 1.00)
1158.34: (-0.17, -0.29, 0.94)
1158.46: (-0.08, -0.62, 0.78)
1158.57: (-0.02, -0.79, 0.61)
1158.69: (-0.11, -0.89, 0.45)
1158.81: (-0.39, -0.92, -0.02)
1158.92: (-0.65, -0.58, -0.50)
1159.04: (-0.64, -0.36, -0.68)
1159.14: (-0.48, -0.32, -0.82)
1159.26: (-0.02, -0.45, -0.89)
1159.37: (0.42, -0.79, -0.46)
1159.49: (0.60, -0.77, 0.23)
1159.61: (0.52, -0.45, 0.73)
1159.72: (0.21, 0.08, 0.98)
1159.84: (-0.33, 0.55, 0.77)
1159.96: (-0.60, 0.73, 0.34)
1160.06: (-0.68, 0.73, -0.06)
1160.17: (-0.56, 0.75, -0.34)
1160.29: (-0.23, 0.90, -0.37)
1160.41: (0.20, 0.95, -0.22)
1160.52: (0.20, 0.92, -0.33)
1160.62: (0.02, 0.87, -0.49)
1160.74: (-0.09, 0.88, -0.47)
1160.79: (-0.10, 0.88, -0.47)
1160.79: (0.17, 0.98, 0.09): 1
1160.84: (-0.10, 0.88, -0.47)
1160.96: (-0.10, 0.88, -0.47)
1161.07: (-0.13, 0.91, -0.40)
1161.19: (-0.13, 0.91, -0.40)
1161.31: (-0.13, 0.91, -0.39)
1161.42: (-0.06, 0.95, -0.32)
1161.54: (0.07, 1.00, 0.06)
1161.66: (0.12, 0.99, 0.09)
1161.71: (0.15, 0.98, 0.09)
1161.71: (-0.97, -0.05, 0.24): 2
1161.77: (0.15, 0.98, 0.10)
1161.89: (0.19, 0.98, 0.11)
1162.01: (0.30, 0.95, 0.10)
1162.12: (0.67, 0.74, 0.06)
1162.24: (0.96, 0.28, 0.06)
1162.36: (0.99, 0.16, -0.03)
1162.47: (0.94, -0.32, -0.09)
1162.59: (0.71, -0.67, -0.20)
1162.69: (0.46, -0.85, -0.24)
1162.81: (-0.03, -0.89, -0.45)
1162.92: (-0.42, -0.58, -0.70)
1163.04: (-0.44, -0.56, -0.70)
1163.14: (-0.44, -0.56, -0.70)
1163.26: (-0.41, -0.59, -0.69)
1163.37: (-0.37, -0.90, -0.25)
1163.47: (-0.29, -0.86, 0.42)
1163.59: (-0.22, -0.44, 0.87)
1163.71: (-0.37, 0.09, 0.93)
1163.82: (-0.70, 0.49, 0.52)
1163.92: (-0.89, 0.46, -0.02)
1164.04: (-0.91, 0.01, -0.41)
1164.16: (-0.95, -0.16, -0.26)
1164.27: (-1.00, -0.10, 0.00)
1164.39: (-0.98, -0.11, 0.14)
1164.44: (-0.98, -0.12, 0.18)
1164.44: (0.97, 0.22, -0.04): 0
1164.49: (-0.98, -0.12, 0.18)
1164.61: (-0.98, -0.11, 0.19)
1164.72: (-0.96, -0.12, 0.25)
1164.82: (-0.84, -0.02, 0.55)
1164.94: (-0.84, -0.02, 0.55)
1165.06: (-0.84, -0.02, 0.55)
1165.17: (-0.83, 0.19, 0.52)
1165.29: (-0.48, 0.85, 0.22)
1165.41: (0.12, 0.93, -0.34)
1165.51: (0.16, 0.79, -0.59)
1165.62: (-0.06, 0.45, -0.89)
1165.72: (-0.35, 0.03, -0.93)
1165.84: (-0.48, -0.46, -0.75)
1165.96: (-0.39, -0.87, -0.31)
1166.07: (-0.49, -0.85, 0.20)
1166.19: (-0.73, -0.52, 0.43)
1166.31: (-0.87, -0.15, 0.48)
1166.41: (-0.85, 0.29, 0.44)
1166.52: (-0.55, 0.81, 0.20)
1166.64: (0.00, 0.99, -0.16)
1166.76: (0.33, 0.92, -0.19)
1166.87: (0.59, 0.72, 0.37)
1166.99: (0.56, 0.19, 0.81)
1167.11: (0.55, 0.17, 0.82)
1167.21: (0.55, 0.17, 0.82)
1167.31: (0.58, 0.23, 0.78)
1167.42: (0.83, 0.46, 0.30)
1167.54: (0.85, 0.53, -0.01)
1167.66: (0.91, 0.40, 0.01)
1167.77: (0.98, 0.17, 0.06)
1167.84: (0.99, 0.16, 0.05)
1167.84: (-0.87, 0.42, 0.27): 1
1167.89: (0.99, 0.16, 0.05)
1168.01: (0.99, 0.16, 0.05)
1168.12: (0.98, 0.20, 0.02)
1168.24: (0.86, 0.45, -0.25)
1168.35: (0.63, 0.74, -0.23)
1168.46: (0.33, 0.93, -0.16)
1168.57: (-0.08, 0.99, -0.12)
1168.67: (-0.50, 0.86, 0.07)
1168.79: (-0.76, 0.36, 0.54)
1168.91: (-0.52, -0.10, 0.85)
1169.02: (-0.59, -0.03, 0.80)
1169.14: (-0.80, 0.21, 0.56)
1169.25: (-0.86, 0.21, 0.47)
1169.36: (-0.87, 0.37, 0.32)
1169.45: (-0.86, 0.42, 0.28)
1169.45: (-0.05, -0.99, -0.16): 1
1169.47: (-0.86, 0.42, 0.28)
1169.57: (-0.86, 0.42, 0.28)
1169.67: (-0.86, 0.42, 0.29)
1169.79: (-0.93, 0.17, 0.31)
1169.91: (-0.98, -0.20, -0.06)
1170.02: (-0.83, -0.56, -0.01)
1170.14: (-0.61, -0.79, -0.09)
1170.25: (-0.34, -0.75, -0.57)
1170.37: (-0.23, -0.30, -0.93)
1170.47: (-0.27, -0.37, -0.89)
1170.59: (-0.25, -0.74, -0.63)
1170.70: (-0.20, -0.82, -0.53)
1170.82: (-0.14, -0.90, -0.41)
1170.92: (-0.05, -0.99, -0.15)
1170.96: (-0.06, -0.99, -0.14)
1170.96: (0.56, 0.65, -0.51): 2
1171.04: (-0.05, -0.99, -0.14)
1171.15: (-0.06, -0.99, -0.14)
1171.27: (-0.14, -0.92, -0.36)
1171.39: (-0.34, -0.62, -0.71)
1171.50: (-0.61, -0.11, -0.78)
1171.62: (-0.63, 0.40, -0.66)
1171.72: (-0.43, 0.52, -0.74)
1171.84: (-0.03, 0.41, -0.91)
1171.95: (0.25, 0.08, -0.96)
1172.07: (0.46, -0.26, -0.85)
1172.17: (0.51, -0.12, -0.85)
1172.29: (0.59, 0.45, -0.67)
1172.40: (0.59, 0.49, -0.63)
1172.52: (0.60, 0.49, -0.63)
1172.55: (0.61, 0.52, -0.60)
1172.55: (0.98, 0.13, 0.11): 1
1172.64: (0.58, 0.59, -0.56)
1172.74: (0.57, 0.65, -0.51)
1172.84: (0.57, 0.65, -0.51)
1172.95: (0.61, 0.44, -0.66)
1173.07: (0.55, 0.02, -0.83)
1173.19: (0.55, 0.02, -0.83)
1173.30: (0.42, -0.18, -0.89)
1173.42: (0.16, -0.73, -0.66)
1173.54: (-0.35, -0.93, -0.09)
1173.65: (-0.75, -0.47, 0.46)
1173.75: (-0.83, -0.10, 0.55)
1173.87: (-0.82, 0.50, 0.30)
1173.99: (-0.58, 0.77, -0.27)
1174.10: (-0.42, 0.53, -0.73)
1174.22: (-0.48, -0.08, -0.87)
1174.32: (-0.52, -0.71, -0.48)
1174.44: (-0.34, -0.93, 0.15)
1174.55: (-0.08, -0.82, 0.57)
1174.67: (0.21, -0.57, 0.80)
1174.79: (0.55, -0.27, 0.79)
1174.89: (0.90, -0.07, 0.42)
1175.00: (0.86, -0.43, -0.27)
1175.12: (0.44, -0.75, -0.49)
1175.24: (0.55, -0.72, -0.43)
1175.34: (0.88, -0.41, -0.23)
1175.44: (0.97, -0.21, -0.08)
1175.55: (1.00, -0.06, 0.05)
1175.67: (0.99, 0.11, 0.12)
1175.72: (0.98, 0.13, 0.14)
1175.72: (-0.62, -0.59, 0.53): 2
1175.79: (0.98, 0.13, 0.14)
1175.90: (0.98, 0.14, 0.14)
1176.02: (0.90, 0.06, 0.43)
1176.14: (0.38, 0.02, 0.93)
1176.24: (-0.09, -0.16, 0.98)
1176.35: (-0.24, -0.64, 0.73)
1176.47: (-0.20, -0.94, 0.26)
1176.59: (-0.12, -0.99, -0.10)
1176.69: (-0.26, -0.96, 0.07)
1176.80: (-0.50, -0.78, 0.37)
1176.92: (-0.58, -0.68, 0.45)
1177.04: (-0.61, -0.62, 0.49)
1177.12: (-0.62, -0.58, 0.54)
1177.12: (-0.44, 0.54, 0.72): 1
1177.15: (-0.62, -0.58, 0.54)
1177.27: (-0.62, -0.58, 0.54)
1177.37: (-0.64, -0.57, 0.52)
1177.49: (-0.76, -0.65, -0.01)
1177.60: (-0.23, -0.82, -0.53)
1177.72: (0.63, -0.68, -0.37)
1177.84: (0.79, -0.57, 0.20)
1177.95: (0.33, -0.67, 0.67)
1178.05: (-0.55, -0.62, 0.56)
1178.17: (-0.94, -0.27, -0.20)
1178.29: (-0.54, 0.23, -0.81)
1178.40: (0.12, 0.45, -0.89)
1178.52: (0.56, 0.33, -0.76)
1178.62: (0.80, -0.04, -0.60)
1178.74: (0.76, -0.07, -0.65)
1178.85: (0.22, 0.86, -0.47)
1178.95: (-0.70, 0.62, 0.36)
1179.07: (-0.67, -0.29, 0.69)
1179.19: (-0.52, -0.43, 0.74)
1179.30: (-0.58, -0.18, 0.79)
1179.40: (-0.47, 0.27, 0.84)
1179.52: (-0.45, 0.41, 0.79)
1179.64: (-0.42, 0.49, 0.76)
1179.70: (-0.42, 0.51, 0.75)
1179.70: (-0.60, -0.78, -0.15): 1
1179.75: (-0.40, 0.56, 0.72)
1179.87: (-0.39, 0.57, 0.72)
1179.99: (-0.47, 0.74, 0.48)
1180.10: (-0.63, 0.72, -0.28)
1180.22: (-0.54, -0.07, -0.84)
1180.34: (-0.19, -0.94, -0.28)
1180.45: (0.06, -0.85, 0.52)
1180.57: (0.05, -0.58, 0.81)
1180.69: (-0.14, -0.64, 0.75)
1180.80: (-0.41, -0.85, 0.32)
1180.90: (-0.59, -0.78, 0.18)
1181.02: (-0.65, -0.75, 0.15)
1181.12: (-0.63, -0.77, 0.00)
1181.19: (-0.62, -0.79, -0.05)
1181.19: (0.99, 0.12, -0.02): 0
1181.24: (-0.62, -0.79, -0.05)
1181.35: (-0.62, -0.79, -0.06)
1181.47: (-0.57, -0.82, 0.05)
1181.57: (-0.32, -0.92, 0.22)
1181.69: (0.06, -0.89, 0.46)
1181.80: (0.29, -0.54, 0.79)
1181.92: (0.18, 0.15, 0.97)
1182.04: (-0.34, 0.68, 0.65)
1182.15: (-0.88, 0.47, 0.07)
1182.27: (-0.92, -0.26, -0.29)
1182.39: (-0.51, -0.86, -0.09)
1182.50: (0.07, -0.82, 0.57)
1182.62: (0.11, 0.04, 0.99)
1182.72: (-0.21, 0.57, 0.79)
1182.84: (-0.75, 0.60, 0.29)
1182.95: (-0.95, -0.21, -0.22)
1183.07: (-0.41, -0.91, 0.01)
1183.19: (0.44, -0.89, 0.15)
1183.29: (0.88, -0.46, 0.10)
1183.40: (0.99, 0.07, -0.08)
1183.52: (0.90, 0.38, -0.20)
1183.64: (0.90, 0.40, -0.16)
1183.75: (0.97, 0.21, -0.06)
1183.85: (0.99, 0.17, -0.04)
1183.85: (-0.29, -0.43, -0.85): 2
1183.87: (0.99, 0.17, -0.04)
1183.97: (0.99, 0.17, -0.04)
1184.09: (0.99, 0.10, -0.05)
1184.20: (0.90, 0.22, -0.38)
1184.32: (0.71, 0.56, -0.42)
1184.44: (0.71, 0.68, 0.19)
1184.55: (0.74, 0.33, 0.59)
1184.67: (0.69, -0.19, 0.70)
1184.79: (0.67, -0.63, 0.40)
1184.90: (0.64, -0.68, -0.34)
1185.02: (0.27, 0.43, -0.86)
1185.14: (0.12, 0.99, 0.04)
1185.25: (0.67, 0.51, 0.54)
1185.35: (0.99, 0.05, -0.11)
1185.47: (0.10, 0.04, -0.99)
1185.59: (-0.69, 0.05, -0.72)
1185.70: (-0.98, 0.19, 0.00)
1185.80: (-0.94, 0.20, 0.28)
1185.92: (-0.92, -0.08, -0.40)
1186.03: (-0.68, -0.16, -0.71)
1186.14: (-0.45, -0.27, -0.85)
1186.25: (-0.45, -0.36, -0.81)
1186.33: (-0.44, -0.40, -0.80)
1186.33: (0.62, -0.19, -0.76): 1
1186.37: (-0.43, -0.41, -0.80)
1186.47: (-0.43, -0.41, -0.80)
1186.58: (-0.41, -0.42, -0.81)
1186.70: (-0.79, -0.38, -0.48)
1186.82: (-0.94, 0.12, 0.32)
1186.93: (-0.46, 0.69, 0.56)
1187.04: (-0.70, 0.71, 0.03)
1187.15: (-0.68, -0.28, -0.68)
1187.27: (-0.36, -0.86, -0.35)
1187.38: (-0.64, -0.74, 0.19)
1187.50: (-0.82, -0.23, 0.53)
1187.62: (-0.63, 0.35, 0.69)
1187.73: (-0.26, 0.54, 0.80)
1187.85: (0.13, 0.20, 0.97)
1187.97: (0.18, -0.47, 0.87)
1188.08: (-0.13, -0.89, 0.44)
1188.19: (-0.54, -0.81, -0.22)
1188.30: (-0.65, -0.26, -0.71)
1188.42: (-0.93, 0.33, 0.13)
1188.53: (-0.25, 0.37, 0.90)
1188.65: (0.41, 0.18, 0.89)
1188.77: (0.90, -0.24, 0.37)
1188.88: (0.57, -0.78, -0.27)
1189.00: (-0.48, -0.81, -0.33)
1189.12: (-0.96, -0.12, 0.25)
1189.22: (-0.74, 0.46, 0.49)
1189.33: (-0.61, 0.76, -0.22)
1189.45: (-0.10, -0.01, -1.00)
1189.57: (-0.06, -0.91, -0.42)
1189.68: (-0.64, -0.55, 0.54)
1189.80: (-0.73, 0.64, 0.24)
1189.92: (-0.91, 0.39, 0.14)
1190.03: (-0.83, -0.45, 0.33)
1190.15: (-0.14, -0.93, 0.35)
1190.27: (0.33, -0.91, 0.27)
1190.38: (0.58, -0.81, 0.09)
1190.50: (0.82, -0.56, -0.13)
1190.60: (0.90, -0.37, -0.22)
1190.72: (0.95, -0.16, -0.28)
1190.83: (0.87, -0.05, -0.48)
1190.95: (0.61, -0.20, -0.76)
1191.07: (0.50, -0.29, -0.81)
1191.12: (0.50, -0.29, -0.81)
1191.12: (-0.87, 0.13, 0.47): 1
1191.18: (0.50, -0.29, -0.81)
1191.30: (0.54, -0.26, -0.80)
1191.42: (0.69, -0.17, -0.70)
1191.53: (0.96, -0.16, -0.24)
1191.65: (0.48, -0.75, 0.46)
1191.77: (-0.54, -0.78, -0.31)
1191.87: (-0.15, -0.25, -0.96)
1191.98: (0.76, -0.02, -0.64)
1192.10: (0.93, -0.19, 0.32)
1192.22: (0.37, -0.23, 0.90)
1192.33: (-0.27, -0.05, 0.96)
1192.45: (-0.82, 0.02, 0.57)
1192.57: (-0.97, -0.17, -0.19)
1192.68: (-0.85, -0.19, -0.48)
1192.80: (-0.97, -0.12, -0.23)
1192.90: (-0.99, -0.07, 0.12)
1193.02: (-0.94, 0.03, 0.34)
1193.13: (-0.93, 0.17, 0.33)
1193.22: (-0.91, 0.21, 0.35)
1193.22: (-0.97, -0.25, -0.07): 0
1193.23: (-0.91, 0.21, 0.35)
1193.35: (-0.91, 0.20, 0.36)
1193.47: (-0.90, 0.09, 0.43)
1193.58: (-0.98, 0.06, 0.17)
1193.70: (-0.97, 0.09, -0.23)
1193.82: (-0.98, -0.12, -0.16)
1193.93: (-0.93, -0.37, 0.02)
1193.98: (-0.92, -0.39, 0.02)
1193.98: (0.36, 0.68, -0.64): 0
1194.05: (-0.92, -0.39, 0.02)
1194.17: (-0.94, -0.34, -0.02)
1194.28: (-0.95, -0.33, -0.03)
1194.40: (-1.00, -0.08, -0.02)
1194.52: (-0.80, 0.58, 0.15)
1194.62: (-0.38, 0.81, 0.45)
1194.73: (0.08, 0.54, 0.84)
1194.85: (0.66, -0.17, 0.73)
1194.97: (0.69, -0.71, -0.15)
1195.08: (-0.19, -0.79, -0.58)
1195.20: (-0.93, -0.37, -0.03)
1195.32: (-0.92, 0.15, 0.36)
1195.43: (-0.66, 0.27, 0.70)
1195.55: (-0.24, 0.09, 0.97)
1195.67: (0.13, -0.25, 0.96)
1195.78: (0.48, -0.73, 0.48)
1195.90: (0.47, -0.86, -0.18)
1196.02: (0.19, -0.76, -0.62)
1196.13: (-0.17, -0.24, -0.96)
1196.25: (-0.12, 0.62, -0.78)
1196.37: (0.29, 0.87, -0.40)
1196.47: (0.54, 0.84, 0.09)
1196.58: (0.61, 0.76, 0.21)
1196.70: (0.56, 0.77, -0.30)
1196.80: (0.43, 0.66, -0.61)
1196.92: (0.35, 0.56, -0.75)
1196.92: (-0.28, 0.80, -0.54): 2
1196.92: (0.35, 0.56, -0.75)
1197.03: (0.37, 0.57, -0.73)
1197.13: (0.37, 0.57, -0.73)
1197.25: (-0.05, 0.54, -0.84)
1197.37: (-0.71, -0.10, -0.70)
1197.48: (-0.86, -0.35, -0.37)
1197.60: (-0.81, 0.13, -0.57)
1197.70: (-0.51, 0.53, -0.68)
1197.82: (-0.37, 0.63, -0.68)
1197.93: (-0.36, 0.66, -0.65)
1197.98: (-0.37, 0.71, -0.60)
1197.98: (0.94, -0.33, 0.11): 0
1198.05: (-0.33, 0.79, -0.52)
1198.17: (-0.32, 0.79, -0.52)
1198.28: (-0.55, 0.49, -0.68)
1198.40: (-0.82, 0.09, -0.56)
1198.52: (-0.99, 0.06, -0.14)
1198.62: (-0.90, 0.36, 0.23)
1198.73: (-0.51, 0.83, 0.22)
1198.85: (-0.02, 0.97, -0.22)
1198.97: (0.42, 0.65, -0.63)
1199.07: (0.61, 0.14, -0.78)
1199.18: (0.61, -0.48, -0.63)
1199.28: (0.38, -0.76, -0.53)
1199.40: (-0.15, -0.74, -0.66)
1199.52: (-0.29, -0.58, -0.76)
1199.63: (0.16, -0.65, -0.75)
1199.75: (0.74, -0.55, -0.39)
1199.85: (0.91, -0.41, 0.04)
1199.97: (0.93, -0.29, 0.23)
1200.08: (0.94, -0.28, 0.21)
1200.20: (0.96, -0.28, 0.05)
1200.22: (0.96, -0.28, 0.05)
1200.22: (0.68, -0.51, -0.53): 2
1200.32: (0.95, -0.30, 0.06)
1200.42: (0.95, -0.30, 0.06)
1200.53: (0.96, -0.28, -0.10)
1200.65: (0.70, -0.25, -0.67)
1200.75: (0.63, -0.44, -0.64)
1200.87: (0.69, -0.51, -0.52)
1200.98: (0.74, -0.51, -0.43)
1201.10: (0.71, -0.48, -0.51)
1201.15: (0.68, -0.46, -0.57)
1201.15: (-0.69, 0.14, -0.71): 2
1201.22: (0.67, -0.47, -0.58)
1201.33: (0.65, -0.46, -0.61)
1201.45: (0.41, -0.05, -0.91)
1201.57: (-0.29, 0.61, -0.74)
1201.68: (-0.80, 0.53, -0.29)
1201.80: (-0.93, 0.29, -0.25)
1201.92: (-0.75, 0.24, -0.62)
1202.03: (-0.47, 0.29, -0.83)
1202.13: (-0.45, 0.31, -0.84)
1202.25: (-0.56, 0.23, -0.79)
1202.33: (-0.65, 0.16, -0.75)
1202.33: (-0.72, -0.58, 0.39): 2
1202.37: (-0.65, 0.15, -0.74)
1202.47: (-0.65, 0.15, -0.74)
1202.58: (-0.72, 0.19, -0.66)
1202.70: (-0.88, 0.45, -0.15)
1202.82: (-0.78, 0.62, 0.02)
1202.93: (-0.70, 0.70, -0.14)
1203.05: (-0.60, 0.73, -0.33)
1203.16: (-0.51, 0.76, -0.39)
1203.28: (-0.49, 0.71, -0.51)
1203.40: (-0.51, 0.64, -0.57)
1203.51: (-0.60, 0.66, -0.45)
1203.63: (-0.70, 0.67, -0.25)
1203.73: (-0.73, 0.68, 0.01)
1203.85: (-0.75, 0.57, 0.33)
1203.96: (-0.78, -0.12, 0.61)
1204.08: (-0.74, -0.65, 0.16)
1204.20: (-0.73, -0.38, -0.57)
1204.31: (-0.76, 0.08, -0.64)
1204.43: (-0.89, -0.24, -0.38)
1204.55: (-0.69, -0.73, -0.04)
1204.67: (-0.63, -0.78, -0.01)
1204.78: (-0.74, -0.67, 0.01)
1204.90: (-0.76, -0.60, 0.25)
1205.01: (-0.73, -0.62, 0.29)
1205.13: (-0.73, -0.62, 0.29)
1205.13: (-0.67, -0.39, 0.63): 1
1205.13: (-0.73, -0.62, 0.29)
1205.25: (-0.73, -0.62, 0.29)
1205.35: (-0.73, -0.62, 0.29)
1205.46: (-0.65, -0.58, 0.49)
1205.58: (-0.49, -0.46, 0.74)
1205.68: (-0.55, -0.52, 0.66)
1205.80: (-0.62, -0.50, 0.61)
1205.90: (-0.71, -0.41, 0.58)
1205.90: (0.22, -0.70, 0.68): 2
1205.91: (-0.71, -0.41, 0.58)
1206.03: (-0.70, -0.42, 0.58)
1206.13: (-0.55, -0.50, 0.67)
1206.25: (-0.15, -0.55, 0.82)
1206.36: (0.15, -0.78, 0.61)
1206.46: (0.11, -0.93, 0.34)
1206.58: (0.12, -0.92, 0.38)
1206.70: (0.17, -0.85, 0.50)
1206.80: (0.19, -0.80, 0.57)
1206.81: (0.19, -0.80, 0.57)
1206.81: (-0.89, -0.41, 0.20): 2
1206.91: (0.19, -0.80, 0.58)
1207.01: (0.28, -0.73, 0.62)
1207.13: (0.44, -0.53, 0.73)
1207.25: (0.55, -0.49, 0.67)
1207.36: (0.55, -0.59, 0.60)
1207.48: (0.48, -0.70, 0.53)
1207.60: (0.41, -0.74, 0.54)
1207.71: (-0.08, -0.73, 0.68)
1207.83: (-0.79, -0.38, 0.47)
1207.95: (-0.97, -0.22, -0.06)
1208.05: (-0.84, -0.42, -0.35)
1208.15: (-0.64, -0.74, -0.21)
1208.26: (-0.65, -0.76, 0.05)
1208.38: (-0.81, -0.57, 0.17)
1208.50: (-0.93, -0.35, 0.10)
1208.53: (-0.93, -0.35, 0.10)
1208.53: (0.95, 0.01, 0.33): 2
1208.61: (-0.93, -0.36, 0.10)
1208.73: (-0.93, -0.36, 0.10)
1208.85: (-0.86, -0.48, 0.19)
1208.96: (-0.04, -0.75, 0.66)
1209.06: (0.34, -0.34, 0.88)
1209.18: (-0.01, 0.25, 0.97)
1209.30: (-0.60, 0.66, 0.46)
1209.41: (-0.66, 0.75, 0.00)
1209.53: (-0.04, 0.88, 0.48)
1209.63: (0.51, 0.50, 0.70)
1209.75: (0.71, -0.03, 0.70)
1209.86: (0.74, -0.40, 0.55)
1209.98: (0.88, -0.18, 0.44)
1210.10: (0.93, -0.07, 0.35)
1210.15: (0.93, -0.07, 0.35)
1210.15: (0.98, 0.15, 0.09): 2
1210.21: (0.93, -0.07, 0.35)
1210.31: (0.93, -0.07, 0.35)
1210.43: (0.95, -0.01, 0.31)
1210.55: (0.98, 0.20, -0.01)
1210.65: (0.98, 0.21, -0.06)
1210.76: (0.99, 0.15, 0.03)
1210.88: (0.99, 0.13, 0.09)
1210.98: (0.98, 0.15, 0.13)
1211.06: (0.97, 0.15, 0.21)
1211.06: (0.98, -0.04, 0.17): 1
1211.10: (0.97, 0.15, 0.21)
1211.21: (0.97, 0.13, 0.22)
1211.33: (0.97, 0.04, 0.23)
1211.45: (0.96, -0.26, 0.09)
1211.55: (0.97, -0.21, 0.09)
1211.65: (0.99, -0.09, 0.12)
1211.68: (0.99, -0.08, 0.12)
1211.68: (-0.05, 0.07, -1.00): 0
1211.76: (0.99, -0.08, 0.12)
1211.88: (0.99, -0.08, 0.12)
1212.00: (0.99, -0.09, 0.12)
1212.11: (0.99, -0.10, 0.12)
1212.23: (0.96, -0.22, 0.20)
1212.33: (0.84, -0.38, 0.40)
1212.45: (0.48, -0.42, 0.77)
1212.56: (-0.05, -0.29, 0.96)
1212.68: (-0.53, -0.16, 0.83)
1212.80: (-0.83, -0.41, 0.39)
1212.91: (-0.41, -0.91, -0.07)
1213.03: (0.54, -0.83, -0.13)
1213.15: (0.84, -0.54, -0.02)
1213.26: (0.32, -0.85, -0.41)
1213.38: (-0.90, -0.33, -0.27)
1213.50: (-0.92, 0.23, 0.32)
1213.61: (-0.92, 0.23, 0.32)
1213.73: (-0.92, 0.23, 0.32)
1213.85: (-0.58, -0.24, 0.78)
1213.95: (0.13, -0.61, 0.78)
1214.05: (0.21, -0.98, 0.00)
1214.16: (-0.21, -0.71, -0.67)
1214.26: (-0.41, -0.26, -0.87)
1214.38: (-0.05, 0.07, -1.00)
1214.50: (0.61, 0.01, -0.79)
1214.61: (0.66, -0.01, -0.75)
1214.73: (0.41, 0.08, -0.91)
1214.85: (0.23, 0.07, -0.97)
1214.96: (0.20, 0.06, -0.98)
1215.06: (0.02, 0.00, -1.00)
1215.15: (-0.03, 0.01, -1.00)
1215.15: (0.05, 0.57, 0.82): 1
1215.18: (-0.03, 0.01, -1.00)
1215.30: (-0.02, 0.01, -1.00)
1215.41: (0.03, 0.16, -0.99)
1215.53: (0.34, 0.59, -0.73)
1215.63: (0.79, 0.35, -0.50)
1215.75: (0.78, -0.47, -0.42)
1215.86: (-0.34, -0.94, -0.11)
1215.96: (-0.94, -0.03, 0.33)
1216.08: (-0.15, 0.96, 0.24)
1216.18: (0.60, 0.76, -0.23)
1216.30: (0.74, 0.13, -0.66)
1216.40: (0.63, -0.03, -0.78)
1216.51: (0.73, 0.40, -0.56)
1216.63: (0.65, 0.76, 0.07)
1216.75: (0.49, 0.66, 0.57)
1216.86: (0.44, 0.39, 0.81)
1216.98: (0.40, 0.27, 0.87)
1217.08: (0.24, 0.45, 0.86)
1217.20: (0.17, 0.49, 0.86)
1217.23: (0.17, 0.49, 0.86)
1217.23: (-0.12, 0.73, -0.68): 0
1217.30: (0.16, 0.50, 0.85)
1217.41: (0.15, 0.50, 0.85)
1217.51: (0.05, 0.51, 0.86)
1217.63: (-0.41, 0.29, 0.86)
1217.75: (-0.78, 0.06, 0.62)
1217.85: (-0.91, 0.40, 0.07)
1217.96: (-0.39, 0.80, -0.45)
1218.06: (0.14, 0.94, -0.30)
1218.18: (0.45, 0.86, 0.25)
1218.30: (0.36, 0.93, 0.09)
1218.41: (0.19, 0.94, -0.27)
1218.53: (0.00, 0.86, -0.51)
1218.61: (-0.05, 0.82, -0.57)
1218.61: (-0.21, 0.35, 0.91): 0
1218.65: (-0.05, 0.82, -0.57)
1218.76: (-0.05, 0.82, -0.57)
1218.88: (-0.06, 0.81, -0.58)
1219.00: (0.10, 0.56, -0.82)
1219.11: (0.49, -0.05, -0.87)
1219.23: (0.83, -0.37, -0.41)
1219.33: (0.93, -0.30, 0.19)
1219.45: (0.83, -0.09, 0.56)
1219.56: (0.65, 0.29, 0.70)
1219.68: (0.43, 0.80, 0.42)
1219.78: (0.28, 0.93, -0.23)
1219.90: (0.27, 0.74, -0.61)
1220.01: (0.25, 0.96, -0.11)
1220.13: (0.03, 0.76, 0.65)
1220.25: (-0.17, 0.31, 0.94)
1220.36: (-0.22, 0.10, 0.97)
1220.48: (-0.21, 0.10, 0.97)
1220.59: (-0.18, 0.27, 0.94)
1220.66: (-0.16, 0.35, 0.92)
1220.66: (1.00, -0.04, 0.06): 1
1220.69: (-0.16, 0.38, 0.91)
1220.81: (-0.15, 0.39, 0.91)
1220.93: (0.09, 0.55, 0.83)
1221.05: (0.66, 0.56, 0.50)
1221.16: (0.94, 0.02, 0.35)
1221.28: (0.77, -0.49, 0.42)
1221.39: (0.58, -0.66, 0.48)
1221.51: (0.77, -0.52, 0.38)
1221.63: (0.89, -0.38, 0.25)
1221.74: (0.97, -0.19, 0.13)
1221.86: (0.99, -0.04, 0.10)
1221.98: (0.99, -0.01, 0.10)
1222.04: (0.99, -0.01, 0.10)
1222.04: (-0.48, 0.81, -0.34): 0
1222.08: (0.99, -0.01, 0.10)
1222.19: (0.98, 0.01, 0.18)
1222.31: (0.75, -0.29, 0.60)
1222.43: (0.63, -0.62, 0.46)
1222.53: (0.80, -0.60, 0.09)
1222.63: (0.92, -0.31, -0.25)
1222.74: (0.86, 0.15, -0.49)
1222.86: (0.61, 0.52, -0.59)
1222.98: (0.07, 0.87, -0.48)
1223.08: (-0.42, 0.90, -0.06)
1223.18: (-0.64, 0.66, 0.40)
1223.29: (-0.68, 0.66, 0.32)
1223.41: (-0.57, 0.82, -0.10)
1223.53: (-0.53, 0.81, -0.24)
1223.64: (-0.49, 0.82, -0.28)
1223.66: (-0.47, 0.83, -0.31)
1223.66: (-0.96, -0.08, 0.28): 2
1223.74: (-0.45, 0.83, -0.32)
1223.86: (-0.36, 0.84, -0.40)
1223.98: (0.42, 0.50, -0.75)
1224.09: (0.85, -0.07, -0.52)
1224.21: (0.93, 0.01, -0.35)
1224.33: (0.93, 0.20, -0.31)
1224.43: (0.91, 0.32, -0.28)
1224.53: (0.75, 0.65, -0.10)
1224.64: (0.14, 0.99, 0.09)
1224.76: (-0.36, 0.93, -0.04)
1224.86: (-0.68, 0.67, -0.28)
1224.98: (-0.89, -0.16, -0.43)
1225.09: (-0.56, -0.80, -0.23)
1225.21: (-0.13, -0.97, 0.23)
1225.33: (-0.12, -0.75, 0.65)
1225.44: (-0.68, -0.51, 0.52)
1225.56: (-0.93, -0.34, 0.16)
1225.68: (-0.98, -0.18, -0.03)
1225.79: (-0.99, -0.10, 0.12)
1225.88: (-0.98, -0.11, 0.17)
1225.88: (-1.00, -0.03, -0.08): 1
1225.91: (-0.98, -0.11, 0.17)
1226.03: (-0.98, -0.11, 0.17)
1226.13: (-0.98, -0.11, -0.14)
1226.24: (-0.81, -0.10, -0.57)
1226.36: (-0.87, -0.09, -0.48)
1226.48: (-0.97, -0.06, -0.23)
1226.59: (-0.98, -0.05, -0.18)
1226.61: (-0.98, -0.05, -0.18)
1226.61: (-0.97, 0.09, 0.21): 0
1226.71: (-0.98, -0.05, -0.17)
1226.81: (-0.99, -0.03, -0.14)
1226.93: (-0.99, 0.08, -0.11)
1227.04: (-1.00, 0.05, 0.07)
1227.13: (-0.99, 0.03, 0.11)
1227.13: (-0.59, -0.53, 0.61): 0
1227.16: (-0.99, 0.03, 0.11)
1227.28: (-0.99, 0.04, 0.13)
1227.39: (-0.96, 0.13, 0.24)
1227.51: (-0.92, -0.09, 0.37)
1227.61: (-0.87, -0.26, 0.43)
1227.73: (-0.77, -0.38, 0.51)
1227.84: (-0.63, -0.45, 0.63)
1227.91: (-0.59, -0.48, 0.65)
1227.91: (0.54, -0.16, 0.82): 0
1227.94: (-0.59, -0.48, 0.65)
1228.06: (-0.59, -0.48, 0.65)
1228.18: (-0.62, -0.44, 0.64)
1228.29: (-0.62, -0.43, 0.65)
1228.41: (-0.62, -0.43, 0.66)
1228.53: (-0.64, -0.48, 0.61)
1228.64: (-0.39, -0.85, 0.36)
1228.76: (-0.12, -0.92, -0.38)
1228.88: (0.04, -0.45, -0.89)
1228.99: (-0.11, -0.26, -0.96)
1229.11: (-0.77, -0.11, -0.63)
1229.23: (-0.98, -0.06, 0.20)
1229.33: (-0.72, -0.07, 0.69)
1229.44: (-0.25, -0.42, 0.87)
1229.56: (0.13, -0.83, 0.55)
1229.68: (0.28, -0.96, -0.01)
1229.78: (0.29, -0.94, -0.17)
1229.89: (0.52, -0.77, 0.37)
1229.99: (0.60, -0.34, 0.73)
1230.11: (0.54, -0.15, 0.83)
1230.18: (0.52, -0.13, 0.84)
1230.18: (0.95, -0.30, 0.08): 2
1230.23: (0.52, -0.13, 0.84)
1230.34: (0.52, -0.13, 0.84)
1230.46: (0.48, -0.12, 0.87)
1230.58: (0.10, 0.16, 0.98)
1230.69: (-0.53, 0.18, 0.83)
1230.81: (-0.90, -0.21, 0.37)
1230.93: (-0.83, -0.55, 0.00)
1231.03: (-0.31, -0.93, -0.20)
1231.14: (0.48, -0.84, -0.26)
1231.26: (0.88, -0.45, -0.15)
1231.38: (1.00, 0.03, 0.01)
1231.49: (0.90, 0.40, 0.15)
1231.59: (0.99, 0.10, 0.08)
1231.71: (0.96, -0.27, 0.01)
1231.79: (0.96, -0.28, 0.01)
1231.79: (0.50, 0.67, 0.55): 1
1231.83: (0.96, -0.28, 0.01)
1231.94: (0.96, -0.27, 0.03)
1232.06: (0.93, -0.35, 0.14)
1232.18: (0.75, -0.62, 0.25)
1232.29: (0.45, -0.69, 0.56)
1232.41: (0.33, -0.45, 0.83)
1232.53: (0.42, -0.07, 0.90)
1232.64: (0.57, 0.38, 0.73)
1232.76: (0.53, 0.82, 0.24)
1232.88: (0.51, 0.85, 0.15)
1232.99: (0.58, 0.70, 0.43)
1233.08: (0.58, 0.66, 0.48)
1233.08: (-0.99, 0.16, -0.02): 0
1233.09: (0.58, 0.66, 0.48)
1233.21: (0.58, 0.66, 0.48)
1233.33: (0.68, 0.25, 0.69)
1233.44: (0.73, -0.41, 0.54)
1233.56: (0.86, -0.48, 0.19)
1233.68: (0.99, 0.02, -0.10)
1233.79: (0.91, 0.39, -0.15)
1233.89: (0.73, 0.68, -0.08)
1233.99: (0.44, 0.90, 0.00)
1234.11: (-0.03, 0.99, 0.13)
1234.23: (-0.29, 0.91, 0.30)
1234.34: (-0.38, 0.82, 0.43)
1234.46: (-0.35, 0.78, 0.52)
1234.58: (-0.19, 0.73, 0.66)
1234.69: (0.38, 0.58, 0.72)
1234.81: (0.83, 0.06, 0.55)
1234.93: (0.72, -0.55, 0.44)
1235.04: (0.29, -0.89, 0.35)
1235.16: (-0.19, -0.94, 0.27)
1235.28: (-0.57, -0.82, 0.07)
1235.39: (-0.62, -0.63, -0.47)
1235.51: (-0.16, -0.37, -0.91)
1235.63: (0.58, -0.27, -0.77)
1235.73: (0.89, -0.40, -0.23)
1235.84: (0.71, -0.52, 0.48)
1235.96: (0.19, -0.51, 0.84)
1236.07: (-0.37, -0.32, 0.87)
1236.19: (-0.78, -0.16, 0.60)
1236.29: (-0.99, -0.01, 0.15)
1236.41: (-0.88, 0.06, -0.47)
1236.51: (-0.55, 0.09, -0.83)
1236.63: (-0.58, 0.10, -0.81)
1236.74: (-0.88, 0.17, -0.45)
1236.86: (-0.96, 0.16, -0.25)
1236.97: (-0.99, 0.13, -0.10)
1236.99: (-0.99, 0.13, -0.09)
1236.99: (-0.95, -0.15, -0.27): 1
1237.09: (-0.99, 0.10, 0.06)
1237.21: (-0.99, 0.11, 0.07)
1237.31: (-1.00, 0.07, 0.04)
1237.42: (-0.99, -0.16, -0.06)
1237.54: (-0.97, -0.13, -0.19)
1237.62: (-0.97, -0.08, -0.23)
1237.62: (0.57, -0.55, -0.61): 2
1237.66: (-0.97, -0.09, -0.24)
1237.77: (-0.96, -0.10, -0.25)
1237.89: (-0.95, -0.15, -0.28)
1238.01: (-0.88, -0.27, -0.39)
1238.12: (-0.83, -0.34, -0.44)
1238.24: (-0.80, -0.38, -0.46)
1238.34: (-0.73, -0.50, -0.48)
1238.46: (-0.71, -0.50, -0.50)
1238.57: (-0.67, -0.51, -0.53)
1238.69: (-0.68, -0.45, -0.58)
1238.79: (-0.69, -0.42, -0.59)
1238.91: (-0.69, -0.42, -0.59)
1239.02: (-0.69, -0.42, -0.59)
1239.14: (-0.69, -0.44, -0.57)
1239.26: (-0.82, -0.54, -0.20)
1239.36: (-0.47, -0.87, 0.18)
1239.47: (0.44, -0.89, -0.08)
1239.59: (0.86, -0.22, -0.47)
1239.71: (0.71, 0.54, -0.44)
1239.81: (0.81, 0.46, -0.37)
1239.92: (0.92, -0.10, -0.37)
1240.04: (0.87, -0.27, -0.42)
1240.16: (0.77, -0.38, -0.52)
1240.26: (0.67, -0.44, -0.60)
1240.29: (0.63, -0.49, -0.60)
1240.29: (-0.41, 0.91, 0.03): 2
1240.37: (0.63, -0.49, -0.60)
1240.47: (0.60, -0.51, -0.62)
1240.59: (0.35, -0.63, -0.70)
1240.71: (-0.17, -0.68, -0.72)
1240.82: (-0.52, -0.41, -0.75)
1240.94: (-0.69, -0.04, -0.72)
1241.04: (-0.76, 0.16, -0.63)
1241.16: (-0.81, 0.15, -0.56)
1241.27: (-0.93, -0.31, -0.20)
1241.39: (-0.49, -0.83, 0.27)
1241.51: (0.25, -0.86, 0.45)
1241.62: (0.72, -0.59, 0.35)
1241.74: (0.92, -0.40, 0.04)
1241.84: (0.84, -0.37, -0.40)
1241.96: (0.47, -0.30, -0.83)
1242.07: (0.07, -0.23, -0.97)
1242.19: (-0.31, -0.12, -0.94)
1242.31: (-0.66, -0.10, -0.74)
1242.42: (-0.86, -0.32, -0.39)
1242.54: (-0.80, -0.59, 0.04)
1242.66: (-0.54, -0.73, 0.43)
1242.77: (-0.16, -0.52, 0.84)
1242.89: (0.07, -0.17, 0.98)
1243.01: (0.22, 0.05, 0.97)
1243.12: (0.61, 0.19, 0.77)
1243.24: (0.89, -0.03, 0.45)
1243.36: (0.86, -0.40, 0.31)
1243.47: (0.57, -0.74, 0.36)
1243.59: (0.16, -0.77, 0.62)
1243.71: (0.21, -0.46, 0.86)
1243.82: (0.72, -0.30, 0.62)
1243.92: (0.92, -0.33, -0.19)
1244.04: (0.31, -0.01, -0.95)
1244.16: (-0.49, 0.48, -0.73)
1244.27: (-0.76, 0.64, -0.05)
1244.39: (-0.77, 0.38, 0.51)
1244.51: (-0.80, 0.09, 0.60)
1244.62: (-0.82, 0.43, 0.39)
1244.72: (-0.57, 0.81, 0.13)
1244.84: (-0.27, 0.96, -0.04)
1244.87: (-0.26, 0.97, -0.05)
1244.87: (0.39, -0.11, 0.91): 1
1244.96: (-0.26, 0.96, -0.05)
1245.07: (-0.26, 0.96, -0.05)
1245.17: (-0.39, 0.92, 0.05)
1245.29: (-0.65, 0.74, 0.18)
1245.41: (-0.84, 0.27, 0.48)
1245.52: (-0.71, -0.18, 0.68)
1245.62: (-0.47, -0.26, 0.85)
1245.74: (-0.07, 0.17, 0.98)
1245.86: (-0.04, 0.33, 0.94)
1245.97: (-0.04, 0.33, 0.94)
1246.07: (-0.04, 0.33, 0.94)
1246.19: (-0.10, 0.30, 0.95)
1246.31: (0.20, 0.05, 0.98)
1246.41: (0.35, -0.09, 0.93)
1246.49: (0.39, -0.13, 0.91)
1246.49: (0.92, 0.30, 0.25): 1
1246.51: (0.39, -0.13, 0.91)
1246.62: (0.39, -0.14, 0.91)
1246.74: (0.19, 0.08, 0.98)
1246.86: (-0.33, 0.25, 0.91)
1246.97: (-0.79, 0.07, 0.61)
1247.09: (-0.96, -0.29, -0.02)
1247.19: (-0.56, -0.44, -0.70)
1247.31: (0.19, -0.01, -0.98)
1247.42: (0.46, 0.77, -0.45)
1247.54: (-0.16, 0.90, 0.41)
1247.66: (-0.78, 0.17, 0.61)
1247.76: (-0.88, -0.41, 0.24)
1247.87: (-0.51, -0.68, -0.53)
1247.99: (0.16, -0.09, -0.98)
1248.09: (0.44, 0.57, -0.69)
1248.21: (0.25, 0.96, 0.13)
1248.32: (-0.29, 0.61, 0.74)
1248.44: (-0.87, -0.09, 0.49)
1248.56: (-0.59, -0.56, -0.58)
1248.67: (0.44, -0.06, -0.90)
1248.79: (0.77, 0.50, -0.38)
1248.91: (0.78, 0.51, -0.37)
1249.01: (0.78, 0.51, -0.37)
1249.12: (0.78, 0.51, -0.37)
1249.24: (0.78, 0.51, -0.37)
1249.36: (0.77, 0.51, -0.38)
1249.47: (0.81, 0.54, -0.20)
1249.59: (0.89, 0.45, 0.02)
1249.71: (0.92, 0.37, 0.15)
1249.81: (0.90, 0.32, 0.29)
1249.86: (0.87, 0.31, 0.38)
1249.86: (0.42, 0.35, 0.83): 1
1249.92: (0.86, 0.30, 0.41)
1250.04: (0.86, 0.30, 0.41)
1250.16: (0.86, 0.31, 0.40)
1250.26: (0.71, 0.37, 0.60)
1250.37: (0.60, 0.35, 0.72)
1250.42: (0.54, 0.35, 0.77)
1250.42: (0.59, -0.80, -0.10): 0
1250.49: (0.53, 0.34, 0.77)
1250.61: (0.53, 0.34, 0.78)
1250.72: (0.53, 0.29, 0.80)
1250.84: (0.57, 0.07, 0.82)
1250.96: (0.49, -0.32, 0.81)
1251.07: (0.41, -0.81, 0.41)
1251.19: (0.36, -0.88, -0.30)
1251.31: (0.44, -0.52, -0.73)
1251.42: (0.52, -0.64, -0.57)
1251.54: (0.57, -0.78, -0.27)
1251.61: (0.58, -0.81, -0.09)
1251.61: (-0.64, 0.59, -0.49): 2
1251.66: (0.60, -0.80, -0.04)
1251.77: (0.61, -0.79, 0.00)
1251.89: (0.72, -0.69, 0.08)
1252.01: (0.88, -0.36, 0.31)
1252.11: (0.90, -0.12, 0.41)
1252.22: (0.80, 0.38, 0.46)
1252.34: (0.44, 0.85, 0.28)
1252.46: (-0.05, 0.98, -0.18)
1252.57: (-0.28, 0.71, -0.64)
1252.69: (-0.19, 0.27, -0.95)
1252.80: (-0.04, -0.16, -0.99)
1252.92: (-0.18, -0.06, -0.98)
1253.04: (-0.39, 0.18, -0.91)
1253.15: (-0.51, 0.42, -0.75)
1253.26: (-0.57, 0.56, -0.61)
1253.35: (-0.60, 0.58, -0.55)
1253.35: (-0.91, -0.37, 0.21): 2
1253.37: (-0.60, 0.58, -0.55)
1253.49: (-0.62, 0.60, -0.51)
1253.59: (-0.65, 0.67, -0.36)
1253.71: (-0.67, 0.74, 0.05)
1253.82: (-0.51, 0.71, 0.48)
1253.94: (-0.19, 0.61, 0.77)
1254.04: (0.18, 0.45, 0.87)
1254.16: (0.60, 0.18, 0.78)
1254.27: (0.89, -0.07, 0.45)
1254.39: (0.97, -0.23, -0.03)
1254.49: (0.87, -0.28, -0.40)
1254.60: (0.65, -0.19, -0.73)
1254.72: (0.25, -0.06, -0.97)
1254.82: (-0.16, 0.04, -0.99)
1254.92: (-0.60, 0.11, -0.80)
1255.04: (-0.92, 0.18, -0.36)
1255.15: (-0.95, 0.31, -0.03)
1255.27: (-0.84, 0.54, 0.11)
1255.37: (-0.79, 0.60, 0.12)
1255.47: (-0.92, 0.38, 0.06)
1255.59: (-0.99, -0.13, 0.01)
1255.70: (-0.80, -0.59, 0.12)
1255.82: (-0.80, -0.59, 0.13)
1255.94: (-0.87, -0.44, 0.23)
1256.00: (-0.87, -0.38, 0.30)
1256.00: (-0.67, 0.66, 0.35): 1
1256.05: (-0.87, -0.37, 0.33)
1256.17: (-0.87, -0.37, 0.33)
1256.29: (-0.97, -0.23, 0.05)
1256.39: (-0.87, -0.02, -0.49)
1256.50: (-0.82, -0.02, -0.57)
1256.62: (-0.82, -0.02, -0.57)
1256.74: (-0.82, -0.01, -0.58)
1256.85: (-0.68, -0.07, -0.73)
1256.97: (0.23, -0.05, -0.97)
1257.09: (0.93, 0.21, -0.30)
1257.19: (0.77, 0.44, 0.46)
1257.30: (-0.09, 0.54, 0.84)
1257.42: (-0.76, 0.53, 0.37)
1257.54: (-0.81, 0.55, -0.21)
1257.65: (-0.70, 0.57, -0.44)
1257.75: (-0.75, 0.61, -0.26)
1257.87: (-0.75, 0.65, 0.08)
1257.95: (-0.71, 0.66, 0.23)
1257.95: (-0.37, -0.71, 0.60): 2
1257.99: (-0.71, 0.66, 0.24)
1258.10: (-0.65, 0.68, 0.34)
1258.22: (-0.42, 0.74, 0.53)
1258.32: (0.00, 0.70, 0.71)
1258.42: (0.49, 0.49, 0.72)
1258.54: (0.93, 0.00, 0.37)
1258.65: (0.72, -0.57, -0.39)
1258.77: (0.13, -0.59, -0.80)
1258.89: (-0.20, -0.21, -0.96)
1259.00: (-0.55, 0.28, -0.79)
1259.12: (-0.87, 0.40, -0.27)
1259.24: (-1.00, 0.02, -0.05)
1259.35: (-0.83, -0.56, 0.03)
1259.47: (-0.30, -0.94, -0.16)
1259.59: (0.29, -0.82, -0.50)
1259.69: (0.44, -0.73, -0.52)
1259.80: (0.21, -0.97, -0.14)
1259.92: (-0.11, -0.97, 0.21)
1260.02: (-0.29, -0.81, 0.51)
1260.10: (-0.34, -0.63, 0.69)
1260.10: (0.79, -0.51, 0.34): 0
1260.14: (-0.34, -0.60, 0.73)
1260.24: (-0.33, -0.59, 0.74)
1260.35: (-0.34, -0.68, 0.65)
1260.45: (-0.20, -0.86, 0.48)
1260.57: (0.30, -0.87, 0.39)
1260.69: (0.75, -0.56, 0.35)
1260.80: (0.98, -0.15, -0.12)
1260.92: (0.91, -0.01, -0.42)
1261.02: (0.96, -0.13, -0.25)
1261.14: (0.96, -0.28, -0.02)
1261.25: (0.89, -0.36, 0.28)
1261.30: (0.87, -0.36, 0.32)
1261.30: (-0.53, -0.04, 0.85): 0
1261.37: (0.87, -0.36, 0.34)
1261.49: (0.80, -0.40, 0.44)
1261.60: (0.79, -0.46, 0.40)
1261.72: (0.75, -0.51, 0.41)
1261.84: (0.75, -0.51, 0.41)
1261.95: (0.83, -0.42, 0.36)
1262.07: (0.98, 0.17, 0.09)
1262.19: (0.74, 0.66, -0.11)
1262.30: (0.26, 0.97, 0.01)
1262.40: (-0.22, 0.97, 0.13)
1262.52: (-0.60, 0.76, 0.26)
1262.62: (-0.68, 0.59, 0.43)
1262.74: (-0.42, 0.45, 0.79)
1262.85: (0.03, 0.28, 0.96)
1262.97: (-0.04, 0.22, 0.97)
1263.09: (-0.06, 0.24, 0.97)
1263.19: (-0.06, 0.24, 0.97)
1263.30: (-0.06, 0.27, 0.96)
1263.42: (-0.32, 0.11, 0.94)
1263.52: (-0.49, -0.03, 0.87)
1263.60: (-0.53, -0.05, 0.84)
1263.60: (0.44, 0.09, 0.89): 1
1263.64: (-0.53, -0.05, 0.85)
1263.75: (-0.50, -0.06, 0.87)
1263.85: (-0.33, 0.06, 0.94)
1263.97: (-0.20, 0.51, 0.84)
1264.09: (-0.23, 0.94, 0.26)
1264.20: (-0.02, 0.83, -0.56)
1264.32: (0.40, 0.05, -0.92)
1264.44: (0.47, -0.86, -0.23)
1264.55: (0.41, -0.73, 0.54)
1264.65: (0.89, -0.16, 0.42)
1264.77: (0.68, 0.51, -0.53)
1264.89: (-0.27, 0.25, -0.93)
1265.00: (-0.21, 0.39, -0.90)
1265.12: (0.39, 0.65, -0.66)
1265.22: (0.66, 0.68, -0.30)
1265.34: (0.80, 0.60, -0.08)
1265.45: (0.89, 0.45, 0.10)
1265.57: (0.96, 0.28, 0.06)
1265.69: (0.99, 0.11, 0.03)
1265.80: (0.96, -0.17, 0.23)
1265.90: (0.90, -0.40, 0.18)
1266.02: (0.85, -0.52, 0.10)
1266.14: (0.83, -0.29, 0.48)
1266.25: (0.68, 0.05, 0.73)
1266.37: (0.71, 0.11, 0.70)
1266.49: (0.56, -0.01, 0.83)
1266.57: (0.45, -0.02, 0.89)
1266.57: (0.87, -0.31, -0.39): 0
1266.60: (0.46, -0.02, 0.89)
1266.70: (0.47, -0.02, 0.88)
1266.82: (0.64, 0.17, 0.75)
1266.94: (0.94, 0.28, 0.21)
1267.05: (0.99, 0.05, 0.11)
1267.17: (0.71, -0.45, 0.54)
1267.29: (0.69, -0.58, 0.43)
1267.40: (0.90, -0.43, 0.01)
1267.52: (0.87, -0.26, -0.43)
1267.64: (0.69, -0.21, -0.70)
1267.75: (0.72, -0.22, -0.66)
1267.87: (0.86, -0.26, -0.45)
1267.90: (0.86, -0.26, -0.44)
1267.90: (0.92, 0.37, -0.12): 0
1267.97: (0.86, -0.26, -0.44)
1268.09: (0.86, -0.26, -0.45)
1268.20: (0.85, -0.35, -0.39)
1268.32: (0.92, -0.33, -0.21)
1268.44: (0.95, 0.03, -0.30)
1268.55: (0.95, 0.10, -0.30)
1268.67: (0.96, 0.25, -0.15)
1268.79: (0.91, 0.37, -0.16)
1268.79: (-0.80, 0.39, -0.45): 0
1268.79: (0.91, 0.37, -0.16)
1268.90: (0.91, 0.38, -0.17)
1269.00: (0.91, 0.38, -0.17)
1269.12: (0.98, 0.15, -0.14)
1269.23: (0.98, 0.05, -0.17)
1269.35: (0.98, 0.05, -0.17)
1269.47: (0.98, 0.05, -0.17)
1269.58: (0.94, -0.31, -0.11)
1269.70: (0.56, -0.81, -0.17)
1269.82: (0.29, -0.81, -0.50)
1269.93: (0.21, -0.48, -0.85)
1270.03: (0.08, 0.11, -0.99)
1270.15: (-0.04, 0.77, -0.64)
1270.27: (0.02, 1.00, -0.06)
1270.38: (0.18, 0.79, 0.59)
1270.50: (0.26, 0.19, 0.95)
1270.62: (0.06, -0.40, 0.91)
1270.73: (-0.28, -0.80, 0.53)
1270.84: (-0.31, -0.83, 0.47)
1270.95: (-0.31, -0.83, 0.47)
1271.07: (-0.22, -0.79, 0.57)
1271.18: (-0.40, -0.81, 0.43)
1271.30: (-0.82, -0.57, 0.00)
1271.42: (-0.91, -0.07, -0.42)
1271.54: (-0.47, 0.37, -0.80)
1271.65: (-0.10, 0.45, -0.89)
1271.77: (-0.39, 0.41, -0.82)
1271.88: (-0.70, 0.32, -0.64)
1271.95: (-0.72, 0.34, -0.61)
1271.95: (-0.17, -0.84, 0.52): 0
1272.00: (-0.70, 0.35, -0.62)
1272.12: (-0.79, 0.39, -0.47)
1272.23: (-0.84, 0.39, -0.38)
1272.33: (-0.85, 0.38, -0.36)
1272.45: (-0.94, 0.30, 0.18)
1272.57: (-0.54, -0.04, 0.84)
1272.68: (0.06, -0.51, 0.86)
1272.78: (0.32, -0.66, 0.68)
1272.90: (0.47, -0.86, 0.21)
1273.02: (0.30, -0.95, 0.09)
1273.13: (0.13, -0.94, 0.31)
1273.25: (-0.06, -0.88, 0.48)
1273.33: (-0.20, -0.78, 0.60)
1273.33: (-0.95, -0.02, 0.33): 1
1273.37: (-0.22, -0.76, 0.61)
1273.48: (-0.22, -0.77, 0.60)
1273.60: (-0.21, -0.78, 0.59)
1273.72: (-0.13, -0.90, 0.41)
1273.82: (0.11, -0.99, -0.10)
1273.93: (0.26, -0.69, -0.68)
1274.05: (-0.05, -0.31, -0.95)
1274.17: (-0.56, -0.05, -0.83)
1274.28: (-0.84, -0.01, -0.55)
1274.38: (-0.97, -0.15, -0.22)
1274.48: (-0.98, -0.16, -0.08)
1274.60: (-0.98, -0.16, -0.08)
1274.72: (-0.98, -0.19, -0.09)
1274.83: (-0.99, -0.16, 0.06)
1274.95: (-0.97, -0.07, 0.22)
1275.07: (-0.96, -0.02, 0.29)
1275.15: (-0.94, 0.03, 0.35)
1275.15: (-0.98, -0.21, -0.02): 0
1275.18: (-0.94, 0.03, 0.35)
1275.30: (-0.94, 0.03, 0.35)
1275.42: (-0.93, 0.03, 0.35)
1275.53: (-0.98, -0.05, 0.17)
1275.63: (-0.98, -0.13, 0.12)
1275.70: (-0.98, -0.17, 0.08)
1275.70: (-0.56, -0.59, -0.59): 1
1275.75: (-0.98, -0.20, 0.06)
1275.87: (-0.98, -0.20, 0.06)
1275.98: (-0.98, -0.16, 0.08)
1276.10: (-0.98, -0.16, 0.09)
1276.22: (-0.92, -0.36, 0.18)
1276.33: (-0.45, -0.84, 0.31)
1276.45: (0.07, -0.83, 0.55)
1276.57: (0.24, -0.51, 0.82)
1276.68: (0.23, -0.26, 0.94)
1276.80: (0.10, 0.24, 0.97)
1276.90: (-0.20, 0.65, 0.74)
1277.02: (-0.51, 0.83, 0.21)
1277.13: (-0.67, 0.69, -0.27)
1277.25: (-0.68, 0.32, -0.65)
1277.37: (-0.67, -0.30, -0.68)
1277.48: (-0.57, -0.78, -0.25)
1277.60: (-0.49, -0.86, 0.12)
1277.72: (-0.57, -0.82, -0.09)
1277.82: (-0.56, -0.75, -0.35)
1277.93: (-0.51, -0.63, -0.59)
1277.97: (-0.53, -0.59, -0.61)
1277.97: (-0.28, -0.80, -0.54): 1
1278.05: (-0.55, -0.56, -0.62)
1278.15: (-0.56, -0.55, -0.62)
1278.27: (-0.66, -0.47, -0.59)
1278.37: (-0.64, -0.47, -0.61)
1278.48: (-0.42, -0.67, -0.61)
1278.60: (-0.29, -0.83, -0.48)
1278.63: (-0.29, -0.83, -0.48)
1278.63: (-1.00, -0.04, 0.03): 0
1278.70: (-0.28, -0.83, -0.48)
1278.82: (-0.28, -0.83, -0.48)
1278.93: (-0.28, -0.83, -0.48)
1279.03: (-0.41, -0.77, -0.49)
1279.15: (-0.42, -0.75, -0.51)
1279.27: (-0.42, -0.75, -0.51)
1279.38: (-0.69, -0.65, -0.32)
1279.50: (-0.76, -0.33, 0.57)
1279.62: (-0.12, 0.25, 0.96)
1279.72: (0.34, 0.45, 0.83)
1279.82: (0.06, 0.48, 0.88)
1279.93: (-0.44, 0.34, 0.83)
1280.05: (-0.81, 0.24, 0.54)
1280.17: (-0.91, 0.19, 0.37)
1280.28: (-0.97, 0.12, 0.19)
1280.38: (-1.00, 0.03, 0.05)
1280.42: (-1.00, 0.03, 0.05)
1280.42: (0.91, -0.19, 0.38): 1
1280.50: (-1.00, 0.02, 0.04)
1280.62: (-1.00, 0.03, 0.07)
1280.73: (-0.92, 0.24, 0.31)
1280.85: (-0.72, 0.63, 0.29)
1280.97: (-0.35, 0.92, 0.16)
1281.08: (-0.03, 1.00, -0.08)
1281.20: (0.11, 0.95, -0.30)
1281.30: (0.25, 0.82, -0.52)
1281.42: (0.19, 0.53, -0.82)
1281.53: (-0.12, -0.02, -0.99)
1281.65: (-0.48, -0.56, -0.67)
1281.77: (-0.64, -0.74, -0.20)
1281.88: (-0.67, -0.63, 0.39)
1282.00: (-0.53, -0.17, 0.83)
1282.12: (-0.19, 0.43, 0.88)
1282.23: (0.18, 0.86, 0.48)
1282.35: (0.32, 0.94, -0.07)
1282.45: (0.25, 0.81, -0.53)
1282.57: (-0.04, 0.51, -0.86)
1282.68: (-0.42, 0.25, -0.87)
1282.80: (-0.88, 0.02, -0.47)
1282.92: (-0.96, -0.14, 0.25)
1283.03: (-0.55, -0.08, 0.83)
1283.15: (0.02, 0.06, 1.00)
1283.27: (0.56, 0.18, 0.81)
1283.38: (0.91, 0.21, 0.36)
1283.50: (0.96, 0.20, -0.19)
1283.60: (0.98, 0.14, -0.12)
1283.72: (0.97, 0.08, 0.23)
1283.83: (0.88, -0.08, 0.47)
1283.92: (0.85, -0.18, 0.50)
1283.92: (0.60, -0.61, 0.51): 2
1283.95: (0.85, -0.18, 0.50)
1284.07: (0.85, -0.18, 0.49)
1284.18: (0.90, -0.12, 0.42)
1284.30: (0.89, -0.18, 0.42)
1284.40: (0.72, -0.43, 0.54)
1284.52: (0.59, -0.59, 0.55)
1284.55: (0.59, -0.59, 0.55)
1284.55: (-1.00, 0.00, 0.02): 0
1284.63: (0.59, -0.60, 0.54)
1284.75: (0.59, -0.60, 0.54)
1284.87: (0.59, -0.59, 0.54)
1284.98: (0.56, -0.49, 0.67)
1285.08: (0.55, -0.45, 0.70)
1285.20: (0.55, -0.45, 0.70)
1285.32: (0.56, -0.44, 0.71)
1285.42: (0.67, 0.15, 0.73)
1285.53: (0.39, 0.92, -0.03)
1285.65: (-0.09, 0.57, -0.82)
1285.77: (-0.33, 0.19, -0.93)
1285.88: (-0.26, -0.26, -0.93)
1286.00: (0.19, -0.67, -0.72)
1286.12: (0.67, -0.59, -0.46)
1286.23: (0.98, -0.11, -0.15)
1286.33: (0.94, 0.33, 0.05)
1286.45: (0.64, 0.76, 0.11)
1286.56: (0.06, 0.99, -0.09)
1286.67: (-0.46, 0.74, -0.50)
1286.78: (-0.40, -0.27, -0.87)
1286.90: (0.53, -0.82, -0.21)
1287.00: (0.86, -0.13, 0.50)
1287.12: (0.38, 0.73, 0.57)
1287.23: (-0.13, 0.95, 0.29)
1287.35: (-0.64, 0.76, -0.14)
1287.46: (-0.83, 0.03, -0.55)
1287.58: (-0.72, -0.60, -0.36)
1287.68: (-0.66, -0.73, 0.19)
1287.80: (-0.63, -0.57, 0.53)
1287.90: (-0.75, -0.49, 0.44)
1288.01: (-0.96, -0.22, 0.14)
1288.13: (-1.00, 0.02, -0.07)
1288.21: (-0.99, 0.08, -0.07)
1288.21: (-0.87, -0.20, -0.46): 2
1288.25: (-0.99, 0.08, -0.07)
1288.36: (-1.00, 0.06, -0.06)
1288.48: (-0.99, -0.07, 0.15)
1288.60: (-0.98, -0.16, 0.16)
1288.70: (-0.98, -0.13, -0.12)
1288.81: (-0.92, -0.21, -0.32)
1288.91: (-0.85, -0.30, -0.43)
1288.91: (0.63, 0.78, 0.01): 1
1288.93: (-0.85, -0.30, -0.42)
1289.05: (-0.85, -0.32, -0.41)
1289.16: (-0.86, -0.27, -0.44)
1289.28: (-0.80, -0.18, -0.57)
1289.38: (-0.72, -0.06, -0.69)
1289.50: (-0.29, 0.43, -0.86)
1289.61: (0.42, 0.55, -0.72)
1289.73: (0.91, 0.26, -0.32)
1289.85: (0.98, 0.15, 0.12)
1289.96: (0.83, 0.55, 0.11)
1290.08: (0.70, 0.71, -0.06)
1290.18: (0.68, 0.73, -0.05)
1290.18: (-0.93, 0.21, -0.31): 2
1290.18: (0.68, 0.73, -0.05)
1290.30: (0.68, 0.73, -0.05)
1290.41: (0.70, 0.71, 0.01)
1290.53: (0.79, 0.44, 0.43)
1290.63: (0.77, 0.06, 0.63)
1290.75: (0.83, -0.25, 0.50)
1290.85: (0.88, -0.37, 0.30)
1290.96: (0.87, -0.49, 0.02)
1291.06: (0.80, -0.50, -0.33)
1291.18: (0.72, -0.21, -0.66)
1291.30: (0.52, 0.41, -0.74)
1291.41: (0.03, 0.81, -0.58)
1291.53: (-0.41, 0.78, -0.47)
1291.65: (-0.47, 0.78, -0.41)
1291.76: (-0.49, 0.79, -0.38)
1291.86: (-0.49, 0.79, -0.38)
1291.96: (-0.48, 0.78, -0.40)
1292.06: (-0.69, 0.61, -0.38)
1292.18: (-0.90, 0.21, -0.39)
1292.26: (-0.92, 0.12, -0.38)
1292.26: (0.91, -0.02, 0.42): 1
1292.30: (-0.92, 0.12, -0.38)
1292.41: (-0.92, 0.12, -0.38)
1292.51: (-0.89, 0.23, -0.40)
1292.63: (-0.83, 0.36, -0.43)
1292.75: (-0.57, 0.51, -0.64)
1292.86: (0.16, 0.46, -0.87)
1292.98: (0.89, 0.22, -0.41)
1293.08: (0.96, 0.15, 0.24)
1293.20: (0.54, 0.43, 0.73)
1293.31: (0.22, 0.70, 0.67)
1293.43: (0.33, 0.65, 0.68)
1293.55: (0.63, 0.33, 0.71)
1293.65: (0.82, 0.02, 0.57)
1293.70: (0.87, -0.06, 0.49)
1293.70: (-0.41, -0.88, -0.24): 1
1293.76: (0.90, -0.09, 0.42)
1293.88: (0.91, -0.03, 0.42)
1294.00: (0.91, 0.22, 0.36)
1294.11: (0.80, 0.55, 0.23)
1294.21: (0.60, 0.80, 0.08)
1294.33: (0.19, 0.98, -0.07)
1294.45: (-0.28, 0.96, 0.01)
1294.56: (-0.65, 0.66, 0.37)
1294.68: (-0.66, 0.12, 0.74)
1294.80: (-0.28, -0.28, 0.92)
1294.91: (0.39, -0.08, 0.92)
1295.03: (0.78, 0.52, 0.34)
1295.15: (0.42, 0.81, -0.41)
1295.26: (-0.34, 0.62, -0.71)
1295.38: (-0.85, 0.29, -0.44)
1295.50: (-1.00, 0.06, 0.00)
1295.60: (-0.88, -0.24, 0.40)
1295.71: (-0.22, -0.76, 0.61)
1295.83: (0.46, -0.87, 0.18)
1295.95: (0.70, -0.60, -0.39)
1296.06: (0.69, -0.33, -0.64)
1296.18: (0.49, -0.61, -0.63)
1296.28: (0.11, -0.82, -0.57)
1296.40: (-0.17, -0.93, -0.31)
1296.51: (-0.25, -0.92, -0.30)
1296.63: (-0.33, -0.89, -0.30)
1296.63: (0.95, 0.15, 0.27): 0
1296.63: (-0.33, -0.89, -0.30)
1296.73: (-0.45, -0.86, -0.25)
1296.85: (-0.46, -0.86, -0.23)
1296.96: (-0.31, -0.91, -0.28)
1297.08: (0.27, -0.94, -0.20)
1297.18: (0.71, -0.67, 0.22)
1297.30: (0.79, 0.01, 0.62)
1297.41: (0.43, 0.61, 0.67)
1297.53: (0.30, 0.75, 0.59)
1297.65: (0.62, 0.57, 0.54)
1297.76: (0.89, 0.31, 0.33)
1297.86: (0.97, 0.21, 0.14)
1297.86: (0.66, 0.42, -0.63): 0
1297.88: (0.97, 0.21, 0.13)
1298.00: (0.97, 0.21, 0.13)
1298.11: (0.95, 0.19, 0.26)
1298.23: (0.96, 0.20, 0.22)
1298.35: (0.95, 0.30, -0.13)
1298.46: (0.84, 0.38, -0.39)
1298.56: (0.73, 0.47, -0.50)
1298.61: (0.69, 0.49, -0.53)
1298.61: (-0.60, -0.25, -0.76): 0
1298.68: (0.69, 0.49, -0.53)
1298.80: (0.69, 0.49, -0.53)
1298.91: (0.73, 0.55, -0.42)
1299.03: (0.56, 0.64, -0.53)
1299.15: (0.25, 0.61, -0.76)
1299.25: (-0.13, 0.54, -0.83)
1299.36: (-0.59, 0.57, -0.57)
1299.48: (-0.79, 0.56, -0.23)
1299.60: (-0.86, 0.49, 0.15)
1299.71: (-0.75, 0.34, 0.57)
1299.83: (-0.41, 0.24, 0.88)
1299.95: (0.16, 0.23, 0.96)
1300.06: (0.57, 0.17, 0.81)
1300.16: (0.79, 0.14, 0.60)
1300.28: (0.95, 0.18, 0.25)
1300.40: (0.93, 0.36, -0.06)
1300.51: (0.67, 0.61, -0.42)
1300.61: (0.16, 0.83, -0.54)
1300.73: (-0.50, 0.83, -0.26)
1300.85: (-0.85, 0.45, 0.27)
1300.96: (-0.74, 0.01, 0.67)
1301.08: (-0.28, -0.45, 0.85)
1301.20: (0.34, -0.72, 0.60)
1301.31: (0.62, -0.79, -0.01)
1301.43: (0.27, -0.77, -0.58)
1301.53: (-0.21, -0.51, -0.83)
1301.65: (-0.64, -0.21, -0.74)
1301.76: (-0.91, -0.10, -0.41)
1301.88: (-0.96, -0.19, -0.20)
1302.00: (-0.85, -0.26, -0.46)
1302.11: (-0.69, -0.29, -0.66)
1302.11: (0.67, 0.34, -0.66): 0
1302.11: (-0.69, -0.29, -0.66)
1302.23: (-0.69, -0.29, -0.66)
1302.35: (-0.70, -0.31, -0.64)
1302.46: (-0.81, -0.48, -0.34)
1302.58: (-0.78, -0.63, 0.05)
1302.70: (-0.64, -0.58, 0.50)
1302.81: (-0.54, -0.34, 0.77)
1302.93: (-0.35, 0.01, 0.94)
1303.04: (-0.03, 0.29, 0.96)
1303.15: (0.34, 0.44, 0.83)
1303.26: (0.80, 0.46, 0.39)
1303.38: (0.93, 0.34, -0.16)
1303.49: (0.75, 0.10, -0.65)
1303.61: (0.35, -0.14, -0.93)
1303.71: (0.17, -0.18, -0.97)
1303.81: (0.36, -0.04, -0.93)
1303.93: (0.59, 0.17, -0.79)
1304.05: (0.71, 0.35, -0.61)
1304.08: (0.72, 0.37, -0.59)
1304.08: (0.99, -0.13, 0.04): 1
1304.16: (0.72, 0.37, -0.59)
1304.28: (0.71, 0.37, -0.60)
1304.39: (0.59, 0.35, -0.72)
1304.51: (0.23, 0.37, -0.90)
1304.61: (-0.13, 0.42, -0.90)
1304.73: (-0.51, 0.52, -0.69)
1304.84: (-0.75, 0.58, -0.31)
1304.96: (-0.74, 0.66, -0.09)
1305.06: (-0.20, 0.98, 0.02)
1305.18: (0.63, 0.78, -0.02)
1305.29: (0.95, 0.12, -0.29)
1305.41: (0.66, -0.59, -0.46)
1305.53: (0.11, -0.90, -0.42)
1305.64: (0.30, -0.86, -0.41)
1305.76: (0.76, -0.62, -0.20)
1305.88: (0.93, -0.36, -0.04)
1305.99: (0.97, -0.23, 0.05)
1306.09: (0.99, -0.14, 0.08)
1306.09: (0.33, -0.61, -0.72): 2
1306.11: (0.99, -0.12, 0.07)
1306.23: (0.99, -0.08, 0.06)
1306.34: (0.99, 0.14, -0.10)
1306.46: (0.67, 0.62, -0.39)
1306.58: (0.21, 0.86, -0.47)
1306.69: (-0.22, 0.88, -0.43)
1306.79: (-0.58, 0.72, -0.37)
1306.89: (-0.87, 0.35, -0.34)
1307.01: (-0.90, -0.35, -0.26)
1307.13: (-0.60, -0.68, -0.42)
1307.24: (-0.28, -0.65, -0.71)
1307.36: (-0.01, -0.41, -0.91)
1307.48: (0.30, -0.14, -0.94)
1307.58: (0.43, -0.06, -0.90)
1307.69: (0.43, -0.36, -0.83)
1307.79: (0.34, -0.63, -0.69)
1307.91: (0.20, -0.82, -0.53)
1308.03: (0.18, -0.82, -0.54)
1308.13: (0.19, -0.80, -0.57)
1308.24: (0.29, -0.67, -0.68)
1308.24: (-0.79, 0.26, -0.56): 2
1308.24: (0.29, -0.67, -0.68)
1308.36: (0.32, -0.62, -0.72)
1308.46: (0.33, -0.58, -0.75)
1308.58: (0.44, -0.22, -0.87)
1308.69: (0.63, 0.18, -0.76)
1308.81: (0.63, 0.59, -0.51)
1308.91: (0.40, 0.89, -0.23)
1309.03: (-0.17, 0.98, 0.09)
1309.14: (-0.73, 0.65, 0.22)
1309.26: (-0.93, 0.28, 0.22)
1309.38: (-0.98, 0.05, 0.21)
1309.48: (-0.98, -0.15, 0.12)
1309.59: (-0.97, -0.17, -0.17)
1309.71: (-0.87, 0.07, -0.49)
1309.83: (-0.72, 0.28, -0.63)
1309.93: (-0.71, 0.29, -0.63)
1309.93: (0.99, -0.12, 0.01): 2
1309.93: (-0.71, 0.29, -0.63)
1310.03: (-0.71, 0.29, -0.63)
1310.14: (-0.71, 0.29, -0.63)
1310.26: (-0.81, 0.25, -0.53)
1310.38: (-1.00, -0.06, -0.05)
1310.48: (-0.81, -0.44, 0.39)
1310.59: (-0.31, -0.73, 0.62)
1310.71: (0.08, -0.86, 0.51)
1310.83: (0.29, -0.91, 0.30)
1310.94: (0.35, -0.93, -0.08)
1311.06: (0.08, -0.90, -0.44)
1311.16: (-0.32, -0.78, -0.54)
1311.28: (-0.81, -0.46, -0.36)
1311.38: (-1.00, -0.04, 0.00)
1311.49: (-0.86, 0.31, 0.39)
1311.61: (-0.55, 0.47, 0.69)
1311.73: (-0.15, 0.42, 0.89)
1311.84: (0.18, 0.21, 0.96)
1311.96: (0.37, -0.18, 0.91)
1312.08: (0.36, -0.58, 0.73)
1312.18: (0.23, -0.84, 0.49)
1312.29: (0.19, -0.97, -0.14)
1312.41: (0.38, -0.74, -0.55)
1312.53: (0.72, -0.58, -0.38)
1312.64: (0.95, -0.27, -0.15)
1312.76: (0.99, 0.11, -0.12)
1312.88: (0.96, 0.26, -0.07)
1312.98: (0.99, 0.05, 0.11)
1313.06: (1.00, -0.06, 0.07)
1313.06: (0.67, 0.20, -0.71): 2
1313.08: (1.00, -0.06, 0.05)
1313.19: (1.00, -0.07, -0.03)
1313.31: (0.97, -0.22, -0.07)
1313.43: (0.58, -0.81, -0.09)
1313.54: (0.20, -0.97, -0.15)
1313.64: (0.36, -0.90, -0.25)
1313.76: (0.77, -0.45, -0.45)
1313.86: (0.85, -0.01, -0.53)
1313.98: (0.76, 0.27, -0.59)
1314.08: (0.66, 0.35, -0.67)
1314.08: (-0.67, 0.62, 0.42): 0
1314.09: (0.65, 0.35, -0.68)
1314.21: (0.62, 0.32, -0.72)
1314.33: (0.70, 0.15, -0.70)
1314.44: (0.67, -0.29, -0.68)
1314.54: (0.46, -0.64, -0.62)
1314.66: (0.01, -0.95, -0.31)
1314.78: (-0.47, -0.88, -0.04)
1314.89: (-0.74, -0.67, 0.02)
1315.01: (-0.78, -0.46, -0.42)
1315.13: (-0.53, -0.27, -0.80)
1315.24: (-0.28, -0.32, -0.91)
1315.36: (-0.15, -0.37, -0.92)
1315.48: (-0.14, -0.55, -0.83)
1315.59: (-0.23, -0.69, -0.68)
1315.71: (-0.35, -0.86, -0.36)
1315.83: (-0.35, -0.94, 0.01)
1315.93: (-0.19, -0.97, 0.13)
1316.04: (0.16, -0.94, 0.29)
1316.16: (0.51, -0.84, 0.21)
1316.28: (0.75, -0.66, -0.11)
1316.39: (0.87, -0.41, -0.26)
1316.51: (0.99, -0.08, -0.15)
1316.63: (0.90, 0.35, -0.26)
1316.74: (0.51, 0.50, -0.70)
1316.84: (0.51, 0.50, -0.70)
1316.96: (0.53, 0.49, -0.69)
1317.06: (0.87, 0.10, -0.48)
1317.18: (0.57, 0.03, -0.82)
1317.29: (-0.06, 0.17, -0.98)
1317.41: (-0.64, 0.31, -0.70)
1317.53: (-0.91, 0.40, -0.07)
1317.64: (-0.82, 0.41, 0.40)
1317.76: (-0.56, 0.46, 0.69)
1317.88: (-0.50, 0.50, 0.71)
1317.99: (-0.66, 0.58, 0.47)
1318.04: (-0.69, 0.60, 0.40)
1318.04: (0.52, 0.85, 0.13): 0
1318.09: (-0.70, 0.60, 0.40)
1318.21: (-0.70, 0.60, 0.40)
1318.33: (-0.88, 0.48, -0.05)
1318.44: (-0.74, -0.04, -0.67)
1318.56: (-0.42, -0.59, -0.69)
1318.68: (-0.09, -0.89, -0.46)
1318.79: (0.33, -0.86, -0.40)
1318.91: (0.74, -0.51, -0.44)
1319.03: (0.87, 0.03, -0.49)
1319.13: (0.74, 0.48, -0.47)
1319.24: (0.41, 0.87, -0.25)
1319.36: (-0.17, 0.98, 0.04)
1319.48: (-0.61, 0.79, -0.03)
1319.59: (-0.55, 0.83, -0.13)
1319.71: (-0.16, 0.99, -0.01)
1319.81: (0.18, 0.98, 0.04)
1319.92: (0.45, 0.89, 0.01)
1319.94: (0.46, 0.89, 0.01)
1319.94: (0.91, 0.23, 0.35): 2
1320.03: (0.46, 0.89, 0.01)
1320.14: (0.47, 0.88, 0.00)
1320.24: (0.39, 0.92, 0.00)
1320.36: (0.39, 0.91, 0.15)
1320.47: (0.71, 0.65, 0.27)
1320.57: (0.87, 0.41, 0.27)
1320.69: (0.94, 0.21, 0.27)
1320.72: (0.94, 0.19, 0.28)
1320.72: (-0.85, 0.09, 0.52): 2
1320.81: (0.94, 0.19, 0.28)
1320.91: (0.94, 0.19, 0.28)
1321.01: (0.94, 0.28, 0.20)
1321.13: (0.89, 0.45, -0.02)
1321.24: (0.79, 0.57, -0.21)
1321.36: (0.61, 0.75, -0.25)
1321.47: (0.41, 0.91, -0.04)
1321.58: (0.54, 0.77, 0.34)
1321.69: (0.81, 0.25, 0.53)
1321.81: (0.84, -0.30, 0.46)
1321.92: (0.63, -0.74, 0.25)
1322.04: (0.31, -0.95, -0.04)
1322.16: (-0.02, -0.85, -0.52)
1322.26: (0.03, -0.39, -0.92)
1322.37: (0.58, 0.13, -0.80)
1322.49: (0.90, 0.44, 0.02)
1322.61: (0.54, 0.41, 0.73)
1322.71: (-0.02, 0.27, 0.96)
1322.82: (-0.66, 0.11, 0.74)
1322.94: (-0.96, -0.01, 0.27)
1323.06: (-0.98, -0.07, -0.19)
1323.17: (-1.00, -0.03, 0.00)
1323.29: (-0.85, 0.09, 0.52)
1323.36: (-0.76, 0.13, 0.63)
1323.36: (0.36, 0.32, 0.88): 0
1323.41: (-0.76, 0.13, 0.63)
1323.52: (-0.80, 0.13, 0.59)
1323.62: (-0.89, 0.10, 0.45)
1323.74: (-0.93, -0.01, 0.36)
1323.86: (-0.91, -0.41, -0.04)
1323.96: (-0.49, -0.68, -0.55)
1324.07: (0.04, -0.79, -0.61)
1324.19: (0.37, -0.90, -0.23)
1324.31: (0.47, -0.87, 0.15)
1324.42: (0.31, -0.83, 0.47)
1324.54: (-0.19, -0.75, 0.64)
1324.64: (-0.67, -0.51, 0.55)
1324.76: (-0.97, 0.03, 0.23)
1324.87: (-0.80, 0.53, -0.28)
1324.99: (-0.24, 0.69, -0.68)
1325.09: (0.46, 0.47, -0.75)
1325.21: (0.92, -0.11, -0.38)
1325.32: (0.77, -0.61, 0.20)
1325.42: (0.13, -0.75, 0.65)
1325.54: (-0.56, -0.62, 0.54)
1325.66: (-0.87, -0.49, 0.00)
1325.77: (-0.54, -0.49, -0.68)
1325.89: (0.03, -0.47, -0.88)
1326.01: (0.46, -0.40, -0.79)
1326.12: (0.84, -0.30, -0.45)
1326.24: (0.99, -0.11, 0.05)
1326.34: (0.88, 0.04, 0.48)
1326.46: (0.59, 0.13, 0.80)
1326.57: (0.19, 0.12, 0.97)
1326.69: (-0.02, 0.16, 0.99)
1326.81: (0.11, 0.28, 0.95)
1326.89: (0.26, 0.34, 0.90)
1326.89: (0.87, -0.09, 0.48): 1
1326.92: (0.26, 0.35, 0.90)
1327.04: (0.26, 0.35, 0.90)
1327.14: (0.36, 0.38, 0.85)
1327.26: (0.72, 0.45, 0.53)
1327.37: (0.95, 0.27, 0.15)
1327.49: (0.96, 0.12, 0.27)
1327.59: (0.92, 0.00, 0.40)
1327.69: (0.88, -0.08, 0.47)
END