3/28/2023 1:40:46 PM
Mode: Stereo
White time (s): [1.565918, 1.699646, 3.716339, 1.433258, 1.183044, 2.166412, 4.849274, 3.682678, 1.599365, 1.283112, 3.165802, 0.9664612, 1.383087, 3.066223, 1.899475, 1.532928, 1.133057, 1.832947, 1.382874, 4.932281, 4.348785, 6.498901, 1.466187, 1.332886, 1.182983, 0.6668396, 3.265839, 1.63266, 3.749207, 1.716614]
Shot time (s): [0.9334717, 1.650146, 1.815857, 4.115753, 3.365814, 4.049225, 1.399994, 0.5832214, 1.566345, 3.499512, 3.432098, 1.699524, 1.61615, 3.049316, 0.5499878, 6.06543, 1.749847, 1.733032, 1.333069, 1.449585, 0.6832275, 0.6165466, 5.049286, 1.799835, 4.748779, 2.05011, 1.466309, 1.599823, 1.78299, 1.865906]
Step time (s): [3.698853, 1.64978, 3.215851, 0.7331543, 1.766296, 2.699432, 2.066437, 0.7666016, 1.616455, 1.266754, 0.6500854, 1.416382, 4.899078, 0.5497742, 1.91626, 3.766052, 2.066589, 2.432953, 1.583008, 2.099701, 1.583069, 1.499664, 3.682678, 2.532593, 1.866333, 1.782776, 4.699219, 1.882904, 0.5334778, 2.232666]
White horz (deg): [74.19502, 152.2376, 338.3422, 157.2726, 94.9525, 229.8525, 267.0923, 320.2924, 136.8475, 109.3925, 257.1651, 58.0925, 113.62, 231.9425, 151.2875, 133.9025, 76.8075, 185.5825, 129.01, 401.8974, 475.3324, 564.9648, 130.055, 111.6725, 95.57, 5.3675, 269.135, 191.9475, 385.0824, 169.8125]
Shot horz (deg): [8.597499, 125.9225, 104.7375, 229.8526, 287.8976, 417.0974, 112.5275, 11.115, 187.2925, 393.1573, 315.02, 183.8725, 136.1825, 254.3625, 4.465, 650.1796, 166.63, 183.825, 103.93, 100.415, 31.3975, 2.565, 532.6173, 177.0325, 402.325, 215.8875, 123.5, 155.0875, 191.6625, 189.525]
Step horz (deg): [353.2574, 132.6201, 260.3475, 7.2675, 141.0275, 235.7426, 186.1051, 35.72, 110.295, 59.70749, 34.0575, 88.25499, 500.4125, 23.4175, 171.1425, 284.05, 234.1751, 190.9975, 123.88, 145.065, 95.52251, 99.65499, 399.5699, 218.595, 183.9675, 131.5275, 435.8124, 146.3, 10.45, 218.2625]
White vert (deg): [48.82999, 49.35249, 192.2325, 20.425, 20.3775, 89.4425, 397.3849, 232.7975, 38.42751, 28.1675, 154.1375, 35.1025, 38.2375, 273.03, 72.77, 40.8025, 10.3075, 61.75, 38.665, 270.9401, 261.82, 519.2222, 39.33, 32.7275, 15.105, 35.53, 287.66, 67.78251, 240.2076, 24.415]
Shot vert (deg): [36.5275, 45.03, 39.33, 397.3375, 250.135, 224.1051, 35.2925, 11.97, 28.07249, 317.1575, 276.4499, 65.54999, 48.4025, 187.8625, 25.555, 403.3224, 38.14249, 51.3, 34.4375, 26.7425, 11.97, 7.22, 216.0301, 57.2375, 379.1926, 110.865, 43.13, 35.4825, 37.57249, 24.9375]
Step vert (deg): [76.57003, 59.4225, 108.49, 38.5225, 45.695, 180.0725, 72.2, 35.0075, 22.04, 26.41, 6.2225, 18.90499, 290.4625, 16.2925, 33.0125, 251.37, 73.34001, 25.22249, 24.89, 28.88, 15.96, 8.36, 229.14, 148.4376, 75.81001, 56.4775, 271.4151, 15.5325, 21.7075, 59.66]

Time in sec: camera forward versor
Time in sec: target versor: sound type (0 = White, 1 = Shot, 2 = Step)
START
268.52: (0.50, -0.35, 0.79): 1
268.52: (0.03, 0.01, 1.00)
268.63: (0.03, 0.01, 1.00)
268.73: (0.03, 0.01, 1.00)
268.83: (0.03, 0.01, 1.00)
268.95: (0.15, -0.02, 0.99)
269.07: (0.31, -0.12, 0.94)
269.18: (0.39, -0.23, 0.89)
269.30: (0.45, -0.27, 0.85)
269.40: (0.50, -0.33, 0.80)
269.45: (0.51, -0.34, 0.79)
269.45: (-0.57, -0.61, 0.55): 0
269.50: (0.51, -0.35, 0.79)
269.62: (0.50, -0.33, 0.80)
269.72: (0.49, -0.32, 0.81)
269.83: (0.46, -0.31, 0.83)
269.93: (0.43, -0.25, 0.87)
270.05: (0.45, -0.17, 0.88)
270.17: (0.24, -0.47, 0.85)
270.27: (0.18, -0.55, 0.81)
270.38: (0.18, -0.55, 0.81)
270.48: (0.13, -0.60, 0.79)
270.60: (-0.15, -0.71, 0.69)
270.72: (-0.40, -0.64, 0.65)
270.83: (-0.60, -0.48, 0.64)
270.95: (-0.65, -0.48, 0.59)
271.02: (-0.64, -0.50, 0.58)
271.02: (0.33, 0.86, 0.40): 1
271.05: (-0.64, -0.50, 0.58)
271.17: (-0.64, -0.50, 0.58)
271.27: (-0.64, -0.51, 0.58)
271.38: (-0.64, -0.51, 0.58)
271.50: (-0.54, -0.45, 0.71)
271.62: (-0.22, -0.23, 0.95)
271.73: (0.36, 0.23, 0.90)
271.85: (0.44, 0.30, 0.84)
271.97: (0.44, 0.30, 0.85)
272.08: (0.44, 0.25, 0.86)
272.20: (0.44, 0.52, 0.73)
272.30: (0.51, 0.70, 0.51)
272.42: (0.50, 0.72, 0.49)
272.53: (0.41, 0.82, 0.41)
272.65: (0.32, 0.87, 0.37)
272.67: (0.32, 0.87, 0.37)
272.67: (0.87, 0.37, -0.34): 1
272.75: (0.32, 0.87, 0.37)
272.85: (0.32, 0.87, 0.37)
272.97: (0.30, 0.87, 0.38)
273.08: (0.29, 0.87, 0.40)
273.20: (0.30, 0.86, 0.40)
273.32: (0.31, 0.86, 0.40)
273.43: (0.31, 0.86, 0.40)
273.55: (0.33, 0.88, 0.35)
273.67: (0.40, 0.91, 0.06)
273.78: (0.47, 0.71, -0.52)
273.90: (0.47, 0.60, -0.65)
274.02: (0.56, 0.72, -0.41)
274.13: (0.69, 0.66, -0.29)
274.23: (0.74, 0.57, -0.36)
274.35: (0.77, 0.47, -0.43)
274.47: (0.81, 0.45, -0.39)
274.48: (0.81, 0.44, -0.38)
274.48: (-0.92, 0.15, 0.36): 0
274.58: (0.81, 0.44, -0.38)
274.68: (0.81, 0.43, -0.39)
274.78: (0.81, 0.43, -0.39)
274.90: (0.81, 0.44, -0.38)
275.02: (0.78, 0.59, -0.20)
275.13: (0.50, 0.83, 0.25)
275.25: (0.15, 0.86, 0.48)
275.37: (-0.30, 0.61, 0.73)
275.48: (-0.52, 0.42, 0.74)
275.60: (-0.52, 0.42, 0.74)
275.70: (-0.53, 0.41, 0.74)
275.82: (-0.81, 0.17, 0.56)
275.93: (-0.85, 0.11, 0.51)
276.05: (-0.90, 0.11, 0.42)
276.17: (-0.92, 0.16, 0.35)
276.18: (-0.92, 0.16, 0.35)
276.18: (0.98, -0.02, -0.19): 0
276.27: (-0.92, 0.16, 0.35)
276.37: (-0.92, 0.17, 0.36)
276.48: (-0.91, 0.17, 0.37)
276.60: (-0.91, 0.18, 0.37)
276.72: (-0.91, 0.18, 0.38)
276.83: (-0.91, 0.17, 0.38)
276.95: (-0.88, 0.21, 0.43)
277.07: (-0.77, 0.23, 0.60)
277.18: (-0.56, 0.50, 0.66)
277.30: (-0.25, 0.74, 0.62)
277.41: (0.05, 0.88, 0.48)
277.52: (0.28, 0.92, 0.27)
277.63: (0.47, 0.88, -0.01)
277.75: (0.59, 0.78, -0.21)
277.85: (0.65, 0.62, -0.44)
277.97: (0.64, 0.45, -0.62)
278.07: (0.63, 0.57, -0.53)
278.18: (0.63, 0.60, -0.50)
278.30: (0.57, 0.09, -0.81)
278.41: (0.32, -0.57, -0.76)
278.53: (0.16, -0.76, -0.63)
278.65: (0.20, -0.73, -0.65)
278.76: (0.27, -0.68, -0.68)
278.88: (0.25, -0.74, -0.62)
279.00: (0.46, -0.75, -0.48)
279.11: (0.66, -0.71, -0.26)
279.23: (0.83, -0.52, 0.17)
279.33: (0.87, -0.26, 0.42)
279.45: (0.97, -0.09, 0.22)
279.56: (0.96, -0.09, -0.28)
279.68: (0.96, -0.15, -0.23)
279.80: (0.99, -0.09, -0.09)
279.90: (0.99, -0.05, -0.11)
279.90: (-0.60, 0.36, 0.71): 2
279.90: (0.99, -0.05, -0.11)
280.00: (0.99, -0.05, -0.11)
280.11: (0.99, -0.07, -0.12)
280.21: (0.99, -0.10, -0.14)
280.33: (0.98, -0.10, -0.15)
280.45: (0.98, -0.09, -0.15)
280.56: (0.98, -0.09, -0.15)
280.66: (0.98, -0.09, -0.15)
280.78: (0.98, -0.10, -0.15)
280.88: (0.98, -0.10, -0.15)
280.98: (0.98, -0.10, -0.15)
281.10: (0.98, -0.10, -0.15)
281.20: (0.98, -0.10, -0.14)
281.31: (0.98, -0.10, -0.14)
281.41: (0.98, -0.11, -0.14)
281.51: (0.98, -0.11, -0.14)
281.63: (0.98, -0.12, -0.14)
281.75: (0.91, -0.39, 0.09)
281.86: (0.50, -0.72, 0.49)
281.98: (-0.06, -0.76, 0.65)
282.10: (0.10, -0.76, 0.64)
282.21: (0.10, -0.79, 0.60)
282.31: (-0.41, -0.70, 0.59)
282.41: (-0.81, -0.38, 0.45)
282.51: (-0.92, -0.17, 0.36)
282.63: (-0.96, 0.01, 0.28)
282.75: (-0.88, 0.46, -0.05)
282.86: (-0.58, 0.74, -0.33)
282.96: (-0.84, 0.53, 0.04)
283.08: (-0.84, 0.15, 0.51)
283.20: (-0.81, 0.09, 0.58)
283.30: (-0.79, 0.27, 0.55)
283.41: (-0.72, 0.38, 0.58)
283.53: (-0.71, 0.34, 0.61)
283.60: (-0.71, 0.34, 0.62)
283.60: (0.33, -0.69, 0.64): 2
283.63: (-0.71, 0.34, 0.62)
283.75: (-0.70, 0.35, 0.62)
283.86: (-0.71, 0.36, 0.61)
283.98: (-0.74, 0.34, 0.58)
284.10: (-0.74, 0.32, 0.59)
284.21: (-0.75, 0.06, 0.66)
284.33: (-0.63, -0.45, 0.63)
284.45: (-0.41, -0.78, 0.48)
284.55: (-0.10, -0.97, 0.23)
284.65: (0.18, -0.98, 0.05)
284.75: (0.19, -0.98, 0.05)
284.86: (0.18, -0.96, 0.19)
284.98: (0.24, -0.85, 0.46)
285.10: (0.31, -0.75, 0.58)
285.21: (0.32, -0.70, 0.64)
285.25: (0.32, -0.69, 0.65)
285.25: (-0.91, 0.09, 0.40): 0
285.33: (0.32, -0.69, 0.65)
285.43: (0.32, -0.69, 0.65)
285.55: (0.32, -0.69, 0.65)
285.66: (0.30, -0.70, 0.65)
285.78: (-0.08, -0.68, 0.73)
285.88: (-0.54, -0.48, 0.69)
286.00: (-0.93, 0.02, 0.38)
286.11: (-0.88, 0.48, 0.03)
286.21: (-0.91, 0.38, 0.15)
286.33: (-0.93, 0.19, 0.33)
286.43: (-0.93, 0.20, 0.32)
286.55: (-0.92, 0.18, 0.34)
286.66: (-0.92, 0.14, 0.37)
286.68: (-0.92, 0.14, 0.37)
286.68: (-0.31, -0.73, -0.61): 1
286.76: (-0.92, 0.14, 0.37)
286.86: (-0.92, 0.13, 0.36)
286.98: (-0.92, 0.11, 0.37)
287.10: (-0.89, -0.03, 0.45)
287.21: (-0.81, -0.23, 0.54)
287.33: (-0.51, -0.56, 0.65)
287.45: (-0.17, -0.59, 0.79)
287.56: (0.08, -0.49, 0.87)
287.66: (0.28, -0.34, 0.90)
287.78: (0.42, -0.27, 0.87)
287.88: (0.50, -0.11, 0.86)
287.98: (0.61, 0.09, 0.78)
288.10: (0.64, -0.08, 0.76)
288.21: (0.42, -0.64, 0.64)
288.33: (0.18, -0.92, 0.36)
288.45: (0.12, -0.98, 0.14)
288.55: (0.38, -0.93, -0.03)
288.66: (0.62, -0.73, -0.30)
288.78: (0.68, -0.64, -0.35)
288.88: (0.68, -0.64, -0.35)
289.00: (0.76, -0.56, -0.33)
289.11: (0.93, -0.32, -0.17)
289.23: (0.97, -0.25, 0.02)
289.35: (0.98, -0.16, 0.14)
289.45: (0.95, 0.03, 0.31)
289.56: (0.86, 0.23, 0.46)
289.66: (0.82, 0.29, 0.50)
289.78: (0.81, 0.36, 0.47)
289.90: (0.97, 0.20, 0.14)
290.01: (0.93, -0.17, -0.32)
290.13: (0.58, -0.51, -0.64)
290.25: (0.17, -0.64, -0.75)
290.35: (-0.06, -0.65, -0.76)
290.46: (-0.18, -0.61, -0.77)
290.56: (-0.17, -0.64, -0.75)
290.68: (-0.24, -0.71, -0.66)
290.80: (-0.30, -0.75, -0.59)
290.80: (0.12, -0.73, 0.68): 0
290.80: (-0.30, -0.75, -0.59)
290.91: (-0.30, -0.74, -0.60)
291.01: (-0.30, -0.75, -0.60)
291.13: (-0.29, -0.75, -0.60)
291.23: (-0.26, -0.79, -0.55)
291.35: (-0.08, -0.99, -0.09)
291.46: (0.14, -0.93, 0.34)
291.58: (0.27, -0.73, 0.63)
291.68: (0.27, -0.74, 0.62)
291.80: (0.24, -0.75, 0.61)
291.91: (0.15, -0.74, 0.66)
291.98: (0.15, -0.74, 0.66)
291.98: (-0.86, -0.51, -0.09): 1
292.03: (0.15, -0.74, 0.66)
292.15: (0.15, -0.73, 0.67)
292.25: (0.15, -0.73, 0.67)
292.36: (0.15, -0.79, 0.60)
292.46: (0.02, -1.00, 0.05)
292.58: (-0.06, -0.94, -0.33)
292.70: (-0.06, -0.94, -0.33)
292.81: (-0.03, -0.90, -0.43)
292.91: (-0.03, -0.61, -0.79)
293.01: (0.08, -0.35, -0.93)
293.13: (0.07, -0.17, -0.98)
293.25: (0.07, -0.17, -0.98)
293.36: (0.11, -0.06, -0.99)
293.48: (0.08, 0.53, -0.84)
293.60: (0.12, 0.69, -0.71)
293.71: (0.30, 0.81, -0.50)
293.83: (0.39, 0.86, -0.33)
293.93: (0.40, 0.85, -0.34)
294.03: (0.41, 0.84, -0.36)
294.15: (0.11, 0.96, -0.25)
294.26: (-0.48, 0.87, 0.05)
294.38: (-0.76, 0.65, 0.01)
294.49: (-0.90, 0.40, -0.18)
294.61: (-0.94, 0.21, -0.27)
294.71: (-0.92, -0.10, -0.38)
294.83: (-0.87, -0.32, -0.38)
294.94: (-1.00, -0.03, -0.09)
295.04: (-0.98, -0.21, 0.04)
295.16: (-0.90, -0.43, 0.03)
295.28: (-0.86, -0.50, -0.04)
295.34: (-0.86, -0.51, -0.05)
295.34: (-0.69, 0.67, -0.27): 0
295.39: (-0.86, -0.51, -0.05)
295.49: (-0.86, -0.51, -0.06)
295.60: (-0.86, -0.51, -0.06)
295.71: (-0.89, -0.46, -0.09)
295.83: (-0.90, -0.35, -0.27)
295.94: (-0.68, -0.05, -0.73)
296.06: (-0.33, 0.30, -0.90)
296.18: (0.12, 0.55, -0.83)
296.28: (0.22, 0.56, -0.80)
296.39: (0.22, 0.56, -0.80)
296.51: (0.17, 0.58, -0.80)
296.63: (0.46, 0.64, -0.61)
296.74: (0.66, 0.67, -0.35)
296.84: (0.49, 0.78, -0.39)
296.96: (0.02, 0.85, -0.53)
297.08: (-0.42, 0.70, -0.58)
297.19: (-0.64, 0.73, -0.24)
297.29: (-0.66, 0.74, -0.12)
297.41: (-0.68, 0.71, -0.19)
297.51: (-0.69, 0.70, -0.21)
297.51: (0.03, 0.85, 0.53): 2
297.53: (-0.69, 0.70, -0.21)
297.63: (-0.68, 0.70, -0.23)
297.74: (-0.66, 0.70, -0.25)
297.86: (-0.62, 0.74, -0.26)
297.98: (-0.61, 0.74, -0.26)
298.08: (-0.56, 0.76, -0.33)
298.18: (-0.39, 0.84, -0.37)
298.29: (-0.02, 0.96, -0.27)
298.39: (0.17, 0.97, -0.18)
298.51: (0.35, 0.93, -0.10)
298.63: (0.41, 0.91, -0.06)
298.74: (0.59, 0.80, 0.05)
298.86: (0.75, 0.65, 0.16)
298.96: (0.85, 0.46, 0.25)
299.08: (0.91, 0.27, 0.32)
299.18: (0.92, 0.08, 0.39)
299.29: (0.84, -0.30, 0.45)
299.41: (0.68, -0.58, 0.45)
299.51: (0.68, -0.58, 0.45)
299.63: (0.68, -0.56, 0.47)
299.74: (0.58, -0.62, 0.53)
299.86: (0.72, -0.26, 0.64)
299.96: (0.78, 0.16, 0.61)
300.06: (0.73, 0.39, 0.56)
300.18: (0.56, 0.53, 0.63)
300.29: (0.34, 0.57, 0.74)
300.39: (0.10, 0.62, 0.78)
300.51: (0.12, 0.76, 0.64)
300.61: (0.11, 0.78, 0.62)
300.73: (0.06, 0.81, 0.59)
300.73: (-1.00, -0.05, -0.07): 0
300.73: (0.06, 0.81, 0.59)
300.83: (0.06, 0.81, 0.58)
300.93: (0.08, 0.80, 0.59)
301.03: (0.08, 0.80, 0.59)
301.14: (0.09, 0.81, 0.58)
301.24: (0.10, 0.81, 0.58)
301.34: (0.11, 0.78, 0.61)
301.46: (0.07, 0.90, 0.43)
301.56: (0.06, 0.99, 0.10)
301.68: (-0.01, 0.99, -0.17)
301.79: (-0.04, 0.97, -0.25)
301.89: (-0.03, 0.96, -0.27)
301.99: (-0.03, 0.96, -0.27)
302.11: (-0.05, 0.94, -0.34)
302.23: (-0.22, 0.70, -0.68)
302.34: (-0.36, 0.39, -0.85)
302.46: (-0.34, 0.33, -0.88)
302.56: (-0.34, 0.33, -0.88)
302.68: (-0.34, 0.01, -0.94)
302.79: (-0.28, -0.56, -0.78)
302.91: (-0.03, -0.78, -0.62)
303.03: (0.42, -0.53, -0.73)
303.14: (0.66, -0.31, -0.69)
303.24: (0.85, 0.00, -0.53)
303.34: (0.90, 0.34, -0.28)
303.46: (0.77, 0.63, 0.00)
303.58: (0.69, 0.71, 0.16)
303.69: (0.85, 0.52, -0.03)
303.81: (0.92, -0.06, -0.38)
303.93: (0.68, -0.59, -0.44)
304.04: (0.50, -0.86, -0.10)
304.16: (0.48, -0.87, -0.08)
304.26: (0.48, -0.87, -0.08)
304.38: (0.43, -0.90, -0.02)
304.49: (0.19, -0.98, -0.05)
304.59: (0.02, -0.99, -0.11)
304.71: (-0.34, -0.91, -0.24)
304.83: (-0.62, -0.73, -0.29)
304.93: (-0.80, -0.53, -0.29)
305.03: (-0.84, -0.46, -0.29)
305.14: (-0.83, -0.47, -0.29)
305.24: (-0.86, -0.43, -0.28)
305.36: (-0.96, -0.22, -0.17)
305.48: (-0.98, -0.13, -0.14)
305.58: (-0.99, -0.04, -0.11)
305.58: (0.90, -0.04, 0.44): 0
305.59: (-0.99, -0.04, -0.11)
305.71: (-0.99, -0.05, -0.11)
305.83: (-0.99, -0.08, -0.12)
305.94: (-0.97, -0.12, -0.22)
306.06: (-0.96, -0.12, -0.27)
306.16: (-0.95, -0.13, -0.27)
306.28: (-0.95, -0.13, -0.27)
306.39: (-0.95, -0.13, -0.27)
306.51: (-0.95, -0.13, -0.28)
306.61: (-0.97, -0.16, -0.16)
306.73: (-0.91, -0.11, -0.40)
306.84: (-0.78, -0.03, -0.62)
306.96: (-0.39, 0.03, -0.92)
307.06: (0.24, 0.14, -0.96)
307.18: (0.25, 0.13, -0.96)
307.29: (-0.17, -0.06, -0.98)
307.39: (-0.43, -0.36, -0.83)
307.51: (-0.31, -0.84, -0.45)
307.63: (-0.11, -0.94, -0.31)
307.74: (-0.11, -0.91, -0.40)
307.86: (0.03, -0.72, -0.69)
307.96: (0.30, -0.42, -0.86)
308.08: (0.56, -0.13, -0.82)
308.19: (0.67, 0.06, -0.74)
308.31: (0.70, 0.08, -0.71)
308.43: (0.81, 0.16, -0.56)
308.54: (0.96, 0.07, -0.26)
308.66: (0.99, -0.16, 0.02)
308.78: (0.83, -0.45, 0.33)
308.89: (0.63, -0.50, 0.60)
309.01: (0.80, -0.24, 0.55)
309.13: (0.88, -0.14, 0.45)
309.23: (0.91, -0.13, 0.40)
309.26: (0.91, -0.13, 0.40)
309.26: (-0.41, 0.83, 0.39): 0
309.33: (0.91, -0.13, 0.40)
309.43: (0.90, -0.12, 0.41)
309.53: (0.89, -0.11, 0.44)
309.64: (0.90, -0.11, 0.43)
309.76: (0.90, -0.07, 0.44)
309.88: (0.75, 0.30, 0.59)
309.99: (0.44, 0.61, 0.66)
310.09: (0.44, 0.60, 0.67)
310.21: (0.48, 0.60, 0.64)
310.33: (0.13, 0.87, 0.47)
310.44: (-0.32, 0.92, 0.22)
310.56: (-0.36, 0.92, 0.17)
310.67: (-0.33, 0.88, 0.34)
310.79: (-0.44, 0.83, 0.34)
310.86: (-0.45, 0.83, 0.34)
310.86: (0.03, -0.98, 0.19): 1
310.89: (-0.45, 0.83, 0.34)
311.01: (-0.44, 0.83, 0.34)
311.11: (-0.44, 0.83, 0.34)
311.22: (-0.44, 0.84, 0.33)
311.34: (-0.41, 0.85, 0.34)
311.44: (0.04, 0.90, 0.44)
311.56: (0.64, 0.74, 0.23)
311.67: (0.94, 0.33, 0.03)
311.79: (0.95, 0.32, 0.01)
311.89: (0.95, 0.32, 0.01)
312.01: (0.96, 0.15, -0.25)
312.12: (0.91, -0.20, -0.37)
312.24: (0.87, -0.35, -0.35)
312.36: (0.79, -0.45, -0.42)
312.46: (0.68, -0.55, -0.49)
312.57: (0.56, -0.58, -0.60)
312.69: (0.43, -0.48, -0.77)
312.81: (0.44, -0.21, -0.87)
312.91: (0.46, 0.07, -0.88)
313.01: (0.31, 0.25, -0.92)
313.12: (0.08, 0.33, -0.94)
313.22: (-0.01, 0.48, -0.88)
313.34: (0.02, 0.66, -0.75)
313.46: (0.09, 0.83, -0.55)
313.57: (0.10, 0.91, -0.39)
313.67: (0.11, 0.83, -0.54)
313.77: (0.05, 0.39, -0.92)
313.89: (-0.05, -0.47, -0.88)
313.99: (-0.09, -0.56, -0.82)
314.11: (-0.09, -0.55, -0.83)
314.22: (-0.26, -0.69, -0.68)
314.34: (-0.44, -0.83, -0.35)
314.44: (-0.54, -0.83, -0.15)
314.54: (-0.60, -0.80, 0.00)
314.66: (-0.39, -0.92, 0.06)
314.77: (-0.04, -0.99, 0.12)
314.89: (0.08, -0.98, 0.20)
314.91: (0.07, -0.98, 0.20)
314.91: (-0.41, -0.56, -0.72): 0
315.01: (0.07, -0.98, 0.20)
315.12: (0.07, -0.98, 0.20)
315.24: (0.07, -0.98, 0.20)
315.36: (0.07, -0.99, 0.12)
315.47: (0.01, -0.94, -0.33)
315.57: (-0.08, -0.66, -0.75)
315.69: (-0.16, -0.50, -0.85)
315.81: (-0.24, -0.69, -0.68)
315.91: (-0.38, -0.71, -0.60)
316.02: (-0.40, -0.63, -0.66)
316.12: (-0.38, -0.62, -0.69)
316.19: (-0.37, -0.61, -0.69)
316.19: (-0.83, -0.41, -0.38): 2
316.24: (-0.37, -0.61, -0.70)
316.36: (-0.37, -0.61, -0.70)
316.46: (-0.37, -0.61, -0.70)
316.57: (-0.46, -0.61, -0.64)
316.69: (-0.67, -0.51, -0.54)
316.81: (-0.83, -0.41, -0.39)
316.92: (-0.87, -0.38, -0.32)
316.92: (0.41, -0.79, 0.46): 1
316.92: (-0.87, -0.38, -0.32)
317.02: (-0.87, -0.38, -0.33)
317.12: (-0.87, -0.37, -0.33)
317.24: (-0.87, -0.36, -0.35)
317.36: (-0.87, -0.32, -0.38)
317.46: (-0.81, -0.52, -0.26)
317.56: (-0.50, -0.86, 0.04)
317.67: (-0.25, -0.90, 0.35)
317.79: (-0.20, -0.86, 0.46)
317.91: (-0.20, -0.86, 0.46)
318.02: (-0.09, -0.88, 0.46)
318.14: (0.28, -0.83, 0.47)
318.26: (0.39, -0.81, 0.44)
318.32: (0.41, -0.79, 0.44)
318.32: (-1.00, 0.00, 0.00): 2
318.36: (0.42, -0.79, 0.44)
318.47: (0.41, -0.80, 0.44)
318.59: (0.41, -0.80, 0.44)
318.71: (0.39, -0.81, 0.44)
318.82: (0.33, -0.85, 0.41)
318.92: (0.22, -0.91, 0.35)
319.04: (-0.09, -0.98, 0.19)
319.16: (-0.38, -0.92, -0.01)
319.27: (-0.57, -0.81, -0.13)
319.37: (-0.63, -0.76, -0.14)
319.49: (-0.80, -0.52, -0.29)
319.61: (-0.92, -0.04, -0.38)
319.71: (-0.97, 0.16, -0.17)
319.81: (-1.00, 0.09, 0.05)
319.92: (-1.00, 0.06, 0.07)
320.04: (-1.00, 0.01, 0.00)
320.09: (-1.00, 0.01, -0.01)
320.09: (-0.95, -0.16, 0.26): 1
320.16: (-1.00, 0.01, -0.01)
320.26: (-1.00, 0.00, -0.01)
320.37: (-1.00, -0.05, 0.00)
320.47: (-0.98, -0.11, 0.13)
320.59: (-0.97, -0.12, 0.19)
320.67: (-0.97, -0.13, 0.22)
320.67: (0.45, -0.64, -0.62): 2
320.69: (-0.97, -0.13, 0.22)
320.81: (-0.97, -0.13, 0.22)
320.91: (-0.97, -0.13, 0.22)
321.01: (-0.97, -0.09, 0.20)
321.12: (-0.97, 0.12, 0.20)
321.22: (-0.94, 0.31, 0.12)
321.34: (-0.96, 0.24, 0.12)
321.46: (-0.96, 0.24, 0.12)
321.57: (-0.97, 0.18, 0.13)
321.69: (-0.74, -0.65, 0.18)
321.79: (-0.12, -0.97, 0.20)
321.91: (-0.10, -0.97, 0.20)
322.02: (-0.09, -0.97, 0.23)
322.12: (0.05, -0.90, 0.43)
322.24: (0.25, -0.78, 0.58)
322.34: (0.32, -0.64, 0.70)
322.46: (0.66, -0.37, 0.66)
322.57: (0.84, -0.19, 0.51)
322.69: (0.80, -0.27, 0.54)
322.81: (0.86, -0.50, 0.10)
322.91: (0.60, -0.74, -0.31)
323.02: (0.23, -0.81, -0.54)
323.14: (0.14, -0.77, -0.62)
323.26: (0.42, -0.66, -0.62)
323.37: (0.50, -0.63, -0.59)
323.37: (0.95, -0.13, 0.30): 0
323.37: (0.50, -0.63, -0.59)
323.47: (0.50, -0.63, -0.59)
323.57: (0.49, -0.64, -0.59)
323.69: (0.49, -0.64, -0.59)
323.81: (0.47, -0.68, -0.57)
323.92: (0.32, -0.89, -0.32)
324.02: (0.20, -0.97, -0.13)
324.14: (0.02, -0.99, 0.11)
324.24: (-0.13, -0.95, 0.28)
324.36: (-0.35, -0.77, 0.53)
324.47: (-0.45, -0.66, 0.60)
324.57: (-0.60, -0.21, 0.77)
324.69: (-0.63, 0.02, 0.78)
324.79: (-0.64, -0.01, 0.77)
324.91: (-0.60, -0.06, 0.80)
325.02: (-0.53, 0.07, 0.84)
325.14: (-0.45, 0.61, 0.65)
325.24: (-0.33, 0.87, 0.37)
325.36: (-0.27, 0.92, 0.27)
325.47: (-0.30, 0.89, 0.34)
325.59: (-0.16, 0.83, 0.53)
325.71: (0.26, 0.67, 0.69)
325.81: (0.50, 0.48, 0.72)
325.92: (0.69, 0.25, 0.68)
326.02: (0.81, -0.04, 0.58)
326.14: (0.86, -0.31, 0.41)
326.26: (0.88, -0.33, 0.35)
326.37: (0.91, -0.20, 0.37)
326.49: (0.93, -0.15, 0.35)
326.54: (0.93, -0.13, 0.34)
326.54: (0.22, -0.32, 0.92): 0
326.61: (0.93, -0.13, 0.34)
326.72: (0.93, -0.14, 0.35)
326.84: (0.91, -0.17, 0.39)
326.94: (0.91, -0.17, 0.39)
327.06: (0.77, -0.22, 0.59)
327.17: (0.33, -0.25, 0.91)
327.29: (0.14, -0.22, 0.97)
327.40: (0.18, -0.27, 0.95)
327.50: (0.19, -0.29, 0.94)
327.50: (-0.59, -0.48, -0.65): 2
327.52: (0.19, -0.29, 0.94)
327.64: (0.20, -0.28, 0.94)
327.74: (0.20, -0.28, 0.94)
327.84: (0.20, -0.28, 0.94)
327.96: (0.20, -0.28, 0.94)
328.06: (0.20, -0.28, 0.94)
328.17: (0.20, -0.28, 0.94)
328.29: (0.12, -0.31, 0.95)
328.40: (-0.46, -0.45, 0.76)
328.52: (-0.61, -0.45, 0.65)
328.62: (-0.60, -0.45, 0.66)
328.74: (-0.81, -0.43, 0.40)
328.85: (-0.95, -0.16, -0.27)
328.97: (-0.77, 0.20, -0.61)
329.09: (-0.72, 0.21, -0.66)
329.19: (-0.81, -0.23, -0.54)
329.30: (-0.78, -0.32, -0.54)
329.42: (-0.69, -0.33, -0.65)
329.54: (-0.63, -0.43, -0.64)
329.57: (-0.63, -0.44, -0.65)
329.57: (-1.00, 0.01, -0.09): 2
329.64: (-0.63, -0.44, -0.65)
329.74: (-0.63, -0.44, -0.65)
329.85: (-0.63, -0.44, -0.64)
329.97: (-0.89, -0.21, -0.40)
330.09: (-0.99, -0.12, -0.12)
330.20: (-1.00, -0.05, -0.04)
330.30: (-1.00, -0.02, -0.02)
330.34: (-1.00, -0.02, -0.02)
330.34: (0.28, 0.12, 0.95): 1
330.42: (-1.00, -0.02, -0.03)
330.54: (-1.00, -0.03, -0.06)
330.65: (-0.94, -0.01, -0.35)
330.77: (-0.77, 0.01, -0.63)
330.87: (-0.78, 0.01, -0.63)
330.99: (-0.85, 0.03, -0.53)
331.10: (-0.99, -0.09, 0.04)
331.22: (-0.71, -0.18, 0.68)
331.32: (-0.35, -0.16, 0.92)
331.44: (-0.19, -0.17, 0.97)
331.55: (0.05, -0.16, 0.99)
331.65: (0.15, -0.03, 0.99)
331.77: (0.27, 0.03, 0.96)
331.89: (0.32, 0.04, 0.95)
331.90: (0.32, 0.04, 0.95)
331.90: (0.96, 0.29, 0.04): 2
332.00: (0.31, 0.05, 0.95)
332.12: (0.31, 0.05, 0.95)
332.24: (0.32, 0.06, 0.95)
332.35: (0.29, 0.03, 0.96)
332.47: (0.07, 0.01, 1.00)
332.57: (0.06, 0.01, 1.00)
332.67: (0.26, 0.05, 0.97)
332.79: (0.81, 0.16, 0.56)
332.89: (0.87, 0.17, 0.47)
332.99: (0.86, 0.15, 0.49)
333.10: (0.86, 0.13, 0.49)
333.22: (0.96, 0.19, 0.21)
333.34: (0.96, 0.19, 0.20)
333.45: (0.97, 0.22, 0.11)
333.52: (0.97, 0.22, 0.10)
333.52: (0.68, -0.73, 0.00): 1
333.55: (0.97, 0.22, 0.10)
333.67: (0.97, 0.22, 0.10)
333.77: (0.97, 0.22, 0.11)
333.89: (0.97, 0.23, 0.10)
334.00: (0.92, 0.27, 0.28)
334.12: (0.49, 0.22, 0.84)
334.24: (-0.14, 0.05, 0.99)
334.35: (-0.39, -0.04, 0.92)
334.45: (-0.36, -0.09, 0.93)
334.55: (-0.36, -0.10, 0.93)
334.67: (0.09, 0.08, 0.99)
334.79: (0.61, 0.27, 0.74)
334.90: (0.88, 0.32, 0.36)
335.00: (0.95, 0.31, 0.06)
335.12: (0.94, 0.30, -0.17)
335.24: (0.80, 0.27, -0.53)
335.35: (0.60, 0.21, -0.77)
335.47: (0.61, 0.41, -0.68)
335.59: (0.44, 0.77, -0.46)
335.69: (0.26, 0.93, -0.27)
335.80: (0.01, 0.99, -0.16)
335.92: (-0.20, 0.97, 0.10)
336.02: (-0.34, 0.89, 0.32)
336.14: (0.32, 0.93, 0.16)
336.25: (0.91, 0.37, -0.21)
336.37: (0.85, -0.35, -0.39)
336.49: (0.59, -0.64, -0.48)
336.59: (0.40, -0.74, -0.53)
336.70: (0.66, -0.70, -0.30)
336.82: (0.63, -0.76, -0.18)
336.92: (0.63, -0.77, -0.08)
337.02: (0.64, -0.77, 0.02)
337.02: (0.97, -0.18, 0.13): 1
337.04: (0.64, -0.77, 0.02)
337.15: (0.64, -0.77, 0.01)
337.27: (0.64, -0.77, 0.00)
337.39: (0.66, -0.75, -0.08)
337.49: (0.66, -0.75, -0.09)
337.60: (0.67, -0.70, -0.26)
337.72: (0.66, -0.68, -0.32)
337.84: (0.56, -0.79, 0.26)
337.95: (0.29, -0.62, 0.73)
338.05: (0.31, -0.62, 0.72)
338.17: (0.37, -0.68, 0.63)
338.29: (0.14, -0.46, 0.88)
338.39: (-0.13, -0.10, 0.99)
338.50: (0.00, -0.27, 0.96)
338.60: (-0.21, -0.01, 0.98)
338.72: (-0.06, -0.21, 0.98)
338.82: (0.09, -0.54, 0.84)
338.94: (0.08, -0.79, 0.61)
339.05: (-0.12, -0.88, 0.46)
339.17: (-0.36, -0.90, 0.27)
339.29: (-0.38, -0.89, 0.24)
339.40: (-0.58, -0.81, -0.06)
339.52: (-0.69, -0.67, -0.28)
339.64: (-0.63, -0.76, -0.17)
339.75: (0.04, -0.81, 0.59)
339.85: (0.61, -0.30, 0.73)
339.97: (0.80, 0.11, 0.59)
340.09: (0.81, 0.24, 0.54)
340.20: (0.94, -0.10, 0.33)
340.32: (0.95, -0.25, 0.19)
340.44: (0.96, -0.26, 0.07)
340.45: (0.96, -0.26, 0.07)
340.45: (0.36, -0.77, -0.52): 2
340.55: (0.96, -0.26, 0.07)
340.65: (0.97, -0.25, 0.07)
340.75: (0.96, -0.26, 0.04)
340.87: (0.96, -0.27, -0.04)
340.99: (0.96, -0.27, -0.05)
341.10: (0.96, -0.28, -0.07)
341.22: (0.81, -0.48, -0.34)
341.32: (0.67, -0.61, -0.41)
341.44: (0.56, -0.70, -0.44)
341.55: (0.43, -0.75, -0.50)
341.67: (0.33, -0.78, -0.54)
341.72: (0.31, -0.78, -0.54)
341.72: (0.96, -0.13, -0.26): 1
341.77: (0.31, -0.78, -0.54)
341.89: (0.31, -0.78, -0.55)
341.99: (0.32, -0.77, -0.55)
342.10: (0.32, -0.77, -0.55)
342.20: (0.33, -0.77, -0.54)
342.30: (0.56, -0.76, -0.33)
342.42: (0.87, -0.35, 0.35)
342.54: (0.54, 0.25, 0.80)
342.65: (0.49, 0.29, 0.82)
342.75: (0.63, 0.27, 0.73)
342.87: (0.93, 0.07, 0.36)
342.99: (0.98, 0.03, 0.21)
343.09: (1.00, 0.08, 0.01)
343.20: (0.97, 0.07, -0.21)
343.32: (0.96, -0.05, -0.29)
343.42: (0.95, -0.14, -0.28)
343.42: (-0.39, -0.89, 0.24): 1
343.44: (0.95, -0.14, -0.28)
343.54: (0.95, -0.14, -0.28)
343.65: (0.95, -0.14, -0.29)
343.77: (0.95, -0.14, -0.29)
343.87: (0.93, -0.20, -0.32)
343.99: (0.69, -0.56, -0.46)
344.10: (0.38, -0.80, -0.46)
344.22: (0.10, -0.90, -0.43)
344.32: (-0.07, -0.90, -0.43)
344.42: (-0.40, -0.82, -0.41)
344.54: (-0.41, -0.87, -0.25)
344.65: (-0.27, -0.96, -0.10)
344.77: (-0.32, -0.95, 0.02)
344.88: (-0.45, -0.88, 0.17)
344.98: (-0.45, -0.87, 0.23)
345.03: (-0.45, -0.86, 0.24)
345.03: (-0.64, 0.38, 0.66): 0
345.08: (-0.45, -0.86, 0.24)
345.20: (-0.43, -0.87, 0.23)
345.30: (-0.43, -0.88, 0.22)
345.40: (-0.43, -0.88, 0.22)
345.52: (-0.42, -0.88, 0.22)
345.63: (-0.53, -0.80, 0.28)
345.75: (-0.94, -0.11, 0.34)
345.87: (-0.89, 0.36, 0.26)
345.98: (-0.80, 0.55, 0.25)
346.10: (-0.76, 0.43, 0.48)
346.20: (-0.73, 0.44, 0.53)
346.32: (-0.67, 0.44, 0.59)
346.42: (-0.66, 0.42, 0.63)
346.42: (-1.00, -0.02, 0.00): 0
346.43: (-0.66, 0.42, 0.63)
346.55: (-0.66, 0.43, 0.61)
346.65: (-0.69, 0.45, 0.57)
346.75: (-0.69, 0.45, 0.57)
346.87: (-0.69, 0.39, 0.61)
346.98: (-0.60, 0.55, 0.58)
347.08: (-0.43, 0.76, 0.48)
347.18: (-0.19, 0.93, 0.32)
347.30: (0.04, 0.98, 0.18)
347.42: (0.05, 0.97, 0.24)
347.52: (-0.16, 0.84, 0.51)
347.63: (-0.30, 0.53, 0.79)
347.75: (-0.49, 0.09, 0.87)
347.87: (-0.25, -0.05, 0.97)
347.98: (0.00, -0.22, 0.98)
348.10: (0.29, -0.29, 0.91)
348.20: (0.57, -0.36, 0.74)
348.32: (0.64, -0.53, 0.56)
348.42: (0.68, -0.62, 0.39)
348.53: (0.63, -0.65, 0.43)
348.65: (0.17, -0.53, 0.83)
348.75: (-0.32, -0.29, 0.90)
348.85: (-0.59, -0.09, 0.81)
348.95: (-0.77, -0.01, 0.63)
349.07: (-0.91, 0.03, 0.40)
349.18: (-0.97, -0.07, 0.24)
349.30: (-0.99, -0.09, 0.07)
349.42: (-1.00, 0.07, 0.03)
349.48: (-1.00, 0.06, 0.02)
349.48: (0.92, -0.35, -0.18): 1
349.52: (-1.00, 0.06, 0.03)
349.63: (-1.00, 0.08, 0.03)
349.73: (-0.99, 0.10, 0.04)
349.85: (-0.96, 0.22, 0.19)
349.97: (-0.95, 0.24, 0.20)
350.08: (-0.93, 0.23, -0.30)
350.20: (-0.72, 0.04, -0.70)
350.30: (-0.45, -0.18, -0.87)
350.42: (-0.45, -0.26, -0.85)
350.53: (-0.40, -0.54, -0.74)
350.65: (-0.29, -0.75, -0.60)
350.75: (-0.29, -0.75, -0.60)
350.87: (-0.30, -0.77, -0.56)
350.97: (-0.32, -0.89, -0.33)
351.08: (-0.37, -0.93, 0.08)
351.20: (-0.28, -0.86, 0.43)
351.32: (-0.08, -0.75, 0.66)
351.43: (0.00, -0.65, 0.76)
351.55: (-0.01, -0.65, 0.76)
351.67: (-0.02, -0.64, 0.76)
351.78: (0.36, -0.47, 0.80)
351.88: (0.76, -0.25, 0.60)
352.00: (0.82, -0.30, 0.48)
352.12: (0.79, -0.34, 0.51)
352.22: (0.83, -0.44, 0.34)
352.33: (0.92, -0.39, 0.07)
352.45: (0.93, -0.36, -0.01)
352.53: (0.94, -0.33, -0.09)
352.53: (1.00, -0.07, -0.01): 1
352.57: (0.94, -0.33, -0.10)
352.68: (0.93, -0.34, -0.10)
352.78: (0.93, -0.34, -0.09)
352.90: (0.98, -0.20, 0.04)
353.00: (0.99, -0.03, 0.14)
353.08: (0.99, -0.01, 0.15)
353.08: (0.97, 0.11, -0.22): 2
353.12: (0.99, -0.01, 0.15)
353.23: (0.99, -0.02, 0.14)
353.33: (0.99, -0.04, 0.10)
353.45: (0.96, 0.21, -0.21)
353.57: (0.97, 0.17, -0.19)
353.67: (0.98, 0.15, -0.15)
353.73: (0.98, 0.15, -0.15)
353.73: (-0.68, 0.73, -0.04): 0
353.78: (0.98, 0.14, -0.15)
353.90: (0.98, 0.11, -0.14)
354.02: (0.97, 0.15, -0.20)
354.13: (0.96, 0.15, -0.24)
354.25: (0.92, 0.22, -0.32)
354.35: (0.77, 0.34, -0.54)
354.47: (0.77, 0.34, -0.54)
354.58: (0.81, 0.32, -0.50)
354.70: (0.46, 0.59, -0.66)
354.82: (0.01, 0.85, -0.52)
354.93: (-0.28, 0.80, -0.52)
355.03: (-0.27, 0.80, -0.53)
355.15: (-0.15, 0.85, -0.50)
355.27: (-0.38, 0.88, -0.27)
355.37: (-0.49, 0.85, -0.19)
355.48: (-0.62, 0.77, -0.14)
355.60: (-0.70, 0.71, -0.05)
355.63: (-0.70, 0.71, -0.04)
355.63: (0.89, -0.15, -0.43): 0
355.70: (-0.70, 0.71, -0.04)
355.82: (-0.70, 0.71, -0.04)
355.93: (-0.70, 0.72, -0.04)
356.03: (-0.64, 0.76, -0.06)
356.15: (-0.46, 0.89, -0.04)
356.25: (-0.40, 0.92, -0.03)
356.37: (0.04, 0.99, -0.14)
356.48: (0.64, 0.75, -0.17)
356.60: (0.81, 0.56, -0.19)
356.70: (0.87, 0.47, -0.14)
356.82: (0.92, 0.34, -0.18)
356.93: (0.96, 0.09, -0.28)
357.05: (0.95, -0.02, -0.32)
357.17: (0.93, -0.07, -0.35)
357.17: (0.10, 0.90, -0.42): 2
357.17: (0.93, -0.07, -0.35)
357.27: (0.93, -0.07, -0.36)
357.38: (0.92, -0.11, -0.36)
357.48: (0.92, -0.09, -0.38)
357.60: (0.93, 0.06, -0.37)
357.72: (0.92, 0.14, -0.36)
357.83: (0.93, 0.14, -0.34)
357.95: (0.79, 0.48, -0.39)
358.05: (0.25, 0.90, -0.35)
358.17: (0.20, 0.92, -0.33)
358.28: (0.20, 0.92, -0.32)
358.40: (0.17, 0.92, -0.36)
358.50: (0.09, 0.91, -0.39)
358.58: (0.07, 0.91, -0.41)
358.58: (0.14, -0.77, -0.62): 1
358.62: (0.07, 0.91, -0.41)
358.73: (0.07, 0.91, -0.41)
358.83: (0.08, 0.91, -0.41)
358.95: (0.08, 0.90, -0.42)
359.07: (0.37, 0.78, -0.51)
359.18: (0.70, 0.47, -0.53)
359.30: (0.90, 0.09, -0.43)
359.42: (0.92, -0.15, -0.37)
359.53: (0.82, -0.53, -0.21)
359.65: (0.83, -0.51, -0.24)
359.77: (0.83, -0.50, -0.23)
359.88: (0.70, -0.71, -0.08)
360.00: (0.31, -0.91, 0.26)
360.12: (0.20, -0.91, 0.36)
360.23: (-0.13, -0.81, 0.57)
360.35: (-0.56, -0.54, 0.63)
360.45: (-0.72, -0.37, 0.58)
360.55: (-0.83, -0.14, 0.53)
360.67: (-0.90, 0.08, 0.42)
360.78: (-0.93, 0.24, 0.27)
360.88: (-0.93, 0.24, 0.27)
361.00: (-0.92, 0.22, 0.34)
361.10: (-0.89, 0.43, 0.16)
361.22: (-0.72, 0.68, -0.15)
361.33: (-0.68, 0.72, -0.11)
361.45: (-0.69, 0.59, 0.42)
361.57: (-0.33, 0.53, 0.78)
361.68: (-0.01, 0.44, 0.90)
361.80: (0.11, 0.41, 0.90)
361.90: (-0.20, 0.49, 0.85)
362.01: (-0.77, 0.44, 0.46)
362.13: (-0.97, 0.23, -0.02)
362.25: (-0.95, 0.00, -0.32)
362.35: (-0.91, -0.13, -0.40)
362.46: (-0.75, -0.25, -0.62)
362.56: (-0.48, -0.14, -0.87)
362.68: (-0.45, 0.46, -0.76)
362.80: (-0.37, 0.78, -0.50)
362.91: (-0.29, 0.95, -0.13)
363.03: (-0.29, 0.95, -0.14)
363.15: (-0.29, 0.95, -0.14)
363.26: (-0.53, 0.84, 0.06)
363.38: (-0.66, 0.65, 0.38)
363.50: (-0.58, 0.66, 0.48)
363.60: (-0.89, 0.45, 0.08)
363.71: (-0.88, -0.14, -0.45)
363.81: (-0.86, -0.22, -0.46)
363.93: (-0.86, -0.22, -0.46)
364.05: (-0.65, -0.54, -0.54)
364.16: (0.06, -0.87, -0.49)
364.26: (0.18, -0.89, -0.43)
364.36: (0.18, -0.89, -0.43)
364.48: (0.13, -0.83, -0.54)
364.60: (0.14, -0.76, -0.63)
364.65: (0.15, -0.76, -0.63)
364.65: (0.99, -0.08, -0.07): 0
364.71: (0.15, -0.76, -0.63)
364.83: (0.14, -0.76, -0.64)
364.95: (0.14, -0.76, -0.64)
365.05: (0.14, -0.76, -0.63)
365.16: (0.30, -0.71, -0.64)
365.28: (0.88, -0.36, -0.32)
365.40: (0.91, -0.32, -0.26)
365.51: (0.91, -0.32, -0.25)
365.63: (0.98, -0.17, -0.10)
365.73: (0.99, -0.11, -0.06)
365.78: (0.99, -0.10, -0.06)
365.78: (-0.21, 0.53, -0.82): 2
365.85: (0.99, -0.10, -0.06)
365.95: (0.99, -0.10, -0.06)
366.06: (0.99, -0.10, -0.07)
366.18: (0.99, -0.10, -0.06)
366.28: (1.00, -0.08, -0.05)
366.40: (1.00, -0.05, 0.04)
366.51: (0.95, -0.19, 0.23)
366.61: (0.91, -0.42, 0.08)
366.73: (0.67, -0.61, -0.43)
366.85: (0.28, -0.70, -0.65)
366.95: (0.15, -0.67, -0.73)
367.06: (0.16, -0.72, -0.68)
367.18: (-0.14, -0.65, -0.75)
367.30: (-0.52, -0.47, -0.72)
367.41: (-0.71, -0.24, -0.66)
367.53: (-0.84, 0.01, -0.54)
367.63: (-0.83, 0.01, -0.56)
367.75: (-0.83, -0.01, -0.56)
367.85: (-0.90, 0.18, -0.39)
367.96: (-0.88, 0.46, 0.07)
368.08: (-0.96, 0.21, 0.20)
368.20: (-0.87, 0.06, 0.49)
368.30: (-0.72, -0.02, 0.69)
368.41: (-0.66, -0.20, 0.73)
368.51: (-0.53, -0.22, 0.82)
368.63: (-0.48, -0.21, 0.85)
368.75: (-0.57, -0.25, 0.78)
368.86: (-0.65, -0.50, 0.57)
368.96: (-0.74, -0.64, 0.18)
369.06: (-0.69, -0.71, -0.13)
369.18: (-0.53, -0.82, -0.22)
369.30: (-0.56, -0.80, -0.21)
369.41: (-0.92, -0.36, -0.12)
369.51: (-0.98, 0.18, -0.05)
369.63: (-0.82, 0.57, 0.02)
369.73: (-0.75, 0.66, -0.03)
369.83: (-0.69, 0.67, -0.29)
369.95: (-0.64, 0.76, -0.07)
370.06: (-0.54, 0.62, 0.57)
370.16: (-0.68, 0.64, 0.35)
370.28: (-0.55, 0.71, -0.45)
370.38: (-0.50, 0.67, -0.55)
370.50: (-0.42, 0.63, -0.65)
370.61: (-0.34, 0.57, -0.75)
370.68: (-0.30, 0.55, -0.78)
370.68: (0.67, -0.57, 0.48): 1
370.73: (-0.30, 0.55, -0.78)
370.85: (-0.30, 0.55, -0.78)
370.96: (-0.30, 0.56, -0.77)
371.08: (-0.29, 0.56, -0.78)
371.18: (0.05, 0.36, -0.93)
371.30: (0.13, 0.29, -0.95)
371.40: (0.11, 0.30, -0.95)
371.51: (0.20, 0.11, -0.97)
371.63: (0.47, -0.45, -0.76)
371.73: (0.57, -0.69, -0.46)
371.85: (0.68, -0.71, -0.19)
371.96: (0.67, -0.74, 0.05)
372.06: (0.66, -0.73, 0.16)
372.18: (0.67, -0.74, 0.11)
372.30: (0.66, -0.66, 0.36)
372.41: (0.63, -0.59, 0.51)
372.43: (0.63, -0.59, 0.51)
372.43: (0.91, -0.38, 0.15): 2
372.53: (0.63, -0.59, 0.51)
372.63: (0.63, -0.59, 0.51)
372.73: (0.65, -0.58, 0.49)
372.83: (0.79, -0.52, 0.31)
372.95: (0.87, -0.47, 0.11)
372.98: (0.87, -0.47, 0.10)
372.98: (-0.98, -0.06, -0.20): 1
373.06: (0.88, -0.47, 0.10)
373.18: (0.91, -0.42, 0.02)
373.28: (0.92, -0.37, -0.13)
373.40: (0.85, -0.36, -0.39)
373.51: (0.71, -0.32, -0.63)
373.63: (0.45, -0.22, -0.86)
373.73: (0.18, -0.11, -0.98)
373.85: (-0.13, 0.02, -0.99)
373.95: (-0.42, 0.15, -0.90)
374.06: (-0.71, 0.28, -0.64)
374.18: (-0.81, 0.37, -0.44)
374.30: (-0.81, 0.37, -0.44)
374.41: (-0.85, 0.14, -0.51)
374.53: (-0.91, -0.01, -0.41)
374.63: (-0.96, 0.01, -0.26)
374.71: (-0.98, 0.01, -0.20)
374.71: (0.42, -0.47, 0.78): 0
374.75: (-0.98, 0.01, -0.20)
374.86: (-0.98, 0.01, -0.19)
374.98: (-0.98, 0.01, -0.19)
375.10: (-0.99, 0.04, -0.11)
375.21: (-0.96, 0.11, 0.27)
375.33: (-0.73, 0.21, 0.65)
375.43: (-0.74, 0.24, 0.63)
375.55: (-0.76, 0.22, 0.61)
375.66: (-0.55, 0.24, 0.80)
375.76: (-0.05, 0.22, 0.97)
375.88: (0.34, 0.20, 0.92)
376.00: (0.68, 0.15, 0.72)
376.11: (0.72, -0.01, 0.70)
376.23: (0.49, -0.20, 0.85)
376.33: (0.51, -0.25, 0.82)
376.45: (0.50, -0.41, 0.76)
376.55: (0.46, -0.46, 0.76)
376.55: (-0.34, 0.00, -0.94): 2
376.55: (0.46, -0.46, 0.76)
376.66: (0.46, -0.46, 0.76)
376.78: (0.46, -0.46, 0.76)
376.90: (0.47, -0.46, 0.76)
377.01: (0.48, -0.46, 0.74)
377.13: (0.68, -0.53, 0.51)
377.25: (0.74, -0.51, 0.44)
377.36: (0.74, -0.51, 0.44)
377.46: (0.83, -0.48, 0.29)
377.58: (0.86, -0.28, -0.43)
377.70: (0.59, -0.12, -0.80)
377.81: (0.47, -0.06, -0.88)
377.93: (-0.06, 0.18, -0.98)
378.05: (-0.09, 0.20, -0.98)
378.16: (-0.01, 0.08, -1.00)
378.28: (-0.10, 0.00, -1.00)
378.38: (-0.22, 0.01, -0.98)
378.46: (-0.25, 0.02, -0.97)
378.46: (-0.99, -0.06, 0.13): 1
378.50: (-0.25, 0.02, -0.97)
378.61: (-0.26, 0.03, -0.97)
378.73: (-0.29, 0.08, -0.95)
378.83: (-0.30, 0.09, -0.95)
378.94: (-0.26, 0.06, -0.96)
379.06: (-0.34, 0.08, -0.94)
379.18: (-0.85, 0.30, -0.42)
379.29: (-0.90, 0.39, 0.16)
379.41: (-0.91, 0.40, 0.15)
379.51: (-0.97, 0.24, 0.06)
379.63: (-1.00, 0.07, 0.07)
379.73: (-1.00, 0.04, 0.08)
379.79: (-1.00, 0.02, 0.09)
379.79: (0.53, -0.46, 0.71): 0
379.84: (-1.00, 0.02, 0.09)
379.96: (-0.99, 0.07, 0.15)
380.06: (-0.93, 0.11, 0.34)
380.18: (-0.81, 0.10, 0.58)
380.29: (-0.63, 0.10, 0.77)
380.41: (-0.13, 0.05, 0.99)
380.53: (0.15, 0.07, 0.99)
380.64: (0.15, 0.07, 0.99)
380.74: (0.10, -0.02, 0.99)
380.86: (0.37, -0.25, 0.89)
380.98: (0.51, -0.30, 0.81)
381.08: (0.51, -0.35, 0.79)
381.18: (0.51, -0.41, 0.76)
381.18: (-0.93, -0.26, -0.27): 2
381.19: (0.51, -0.41, 0.76)
381.29: (0.51, -0.41, 0.75)
381.39: (0.72, -0.37, 0.59)
381.51: (0.88, -0.30, 0.36)
381.63: (0.88, -0.28, 0.38)
381.74: (0.88, -0.30, 0.38)
381.86: (0.85, -0.35, 0.41)
381.96: (0.88, -0.35, 0.33)
382.08: (0.91, -0.35, 0.22)
382.19: (0.86, -0.39, 0.32)
382.31: (0.87, -0.41, 0.28)
382.41: (0.88, -0.41, 0.25)
382.53: (0.88, -0.41, 0.25)
382.64: (0.80, -0.44, 0.40)
382.74: (0.80, -0.50, 0.34)
382.86: (0.57, -0.81, 0.16)
382.98: (0.18, -0.97, -0.14)
383.08: (-0.04, -0.96, -0.28)
383.19: (-0.08, -0.92, -0.38)
383.29: (-0.04, -0.82, -0.57)
383.41: (0.19, -0.93, -0.33)
383.53: (0.68, -0.72, 0.13)
383.64: (0.81, -0.39, 0.45)
383.76: (0.73, -0.16, 0.66)
383.86: (0.42, -0.17, 0.89)
383.96: (-0.03, -0.18, 0.98)
384.08: (-0.49, -0.33, 0.81)
384.19: (-0.50, -0.57, 0.65)
384.29: (-0.52, -0.58, 0.63)
384.39: (-0.52, -0.58, 0.63)
384.51: (-0.59, -0.61, 0.53)
384.63: (-0.85, -0.53, 0.07)
384.73: (-0.89, -0.40, -0.21)
384.84: (-0.90, -0.31, -0.32)
384.94: (-0.91, -0.26, -0.32)
384.94: (-0.71, 0.68, -0.19): 0
384.96: (-0.91, -0.26, -0.32)
385.08: (-0.91, -0.26, -0.31)
385.19: (-0.92, -0.26, -0.30)
385.31: (-0.92, -0.26, -0.31)
385.41: (-0.92, -0.26, -0.31)
385.53: (-0.88, -0.14, -0.46)
385.64: (-0.88, -0.20, -0.43)
385.76: (-0.76, -0.01, -0.65)
385.86: (-0.67, 0.10, -0.73)
385.96: (-0.67, 0.10, -0.73)
386.08: (-0.66, 0.12, -0.74)
386.19: (-0.33, 0.41, -0.85)
386.31: (-0.11, 0.54, -0.83)
386.43: (-0.12, 0.54, -0.83)
386.53: (-0.02, 0.60, -0.80)
386.64: (-0.13, 0.55, -0.82)
386.76: (-0.27, 0.46, -0.85)
386.88: (-0.03, 0.59, -0.81)
386.99: (0.01, 0.60, -0.80)
387.11: (0.00, 0.47, -0.88)
387.23: (0.16, 0.04, -0.99)
387.34: (0.35, -0.48, -0.81)
387.44: (0.40, -0.68, -0.61)
387.54: (0.42, -0.72, -0.55)
387.66: (0.33, -0.35, -0.88)
387.78: (0.07, 0.31, -0.95)
387.89: (0.07, 0.69, -0.72)
388.01: (0.10, 0.86, -0.50)
388.11: (0.21, 0.91, -0.37)
388.23: (0.57, 0.82, -0.10)
388.34: (0.64, 0.76, -0.10)
388.44: (0.64, 0.76, -0.10)
388.56: (0.73, 0.68, -0.10)
388.68: (0.93, 0.35, 0.13)
388.79: (0.92, 0.36, 0.14)
388.91: (0.94, 0.29, 0.18)
389.03: (0.85, 0.53, -0.03)
389.13: (0.47, 0.76, -0.45)
389.24: (-0.11, 0.75, -0.66)
389.36: (-0.39, 0.63, -0.67)
389.46: (-0.39, 0.64, -0.67)
389.58: (-0.30, 0.65, -0.70)
389.68: (-0.43, 0.75, -0.51)
389.79: (-0.58, 0.74, -0.34)
389.88: (-0.60, 0.73, -0.33)
389.88: (0.59, -0.79, 0.15): 2
389.91: (-0.60, 0.73, -0.32)
390.03: (-0.62, 0.72, -0.30)
390.14: (-0.72, 0.65, -0.23)
390.26: (-0.88, 0.44, -0.17)
390.38: (-0.78, 0.58, -0.24)
390.49: (-0.66, 0.67, -0.34)
390.61: (-0.87, 0.36, -0.35)
390.73: (-0.94, -0.27, -0.20)
390.84: (-0.83, -0.56, -0.08)
390.96: (-0.62, -0.78, 0.02)
391.08: (-0.65, -0.76, 0.02)
391.19: (-0.69, -0.72, -0.07)
391.29: (-0.48, -0.87, -0.10)
391.41: (-0.21, -0.96, 0.20)
391.53: (0.19, -0.88, 0.44)
391.64: (0.48, -0.72, 0.50)
391.76: (0.53, -0.80, 0.29)
391.86: (0.56, -0.80, 0.23)
391.94: (0.59, -0.79, 0.18)
391.94: (-0.24, 0.36, 0.90): 0
391.98: (0.59, -0.79, 0.18)
392.09: (0.60, -0.78, 0.19)
392.21: (0.63, -0.75, 0.21)
392.33: (0.63, -0.75, 0.21)
392.43: (0.63, -0.75, 0.20)
392.53: (0.65, -0.74, 0.18)
392.64: (0.76, -0.63, 0.18)
392.76: (0.91, -0.38, 0.19)
392.88: (0.97, -0.21, 0.13)
392.99: (0.95, -0.27, -0.18)
393.09: (0.86, -0.18, -0.48)
393.21: (0.69, 0.00, -0.73)
393.33: (0.65, 0.22, -0.73)
393.44: (0.79, 0.50, -0.35)
393.56: (0.75, 0.66, 0.03)
393.68: (0.55, 0.81, 0.20)
393.78: (0.56, 0.77, 0.30)
393.89: (0.74, 0.41, 0.53)
394.01: (0.78, -0.05, 0.62)
394.13: (0.62, -0.19, 0.76)
394.23: (0.64, -0.33, 0.69)
394.34: (0.77, -0.61, 0.16)
394.46: (0.69, -0.53, -0.49)
394.57: (0.31, -0.18, -0.93)
394.69: (0.21, -0.07, -0.97)
394.79: (0.29, -0.08, -0.95)
394.91: (0.12, 0.16, -0.98)
395.02: (-0.48, 0.40, -0.78)
395.13: (-0.75, 0.35, -0.57)
395.24: (-0.79, 0.35, -0.50)
395.36: (-0.81, 0.47, -0.34)
395.47: (-0.88, 0.47, 0.09)
395.59: (-0.87, 0.35, 0.35)
395.69: (-0.88, 0.35, 0.34)
395.81: (-0.89, 0.36, 0.30)
395.91: (-0.80, 0.40, 0.44)
396.02: (-0.56, 0.45, 0.70)
396.14: (-0.38, 0.40, 0.83)
396.26: (-0.29, 0.33, 0.90)
396.29: (-0.29, 0.32, 0.90)
396.29: (-0.99, -0.07, 0.12): 0
396.37: (-0.29, 0.32, 0.90)
396.47: (-0.29, 0.32, 0.90)
396.59: (-0.30, 0.30, 0.91)
396.69: (-0.30, 0.30, 0.90)
396.81: (-0.30, 0.29, 0.91)
396.92: (-0.25, 0.43, 0.87)
397.04: (-0.04, 0.57, 0.82)
397.16: (-0.14, 0.63, 0.76)
397.26: (-0.42, 0.80, 0.43)
397.37: (-0.64, 0.76, -0.12)
397.47: (-0.65, 0.59, -0.49)
397.57: (-0.53, 0.43, -0.73)
397.67: (-0.39, 0.31, -0.87)
397.77: (-0.25, 0.11, -0.96)
397.89: (-0.06, -0.15, -0.99)
398.01: (-0.05, -0.24, -0.97)
398.12: (-0.05, -0.23, -0.97)
398.22: (0.05, -0.01, -1.00)
398.34: (0.23, 0.25, -0.94)
398.46: (0.38, 0.43, -0.82)
398.56: (0.51, 0.38, -0.77)
398.67: (0.61, 0.34, -0.72)
398.79: (0.63, 0.29, -0.72)
398.91: (0.36, -0.16, -0.92)
399.02: (-0.10, -0.27, -0.96)
399.14: (-0.45, -0.29, -0.84)
399.26: (-0.63, -0.29, -0.72)
399.37: (-0.55, -0.57, -0.61)
399.47: (-0.25, -0.88, -0.41)
399.59: (-0.01, -0.94, -0.35)
399.71: (0.20, -0.88, -0.44)
399.82: (0.51, -0.81, -0.27)
399.92: (0.66, -0.75, 0.04)
400.04: (0.65, -0.76, 0.06)
400.14: (0.65, -0.76, 0.06)
400.26: (0.81, -0.59, 0.07)
400.37: (0.93, -0.22, 0.28)
400.49: (0.79, 0.05, 0.62)
400.61: (0.53, 0.23, 0.82)
400.72: (0.24, 0.40, 0.89)
400.84: (-0.19, 0.50, 0.85)
400.96: (-0.19, 0.49, 0.85)
401.06: (-0.19, 0.49, 0.85)
401.17: (-0.22, 0.71, 0.67)
401.29: (-0.20, 0.94, 0.26)
401.41: (-0.25, 0.97, -0.03)
401.52: (-0.14, 0.96, -0.22)
401.64: (0.05, 0.88, -0.48)
401.74: (0.14, 0.79, -0.59)
401.86: (-0.05, 0.92, -0.38)
401.96: (-0.39, 0.92, 0.05)
402.07: (-0.61, 0.53, 0.59)
402.19: (-0.50, 0.02, 0.87)
402.31: (-0.52, -0.09, 0.85)
402.42: (-0.87, 0.08, 0.49)
402.54: (-0.99, 0.06, 0.15)
402.64: (-0.99, 0.02, 0.14)
402.74: (-0.99, -0.01, 0.12)
402.79: (-0.99, -0.04, 0.14)
402.79: (0.96, 0.03, -0.29): 2
402.86: (-0.99, -0.05, 0.14)
402.97: (-0.99, -0.05, 0.14)
403.09: (-0.98, -0.01, 0.19)
403.21: (-0.98, 0.03, 0.22)
403.31: (-0.96, 0.07, 0.26)
403.41: (-0.97, 0.08, 0.24)
403.52: (-0.97, 0.08, 0.23)
403.64: (-0.98, -0.03, -0.18)
403.74: (-0.88, -0.15, -0.46)
403.84: (-0.80, -0.18, -0.58)
403.96: (-0.55, -0.27, -0.79)
404.07: (-0.44, -0.30, -0.85)
404.19: (-0.39, -0.31, -0.87)
404.29: (-0.19, -0.35, -0.92)
404.39: (0.13, -0.37, -0.92)
404.51: (0.36, -0.37, -0.86)
404.62: (0.35, -0.37, -0.86)
404.74: (0.35, -0.36, -0.87)
404.86: (0.61, -0.24, -0.75)
404.97: (0.80, -0.18, -0.57)
405.07: (0.90, -0.13, -0.41)
405.17: (0.96, -0.05, -0.28)
405.22: (0.96, -0.03, -0.29)
405.22: (-0.64, -0.09, -0.76): 2
405.29: (0.96, -0.03, -0.29)
405.41: (0.95, -0.04, -0.31)
405.52: (0.95, -0.05, -0.30)
405.64: (0.95, -0.05, -0.30)
405.76: (0.95, -0.05, -0.30)
405.87: (0.95, -0.05, -0.30)
405.99: (0.95, -0.04, -0.31)
406.11: (0.69, -0.14, -0.71)
406.22: (0.13, -0.25, -0.96)
406.34: (-0.45, -0.28, -0.85)
406.46: (-0.47, -0.27, -0.84)
406.56: (-0.44, -0.22, -0.87)
406.67: (-0.58, -0.10, -0.81)
406.77: (-0.66, -0.05, -0.75)
406.81: (-0.66, -0.05, -0.75)
406.81: (0.93, -0.35, -0.07): 0
406.89: (-0.66, -0.05, -0.75)
407.01: (-0.65, -0.05, -0.76)
407.12: (-0.65, -0.05, -0.76)
407.22: (-0.65, -0.06, -0.76)
407.34: (-0.37, -0.12, -0.92)
407.44: (0.22, -0.12, -0.97)
407.56: (0.64, 0.03, -0.77)
407.67: (0.97, 0.13, -0.22)
407.77: (0.97, 0.13, -0.20)
407.87: (0.97, 0.13, -0.20)
407.99: (0.97, 0.06, -0.25)
408.09: (0.98, -0.16, -0.14)
408.21: (0.95, -0.27, -0.13)
408.27: (0.95, -0.27, -0.13)
408.27: (-0.44, -0.11, 0.89): 2
408.32: (0.95, -0.27, -0.13)
408.42: (0.95, -0.27, -0.12)
408.54: (0.96, -0.26, -0.12)
408.66: (0.96, -0.26, -0.10)
408.77: (0.97, -0.25, -0.01)
408.87: (0.97, -0.26, 0.00)
408.99: (0.97, -0.25, 0.00)
409.11: (0.97, -0.26, 0.02)
409.22: (0.88, -0.22, 0.42)
409.34: (0.73, -0.17, 0.66)
409.46: (0.76, -0.17, 0.62)
409.57: (0.71, -0.16, 0.68)
409.69: (0.23, 0.02, 0.97)
409.81: (-0.22, 0.19, 0.96)
409.92: (-0.22, 0.18, 0.96)
410.02: (-0.12, 0.15, 0.98)
410.14: (-0.24, 0.00, 0.97)
410.26: (-0.31, -0.05, 0.95)
410.36: (-0.34, -0.06, 0.94)
410.37: (-0.34, -0.06, 0.94)
410.37: (0.99, -0.07, 0.14): 1
410.47: (-0.34, -0.06, 0.94)
410.57: (-0.34, -0.05, 0.94)
410.67: (-0.34, -0.05, 0.94)
410.79: (-0.34, -0.05, 0.94)
410.91: (-0.32, -0.06, 0.94)
411.02: (-0.01, -0.10, 1.00)
411.14: (0.53, -0.15, 0.84)
411.24: (0.54, -0.15, 0.83)
411.36: (0.53, -0.11, 0.84)
411.47: (0.83, -0.04, 0.56)
411.59: (0.97, -0.01, 0.26)
411.71: (0.98, -0.01, 0.22)
411.82: (0.98, -0.02, 0.20)
411.82: (0.90, -0.33, -0.29): 1
411.82: (0.98, -0.02, 0.20)
411.94: (0.98, -0.02, 0.21)
412.04: (0.98, -0.02, 0.21)
412.16: (0.99, -0.04, 0.15)
412.27: (0.96, -0.18, -0.20)
412.39: (0.94, -0.23, -0.24)
412.50: (0.91, -0.30, -0.27)
412.50: (0.03, -0.41, -0.91): 2
412.50: (0.91, -0.30, -0.27)
412.62: (0.91, -0.30, -0.27)
412.74: (0.91, -0.33, -0.26)
412.84: (0.91, -0.32, -0.26)
412.95: (0.91, -0.32, -0.26)
413.05: (0.91, -0.32, -0.25)
413.17: (0.92, -0.32, -0.24)
413.27: (0.93, -0.32, -0.17)
413.39: (0.93, -0.32, -0.16)
413.50: (0.68, -0.35, -0.64)
413.62: (0.03, -0.29, -0.96)
413.74: (0.00, -0.29, -0.96)
413.85: (0.02, -0.32, -0.95)
413.97: (0.04, -0.39, -0.92)
414.07: (0.04, -0.40, -0.92)
414.09: (0.04, -0.40, -0.92)
414.09: (-0.99, 0.12, -0.07): 2
414.19: (0.04, -0.40, -0.92)
414.30: (0.04, -0.40, -0.92)
414.42: (0.04, -0.40, -0.92)
414.54: (0.04, -0.40, -0.92)
414.65: (0.04, -0.40, -0.92)
414.75: (0.04, -0.40, -0.92)
414.85: (-0.01, -0.39, -0.92)
414.97: (-0.57, -0.15, -0.81)
415.09: (-0.78, 0.00, -0.62)
415.20: (-0.75, -0.02, -0.66)
415.32: (-0.78, -0.02, -0.63)
415.42: (-0.95, 0.14, -0.29)
415.54: (-0.96, 0.18, -0.19)
415.59: (-0.97, 0.20, -0.15)
415.59: (0.67, 0.55, -0.50): 2
415.65: (-0.97, 0.20, -0.11)
415.77: (-0.97, 0.20, -0.11)
415.87: (-0.98, 0.19, -0.10)
415.99: (-0.98, 0.17, -0.11)
416.10: (-0.98, 0.17, -0.11)
416.20: (-0.98, 0.17, -0.12)
416.32: (-0.98, 0.16, -0.11)
416.44: (-0.78, -0.18, -0.60)
416.54: (-0.15, -0.45, -0.88)
416.65: (-0.10, -0.47, -0.88)
416.75: (-0.16, -0.44, -0.88)
416.87: (0.00, -0.51, -0.86)
416.99: (0.44, -0.55, -0.71)
417.10: (0.82, -0.45, -0.35)
417.22: (0.90, -0.37, -0.23)
417.32: (0.90, -0.37, -0.23)
417.44: (0.91, -0.36, -0.22)
417.54: (0.98, -0.15, 0.13)
417.65: (0.83, 0.06, 0.56)
417.77: (0.66, 0.04, 0.75)
417.87: (0.53, -0.06, 0.85)
417.99: (0.40, -0.40, 0.83)
418.10: (0.31, -0.71, 0.63)
418.20: (0.48, -0.71, 0.52)
418.32: (0.81, -0.13, 0.58)
418.42: (0.76, 0.50, 0.43)
418.54: (0.53, 0.74, 0.41)
418.65: (0.36, 0.76, 0.54)
418.77: (0.37, 0.88, 0.31)
418.87: (0.58, 0.80, -0.18)
418.99: (0.77, 0.49, -0.40)
419.09: (0.78, 0.44, -0.44)
419.20: (0.68, 0.60, -0.42)
419.27: (0.67, 0.61, -0.43)
419.27: (0.71, 0.61, -0.36): 1
419.30: (0.67, 0.61, -0.43)
419.40: (0.67, 0.61, -0.43)
419.50: (0.67, 0.61, -0.43)
419.62: (0.67, 0.61, -0.43)
419.74: (0.71, 0.59, -0.39)
419.84: (0.75, 0.56, -0.35)
419.89: (0.75, 0.56, -0.35)
419.89: (-0.10, -0.80, -0.58): 0
419.94: (0.75, 0.56, -0.35)
420.05: (0.76, 0.54, -0.36)
420.17: (0.76, 0.54, -0.36)
420.29: (0.82, 0.32, -0.48)
420.40: (0.82, 0.05, -0.56)
420.52: (0.63, -0.56, -0.54)
420.62: (0.31, -0.87, -0.38)
420.74: (0.31, -0.88, -0.37)
420.85: (0.32, -0.87, -0.39)
420.97: (0.14, -0.82, -0.56)
421.09: (0.00, -0.78, -0.62)
421.20: (-0.04, -0.80, -0.60)
421.22: (-0.04, -0.80, -0.60)
421.22: (-0.87, -0.28, 0.41): 0
421.30: (-0.04, -0.80, -0.60)
421.42: (-0.04, -0.80, -0.60)
421.54: (-0.04, -0.80, -0.60)
421.64: (-0.07, -0.82, -0.57)
421.74: (-0.46, -0.87, -0.18)
421.85: (-0.71, -0.68, 0.18)
421.95: (-0.71, -0.68, 0.18)
422.07: (-0.68, -0.72, 0.16)
422.19: (-0.82, -0.44, 0.36)
422.30: (-0.86, -0.33, 0.40)
422.40: (-0.86, -0.31, 0.40)
422.40: (-1.00, 0.02, 0.00): 0
422.42: (-0.86, -0.31, 0.40)
422.52: (-0.86, -0.31, 0.40)
422.64: (-0.86, -0.31, 0.40)
422.75: (-0.90, -0.27, 0.33)
422.85: (-0.99, -0.13, 0.10)
422.97: (-1.00, -0.05, -0.04)
423.07: (-1.00, 0.04, -0.08)
423.07: (0.79, 0.40, -0.46): 2
423.07: (-1.00, 0.04, -0.08)
423.19: (-1.00, 0.03, -0.08)
423.29: (-1.00, 0.03, -0.07)
423.40: (-1.00, 0.06, 0.04)
423.52: (-0.99, 0.06, 0.13)
423.62: (-0.99, 0.06, 0.14)
423.74: (-0.98, 0.04, 0.20)
423.84: (-0.87, -0.17, 0.46)
423.95: (-0.48, -0.47, 0.74)
424.07: (-0.18, -0.49, 0.85)
424.19: (-0.24, -0.28, 0.93)
424.29: (-0.43, 0.32, 0.84)
424.40: (-0.46, 0.58, 0.67)
424.50: (-0.46, 0.58, 0.67)
424.62: (-0.46, 0.55, 0.70)
424.74: (-0.14, 0.88, 0.44)
424.85: (0.22, 0.97, 0.07)
424.97: (0.41, 0.90, -0.16)
425.09: (0.52, 0.75, -0.41)
425.19: (0.59, 0.64, -0.49)
425.30: (0.64, 0.71, -0.29)
425.42: (0.74, 0.59, -0.31)
425.54: (0.78, 0.43, -0.46)
425.60: (0.78, 0.43, -0.46)
425.60: (0.84, 0.33, 0.43): 1
425.65: (0.78, 0.43, -0.46)
425.77: (0.79, 0.44, -0.43)
425.87: (0.79, 0.44, -0.42)
425.99: (0.79, 0.44, -0.42)
426.10: (0.79, 0.47, -0.40)
426.22: (0.79, 0.46, -0.40)
426.34: (0.67, 0.73, -0.15)
426.44: (0.32, 0.91, 0.27)
426.55: (-0.14, 0.81, 0.57)
426.67: (-0.10, 0.84, 0.54)
426.79: (-0.10, 0.84, 0.53)
426.90: (-0.38, 0.80, 0.47)
427.02: (-0.65, 0.72, 0.24)
427.12: (-0.85, 0.50, 0.18)
427.24: (-0.96, 0.28, 0.06)
427.35: (-0.99, 0.13, -0.01)
427.47: (-0.96, -0.05, 0.27)
427.57: (-0.79, -0.18, 0.58)
427.67: (-0.59, -0.44, 0.68)
427.79: (-0.37, -0.74, 0.57)
427.90: (-0.06, -0.94, 0.34)
428.02: (0.09, -0.97, 0.24)
428.14: (0.11, -0.96, 0.24)
428.25: (0.11, -0.97, 0.24)
428.37: (0.25, -0.95, 0.17)
428.47: (0.62, -0.77, -0.14)
428.59: (0.79, -0.49, -0.37)
428.70: (0.81, -0.42, -0.42)
428.80: (0.81, -0.40, -0.43)
428.92: (0.83, -0.10, -0.56)
429.03: (0.79, 0.14, -0.60)
429.14: (0.79, 0.14, -0.60)
429.25: (0.80, 0.06, -0.60)
429.37: (0.79, 0.02, -0.61)
429.48: (0.63, 0.44, -0.64)
429.60: (0.24, 0.79, -0.56)
429.72: (0.03, 0.89, -0.45)
429.83: (0.06, 0.94, -0.33)
429.93: (0.31, 0.95, -0.01)
430.05: (0.57, 0.79, 0.23)
430.15: (0.69, 0.71, 0.13)
430.25: (0.86, 0.51, -0.08)
430.37: (0.97, 0.19, -0.12)
430.47: (0.95, 0.23, 0.22)
430.58: (0.86, 0.30, 0.41)
430.65: (0.86, 0.30, 0.41)
430.65: (-0.98, 0.17, -0.12): 1
430.70: (0.86, 0.30, 0.41)
430.82: (0.86, 0.31, 0.41)
430.92: (0.87, 0.29, 0.39)
431.03: (0.88, 0.29, 0.37)
431.15: (0.92, 0.29, 0.26)
431.27: (0.74, 0.63, 0.23)
431.38: (0.26, 0.94, 0.24)
431.48: (-0.18, 0.96, 0.23)
431.60: (-0.29, 0.93, 0.22)
431.70: (-0.29, 0.93, 0.22)
431.80: (-0.26, 0.94, 0.20)
431.92: (-0.60, 0.76, 0.26)
432.03: (-0.95, 0.22, 0.22)
432.15: (-0.99, 0.00, 0.14)
432.27: (-0.98, 0.18, 0.00)
432.38: (-0.98, 0.20, -0.09)
432.45: (-0.98, 0.20, -0.10)
432.45: (-0.53, -0.28, 0.80): 1
432.48: (-0.98, 0.20, -0.10)
432.60: (-0.97, 0.20, -0.10)
432.72: (-0.98, 0.19, -0.09)
432.83: (-0.98, 0.20, -0.08)
432.95: (-0.95, 0.29, -0.09)
433.07: (-0.99, -0.04, -0.13)
433.18: (-0.70, -0.69, -0.18)
433.28: (-0.65, -0.75, -0.13)
433.40: (-0.65, -0.75, -0.13)
433.52: (-0.63, -0.76, -0.16)
433.63: (-0.20, -0.94, -0.26)
433.75: (0.26, -0.92, -0.29)
433.87: (0.42, -0.86, -0.28)
433.98: (0.41, -0.81, -0.42)
434.10: (0.22, -0.59, -0.78)
434.20: (0.13, -0.34, -0.93)
434.32: (0.13, -0.11, -0.99)
434.43: (0.06, 0.12, -0.99)
434.55: (0.06, 0.16, -0.99)
434.67: (0.19, -0.16, -0.97)
434.78: (0.50, -0.55, -0.68)
434.90: (0.94, -0.26, -0.20)
435.00: (0.99, -0.15, -0.07)
435.12: (0.99, -0.15, -0.07)
435.23: (0.99, -0.11, -0.05)
435.35: (0.91, 0.25, 0.34)
435.47: (0.43, 0.56, 0.71)
435.57: (0.20, 0.60, 0.78)
435.68: (0.00, 0.63, 0.77)
435.80: (-0.20, 0.72, 0.66)
435.92: (-0.13, 0.91, 0.40)
436.03: (0.01, 0.99, 0.12)
436.13: (0.16, 0.98, -0.15)
436.25: (0.27, 0.89, -0.37)
436.37: (0.27, 0.94, -0.20)
436.48: (0.22, 0.87, 0.44)
436.58: (0.09, 0.49, 0.87)
436.70: (-0.14, 0.11, 0.98)
436.80: (-0.20, 0.04, 0.98)
436.92: (-0.29, -0.11, 0.95)
437.02: (-0.45, -0.12, 0.88)
437.13: (-0.54, -0.21, 0.82)
437.20: (-0.57, -0.24, 0.79)
437.20: (-0.05, -0.05, -1.00): 2
437.23: (-0.56, -0.25, 0.79)
437.35: (-0.59, -0.24, 0.77)
437.47: (-0.57, -0.22, 0.79)
437.57: (-0.52, -0.19, 0.83)
437.68: (-0.43, -0.19, 0.88)
437.80: (-0.56, -0.06, 0.83)
437.90: (-0.72, 0.17, 0.67)
438.02: (-0.81, 0.50, 0.32)
438.13: (-0.80, 0.58, -0.13)
438.23: (-0.81, 0.58, -0.09)
438.35: (-0.81, 0.58, -0.09)
438.47: (-0.76, 0.60, -0.24)
438.58: (-0.41, 0.52, -0.75)
438.70: (-0.11, 0.46, -0.88)
438.82: (0.13, 0.30, -0.94)
438.93: (-0.03, 0.01, -1.00)
439.05: (-0.04, -0.05, -1.00)
439.07: (-0.04, -0.05, -1.00)
439.07: (-0.21, -0.90, -0.38): 0
439.17: (-0.04, -0.05, -1.00)
439.28: (-0.04, -0.04, -1.00)
439.40: (-0.05, -0.02, -1.00)
439.52: (-0.05, -0.01, -1.00)
439.62: (-0.10, 0.12, -0.99)
439.73: (0.28, -0.32, -0.91)
439.85: (0.58, -0.63, -0.51)
439.95: (0.66, -0.72, -0.24)
440.07: (0.65, -0.75, 0.12)
440.18: (0.64, -0.73, 0.25)
440.28: (0.64, -0.73, 0.25)
440.40: (0.69, -0.70, 0.19)
440.52: (0.82, -0.57, -0.06)
440.63: (0.94, -0.25, -0.25)
440.73: (0.88, -0.05, -0.47)
440.85: (0.74, 0.22, -0.64)
440.95: (0.68, 0.46, -0.57)
441.07: (0.58, 0.66, -0.47)
441.17: (0.41, 0.84, -0.35)
441.28: (0.14, 0.96, -0.26)
441.40: (0.13, 0.89, -0.44)
441.52: (0.64, 0.29, -0.71)
441.63: (0.62, -0.38, -0.68)
441.75: (0.35, -0.69, -0.63)
441.85: (0.28, -0.77, -0.57)
441.97: (0.16, -0.78, -0.61)
442.08: (-0.21, -0.74, -0.64)
442.18: (-0.29, -0.84, -0.46)
442.30: (-0.21, -0.93, -0.30)
442.33: (-0.21, -0.93, -0.30)
442.33: (-0.98, -0.02, 0.21): 1
442.40: (-0.21, -0.93, -0.30)
442.52: (-0.19, -0.93, -0.31)
442.62: (-0.18, -0.93, -0.31)
442.73: (-0.10, -0.85, -0.52)
442.85: (-0.37, -0.52, -0.77)
442.97: (-0.70, -0.17, -0.70)
443.08: (-0.70, -0.18, -0.70)
443.20: (-0.66, -0.10, -0.75)
443.30: (-0.81, 0.36, -0.47)
443.42: (-0.68, 0.71, 0.18)
443.52: (-0.59, 0.56, 0.58)
443.62: (-0.51, 0.46, 0.72)
443.73: (-0.42, 0.47, 0.78)
443.85: (-0.42, 0.47, 0.78)
443.97: (-0.51, 0.41, 0.75)
444.08: (-0.85, 0.23, 0.47)
444.20: (-0.92, 0.16, 0.36)
444.30: (-0.96, 0.09, 0.28)
444.38: (-0.95, 0.07, 0.30)
444.38: (0.97, -0.14, 0.20): 0
444.42: (-0.95, 0.07, 0.30)
444.53: (-0.95, 0.06, 0.29)
444.65: (-0.95, 0.06, 0.31)
444.77: (-0.88, 0.14, 0.45)
444.88: (-0.64, 0.35, 0.68)
444.98: (0.10, 0.32, 0.94)
445.10: (0.34, 0.28, 0.90)
445.21: (0.33, 0.29, 0.90)
445.33: (0.37, 0.32, 0.87)
445.45: (0.83, 0.05, 0.56)
445.56: (0.95, -0.27, 0.14)
445.66: (0.95, -0.29, 0.15)
445.77: (0.92, -0.10, 0.37)
445.88: (0.94, -0.05, 0.35)
445.98: (0.95, -0.06, 0.31)
446.02: (0.95, -0.07, 0.30)
446.02: (-0.36, 0.93, 0.07): 1
446.10: (0.95, -0.07, 0.30)
446.20: (0.95, -0.07, 0.30)
446.32: (0.95, -0.07, 0.30)
446.43: (0.95, -0.07, 0.30)
446.55: (0.80, 0.21, 0.56)
446.66: (0.43, 0.50, 0.75)
446.78: (-0.08, 0.67, 0.74)
446.90: (-0.36, 0.75, 0.55)
447.00: (-0.50, 0.73, 0.47)
447.11: (-0.50, 0.73, 0.48)
447.21: (-0.48, 0.76, 0.44)
447.33: (-0.36, 0.89, 0.27)
447.45: (-0.30, 0.95, 0.05)
447.48: (-0.29, 0.95, 0.04)
447.48: (-0.96, -0.14, 0.24): 2
447.56: (-0.31, 0.95, 0.03)
447.68: (-0.35, 0.93, 0.09)
447.78: (-0.37, 0.92, 0.10)
447.90: (-0.45, 0.88, 0.14)
448.01: (-0.55, 0.83, 0.10)
448.13: (-0.66, 0.75, 0.00)
448.25: (-0.87, 0.44, -0.21)
448.36: (-0.89, -0.10, -0.44)
448.46: (-0.86, -0.28, -0.43)
448.56: (-0.86, -0.28, -0.43)
448.68: (-0.86, -0.27, -0.43)
448.80: (-0.77, -0.41, -0.48)
448.91: (-0.91, -0.26, -0.32)
449.03: (-0.97, -0.21, -0.07)
449.15: (-0.97, -0.21, 0.13)
449.26: (-0.97, -0.15, 0.20)
449.26: (0.86, -0.07, -0.51): 1
449.26: (-0.97, -0.15, 0.20)
449.38: (-0.97, -0.16, 0.20)
449.50: (-0.96, -0.18, 0.20)
449.61: (-0.95, -0.24, 0.19)
449.73: (-0.83, -0.55, 0.03)
449.85: (-0.58, -0.80, -0.15)
449.95: (-0.34, -0.89, -0.29)
450.05: (-0.20, -0.90, -0.39)
450.16: (0.09, -0.90, -0.43)
450.26: (0.47, -0.78, -0.42)
450.38: (0.62, -0.70, -0.35)
450.50: (0.62, -0.70, -0.35)
450.61: (0.66, -0.64, -0.41)
450.73: (0.83, -0.35, -0.44)
450.85: (0.85, -0.24, -0.46)
450.86: (0.85, -0.24, -0.46)
450.86: (-0.92, 0.27, -0.29): 0
450.95: (0.85, -0.24, -0.46)
451.06: (0.88, -0.19, -0.44)
451.18: (0.90, -0.14, -0.41)
451.30: (0.96, 0.08, -0.25)
451.40: (0.96, 0.07, -0.26)
451.51: (0.97, 0.08, -0.25)
451.63: (0.94, 0.32, -0.10)
451.75: (0.70, 0.69, 0.18)
451.86: (0.54, 0.79, 0.30)
451.96: (0.41, 0.83, 0.38)
452.08: (0.20, 0.87, 0.45)
452.20: (0.32, 0.95, -0.04)
452.31: (0.47, 0.76, -0.45)
452.41: (0.54, 0.49, -0.69)
452.53: (0.50, 0.23, -0.83)
452.63: (0.42, 0.16, -0.89)
452.75: (0.63, 0.23, -0.74)
452.86: (0.87, 0.49, -0.02)
452.96: (0.66, 0.64, 0.38)
453.06: (0.53, 0.66, 0.53)
453.18: (0.50, 0.60, 0.63)
453.30: (0.18, 0.85, 0.49)
453.41: (-0.06, 1.00, 0.02)
453.53: (-0.21, 0.96, -0.20)
453.63: (-0.21, 0.96, -0.18)
453.75: (-0.21, 0.96, -0.18)
453.86: (-0.23, 0.95, -0.21)
453.98: (-0.62, 0.67, -0.41)
454.10: (-0.85, 0.15, -0.51)
454.21: (-0.86, 0.01, -0.51)
454.31: (-0.82, 0.24, -0.52)
454.41: (-0.82, 0.42, -0.40)
454.53: (-0.87, 0.35, -0.36)
454.61: (-0.90, 0.26, -0.35)
454.61: (0.68, -0.29, 0.67): 2
454.63: (-0.90, 0.26, -0.35)
454.75: (-0.90, 0.26, -0.35)
454.86: (-0.90, 0.26, -0.36)
454.96: (-0.87, 0.31, -0.38)
455.08: (-0.83, 0.39, -0.39)
455.20: (-0.80, 0.46, -0.39)
455.31: (-0.81, 0.45, -0.39)
455.41: (-0.82, 0.43, -0.38)
455.53: (-0.83, 0.42, -0.38)
455.63: (-0.83, 0.42, -0.38)
455.75: (-0.87, 0.30, -0.38)
455.86: (-0.92, 0.13, -0.38)
455.98: (-0.93, -0.02, -0.37)
456.08: (-0.88, -0.33, -0.35)
456.20: (-0.72, -0.62, -0.30)
456.31: (-0.63, -0.73, -0.28)
456.43: (-0.63, -0.73, -0.28)
456.53: (-0.84, -0.42, -0.36)
456.65: (-0.82, 0.50, -0.30)
456.76: (-0.36, 0.93, -0.12)
456.86: (-0.11, 0.99, -0.04)
456.98: (-0.12, 0.99, -0.04)
457.10: (-0.20, 0.97, -0.16)
457.20: (-0.33, 0.94, -0.04)
457.31: (-0.59, 0.72, 0.37)
457.43: (-0.71, 0.55, 0.45)
457.53: (-0.69, 0.52, 0.51)
457.65: (-0.73, 0.54, 0.41)
457.76: (-0.66, 0.73, -0.20)
457.88: (-0.30, 0.67, -0.68)
457.98: (0.07, 0.53, -0.85)
458.10: (0.31, 0.44, -0.84)
458.21: (0.33, 0.49, -0.81)
458.31: (0.30, 0.58, -0.76)
458.43: (0.18, 0.94, -0.29)
458.55: (0.17, 0.84, 0.52)
458.66: (0.25, 0.28, 0.93)
458.76: (0.26, 0.21, 0.94)
458.88: (0.26, 0.21, 0.94)
459.00: (0.42, 0.14, 0.89)
459.11: (0.60, -0.09, 0.80)
459.23: (0.63, -0.23, 0.74)
459.31: (0.65, -0.28, 0.70)
459.31: (-0.50, -0.52, -0.69): 2
459.33: (0.65, -0.28, 0.70)
459.45: (0.65, -0.27, 0.71)
459.56: (0.65, -0.26, 0.71)
459.68: (0.65, -0.26, 0.71)
459.78: (0.65, -0.25, 0.72)
459.90: (0.61, -0.40, 0.69)
460.00: (0.46, -0.72, 0.52)
460.11: (0.45, -0.72, 0.53)
460.23: (0.45, -0.70, 0.56)
460.33: (0.17, -0.96, 0.21)
460.43: (-0.04, -1.00, -0.01)
460.55: (-0.19, -0.96, -0.22)
460.66: (-0.38, -0.84, -0.40)
460.78: (-0.52, -0.67, -0.53)
460.88: (-0.52, -0.67, -0.53)
461.00: (-0.55, -0.64, -0.54)
461.10: (-0.58, -0.54, -0.61)
461.20: (-0.58, -0.49, -0.65)
461.20: (0.96, 0.18, 0.23): 1
461.21: (-0.58, -0.49, -0.65)
461.33: (-0.59, -0.49, -0.64)
461.43: (-0.59, -0.49, -0.64)
461.55: (-0.59, -0.49, -0.64)
461.65: (-0.53, -0.64, -0.56)
461.76: (-0.21, -0.95, -0.22)
461.86: (0.08, -0.99, 0.08)
461.98: (0.44, -0.78, 0.45)
462.10: (0.49, -0.70, 0.53)
462.21: (0.49, -0.70, 0.53)
462.33: (0.54, -0.62, 0.57)
462.44: (0.69, -0.01, 0.73)
462.54: (0.67, 0.30, 0.68)
462.66: (0.67, 0.41, 0.62)
462.76: (0.86, 0.26, 0.45)
462.86: (0.93, 0.19, 0.32)
462.96: (0.93, 0.18, 0.31)
462.98: (0.93, 0.18, 0.31)
462.98: (1.00, -0.01, 0.03): 2
463.08: (0.93, 0.19, 0.31)
463.18: (0.93, 0.20, 0.31)
463.29: (0.94, 0.18, 0.28)
463.41: (0.99, 0.06, 0.09)
463.51: (1.00, -0.03, -0.02)
463.51: (-0.89, 0.21, 0.40): 2
463.51: (1.00, -0.03, -0.02)
463.63: (1.00, -0.03, -0.02)
463.74: (1.00, -0.04, -0.01)
463.85: (0.98, -0.17, 0.05)
463.96: (0.95, -0.28, 0.11)
464.08: (0.90, -0.41, 0.13)
464.19: (0.57, -0.79, 0.24)
464.31: (0.19, -0.95, 0.26)
464.43: (-0.21, -0.95, 0.23)
464.53: (-0.46, -0.87, 0.18)
464.64: (-0.68, -0.73, 0.10)
464.74: (-0.75, -0.66, 0.04)
464.84: (-0.75, -0.66, 0.04)
464.96: (-0.73, -0.68, 0.04)
465.08: (-0.96, -0.29, -0.05)
465.19: (-0.96, 0.24, -0.13)
465.29: (-0.96, 0.25, -0.12)
465.39: (-0.96, 0.25, -0.12)
465.51: (-0.93, 0.37, 0.09)
465.63: (-0.88, 0.23, 0.42)
465.73: (-0.84, 0.13, 0.53)
465.74: (-0.84, 0.13, 0.53)
465.74: (0.88, 0.28, -0.38): 0
465.83: (-0.84, 0.13, 0.53)
465.94: (-0.84, 0.15, 0.52)
466.06: (-0.85, 0.17, 0.50)
466.18: (-0.86, 0.20, 0.47)
466.29: (-0.78, 0.53, 0.34)
466.41: (-0.62, 0.76, 0.22)
466.53: (-0.63, 0.75, 0.22)
466.63: (-0.56, 0.82, 0.10)
466.73: (0.00, 0.98, -0.21)
466.84: (0.52, 0.78, -0.35)
466.94: (0.50, 0.80, -0.33)
467.06: (0.48, 0.81, -0.33)
467.18: (0.71, 0.58, -0.40)
467.28: (0.83, 0.36, -0.41)
467.39: (0.84, 0.36, -0.41)
467.46: (0.86, 0.32, -0.41)
467.46: (-0.99, -0.09, 0.08): 1
467.51: (0.86, 0.32, -0.41)
467.63: (0.85, 0.32, -0.41)
467.74: (0.86, 0.29, -0.41)
467.86: (0.90, 0.13, -0.41)
467.98: (0.90, 0.13, -0.41)
468.08: (0.89, 0.16, -0.43)
468.19: (0.59, 0.70, -0.40)
468.29: (0.06, 0.97, -0.25)
468.39: (-0.31, 0.95, -0.07)
468.51: (-0.29, 0.95, -0.06)
468.63: (-0.27, 0.96, -0.10)
468.74: (-0.56, 0.83, 0.02)
468.86: (-0.85, 0.47, 0.23)
468.98: (-0.91, 0.32, 0.26)
469.08: (-0.92, 0.30, 0.27)
469.19: (-0.97, 0.10, 0.23)
469.31: (-0.99, 0.01, 0.16)
469.33: (-0.99, 0.01, 0.16)
END