3/28/2023 1:16:31 PM
Mode: Stereo
White time (s): [0.8833008, 1.816345, 0.8163452, 1.366028, 1.566345, 1.94989, 2.865845, 1.216553, 1.699707, 0.750061, 1.2995, 1.183105, 0.4165649, 3.782532, 2.899597, 2.215942, 0.4832764, 1.615662, 1.049744, 1.249573, 2.266235, 1.166504, 2.049744, 3.649414, 1.883118, 0.4669189, 2.465942, 1.999817, 1.266296, 2.099548]
Shot time (s): [1.799194, 3.349304, 0.6165161, 0.4998779, 1.383118, 2.132935, 0.4329224, 0.7999878, 0.7826538, 2.016418, 0.3499146, 0.9335938, 0.7827759, 0.9995728, 1.233582, 0.3833618, 1.116455, 0.5999146, 1.599731, 0.7333374, 0.7663574, 1.533142, 1.383057, 3.382446, 0.9664307, 2.865967, 2.066406, 0.6166992, 0.3999023, 1.799866]
Step time (s): [0.9501953, 0.4998779, 1.749817, 1.682678, 0.4832764, 0.333313, 1.599792, 2.082764, 1.433044, 1.383362, 2.233093, 3.466187, 0.4162598, 2.782837, 1.432983, 1.56665, 0.3834229, 1.233276, 0.8998413, 2.033142, 3.182861, 0.4997559, 1.916138, 1.66626, 1.9328, 0.9498291, 1.166077, 2.532898, 4.532349, 3.765686]
White horz (deg): [86.515, 218.955, 38.775, 179.575, 144.87, 268.29, 280.995, 180.3999, 173.195, 54.615, 142.1749, 130.185, 23.98, 492.7449, 180.07, 219.2301, 37.4, 135.685, 157.795, 165.11, 215.655, 190.08, 236.5549, 426.9099, 182.49, 34.98, 366.1349, 202.2899, 115.665, 200.145]
Shot horz (deg): [198.3849, 347.6001, 22.495, 34.815, 139.92, 190.2449, 24.365, 40.92001, 7.424998, 201.41, 21.395, 86.075, 40.31501, 118.965, 83.49, 24.365, 115.445, 50.71, 176, 67.1, 18.7, 97.73501, 192.005, 477.015, 34.265, 274.5049, 177.595, 54.78, 9.514998, 218.79]
Step horz (deg): [115.225, 20.515, 169.2349, 157.19, 26.73, 25.63, 139.15, 147.4, 166.0999, 166.4849, 152.295, 229.4049, 26.18, 314.985, 140.8, 124.08, 32.945, 104.06, 70.50999, 214.3899, 485.485, 58.35499, 291.7749, 255.75, 197.725, 135.245, 102.85, 312.18, 727.0449, 702.2399]
White vert (deg): [92.61999, 138.71, 93.22499, 82.39, 75.46, 135.905, 319.7699, 51.97501, 107.47, 20.68, 68.36499, 88.21999, 4.784999, 338.6351, 324.0599, 198.66, 22.825, 131.395, 32.01, 39.16, 215.05, 51.755, 80.96001, 283.0851, 123.09, 8.36, 262.955, 121.495, 64.845, 176.715]
Shot vert (deg): [112.64, 395.12, 37.785, 37.07, 54.28501, 110.605, 15.785, 50.76499, 44.275, 93.555, 8.909999, 51.09501, 55.33, 70.895, 65.175, 19.03, 57.53001, 29.425, 86.13003, 25.74, 38.225, 155.4299, 48.34502, 238.7549, 100.375, 327.1949, 191.345, 37.72999, 28.16, 196.845]
Step vert (deg): [61.49001, 13.035, 110.11, 77.825, 16.39, 6.16, 115.39, 157.08, 94.71, 55.825, 96.085, 320.045, 15.51, 299.5299, 116.93, 101.585, 18.645, 77.88, 47.245, 156.255, 249.2599, 29.7, 81.675, 109.725, 80.90501, 31.02, 45.15501, 137.8851, 355.1898, 296.4499]

Time in sec: camera forward versor
Time in sec: target versor: sound type (0 = White, 1 = Shot, 2 = Step)
START
592.92: (0.45, 0.74, 0.50): 1
592.92: (-0.66, -0.68, -0.31)
593.04: (-0.66, -0.68, -0.31)
593.15: (-0.66, -0.68, -0.32)
593.27: (-0.52, -0.72, -0.46)
593.39: (0.04, -0.73, -0.68)
593.49: (0.60, -0.49, -0.63)
593.60: (0.87, -0.37, -0.33)
593.72: (0.94, -0.35, -0.05)
593.84: (0.95, 0.25, 0.16)
593.95: (0.71, 0.70, -0.05)
594.07: (0.72, 0.70, -0.05)
594.19: (0.72, 0.70, -0.05)
594.30: (0.55, 0.83, 0.10)
594.42: (0.35, 0.89, 0.29)
594.54: (0.39, 0.86, 0.34)
594.65: (0.48, 0.79, 0.38)
594.72: (0.51, 0.75, 0.42)
594.72: (-0.60, 0.66, 0.45): 0
594.75: (0.50, 0.75, 0.43)
594.87: (0.48, 0.73, 0.48)
594.99: (0.38, 0.79, 0.48)
595.10: (0.08, 0.95, 0.31)
595.20: (-0.32, 0.95, -0.06)
595.32: (-0.54, 0.76, -0.35)
595.42: (-0.56, 0.82, -0.07)
595.54: (-0.51, 0.75, 0.42)
595.60: (-0.52, 0.70, 0.50)
595.60: (0.79, -0.61, -0.05): 0
595.65: (-0.58, 0.67, 0.47)
595.77: (-0.75, 0.55, 0.37)
595.89: (-0.75, 0.56, 0.37)
595.99: (-0.86, 0.47, 0.21)
596.10: (-0.94, 0.28, -0.21)
596.22: (-0.76, 0.24, -0.60)
596.34: (-0.67, 0.18, -0.72)
596.45: (-0.50, -0.11, -0.86)
596.57: (-0.21, -0.30, -0.93)
596.68: (0.04, -0.44, -0.90)
596.79: (0.15, -0.60, -0.79)
596.90: (0.28, -0.82, -0.50)
597.02: (0.41, -0.91, -0.11)
597.12: (0.46, -0.84, 0.28)
597.24: (0.50, -0.77, 0.40)
597.35: (0.72, -0.70, 0.02)
597.42: (0.77, -0.64, -0.06)
597.42: (0.07, -0.99, 0.14): 0
597.45: (0.77, -0.63, -0.07)
597.57: (0.77, -0.63, -0.07)
597.68: (0.73, -0.68, -0.07)
597.80: (0.39, -0.91, -0.15)
597.90: (-0.04, -0.98, -0.17)
598.02: (-0.35, -0.92, -0.20)
598.13: (-0.23, -0.97, -0.07)
598.23: (0.04, -0.99, 0.10)
598.23: (-0.36, -0.44, -0.82): 2
598.25: (0.05, -0.99, 0.11)
598.37: (0.03, -0.99, 0.12)
598.48: (0.01, -0.99, 0.12)
598.60: (-0.10, -0.99, 0.02)
598.72: (-0.42, -0.87, -0.24)
598.83: (-0.59, -0.47, -0.66)
598.95: (-0.44, -0.01, -0.90)
599.07: (-0.32, -0.27, -0.91)
599.17: (-0.35, -0.47, -0.81)
599.18: (-0.36, -0.48, -0.80)
599.18: (-0.28, -0.18, 0.94): 0
599.27: (-0.37, -0.49, -0.79)
599.38: (-0.38, -0.46, -0.80)
599.50: (-0.38, -0.31, -0.87)
599.62: (-0.36, -0.03, -0.93)
599.73: (-0.39, 0.00, -0.92)
599.85: (-0.64, -0.53, -0.55)
599.95: (-0.56, -0.82, 0.09)
600.07: (-0.35, -0.82, 0.46)
600.18: (-0.14, -0.81, 0.57)
600.30: (-0.07, -0.74, 0.66)
600.42: (-0.44, -0.42, 0.79)
600.53: (-0.45, -0.12, 0.89)
600.55: (-0.43, -0.12, 0.89)
600.55: (-0.45, -0.40, 0.79): 2
600.65: (-0.32, -0.16, 0.93)
600.77: (-0.32, -0.16, 0.93)
600.88: (-0.33, -0.23, 0.91)
601.00: (-0.42, -0.41, 0.81)
601.05: (-0.43, -0.42, 0.80)
601.05: (0.75, 0.59, 0.28): 0
601.12: (-0.43, -0.42, 0.80)
601.23: (-0.50, -0.50, 0.71)
601.35: (-0.53, -0.55, 0.65)
601.47: (-0.56, -0.63, 0.53)
601.58: (-0.56, -0.63, 0.53)
601.70: (-0.59, -0.60, 0.54)
601.82: (-0.30, -0.36, 0.88)
601.93: (0.17, -0.02, 0.98)
602.03: (0.32, 0.05, 0.94)
602.15: (0.61, 0.11, 0.79)
602.27: (0.82, 0.06, 0.57)
602.37: (0.89, 0.04, 0.44)
602.48: (0.85, 0.27, 0.45)
602.60: (0.71, 0.56, 0.42)
602.62: (0.71, 0.56, 0.42)
602.62: (0.05, -0.92, 0.39): 0
602.70: (0.72, 0.58, 0.37)
602.82: (0.76, 0.59, 0.27)
602.93: (0.78, 0.61, 0.17)
603.05: (0.81, 0.56, 0.15)
603.17: (0.75, 0.22, 0.63)
603.28: (0.42, -0.03, 0.91)
603.38: (0.22, -0.11, 0.97)
603.50: (-0.18, -0.36, 0.92)
603.62: (-0.61, -0.61, 0.51)
603.73: (-0.81, -0.59, -0.04)
603.85: (-0.84, -0.46, -0.27)
603.97: (-0.63, -0.63, -0.46)
604.08: (-0.25, -0.86, -0.44)
604.18: (0.04, -0.96, -0.28)
604.30: (0.27, -0.96, -0.05)
604.40: (0.23, -0.95, 0.21)
604.52: (-0.02, -0.88, 0.47)
604.57: (-0.11, -0.87, 0.49)
604.57: (0.14, 0.40, 0.90): 0
604.63: (-0.13, -0.86, 0.49)
604.75: (-0.13, -0.87, 0.47)
604.87: (-0.24, -0.90, 0.37)
604.97: (-0.27, -0.87, 0.40)
605.07: (-0.27, -0.87, 0.40)
605.18: (-0.30, -0.88, 0.38)
605.30: (-0.58, -0.77, 0.28)
605.40: (-0.85, -0.51, 0.17)
605.52: (-0.99, -0.13, 0.06)
605.63: (-0.98, 0.18, -0.01)
605.75: (-0.85, 0.53, 0.04)
605.87: (-0.49, 0.85, 0.18)
605.98: (-0.09, 0.94, 0.33)
606.10: (0.33, 0.83, 0.45)
606.22: (0.64, 0.64, 0.42)
606.33: (0.89, 0.33, 0.32)
606.45: (0.95, 0.14, 0.28)
606.57: (0.96, 0.16, 0.22)
606.68: (0.89, 0.46, 0.06)
606.78: (0.51, 0.79, 0.34)
606.90: (0.09, 0.47, 0.88)
607.02: (-0.11, -0.15, 0.98)
607.13: (-0.11, -0.41, 0.90)
607.25: (-0.04, -0.02, 1.00)
607.37: (0.10, 0.39, 0.91)
607.43: (0.15, 0.48, 0.87)
607.43: (0.42, -0.49, -0.76): 2
607.48: (0.16, 0.48, 0.86)
607.58: (0.16, 0.48, 0.86)
607.70: (0.14, 0.47, 0.87)
607.82: (0.08, 0.52, 0.85)
607.93: (0.02, 0.56, 0.83)
608.05: (-0.01, 0.58, 0.82)
608.15: (-0.04, 0.57, 0.82)
608.27: (0.33, 0.23, 0.92)
608.38: (0.46, -0.45, 0.77)
608.50: (0.36, -0.83, 0.43)
608.60: (0.32, -0.93, 0.15)
608.70: (0.34, -0.94, -0.07)
608.82: (0.34, -0.90, -0.27)
608.93: (0.18, -0.81, -0.56)
609.05: (0.24, -0.66, -0.71)
609.17: (0.44, -0.55, -0.71)
609.18: (0.45, -0.55, -0.71)
609.18: (0.03, -0.51, 0.86): 0
609.28: (0.45, -0.54, -0.71)
609.40: (0.46, -0.51, -0.73)
609.52: (0.52, -0.53, -0.67)
609.63: (0.57, -0.71, -0.42)
609.73: (0.33, -0.94, 0.10)
609.85: (0.08, -0.88, 0.47)
609.95: (-0.07, -0.63, 0.77)
610.07: (-0.27, -0.05, 0.96)
610.17: (-0.19, -0.11, 0.98)
610.28: (-0.07, -0.45, 0.89)
610.40: (0.02, -0.56, 0.83)
610.40: (-0.98, -0.03, 0.17): 2
610.40: (0.02, -0.56, 0.83)
610.52: (0.04, -0.56, 0.83)
610.63: (0.14, -0.53, 0.84)
610.75: (0.21, -0.43, 0.88)
610.87: (0.26, -0.35, 0.90)
610.98: (0.28, -0.29, 0.91)
611.08: (0.23, -0.17, 0.96)
611.20: (-0.23, 0.24, 0.94)
611.32: (-0.54, 0.51, 0.67)
611.42: (-0.65, 0.59, 0.48)
611.52: (-0.72, 0.66, 0.23)
611.63: (-0.79, 0.60, -0.14)
611.75: (-0.91, 0.37, -0.20)
611.87: (-0.98, 0.09, -0.20)
611.98: (-1.00, -0.04, -0.07)
612.08: (-0.98, 0.04, 0.17)
612.08: (0.96, 0.09, -0.26): 1
612.10: (-0.98, 0.04, 0.17)
612.22: (-0.98, 0.04, 0.17)
612.33: (-0.98, 0.04, 0.17)
612.45: (-0.99, 0.13, 0.10)
612.55: (-0.97, 0.23, -0.03)
612.67: (-0.90, 0.37, -0.24)
612.78: (-0.70, 0.49, -0.52)
612.90: (-0.47, 0.54, -0.70)
613.02: (-0.20, 0.52, -0.83)
613.13: (0.09, 0.33, -0.94)
613.25: (0.34, 0.05, -0.94)
613.36: (0.48, -0.26, -0.84)
613.47: (0.52, -0.55, -0.65)
613.58: (0.49, -0.76, -0.43)
613.70: (0.49, -0.76, -0.42)
613.81: (0.32, -0.91, -0.28)
613.93: (-0.26, -0.96, -0.13)
614.05: (-0.81, -0.56, -0.20)
614.15: (-0.92, -0.25, -0.29)
614.26: (-0.89, -0.21, -0.40)
614.38: (-0.73, -0.09, -0.67)
614.50: (-0.21, -0.25, -0.95)
614.61: (0.56, -0.62, -0.56)
614.72: (0.81, -0.57, 0.12)
614.83: (0.81, -0.41, 0.42)
614.95: (0.91, -0.25, 0.33)
615.06: (0.97, -0.03, -0.23)
615.18: (0.78, 0.18, -0.60)
615.30: (0.82, 0.21, -0.52)
615.41: (0.93, 0.25, -0.27)
615.43: (0.94, 0.24, -0.26)
615.43: (0.64, 0.54, -0.54): 2
615.53: (0.94, 0.24, -0.22)
615.65: (0.95, 0.19, -0.25)
615.76: (0.90, 0.34, -0.28)
615.88: (0.74, 0.56, -0.38)
615.91: (0.73, 0.55, -0.40)
615.91: (0.97, 0.24, 0.10): 1
616.00: (0.73, 0.55, -0.41)
616.11: (0.70, 0.56, -0.45)
616.23: (0.71, 0.55, -0.43)
616.35: (0.89, 0.40, -0.23)
616.46: (0.97, 0.25, -0.04)
616.53: (0.97, 0.24, -0.02)
616.53: (0.79, 0.61, 0.09): 2
616.56: (0.97, 0.24, -0.02)
616.68: (0.97, 0.25, 0.01)
616.80: (0.89, 0.44, 0.09)
616.86: (0.78, 0.62, 0.09)
616.86: (0.24, 0.89, -0.39): 1
616.91: (0.75, 0.66, 0.05)
617.03: (0.74, 0.67, -0.02)
617.15: (0.68, 0.72, -0.14)
617.26: (0.37, 0.88, -0.31)
617.36: (0.17, 0.89, -0.43)
617.36: (-0.09, -0.70, 0.70): 0
617.38: (0.16, 0.89, -0.43)
617.48: (0.16, 0.88, -0.44)
617.60: (0.15, 0.89, -0.44)
617.71: (0.10, 0.86, -0.50)
617.81: (-0.09, 0.78, -0.62)
617.93: (-0.49, 0.69, -0.54)
618.05: (-0.80, 0.55, -0.21)
618.15: (-0.97, 0.21, -0.11)
618.26: (-0.98, -0.18, 0.00)
618.38: (-0.93, -0.30, 0.20)
618.50: (-0.81, -0.47, 0.36)
618.61: (-0.59, -0.64, 0.50)
618.73: (-0.55, -0.53, 0.65)
618.85: (-0.54, -0.45, 0.71)
618.96: (-0.27, -0.67, 0.70)
619.06: (-0.09, -0.73, 0.68)
619.06: (-0.47, -0.74, -0.48): 2
619.06: (-0.09, -0.73, 0.68)
619.18: (-0.07, -0.71, 0.70)
619.30: (-0.11, -0.68, 0.72)
619.41: (-0.30, -0.53, 0.79)
619.51: (-0.44, -0.32, 0.84)
619.63: (-0.45, -0.14, 0.88)
619.75: (-0.50, 0.05, 0.87)
619.86: (-0.90, 0.14, 0.40)
619.98: (-0.94, 0.01, -0.34)
620.10: (-0.94, 0.01, -0.35)
620.20: (-0.93, -0.03, -0.37)
620.31: (-0.71, -0.40, -0.58)
620.41: (-0.48, -0.69, -0.54)
620.51: (-0.32, -0.82, -0.47)
620.61: (-0.31, -0.83, -0.46)
620.66: (-0.32, -0.83, -0.46)
620.66: (0.99, -0.06, 0.10): 2
620.73: (-0.34, -0.82, -0.47)
620.83: (-0.40, -0.78, -0.49)
620.93: (-0.44, -0.74, -0.51)
621.05: (-0.51, -0.60, -0.62)
621.16: (-0.59, -0.37, -0.72)
621.28: (-0.56, -0.18, -0.81)
621.40: (-0.43, -0.04, -0.90)
621.51: (-0.29, 0.11, -0.95)
621.63: (0.00, 0.21, -0.98)
621.75: (0.31, 0.27, -0.91)
621.85: (0.53, 0.20, -0.82)
621.96: (0.67, -0.02, -0.74)
622.08: (0.78, -0.22, -0.59)
622.18: (0.85, -0.44, -0.31)
622.30: (0.88, -0.44, -0.19)
622.40: (0.97, -0.17, -0.16)
622.51: (0.99, 0.10, -0.04)
622.63: (0.99, 0.08, 0.07)
622.75: (0.99, -0.10, 0.13)
622.75: (0.57, 0.60, 0.56): 1
622.75: (0.99, -0.10, 0.13)
622.86: (0.99, -0.11, 0.13)
622.98: (0.99, -0.09, 0.07)
623.10: (0.99, -0.05, -0.12)
623.20: (0.97, 0.03, -0.24)
623.31: (0.96, 0.19, -0.20)
623.43: (0.90, 0.26, 0.35)
623.53: (0.57, 0.12, 0.81)
623.65: (0.55, 0.17, 0.81)
623.75: (0.69, 0.41, 0.59)
623.86: (0.73, 0.58, 0.37)
623.96: (0.71, 0.59, 0.39)
624.08: (0.62, 0.61, 0.50)
624.13: (0.59, 0.62, 0.52)
624.13: (0.02, -0.03, 1.00): 0
624.20: (0.56, 0.63, 0.54)
624.30: (0.57, 0.62, 0.54)
624.41: (0.57, 0.58, 0.58)
624.53: (0.53, 0.53, 0.66)
624.65: (0.42, 0.40, 0.81)
624.75: (0.13, 0.15, 0.98)
624.85: (0.04, 0.03, 1.00)
624.88: (0.02, 0.02, 1.00)
624.88: (0.57, 0.75, 0.33): 2
624.96: (0.02, 0.01, 1.00)
625.08: (0.02, -0.03, 1.00)
625.20: (0.04, -0.07, 1.00)
625.30: (0.04, -0.13, 0.99)
625.41: (0.02, -0.29, 0.96)
625.53: (0.06, -0.50, 0.87)
625.65: (0.39, -0.62, 0.68)
625.76: (0.90, -0.09, 0.43)
625.86: (0.91, 0.41, 0.11)
625.96: (0.71, 0.68, -0.21)
626.08: (0.56, 0.78, -0.26)
626.18: (0.60, 0.80, 0.04)
626.30: (0.56, 0.73, 0.40)
626.31: (0.55, 0.72, 0.42)
626.31: (0.19, -0.97, 0.15): 0
626.41: (0.54, 0.73, 0.43)
626.53: (0.52, 0.81, 0.27)
626.65: (0.50, 0.85, 0.17)
626.75: (0.53, 0.83, 0.18)
626.86: (0.80, 0.49, 0.36)
626.98: (0.88, 0.10, 0.47)
627.10: (0.86, -0.33, 0.39)
627.21: (0.78, -0.59, 0.20)
627.33: (0.55, -0.84, 0.03)
627.45: (0.32, -0.95, 0.02)
627.55: (0.29, -0.94, 0.20)
627.61: (0.25, -0.93, 0.28)
627.61: (0.64, 0.05, 0.76): 2
627.66: (0.25, -0.93, 0.28)
627.78: (0.27, -0.93, 0.25)
627.90: (0.48, -0.84, 0.28)
628.01: (0.57, -0.75, 0.33)
628.11: (0.64, -0.69, 0.35)
628.23: (0.76, -0.53, 0.37)
628.35: (0.96, -0.07, 0.27)
628.46: (0.93, 0.37, 0.08)
628.58: (0.75, 0.66, -0.03)
628.70: (0.70, 0.70, 0.12)
628.80: (0.76, 0.48, 0.45)
628.91: (0.72, 0.13, 0.68)
629.00: (0.67, 0.06, 0.74)
629.00: (0.57, -0.04, -0.82): 1
629.03: (0.66, 0.07, 0.75)
629.15: (0.64, 0.07, 0.77)
629.26: (0.62, 0.16, 0.77)
629.38: (0.57, 0.27, 0.78)
629.48: (0.57, 0.44, 0.69)
629.60: (0.58, 0.62, 0.53)
629.71: (0.52, 0.80, 0.30)
629.83: (0.46, 0.89, -0.02)
629.93: (0.35, 0.87, -0.34)
630.05: (0.30, 0.75, -0.59)
630.16: (0.24, 0.62, -0.74)
630.28: (0.16, 0.46, -0.87)
630.38: (0.09, 0.30, -0.95)
630.50: (0.02, 0.09, -1.00)
630.61: (0.13, -0.03, -0.99)
630.73: (0.56, 0.06, -0.82)
630.85: (0.76, 0.12, -0.64)
630.96: (0.71, 0.11, -0.70)
631.06: (0.55, 0.09, -0.83)
631.13: (0.52, 0.07, -0.85)
631.13: (0.31, -0.37, -0.88): 1
631.18: (0.52, 0.07, -0.85)
631.29: (0.57, 0.04, -0.82)
631.41: (0.55, 0.01, -0.83)
631.53: (0.32, -0.21, -0.92)
631.56: (0.28, -0.28, -0.92)
631.56: (-0.97, -0.01, 0.24): 0
631.64: (0.28, -0.33, -0.90)
631.76: (0.29, -0.35, -0.89)
631.88: (0.23, -0.44, -0.87)
632.00: (0.07, -0.51, -0.86)
632.11: (-0.48, -0.28, -0.83)
632.23: (-0.90, 0.01, -0.43)
632.34: (-0.97, 0.23, -0.08)
632.46: (-0.90, 0.40, 0.19)
632.58: (-0.91, 0.32, 0.28)
632.69: (-0.93, 0.00, 0.36)
632.74: (-0.93, -0.08, 0.36)
632.74: (-0.99, -0.10, 0.07): 0
632.79: (-0.93, -0.09, 0.36)
632.91: (-0.93, -0.08, 0.35)
633.03: (-0.95, -0.06, 0.30)
633.14: (-1.00, -0.08, -0.03)
633.16: (-1.00, -0.09, -0.05)
633.16: (-0.62, -0.62, 0.49): 1
633.26: (-0.99, -0.09, -0.06)
633.38: (-0.99, -0.14, -0.04)
633.49: (-0.99, -0.12, -0.02)
633.61: (-1.00, 0.07, 0.04)
633.71: (-0.96, -0.09, 0.25)
633.83: (-0.80, -0.43, 0.42)
633.93: (-0.70, -0.52, 0.49)
633.96: (-0.70, -0.52, 0.49)
633.96: (0.82, 0.43, -0.38): 0
634.04: (-0.70, -0.52, 0.49)
634.16: (-0.63, -0.56, 0.53)
634.28: (-0.54, -0.57, 0.62)
634.39: (-0.43, -0.44, 0.79)
634.51: (-0.24, -0.26, 0.93)
634.61: (0.10, -0.11, 0.99)
634.73: (0.45, -0.13, 0.88)
634.83: (0.60, -0.26, 0.76)
634.94: (0.67, -0.42, 0.61)
635.06: (0.67, -0.53, 0.51)
635.18: (0.64, -0.54, 0.54)
635.29: (0.16, -0.49, 0.86)
635.41: (-0.62, 0.00, 0.78)
635.51: (-0.84, 0.37, 0.41)
635.61: (-0.75, 0.60, 0.28)
635.73: (-0.55, 0.81, 0.18)
635.84: (-0.39, 0.92, 0.03)
635.96: (-0.17, 0.92, -0.36)
636.08: (0.05, 0.67, -0.74)
636.19: (0.15, 0.22, -0.96)
636.29: (0.12, -0.19, -0.97)
636.41: (0.02, -0.58, -0.81)
636.53: (0.11, -0.75, -0.65)
636.63: (0.21, -0.84, -0.50)
636.74: (0.27, -0.83, -0.49)
636.86: (0.35, -0.64, -0.69)
636.96: (0.54, -0.03, -0.84)
637.08: (0.42, 0.73, -0.55)
637.19: (0.19, 0.96, -0.22)
637.31: (0.43, 0.83, -0.35)
637.43: (0.70, 0.41, -0.58)
637.54: (0.74, 0.39, -0.55)
637.66: (0.77, 0.43, -0.48)
637.74: (0.80, 0.41, -0.45)
637.74: (-0.36, 0.41, -0.84): 2
637.78: (0.81, 0.40, -0.43)
637.89: (0.84, 0.37, -0.39)
637.99: (0.84, 0.37, -0.39)
638.11: (0.84, 0.37, -0.41)
638.23: (0.83, 0.37, -0.42)
638.34: (0.83, 0.37, -0.42)
638.46: (0.83, 0.37, -0.42)
638.58: (0.84, 0.41, -0.36)
638.69: (0.72, 0.20, -0.66)
638.81: (0.38, -0.12, -0.92)
638.93: (0.08, -0.28, -0.96)
639.04: (-0.21, -0.41, -0.89)
639.14: (-0.46, -0.53, -0.71)
639.26: (-0.46, -0.53, -0.71)
639.38: (-0.46, -0.53, -0.71)
639.48: (-0.55, -0.48, -0.68)
639.59: (-0.46, -0.09, -0.88)
639.71: (-0.37, 0.22, -0.90)
639.81: (-0.34, 0.31, -0.89)
639.93: (-0.33, 0.37, -0.87)
639.98: (-0.33, 0.38, -0.86)
639.98: (0.99, -0.12, -0.03): 2
640.04: (-0.33, 0.38, -0.86)
640.16: (-0.28, 0.40, -0.87)
640.28: (-0.21, 0.41, -0.89)
640.38: (-0.13, 0.36, -0.92)
640.49: (-0.08, 0.29, -0.95)
640.61: (0.04, 0.19, -0.98)
640.73: (0.32, 0.19, -0.93)
640.84: (0.48, 0.45, -0.75)
640.96: (0.39, 0.82, -0.41)
641.08: (0.31, 0.93, -0.19)
641.18: (0.28, 0.96, -0.10)
641.29: (0.25, 0.96, 0.10)
641.41: (0.20, 0.83, 0.51)
641.53: (0.18, 0.49, 0.85)
641.63: (0.18, 0.33, 0.93)
641.73: (0.18, 0.33, 0.93)
641.84: (0.18, 0.33, 0.93)
641.96: (0.18, 0.36, 0.92)
642.08: (-0.10, 0.39, 0.92)
642.18: (-0.53, 0.36, 0.76)
642.29: (-0.60, 0.38, 0.71)
642.41: (-0.67, 0.51, 0.53)
642.51: (-0.76, 0.55, 0.35)
642.63: (-0.76, 0.53, 0.37)
642.74: (-0.42, 0.48, 0.77)
642.86: (0.22, 0.40, 0.89)
642.96: (0.61, 0.31, 0.73)
643.08: (0.81, 0.28, 0.51)
643.19: (0.98, 0.15, 0.17)
643.29: (1.00, -0.05, -0.05)
643.41: (0.96, -0.23, -0.17)
643.44: (0.96, -0.23, -0.17)
643.44: (0.82, 0.14, 0.56): 1
643.51: (0.96, -0.23, -0.16)
643.63: (0.98, -0.20, -0.09)
643.74: (0.98, -0.17, -0.03)
643.84: (0.99, -0.13, 0.01)
643.96: (0.99, -0.02, 0.11)
644.08: (0.97, 0.07, 0.24)
644.19: (0.88, 0.17, 0.45)
644.23: (0.87, 0.17, 0.46)
644.23: (0.21, -0.95, 0.24): 0
644.31: (0.87, 0.17, 0.46)
644.41: (0.87, 0.17, 0.46)
644.53: (0.86, 0.16, 0.49)
644.64: (0.84, 0.12, 0.53)
644.76: (0.77, 0.08, 0.63)
644.88: (0.53, 0.04, 0.85)
644.99: (0.18, -0.08, 0.98)
645.11: (-0.22, -0.18, 0.96)
645.21: (-0.52, -0.20, 0.83)
645.33: (-0.70, -0.23, 0.68)
645.44: (-0.89, -0.23, 0.39)
645.56: (-0.96, -0.27, 0.13)
645.68: (-0.93, -0.38, 0.05)
645.79: (-0.90, -0.40, -0.20)
645.91: (-0.79, -0.38, -0.48)
646.01: (-0.73, -0.15, -0.67)
646.13: (-0.57, 0.15, -0.81)
646.24: (-0.41, 0.34, -0.84)
646.34: (-0.42, 0.29, -0.86)
646.46: (-0.58, -0.13, -0.80)
646.56: (-0.71, -0.58, -0.41)
646.68: (-0.56, -0.83, 0.03)
646.79: (-0.41, -0.86, 0.30)
646.89: (-0.39, -0.86, 0.32)
647.01: (0.01, -0.97, 0.25)
647.13: (0.34, -0.92, 0.21)
647.13: (-0.96, -0.16, -0.23): 1
647.13: (0.34, -0.92, 0.21)
647.24: (0.35, -0.91, 0.22)
647.36: (0.33, -0.91, 0.25)
647.47: (0.27, -0.92, 0.27)
647.59: (0.27, -0.92, 0.27)
647.71: (0.27, -0.91, 0.32)
647.81: (0.31, -0.84, 0.46)
647.93: (0.21, -0.64, 0.74)
648.04: (-0.07, -0.37, 0.93)
648.16: (-0.32, -0.18, 0.93)
648.27: (-0.57, -0.07, 0.82)
648.39: (-0.88, 0.21, 0.42)
648.51: (-0.83, 0.48, -0.29)
648.61: (-0.68, 0.38, -0.62)
648.72: (-0.68, 0.38, -0.62)
648.84: (-0.70, 0.37, -0.61)
648.94: (-0.81, 0.04, -0.59)
649.06: (-0.90, -0.19, -0.40)
649.14: (-0.91, -0.18, -0.37)
649.14: (-0.96, -0.27, 0.07): 2
649.16: (-0.91, -0.18, -0.37)
649.27: (-0.98, -0.05, -0.21)
649.39: (-0.98, -0.05, -0.18)
649.51: (-0.99, -0.11, 0.01)
649.56: (-0.98, -0.17, 0.07)
649.56: (-0.91, -0.22, 0.36): 1
649.62: (-0.95, -0.25, 0.16)
649.72: (-0.95, -0.26, 0.18)
649.84: (-0.91, -0.26, 0.32)
649.91: (-0.88, -0.22, 0.43)
649.91: (-0.22, 0.59, -0.78): 2
649.96: (-0.87, -0.20, 0.46)
650.06: (-0.86, -0.18, 0.48)
650.17: (-0.84, -0.11, 0.54)
650.29: (-0.69, 0.11, 0.71)
650.41: (-0.57, 0.48, 0.67)
650.51: (-0.59, 0.68, 0.43)
650.62: (-0.67, 0.72, 0.18)
650.74: (-0.80, 0.60, -0.09)
650.86: (-0.80, 0.15, -0.58)
650.97: (-0.46, -0.32, -0.83)
651.09: (-0.13, -0.64, -0.76)
651.21: (-0.12, -0.77, -0.63)
651.32: (-0.23, -0.87, -0.45)
651.44: (-0.45, -0.83, -0.33)
651.56: (-0.65, -0.74, -0.17)
651.67: (-0.83, -0.52, 0.21)
651.79: (-0.87, -0.39, 0.31)
651.91: (-0.94, -0.24, 0.23)
652.01: (-0.98, -0.05, 0.17)
652.12: (-0.87, 0.45, -0.19)
652.24: (-0.61, 0.27, -0.75)
652.34: (-0.25, -0.29, -0.93)
652.46: (-0.09, -0.42, -0.90)
652.57: (-0.17, 0.11, -0.98)
652.69: (-0.19, 0.48, -0.86)
652.69: (0.59, 0.75, 0.30): 1
652.69: (-0.19, 0.48, -0.86)
652.81: (-0.18, 0.49, -0.85)
652.91: (-0.18, 0.48, -0.86)
653.02: (-0.16, 0.49, -0.86)
653.14: (0.01, 0.67, -0.75)
653.26: (0.23, 0.90, -0.37)
653.36: (0.38, 0.92, 0.00)
653.47: (0.46, 0.80, 0.38)
653.59: (0.50, 0.77, 0.39)
653.62: (0.55, 0.77, 0.34)
653.62: (0.86, -0.31, 0.41): 2
653.71: (0.60, 0.75, 0.29)
653.82: (0.61, 0.74, 0.28)
653.94: (0.64, 0.73, 0.24)
654.06: (0.72, 0.70, 0.02)
654.16: (0.70, 0.67, -0.24)
654.27: (0.60, 0.62, -0.51)
654.39: (0.61, 0.55, -0.57)
654.51: (0.88, 0.40, -0.25)
654.62: (0.90, -0.02, 0.43)
654.72: (0.63, -0.15, 0.76)
654.84: (0.55, -0.10, 0.83)
654.94: (0.77, -0.16, 0.62)
655.06: (0.86, -0.29, 0.42)
655.06: (0.09, -0.21, 0.97): 1
655.06: (0.86, -0.29, 0.42)
655.17: (0.85, -0.34, 0.40)
655.29: (0.85, -0.34, 0.40)
655.41: (0.79, -0.37, 0.49)
655.51: (0.59, -0.34, 0.73)
655.62: (0.25, -0.20, 0.95)
655.74: (0.01, -0.08, 1.00)
655.84: (0.00, -0.09, 1.00)
655.84: (-0.19, 0.58, 0.79): 2
655.86: (0.00, -0.10, 1.00)
655.97: (0.01, -0.11, 0.99)
656.09: (0.03, -0.18, 0.98)
656.19: (0.08, -0.33, 0.94)
656.31: (0.08, -0.35, 0.93)
656.42: (0.10, -0.36, 0.93)
656.54: (0.27, -0.39, 0.88)
656.66: (0.74, 0.14, 0.65)
656.77: (0.66, 0.65, 0.37)
656.89: (0.41, 0.83, 0.38)
656.99: (0.26, 0.89, 0.38)
657.11: (0.05, 0.94, 0.34)
657.22: (-0.12, 0.88, 0.46)
657.32: (-0.13, 0.75, 0.64)
657.41: (-0.06, 0.66, 0.75)
657.41: (-0.97, -0.16, 0.20): 0
657.44: (-0.04, 0.61, 0.79)
657.56: (-0.05, 0.49, 0.87)
657.67: (-0.03, 0.50, 0.87)
657.79: (-0.01, 0.57, 0.82)
657.91: (-0.01, 0.57, 0.82)
658.02: (0.03, 0.59, 0.81)
658.14: (0.32, 0.68, 0.66)
658.24: (0.65, 0.72, 0.23)
658.34: (0.82, 0.53, -0.22)
658.46: (0.77, 0.34, -0.53)
658.57: (0.64, 0.33, -0.69)
658.69: (0.38, 0.37, -0.85)
658.81: (-0.01, 0.60, -0.80)
658.91: (-0.31, 0.79, -0.53)
659.01: (-0.55, 0.80, -0.22)
659.12: (-0.75, 0.66, 0.06)
659.24: (-0.87, 0.44, 0.23)
659.36: (-0.91, 0.20, 0.37)
659.47: (-0.94, 0.02, 0.33)
659.59: (-0.99, -0.11, 0.13)
659.62: (-0.99, -0.14, 0.08)
659.62: (-0.92, 0.32, 0.23): 2
659.71: (-0.98, -0.17, 0.06)
659.81: (-0.97, -0.18, 0.16)
659.92: (-0.96, 0.03, 0.29)
660.01: (-0.89, 0.34, 0.30)
660.01: (0.19, 0.83, 0.52): 1
660.04: (-0.88, 0.37, 0.31)
660.16: (-0.88, 0.37, 0.30)
660.27: (-0.87, 0.42, 0.26)
660.39: (-0.74, 0.62, 0.27)
660.51: (-0.40, 0.88, 0.27)
660.62: (-0.04, 0.99, -0.09)
660.74: (0.36, 0.88, -0.31)
660.86: (0.36, 0.93, 0.10)
660.97: (0.28, 0.87, 0.40)
661.01: (0.27, 0.86, 0.43)
661.01: (0.62, -0.32, -0.72): 2
661.07: (0.26, 0.85, 0.46)
661.19: (0.25, 0.84, 0.49)
661.29: (0.22, 0.82, 0.52)
661.41: (0.29, 0.88, 0.37)
661.52: (0.30, 0.94, 0.19)
661.64: (0.34, 0.93, -0.11)
661.74: (0.49, 0.77, -0.40)
661.86: (0.63, 0.56, -0.54)
661.97: (0.80, 0.21, -0.57)
662.09: (0.81, -0.12, -0.58)
662.21: (0.69, -0.34, -0.64)
662.24: (0.66, -0.34, -0.66)
662.24: (-0.19, 0.27, -0.94): 2
662.32: (0.64, -0.35, -0.68)
662.44: (0.63, -0.35, -0.69)
662.54: (0.58, -0.33, -0.74)
662.66: (0.48, -0.22, -0.85)
662.77: (0.31, 0.09, -0.95)
662.87: (0.16, 0.40, -0.91)
662.99: (-0.05, 0.59, -0.81)
663.09: (-0.18, 0.48, -0.86)
663.14: (-0.20, 0.43, -0.88)
663.14: (-0.42, -0.34, -0.84): 0
663.21: (-0.18, 0.37, -0.91)
663.32: (-0.15, 0.34, -0.93)
663.42: (-0.12, 0.32, -0.94)
663.54: (-0.23, -0.03, -0.97)
663.62: (-0.26, -0.27, -0.93)
663.62: (0.84, -0.45, -0.31): 1
663.66: (-0.26, -0.28, -0.93)
663.77: (-0.26, -0.28, -0.92)
663.89: (-0.28, -0.31, -0.91)
663.99: (-0.23, -0.49, -0.84)
664.10: (0.02, -0.62, -0.79)
664.21: (0.37, -0.62, -0.69)
664.32: (0.66, -0.59, -0.47)
664.44: (0.85, -0.50, -0.19)
664.55: (0.88, -0.45, -0.11)
664.67: (0.89, -0.43, -0.14)
664.79: (0.90, -0.37, -0.22)
664.86: (0.89, -0.38, -0.25)
664.86: (-0.19, -0.29, 0.94): 0
664.89: (0.89, -0.38, -0.25)
665.01: (0.89, -0.37, -0.26)
665.12: (0.85, -0.28, -0.45)
665.24: (0.88, -0.16, -0.44)
665.35: (0.97, 0.05, -0.24)
665.47: (0.98, 0.12, 0.13)
665.59: (0.89, 0.07, 0.44)
665.70: (0.81, 0.15, 0.56)
665.82: (0.56, 0.26, 0.79)
665.94: (0.25, 0.23, 0.94)
666.05: (0.01, 0.33, 0.94)
666.17: (-0.14, 0.41, 0.90)
666.29: (-0.07, 0.10, 0.99)
666.40: (-0.05, -0.27, 0.96)
666.47: (-0.07, -0.35, 0.93)
666.47: (0.62, 0.56, 0.56): 0
666.52: (-0.07, -0.36, 0.93)
666.64: (-0.08, -0.39, 0.92)
666.75: (-0.09, -0.40, 0.91)
666.87: (-0.10, -0.44, 0.89)
666.97: (0.01, -0.19, 0.98)
667.09: (0.51, 0.55, 0.66)
667.20: (0.73, 0.67, 0.12)
667.32: (0.77, 0.63, 0.09)
667.44: (0.67, 0.53, 0.52)
667.52: (0.58, 0.48, 0.66)
667.52: (0.05, -0.81, 0.59): 2
667.54: (0.58, 0.48, 0.66)
667.65: (0.59, 0.48, 0.65)
667.75: (0.64, 0.53, 0.56)
667.87: (0.69, 0.57, 0.44)
667.99: (0.76, 0.62, 0.20)
668.10: (0.75, 0.66, -0.05)
668.22: (0.63, 0.76, -0.13)
668.34: (0.30, 0.95, 0.11)
668.44: (0.12, 0.94, 0.32)
668.55: (-0.03, 0.86, 0.51)
668.67: (-0.20, 0.70, 0.69)
668.79: (-0.22, 0.41, 0.88)
668.89: (-0.05, 0.10, 0.99)
669.00: (0.27, -0.11, 0.95)
669.12: (0.61, -0.10, 0.79)
669.24: (0.78, -0.10, 0.62)
669.35: (0.59, -0.48, 0.65)
669.45: (0.27, -0.78, 0.57)
669.55: (0.12, -0.87, 0.48)
669.55: (-0.22, 0.95, 0.20): 0
669.57: (0.12, -0.87, 0.48)
669.67: (0.13, -0.87, 0.48)
669.79: (0.14, -0.84, 0.53)
669.90: (0.19, -0.73, 0.66)
670.02: (0.25, -0.49, 0.83)
670.14: (0.44, 0.03, 0.90)
670.25: (0.47, 0.51, 0.72)
670.37: (0.32, 0.86, 0.41)
670.47: (0.11, 0.98, 0.14)
670.59: (-0.08, 0.99, -0.07)
670.70: (-0.17, 0.98, 0.01)
670.80: (-0.21, 0.97, 0.15)
670.80: (0.09, -0.74, -0.67): 0
670.82: (-0.22, 0.96, 0.17)
670.92: (-0.22, 0.96, 0.18)
671.04: (-0.15, 0.97, 0.18)
671.14: (0.06, 0.99, 0.09)
671.25: (0.10, 0.99, -0.03)
671.37: (0.09, 0.97, -0.20)
671.49: (0.24, 0.83, -0.51)
671.60: (0.25, 0.53, -0.81)
671.72: (0.06, 0.29, -0.95)
671.84: (-0.09, 0.20, -0.98)
671.95: (-0.37, 0.22, -0.90)
672.07: (-0.60, 0.40, -0.69)
672.17: (-0.73, 0.51, -0.45)
672.29: (-0.83, 0.55, -0.13)
672.40: (-0.88, 0.47, 0.04)
672.52: (-0.99, 0.10, 0.02)
672.64: (-0.86, -0.48, -0.16)
672.74: (-0.43, -0.81, -0.39)
672.85: (0.00, -0.83, -0.56)
672.97: (0.22, -0.69, -0.69)
673.07: (0.20, -0.68, -0.71)
673.07: (0.07, -0.19, 0.98): 2
673.09: (0.18, -0.68, -0.71)
673.20: (0.12, -0.70, -0.71)
673.32: (-0.04, -0.68, -0.73)
673.44: (-0.31, -0.56, -0.76)
673.54: (-0.59, -0.44, -0.68)
673.65: (-0.82, -0.25, -0.52)
673.77: (-0.92, -0.01, -0.39)
673.89: (-0.91, -0.06, -0.40)
674.00: (-0.78, -0.47, -0.42)
674.12: (-0.52, -0.84, -0.17)
674.22: (-0.05, -1.00, 0.07)
674.34: (0.20, -0.98, 0.07)
674.44: (0.38, -0.92, -0.03)
674.55: (0.45, -0.77, -0.45)
674.67: (0.31, -0.33, -0.89)
674.79: (0.42, 0.13, -0.90)
674.89: (0.56, 0.29, -0.77)
675.00: (0.58, 0.36, -0.73)
675.12: (0.37, 0.49, -0.79)
675.24: (-0.13, 0.38, -0.92)
675.34: (-0.55, -0.07, -0.83)
675.45: (-0.57, -0.74, -0.36)
675.57: (-0.34, -0.94, 0.06)
675.69: (-0.14, -0.93, 0.34)
675.80: (0.12, -0.80, 0.58)
675.92: (0.43, -0.48, 0.76)
676.04: (0.54, -0.25, 0.80)
676.14: (0.33, -0.31, 0.89)
676.25: (0.02, -0.23, 0.97)
676.25: (0.12, -0.78, 0.61): 2
676.25: (0.02, -0.23, 0.97)
676.37: (0.03, -0.11, 0.99)
676.49: (0.16, -0.06, 0.99)
676.59: (0.23, -0.38, 0.90)
676.70: (0.12, -0.78, 0.61)
676.75: (0.10, -0.81, 0.58)
676.75: (0.03, -0.41, 0.91): 1
676.82: (0.10, -0.80, 0.59)
676.94: (0.08, -0.78, 0.62)
677.05: (0.04, -0.62, 0.78)
677.14: (0.05, -0.40, 0.92)
677.14: (-0.75, -0.33, -0.57): 0
677.17: (0.06, -0.36, 0.93)
677.27: (0.07, -0.35, 0.93)
677.39: (0.29, -0.12, 0.95)
677.50: (0.48, 0.03, 0.87)
677.60: (0.67, -0.04, 0.74)
677.72: (0.43, -0.60, 0.68)
677.82: (-0.25, -0.86, 0.45)
677.94: (-0.68, -0.73, 0.09)
678.05: (-0.77, -0.60, -0.22)
678.17: (-0.79, -0.39, -0.48)
678.29: (-0.79, -0.38, -0.48)
678.30: (-0.79, -0.38, -0.48)
678.30: (0.98, -0.16, 0.06): 2
678.40: (-0.79, -0.38, -0.48)
678.52: (-0.77, -0.46, -0.43)
678.62: (-0.69, -0.71, -0.16)
678.74: (-0.43, -0.88, 0.19)
678.85: (0.02, -0.87, 0.50)
678.97: (0.46, -0.55, 0.70)
679.09: (0.73, -0.08, 0.68)
679.19: (0.79, 0.22, 0.57)
679.30: (0.73, 0.57, 0.36)
679.40: (0.62, 0.76, 0.21)
679.52: (0.54, 0.84, 0.08)
679.62: (0.42, 0.88, -0.21)
679.74: (0.62, 0.72, -0.30)
679.85: (0.81, 0.51, -0.28)
679.95: (0.94, 0.23, -0.26)
680.07: (0.99, -0.04, -0.14)
680.19: (0.98, -0.20, 0.01)
680.22: (0.98, -0.21, 0.02)
680.22: (0.41, -0.90, 0.17): 2
680.30: (0.98, -0.22, 0.03)
680.42: (0.99, -0.11, -0.01)
680.52: (0.97, 0.19, -0.14)
680.64: (0.78, 0.55, -0.30)
680.75: (0.52, 0.78, -0.34)
680.87: (0.23, 0.91, -0.35)
680.98: (0.12, 0.94, -0.31)
681.10: (0.63, 0.78, 0.06)
681.22: (0.85, 0.05, 0.53)
681.33: (0.81, -0.24, 0.54)
681.45: (0.67, -0.60, 0.44)
681.57: (0.28, -0.89, 0.35)
681.68: (0.09, -0.95, 0.31)
681.80: (0.29, -0.92, 0.25)
681.88: (0.41, -0.89, 0.18)
681.88: (-0.97, 0.06, 0.23): 1
681.92: (0.43, -0.89, 0.14)
682.03: (0.44, -0.89, 0.12)
682.13: (0.44, -0.88, 0.15)
682.25: (0.39, -0.88, 0.26)
682.37: (0.15, -0.94, 0.31)
682.48: (-0.57, -0.80, 0.20)
682.60: (-0.95, -0.30, 0.05)
682.72: (-0.97, -0.24, -0.02)
682.83: (-0.98, -0.19, 0.11)
682.95: (-0.96, 0.07, 0.26)
683.00: (-0.96, 0.12, 0.26)
683.00: (-0.72, -0.67, 0.18): 1
683.07: (-0.96, 0.14, 0.25)
683.17: (-0.96, 0.12, 0.25)
683.28: (-0.95, -0.06, 0.32)
683.40: (-0.83, -0.46, 0.33)
683.52: (-0.67, -0.73, 0.15)
683.60: (-0.63, -0.76, 0.12)
683.60: (-0.53, 0.76, -0.39): 1
683.63: (-0.63, -0.77, 0.12)
683.73: (-0.61, -0.77, 0.15)
683.85: (-0.43, -0.82, 0.37)
683.97: (-0.14, -0.76, 0.63)
684.08: (-0.25, -0.56, 0.79)
684.20: (-0.88, -0.15, 0.44)
684.32: (-0.99, 0.10, -0.04)
684.43: (-0.97, 0.14, -0.21)
684.55: (-0.87, 0.29, -0.40)
684.67: (-0.88, 0.26, -0.40)
684.77: (-0.88, 0.26, -0.40)
684.88: (-0.88, 0.25, -0.41)
685.00: (-0.80, 0.39, -0.46)
685.12: (-0.65, 0.62, -0.43)
685.20: (-0.63, 0.68, -0.39)
685.20: (-0.98, -0.19, -0.04): 1
685.22: (-0.63, 0.68, -0.39)
685.32: (-0.62, 0.68, -0.39)
685.42: (-0.62, 0.68, -0.39)
685.53: (-0.72, 0.62, -0.31)
685.65: (-0.92, 0.37, -0.13)
685.77: (-0.99, 0.00, 0.12)
685.87: (-0.96, -0.22, 0.19)
685.93: (-0.96, -0.26, 0.10)
685.93: (-0.91, 0.25, 0.34): 1
685.98: (-0.96, -0.26, 0.06)
686.08: (-0.97, -0.24, 0.02)
686.20: (-0.99, -0.15, -0.01)
686.30: (-0.99, 0.06, 0.15)
686.40: (-0.95, 0.13, 0.29)
686.52: (-0.89, 0.19, 0.42)
686.63: (-0.89, 0.19, 0.42)
686.70: (-0.89, 0.20, 0.42)
686.70: (1.00, -0.09, -0.01): 0
686.75: (-0.89, 0.21, 0.42)
686.87: (-0.90, 0.26, 0.35)
686.97: (-0.90, 0.37, 0.22)
687.08: (-0.88, 0.48, 0.02)
687.18: (-0.79, 0.58, -0.20)
687.30: (-0.66, 0.61, -0.45)
687.42: (-0.39, 0.58, -0.72)
687.52: (-0.27, 0.51, -0.82)
687.63: (-0.22, 0.40, -0.89)
687.75: (-0.11, 0.29, -0.95)
687.87: (0.22, 0.05, -0.97)
687.98: (0.55, -0.18, -0.82)
688.08: (0.70, -0.26, -0.67)
688.20: (0.92, -0.37, -0.11)
688.32: (0.95, -0.30, -0.09)
688.43: (0.96, -0.13, -0.26)
688.53: (0.95, -0.12, -0.28)
688.65: (0.99, -0.14, -0.05)
688.75: (0.99, -0.13, 0.07)
688.75: (-0.89, 0.21, 0.40): 0
688.75: (0.99, -0.13, 0.07)
688.85: (0.99, -0.13, 0.04)
688.97: (0.99, -0.13, -0.02)
689.08: (0.94, -0.10, -0.31)
689.18: (0.83, -0.08, -0.55)
689.30: (0.75, -0.09, -0.65)
689.42: (0.67, -0.19, -0.72)
689.53: (0.55, -0.41, -0.72)
689.63: (0.49, -0.69, -0.54)
689.75: (0.44, -0.87, -0.22)
689.87: (0.32, -0.94, -0.10)
689.98: (0.03, -0.94, -0.35)
690.08: (-0.34, -0.47, -0.81)
690.18: (-0.45, 0.16, -0.88)
690.30: (-0.50, 0.70, -0.50)
690.42: (-0.55, 0.81, -0.21)
690.53: (-0.56, 0.83, 0.07)
690.65: (-0.45, 0.73, 0.51)
690.77: (-0.25, 0.51, 0.83)
690.87: (-0.07, 0.25, 0.97)
690.98: (-0.08, 0.27, 0.96)
691.08: (-0.08, 0.27, 0.96)
691.20: (-0.05, 0.40, 0.91)
691.32: (0.34, 0.38, 0.86)
691.43: (0.64, 0.18, 0.75)
691.55: (0.67, -0.09, 0.74)
691.65: (0.40, -0.28, 0.87)
691.77: (0.01, -0.41, 0.91)
691.88: (-0.25, -0.38, 0.89)
692.00: (-0.51, -0.18, 0.84)
692.10: (-0.64, 0.04, 0.77)
692.22: (-0.74, 0.22, 0.63)
692.32: (-0.81, 0.33, 0.49)
692.40: (-0.87, 0.33, 0.36)
692.40: (0.97, -0.12, 0.19): 1
692.43: (-0.88, 0.33, 0.36)
692.55: (-0.86, 0.24, 0.46)
692.67: (-0.80, 0.05, 0.60)
692.77: (-0.73, 0.01, 0.68)
692.88: (-0.58, -0.01, 0.82)
693.00: (-0.17, -0.08, 0.98)
693.12: (0.11, -0.10, 0.99)
693.22: (0.31, -0.14, 0.94)
693.33: (0.54, -0.27, 0.80)
693.43: (0.66, -0.32, 0.68)
693.55: (0.82, -0.37, 0.43)
693.67: (0.90, -0.44, 0.03)
693.77: (0.91, -0.41, -0.04)
693.88: (0.95, -0.22, 0.21)
693.93: (0.94, -0.15, 0.29)
693.93: (-0.50, 0.69, 0.52): 2
694.00: (0.94, -0.15, 0.29)
694.12: (0.96, -0.19, 0.21)
694.23: (0.96, -0.28, 0.04)
694.35: (0.97, -0.22, -0.05)
694.45: (0.98, -0.05, -0.17)
694.57: (0.96, 0.16, -0.23)
694.68: (0.91, 0.36, -0.21)
694.80: (0.71, 0.70, -0.04)
694.92: (0.65, 0.76, 0.01)
695.03: (0.50, 0.84, 0.22)
695.15: (-0.25, 0.72, 0.65)
695.27: (-0.71, 0.24, 0.66)
695.37: (-0.68, 0.23, 0.70)
695.48: (-0.68, 0.23, 0.70)
695.58: (-0.67, 0.25, 0.70)
695.70: (-0.62, 0.53, 0.57)
695.82: (-0.53, 0.67, 0.52)
695.87: (-0.53, 0.67, 0.52)
695.87: (0.16, 0.98, -0.09): 2
695.92: (-0.53, 0.67, 0.52)
696.03: (-0.53, 0.66, 0.53)
696.15: (-0.45, 0.73, 0.51)
696.27: (-0.34, 0.81, 0.47)
696.38: (-0.20, 0.90, 0.39)
696.50: (-0.62, 0.66, 0.42)
696.62: (-0.78, 0.53, 0.34)
696.73: (-0.30, 0.94, 0.16)
696.82: (0.16, 0.99, 0.05)
696.82: (0.96, -0.02, 0.29): 2
696.85: (0.17, 0.98, 0.05)
696.97: (0.18, 0.98, 0.05)
697.08: (0.18, 0.98, 0.05)
697.20: (0.41, 0.91, -0.12)
697.31: (0.81, 0.54, -0.23)
697.41: (0.96, 0.24, -0.14)
697.53: (0.99, -0.14, -0.04)
697.63: (0.98, -0.19, 0.07)
697.75: (0.97, -0.06, 0.26)
697.86: (0.95, -0.03, 0.32)
697.98: (0.94, -0.04, 0.35)
697.98: (-1.00, -0.03, 0.01): 1
697.98: (0.94, -0.04, 0.35)
698.10: (0.93, -0.09, 0.36)
698.21: (0.90, -0.26, 0.35)
698.31: (0.76, -0.56, 0.32)
698.43: (0.33, -0.94, 0.08)
698.55: (-0.10, -0.99, -0.01)
698.65: (-0.53, -0.85, -0.01)
698.75: (-0.68, -0.73, 0.05)
698.86: (-0.85, -0.51, 0.10)
698.98: (-1.00, -0.03, 0.04)
699.10: (-0.98, 0.13, -0.15)
699.21: (-0.99, 0.10, -0.14)
699.33: (-1.00, 0.01, -0.08)
699.36: (-1.00, 0.00, -0.08)
699.36: (0.88, 0.10, -0.46): 0
699.45: (-1.00, 0.00, -0.08)
699.56: (-1.00, 0.01, -0.06)
699.66: (-0.99, -0.12, 0.07)
699.76: (-0.99, -0.12, 0.07)
699.88: (-0.99, -0.12, 0.07)
700.00: (-0.99, -0.14, 0.03)
700.10: (-0.98, 0.21, 0.07)
700.21: (-0.64, 0.73, 0.24)
700.33: (-0.26, 0.84, 0.47)
700.43: (-0.05, 0.77, 0.64)
700.55: (0.14, 0.73, 0.67)
700.65: (0.33, 0.73, 0.60)
700.76: (0.59, 0.60, 0.53)
700.88: (0.84, 0.48, 0.25)
700.98: (0.88, 0.45, -0.14)
701.10: (0.84, 0.28, -0.46)
701.21: (0.84, 0.10, -0.54)
701.25: (0.84, 0.08, -0.53)
701.25: (0.98, 0.17, 0.01): 0
701.33: (0.85, 0.07, -0.53)
701.43: (0.85, 0.07, -0.53)
701.55: (0.87, 0.16, -0.46)
701.66: (0.96, 0.27, -0.09)
701.71: (0.96, 0.29, 0.02)
701.71: (-0.87, 0.29, -0.40): 0
701.76: (0.96, 0.27, 0.06)
701.88: (0.97, 0.24, 0.06)
702.00: (0.97, 0.22, 0.04)
702.10: (0.96, 0.25, -0.14)
702.21: (0.72, 0.44, -0.54)
702.33: (0.30, 0.75, -0.59)
702.45: (-0.01, 0.95, -0.30)
702.56: (-0.08, 1.00, -0.02)
702.66: (-0.20, 0.95, 0.22)
702.78: (-0.19, 0.68, 0.71)
702.88: (-0.12, 0.30, 0.95)
703.00: (-0.08, -0.13, 0.99)
703.11: (0.08, -0.46, 0.88)
703.23: (0.23, -0.65, 0.73)
703.33: (0.29, -0.62, 0.73)
703.45: (0.11, -0.07, 0.99)
703.55: (-0.33, 0.57, 0.75)
703.65: (-0.59, 0.81, 0.03)
703.76: (-0.41, 0.79, -0.46)
703.88: (-0.28, 0.74, -0.61)
704.00: (-0.58, 0.66, -0.47)
704.10: (-0.85, 0.40, -0.35)
704.18: (-0.95, 0.20, -0.26)
704.18: (0.84, -0.30, 0.46): 1
704.21: (-0.96, 0.15, -0.25)
704.33: (-0.94, 0.15, -0.29)
704.43: (-0.87, 0.23, -0.44)
704.55: (-0.75, 0.24, -0.62)
704.66: (-0.49, 0.30, -0.82)
704.78: (-0.18, 0.38, -0.91)
704.90: (0.14, 0.46, -0.88)
705.00: (0.35, 0.50, -0.79)
705.11: (0.52, 0.41, -0.75)
705.23: (0.74, 0.22, -0.64)
705.35: (0.83, 0.06, -0.55)
705.45: (0.85, -0.15, -0.50)
705.55: (0.88, -0.03, -0.48)
705.66: (0.74, 0.60, -0.30)
705.78: (0.36, 0.93, 0.13)
705.90: (-0.09, 0.93, 0.35)
706.01: (-0.65, 0.63, 0.41)
706.11: (-0.93, 0.27, 0.26)
706.23: (-0.98, -0.18, -0.02)
706.33: (-0.71, -0.61, -0.36)
706.45: (-0.18, -0.76, -0.62)
706.55: (0.22, -0.67, -0.71)
706.66: (0.53, -0.53, -0.66)
706.76: (0.80, -0.34, -0.50)
706.88: (0.94, -0.16, -0.28)
707.00: (0.94, -0.17, -0.28)
707.10: (0.94, -0.17, -0.28)
707.21: (0.94, -0.17, -0.30)
707.33: (0.96, -0.16, -0.23)
707.45: (0.97, -0.19, 0.13)
707.56: (0.87, -0.26, 0.43)
707.56: (0.68, 0.73, -0.09): 1
707.56: (0.87, -0.26, 0.43)
707.68: (0.85, -0.29, 0.45)
707.78: (0.85, -0.29, 0.45)
707.88: (0.92, -0.23, 0.33)
708.00: (0.99, -0.04, 0.11)
708.11: (0.96, 0.24, -0.13)
708.23: (0.81, 0.48, -0.35)
708.35: (0.60, 0.66, -0.45)
708.46: (0.65, 0.71, -0.26)
708.53: (0.71, 0.70, -0.05)
708.53: (-1.00, -0.01, -0.01): 0
708.58: (0.71, 0.70, 0.07)
708.70: (0.70, 0.71, 0.07)
708.80: (0.63, 0.78, 0.01)
708.91: (0.42, 0.91, 0.00)
709.01: (0.21, 0.98, 0.03)
709.13: (-0.08, 0.94, 0.34)
709.25: (-0.35, 0.67, 0.66)
709.36: (-0.51, 0.37, 0.78)
709.48: (-0.60, 0.03, 0.80)
709.58: (-0.68, -0.12, 0.73)
709.70: (-0.78, -0.28, 0.56)
709.81: (-0.68, -0.64, 0.36)
709.93: (-0.62, -0.61, 0.49)
710.05: (-0.62, -0.61, 0.49)
710.16: (-0.62, -0.59, 0.52)
710.28: (-0.83, -0.38, 0.41)
710.40: (-0.98, 0.02, 0.21)
710.50: (-0.99, 0.06, 0.12)
710.53: (-0.99, 0.07, 0.11)
710.53: (-0.36, -0.08, -0.93): 1
710.61: (-1.00, 0.01, 0.06)
710.73: (-0.99, -0.17, -0.04)
710.85: (-0.97, -0.26, -0.01)
710.96: (-0.78, -0.58, 0.25)
711.06: (-0.49, -0.75, 0.44)
711.18: (-0.08, -0.79, 0.61)
711.30: (0.28, -0.67, 0.68)
711.41: (0.60, -0.46, 0.65)
711.53: (0.72, -0.25, 0.65)
711.65: (0.72, -0.05, 0.70)
711.76: (0.76, 0.17, 0.63)
711.88: (0.79, 0.34, 0.51)
712.00: (0.83, 0.23, 0.51)
712.10: (0.92, -0.18, 0.33)
712.21: (0.71, -0.70, 0.06)
712.33: (0.27, -0.96, 0.08)
712.45: (0.26, -0.95, 0.15)
712.55: (0.26, -0.95, 0.15)
712.66: (0.22, -0.94, 0.25)
712.78: (-0.12, -0.99, 0.12)
712.88: (-0.33, -0.92, -0.22)
713.00: (-0.09, -0.64, -0.77)
713.11: (0.25, -0.14, -0.96)
713.21: (0.14, -0.12, -0.98)
713.33: (-0.25, -0.13, -0.96)
713.40: (-0.44, -0.13, -0.89)
713.40: (0.16, 0.94, -0.29): 0
713.45: (-0.52, -0.09, -0.85)
713.56: (-0.54, -0.11, -0.83)
713.66: (-0.50, -0.24, -0.83)
713.78: (-0.42, -0.25, -0.87)
713.89: (-0.17, 0.04, -0.98)
713.99: (0.21, 0.58, -0.78)
714.11: (0.33, 0.57, -0.75)
714.23: (0.33, 0.57, -0.75)
714.34: (0.31, 0.51, -0.80)
714.44: (0.39, 0.59, -0.70)
714.56: (0.29, 0.84, -0.46)
714.66: (0.19, 0.93, -0.32)
714.66: (-0.67, 0.67, -0.31): 2
714.68: (0.19, 0.93, -0.31)
714.79: (0.19, 0.94, -0.30)
714.89: (0.25, 0.96, -0.09)
715.01: (0.35, 0.94, 0.01)
715.11: (0.52, 0.85, 0.13)
715.21: (0.66, 0.72, 0.22)
715.33: (0.74, 0.61, 0.29)
715.44: (0.77, 0.60, 0.24)
715.56: (0.71, 0.70, -0.11)
715.68: (0.45, 0.60, -0.66)
715.79: (0.03, 0.24, -0.97)
715.89: (-0.23, 0.01, -0.97)
716.01: (-0.47, -0.19, -0.86)
716.13: (-0.70, -0.46, -0.55)
716.24: (-0.73, -0.69, -0.05)
716.34: (-0.66, -0.73, 0.19)
716.46: (-0.66, -0.74, 0.09)
716.58: (-0.72, -0.69, 0.04)
716.69: (-0.94, -0.32, -0.05)
716.79: (-0.99, 0.08, -0.13)
716.91: (-0.91, 0.38, -0.15)
717.03: (-0.86, 0.50, -0.13)
717.14: (-0.80, 0.56, -0.22)
717.19: (-0.64, 0.65, -0.40)
717.19: (0.97, -0.22, -0.10): 1
717.24: (-0.54, 0.67, -0.50)
717.34: (-0.54, 0.67, -0.50)
717.46: (-0.73, 0.57, -0.38)
717.58: (-0.86, 0.36, -0.35)
717.68: (-0.94, 0.03, -0.35)
717.79: (-0.83, -0.35, -0.43)
717.91: (-0.49, -0.65, -0.58)
718.03: (-0.11, -0.68, -0.73)
718.14: (-0.04, -0.57, -0.82)
718.24: (0.19, -0.16, -0.97)
718.36: (0.36, 0.10, -0.93)
718.48: (0.36, 0.10, -0.93)
718.59: (0.20, -0.17, -0.96)
718.69: (0.44, -0.24, -0.86)
718.81: (0.76, -0.35, -0.55)
718.93: (0.80, -0.36, -0.48)
719.04: (0.85, -0.15, -0.50)
719.14: (0.92, -0.07, -0.38)
719.26: (0.98, -0.19, -0.09)
719.26: (-0.93, 0.33, 0.14): 2
719.26: (0.98, -0.19, -0.09)
719.38: (0.97, -0.21, -0.09)
719.49: (0.95, -0.23, -0.22)
719.61: (0.84, -0.25, -0.48)
719.73: (0.64, -0.16, -0.75)
719.84: (0.46, -0.02, -0.89)
719.96: (0.33, 0.20, -0.92)
720.06: (0.20, 0.37, -0.91)
720.16: (0.08, 0.52, -0.85)
720.28: (-0.08, 0.71, -0.70)
720.39: (-0.23, 0.82, -0.52)
720.51: (-0.34, 0.86, -0.37)
720.61: (-0.37, 0.90, -0.21)
720.73: (-0.34, 0.94, -0.04)
720.84: (-0.30, 0.95, 0.10)
720.96: (-0.23, 0.96, 0.16)
721.08: (0.09, 0.97, 0.22)
721.19: (0.39, 0.90, -0.21)
721.31: (-0.15, 0.52, -0.84)
721.41: (-0.74, 0.04, -0.68)
721.53: (-0.88, -0.23, -0.41)
721.64: (-0.88, -0.42, -0.20)
721.74: (-0.82, -0.57, 0.03)
721.86: (-0.41, -0.72, 0.57)
721.98: (0.01, -0.66, 0.75)
722.08: (0.13, -0.79, 0.60)
722.19: (0.47, -0.80, 0.37)
722.29: (0.81, -0.51, 0.29)
722.41: (0.96, -0.05, 0.27)
722.53: (0.96, 0.06, 0.28)
722.63: (0.97, 0.04, 0.22)
722.74: (0.95, -0.29, -0.08)
722.86: (0.61, -0.75, -0.26)
722.98: (-0.23, -0.93, -0.27)
723.09: (-0.65, -0.73, -0.22)
723.21: (-0.86, -0.51, -0.06)
723.33: (-0.92, 0.11, 0.37)
723.44: (-0.28, 0.73, 0.63)
723.56: (-0.01, 0.84, 0.54)
723.66: (-0.46, 0.77, 0.45)
723.78: (-0.86, 0.39, 0.33)
723.79: (-0.87, 0.37, 0.32)
723.79: (-0.41, 0.06, -0.91): 0
723.89: (-0.89, 0.30, 0.33)
724.01: (-0.92, 0.21, 0.32)
724.13: (-0.93, 0.17, 0.33)
724.24: (-0.93, 0.17, 0.32)
724.36: (-0.93, 0.17, 0.32)
724.48: (-0.93, 0.17, 0.32)
724.58: (-0.89, 0.03, 0.45)
724.69: (-0.56, -0.27, 0.78)
724.81: (0.06, -0.41, 0.91)
724.91: (0.48, -0.38, 0.79)
725.03: (0.66, -0.54, 0.52)
725.14: (0.41, -0.88, 0.23)
725.26: (-0.18, -0.98, -0.12)
725.38: (-0.56, -0.72, -0.42)
725.48: (-0.68, -0.38, -0.62)
725.59: (-0.69, -0.35, -0.63)
725.71: (-0.68, -0.39, -0.63)
725.81: (-0.48, -0.16, -0.86)
725.89: (-0.36, 0.13, -0.92)
725.89: (-0.68, 0.66, -0.31): 1
725.93: (-0.37, 0.17, -0.91)
726.04: (-0.42, 0.20, -0.88)
726.14: (-0.50, 0.13, -0.86)
726.26: (-0.57, 0.12, -0.82)
726.38: (-0.67, 0.45, -0.60)
726.48: (-0.59, 0.74, -0.30)
726.51: (-0.59, 0.77, -0.25)
726.51: (0.10, 0.51, -0.85): 2
726.59: (-0.61, 0.78, -0.13)
726.71: (-0.65, 0.76, -0.10)
726.81: (-0.67, 0.74, -0.05)
726.93: (-0.70, 0.71, 0.07)
727.04: (-0.79, 0.59, 0.15)
727.16: (-0.89, 0.44, 0.12)
727.28: (-1.00, -0.01, -0.06)
727.39: (-0.75, -0.55, -0.36)
727.51: (-0.24, -0.78, -0.57)
727.61: (0.09, -0.84, -0.54)
727.73: (0.12, -0.95, -0.29)
727.84: (0.01, -1.00, 0.08)
727.96: (-0.17, -0.93, 0.33)
728.08: (-0.27, -0.89, 0.37)
728.19: (-0.61, -0.76, 0.23)
728.31: (-0.87, -0.40, -0.28)
728.43: (-0.53, -0.29, -0.80)
728.54: (0.13, -0.47, -0.87)
728.66: (0.53, -0.55, -0.64)
728.76: (0.64, -0.60, -0.48)
728.88: (0.66, -0.74, -0.15)
728.99: (0.49, -0.79, 0.36)
729.11: (0.12, -0.63, 0.77)
729.23: (-0.27, -0.32, 0.91)
729.33: (-0.49, -0.07, 0.87)
729.44: (-0.47, -0.12, 0.88)
729.56: (0.24, -0.77, 0.60)
729.68: (0.58, -0.58, -0.57)
729.79: (0.18, 0.33, -0.93)
729.91: (-0.17, 0.67, -0.73)
730.01: (-0.35, 0.75, -0.57)
730.13: (-0.27, 0.68, -0.68)
730.23: (-0.06, 0.53, -0.85)
730.28: (0.07, 0.47, -0.88)
730.28: (0.47, 0.56, -0.69): 1
730.34: (0.14, 0.45, -0.88)
730.46: (0.18, 0.45, -0.87)
730.56: (0.22, 0.44, -0.87)
730.67: (0.55, 0.46, -0.70)
730.67: (1.00, 0.03, 0.02): 1
730.67: (0.55, 0.46, -0.70)
730.77: (0.57, 0.47, -0.68)
730.89: (0.43, 0.56, -0.71)
731.01: (0.20, 0.63, -0.75)
731.12: (-0.15, 0.47, -0.87)
731.24: (-0.49, 0.35, -0.80)
731.36: (-0.65, 0.25, -0.72)
731.47: (-0.71, 0.02, -0.71)
731.58: (-0.76, -0.19, -0.62)
731.69: (-0.60, -0.54, -0.58)
731.81: (0.00, -0.87, -0.49)
731.92: (0.73, -0.61, -0.30)
732.04: (0.95, -0.11, -0.31)
732.16: (0.88, 0.34, -0.34)
732.27: (0.86, 0.46, -0.24)
732.37: (0.98, 0.13, -0.11)
732.47: (1.00, -0.01, -0.06)
END