3/28/2023 1:51:48 PM
Mode: Default
White time (s): [0.866333, 0.7993774, 0.9832764, 1.249634, 1.716248, 0.7996216, 1.999512, 0.6998291, 0.8497925, 2.316284, 0.4996338, 1.782837, 2.582642, 5.099243, 2.08313, 0.5, 2.31604, 1.983032, 0.7330322, 1.483398, 1.616211, 2.049805, 1.499756, 1.899414, 1.366333, 1.116455, 1.099854, 1.683105, 0.5999756, 1.41626]
Shot time (s): [2.915955, 1.249939, 1.100037, 2.599121, 1.416321, 1.782898, 0.7001343, 2.882751, 0.7666016, 1.849792, 0.7667236, 0.9831543, 1.549622, 3.749268, 2.166382, 0.7667236, 1.599487, 1.16626, 1.483154, 2.382568, 1.316284, 0.9001465, 1.782593, 1.449951, 1.74939, 1.516479, 2.716309, 4.649048, 1.932861, 1.233154]
Step time (s): [1.799438, 1.516541, 0.8167114, 2.699646, 1.733032, 2.082825, 1.866394, 2.516174, 1.749756, 2.049438, 2.465942, 2.132813, 1.083252, 3.082886, 2.949097, 0.800293, 1.566162, 2.816284, 0.8331299, 1.182983, 1.499756, 1.366699, 3.532715, 1.399536, 2.133057, 2.215942, 2.382813, 1.08313, 1.91626, 2.799438]
White horz (deg): [51.06, 34.5, 35.2475, 102.0625, 186.76, 41.85999, 133.8025, 20.125, 21.3325, 174.0525, 12.19, 168.015, 113.9075, 366.2174, 174.685, 13.915, 189.865, 157.665, 27.715, 130.0075, 133.285, 185.15, 123.855, 129.375, 151.3975, 92.17252, 66.81497, 173.88, 22.0225, 114.4825]
Shot horz (deg): [247.1925, 95.68, 94.47248, 181.47, 154.905, 160.2525, 15.0075, 212.4625, 16.1, 117.4725, 19.6075, 48.64499, 131.7325, 249.895, 171.8675, 8.394999, 148.12, 131.215, 121.9, 145.3025, 97.86501, 40.70999, 171.58, 154.79, 251.045, 98.21001, 205.9075, 358.1099, 196.0175, 93.61]
Step horz (deg): [108.445, 102.9825, 17.135, 277.955, 161.1725, 236.2675, 145.475, 145.3025, 127.4775, 143.0025, 130.41, 190.6125, 59.16749, 299.6899, 258.6924, 9.8325, 121.7275, 196.4775, 45.54, 79.92498, 95.67998, 118.6225, 387.665, 110.6875, 123.6825, 180.4925, 191.9349, 35.19, 175.95, 245.4675]
White vert (deg): [12.2475, 19.2625, 39.3875, 15.6975, 95.0475, 31.2225, 88.55, 5.52, 23.46, 102.2925, 9.487497, 57.5575, 188.5425, 402.5, 71.70248, 13.3975, 79.86747, 50.82999, 13.3975, 42.26249, 55.66, 99.41748, 26.68, 102.4075, 72.105, 41.22749, 40.99749, 61.1225, 11.845, 75.2675]
Shot vert (deg): [69.805, 28.6925, 54.05, 147.2, 70.495, 52.95749, 14.4325, 224.825, 13.57, 118.2775, 12.9375, 32.775, 60.835, 220.2825, 99.35999, 18.4575, 60.72, 22.1375, 14.37499, 106.0875, 41.97499, 10.465, 69.45999, 45.02248, 92.8625, 48.7025, 144.095, 413.2523, 87.62999, 51.40499]
Step vert (deg): [35.18999, 35.01749, 15.18, 147.6025, 88.78001, 122.935, 130.3525, 92.57502, 100.5675, 71.06999, 147.9475, 93.66749, 41.515, 211.485, 263.8676, 32.085, 78.77498, 162.035, 18.86, 68.42501, 36.455, 64.86, 208.7825, 45.36749, 65.37751, 131.3299, 137.7125, 39.445, 73.02499, 119.6]

Time in sec: camera forward versor
Time in sec: target versor: sound type (0 = White, 1 = Shot, 2 = Step)
START
974.66: (0.79, -0.18, -0.59): 1
974.66: (-0.79, 0.61, -0.08)
974.76: (-0.79, 0.61, -0.08)
974.88: (-0.79, 0.61, -0.08)
974.99: (-0.79, 0.61, -0.08)
975.11: (-0.79, 0.61, -0.08)
975.21: (-0.79, 0.61, -0.08)
975.33: (-0.79, 0.61, -0.08)
975.44: (-0.79, 0.61, -0.08)
975.56: (-0.79, 0.61, -0.08)
975.66: (-0.79, 0.61, -0.08)
975.78: (-0.79, 0.61, -0.08)
975.89: (-0.79, 0.61, -0.08)
976.01: (-0.79, 0.61, -0.08)
976.11: (-0.79, 0.61, -0.08)
976.23: (-0.79, 0.61, -0.08)
976.34: (-0.79, 0.61, -0.08)
976.46: (-0.61, 0.79, -0.02)
976.56: (-0.10, 0.99, -0.07)
976.68: (0.27, 0.96, -0.09)
976.78: (0.52, 0.83, -0.20)
976.89: (0.88, 0.33, -0.35)
976.99: (0.83, -0.40, -0.38)
977.11: (0.39, -0.87, -0.30)
977.23: (0.55, -0.68, -0.48)
977.34: (0.80, -0.25, -0.54)
977.44: (0.78, -0.30, -0.55)
977.54: (0.76, -0.34, -0.55)
977.58: (0.76, -0.34, -0.55)
977.58: (-0.75, -0.60, -0.26): 2
977.64: (0.76, -0.33, -0.55)
977.76: (0.77, -0.32, -0.56)
977.88: (0.77, -0.32, -0.56)
977.99: (0.77, -0.31, -0.56)
978.09: (0.77, -0.28, -0.57)
978.21: (0.77, -0.28, -0.57)
978.33: (0.78, -0.27, -0.57)
978.44: (0.78, -0.27, -0.57)
978.56: (0.41, -0.69, -0.59)
978.66: (0.06, -0.81, -0.58)
978.76: (-0.06, -0.84, -0.53)
978.88: (-0.34, -0.87, -0.36)
978.99: (-0.43, -0.78, -0.45)
979.11: (-0.53, -0.71, -0.46)
979.23: (-0.71, -0.66, -0.24)
979.34: (-0.73, -0.65, -0.22)
979.38: (-0.73, -0.64, -0.24)
979.38: (0.72, -0.40, -0.57): 2
979.46: (-0.73, -0.64, -0.24)
979.58: (-0.73, -0.64, -0.24)
979.69: (-0.67, -0.68, -0.29)
979.79: (-0.67, -0.68, -0.29)
979.91: (-0.67, -0.68, -0.29)
980.03: (-0.74, -0.62, -0.27)
980.13: (-0.64, -0.66, -0.40)
980.24: (-0.17, -0.67, -0.72)
980.36: (0.12, -0.51, -0.85)
980.48: (0.25, -0.40, -0.88)
980.59: (0.40, -0.41, -0.82)
980.69: (0.61, -0.46, -0.65)
980.81: (0.61, -0.43, -0.66)
980.89: (0.64, -0.39, -0.66)
980.89: (0.99, 0.11, -0.11): 0
980.93: (0.64, -0.40, -0.66)
981.03: (0.64, -0.40, -0.66)
981.13: (0.63, -0.42, -0.66)
981.24: (0.73, -0.36, -0.58)
981.36: (0.95, -0.05, -0.31)
981.48: (0.94, -0.05, -0.34)
981.58: (0.93, -0.07, -0.36)
981.69: (0.96, -0.04, -0.27)
981.76: (0.98, 0.04, -0.21)
981.76: (0.02, 0.92, 0.39): 1
981.81: (0.98, 0.08, -0.19)
981.91: (0.98, 0.08, -0.19)
982.03: (0.98, 0.05, -0.17)
982.13: (0.98, 0.05, -0.17)
982.24: (0.98, 0.05, -0.17)
982.36: (0.97, 0.23, 0.12)
982.47: (0.75, 0.53, 0.39)
982.58: (0.61, 0.68, 0.40)
982.69: (0.35, 0.82, 0.46)
982.79: (0.12, 0.87, 0.48)
982.91: (0.04, 0.88, 0.47)
983.01: (0.06, 0.89, 0.46)
983.01: (-0.19, 0.72, 0.67): 2
983.03: (0.06, 0.89, 0.45)
983.14: (0.05, 0.89, 0.46)
983.26: (0.01, 0.84, 0.54)
983.37: (0.01, 0.84, 0.54)
983.47: (-0.01, 0.85, 0.52)
983.59: (-0.12, 0.80, 0.59)
983.69: (-0.16, 0.76, 0.63)
983.79: (-0.18, 0.74, 0.65)
983.83: (-0.19, 0.73, 0.66)
983.83: (0.44, 0.58, 0.69): 0
983.91: (-0.19, 0.73, 0.66)
984.02: (-0.20, 0.68, 0.70)
984.14: (0.02, 0.67, 0.74)
984.26: (0.17, 0.62, 0.76)
984.37: (0.16, 0.63, 0.76)
984.49: (0.25, 0.62, 0.74)
984.61: (0.36, 0.57, 0.74)
984.62: (0.36, 0.57, 0.74)
984.62: (-0.10, -0.74, 0.67): 2
984.71: (0.35, 0.57, 0.74)
984.82: (0.35, 0.57, 0.74)
984.94: (0.34, 0.57, 0.74)
985.04: (0.34, 0.57, 0.75)
985.16: (0.07, 0.56, 0.83)
985.26: (-0.32, 0.56, 0.77)
985.36: (-0.80, 0.28, 0.53)
985.47: (-0.80, 0.42, 0.43)
985.57: (-0.86, 0.47, 0.20)
985.69: (-0.97, 0.24, -0.10)
985.79: (-0.93, 0.06, -0.37)
985.91: (-0.82, -0.13, -0.55)
986.01: (-0.71, -0.37, -0.60)
986.12: (-0.71, -0.37, -0.60)
986.24: (-0.71, -0.36, -0.60)
986.34: (-0.61, -0.51, -0.61)
986.46: (-0.51, -0.80, -0.31)
986.57: (-0.28, -0.94, 0.17)
986.69: (0.09, -0.90, 0.42)
986.79: (0.29, -0.83, 0.48)
986.91: (0.08, -0.88, 0.48)
987.02: (-0.11, -0.87, 0.47)
987.12: (-0.01, -0.85, 0.53)
987.24: (-0.03, -0.79, 0.61)
987.32: (-0.14, -0.75, 0.65)
987.32: (0.41, -0.34, 0.85): 0
987.36: (-0.14, -0.75, 0.65)
987.46: (-0.14, -0.75, 0.65)
987.56: (-0.18, -0.76, 0.63)
987.67: (-0.19, -0.76, 0.62)
987.79: (-0.20, -0.78, 0.59)
987.91: (0.00, -0.64, 0.77)
988.02: (0.14, -0.55, 0.83)
988.14: (0.20, -0.49, 0.85)
988.26: (0.36, -0.39, 0.85)
988.31: (0.41, -0.36, 0.84)
988.31: (0.87, 0.41, -0.26): 1
988.36: (0.42, -0.36, 0.84)
988.47: (0.41, -0.35, 0.84)
988.57: (0.36, -0.39, 0.85)
988.69: (0.39, -0.38, 0.84)
988.81: (0.47, -0.33, 0.82)
988.91: (0.81, -0.33, 0.48)
989.02: (0.99, 0.08, 0.15)
989.14: (0.92, 0.39, 0.01)
989.26: (0.85, 0.51, -0.12)
989.36: (0.87, 0.45, -0.21)
989.41: (0.87, 0.45, -0.21)
989.41: (-0.96, -0.28, 0.00): 1
989.46: (0.87, 0.45, -0.21)
989.57: (0.86, 0.45, -0.22)
989.69: (0.86, 0.46, -0.22)
989.81: (0.86, 0.46, -0.22)
989.92: (0.82, 0.49, -0.30)
990.02: (0.82, 0.49, -0.29)
990.14: (0.82, 0.49, -0.29)
990.26: (0.81, 0.49, -0.33)
990.37: (0.81, 0.43, -0.39)
990.47: (0.65, 0.29, -0.71)
990.59: (0.22, 0.14, -0.97)
990.69: (-0.09, 0.34, -0.94)
990.81: (-0.52, 0.61, -0.60)
990.92: (-0.67, 0.71, -0.20)
991.04: (-0.72, 0.70, -0.04)
991.16: (-0.80, 0.59, 0.03)
991.26: (-0.89, 0.25, 0.37)
991.36: (-0.87, 0.21, 0.45)
991.47: (-0.87, 0.21, 0.45)
991.59: (-0.89, 0.21, 0.40)
991.71: (-0.99, 0.03, 0.10)
991.82: (-1.00, -0.04, -0.02)
991.92: (-0.99, -0.14, 0.09)
992.01: (-0.96, -0.24, 0.16)
992.01: (-0.45, -0.17, -0.87): 2
992.04: (-0.96, -0.24, 0.16)
992.14: (-0.96, -0.24, 0.16)
992.24: (-0.96, -0.24, 0.16)
992.36: (-0.95, -0.24, 0.20)
992.47: (-0.95, -0.23, 0.20)
992.59: (-0.95, -0.23, 0.20)
992.69: (-0.98, -0.16, 0.14)
992.81: (-0.86, 0.42, -0.30)
992.92: (-0.63, 0.54, -0.56)
993.04: (-0.59, 0.54, -0.60)
993.16: (-0.15, 0.62, -0.77)
993.27: (0.22, 0.47, -0.85)
993.39: (-0.17, 0.27, -0.95)
993.51: (-0.44, 0.07, -0.89)
993.61: (-0.48, 0.00, -0.88)
993.71: (-0.38, 0.00, -0.92)
993.74: (-0.39, -0.01, -0.92)
993.74: (-0.02, 0.17, 0.98): 2
993.82: (-0.40, -0.01, -0.92)
993.92: (-0.43, -0.02, -0.90)
994.02: (-0.44, -0.02, -0.90)
994.14: (-0.49, 0.03, -0.87)
994.26: (-0.49, 0.03, -0.87)
994.36: (-0.49, 0.03, -0.87)
994.47: (-0.57, 0.03, -0.82)
994.59: (-0.86, 0.21, -0.46)
994.71: (-0.86, 0.39, -0.33)
994.81: (-0.96, 0.28, -0.08)
994.92: (-0.84, 0.00, 0.54)
995.02: (-0.68, -0.14, 0.72)
995.14: (-0.15, -0.40, 0.90)
995.24: (0.19, -0.46, 0.87)
995.36: (0.59, -0.43, 0.68)
995.47: (0.44, -0.22, 0.87)
995.59: (-0.11, 0.09, 0.99)
995.71: (-0.08, 0.04, 1.00)
995.81: (-0.01, 0.05, 1.00)
995.82: (-0.01, 0.05, 1.00)
995.82: (0.42, -0.34, -0.84): 2
995.92: (0.02, 0.06, 1.00)
996.04: (0.01, 0.11, 0.99)
996.16: (-0.01, 0.13, 0.99)
996.27: (-0.01, 0.13, 0.99)
996.37: (0.03, 0.14, 0.99)
996.47: (0.39, 0.12, 0.91)
996.59: (0.45, -0.22, 0.87)
996.69: (0.35, -0.70, 0.62)
996.81: (0.23, -0.97, 0.07)
996.92: (0.06, -0.99, -0.15)
997.04: (0.01, -0.89, -0.45)
997.16: (0.17, -0.52, -0.84)
997.27: (0.25, -0.45, -0.86)
997.39: (0.25, -0.45, -0.86)
997.51: (0.27, -0.48, -0.84)
997.61: (0.37, -0.41, -0.83)
997.69: (0.37, -0.41, -0.83)
997.69: (-0.93, -0.10, 0.36): 1
997.71: (0.37, -0.41, -0.83)
997.82: (0.38, -0.40, -0.83)
997.94: (0.40, -0.40, -0.82)
998.06: (0.43, -0.50, -0.76)
998.17: (0.42, -0.58, -0.70)
998.29: (0.50, -0.66, -0.55)
998.41: (0.13, -0.99, 0.09)
998.52: (-0.47, -0.55, 0.69)
998.62: (-0.53, -0.46, 0.71)
998.74: (-0.58, -0.51, 0.64)
998.86: (-0.81, -0.37, 0.46)
998.97: (-0.89, -0.17, 0.41)
999.09: (-0.91, -0.12, 0.40)
999.11: (-0.91, -0.12, 0.40)
999.11: (0.99, 0.03, 0.10): 1
999.21: (-0.91, -0.12, 0.40)
999.32: (-0.88, -0.21, 0.42)
999.44: (-0.87, -0.26, 0.42)
999.55: (-0.84, -0.34, 0.42)
999.66: (-0.57, -0.67, 0.48)
999.77: (0.06, -0.94, 0.35)
999.89: (0.37, -0.90, 0.24)
1000.01: (0.39, -0.90, 0.21)
1000.12: (0.72, -0.69, -0.08)
1000.24: (0.75, -0.65, -0.10)
1000.34: (0.75, -0.65, -0.10)
1000.46: (0.84, -0.51, -0.20)
1000.56: (0.93, -0.30, -0.21)
1000.67: (0.98, -0.17, -0.11)
1000.79: (1.00, -0.06, -0.01)
1000.89: (1.00, 0.02, 0.07)
1000.89: (0.97, 0.19, 0.16): 1
1000.91: (1.00, 0.02, 0.06)
1001.02: (1.00, 0.03, 0.07)
1001.12: (1.00, -0.06, 0.05)
1001.24: (1.00, -0.06, 0.05)
1001.34: (1.00, -0.05, 0.05)
1001.46: (0.99, 0.13, 0.08)
1001.56: (0.98, 0.17, 0.11)
1001.59: (0.98, 0.18, 0.12)
1001.59: (0.02, 0.77, -0.64): 0
1001.67: (0.98, 0.18, 0.12)
1001.77: (0.98, 0.18, 0.12)
1001.89: (0.98, 0.17, 0.12)
1002.01: (0.98, 0.18, 0.11)
1002.12: (0.92, 0.40, 0.00)
1002.24: (0.60, 0.76, -0.26)
1002.34: (0.36, 0.83, -0.41)
1002.45: (0.16, 0.83, -0.53)
1002.57: (0.23, 0.82, -0.52)
1002.69: (0.18, 0.82, -0.55)
1002.80: (0.05, 0.80, -0.59)
1002.84: (0.04, 0.80, -0.60)
1002.84: (-0.36, -0.81, 0.47): 2
1002.92: (0.02, 0.80, -0.60)
1003.02: (0.00, 0.82, -0.58)
1003.12: (0.00, 0.82, -0.57)
1003.24: (0.00, 0.82, -0.57)
1003.35: (0.00, 0.82, -0.57)
1003.47: (0.00, 0.81, -0.59)
1003.59: (0.00, 0.81, -0.58)
1003.70: (-0.03, 0.81, -0.58)
1003.82: (-0.22, 0.83, -0.51)
1003.92: (-0.66, 0.73, -0.17)
1004.02: (-0.75, 0.66, 0.00)
1004.14: (-0.82, 0.57, 0.07)
1004.25: (-0.92, 0.26, 0.29)
1004.37: (-0.88, -0.06, 0.47)
1004.49: (-0.88, -0.06, 0.47)
1004.60: (-0.88, -0.06, 0.47)
1004.72: (-0.86, -0.19, 0.47)
1004.84: (-0.61, -0.65, 0.46)
1004.95: (-0.58, -0.69, 0.42)
1005.07: (-0.58, -0.69, 0.42)
1005.19: (-0.45, -0.76, 0.47)
1005.30: (-0.37, -0.82, 0.45)
1005.35: (-0.35, -0.83, 0.44)
1005.35: (-0.07, -0.65, -0.75): 1
1005.42: (-0.35, -0.83, 0.44)
1005.52: (-0.36, -0.82, 0.44)
1005.62: (-0.37, -0.82, 0.44)
1005.74: (-0.37, -0.82, 0.44)
1005.85: (-0.37, -0.82, 0.44)
1005.97: (-0.33, -0.82, 0.48)
1006.09: (-0.25, -0.91, 0.32)
1006.19: (0.27, -0.96, -0.10)
1006.30: (0.72, -0.65, -0.25)
1006.42: (0.88, -0.43, -0.19)
1006.54: (0.89, -0.43, -0.16)
1006.65: (0.98, -0.13, 0.12)
1006.77: (0.98, 0.05, 0.21)
1006.89: (0.83, 0.38, 0.40)
1006.99: (0.80, 0.42, 0.43)
1007.10: (0.86, 0.32, 0.39)
1007.22: (0.96, -0.18, 0.20)
1007.32: (0.71, -0.69, -0.17)
1007.44: (0.52, -0.72, -0.46)
1007.55: (0.62, -0.43, -0.66)
1007.67: (0.63, -0.42, -0.65)
1007.79: (0.64, -0.42, -0.64)
1007.90: (0.40, -0.60, -0.69)
1008.02: (0.06, -0.68, -0.73)
1008.12: (0.04, -0.64, -0.77)
1008.24: (0.05, -0.62, -0.78)
1008.24: (-0.98, -0.18, -0.11): 0
1008.24: (0.05, -0.62, -0.78)
1008.34: (0.05, -0.62, -0.78)
1008.45: (-0.07, -0.71, -0.70)
1008.57: (-0.07, -0.71, -0.70)
1008.69: (-0.02, -0.74, -0.68)
1008.80: (0.13, -0.73, -0.67)
1008.90: (0.26, -0.67, -0.70)
1009.02: (0.24, -0.77, -0.59)
1009.12: (-0.35, -0.93, -0.12)
1009.24: (-0.83, -0.38, 0.40)
1009.35: (-0.82, 0.08, 0.57)
1009.47: (-0.82, 0.08, 0.57)
1009.59: (-0.90, -0.03, 0.44)
1009.70: (-0.97, -0.23, 0.03)
1009.80: (-0.98, -0.22, -0.01)
1009.92: (-0.99, -0.11, -0.01)
1009.95: (-0.99, -0.10, -0.02)
1009.95: (0.79, -0.62, -0.01): 2
1010.04: (-0.99, -0.10, -0.02)
1010.14: (-0.99, -0.10, -0.02)
1010.25: (-0.99, -0.11, 0.01)
1010.37: (-0.99, -0.14, 0.07)
1010.49: (-0.96, -0.25, 0.13)
1010.59: (-0.96, -0.26, 0.09)
1010.70: (-0.76, -0.61, -0.22)
1010.80: (-0.10, -0.89, -0.45)
1010.92: (0.26, -0.89, -0.38)
1011.02: (0.26, -0.89, -0.38)
1011.14: (0.26, -0.89, -0.38)
1011.25: (0.36, -0.86, -0.36)
1011.37: (0.59, -0.76, -0.26)
1011.47: (0.62, -0.75, -0.25)
1011.59: (0.79, -0.61, -0.06)
1011.70: (0.81, -0.58, -0.01)
1011.70: (0.85, -0.04, -0.53): 0
1011.70: (0.81, -0.58, -0.01)
1011.82: (0.82, -0.58, -0.01)
1011.92: (0.81, -0.58, -0.01)
1012.04: (0.74, -0.66, -0.11)
1012.15: (0.80, -0.45, -0.41)
1012.27: (0.83, -0.39, -0.40)
1012.39: (0.88, -0.14, -0.45)
1012.50: (0.84, -0.10, -0.53)
1012.50: (-0.92, 0.35, -0.17): 0
1012.50: (0.84, -0.10, -0.53)
1012.60: (0.85, -0.08, -0.52)
1012.72: (0.87, -0.09, -0.49)
1012.84: (0.89, -0.09, -0.45)
1012.94: (0.89, -0.09, -0.45)
1013.05: (0.89, -0.09, -0.45)
1013.15: (0.89, 0.05, -0.44)
1013.27: (0.75, 0.50, -0.43)
1013.39: (0.41, 0.58, -0.71)
1013.50: (0.09, 0.66, -0.75)
1013.62: (-0.20, 0.82, -0.54)
1013.74: (-0.45, 0.82, -0.35)
1013.85: (-0.63, 0.78, -0.06)
1013.97: (-0.63, 0.78, -0.06)
1014.07: (-0.60, 0.79, -0.13)
1014.19: (-0.71, 0.70, -0.12)
1014.30: (-0.80, 0.58, -0.16)
1014.42: (-0.86, 0.49, -0.17)
1014.50: (-0.90, 0.42, -0.14)
1014.50: (-0.99, 0.15, -0.03): 1
1014.54: (-0.90, 0.42, -0.14)
1014.65: (-0.90, 0.42, -0.14)
1014.77: (-0.88, 0.45, -0.15)
1014.87: (-0.88, 0.45, -0.15)
1014.99: (-0.89, 0.42, -0.20)
1015.09: (-0.94, 0.31, -0.13)
1015.20: (-0.97, 0.25, -0.06)
1015.27: (-0.97, 0.23, -0.03)
1015.27: (0.22, -0.32, 0.92): 1
1015.32: (-0.97, 0.22, -0.03)
1015.44: (-0.97, 0.22, -0.03)
1015.54: (-0.97, 0.23, -0.02)
1015.65: (-0.97, 0.24, -0.02)
1015.75: (-0.97, 0.25, -0.02)
1015.85: (-0.97, 0.25, -0.03)
1015.97: (-0.96, 0.28, 0.01)
1016.09: (-0.81, 0.49, 0.31)
1016.20: (-0.33, 0.60, 0.72)
1016.32: (-0.11, 0.52, 0.85)
1016.44: (-0.02, 0.40, 0.92)
1016.54: (0.51, -0.03, 0.86)
1016.65: (0.58, -0.03, 0.82)
1016.77: (0.58, -0.03, 0.82)
1016.87: (0.44, -0.07, 0.90)
1016.99: (0.20, -0.20, 0.96)
1017.10: (0.17, -0.24, 0.96)
1017.12: (0.17, -0.24, 0.96)
1017.12: (0.97, -0.21, 0.12): 2
1017.22: (0.17, -0.24, 0.96)
1017.34: (0.18, -0.24, 0.95)
1017.45: (0.19, -0.20, 0.96)
1017.57: (0.18, -0.14, 0.97)
1017.67: (0.18, -0.14, 0.97)
1017.78: (0.19, -0.15, 0.97)
1017.90: (0.34, -0.34, 0.88)
1018.02: (0.59, -0.74, 0.33)
1018.13: (0.61, -0.76, -0.23)
1018.23: (0.61, -0.76, -0.22)
1018.35: (0.61, -0.76, -0.22)
1018.45: (0.61, -0.76, -0.22)
1018.55: (0.87, -0.50, -0.03)
1018.67: (0.89, -0.45, 0.00)
1018.78: (0.88, -0.47, -0.01)
1018.90: (0.95, -0.28, 0.16)
1019.00: (0.96, -0.19, 0.21)
1019.12: (0.96, -0.20, 0.21)
1019.17: (0.96, -0.20, 0.20)
1019.17: (0.87, -0.21, 0.45): 1
1019.22: (0.96, -0.20, 0.20)
1019.32: (0.96, -0.19, 0.20)
1019.43: (0.97, -0.18, 0.16)
1019.55: (0.97, -0.18, 0.16)
1019.65: (0.96, -0.19, 0.20)
1019.77: (0.90, -0.20, 0.39)
1019.88: (0.88, -0.20, 0.44)
1019.93: (0.84, -0.19, 0.50)
1019.93: (0.87, -0.45, 0.18): 0
1020.00: (0.85, -0.19, 0.49)
1020.12: (0.85, -0.20, 0.49)
1020.22: (0.85, -0.20, 0.48)
1020.32: (0.85, -0.20, 0.48)
1020.43: (0.88, -0.31, 0.35)
1020.55: (0.88, -0.38, 0.29)
1020.63: (0.89, -0.40, 0.23)
1020.63: (0.95, -0.15, -0.27): 0
1020.65: (0.89, -0.40, 0.23)
1020.77: (0.89, -0.40, 0.23)
1020.87: (0.89, -0.40, 0.24)
1020.98: (0.89, -0.40, 0.24)
1021.10: (0.95, -0.30, 0.02)
1021.22: (0.96, -0.27, -0.07)
1021.33: (0.96, -0.22, -0.16)
1021.43: (0.96, -0.19, -0.22)
1021.48: (0.95, -0.17, -0.25)
1021.48: (0.39, -0.77, -0.50): 1
1021.55: (0.95, -0.17, -0.25)
1021.65: (0.96, -0.16, -0.22)
1021.75: (0.98, -0.14, -0.15)
1021.87: (0.98, -0.15, -0.11)
1021.98: (0.86, -0.41, -0.29)
1022.10: (0.73, -0.58, -0.36)
1022.22: (0.65, -0.64, -0.41)
1022.33: (0.54, -0.68, -0.49)
1022.43: (0.49, -0.73, -0.48)
1022.47: (0.48, -0.73, -0.48)
1022.47: (0.59, 0.32, 0.74): 1
1022.53: (0.48, -0.73, -0.48)
1022.65: (0.49, -0.71, -0.51)
1022.77: (0.49, -0.71, -0.51)
1022.88: (0.49, -0.71, -0.51)
1022.98: (0.47, -0.73, -0.49)
1023.10: (0.70, -0.59, -0.40)
1023.20: (0.95, -0.30, 0.07)
1023.32: (0.85, -0.21, 0.49)
1023.43: (0.31, 0.09, 0.95)
1023.53: (0.36, 0.11, 0.93)
1023.65: (0.36, 0.11, 0.93)
1023.77: (0.48, 0.21, 0.86)
1023.88: (0.53, 0.28, 0.80)
1024.00: (0.59, 0.29, 0.76)
1024.02: (0.59, 0.29, 0.76)
1024.02: (-0.24, -0.49, -0.84): 0
1024.10: (0.59, 0.29, 0.76)
1024.22: (0.60, 0.30, 0.74)
1024.33: (0.63, 0.31, 0.71)
1024.45: (0.63, 0.31, 0.71)
1024.55: (0.63, 0.31, 0.71)
1024.67: (0.60, 0.30, 0.74)
1024.78: (0.83, 0.04, 0.55)
1024.90: (0.98, -0.18, 0.07)
1025.00: (0.99, -0.12, 0.08)
1025.12: (0.99, -0.12, 0.08)
1025.23: (0.99, -0.15, 0.00)
1025.35: (0.74, -0.22, -0.64)
1025.47: (0.67, -0.14, -0.72)
1025.58: (0.67, -0.14, -0.72)
1025.70: (0.70, -0.15, -0.70)
1025.80: (0.21, -0.13, -0.97)
1025.92: (-0.21, -0.16, -0.96)
1026.03: (-0.22, -0.16, -0.96)
1026.15: (-0.15, -0.37, -0.92)
1026.27: (-0.18, -0.47, -0.86)
1026.33: (-0.19, -0.48, -0.86)
1026.33: (-0.41, 0.13, 0.90): 1
1026.38: (-0.20, -0.48, -0.86)
1026.50: (-0.20, -0.45, -0.87)
1026.60: (-0.18, -0.43, -0.88)
1026.70: (-0.18, -0.43, -0.88)
1026.82: (-0.18, -0.43, -0.88)
1026.93: (-0.19, -0.44, -0.88)
1027.05: (-0.15, -0.47, -0.87)
1027.15: (-0.11, -0.62, -0.78)
1027.27: (-0.04, -0.65, -0.76)
1027.37: (-0.03, -0.65, -0.76)
1027.48: (-0.01, -0.68, -0.73)
1027.58: (0.07, -0.61, -0.79)
1027.68: (0.09, -0.60, -0.79)
1027.80: (0.25, -0.64, -0.72)
1027.92: (0.23, -0.67, -0.71)
1028.03: (0.24, -0.56, -0.79)
1028.15: (-0.17, -0.73, -0.66)
1028.27: (-0.88, -0.42, -0.23)
1028.37: (-0.96, -0.18, -0.22)
1028.48: (-0.96, -0.18, -0.22)
1028.58: (-0.95, -0.21, -0.22)
1028.70: (-0.99, 0.10, -0.10)
1028.82: (-0.80, 0.59, -0.10)
1028.93: (-0.74, 0.67, -0.07)
1029.05: (-0.70, 0.71, -0.07)
1029.15: (-0.39, 0.92, 0.06)
1029.25: (-0.06, 0.97, 0.24)
1029.37: (-0.07, 0.91, 0.40)
1029.48: (-0.36, 0.65, 0.67)
1029.60: (-0.13, 0.17, 0.98)
1029.72: (-0.13, 0.17, 0.98)
1029.82: (-0.13, 0.16, 0.98)
1029.93: (-0.32, 0.19, 0.93)
1030.05: (-0.43, 0.19, 0.88)
1030.08: (-0.43, 0.19, 0.88)
1030.08: (0.86, 0.51, -0.01): 2
1030.17: (-0.43, 0.19, 0.88)
1030.28: (-0.39, 0.18, 0.91)
1030.40: (-0.39, 0.19, 0.90)
1030.52: (-0.39, 0.19, 0.90)
1030.63: (-0.39, 0.19, 0.90)
1030.75: (-0.39, 0.19, 0.90)
1030.87: (-0.33, 0.16, 0.93)
1030.98: (-0.42, 0.12, 0.90)
1031.10: (-0.64, -0.27, 0.72)
1031.22: (-0.05, -0.70, 0.71)
1031.32: (0.07, -0.68, 0.73)
1031.43: (0.07, -0.68, 0.73)
1031.55: (0.05, -0.70, 0.71)
1031.67: (0.42, -0.18, 0.89)
1031.78: (0.66, 0.49, 0.57)
1031.90: (0.66, 0.52, 0.54)
1032.02: (0.66, 0.52, 0.54)
1032.13: (0.74, 0.50, 0.45)
1032.25: (0.89, 0.41, 0.20)
1032.37: (0.90, 0.41, 0.16)
1032.48: (0.85, 0.52, 0.03)
1032.55: (0.83, 0.56, 0.02)
1032.55: (-0.89, 0.25, 0.38): 2
1032.58: (0.83, 0.56, 0.02)
1032.70: (0.83, 0.55, -0.01)
1032.82: (0.84, 0.54, 0.01)
1032.93: (0.84, 0.54, 0.01)
1033.05: (0.86, 0.51, 0.00)
1033.17: (0.87, 0.48, -0.09)
1033.28: (0.86, 0.50, -0.08)
1033.38: (0.55, 0.59, 0.60)
1033.50: (0.22, 0.48, 0.85)
1033.62: (0.27, 0.54, 0.80)
1033.73: (0.28, 0.54, 0.80)
1033.85: (0.02, 0.44, 0.90)
1033.97: (-0.71, -0.03, 0.70)
1034.08: (-0.71, 0.02, 0.70)
1034.20: (-0.71, 0.02, 0.70)
1034.32: (-0.82, 0.18, 0.55)
1034.43: (-0.84, 0.38, 0.40)
1034.55: (-0.84, 0.35, 0.42)
1034.65: (-0.89, 0.21, 0.41)
1034.68: (-0.89, 0.20, 0.41)
1034.68: (-0.81, 0.18, -0.56): 2
1034.76: (-0.89, 0.20, 0.41)
1034.88: (-0.88, 0.23, 0.42)
1035.00: (-0.87, 0.24, 0.43)
1035.12: (-0.87, 0.24, 0.43)
1035.23: (-0.89, 0.24, 0.39)
1035.33: (-0.92, 0.33, -0.21)
1035.45: (-0.86, 0.32, -0.39)
1035.56: (-0.90, 0.30, -0.33)
1035.68: (-0.84, 0.15, -0.52)
1035.76: (-0.83, 0.14, -0.54)
1035.76: (-0.48, -0.18, 0.86): 2
1035.80: (-0.83, 0.14, -0.54)
1035.91: (-0.83, 0.14, -0.53)
1036.03: (-0.85, 0.17, -0.50)
1036.15: (-0.87, 0.28, -0.41)
1036.25: (-0.87, 0.28, -0.41)
1036.36: (-0.67, 0.74, -0.09)
1036.48: (0.41, 0.76, 0.50)
1036.60: (0.39, 0.78, 0.49)
1036.70: (0.40, 0.75, 0.53)
1036.80: (0.53, 0.58, 0.62)
1036.91: (0.55, 0.56, 0.62)
1037.01: (0.55, 0.56, 0.62)
1037.12: (0.55, 0.56, 0.62)
1037.23: (0.69, 0.37, 0.62)
1037.35: (0.89, -0.09, 0.45)
1037.46: (0.88, -0.38, 0.30)
1037.58: (0.80, -0.56, 0.21)
1037.70: (0.05, -0.98, -0.18)
1037.81: (-0.23, -0.95, -0.23)
1037.93: (-0.23, -0.95, -0.23)
1038.03: (-0.24, -0.94, -0.23)
1038.15: (-0.43, -0.87, 0.24)
1038.26: (-0.39, -0.70, 0.60)
1038.36: (-0.39, -0.70, 0.60)
1038.48: (-0.39, -0.70, 0.60)
1038.60: (-0.40, -0.59, 0.70)
1038.71: (-0.47, -0.41, 0.79)
1038.83: (-0.50, -0.31, 0.81)
1038.85: (-0.50, -0.30, 0.81)
1038.85: (0.07, 0.59, 0.81): 1
1038.95: (-0.52, -0.25, 0.82)
1039.05: (-0.53, -0.25, 0.81)
1039.16: (-0.53, -0.26, 0.80)
1039.28: (-0.59, -0.25, 0.77)
1039.40: (-0.68, -0.24, 0.69)
1039.51: (-0.73, -0.29, 0.62)
1039.61: (-0.90, 0.00, 0.43)
1039.73: (-0.88, 0.46, 0.13)
1039.83: (-0.87, 0.49, 0.01)
1039.95: (-0.87, 0.49, 0.01)
1040.06: (-0.87, 0.50, 0.01)
1040.18: (-0.86, 0.37, 0.35)
1040.28: (-0.55, 0.05, 0.83)
1040.40: (-0.23, 0.14, 0.96)
1040.51: (-0.01, 0.01, 1.00)
1040.61: (-0.01, 0.01, 1.00)
1040.73: (0.00, 0.02, 1.00)
1040.85: (-0.02, 0.35, 0.93)
1040.96: (-0.01, 0.50, 0.86)
1041.01: (-0.01, 0.50, 0.86)
1041.01: (0.93, -0.03, 0.37): 2
1041.08: (-0.01, 0.50, 0.86)
1041.20: (-0.01, 0.50, 0.86)
1041.30: (-0.04, 0.47, 0.88)
1041.41: (-0.15, 0.34, 0.93)
1041.53: (-0.49, 0.21, 0.85)
1041.65: (-0.75, -0.07, 0.65)
1041.76: (-0.56, -0.36, 0.74)
1041.88: (-0.17, -0.88, 0.44)
1042.00: (-0.03, -0.97, 0.23)
1042.11: (-0.03, -0.97, 0.23)
1042.21: (-0.06, -0.96, 0.27)
1042.33: (0.03, -0.99, 0.10)
1042.45: (0.28, -0.87, -0.40)
1042.56: (0.26, -0.84, -0.48)
1042.68: (0.36, -0.66, -0.66)
1042.80: (0.49, -0.27, -0.83)
1042.90: (0.47, -0.12, -0.87)
1043.01: (0.45, -0.14, -0.88)
1043.13: (0.44, -0.16, -0.88)
1043.25: (0.78, -0.17, -0.60)
1043.35: (0.99, -0.16, 0.00)
1043.46: (0.83, 0.07, 0.55)
1043.56: (0.66, 0.15, 0.74)
1043.68: (0.75, 0.11, 0.65)
1043.80: (0.87, 0.09, 0.49)
1043.91: (0.90, 0.06, 0.44)
1043.96: (0.91, -0.01, 0.40)
1043.96: (0.98, 0.20, 0.04): 1
1044.01: (0.92, -0.01, 0.40)
1044.13: (0.92, -0.01, 0.40)
1044.25: (0.93, -0.03, 0.36)
1044.36: (0.93, -0.03, 0.36)
1044.46: (0.93, 0.01, 0.36)
1044.56: (0.96, 0.09, 0.26)
1044.68: (0.98, 0.13, 0.16)
1044.73: (0.98, 0.14, 0.14)
1044.73: (0.99, 0.04, -0.11): 0
1044.80: (0.98, 0.14, 0.13)
1044.91: (0.98, 0.16, 0.10)
1045.03: (0.98, 0.19, 0.05)
1045.15: (0.99, 0.10, -0.03)
1045.23: (1.00, 0.06, -0.07)
1045.23: (0.86, -0.29, 0.43): 2
1045.26: (1.00, 0.06, -0.07)
1045.36: (1.00, 0.06, -0.07)
1045.46: (1.00, 0.06, -0.08)
1045.58: (1.00, 0.06, -0.02)
1045.70: (0.98, -0.04, 0.19)
1045.81: (0.97, -0.08, 0.22)
1045.93: (0.96, -0.12, 0.25)
1046.03: (0.89, -0.22, 0.39)
1046.03: (0.48, -0.23, -0.84): 2
1046.03: (0.89, -0.22, 0.39)
1046.15: (0.88, -0.23, 0.41)
1046.26: (0.88, -0.23, 0.41)
1046.38: (0.90, -0.24, 0.37)
1046.50: (0.97, -0.15, 0.18)
1046.61: (0.99, 0.11, 0.00)
1046.73: (0.91, 0.29, -0.29)
1046.85: (0.75, -0.36, -0.55)
1046.96: (0.29, -0.78, -0.56)
1047.06: (0.30, -0.77, -0.56)
1047.18: (0.32, -0.77, -0.56)
1047.30: (0.37, -0.63, -0.68)
1047.41: (0.45, -0.43, -0.78)
1047.51: (0.45, -0.43, -0.78)
1047.60: (0.45, -0.40, -0.80)
1047.60: (-0.82, -0.08, 0.57): 0
1047.63: (0.45, -0.40, -0.80)
1047.75: (0.48, -0.29, -0.83)
1047.86: (0.49, -0.26, -0.83)
1047.98: (0.49, -0.26, -0.83)
1048.08: (0.30, -0.38, -0.87)
1048.20: (-0.16, -0.64, -0.75)
1048.31: (-0.33, -0.80, -0.50)
1048.43: (-0.33, -0.80, -0.50)
1048.53: (-0.31, -0.84, -0.45)
1048.65: (-0.51, -0.86, -0.01)
1048.76: (-0.64, -0.60, 0.47)
1048.88: (-0.66, -0.65, 0.38)
1049.00: (-0.64, -0.67, 0.38)
1049.11: (-0.75, -0.34, 0.57)
1049.21: (-0.80, -0.23, 0.55)
1049.33: (-0.86, -0.17, 0.48)
1049.38: (-0.86, -0.18, 0.47)
1049.38: (0.22, -0.46, 0.86): 0
1049.45: (-0.84, -0.13, 0.53)
1049.56: (-0.83, -0.12, 0.54)
1049.68: (-0.84, -0.14, 0.52)
1049.78: (-0.84, -0.14, 0.52)
1049.88: (-0.84, -0.15, 0.52)
1050.00: (-0.83, -0.02, 0.55)
1050.11: (-0.80, 0.30, 0.52)
1050.23: (-0.45, 0.72, 0.53)
1050.35: (-0.18, 0.97, 0.17)
1050.46: (-0.19, 0.97, 0.16)
1050.58: (-0.19, 0.97, 0.17)
1050.68: (-0.13, 0.98, 0.13)
1050.80: (-0.04, 0.99, 0.16)
1050.91: (-0.04, 0.82, 0.56)
1051.03: (-0.06, 0.51, 0.86)
1051.15: (-0.04, 0.35, 0.94)
1051.26: (-0.04, 0.35, 0.94)
1051.36: (-0.06, 0.41, 0.91)
1051.48: (-0.09, 0.40, 0.91)
1051.60: (-0.02, -0.15, 0.99)
1051.71: (0.05, -0.39, 0.92)
1051.83: (0.09, -0.44, 0.89)
1051.94: (0.17, -0.37, 0.91)
1051.96: (0.17, -0.37, 0.91)
1051.96: (-0.17, 0.81, -0.56): 2
1052.06: (0.17, -0.37, 0.91)
1052.16: (0.17, -0.37, 0.91)
1052.28: (0.15, -0.35, 0.93)
1052.39: (0.05, -0.26, 0.96)
1052.51: (-0.03, -0.23, 0.97)
1052.63: (-0.04, -0.20, 0.98)
1052.73: (-0.01, -0.15, 0.99)
1052.84: (-0.13, 0.07, 0.99)
1052.94: (-0.06, 0.52, 0.85)
1053.06: (-0.20, 0.78, 0.59)
1053.18: (-0.54, 0.60, 0.59)
1053.28: (-0.77, 0.45, 0.45)
1053.39: (-0.80, 0.44, 0.40)
1053.51: (-0.80, 0.44, 0.40)
1053.63: (-0.80, 0.43, 0.41)
1053.74: (-0.85, 0.39, 0.36)
1053.86: (-0.99, 0.15, -0.02)
1053.98: (-0.96, 0.26, -0.05)
1054.08: (-0.75, 0.66, -0.08)
1054.19: (-0.40, 0.90, -0.18)
1054.31: (-0.06, 0.98, -0.20)
1054.41: (0.04, 0.98, -0.19)
1054.53: (-0.07, 0.95, -0.31)
1054.64: (-0.17, 0.89, -0.41)
1054.76: (-0.19, 0.86, -0.47)
1054.78: (-0.19, 0.86, -0.48)
1054.78: (0.67, -0.23, -0.71): 0
1054.86: (-0.19, 0.84, -0.51)
1054.96: (-0.19, 0.83, -0.52)
1055.08: (-0.23, 0.86, -0.46)
1055.19: (-0.23, 0.86, -0.46)
1055.31: (-0.23, 0.86, -0.46)
1055.41: (-0.27, 0.87, -0.41)
1055.53: (-0.57, 0.82, -0.09)
1055.64: (-0.78, 0.44, 0.45)
1055.76: (-0.75, 0.24, 0.62)
1055.88: (-0.74, 0.25, 0.63)
1055.99: (-0.74, 0.25, 0.63)
1056.11: (-0.72, 0.21, 0.66)
1056.23: (-0.52, -0.01, 0.85)
1056.33: (-0.26, -0.21, 0.94)
1056.44: (0.06, -0.11, 0.99)
1056.56: (0.28, 0.06, 0.96)
1056.68: (0.43, 0.11, 0.90)
1056.79: (0.60, 0.18, 0.78)
1056.91: (0.60, 0.18, 0.78)
1057.03: (0.60, 0.18, 0.78)
1057.13: (0.51, 0.18, 0.84)
1057.24: (0.80, 0.13, 0.58)
1057.34: (0.94, 0.16, 0.31)
1057.46: (0.95, 0.30, -0.09)
1057.56: (0.76, 0.51, -0.40)
1057.66: (0.72, 0.54, -0.44)
1057.78: (0.72, 0.54, -0.44)
1057.89: (0.66, 0.61, -0.44)
1058.01: (0.21, 0.95, -0.24)
1058.11: (-0.11, 0.99, -0.11)
1058.23: (-0.18, 0.98, -0.08)
1058.34: (-0.18, 0.98, -0.08)
1058.46: (-0.20, 0.97, -0.12)
1058.58: (0.32, 0.83, -0.45)
1058.69: (0.65, 0.49, -0.57)
1058.81: (0.66, 0.49, -0.57)
1058.93: (0.66, 0.49, -0.57)
1059.04: (0.81, 0.30, -0.51)
1059.16: (0.92, -0.38, -0.02)
1059.28: (0.67, -0.64, 0.39)
1059.39: (0.73, -0.63, 0.26)
1059.51: (0.80, -0.59, -0.11)
1059.63: (0.76, -0.50, -0.42)
1059.73: (0.76, -0.42, -0.50)
1059.83: (0.75, -0.25, -0.61)
1059.88: (0.73, -0.22, -0.65)
1059.88: (-1.00, 0.07, 0.02): 1
1059.94: (0.72, -0.20, -0.67)
1060.06: (0.72, -0.19, -0.67)
1060.16: (0.74, -0.19, -0.65)
1060.28: (0.75, -0.22, -0.62)
1060.39: (0.63, 0.03, -0.77)
1060.51: (0.25, 0.51, -0.82)
1060.63: (0.00, 0.75, -0.66)
1060.74: (0.00, 0.75, -0.66)
1060.86: (0.00, 0.75, -0.66)
1060.98: (-0.21, 0.76, -0.62)
1061.09: (-0.77, 0.56, -0.29)
1061.21: (-0.96, 0.28, -0.05)
1061.31: (-0.97, 0.26, -0.03)
1061.43: (-0.97, 0.24, -0.05)
1061.48: (-0.98, 0.19, -0.06)
1061.48: (0.88, -0.44, 0.15): 0
1061.54: (-0.99, 0.16, -0.04)
1061.66: (-0.99, 0.16, -0.03)
1061.76: (-0.99, 0.16, 0.00)
1061.88: (-0.99, 0.16, 0.00)
1061.98: (-0.99, 0.16, 0.00)
1062.09: (-0.99, 0.12, 0.08)
1062.21: (-0.81, -0.11, 0.57)
1062.33: (-0.38, -0.40, 0.83)
1062.44: (-0.41, -0.37, 0.83)
1062.54: (-0.41, -0.37, 0.83)
1062.66: (-0.46, -0.41, 0.79)
1062.78: (-0.03, -0.73, 0.69)
1062.89: (0.31, -0.83, 0.46)
1063.01: (0.57, -0.76, 0.31)
1063.13: (0.57, -0.76, 0.31)
1063.24: (0.58, -0.76, 0.28)
1063.34: (0.76, -0.62, 0.21)
1063.46: (0.83, -0.52, 0.17)
1063.56: (0.86, -0.48, 0.15)
1063.56: (-0.50, -0.51, 0.70): 1
1063.58: (0.86, -0.48, 0.15)
1063.69: (0.87, -0.48, 0.14)
1063.81: (0.82, -0.53, 0.21)
1063.93: (0.78, -0.56, 0.26)
1064.04: (0.70, -0.60, 0.40)
1064.16: (-0.11, -0.56, 0.82)
1064.28: (-0.68, -0.20, 0.70)
1064.39: (-0.65, -0.23, 0.73)
1064.49: (-0.62, -0.27, 0.74)
1064.59: (-0.58, -0.39, 0.71)
1064.71: (-0.55, -0.51, 0.66)
1064.73: (-0.54, -0.52, 0.66)
1064.73: (0.26, -0.89, 0.38): 2
1064.83: (-0.54, -0.52, 0.66)
1064.94: (-0.54, -0.52, 0.66)
1065.06: (-0.55, -0.51, 0.66)
1065.18: (-0.26, -0.74, 0.62)
1065.29: (-0.04, -0.83, 0.56)
1065.39: (0.00, -0.85, 0.52)
1065.51: (0.12, -0.89, 0.44)
1065.56: (0.15, -0.89, 0.43)
1065.56: (-0.14, 0.10, 0.98): 2
1065.63: (0.15, -0.89, 0.43)
1065.74: (0.16, -0.89, 0.43)
1065.86: (0.14, -0.88, 0.45)
1065.98: (0.01, -0.83, 0.56)
1066.09: (0.22, -0.58, 0.78)
1066.21: (0.30, -0.31, 0.90)
1066.33: (-0.18, -0.12, 0.98)
1066.44: (-0.41, 0.01, 0.91)
1066.56: (-0.31, -0.02, 0.95)
1066.68: (-0.19, 0.00, 0.98)
1066.74: (-0.18, 0.00, 0.98)
1066.74: (0.93, 0.35, 0.06): 2
1066.79: (-0.18, 0.00, 0.98)
1066.91: (-0.18, 0.00, 0.98)
1067.03: (-0.17, 0.02, 0.98)
1067.13: (-0.17, 0.02, 0.98)
1067.24: (-0.15, -0.02, 0.99)
1067.36: (-0.11, -0.05, 0.99)
1067.46: (0.22, 0.07, 0.97)
1067.58: (0.61, 0.14, 0.78)
1067.69: (0.77, 0.15, 0.62)
1067.79: (0.76, 0.15, 0.63)
1067.91: (0.77, 0.13, 0.62)
1068.03: (0.92, 0.28, 0.28)
1068.14: (0.94, 0.29, 0.18)
1068.24: (0.95, 0.28, 0.13)
1068.24: (1.00, 0.00, -0.02): 0
1068.26: (0.95, 0.28, 0.13)
1068.37: (0.95, 0.29, 0.11)
1068.49: (0.95, 0.28, 0.14)
1068.61: (0.98, 0.16, 0.15)
1068.72: (1.00, 0.05, 0.07)
1068.74: (1.00, 0.05, 0.07)
1068.74: (-0.62, 0.32, 0.72): 1
1068.83: (1.00, 0.05, 0.07)
1068.94: (1.00, 0.05, 0.07)
1069.04: (1.00, 0.05, 0.08)
1069.16: (0.97, 0.04, 0.22)
1069.27: (0.85, 0.09, 0.52)
1069.39: (0.36, 0.22, 0.91)
1069.49: (0.10, 0.28, 0.96)
1069.59: (-0.07, 0.30, 0.95)
1069.71: (-0.44, 0.28, 0.85)
1069.82: (-0.45, 0.30, 0.84)
1069.94: (-0.45, 0.31, 0.84)
1070.04: (-0.58, 0.28, 0.77)
1070.16: (-0.59, 0.28, 0.76)
1070.22: (-0.59, 0.28, 0.76)
1070.22: (0.33, -0.21, -0.92): 0
1070.26: (-0.59, 0.28, 0.76)
1070.37: (-0.60, 0.28, 0.75)
1070.47: (-0.58, 0.31, 0.76)
1070.57: (-0.58, 0.31, 0.76)
1070.69: (-0.57, 0.31, 0.76)
1070.81: (-0.14, 0.49, 0.86)
1070.92: (0.35, 0.56, 0.75)
1071.02: (0.33, 0.61, 0.72)
1071.12: (0.33, 0.61, 0.72)
1071.24: (0.32, 0.59, 0.74)
1071.36: (0.65, 0.56, 0.52)
1071.47: (0.97, 0.21, 0.12)
1071.57: (0.98, 0.19, 0.09)
1071.69: (0.99, 0.15, 0.01)
1071.81: (0.90, -0.17, -0.39)
1071.91: (0.90, -0.17, -0.39)
1072.02: (0.90, -0.17, -0.39)
1072.14: (0.83, -0.23, -0.50)
1072.24: (0.61, -0.26, -0.75)
1072.36: (0.47, -0.29, -0.83)
1072.47: (0.39, -0.29, -0.88)
1072.54: (0.34, -0.28, -0.90)
1072.54: (-0.88, -0.03, 0.47): 0
1072.59: (0.34, -0.28, -0.90)
1072.69: (0.34, -0.27, -0.90)
1072.81: (0.44, -0.16, -0.88)
1072.92: (0.44, -0.16, -0.88)
1073.04: (0.41, -0.20, -0.89)
1073.14: (0.42, -0.21, -0.88)
1073.26: (0.44, -0.49, -0.75)
1073.37: (0.02, -0.78, -0.62)
1073.47: (-0.02, -0.79, -0.61)
1073.59: (-0.01, -0.79, -0.62)
1073.71: (-0.11, -0.83, -0.55)
1073.81: (-0.46, -0.86, -0.21)
1073.92: (-0.78, -0.63, -0.02)
1074.04: (-0.78, -0.63, -0.02)
1074.16: (-0.77, -0.63, 0.02)
1074.27: (-0.90, -0.23, 0.38)
1074.39: (-0.88, -0.06, 0.47)
1074.51: (-0.88, -0.05, 0.46)
1074.52: (-0.88, -0.05, 0.46)
1074.52: (0.83, 0.41, -0.38): 1
1074.61: (-0.88, -0.05, 0.46)
1074.72: (-0.88, -0.05, 0.46)
1074.82: (-0.89, -0.04, 0.45)
1074.94: (-0.91, -0.04, 0.42)
1075.06: (-0.91, -0.04, 0.42)
1075.17: (-0.90, 0.04, 0.44)
1075.29: (-0.79, 0.61, 0.10)
1075.41: (-0.58, 0.81, -0.11)
1075.52: (-0.62, 0.77, -0.13)
1075.64: (-0.63, 0.77, -0.13)
1075.76: (-0.59, 0.80, -0.10)
1075.87: (-0.25, 0.96, -0.12)
1075.99: (0.22, 0.96, -0.16)
1076.11: (0.29, 0.94, -0.20)
1076.21: (0.31, 0.91, -0.27)
1076.32: (0.31, 0.91, -0.27)
1076.44: (0.29, 0.93, -0.24)
1076.56: (0.56, 0.78, -0.28)
1076.67: (0.77, 0.56, -0.30)
1076.79: (0.81, 0.47, -0.34)
1076.91: (0.83, 0.44, -0.34)
1076.91: (-0.45, 0.88, 0.15): 2
1076.91: (0.83, 0.44, -0.34)
1077.02: (0.82, 0.46, -0.33)
1077.14: (0.81, 0.48, -0.34)
1077.26: (0.76, 0.54, -0.36)
1077.36: (0.70, 0.63, -0.34)
1077.46: (0.53, 0.82, -0.24)
1077.57: (0.36, 0.93, -0.09)
1077.69: (-0.23, 0.93, -0.29)
1077.81: (-0.52, 0.79, -0.33)
1077.92: (-0.47, 0.87, -0.13)
1078.04: (-0.36, 0.93, -0.01)
1078.16: (-0.38, 0.92, 0.06)
1078.26: (-0.51, 0.85, 0.14)
1078.27: (-0.52, 0.84, 0.14)
1078.27: (0.45, -0.82, -0.35): 2
1078.37: (-0.51, 0.85, 0.14)
1078.49: (-0.48, 0.87, 0.13)
1078.61: (-0.48, 0.87, 0.13)
1078.72: (-0.48, 0.87, 0.13)
1078.82: (-0.49, 0.86, 0.14)
1078.94: (-0.51, 0.84, 0.17)
1079.06: (-0.79, 0.60, 0.14)
1079.16: (-0.93, 0.37, -0.05)
1079.27: (-0.63, 0.70, -0.33)
1079.37: (-0.03, 0.98, -0.19)
1079.49: (0.58, 0.81, 0.08)
1079.61: (0.60, 0.79, 0.07)
1079.72: (0.60, 0.79, 0.07)
1079.84: (0.61, 0.79, 0.04)
1079.96: (0.52, 0.68, -0.52)
1080.07: (0.26, 0.28, -0.92)
1080.19: (0.35, 0.19, -0.92)
1080.31: (0.94, 0.02, -0.34)
1080.42: (0.99, -0.12, 0.10)
1080.52: (1.00, -0.05, -0.02)
1080.64: (1.00, -0.05, -0.02)
1080.76: (0.98, -0.14, 0.11)
1080.87: (0.75, -0.58, 0.31)
1080.97: (0.43, -0.77, 0.47)
1081.09: (0.23, -0.79, 0.56)
1081.21: (0.21, -0.83, 0.52)
1081.32: (0.47, -0.88, 0.02)
1081.44: (0.55, -0.83, -0.14)
1081.56: (0.55, -0.83, -0.13)
1081.67: (0.54, -0.81, -0.21)
1081.79: (0.55, -0.78, -0.30)
1081.81: (0.55, -0.78, -0.30)
1081.81: (0.36, -0.55, 0.76): 1
1081.91: (0.55, -0.78, -0.30)
1082.02: (0.56, -0.79, -0.26)
1082.14: (0.56, -0.79, -0.26)
1082.26: (0.57, -0.78, -0.25)
1082.37: (0.63, -0.77, -0.08)
1082.49: (0.49, -0.70, 0.52)
1082.61: (-0.01, -0.58, 0.82)
1082.71: (-0.01, -0.58, 0.82)
1082.82: (-0.01, -0.58, 0.81)
1082.94: (0.11, -0.57, 0.81)
1083.06: (0.32, -0.56, 0.77)
1083.12: (0.38, -0.55, 0.74)
1083.12: (0.85, -0.26, -0.46): 2
1083.17: (0.38, -0.55, 0.75)
1083.29: (0.37, -0.55, 0.75)
1083.41: (0.37, -0.55, 0.75)
1083.52: (0.36, -0.55, 0.75)
1083.62: (0.35, -0.69, 0.64)
1083.74: (0.37, -0.71, 0.61)
1083.86: (0.68, -0.68, 0.28)
1083.96: (0.80, -0.50, -0.34)
1084.07: (0.62, -0.36, -0.69)
1084.19: (0.66, -0.45, -0.59)
1084.29: (0.72, -0.47, -0.51)
1084.41: (0.83, -0.34, -0.45)
1084.52: (0.87, -0.26, -0.42)
1084.52: (0.94, 0.34, 0.00): 2
1084.52: (0.87, -0.26, -0.42)
1084.64: (0.87, -0.26, -0.42)
1084.74: (0.87, -0.25, -0.43)
1084.86: (0.88, -0.29, -0.39)
1084.97: (0.88, -0.29, -0.39)
1085.09: (0.89, -0.29, -0.36)
1085.19: (0.88, -0.29, -0.37)
1085.29: (0.85, -0.27, -0.45)
1085.41: (0.62, 0.11, -0.78)
1085.52: (0.17, 0.46, -0.87)
1085.62: (0.17, 0.46, -0.87)
1085.74: (0.17, 0.46, -0.87)
1085.85: (0.46, 0.60, -0.65)
1085.97: (0.67, 0.69, -0.28)
1086.09: (0.67, 0.69, -0.28)
1086.21: (0.67, 0.69, -0.28)
1086.32: (0.78, 0.60, -0.19)
1086.42: (0.85, 0.51, -0.13)
1086.54: (0.93, 0.36, -0.08)
1086.65: (0.96, 0.29, -0.01)
1086.65: (0.68, 0.69, -0.24): 0
1086.65: (0.96, 0.29, -0.01)
1086.77: (0.95, 0.30, -0.01)
1086.89: (0.95, 0.31, -0.01)
1086.99: (0.91, 0.42, -0.09)
1087.10: (0.74, 0.65, -0.16)
1087.22: (0.75, 0.64, -0.20)
1087.34: (0.73, 0.62, -0.29)
1087.39: (0.73, 0.62, -0.29)
1087.39: (0.99, 0.03, -0.10): 1
1087.45: (0.73, 0.62, -0.29)
1087.57: (0.73, 0.62, -0.29)
1087.67: (0.76, 0.57, -0.29)
1087.79: (0.93, 0.28, -0.22)
1087.90: (0.94, 0.28, -0.18)
1088.02: (0.97, 0.20, -0.10)
1088.12: (1.00, 0.01, -0.08)
1088.24: (1.00, 0.01, -0.08)
1088.29: (1.00, 0.01, -0.08)
1088.29: (-0.77, -0.33, 0.55): 1
1088.35: (1.00, 0.01, -0.08)
1088.45: (0.99, 0.01, -0.12)
1088.57: (0.97, 0.10, -0.23)
1088.67: (0.97, 0.10, -0.23)
1088.77: (0.98, 0.08, -0.20)
1088.89: (0.91, -0.29, -0.31)
1089.00: (0.36, -0.85, -0.37)
1089.12: (0.30, -0.89, -0.35)
1089.24: (0.30, -0.89, -0.35)
1089.35: (0.14, -0.98, -0.17)
1089.47: (-0.46, -0.84, 0.29)
1089.59: (-0.52, -0.78, 0.34)
1089.70: (-0.52, -0.78, 0.34)
1089.82: (-0.62, -0.66, 0.43)
1089.94: (-0.75, -0.42, 0.52)
1090.05: (-0.76, -0.38, 0.53)
1090.07: (-0.76, -0.38, 0.53)
1090.07: (0.87, -0.39, -0.31): 1
1090.15: (-0.76, -0.38, 0.53)
1090.27: (-0.75, -0.43, 0.51)
1090.39: (-0.62, -0.64, 0.44)
1090.49: (-0.53, -0.75, 0.40)
1090.60: (-0.28, -0.95, 0.15)
1090.72: (0.19, -0.94, -0.27)
1090.84: (0.22, -0.93, -0.30)
1090.95: (0.16, -0.95, -0.26)
1091.07: (0.31, -0.92, -0.25)
1091.17: (0.65, -0.68, -0.34)
1091.29: (0.72, -0.60, -0.35)
1091.40: (0.79, -0.51, -0.34)
1091.52: (0.87, -0.36, -0.33)
1091.52: (0.26, 0.74, -0.62): 1
1091.52: (0.87, -0.36, -0.33)
1091.64: (0.87, -0.37, -0.33)
1091.75: (0.86, -0.39, -0.33)
1091.85: (0.75, -0.59, -0.30)
1091.97: (0.57, -0.79, -0.23)
1092.09: (0.26, -0.96, -0.13)
1092.20: (-0.32, -0.94, 0.13)
1092.32: (0.16, -0.98, -0.14)
1092.44: (0.85, -0.26, -0.46)
1092.55: (0.90, 0.16, -0.40)
1092.67: (0.90, 0.15, -0.40)
1092.79: (0.91, 0.15, -0.40)
1092.90: (0.69, 0.46, -0.55)
1093.02: (0.32, 0.71, -0.63)
1093.14: (0.36, 0.70, -0.62)
1093.25: (0.40, 0.69, -0.61)
1093.27: (0.40, 0.69, -0.61)
1093.27: (1.00, 0.01, 0.03): 0
1093.37: (0.40, 0.69, -0.61)
1093.47: (0.39, 0.69, -0.60)
1093.57: (0.38, 0.72, -0.58)
1093.69: (0.48, 0.65, -0.59)
1093.80: (0.49, 0.63, -0.60)
1093.90: (0.49, 0.65, -0.58)
1094.02: (0.77, 0.20, -0.61)
1094.14: (0.87, -0.38, -0.32)
1094.24: (0.83, -0.47, -0.29)
1094.35: (0.81, -0.53, -0.23)
1094.47: (0.98, -0.01, -0.21)
1094.59: (0.99, 0.04, -0.13)
1094.69: (1.00, 0.02, -0.06)
1094.75: (1.00, 0.00, 0.00)
1094.75: (-0.21, -0.95, -0.22): 0
1094.80: (1.00, 0.00, 0.01)
1094.92: (1.00, -0.01, -0.01)
1095.04: (1.00, 0.00, -0.04)
1095.15: (1.00, 0.00, -0.04)
1095.27: (1.00, 0.04, -0.06)
1095.37: (0.94, -0.34, -0.06)
1095.49: (0.46, -0.88, 0.13)
1095.59: (0.39, -0.91, 0.13)
1095.70: (0.44, -0.89, 0.11)
1095.82: (0.45, -0.89, 0.10)
1095.92: (0.14, -0.99, 0.03)
1096.04: (-0.18, -0.98, -0.02)
1096.14: (-0.28, -0.96, -0.09)
1096.25: (-0.23, -0.95, -0.20)
1096.37: (-0.19, -0.95, -0.23)
1096.37: (-0.52, -0.32, 0.79): 1
1096.37: (-0.19, -0.95, -0.23)
1096.49: (-0.19, -0.95, -0.23)
1096.60: (-0.08, -0.96, -0.27)
1096.72: (-0.05, -0.96, -0.26)
1096.84: (-0.05, -0.96, -0.26)
1096.94: (-0.05, -0.97, -0.24)
1097.04: (-0.33, -0.94, -0.09)
1097.15: (-0.70, -0.66, 0.29)
1097.27: (-0.82, -0.36, 0.45)
1097.39: (-0.86, -0.25, 0.45)
1097.49: (-0.86, -0.25, 0.45)
1097.59: (-0.83, -0.28, 0.48)
1097.70: (-0.67, -0.33, 0.66)
1097.82: (-0.55, -0.37, 0.75)
1097.89: (-0.54, -0.38, 0.75)
1097.89: (-0.33, 0.54, -0.77): 2
1097.94: (-0.54, -0.38, 0.75)
1098.05: (-0.54, -0.38, 0.75)
1098.17: (-0.56, -0.38, 0.73)
1098.29: (-0.68, -0.36, 0.64)
1098.40: (-0.82, -0.36, 0.44)
1098.50: (-0.84, -0.41, 0.35)
1098.62: (-0.92, -0.30, 0.23)
1098.74: (-0.95, 0.31, 0.00)
1098.84: (-0.94, 0.35, -0.03)
1098.95: (-0.94, 0.34, -0.02)
1099.07: (-0.92, 0.39, 0.03)
1099.19: (-0.63, 0.76, -0.16)
1099.30: (-0.21, 0.94, -0.28)
1099.42: (0.03, 0.96, -0.29)
1099.54: (0.29, 0.87, -0.41)
1099.64: (-0.01, 0.79, -0.62)
1099.75: (-0.29, 0.68, -0.67)
1099.87: (-0.35, 0.68, -0.65)
1099.99: (-0.33, 0.64, -0.70)
1100.10: (-0.31, 0.59, -0.75)
1100.10: (0.66, -0.18, -0.73): 0
1100.10: (-0.31, 0.59, -0.75)
1100.20: (-0.31, 0.59, -0.75)
1100.32: (-0.33, 0.59, -0.73)
1100.42: (-0.35, 0.59, -0.72)
1100.54: (-0.57, 0.63, -0.52)
1100.65: (-0.84, 0.52, -0.14)
1100.77: (-0.86, 0.51, -0.08)
1100.89: (-0.66, 0.73, -0.17)
1101.00: (-0.37, 0.93, -0.07)
1101.12: (-0.09, 0.99, -0.08)
1101.23: (0.43, 0.88, -0.23)
1101.35: (0.79, 0.52, -0.32)
1101.45: (0.87, 0.30, -0.39)
1101.57: (0.87, 0.30, -0.39)
1101.69: (0.88, 0.29, -0.38)
1101.80: (0.85, 0.08, -0.53)
1101.90: (0.77, -0.03, -0.63)
1102.02: (0.72, -0.12, -0.68)
1102.14: (0.68, -0.23, -0.70)
1102.15: (0.68, -0.23, -0.70)
1102.15: (-0.16, -0.90, 0.42): 0
1102.25: (0.68, -0.24, -0.70)
1102.37: (0.65, -0.23, -0.73)
1102.48: (0.64, -0.14, -0.75)
1102.60: (0.64, -0.12, -0.76)
1102.72: (0.64, -0.14, -0.75)
1102.82: (0.57, -0.61, -0.55)
1102.92: (0.16, -0.99, -0.05)
1103.04: (0.08, -1.00, 0.00)
1103.15: (0.08, -1.00, 0.00)
1103.27: (0.12, -0.99, 0.00)
1103.37: (0.06, -0.98, 0.17)
1103.48: (-0.01, -0.95, 0.31)
1103.60: (-0.13, -0.89, 0.44)
1103.65: (-0.16, -0.87, 0.47)
1103.65: (0.68, 0.72, -0.14): 2
1103.70: (-0.16, -0.87, 0.47)
1103.82: (-0.19, -0.86, 0.48)
1103.93: (-0.21, -0.88, 0.43)
1104.05: (-0.31, -0.90, 0.30)
1104.17: (-0.51, -0.85, 0.11)
1104.28: (-0.54, -0.84, 0.06)
1104.40: (-0.44, -0.89, -0.11)
1104.50: (-0.04, -0.81, -0.58)
1104.62: (0.08, -0.63, -0.77)
1104.73: (0.06, -0.64, -0.76)
1104.85: (0.07, -0.65, -0.76)
1104.97: (0.03, -0.69, -0.72)
1105.08: (0.12, -0.24, -0.96)
1105.18: (0.23, 0.12, -0.97)
1105.30: (0.24, 0.19, -0.95)
1105.42: (0.29, 0.45, -0.84)
1105.53: (0.50, 0.79, -0.36)
1105.65: (0.74, 0.64, -0.23)
1105.75: (0.84, 0.52, -0.17)
1105.87: (0.75, 0.64, -0.18)
1105.98: (0.66, 0.74, -0.13)
1106.03: (0.66, 0.74, -0.12)
1106.03: (0.22, 0.94, 0.27): 2
1106.10: (0.66, 0.74, -0.12)
1106.22: (0.66, 0.74, -0.12)
1106.33: (0.65, 0.71, -0.25)
1106.43: (0.65, 0.71, -0.27)
1106.53: (0.65, 0.70, -0.28)
1106.65: (0.61, 0.75, -0.26)
1106.77: (0.41, 0.91, -0.07)
1106.88: (0.24, 0.97, 0.05)
1107.00: (0.24, 0.96, 0.17)
1107.10: (0.28, 0.92, 0.26)
1107.12: (0.28, 0.93, 0.26)
1107.12: (-0.97, 0.14, 0.18): 0
1107.22: (0.28, 0.93, 0.26)
1107.33: (0.26, 0.94, 0.21)
1107.45: (0.06, 0.99, -0.10)
1107.55: (-0.13, 0.96, -0.25)
1107.67: (-0.39, 0.62, -0.68)
1107.78: (-0.46, 0.33, -0.82)
1107.90: (-0.56, 0.24, -0.79)
1108.00: (-0.79, 0.01, -0.62)
1108.12: (-0.87, -0.02, -0.50)
1108.23: (-0.87, -0.02, -0.50)
1108.35: (-0.87, -0.02, -0.50)
1108.47: (-0.89, -0.02, -0.46)
1108.58: (-0.98, 0.05, -0.19)
1108.68: (-1.00, 0.07, 0.02)
1108.80: (-0.99, 0.10, 0.05)
1108.92: (-0.96, 0.20, 0.18)
1109.02: (-0.96, 0.19, 0.19)
1109.02: (-0.31, 0.87, -0.39): 0
1109.03: (-0.96, 0.19, 0.19)
1109.15: (-0.97, 0.18, 0.18)
1109.27: (-0.98, 0.14, 0.16)
1109.38: (-0.99, -0.14, 0.01)
1109.50: (-0.89, -0.45, -0.08)
1109.60: (-0.85, -0.53, 0.06)
1109.72: (-0.94, 0.34, 0.10)
1109.82: (-0.56, 0.83, 0.02)
1109.93: (-0.47, 0.88, 0.00)
1110.03: (-0.47, 0.88, 0.00)
1110.15: (-0.41, 0.90, -0.11)
1110.27: (-0.30, 0.91, -0.29)
1110.38: (-0.28, 0.88, -0.38)
1110.38: (0.60, 0.76, 0.23): 0
1110.38: (-0.28, 0.88, -0.38)
1110.50: (-0.28, 0.88, -0.38)
1110.62: (-0.28, 0.88, -0.38)
1110.72: (-0.25, 0.88, -0.40)
1110.83: (-0.20, 0.89, -0.40)
1110.93: (0.23, 0.94, -0.26)
1111.05: (0.79, 0.61, -0.04)
1111.17: (0.83, 0.55, 0.05)
1111.28: (0.66, 0.73, 0.18)
1111.40: (0.52, 0.82, 0.25)
1111.50: (0.51, 0.82, 0.25)
1111.50: (1.00, 0.01, -0.01): 0
1111.52: (0.51, 0.82, 0.25)
1111.63: (0.51, 0.82, 0.25)
1111.75: (0.52, 0.82, 0.25)
1111.87: (0.68, 0.68, 0.26)
1111.98: (0.77, 0.56, 0.32)
1112.10: (0.84, 0.13, 0.52)
1112.20: (0.88, 0.04, 0.48)
1112.30: (0.95, 0.11, 0.28)
1112.42: (0.98, 0.12, 0.16)
1112.53: (0.99, 0.08, 0.08)
1112.60: (1.00, 0.08, 0.02)
1112.60: (-1.00, -0.02, -0.08): 2
1112.65: (1.00, 0.08, 0.02)
1112.77: (1.00, 0.08, 0.02)
1112.88: (0.99, 0.13, -0.05)
1112.98: (0.99, 0.13, -0.05)
1113.10: (0.99, 0.13, -0.05)
1113.22: (0.99, 0.13, -0.06)
1113.33: (0.96, 0.28, -0.05)
1113.45: (0.52, 0.85, 0.07)
1113.57: (0.09, 0.98, 0.16)
1113.67: (0.11, 0.98, 0.18)
1113.78: (0.11, 0.98, 0.18)
1113.90: (-0.03, 0.99, 0.12)
1114.02: (-0.57, 0.82, 0.01)
1114.13: (-0.84, 0.53, -0.08)
1114.25: (-0.94, 0.35, -0.02)
1114.37: (-0.99, 0.13, -0.02)
1114.48: (-1.00, 0.00, -0.08)
1114.52: (-1.00, 0.00, -0.08)
1114.52: (0.85, 0.01, 0.53): 1
1114.60: (-1.00, 0.00, -0.08)
1114.72: (-1.00, 0.00, -0.08)
1114.83: (-1.00, 0.00, -0.06)
1114.95: (-1.00, 0.00, -0.06)
1115.07: (-0.99, -0.02, -0.11)
1115.17: (-0.95, -0.05, -0.30)
1115.27: (-0.79, -0.08, -0.60)
1115.38: (-0.57, -0.24, -0.79)
1115.50: (-0.53, -0.27, -0.81)
1115.60: (-0.53, -0.27, -0.81)
1115.72: (-0.48, -0.26, -0.84)
1115.83: (-0.30, -0.68, -0.67)
1115.95: (-0.17, -0.95, -0.27)
1116.07: (-0.21, -0.98, 0.02)
1116.18: (-0.23, -0.97, 0.04)
1116.28: (-0.23, -0.97, 0.03)
1116.40: (-0.13, -0.99, -0.04)
1116.52: (0.40, -0.92, 0.04)
1116.63: (0.60, -0.77, 0.22)
1116.75: (0.73, -0.42, 0.53)
1116.87: (0.70, -0.05, 0.71)
1116.98: (0.70, -0.06, 0.72)
1117.10: (0.74, -0.06, 0.68)
1117.22: (0.83, 0.03, 0.56)
1117.23: (0.83, 0.03, 0.56)
1117.23: (-1.00, -0.02, -0.01): 2
1117.33: (0.83, 0.03, 0.56)
1117.45: (0.83, 0.03, 0.56)
1117.57: (0.83, 0.02, 0.56)
1117.68: (0.81, -0.02, 0.59)
1117.78: (0.79, 0.02, 0.62)
1117.90: (0.76, 0.06, 0.65)
1118.02: (0.70, 0.15, 0.70)
1118.12: (0.35, 0.56, 0.75)
1118.23: (-0.12, 0.82, 0.56)
1118.35: (-0.14, 0.78, 0.61)
1118.47: (-0.13, 0.78, 0.62)
1118.57: (-0.16, 0.82, 0.55)
1118.68: (-0.54, 0.83, 0.14)
1118.80: (-0.67, 0.73, -0.12)
1118.92: (-0.67, 0.74, -0.08)
1119.03: (-0.66, 0.75, -0.03)
1119.15: (-0.60, 0.80, 0.03)
1119.25: (-0.77, 0.60, -0.23)
1119.37: (-0.67, 0.07, -0.74)
1119.48: (-0.60, -0.06, -0.79)
1119.60: (-0.70, -0.07, -0.71)
1119.71: (-0.93, 0.05, -0.35)
1119.83: (-0.97, 0.02, -0.23)
1119.95: (-0.98, -0.01, -0.21)
1120.03: (-0.99, -0.04, -0.14)
1120.03: (0.52, -0.86, 0.01): 0
1120.05: (-0.99, -0.04, -0.13)
1120.15: (-0.99, -0.05, -0.12)
1120.25: (-0.99, -0.02, -0.12)
1120.37: (-0.99, 0.09, -0.09)
1120.48: (-0.98, 0.15, -0.17)
1120.60: (-0.79, -0.01, -0.61)
1120.71: (-0.34, -0.36, -0.87)
1120.83: (-0.16, -0.50, -0.85)
1120.93: (-0.16, -0.50, -0.85)
1121.05: (-0.12, -0.49, -0.86)
1121.15: (0.18, -0.62, -0.77)
1121.27: (0.56, -0.76, -0.34)
1121.38: (0.66, -0.75, 0.00)
1121.50: (0.57, -0.82, 0.06)
1121.61: (0.48, -0.88, -0.03)
1121.71: (0.48, -0.88, -0.03)
1121.71: (0.17, 0.98, -0.14): 1
1121.73: (0.48, -0.88, -0.03)
1121.85: (0.48, -0.88, -0.03)
1121.96: (0.47, -0.87, -0.14)
1122.06: (0.38, -0.85, -0.37)
1122.18: (0.36, -0.78, -0.52)
1122.28: (0.36, -0.74, -0.58)
1122.40: (0.40, -0.69, -0.60)
1122.51: (0.73, -0.62, -0.28)
1122.63: (0.84, -0.53, 0.12)
1122.73: (0.83, -0.54, 0.12)
1122.85: (0.83, -0.54, 0.12)
1122.95: (0.84, -0.49, 0.21)
1123.06: (0.69, -0.35, 0.63)
1123.16: (0.41, -0.20, 0.89)
1123.28: (0.10, -0.01, 1.00)
1123.40: (0.03, -0.03, 1.00)
1123.51: (0.03, -0.03, 1.00)
1123.63: (0.04, 0.04, 1.00)
1123.75: (-0.47, 0.30, 0.83)
1123.86: (-0.75, 0.51, 0.41)
1123.96: (-0.80, 0.58, 0.16)
1124.08: (-0.79, 0.57, -0.21)
1124.20: (-0.81, 0.47, -0.34)
1124.31: (-0.81, 0.47, -0.34)
1124.43: (-0.81, 0.52, -0.27)
1124.55: (-0.77, 0.48, -0.41)
1124.65: (-0.68, 0.15, -0.72)
1124.76: (-0.64, -0.11, -0.76)
1124.88: (-0.56, -0.34, -0.76)
1124.98: (-0.42, -0.57, -0.71)
1125.10: (-0.25, -0.83, -0.51)
1125.20: (-0.17, -0.91, -0.37)
1125.31: (-0.17, -0.91, -0.37)
1125.43: (-0.30, -0.76, -0.57)
1125.55: (-0.60, -0.03, -0.80)
1125.66: (-0.52, 0.66, -0.55)
1125.78: (-0.30, 0.92, -0.24)
1125.90: (0.10, 0.99, 0.10)
1126.00: (0.45, 0.89, 0.10)
1126.11: (0.44, 0.89, 0.06)
1126.23: (0.31, 0.95, -0.08)
1126.35: (0.29, 0.94, -0.16)
1126.36: (0.29, 0.94, -0.17)
1126.36: (-0.12, -0.98, 0.14): 1
1126.45: (0.29, 0.94, -0.17)
1126.56: (0.24, 0.95, -0.18)
1126.68: (0.24, 0.96, -0.17)
1126.80: (0.19, 0.98, -0.03)
1126.91: (0.04, 0.99, 0.13)
1127.03: (-0.01, 0.98, 0.19)
1127.15: (-0.04, 0.97, 0.22)
1127.25: (-0.07, 0.99, 0.12)
1127.36: (-0.37, 0.76, 0.54)
1127.48: (-0.39, 0.31, 0.87)
1127.60: (-0.37, -0.04, 0.93)
1127.70: (-0.47, -0.38, 0.80)
1127.81: (-0.55, -0.63, 0.55)
1127.93: (-0.55, -0.81, 0.18)
1128.05: (-0.48, -0.88, 0.05)
1128.16: (-0.32, -0.92, 0.21)
1128.28: (-0.22, -0.96, 0.19)
1128.30: (-0.22, -0.96, 0.19)
1128.30: (-0.50, 0.35, 0.79): 1
1128.40: (-0.22, -0.96, 0.19)
1128.51: (-0.21, -0.96, 0.19)
1128.63: (-0.21, -0.96, 0.20)
1128.75: (-0.24, -0.94, 0.23)
1128.86: (-0.24, -0.94, 0.23)
1128.96: (-0.42, -0.78, 0.46)
1129.08: (-0.70, -0.14, 0.70)
1129.20: (-0.71, 0.27, 0.65)
1129.30: (-0.72, 0.34, 0.60)
1129.41: (-0.62, 0.26, 0.74)
1129.53: (-0.53, 0.27, 0.81)
1129.53: (-0.59, 0.49, 0.65): 0
1129.53: (-0.53, 0.27, 0.81)
1129.65: (-0.53, 0.28, 0.80)
1129.76: (-0.53, 0.28, 0.80)
1129.86: (-0.59, 0.17, 0.79)
1129.98: (-0.62, 0.37, 0.69)
1130.10: (-0.60, 0.44, 0.67)
1130.13: (-0.60, 0.44, 0.67)
1130.13: (-0.99, 0.14, -0.08): 0
1130.21: (-0.60, 0.44, 0.67)
1130.33: (-0.60, 0.44, 0.67)
1130.45: (-0.66, 0.35, 0.67)
1130.55: (-0.72, 0.26, 0.65)
1130.66: (-0.77, 0.07, 0.63)
1130.78: (-0.77, -0.30, 0.56)
1130.88: (-0.74, -0.53, 0.43)
1131.00: (-0.84, -0.50, 0.21)
1131.11: (-0.97, -0.24, 0.00)
1131.23: (-0.98, 0.21, -0.07)
1131.35: (-0.94, 0.33, -0.02)
1131.46: (-0.98, 0.19, -0.01)
1131.55: (-0.99, 0.13, -0.01)
END