3/28/2023 1:22:37 PM
Mode: Mono
White time (s): [2.182739, 1.716248, 3.016235, 3.965637, 3.51593, 1.866394, 0.8997192, 1.183105, 1.283203, 1.016113, 3.13269, 2.099548, 2.199646, 4.115723, 2.849243, 0.6331177, 0.7332764, 1.516418, 2.799438, 0.6333008, 3.749146, 0.9831543, 3.282715, 0.9498291, 0.4667969, 3.765747, 2.33252, 5.432495, 0.8166504, 5.765625]
Shot time (s): [3.132385, 1.233215, 2.099304, 2.882996, 1.999695, 2.382751, 2.865967, 2.999146, 0.5667114, 3.132874, 2.749512, 2.949463, 1.349792, 1.599609, 0.6998901, 1.199829, 5.882202, 1.749695, 2.149414, 0.9331055, 0.4832764, 5.2323, 3.632935, 1.533325, 2.332764, 3.865967, 2.899292, 1.932739, 1.766479, 2.582764]
Step time (s): [1.933167, 1.416382, 2.965881, 0.8000488, 6.265747, 1.282837, 1.349792, 2.982666, 3.032532, 2.466125, 2.500061, 4.61554, 0.7000122, 1.41626, 2.516174, 0.71698, 0.8163452, 5.132385, 2.133423, 1.349304, 0.666687, 2.799377, 2.115967, 1.716309, 2.832886, 3.515991, 2.649292, 4.182251, 0.8498535, 1.916138]
White horz (deg): [343.7499, 214.3899, 397.5948, 456.06, 505.4498, 146.74, 44.33001, 163.405, 181.225, 37.45501, 347.5999, 206.36, 261.965, 642.7849, 403.26, 23.65, 29.865, 132.88, 304.1499, 18.48, 582.6697, 53.68, 526.7349, 52.195, 15.4, 574.8597, 282.37, 737.4949, 20.68, 1175.075]
Shot horz (deg): [342.5399, 210.43, 191.9499, 437.6898, 300.025, 373.89, 319.825, 348.095, 1.595, 285.01, 493.845, 335.8298, 53.23999, 178.86, 18.81, 42.46001, 902.0549, 213.6749, 229.7349, 105.71, 4.235, 706.5297, 474.8151, 143.66, 110.77, 725.1751, 297.9899, 195.03, 206.7999, 288.64]
Step horz (deg): [371.855, 145.2, 392.8099, 47.245, 918.7745, 141.5699, 164.175, 365.7498, 371.3049, 325.9298, 290.785, 692.0649, 23.705, 140.7449, 237.545, 26.4, 21.615, 625.185, 229.625, 70.01502, 24.86, 350.0749, 273.68, 257.455, 322.3549, 610.8299, 384.8899, 631.1797, 32.615, 255.4199]
White vert (deg): [203.4999, 171.1599, 320.9799, 518.7047, 328.0749, 95.25997, 32.12001, 61.32501, 71.39001, 52.745, 310.255, 142.56, 148.555, 222.42, 257.125, 7.699999, 20.295, 64.90001, 221.265, 13.86, 294.525, 23.1, 192.115, 7.259998, 1.595, 370.0949, 206.745, 398.9146, 20.79, 348.0399]
Shot vert (deg): [297.4948, 47.52001, 209.055, 378.9501, 266.9149, 184.8549, 295.6249, 253.605, 5.995, 337.2599, 289.9601, 209.4399, 33.11, 81.67503, 21.01, 21.89001, 659.3397, 93.17001, 131.34, 11.99, 25.355, 388.85, 202.4, 40.75504, 260.205, 186.12, 185.185, 72.48997, 175.34, 184.0299]
Step vert (deg): [102.08, 40.15001, 302.1151, 6.104998, 959.8596, 40.70001, 146.135, 149.325, 195.635, 207.075, 279.07, 554.9501, 21.23, 92.23501, 127.875, 8.304998, 21.23, 494.5601, 212.41, 29.42501, 24.365, 143.9899, 153.835, 70.84, 240.9549, 277.585, 179.6851, 440.3301, 22.88, 120.285]

Time in sec: camera forward versor
Time in sec: target versor: sound type (0 = White, 1 = Shot, 2 = Step)
START
888.74: (0.34, 0.86, 0.38): 1
888.74: (0.26, 0.47, -0.84)
888.86: (0.26, 0.47, -0.84)
888.96: (0.26, 0.47, -0.84)
889.08: (0.37, 0.38, -0.85)
889.19: (0.38, 0.08, -0.92)
889.31: (0.26, -0.06, -0.96)
889.43: (-0.28, -0.10, -0.96)
889.54: (-0.38, 0.01, -0.93)
889.64: (-0.37, 0.03, -0.93)
889.74: (-0.56, 0.14, -0.81)
889.86: (0.07, 0.15, -0.99)
889.98: (0.76, 0.10, -0.64)
890.09: (0.95, 0.04, -0.31)
890.21: (0.99, 0.04, -0.15)
890.33: (0.99, 0.04, -0.16)
890.44: (0.97, 0.04, -0.23)
890.56: (0.71, 0.70, 0.06)
890.68: (-0.39, 0.83, 0.40)
890.79: (-0.54, -0.08, 0.84)
890.91: (-0.16, -0.15, 0.97)
891.03: (-0.34, 0.48, 0.81)
891.14: (-0.32, 0.60, 0.73)
891.26: (-0.23, 0.70, 0.68)
891.38: (-0.15, 0.82, 0.55)
891.48: (-0.04, 0.90, 0.43)
891.59: (0.21, 0.89, 0.41)
891.69: (0.23, 0.89, 0.39)
891.81: (0.29, 0.88, 0.37)
891.88: (0.29, 0.88, 0.37)
891.88: (-0.37, 0.69, -0.62): 1
891.93: (0.29, 0.88, 0.37)
892.04: (0.29, 0.88, 0.37)
892.14: (0.29, 0.88, 0.37)
892.26: (0.16, 0.99, 0.01)
892.38: (-0.36, 0.65, -0.67)
892.49: (-0.76, -0.12, -0.64)
892.59: (-0.85, -0.18, -0.49)
892.69: (-0.68, 0.26, -0.68)
892.81: (-0.33, 0.67, -0.67)
892.93: (-0.25, 0.71, -0.66)
893.04: (-0.36, 0.67, -0.64)
893.11: (-0.36, 0.67, -0.64)
893.11: (0.17, -0.32, -0.93): 1
893.14: (-0.36, 0.67, -0.64)
893.24: (-0.36, 0.68, -0.64)
893.36: (-0.36, 0.68, -0.64)
893.48: (-0.40, 0.65, -0.65)
893.59: (-0.76, 0.22, -0.62)
893.71: (-0.84, -0.52, -0.15)
893.83: (-0.84, -0.47, -0.27)
893.94: (-0.64, -0.71, -0.30)
894.06: (-0.38, -0.89, 0.26)
894.18: (-0.45, -0.82, 0.34)
894.28: (-0.50, -0.87, 0.02)
894.39: (0.12, -0.75, -0.64)
894.51: (0.51, -0.25, -0.82)
894.61: (0.59, 0.02, -0.81)
894.73: (0.52, -0.03, -0.85)
894.84: (0.41, -0.17, -0.90)
894.96: (0.27, -0.16, -0.95)
895.08: (0.22, -0.18, -0.96)
895.19: (0.23, -0.25, -0.94)
895.21: (0.23, -0.25, -0.94)
895.21: (-0.96, -0.23, -0.18): 2
895.29: (0.23, -0.25, -0.94)
895.41: (0.23, -0.25, -0.94)
895.53: (0.20, -0.19, -0.96)
895.64: (-0.14, 0.04, -0.99)
895.76: (-0.42, 0.13, -0.90)
895.88: (-0.73, 0.30, -0.62)
895.98: (-0.90, 0.42, -0.13)
896.08: (-0.75, 0.41, 0.51)
896.19: (-0.11, -0.05, 0.99)
896.31: (0.10, -0.45, 0.89)
896.43: (-0.70, -0.21, 0.68)
896.54: (-0.99, 0.10, 0.04)
896.66: (-0.91, 0.10, -0.41)
896.76: (-0.92, -0.15, -0.36)
896.88: (-0.93, -0.35, -0.06)
896.98: (-0.95, -0.28, -0.11)
897.09: (-0.95, -0.28, -0.15)
897.14: (-0.95, -0.28, -0.16)
897.14: (-0.16, 0.54, -0.83): 2
897.19: (-0.95, -0.28, -0.16)
897.31: (-0.95, -0.28, -0.16)
897.43: (-0.95, -0.28, -0.16)
897.54: (-0.95, -0.29, -0.15)
897.64: (-0.92, -0.23, -0.33)
897.76: (-0.70, -0.12, -0.70)
897.88: (-0.19, 0.17, -0.97)
897.99: (0.29, 0.47, -0.83)
898.11: (0.02, 0.46, -0.89)
898.21: (-0.28, 0.39, -0.88)
898.33: (-0.29, 0.39, -0.87)
898.44: (-0.27, 0.45, -0.85)
898.56: (-0.23, 0.47, -0.85)
898.56: (0.68, 0.30, 0.67): 2
898.56: (-0.23, 0.47, -0.85)
898.66: (-0.21, 0.48, -0.85)
898.78: (-0.20, 0.48, -0.86)
898.89: (-0.24, 0.44, -0.86)
899.01: (-0.41, 0.33, -0.85)
899.11: (-0.53, 0.28, -0.80)
899.23: (-0.57, 0.31, -0.76)
899.34: (-0.91, 0.05, -0.41)
899.46: (-0.92, -0.37, 0.16)
899.56: (-0.78, -0.50, 0.37)
899.67: (-0.66, -0.59, 0.46)
899.79: (-0.20, -0.83, 0.51)
899.91: (0.64, -0.77, 0.07)
900.01: (0.79, -0.53, -0.30)
900.12: (0.77, -0.56, -0.31)
900.24: (0.71, -0.70, -0.04)
900.36: (-0.01, -0.99, 0.13)
900.47: (-0.92, -0.40, 0.06)
900.59: (-0.79, -0.13, 0.60)
900.69: (-0.04, -0.12, 0.99)
900.79: (0.40, 0.03, 0.92)
900.91: (0.68, 0.26, 0.69)
901.02: (0.84, 0.41, 0.36)
901.12: (0.83, 0.39, 0.40)
901.24: (0.78, 0.32, 0.54)
901.36: (0.74, 0.31, 0.60)
901.47: (0.71, 0.24, 0.66)
901.52: (0.71, 0.24, 0.66)
901.52: (0.81, -0.21, 0.55): 2
901.59: (0.71, 0.24, 0.66)
901.71: (0.71, 0.24, 0.66)
901.82: (0.74, 0.12, 0.66)
901.92: (0.80, -0.27, 0.54)
902.04: (0.80, -0.36, 0.48)
902.16: (0.80, -0.27, 0.53)
902.26: (0.80, -0.22, 0.56)
902.32: (0.80, -0.22, 0.56)
902.32: (-0.53, 0.84, 0.10): 0
902.37: (0.80, -0.22, 0.56)
902.47: (0.80, -0.22, 0.56)
902.59: (0.80, -0.24, 0.56)
902.71: (0.53, -0.78, 0.35)
902.82: (0.00, -0.94, 0.35)
902.94: (-0.19, -0.51, 0.84)
903.06: (-0.19, -0.29, 0.94)
903.17: (-0.06, -0.18, 0.98)
903.29: (0.55, 0.74, 0.38)
903.41: (0.25, 0.93, -0.26)
903.51: (0.04, 0.82, -0.57)
903.61: (0.10, 0.80, -0.59)
903.72: (0.12, 0.83, -0.54)
903.82: (0.19, 0.86, -0.47)
903.94: (-0.27, 0.94, -0.21)
904.06: (-0.55, 0.77, 0.33)
904.17: (-0.55, 0.75, 0.36)
904.29: (-0.53, 0.81, 0.25)
904.41: (-0.52, 0.84, 0.16)
904.51: (-0.52, 0.84, 0.15)
904.51: (1.00, 0.01, 0.07): 0
904.51: (-0.52, 0.84, 0.15)
904.61: (-0.52, 0.84, 0.15)
904.72: (-0.52, 0.84, 0.15)
904.84: (-0.53, 0.84, 0.14)
904.96: (-0.48, 0.82, -0.32)
905.07: (-0.07, 0.61, -0.79)
905.17: (0.38, 0.11, -0.92)
905.29: (0.52, -0.43, -0.74)
905.41: (0.79, -0.26, -0.56)
905.52: (0.99, 0.05, 0.13)
905.62: (0.84, 0.35, 0.42)
905.74: (0.74, 0.59, 0.32)
905.86: (0.95, 0.07, 0.29)
905.96: (0.97, -0.04, 0.23)
906.07: (0.99, -0.04, 0.16)
906.17: (0.99, 0.03, 0.14)
906.22: (0.99, 0.03, 0.14)
906.22: (-0.93, 0.01, -0.36): 2
906.27: (0.99, 0.03, 0.14)
906.39: (0.99, 0.03, 0.14)
906.51: (0.99, 0.03, 0.13)
906.61: (0.97, 0.12, 0.21)
906.71: (0.63, 0.57, 0.53)
906.82: (0.01, 0.86, 0.51)
906.94: (-0.09, 0.97, 0.23)
907.06: (-0.25, 0.86, -0.44)
907.17: (-0.41, 0.23, -0.88)
907.29: (-0.07, -0.52, -0.85)
907.39: (0.44, -0.85, -0.29)
907.51: (0.45, -0.76, 0.47)
907.62: (0.43, -0.65, 0.62)
907.74: (0.81, -0.39, 0.43)
907.86: (0.96, 0.26, 0.14)
907.97: (0.83, 0.50, -0.23)
908.07: (0.75, 0.33, -0.58)
908.19: (0.67, 0.35, -0.66)
908.31: (0.24, 0.32, -0.91)
908.41: (-0.41, 0.10, -0.91)
908.52: (0.01, -0.02, -1.00)
908.64: (0.91, -0.35, -0.23)
908.76: (0.65, -0.31, 0.69)
908.86: (0.33, -0.21, 0.92)
908.97: (-0.08, -0.06, 1.00)
909.09: (-0.41, -0.22, 0.89)
909.21: (-0.52, -0.57, 0.64)
909.32: (-0.48, -0.86, 0.19)
909.44: (-0.33, -0.86, -0.39)
909.56: (-0.23, -0.66, -0.71)
909.66: (-0.17, -0.53, -0.83)
909.77: (0.10, -0.02, -1.00)
909.89: (0.13, -0.03, -0.99)
910.01: (0.11, -0.06, -0.99)
910.12: (0.60, -0.38, -0.70)
910.22: (0.94, -0.32, -0.08)
910.34: (0.82, -0.45, 0.35)
910.46: (0.78, -0.50, 0.38)
910.57: (0.78, 0.20, 0.59)
910.69: (0.29, 0.87, 0.39)
910.81: (0.20, 0.94, 0.29)
910.92: (0.56, 0.71, 0.44)
911.02: (0.90, 0.43, -0.08)
911.14: (0.46, 0.18, -0.87)
911.26: (-0.24, 0.21, -0.95)
911.36: (-0.31, 0.30, -0.90)
911.47: (-0.27, 0.30, -0.92)
911.59: (-0.23, -0.10, -0.97)
911.71: (-0.48, -0.63, -0.61)
911.81: (-0.64, -0.77, 0.00)
911.92: (-0.77, -0.52, 0.36)
912.04: (-0.97, -0.25, -0.01)
912.14: (-0.94, -0.13, -0.32)
912.26: (-0.88, -0.11, -0.46)
912.36: (-0.91, -0.08, -0.41)
912.46: (-0.93, 0.01, -0.37)
912.49: (-0.93, 0.01, -0.37)
912.49: (-0.26, -0.96, -0.10): 2
912.57: (-0.93, 0.01, -0.37)
912.67: (-0.93, 0.01, -0.37)
912.79: (-0.93, 0.00, -0.38)
912.91: (-0.91, -0.06, -0.40)
913.02: (-0.92, -0.05, -0.38)
913.14: (-0.73, -0.65, -0.21)
913.26: (0.05, -0.98, 0.17)
913.37: (0.19, -0.93, 0.32)
913.47: (-0.03, -0.98, 0.17)
913.59: (-0.30, -0.95, -0.03)
913.71: (-0.28, -0.96, -0.06)
913.77: (-0.26, -0.96, -0.07)
913.77: (0.41, 0.72, -0.56): 0
913.82: (-0.26, -0.96, -0.07)
913.92: (-0.26, -0.96, -0.07)
914.04: (-0.26, -0.96, -0.07)
914.16: (-0.40, -0.89, -0.22)
914.27: (-0.37, -0.80, -0.47)
914.39: (-0.28, -0.31, -0.91)
914.51: (-0.66, 0.43, -0.61)
914.61: (-0.81, 0.59, 0.06)
914.72: (-0.75, 0.63, 0.17)
914.84: (-0.77, 0.62, 0.14)
914.96: (-0.88, 0.41, 0.23)
915.07: (-0.79, -0.28, 0.55)
915.17: (-0.29, -0.67, 0.68)
915.29: (0.22, -0.54, 0.81)
915.41: (0.40, -0.15, 0.90)
915.52: (0.37, -0.15, 0.92)
915.64: (0.23, -0.36, 0.90)
915.75: (0.70, -0.40, 0.60)
915.85: (0.97, -0.23, 0.02)
915.96: (0.98, 0.09, -0.16)
916.07: (0.80, 0.59, -0.12)
916.19: (0.49, 0.87, 0.00)
916.31: (0.48, 0.87, -0.09)
916.42: (0.61, 0.65, -0.45)
916.52: (0.55, 0.71, -0.45)
916.64: (0.42, 0.80, -0.43)
916.74: (0.40, 0.73, -0.55)
916.79: (0.40, 0.72, -0.57)
916.79: (-0.97, -0.20, 0.11): 0
916.85: (0.40, 0.72, -0.57)
916.95: (0.41, 0.73, -0.55)
917.07: (0.48, 0.73, -0.48)
917.19: (0.48, 0.73, -0.48)
917.30: (0.52, 0.83, -0.19)
917.41: (0.61, 0.70, -0.39)
917.52: (0.76, 0.18, -0.63)
917.64: (0.82, -0.40, -0.41)
917.74: (0.73, -0.68, -0.09)
917.85: (0.26, -0.86, 0.43)
917.97: (-0.13, -0.65, 0.74)
918.09: (-0.25, -0.05, 0.97)
918.19: (-0.09, 0.12, 0.99)
918.30: (-0.03, 0.07, 1.00)
918.42: (0.11, 0.12, 0.99)
918.54: (0.69, 0.49, 0.53)
918.65: (0.82, 0.48, -0.31)
918.75: (0.80, 0.35, -0.49)
918.87: (0.67, -0.62, -0.41)
918.99: (0.14, -0.96, -0.25)
919.09: (0.21, -0.93, -0.31)
919.20: (0.25, -0.92, -0.31)
919.32: (0.84, -0.52, 0.17)
919.44: (0.66, 0.23, 0.72)
919.55: (-0.24, 0.81, 0.53)
919.67: (-0.79, 0.60, -0.11)
919.77: (-0.85, 0.39, -0.36)
919.89: (-0.85, 0.39, -0.36)
919.99: (-0.84, 0.48, -0.26)
920.10: (-0.95, 0.29, -0.15)
920.20: (-0.99, 0.12, 0.05)
920.32: (-0.99, 0.07, 0.10)
920.44: (-1.00, 0.00, 0.02)
920.55: (-1.00, -0.05, 0.03)
920.65: (-0.98, -0.14, 0.13)
920.75: (-0.98, -0.17, 0.13)
920.75: (0.66, -0.74, 0.14): 1
920.77: (-0.98, -0.17, 0.13)
920.89: (-0.98, -0.17, 0.13)
921.00: (-0.98, -0.08, 0.16)
921.12: (-0.98, -0.06, 0.17)
921.24: (-0.95, 0.29, -0.05)
921.35: (-1.00, 0.04, -0.08)
921.47: (-0.78, -0.23, 0.58)
921.59: (-0.24, -0.35, 0.90)
921.70: (0.20, -0.32, 0.93)
921.82: (0.61, 0.20, 0.77)
921.94: (0.46, 0.86, 0.23)
922.05: (-0.18, 0.96, -0.20)
922.17: (-0.80, 0.59, 0.11)
922.27: (-0.90, 0.08, 0.43)
922.39: (-0.69, -0.42, 0.59)
922.49: (-0.09, -0.63, 0.77)
922.60: (0.65, -0.28, 0.70)
922.72: (0.89, 0.23, 0.39)
922.84: (0.86, 0.45, 0.23)
922.95: (0.98, -0.07, 0.19)
923.07: (0.93, -0.37, 0.05)
923.19: (0.90, -0.44, -0.08)
923.30: (0.87, -0.49, -0.06)
923.42: (0.78, -0.61, 0.08)
923.52: (0.70, -0.70, 0.09)
923.64: (0.65, -0.75, 0.11)
923.64: (-0.17, 0.88, 0.45): 1
923.64: (0.65, -0.75, 0.11)
923.74: (0.65, -0.75, 0.12)
923.85: (0.65, -0.75, 0.12)
923.97: (0.74, -0.65, 0.18)
924.07: (0.80, -0.27, 0.54)
924.19: (-0.02, 0.26, 0.97)
924.30: (-0.89, 0.11, 0.45)
924.42: (-0.97, 0.02, -0.26)
924.54: (-0.69, 0.47, -0.55)
924.65: (-0.01, 0.90, -0.43)
924.75: (0.50, 0.85, -0.14)
924.87: (0.77, 0.57, 0.28)
924.97: (0.54, 0.56, 0.63)
925.07: (0.20, 0.83, 0.52)
925.19: (-0.06, 0.95, 0.30)
925.29: (-0.04, 0.95, 0.32)
925.40: (-0.01, 0.90, 0.43)
925.52: (-0.14, 0.85, 0.51)
925.62: (-0.19, 0.83, 0.52)
925.64: (-0.19, 0.83, 0.52)
925.64: (-0.47, 0.44, -0.76): 2
925.74: (-0.19, 0.83, 0.52)
925.84: (-0.19, 0.83, 0.52)
925.95: (-0.16, 0.86, 0.48)
926.07: (-0.05, 0.99, -0.16)
926.19: (-0.52, 0.68, -0.52)
926.30: (-0.86, 0.51, 0.01)
926.42: (-0.90, 0.24, 0.36)
926.52: (-0.81, 0.56, -0.19)
926.64: (-0.62, 0.61, -0.49)
926.75: (-0.63, 0.54, -0.55)
926.87: (-0.51, 0.47, -0.72)
926.97: (-0.49, 0.46, -0.74)
926.99: (-0.49, 0.46, -0.74)
926.99: (-0.66, 0.14, 0.74): 0
927.09: (-0.49, 0.46, -0.74)
927.20: (-0.49, 0.46, -0.74)
927.32: (-0.52, 0.42, -0.75)
927.44: (-0.98, -0.07, -0.19)
927.55: (-0.74, -0.53, 0.41)
927.65: (-0.43, -0.76, 0.48)
927.77: (-0.37, -0.91, 0.18)
927.89: (-0.50, -0.82, -0.30)
928.00: (-0.52, -0.40, -0.75)
928.10: (-0.53, 0.10, -0.84)
928.22: (-0.38, 0.49, -0.78)
928.34: (-0.18, 0.91, -0.38)
928.45: (-0.04, 0.96, 0.27)
928.55: (0.10, 0.88, 0.47)
928.67: (0.44, 0.74, 0.51)
928.79: (0.88, 0.48, 0.08)
928.90: (0.95, 0.24, -0.20)
929.00: (0.95, 0.18, -0.24)
929.12: (0.95, -0.29, -0.12)
929.24: (0.45, -0.82, 0.36)
929.34: (0.45, -0.78, 0.42)
929.45: (0.45, -0.78, 0.42)
929.55: (0.71, -0.52, 0.47)
929.67: (0.67, 0.14, 0.73)
929.79: (0.49, 0.26, 0.83)
929.90: (0.17, 0.27, 0.95)
930.00: (-0.21, 0.28, 0.94)
930.12: (-0.58, 0.23, 0.78)
930.22: (-0.63, 0.28, 0.72)
930.34: (-0.60, 0.25, 0.76)
930.45: (-0.58, 0.22, 0.78)
930.50: (-0.58, 0.20, 0.79)
930.50: (-0.95, 0.15, -0.27): 0
930.55: (-0.58, 0.20, 0.79)
930.67: (-0.59, 0.20, 0.78)
930.79: (-0.59, 0.20, 0.78)
930.89: (-0.59, 0.19, 0.78)
931.00: (-0.84, -0.09, 0.54)
931.12: (-0.91, -0.33, 0.26)
931.22: (-0.91, -0.37, 0.20)
931.34: (-0.91, -0.33, 0.26)
931.45: (-0.93, -0.31, 0.18)
931.57: (-0.77, -0.59, -0.25)
931.69: (-0.51, -0.76, -0.41)
931.80: (-0.66, -0.64, -0.41)
931.92: (-0.87, -0.26, -0.41)
932.02: (-0.90, -0.12, -0.43)
932.12: (-0.91, -0.02, -0.42)
932.24: (-0.93, 0.11, -0.35)
932.35: (-0.93, 0.20, -0.31)
932.37: (-0.93, 0.20, -0.31)
932.37: (0.29, -0.46, -0.84): 1
932.47: (-0.93, 0.20, -0.31)
932.59: (-0.93, 0.20, -0.31)
932.70: (-0.94, 0.16, -0.30)
932.82: (-0.97, 0.09, -0.24)
932.92: (-0.98, 0.11, 0.15)
933.03: (-0.85, 0.03, 0.52)
933.15: (-0.42, -0.12, 0.90)
933.27: (0.25, 0.15, 0.96)
933.38: (0.65, 0.51, 0.56)
933.50: (0.68, 0.73, 0.05)
933.62: (0.66, 0.75, 0.11)
933.72: (0.53, 0.79, 0.31)
933.82: (0.55, 0.80, 0.26)
933.93: (0.95, 0.30, -0.05)
934.05: (0.85, -0.49, -0.21)
934.15: (0.42, -0.76, -0.49)
934.27: (0.01, -0.74, -0.67)
934.38: (0.04, -0.62, -0.79)
934.50: (0.39, -0.50, -0.77)
934.62: (0.42, -0.48, -0.77)
934.73: (0.41, -0.46, -0.79)
934.75: (0.41, -0.46, -0.79)
934.75: (-0.91, 0.08, -0.41): 2
934.83: (0.41, -0.46, -0.79)
934.95: (0.41, -0.46, -0.79)
935.07: (0.40, -0.47, -0.78)
935.18: (0.35, -0.45, -0.82)
935.30: (0.24, -0.37, -0.90)
935.42: (0.22, -0.37, -0.90)
935.53: (0.22, -0.37, -0.90)
935.63: (0.22, -0.37, -0.90)
935.75: (0.22, -0.37, -0.90)
935.85: (0.25, -0.37, -0.89)
935.97: (0.61, -0.48, -0.64)
936.08: (0.82, -0.56, 0.15)
936.20: (0.45, -0.32, 0.83)
936.30: (0.13, 0.20, 0.97)
936.42: (-0.38, 0.76, 0.52)
936.52: (-0.57, 0.82, 0.06)
936.63: (-0.56, 0.82, 0.11)
936.75: (-0.55, 0.83, 0.11)
936.87: (-0.45, 0.89, -0.04)
936.98: (-0.85, 0.47, -0.23)
937.10: (-0.88, -0.21, -0.44)
937.22: (-0.62, -0.47, -0.63)
937.33: (-0.77, -0.26, -0.58)
937.45: (-0.87, -0.07, -0.49)
937.55: (-0.87, -0.03, -0.49)
937.67: (-0.88, 0.03, -0.48)
937.73: (-0.90, 0.07, -0.43)
937.73: (-0.03, 0.94, 0.34): 2
937.78: (-0.90, 0.07, -0.43)
937.88: (-0.90, 0.07, -0.43)
937.98: (-0.90, 0.07, -0.43)
938.10: (-0.83, -0.04, -0.56)
938.22: (-0.70, -0.13, -0.70)
938.32: (-0.55, -0.10, -0.83)
938.43: (-0.17, 0.24, -0.96)
938.55: (0.25, 0.47, -0.84)
938.67: (0.32, 0.31, -0.90)
938.77: (0.32, 0.31, -0.90)
938.88: (0.31, 0.32, -0.89)
939.00: (0.53, 0.05, -0.85)
939.12: (0.83, -0.44, -0.33)
939.23: (0.75, -0.65, 0.09)
939.33: (0.58, -0.69, 0.43)
939.45: (0.25, -0.42, 0.87)
939.57: (0.30, -0.44, 0.85)
939.67: (0.30, -0.44, 0.85)
939.78: (0.32, -0.27, 0.91)
939.90: (0.34, 0.24, 0.91)
940.02: (0.39, 0.71, 0.58)
940.12: (0.49, 0.67, 0.56)
940.23: (0.89, 0.21, 0.40)
940.35: (0.44, 0.72, 0.54)
940.47: (0.04, 0.89, 0.46)
940.58: (-0.03, 0.91, 0.40)
940.70: (-0.02, 0.92, 0.39)
940.77: (-0.01, 0.93, 0.38)
940.77: (0.22, -0.68, -0.70): 2
940.80: (-0.01, 0.93, 0.37)
940.92: (-0.03, 0.91, 0.41)
941.02: (-0.02, 0.90, 0.44)
941.13: (-0.02, 0.90, 0.44)
941.25: (-0.04, 0.91, 0.41)
941.37: (-0.41, 0.85, 0.34)
941.48: (-0.66, 0.64, 0.40)
941.58: (-0.86, 0.10, 0.50)
941.70: (-0.80, -0.60, 0.06)
941.80: (-0.71, -0.66, -0.26)
941.92: (-0.71, -0.66, -0.25)
942.03: (-0.75, -0.62, -0.23)
942.15: (-0.87, -0.15, -0.47)
942.27: (-0.54, 0.40, -0.74)
942.38: (-0.21, 0.55, -0.81)
942.50: (0.11, 0.20, -0.97)
942.60: (0.37, -0.33, -0.87)
942.72: (0.36, -0.80, -0.47)
942.83: (0.23, -0.97, -0.08)
942.95: (0.28, -0.87, -0.40)
943.07: (0.27, -0.78, -0.57)
943.18: (0.24, -0.72, -0.65)
943.23: (0.24, -0.72, -0.65)
943.23: (-0.53, 0.69, -0.50): 2
943.28: (0.24, -0.72, -0.65)
943.40: (0.24, -0.72, -0.65)
943.50: (0.17, -0.75, -0.64)
943.62: (0.12, -0.74, -0.66)
943.73: (0.10, -0.69, -0.72)
943.85: (0.14, -0.78, -0.61)
943.97: (0.20, -0.98, 0.06)
944.07: (-0.11, -0.87, 0.47)
944.18: (-0.49, -0.60, 0.63)
944.28: (-0.68, -0.28, 0.68)
944.40: (-0.54, 0.08, 0.84)
944.50: (-0.17, 0.45, 0.88)
944.62: (0.16, 0.85, 0.50)
944.73: (0.03, 1.00, -0.09)
944.85: (-0.26, 0.75, -0.61)
944.95: (-0.57, 0.38, -0.73)
945.05: (-0.92, 0.05, -0.39)
945.17: (-0.86, 0.24, -0.44)
945.27: (-0.64, 0.46, -0.61)
945.37: (-0.60, 0.48, -0.64)
945.48: (-0.69, 0.57, -0.45)
945.60: (-0.66, 0.64, -0.40)
945.70: (-0.59, 0.65, -0.48)
945.73: (-0.59, 0.65, -0.48)
945.73: (0.03, 0.00, 1.00): 2
945.82: (-0.59, 0.65, -0.48)
945.93: (-0.59, 0.65, -0.48)
946.03: (-0.58, 0.64, -0.51)
946.15: (-0.35, 0.40, -0.85)
946.27: (-0.25, -0.15, -0.96)
946.38: (-0.33, -0.57, -0.75)
946.50: (-0.35, -0.57, -0.74)
946.60: (-0.35, -0.57, -0.74)
946.72: (-0.26, -0.54, -0.80)
946.83: (0.65, -0.58, -0.48)
946.95: (0.88, -0.36, 0.31)
947.07: (0.81, -0.27, 0.52)
947.18: (0.92, -0.15, 0.35)
947.30: (0.91, -0.09, -0.40)
947.42: (0.22, 0.18, -0.96)
947.53: (-0.58, 0.28, -0.77)
947.65: (-0.99, 0.01, -0.13)
947.75: (-0.90, -0.26, 0.35)
947.87: (-0.70, -0.45, 0.56)
947.97: (-0.52, -0.60, 0.60)
948.08: (-0.05, -0.86, 0.51)
948.18: (0.35, -0.92, 0.17)
948.30: (0.53, -0.77, -0.35)
948.42: (0.43, -0.39, -0.82)
948.52: (0.17, -0.15, -0.97)
948.63: (-0.02, 0.17, -0.98)
948.75: (0.12, 0.58, -0.81)
948.87: (0.40, 0.81, -0.43)
948.98: (0.90, 0.38, -0.20)
949.10: (0.98, -0.20, -0.02)
949.20: (0.87, -0.32, 0.37)
949.32: (0.71, -0.26, 0.66)
949.43: (0.74, -0.23, 0.64)
949.55: (0.92, -0.18, 0.34)
949.67: (0.88, -0.27, 0.38)
949.78: (0.66, -0.23, 0.71)
949.90: (0.66, -0.20, 0.73)
950.00: (0.44, -0.07, 0.90)
950.10: (0.16, -0.04, 0.99)
950.21: (0.11, -0.06, 0.99)
950.33: (0.12, -0.06, 0.99)
950.35: (0.12, -0.06, 0.99)
950.35: (0.82, 0.05, 0.57): 0
950.45: (0.12, -0.06, 0.99)
950.56: (0.12, -0.06, 0.99)
950.68: (0.20, -0.07, 0.98)
950.78: (0.62, -0.09, 0.78)
950.90: (0.73, -0.04, 0.69)
951.01: (0.70, -0.01, 0.71)
951.13: (0.77, 0.03, 0.64)
951.25: (0.81, 0.02, 0.59)
951.25: (0.97, 0.14, 0.20): 2
951.25: (0.81, 0.02, 0.59)
951.36: (0.81, 0.02, 0.59)
951.48: (0.81, 0.02, 0.59)
951.58: (0.86, 0.01, 0.50)
951.70: (0.98, 0.08, 0.19)
951.81: (0.96, 0.10, 0.25)
951.93: (0.96, 0.09, 0.28)
951.95: (0.96, 0.09, 0.28)
951.95: (-0.82, -0.31, -0.48): 0
952.05: (0.96, 0.09, 0.28)
952.16: (0.96, 0.09, 0.26)
952.28: (1.00, 0.03, 0.03)
952.40: (0.80, -0.13, -0.59)
952.51: (-0.19, -0.32, -0.93)
952.63: (-0.69, -0.23, -0.68)
952.73: (-0.68, -0.23, -0.69)
952.85: (-0.60, -0.31, -0.74)
952.96: (-0.72, -0.34, -0.61)
953.08: (-0.78, -0.37, -0.51)
953.13: (-0.78, -0.37, -0.51)
953.13: (-0.19, 0.68, 0.71): 2
953.18: (-0.78, -0.37, -0.51)
953.30: (-0.78, -0.36, -0.51)
953.40: (-0.84, -0.29, -0.46)
953.51: (-1.00, -0.04, -0.09)
953.63: (-0.75, 0.17, 0.64)
953.73: (-0.62, 0.20, 0.76)
953.85: (-0.65, 0.20, 0.74)
953.95: (-0.84, 0.12, 0.53)
954.06: (-0.74, 0.24, 0.63)
954.18: (-0.45, 0.53, 0.72)
954.30: (-0.25, 0.71, 0.66)
954.41: (-0.22, 0.73, 0.64)
954.53: (-0.14, 0.71, 0.69)
954.55: (-0.14, 0.71, 0.69)
954.55: (0.98, 0.17, 0.00): 0
954.63: (-0.14, 0.71, 0.69)
954.75: (-0.14, 0.71, 0.69)
954.86: (0.13, 0.62, 0.77)
954.98: (0.68, 0.26, 0.68)
955.10: (0.96, -0.27, 0.02)
955.21: (0.74, -0.49, -0.46)
955.31: (0.85, -0.40, -0.33)
955.43: (1.00, -0.05, -0.03)
955.53: (1.00, -0.03, -0.01)
955.65: (1.00, -0.01, -0.07)
955.76: (0.98, 0.17, -0.07)
955.83: (0.98, 0.18, -0.06)
955.83: (0.95, 0.09, 0.30): 0
955.88: (0.98, 0.18, -0.06)
956.00: (0.98, 0.17, -0.06)
956.11: (0.98, 0.19, 0.00)
956.23: (0.97, 0.19, 0.12)
956.35: (0.83, 0.14, 0.54)
956.46: (0.78, 0.08, 0.61)
956.58: (0.87, 0.11, 0.48)
956.70: (0.91, 0.11, 0.40)
956.81: (0.94, 0.07, 0.34)
956.85: (0.94, 0.07, 0.33)
956.85: (-0.96, -0.29, -0.01): 2
956.91: (0.94, 0.07, 0.33)
957.03: (0.94, 0.07, 0.33)
957.13: (0.94, 0.07, 0.33)
957.25: (0.95, 0.04, 0.32)
957.36: (0.91, -0.41, 0.03)
957.48: (0.72, -0.65, -0.24)
957.60: (0.73, -0.64, -0.24)
957.71: (0.80, -0.59, 0.05)
957.83: (0.50, -0.81, 0.31)
957.93: (0.18, -0.97, 0.17)
958.05: (0.01, -1.00, -0.01)
958.16: (-0.19, -0.95, -0.24)
958.28: (-0.47, -0.71, -0.52)
958.40: (-0.55, -0.39, -0.74)
958.51: (-0.50, 0.01, -0.87)
958.63: (-0.74, -0.03, -0.67)
958.75: (-0.98, 0.03, -0.18)
958.86: (-0.98, 0.03, -0.18)
958.98: (-0.98, -0.01, -0.19)
959.08: (-0.98, -0.18, -0.10)
959.20: (-0.96, -0.26, -0.02)
959.31: (-0.97, -0.25, -0.02)
959.36: (-0.97, -0.25, -0.02)
959.36: (0.41, -0.85, 0.33): 0
959.43: (-0.97, -0.25, -0.02)
959.55: (-0.97, -0.25, -0.02)
959.66: (-0.97, -0.22, -0.05)
959.78: (-0.99, 0.09, -0.05)
959.88: (-0.89, 0.45, -0.06)
959.98: (-0.92, 0.38, -0.07)
960.10: (-0.95, 0.30, -0.04)
960.21: (-0.92, 0.27, 0.27)
960.31: (-0.75, 0.27, 0.61)
960.41: (-0.52, 0.25, 0.82)
960.53: (-0.18, 0.45, 0.88)
960.65: (0.13, 0.77, 0.62)
960.76: (0.13, 0.99, 0.10)
960.88: (0.09, 0.99, 0.05)
961.00: (0.09, 0.99, 0.14)
961.10: (0.14, 0.95, -0.26)
961.21: (-0.08, 0.52, -0.85)
961.31: (-0.27, 0.05, -0.96)
961.43: (-0.34, -0.38, -0.86)
961.55: (-0.35, -0.79, -0.51)
961.66: (-0.28, -0.96, 0.05)
961.76: (-0.20, -0.84, 0.50)
961.88: (-0.13, -0.57, 0.81)
961.98: (-0.08, -0.70, 0.71)
962.08: (0.10, -0.92, 0.38)
962.20: (0.29, -0.95, 0.15)
962.31: (0.37, -0.91, 0.20)
962.43: (0.36, -0.91, 0.21)
962.50: (0.36, -0.90, 0.23)
962.50: (-0.03, -1.00, 0.07): 2
962.53: (0.36, -0.90, 0.23)
962.65: (0.36, -0.90, 0.23)
962.75: (0.29, -0.93, 0.23)
962.85: (0.29, -0.93, 0.23)
962.96: (0.08, -0.99, 0.08)
963.08: (-0.02, -1.00, 0.01)
963.18: (-0.04, -1.00, 0.02)
963.21: (-0.04, -1.00, 0.02)
963.21: (-0.48, 0.12, -0.87): 1
963.30: (-0.04, -1.00, 0.02)
963.41: (-0.04, -1.00, 0.02)
963.53: (-0.05, -1.00, 0.05)
963.65: (-0.06, -0.97, 0.24)
963.76: (0.35, -0.56, 0.75)
963.88: (0.42, 0.10, 0.90)
964.00: (0.53, 0.45, 0.72)
964.10: (0.66, 0.74, 0.13)
964.21: (0.63, 0.77, 0.11)
964.33: (0.66, 0.72, 0.22)
964.45: (0.95, 0.08, 0.31)
964.56: (0.87, -0.47, -0.14)
964.68: (0.57, -0.67, -0.48)
964.80: (0.40, -0.69, -0.60)
964.90: (0.24, -0.63, -0.74)
965.01: (-0.10, -0.57, -0.82)
965.13: (-0.48, -0.70, -0.54)
965.23: (-0.70, -0.49, -0.51)
965.35: (-0.57, 0.22, -0.79)
965.46: (-0.31, 0.48, -0.82)
965.58: (-0.33, 0.46, -0.82)
965.70: (-0.43, 0.33, -0.84)
965.80: (-0.41, 0.28, -0.87)
965.91: (-0.45, 0.15, -0.88)
966.01: (-0.46, 0.16, -0.87)
966.08: (-0.47, 0.17, -0.87)
966.08: (-0.96, 0.17, 0.24): 0
966.13: (-0.47, 0.17, -0.87)
966.25: (-0.46, 0.17, -0.87)
966.36: (-0.40, 0.06, -0.92)
966.48: (-0.41, -0.01, -0.91)
966.60: (-0.46, -0.05, -0.89)
966.71: (-0.24, 0.39, -0.89)
966.83: (0.24, 0.83, -0.51)
966.94: (0.47, 0.87, -0.12)
967.04: (0.50, 0.87, -0.02)
967.15: (0.51, 0.86, -0.03)
967.26: (0.51, 0.86, -0.03)
967.38: (0.19, 0.97, 0.11)
967.49: (-0.57, 0.81, 0.15)
967.59: (-0.80, 0.52, 0.28)
967.71: (-0.69, 0.25, 0.68)
967.83: (-0.82, 0.33, 0.46)
967.93: (-0.92, 0.32, 0.24)
968.04: (-0.96, 0.22, 0.20)
968.16: (-0.96, 0.16, 0.23)
968.18: (-0.96, 0.16, 0.23)
968.18: (0.82, -0.14, -0.56): 1
968.28: (-0.96, 0.16, 0.23)
968.38: (-0.94, 0.25, 0.23)
968.49: (-0.92, 0.34, 0.20)
968.61: (-0.89, 0.40, 0.20)
968.71: (-0.87, 0.46, 0.18)
968.83: (-0.97, 0.19, 0.12)
968.94: (-0.99, -0.14, 0.06)
969.06: (-0.88, -0.38, 0.30)
969.18: (-0.58, -0.62, 0.53)
969.28: (-0.50, -0.83, 0.25)
969.39: (-0.47, -0.85, -0.25)
969.51: (-0.42, -0.62, -0.66)
969.61: (-0.47, -0.58, -0.67)
969.73: (-0.48, -0.58, -0.65)
969.84: (-0.63, -0.55, -0.55)
969.96: (-0.31, -0.41, -0.86)
970.06: (0.09, -0.08, -0.99)
970.18: (0.42, 0.38, -0.83)
970.29: (0.50, 0.73, -0.47)
970.41: (0.46, 0.89, -0.01)
970.51: (0.43, 0.88, 0.21)
970.63: (0.69, 0.70, -0.18)
970.74: (0.79, 0.34, -0.52)
970.86: (0.75, 0.08, -0.66)
970.98: (0.80, 0.05, -0.60)
971.08: (0.84, -0.04, -0.54)
971.18: (0.84, -0.09, -0.53)
971.18: (-0.99, 0.06, -0.12): 0
971.19: (0.84, -0.09, -0.53)
971.29: (0.84, -0.09, -0.53)
971.39: (0.84, -0.09, -0.53)
971.51: (0.84, -0.08, -0.54)
971.63: (0.79, 0.00, -0.62)
971.74: (0.79, 0.00, -0.62)
971.84: (0.73, 0.00, -0.69)
971.96: (0.94, 0.09, -0.33)
972.08: (0.97, 0.18, 0.16)
972.19: (0.83, 0.31, 0.47)
972.29: (0.50, 0.51, 0.70)
972.41: (0.15, 0.57, 0.81)
972.53: (-0.34, 0.40, 0.85)
972.64: (-0.90, -0.05, 0.43)
972.76: (-0.90, -0.27, -0.34)
972.86: (-0.93, -0.07, -0.37)
972.96: (-0.97, -0.03, -0.23)
973.08: (-1.00, 0.07, 0.03)
973.18: (-1.00, 0.07, 0.03)
973.29: (-0.99, 0.08, -0.08)
973.38: (-0.99, 0.08, -0.08)
973.38: (-0.99, -0.08, -0.09): 1
973.41: (-0.99, 0.08, -0.08)
973.51: (-0.99, 0.07, -0.09)
973.63: (-0.99, 0.07, -0.09)
973.74: (-0.99, 0.07, -0.08)
973.86: (-1.00, 0.00, -0.08)
973.94: (-1.00, -0.03, -0.07)
973.94: (-0.88, -0.46, 0.11): 2
973.98: (-1.00, -0.03, -0.07)
974.09: (-1.00, -0.03, -0.07)
974.19: (-1.00, -0.03, -0.05)
974.31: (-0.96, -0.24, 0.14)
974.41: (-0.94, -0.34, 0.08)
974.53: (-0.92, -0.38, 0.04)
974.64: (-0.92, -0.39, 0.05)
974.76: (-0.91, -0.41, 0.09)
974.76: (-0.92, 0.32, 0.23): 1
974.76: (-0.91, -0.41, 0.09)
974.88: (-0.91, -0.41, 0.09)
974.99: (-0.91, -0.41, 0.09)
975.09: (-0.89, -0.45, 0.11)
975.21: (-0.82, -0.56, 0.15)
975.31: (-0.69, -0.72, 0.04)
975.43: (-0.25, -0.94, -0.23)
975.54: (0.28, -0.96, -0.08)
975.64: (0.62, -0.72, 0.31)
975.76: (0.53, -0.39, 0.75)
975.88: (0.46, -0.43, 0.78)
975.99: (0.46, -0.43, 0.78)
976.11: (0.40, -0.48, 0.79)
976.23: (0.37, -0.38, 0.85)
976.34: (0.60, 0.23, 0.77)
976.46: (0.71, 0.68, 0.20)
976.56: (0.59, 0.79, -0.14)
976.68: (0.62, 0.78, -0.08)
976.79: (0.64, 0.76, 0.11)
976.89: (0.44, 0.89, 0.12)
976.99: (-0.25, 0.93, 0.26)
977.11: (-0.83, 0.26, 0.50)
977.23: (-0.79, -0.26, 0.55)
977.34: (-0.79, -0.08, 0.60)
977.46: (-0.87, 0.24, 0.44)
977.58: (-0.89, 0.42, 0.16)
977.69: (-0.92, 0.35, 0.18)
977.81: (-0.93, 0.30, 0.20)
977.89: (-0.93, 0.30, 0.21)
977.89: (0.94, 0.08, 0.33): 0
977.93: (-0.93, 0.30, 0.21)
978.03: (-0.93, 0.30, 0.22)
978.14: (-0.91, 0.30, 0.27)
978.26: (-0.91, 0.30, 0.27)
978.38: (-0.92, 0.33, 0.21)
978.49: (-1.00, -0.06, 0.04)
978.61: (-0.86, -0.47, -0.21)
978.73: (-0.93, -0.35, -0.15)
978.83: (-0.93, -0.35, -0.13)
978.94: (-0.95, -0.24, -0.21)
979.06: (-0.79, -0.37, -0.49)
979.18: (-0.23, -0.75, -0.62)
979.28: (-0.07, -0.83, -0.55)
979.38: (0.03, -0.88, -0.48)
979.49: (-0.33, -0.61, -0.72)
979.61: (-0.77, 0.09, -0.64)
979.73: (-0.75, 0.46, -0.48)
979.83: (-0.63, 0.68, -0.36)
979.94: (-0.31, 0.95, 0.04)
980.06: (0.11, 0.82, 0.55)
980.16: (0.29, 0.45, 0.84)
980.28: (0.37, -0.19, 0.91)
980.39: (0.22, -0.33, 0.92)
980.49: (0.22, -0.33, 0.92)
980.61: (0.09, -0.04, 1.00)
980.73: (0.33, -0.33, 0.88)
980.84: (0.59, -0.62, 0.52)
980.94: (0.63, -0.75, 0.19)
981.06: (0.47, -0.83, -0.28)
981.18: (0.10, -0.76, -0.64)
981.29: (0.02, -0.74, -0.67)
981.41: (0.61, -0.71, -0.35)
981.51: (0.90, -0.44, 0.00)
981.63: (0.94, -0.32, 0.09)
981.74: (0.97, -0.22, 0.13)
981.86: (0.96, -0.06, 0.27)
981.98: (0.96, -0.03, 0.27)
982.01: (0.96, -0.03, 0.27)
982.01: (-0.36, 0.90, -0.26): 2
982.08: (0.96, -0.03, 0.27)
982.19: (0.96, -0.03, 0.29)
982.31: (0.94, -0.13, 0.31)
982.41: (0.94, -0.13, 0.30)
982.53: (0.92, -0.22, 0.33)
982.63: (0.88, -0.27, 0.39)
982.73: (0.77, -0.39, 0.50)
982.84: (0.28, -0.53, 0.80)
982.96: (-0.30, -0.42, 0.86)
983.08: (-0.53, -0.12, 0.84)
983.19: (-0.58, 0.29, 0.76)
983.31: (-0.56, 0.21, 0.80)
983.42: (-0.51, 0.14, 0.85)
983.54: (-0.50, 0.07, 0.86)
983.66: (-0.52, -0.12, 0.85)
983.77: (-0.56, -0.10, 0.82)
983.88: (-0.44, -0.51, 0.74)
983.99: (0.02, -1.00, 0.09)
984.11: (0.46, -0.80, -0.39)
984.22: (0.63, -0.45, -0.64)
984.32: (0.61, -0.47, -0.64)
984.44: (0.59, -0.64, -0.49)
984.56: (0.67, -0.46, -0.59)
984.66: (0.58, -0.31, -0.75)
984.76: (0.30, -0.55, -0.78)
984.87: (-0.17, -0.74, -0.66)
984.99: (-0.60, -0.77, -0.19)
985.11: (-0.62, -0.54, 0.58)
985.22: (-0.53, -0.43, 0.73)
985.34: (-0.53, -0.43, 0.73)
985.46: (-0.43, -0.59, 0.68)
985.57: (0.23, -0.68, 0.69)
985.69: (0.94, -0.06, 0.35)
985.81: (0.93, 0.23, -0.27)
985.91: (0.95, 0.22, -0.23)
986.01: (0.95, 0.22, -0.23)
986.12: (0.86, 0.26, -0.45)
986.22: (0.33, 0.44, -0.83)
986.34: (-0.48, 0.30, -0.83)
986.46: (-0.79, 0.16, -0.60)
986.57: (-0.85, 0.33, -0.42)
986.69: (-0.60, 0.68, -0.41)
986.81: (-0.42, 0.84, -0.36)
986.92: (-0.44, 0.82, -0.37)
987.02: (-0.42, 0.84, -0.34)
987.12: (-0.38, 0.87, -0.31)
987.14: (-0.38, 0.87, -0.31)
987.14: (0.98, 0.09, -0.15): 0
987.24: (-0.38, 0.87, -0.31)
987.34: (-0.36, 0.88, -0.33)
987.46: (-0.35, 0.87, -0.34)
987.57: (-0.35, 0.86, -0.37)
987.69: (-0.32, 0.95, -0.05)
987.79: (-0.16, 0.57, 0.80)
987.91: (0.32, -0.31, 0.90)
988.01: (0.57, -0.41, 0.71)
988.11: (0.57, -0.41, 0.71)
988.22: (0.47, -0.42, 0.78)
988.32: (0.00, -0.66, 0.75)
988.44: (-0.67, -0.73, 0.15)
988.56: (-0.66, -0.38, -0.65)
988.67: (-0.53, -0.46, -0.71)
988.77: (-0.53, -0.46, -0.71)
988.89: (-0.54, -0.46, -0.70)
989.01: (-0.42, -0.48, -0.77)
989.12: (-0.01, -0.41, -0.91)
989.22: (0.23, -0.40, -0.89)
989.34: (0.73, -0.44, -0.53)
989.46: (0.93, -0.27, 0.25)
989.57: (0.88, -0.05, 0.47)
989.67: (1.00, -0.08, 0.05)
989.79: (0.99, 0.01, -0.15)
989.91: (0.99, 0.07, -0.12)
989.99: (0.99, 0.08, -0.12)
989.99: (-0.85, 0.11, -0.52): 2
990.02: (0.99, 0.08, -0.12)
990.14: (0.99, 0.06, -0.12)
990.24: (0.99, 0.00, -0.11)
990.36: (0.99, -0.01, -0.11)
990.46: (0.98, -0.09, -0.17)
990.57: (0.99, 0.16, 0.03)
990.69: (0.30, 0.75, 0.58)
990.81: (-0.45, 0.39, 0.80)
990.92: (-0.38, 0.24, 0.89)
991.04: (-0.33, 0.45, 0.83)
991.14: (-0.38, 0.84, 0.39)
991.26: (-0.25, 0.91, -0.34)
991.37: (-0.19, 0.67, -0.72)
991.49: (-0.28, 0.39, -0.88)
991.59: (-0.55, -0.02, -0.84)
991.71: (-0.72, -0.17, -0.68)
991.81: (-0.77, -0.11, -0.63)
991.92: (-0.78, 0.01, -0.63)
992.04: (-0.88, 0.10, -0.46)
992.12: (-0.89, 0.11, -0.45)
992.12: (-0.78, -0.63, -0.02): 2
992.14: (-0.89, 0.11, -0.45)
992.26: (-0.89, 0.11, -0.45)
992.37: (-0.86, 0.17, -0.47)
992.49: (-0.86, 0.17, -0.47)
992.61: (-0.92, -0.06, -0.40)
992.71: (-0.89, -0.44, -0.13)
992.82: (-0.87, -0.47, -0.11)
992.94: (-0.89, -0.44, -0.13)
993.06: (-0.88, -0.44, -0.17)
993.16: (-0.88, -0.44, -0.18)
993.26: (-0.85, -0.52, -0.03)
993.37: (-0.79, -0.61, 0.08)
993.47: (-0.79, -0.61, 0.06)
993.47: (-0.16, -0.24, -0.96): 1
993.49: (-0.79, -0.61, 0.06)
993.59: (-0.79, -0.60, 0.06)
993.71: (-0.82, -0.57, 0.07)
993.81: (-0.85, -0.53, 0.07)
993.92: (-0.85, -0.52, -0.04)
994.04: (-0.47, -0.71, 0.53)
994.16: (0.02, -0.52, 0.85)
994.26: (0.05, -0.48, 0.88)
994.37: (0.25, -0.25, 0.94)
994.47: (0.44, 0.48, 0.76)
994.59: (0.06, 1.00, 0.02)
994.71: (0.15, 0.99, 0.04)
994.82: (0.46, 0.44, 0.77)
994.94: (-0.01, -0.50, 0.87)
995.06: (-0.56, -0.79, 0.23)
995.16: (-0.68, -0.68, -0.28)
995.26: (-0.59, -0.48, -0.65)
995.37: (-0.37, -0.02, -0.93)
995.49: (-0.05, 0.62, -0.79)
995.59: (-0.08, 0.52, -0.85)
995.71: (-0.15, 0.17, -0.97)
995.82: (-0.15, 0.07, -0.99)
995.92: (-0.15, 0.02, -0.99)
996.04: (-0.18, -0.08, -0.98)
996.14: (-0.19, -0.10, -0.98)
996.22: (-0.21, -0.16, -0.97)
996.22: (-0.90, 0.06, -0.43): 1
996.26: (-0.21, -0.16, -0.97)
996.37: (-0.20, -0.15, -0.97)
996.49: (-0.28, -0.14, -0.95)
996.59: (-0.28, -0.14, -0.95)
996.69: (-0.28, -0.14, -0.95)
996.81: (-0.25, -0.14, -0.96)
996.92: (-0.05, -0.15, -0.99)
997.04: (0.18, -0.26, -0.95)
997.16: (0.37, -0.40, -0.84)
997.26: (0.51, -0.57, -0.64)
997.37: (0.63, -0.67, -0.40)
997.47: (0.68, -0.73, -0.05)
997.57: (0.63, -0.73, 0.28)
997.69: (0.57, -0.76, 0.32)
997.81: (0.56, -0.79, 0.24)
997.91: (0.87, -0.39, -0.29)
998.02: (0.78, 0.34, -0.54)
998.12: (0.62, 0.69, -0.36)
998.24: (0.02, 0.98, -0.19)
998.36: (-0.69, 0.70, -0.19)
998.47: (-0.93, 0.03, -0.36)
998.59: (-0.76, -0.33, -0.56)
998.71: (-0.77, -0.33, -0.55)
998.81: (-0.81, -0.22, -0.54)
998.92: (-0.86, -0.11, -0.50)
999.04: (-0.87, 0.00, -0.49)
999.14: (-0.88, 0.00, -0.48)
999.17: (-0.88, 0.00, -0.47)
999.17: (-0.52, 0.80, -0.31): 1
999.26: (-0.88, 0.00, -0.47)
999.37: (-0.88, 0.00, -0.47)
999.49: (-0.86, 0.07, -0.50)
999.61: (-0.71, 0.56, -0.43)
999.71: (-0.62, 0.71, -0.34)
999.82: (-0.62, 0.71, -0.34)
999.94: (-0.61, 0.70, -0.36)
1000.06: (-0.62, 0.68, -0.40)
1000.16: (-0.63, 0.63, -0.45)
1000.26: (-0.63, 0.62, -0.46)
1000.37: (-0.58, 0.73, -0.36)
1000.49: (-0.56, 0.75, -0.35)
1000.52: (-0.56, 0.75, -0.35)
1000.52: (-0.83, 0.38, -0.41): 0
1000.61: (-0.56, 0.75, -0.35)
1000.72: (-0.56, 0.75, -0.35)
1000.82: (-0.61, 0.66, -0.44)
1000.94: (-0.80, 0.43, -0.42)
1001.04: (-0.80, 0.44, -0.42)
1001.16: (-0.79, 0.46, -0.41)
1001.16: (0.87, 0.14, -0.48): 1
1001.16: (-0.79, 0.46, -0.41)
1001.27: (-0.78, 0.47, -0.41)
1001.39: (-0.77, 0.47, -0.43)
1001.49: (-0.74, 0.44, -0.51)
1001.61: (-0.57, 0.47, -0.68)
1001.72: (0.33, 0.56, -0.76)
1001.84: (0.89, 0.43, 0.16)
1001.95: (0.89, 0.31, 0.33)
1002.06: (0.89, 0.31, 0.33)
1002.16: (0.92, 0.34, 0.19)
1002.27: (0.94, 0.32, -0.11)
1002.39: (0.93, 0.28, -0.24)
1002.51: (0.94, 0.26, -0.22)
1002.62: (0.91, 0.21, -0.36)
1002.74: (0.87, 0.18, -0.45)
1002.75: (0.87, 0.18, -0.45)
1002.75: (0.86, 0.51, -0.05): 1
1002.84: (0.87, 0.18, -0.45)
1002.96: (0.87, 0.18, -0.45)
1003.07: (0.93, 0.27, -0.26)
1003.19: (0.91, 0.39, -0.16)
1003.30: (0.91, 0.39, -0.16)
1003.42: (0.88, 0.48, -0.08)
1003.45: (0.87, 0.48, -0.08)
1003.45: (0.36, 0.84, -0.41): 0
1003.54: (0.87, 0.48, -0.08)
1003.64: (0.87, 0.48, -0.08)
1003.74: (0.83, 0.52, -0.17)
1003.85: (0.61, 0.69, -0.39)
1003.97: (0.50, 0.75, -0.44)
1004.09: (0.50, 0.76, -0.42)
1004.19: (0.49, 0.77, -0.41)
1004.19: (-0.96, -0.27, 0.04): 0
1004.19: (0.49, 0.77, -0.41)
1004.30: (0.49, 0.77, -0.41)
1004.42: (0.49, 0.77, -0.41)
1004.52: (0.35, 0.79, -0.50)
1004.64: (-0.10, 0.66, -0.74)
1004.75: (-0.49, 0.30, -0.82)
1004.85: (-0.79, -0.14, -0.60)
1004.97: (-0.79, -0.19, -0.59)
1005.07: (-0.79, -0.19, -0.59)
1005.19: (-0.85, -0.13, -0.51)
1005.29: (-0.94, -0.29, -0.16)
1005.40: (-0.95, -0.29, -0.13)
1005.50: (-0.96, -0.26, -0.10)
1005.62: (-0.96, -0.27, 0.03)
1005.70: (-0.96, -0.27, 0.03)
1005.70: (-0.80, -0.30, 0.52): 2
1005.72: (-0.96, -0.27, 0.03)
1005.84: (-0.96, -0.27, 0.03)
1005.95: (-0.95, -0.30, 0.07)
1006.07: (-0.80, -0.43, 0.42)
1006.19: (-0.77, -0.33, 0.55)
1006.30: (-0.79, -0.31, 0.53)
1006.37: (-0.79, -0.31, 0.53)
1006.37: (-0.36, -0.84, 0.41): 1
1006.40: (-0.79, -0.31, 0.53)
1006.52: (-0.79, -0.31, 0.53)
1006.64: (-0.79, -0.31, 0.53)
1006.74: (-0.55, -0.65, 0.52)
1006.85: (-0.53, -0.71, 0.46)
1006.97: (-0.56, -0.67, 0.48)
1007.09: (-0.55, -0.68, 0.48)
1007.20: (-0.55, -0.68, 0.48)
1007.30: (-0.55, -0.68, 0.48)
1007.42: (-0.35, -0.81, 0.47)
1007.52: (-0.35, -0.80, 0.48)
1007.57: (-0.35, -0.80, 0.48)
1007.57: (0.81, 0.24, -0.54): 2
1007.64: (-0.35, -0.80, 0.48)
1007.75: (-0.35, -0.81, 0.47)
1007.87: (-0.31, -0.86, 0.40)
1007.99: (-0.20, -0.96, 0.22)
1008.10: (0.05, -1.00, 0.07)
1008.20: (0.16, -0.99, 0.04)
1008.30: (0.14, -0.99, 0.03)
1008.42: (0.13, -0.99, 0.03)
1008.54: (-0.11, -0.99, 0.01)
1008.65: (-0.39, -0.86, -0.34)
1008.77: (-0.91, -0.23, -0.35)
1008.87: (-0.99, 0.12, 0.05)
1008.99: (-0.83, 0.41, 0.39)
1009.10: (-0.91, 0.28, 0.31)
1009.22: (-0.93, 0.16, 0.34)
1009.34: (-0.61, 0.32, 0.72)
1009.45: (0.15, 0.85, 0.51)
1009.57: (0.58, 0.81, -0.06)
1009.67: (0.62, 0.77, -0.14)
1009.77: (0.62, 0.77, -0.14)
1009.89: (0.66, 0.74, -0.12)
1010.00: (0.84, 0.38, -0.39)
1010.10: (0.84, 0.29, -0.46)
1010.22: (0.82, 0.32, -0.48)
1010.34: (0.80, 0.35, -0.50)
1010.37: (0.80, 0.35, -0.50)
1010.37: (-0.44, -0.17, 0.88): 2
1010.45: (0.80, 0.35, -0.50)
1010.57: (0.80, 0.33, -0.50)
1010.69: (0.80, 0.18, -0.57)
1010.80: (0.78, 0.10, -0.61)
1010.90: (0.54, -0.42, -0.73)
1011.02: (0.40, -0.56, -0.72)
1011.14: (0.42, -0.55, -0.72)
1011.25: (0.38, -0.70, -0.61)
1011.37: (-0.11, -0.93, -0.36)
1011.49: (-0.54, -0.84, -0.09)
1011.60: (-0.86, -0.48, 0.18)
1011.70: (-0.92, 0.08, 0.38)
1011.82: (-0.71, 0.64, 0.29)
1011.92: (-0.59, 0.77, 0.26)
1012.04: (-0.74, 0.36, 0.57)
1012.14: (-0.63, -0.15, 0.77)
1012.25: (-0.46, -0.33, 0.82)
1012.37: (-0.44, -0.23, 0.87)
1012.47: (-0.44, -0.20, 0.88)
1012.49: (-0.44, -0.20, 0.88)
1012.49: (0.17, -0.73, -0.66): 1
1012.57: (-0.44, -0.20, 0.88)
1012.69: (-0.48, -0.20, 0.85)
1012.80: (-0.49, -0.20, 0.85)
1012.90: (-0.49, -0.20, 0.85)
1013.02: (-0.50, -0.34, 0.80)
1013.14: (-0.05, 0.17, 0.98)
1013.25: (0.38, 0.59, 0.71)
1013.37: (0.49, 0.69, 0.53)
1013.47: (0.64, 0.73, 0.26)
1013.59: (0.67, 0.60, -0.44)
1013.70: (0.52, 0.41, -0.75)
1013.82: (0.35, 0.43, -0.83)
1013.94: (-0.20, 0.57, -0.80)
1014.04: (-0.63, 0.59, -0.50)
1014.15: (-0.78, 0.58, -0.24)
1014.25: (-0.67, 0.73, 0.07)
1014.37: (0.08, 0.83, 0.55)
1014.49: (0.79, 0.32, 0.52)
1014.60: (0.95, 0.27, -0.17)
1014.72: (0.14, 0.45, -0.88)
1014.82: (-0.69, 0.25, -0.68)
1014.94: (-0.98, -0.09, -0.18)
1015.05: (-0.81, -0.56, 0.13)
1015.17: (-0.57, -0.77, 0.28)
1015.29: (-0.37, -0.90, 0.24)
1015.40: (0.00, -0.99, 0.10)
1015.52: (0.47, -0.88, 0.03)
1015.64: (0.57, -0.82, -0.05)
1015.75: (0.57, -0.82, -0.05)
1015.87: (0.42, -0.91, -0.02)
1015.99: (0.85, -0.45, -0.27)
1016.10: (0.90, 0.20, -0.38)
1016.20: (0.79, 0.55, -0.26)
1016.32: (0.42, 0.91, 0.00)
1016.44: (-0.22, 0.96, 0.16)
1016.55: (-0.75, 0.66, 0.02)
1016.67: (-0.91, 0.34, -0.25)
1016.79: (-0.88, 0.27, -0.39)
1016.89: (-0.88, 0.27, -0.39)
1016.99: (-0.88, 0.27, -0.39)
1017.10: (-0.90, 0.35, -0.28)
1017.22: (-0.94, 0.11, 0.32)
1017.32: (-0.57, -0.08, 0.82)
1017.44: (-0.22, -0.33, 0.92)
1017.55: (0.20, -0.73, 0.65)
1017.65: (0.42, -0.91, 0.01)
1017.77: (0.15, -0.81, -0.56)
1017.89: (-0.25, -0.56, -0.79)
1018.00: (-0.17, -0.66, -0.73)
1018.10: (-0.01, -0.74, -0.67)
1018.22: (0.05, -0.71, -0.70)
1018.34: (0.09, -0.72, -0.69)
1018.37: (0.09, -0.73, -0.68)
1018.37: (0.80, 0.09, 0.59): 1
1018.45: (0.09, -0.73, -0.68)
1018.57: (0.06, -0.75, -0.66)
1018.67: (0.04, -0.76, -0.64)
1018.77: (0.08, -0.82, -0.57)
1018.89: (0.10, -0.92, -0.38)
1019.00: (-0.26, -0.89, -0.37)
1019.12: (-0.62, -0.59, -0.52)
1019.24: (-0.65, -0.70, -0.29)
1019.35: (-0.31, -0.85, 0.43)
1019.45: (0.29, -0.60, 0.74)
1019.57: (0.82, -0.17, 0.54)
1019.67: (0.79, -0.19, 0.59)
1019.77: (0.79, -0.19, 0.59)
1019.89: (0.85, -0.05, 0.52)
1020.00: (0.85, 0.01, 0.52)
1020.12: (0.84, 0.05, 0.54)
1020.12: (-0.73, -0.45, -0.51): 2
1020.12: (0.84, 0.05, 0.54)
1020.23: (0.84, 0.07, 0.54)
1020.35: (0.84, 0.07, 0.54)
1020.47: (0.85, 0.22, 0.47)
1020.58: (0.57, 0.82, -0.07)
1020.70: (0.19, 0.91, -0.36)
1020.80: (0.19, 0.92, -0.35)
1020.92: (0.40, 0.88, -0.27)
1021.03: (-0.12, 0.77, -0.62)
1021.13: (-0.71, 0.23, -0.67)
1021.23: (-0.84, -0.47, -0.28)
1021.35: (-0.81, -0.56, -0.17)
1021.47: (-0.81, -0.56, -0.18)
1021.58: (-0.78, -0.53, -0.35)
1021.70: (-0.72, -0.50, -0.49)
1021.80: (-0.72, -0.49, -0.49)
1021.83: (-0.72, -0.49, -0.49)
1021.83: (-0.74, 0.62, 0.26): 2
1021.92: (-0.72, -0.49, -0.49)
1022.02: (-0.72, -0.53, -0.45)
1022.13: (-0.74, -0.50, -0.45)
1022.25: (-0.73, -0.46, -0.50)
1022.37: (-0.62, -0.58, -0.53)
1022.47: (-0.40, -0.87, -0.28)
1022.58: (-0.23, -0.97, -0.02)
1022.70: (0.10, -0.91, 0.39)
1022.82: (0.42, -0.82, 0.40)
1022.93: (0.78, -0.25, 0.57)
1023.05: (0.74, -0.28, 0.61)
1023.15: (0.74, -0.28, 0.61)
1023.27: (0.81, -0.35, 0.47)
1023.38: (0.99, -0.12, 0.12)
1023.48: (0.96, 0.09, -0.27)
1023.60: (0.64, 0.50, -0.59)
1023.72: (0.13, 0.89, -0.45)
1023.83: (-0.01, 1.00, -0.01)
1023.93: (-0.01, 0.87, 0.49)
1024.05: (0.09, 0.66, 0.75)
1024.17: (0.09, 0.66, 0.75)
1024.27: (-0.04, 0.74, 0.67)
1024.38: (-0.59, 0.67, 0.44)
1024.50: (-0.74, 0.60, 0.30)
1024.60: (-0.74, 0.60, 0.29)
1024.67: (-0.74, 0.61, 0.29)
1024.67: (0.87, -0.34, 0.34): 0
1024.72: (-0.74, 0.61, 0.29)
1024.83: (-0.74, 0.61, 0.30)
1024.95: (-0.70, 0.62, 0.34)
1025.07: (-0.81, 0.28, 0.51)
1025.18: (-0.63, -0.42, 0.66)
1025.28: (-0.63, -0.38, 0.68)
1025.40: (-0.78, -0.26, 0.57)
1025.52: (-0.66, -0.75, 0.09)
1025.63: (-0.28, -0.89, -0.35)
1025.75: (0.05, -0.95, -0.29)
1025.87: (0.00, -0.97, -0.22)
1025.97: (0.00, -0.97, -0.22)
1026.08: (0.07, -0.90, -0.44)
1026.20: (0.24, -0.41, -0.88)
1026.32: (0.45, 0.29, -0.85)
1026.43: (0.70, 0.59, -0.41)
1026.53: (0.84, 0.49, -0.21)
1026.65: (0.93, 0.34, -0.12)
1026.77: (0.93, 0.34, -0.12)
1026.88: (0.93, 0.34, -0.12)
1026.98: (0.96, 0.26, -0.11)
1027.10: (0.96, 0.00, 0.29)
1027.22: (0.88, -0.28, 0.39)
1027.33: (0.88, -0.29, 0.36)
1027.45: (0.89, -0.29, 0.36)
1027.47: (0.89, -0.29, 0.36)
1027.47: (-0.64, -0.48, -0.60): 1
1027.55: (0.89, -0.29, 0.36)
1027.67: (0.89, -0.29, 0.35)
1027.78: (0.73, -0.42, 0.54)
1027.90: (-0.12, -0.63, 0.76)
1028.00: (-0.24, -0.72, 0.65)
1028.12: (-0.19, -0.74, 0.65)
1028.23: (-0.22, -0.68, 0.70)
1028.35: (-0.76, -0.47, 0.46)
1028.47: (-0.98, 0.04, -0.20)
1028.57: (-0.97, -0.10, -0.24)
1028.68: (-0.96, -0.28, -0.06)
1028.80: (-0.91, -0.39, 0.15)
1028.92: (-0.91, -0.35, 0.23)
1029.03: (-0.86, -0.50, -0.07)
1029.13: (-0.74, -0.62, -0.27)
1029.25: (-0.65, -0.65, -0.40)
1029.35: (-0.65, -0.63, -0.43)
1029.47: (-0.68, -0.53, -0.50)
1029.58: (-0.65, -0.50, -0.57)
1029.62: (-0.65, -0.50, -0.57)
1029.62: (-0.88, -0.18, -0.43): 0
1029.70: (-0.65, -0.50, -0.57)
1029.80: (-0.68, -0.47, -0.57)
1029.90: (-0.75, -0.29, -0.60)
1030.02: (-0.82, -0.22, -0.53)
1030.12: (-0.82, -0.26, -0.50)
1030.23: (-0.84, -0.25, -0.48)
1030.25: (-0.85, -0.24, -0.48)
1030.25: (-0.44, -0.84, -0.32): 1
1030.35: (-0.85, -0.24, -0.47)
1030.45: (-0.84, 0.04, -0.55)
1030.57: (-0.80, 0.18, -0.57)
1030.68: (-0.72, -0.54, -0.42)
1030.80: (-0.70, -0.58, -0.41)
1030.92: (-0.68, -0.63, -0.38)
1031.02: (-0.54, -0.79, -0.29)
1031.13: (-0.51, -0.81, -0.29)
1031.18: (-0.51, -0.81, -0.30)
1031.18: (-0.12, 0.66, -0.74): 0
1031.25: (-0.51, -0.81, -0.30)
1031.37: (-0.50, -0.81, -0.29)
1031.48: (-0.43, -0.86, -0.26)
1031.60: (-0.04, -0.94, -0.35)
1031.70: (0.54, -0.80, -0.24)
1031.82: (0.68, -0.31, 0.66)
1031.93: (0.55, -0.25, 0.80)
1032.05: (0.55, -0.25, 0.80)
1032.17: (0.55, -0.26, 0.80)
1032.27: (0.58, -0.20, 0.79)
1032.38: (0.18, 0.44, 0.88)
1032.50: (-0.27, 0.68, 0.68)
1032.62: (-0.65, 0.73, 0.20)
1032.73: (-0.59, 0.76, 0.26)
1032.83: (-0.59, 0.76, 0.26)
1032.95: (-0.82, 0.56, -0.10)
1033.07: (-0.90, 0.01, -0.43)
1033.18: (-0.70, -0.58, -0.41)
1033.30: (-0.17, -0.85, -0.51)
1033.42: (0.50, -0.73, -0.48)
1033.53: (0.55, -0.69, -0.48)
1033.63: (0.55, -0.69, -0.48)
1033.75: (0.53, -0.72, -0.45)
1033.87: (0.80, -0.60, -0.03)
1033.98: (0.81, 0.00, 0.59)
1034.10: (0.43, 0.67, 0.61)
1034.22: (0.10, 0.97, 0.20)
1034.32: (-0.19, 0.93, -0.31)
1034.43: (-0.11, 0.80, -0.59)
1034.53: (-0.11, 0.80, -0.59)
1034.65: (-0.06, 0.83, -0.56)
1034.77: (-0.07, 0.75, -0.66)
1034.88: (-0.10, 0.65, -0.75)
1034.93: (-0.10, 0.65, -0.75)
1034.93: (-0.48, 0.69, -0.54): 1
1035.00: (-0.10, 0.65, -0.75)
1035.10: (-0.11, 0.65, -0.75)
1035.22: (-0.19, 0.67, -0.71)
1035.32: (-0.42, 0.70, -0.58)
1035.42: (-0.48, 0.70, -0.53)
1035.42: (-0.87, 0.24, 0.42): 2
1035.43: (-0.48, 0.70, -0.53)
1035.55: (-0.48, 0.70, -0.53)
1035.65: (-0.47, 0.71, -0.53)
1035.77: (-0.40, 0.82, -0.41)
1035.88: (-0.19, 0.98, 0.04)
1036.00: (0.20, 0.89, 0.41)
1036.10: (0.20, 0.89, 0.41)
1036.22: (0.10, 0.87, 0.48)
1036.33: (0.41, 0.03, 0.91)
1036.45: (0.41, -0.85, 0.34)
1036.56: (0.42, -0.91, 0.01)
1036.67: (0.42, -0.91, 0.01)
1036.77: (0.42, -0.91, 0.02)
1036.88: (0.01, -0.93, -0.37)
1037.00: (-0.39, -0.30, -0.87)
1037.12: (-0.37, 0.43, -0.82)
1037.23: (-0.22, 0.69, -0.69)
1037.35: (-0.22, 0.69, -0.69)
1037.46: (-0.06, 0.84, -0.54)
1037.58: (0.50, 0.83, -0.26)
1037.70: (0.90, 0.41, 0.13)
1037.81: (0.72, 0.11, 0.69)
1037.93: (0.14, -0.12, 0.98)
1038.03: (-0.34, -0.26, 0.90)
1038.13: (-0.28, -0.28, 0.92)
1038.25: (-0.18, -0.10, 0.98)
1038.36: (-0.21, 0.54, 0.82)
1038.48: (-0.41, 0.83, 0.38)
1038.60: (-0.62, 0.66, 0.42)
1038.70: (-0.78, 0.43, 0.46)
1038.81: (-0.88, 0.18, 0.44)
1038.93: (-0.89, 0.19, 0.42)
1038.93: (-0.89, -0.10, -0.44): 0
1038.93: (-0.89, 0.19, 0.42)
1039.05: (-0.88, 0.20, 0.42)
1039.16: (-0.86, 0.21, 0.46)
1039.28: (-0.85, 0.24, 0.47)
1039.38: (-0.96, 0.13, 0.23)
1039.50: (-0.98, -0.10, -0.17)
1039.61: (-0.98, -0.11, -0.18)
1039.73: (-0.96, -0.06, -0.26)
1039.83: (-0.95, -0.06, -0.32)
1039.91: (-0.94, -0.07, -0.33)
1039.91: (0.54, 0.19, 0.82): 0
1039.95: (-0.94, -0.07, -0.34)
1040.06: (-0.92, -0.11, -0.39)
1040.16: (-0.92, -0.11, -0.39)
1040.28: (-0.63, -0.48, -0.61)
1040.40: (-0.37, -0.64, -0.67)
1040.51: (-0.37, -0.64, -0.67)
1040.63: (-0.28, -0.64, -0.71)
1040.73: (0.37, -0.65, -0.66)
1040.85: (0.74, -0.51, -0.44)
1040.96: (0.92, -0.36, -0.13)
1041.08: (0.88, -0.45, -0.17)
1041.20: (0.92, -0.33, -0.23)
1041.31: (0.79, -0.02, -0.62)
1041.43: (0.15, -0.05, -0.99)
1041.53: (-0.45, -0.10, -0.89)
1041.65: (-0.92, -0.10, -0.39)
1041.76: (-0.93, -0.25, 0.26)
1041.88: (-0.91, -0.32, 0.27)
1041.98: (-0.91, -0.32, 0.25)
1042.10: (-0.89, -0.31, 0.34)
1042.20: (-0.60, -0.24, 0.77)
1042.31: (0.04, -0.11, 0.99)
1042.43: (0.72, -0.06, 0.70)
1042.53: (0.99, -0.02, 0.14)
1042.65: (0.99, 0.00, 0.17)
1042.76: (0.87, 0.07, 0.49)
1042.88: (0.76, 0.16, 0.63)
1043.00: (0.73, 0.22, 0.64)
1043.10: (0.59, 0.20, 0.78)
1043.20: (0.53, 0.20, 0.83)
1043.20: (0.99, 0.15, 0.05): 0
1043.21: (0.53, 0.20, 0.83)
1043.33: (0.53, 0.20, 0.83)
1043.43: (0.53, 0.20, 0.83)
1043.55: (0.83, 0.25, 0.49)
1043.66: (0.95, 0.23, 0.23)
1043.78: (0.95, 0.23, 0.22)
1043.88: (0.95, 0.23, 0.22)
1044.00: (0.98, 0.19, 0.11)
1044.10: (0.98, 0.16, 0.08)
1044.15: (0.98, 0.16, 0.08)
1044.15: (0.94, 0.17, 0.30): 0
1044.21: (0.98, 0.16, 0.08)
1044.33: (0.98, 0.16, 0.08)
1044.45: (0.98, 0.16, 0.10)
1044.55: (0.93, 0.19, 0.33)
1044.61: (0.92, 0.19, 0.34)
1044.61: (-0.34, 0.31, 0.89): 2
1044.66: (0.92, 0.19, 0.34)
1044.78: (0.95, 0.18, 0.26)
1044.90: (0.95, 0.17, 0.26)
1045.01: (0.98, 0.16, 0.12)
1045.13: (0.94, 0.31, -0.14)
1045.25: (0.75, 0.66, 0.02)
1045.36: (0.43, 0.13, -0.89)
1045.48: (0.43, -0.19, -0.88)
1045.60: (0.43, -0.19, -0.88)
1045.70: (0.47, -0.19, -0.86)
1045.81: (0.10, -0.36, -0.93)
1045.93: (-0.10, -0.44, -0.89)
1046.05: (-0.47, -0.58, -0.67)
1046.15: (-0.70, -0.64, -0.30)
1046.26: (-0.72, -0.56, 0.40)
1046.38: (-0.60, -0.56, 0.57)
1046.48: (-0.59, -0.47, 0.66)
1046.60: (-0.49, 0.34, 0.80)
1046.70: (-0.18, 0.87, 0.46)
1046.81: (-0.27, 0.81, 0.52)
1046.93: (-0.44, 0.56, 0.70)
1047.05: (-0.43, 0.42, 0.80)
1047.16: (-0.38, 0.34, 0.86)
1047.26: (-0.39, 0.27, 0.88)
1047.26: (0.98, 0.12, 0.17): 2
1047.26: (-0.39, 0.27, 0.88)
1047.38: (-0.38, 0.27, 0.88)
1047.48: (-0.39, 0.28, 0.88)
1047.60: (-0.25, 0.44, 0.87)
1047.71: (-0.04, 0.51, 0.86)
1047.83: (-0.06, 0.49, 0.87)
1047.93: (-0.09, 0.46, 0.88)
1048.05: (0.03, 0.68, 0.74)
1048.16: (0.07, 0.92, 0.39)
1048.28: (0.29, 0.96, 0.01)
1048.40: (0.50, 0.82, -0.29)
1048.51: (0.49, 0.73, -0.47)
1048.63: (0.50, 0.74, -0.45)
1048.75: (0.11, 0.99, 0.09)
1048.86: (-0.37, 0.83, 0.42)
1048.98: (-0.70, 0.71, -0.02)
1049.10: (-0.94, 0.12, -0.32)
1049.21: (-0.97, 0.09, -0.24)
1049.33: (-0.97, 0.09, -0.24)
1049.45: (-0.94, 0.04, -0.34)
1049.56: (-0.54, -0.71, -0.46)
1049.68: (0.05, -1.00, 0.05)
1049.80: (0.06, -0.78, 0.63)
1049.91: (-0.23, 0.00, 0.97)
1050.01: (-0.49, 0.69, 0.53)
1050.13: (-0.51, 0.85, -0.11)
1050.25: (-0.28, 0.81, -0.52)
1050.36: (-0.24, 0.68, -0.69)
1050.48: (-0.24, 0.68, -0.69)
1050.58: (-0.32, 0.71, -0.63)
1050.70: (-0.09, 0.63, -0.77)
1050.81: (0.49, 0.28, -0.82)
1050.91: (0.84, -0.02, -0.54)
1051.03: (0.98, -0.19, -0.02)
1051.15: (0.96, -0.11, 0.27)
1051.25: (0.96, 0.12, 0.27)
1051.36: (0.96, 0.14, 0.25)
1051.45: (0.96, 0.14, 0.24)
1051.45: (-0.12, 0.82, -0.56): 1
1051.46: (0.96, 0.14, 0.24)
1051.58: (0.96, 0.14, 0.24)
1051.68: (0.96, 0.14, 0.23)
1051.80: (0.98, 0.13, 0.15)
1051.91: (0.99, 0.13, 0.08)
1052.03: (0.97, 0.11, 0.23)
1052.13: (0.64, -0.06, 0.76)
1052.25: (0.67, -0.10, 0.74)
1052.36: (0.67, -0.09, 0.74)
1052.48: (0.32, 0.27, 0.91)
1052.58: (-0.19, 0.32, 0.93)
1052.70: (-0.47, 0.02, 0.88)
1052.81: (-0.38, 0.05, 0.93)
1052.93: (-0.34, 0.09, 0.94)
1053.04: (-0.76, 0.01, 0.65)
1053.16: (-0.97, -0.22, -0.01)
1053.26: (-0.95, -0.32, -0.02)
1053.38: (-0.95, -0.32, -0.02)
1053.48: (-0.97, -0.23, -0.10)
1053.59: (-0.76, -0.38, -0.53)
1053.71: (-0.32, -0.64, -0.70)
1053.83: (0.05, -0.75, -0.66)
1053.94: (0.39, -0.74, -0.55)
1054.06: (0.74, -0.59, -0.32)
1054.18: (0.67, -0.65, -0.35)
1054.28: (0.67, -0.65, -0.35)
1054.39: (0.66, -0.63, -0.41)
1054.51: (0.97, -0.23, 0.05)
1054.63: (0.78, 0.04, 0.63)
1054.74: (0.29, 0.37, 0.89)
1054.84: (-0.15, 0.60, 0.79)
1054.96: (0.15, 0.76, 0.63)
1055.08: (0.87, 0.49, 0.07)
1055.19: (0.90, -0.12, -0.42)
1055.29: (0.89, -0.32, -0.31)
1055.41: (0.89, -0.32, -0.31)
1055.53: (0.89, -0.32, -0.31)
1055.63: (0.91, -0.27, -0.30)
1055.74: (0.78, -0.07, -0.62)
1055.86: (0.28, 0.47, -0.83)
1055.98: (-0.13, 0.74, -0.66)
1056.09: (-0.57, 0.76, -0.30)
1056.21: (-0.56, 0.77, -0.32)
1056.33: (-0.33, 0.79, -0.52)
1056.44: (-0.30, 0.79, -0.53)
1056.56: (-0.19, 0.82, -0.54)
1056.68: (-0.14, 0.82, -0.56)
1056.68: (0.71, -0.46, 0.53): 1
1056.68: (-0.14, 0.82, -0.56)
1056.78: (-0.14, 0.82, -0.56)
1056.89: (-0.14, 0.82, -0.56)
1057.01: (-0.14, 0.82, -0.56)
1057.11: (-0.18, 0.83, -0.53)
1057.23: (-0.65, 0.76, 0.00)
1057.34: (-0.63, 0.77, 0.07)
1057.46: (-0.63, 0.78, 0.09)
1057.56: (-0.74, 0.65, 0.16)
1057.66: (-0.76, 0.43, 0.48)
1057.78: (-0.63, 0.15, 0.76)
1057.89: (-0.59, 0.11, 0.80)
1058.01: (-0.41, -0.14, 0.90)
1058.11: (-0.12, -0.43, 0.89)
1058.21: (-0.39, -0.24, 0.89)
1058.33: (-0.69, 0.07, 0.73)
1058.43: (-0.76, 0.09, 0.64)
1058.54: (-0.55, -0.36, 0.75)
1058.64: (-0.29, -0.66, 0.69)
1058.74: (-0.29, -0.63, 0.72)
1058.86: (-0.52, -0.52, 0.67)
1058.96: (-0.49, -0.73, 0.48)
1059.08: (0.18, -0.97, 0.17)
1059.18: (0.68, -0.72, -0.11)
1059.29: (0.97, -0.13, -0.19)
1059.41: (0.97, -0.01, -0.23)
1059.53: (0.77, -0.35, -0.53)
1059.64: (0.81, -0.40, -0.43)
1059.76: (0.96, -0.24, 0.10)
1059.86: (0.91, -0.28, 0.29)
1059.96: (0.86, -0.37, 0.36)
1060.06: (0.76, -0.51, 0.40)
1060.18: (0.70, -0.53, 0.47)
1060.29: (0.72, -0.49, 0.49)
1060.31: (0.72, -0.49, 0.49)
1060.31: (-0.95, 0.14, -0.30): 0
1060.41: (0.72, -0.49, 0.49)
1060.53: (0.72, -0.49, 0.48)
1060.64: (0.76, -0.37, 0.53)
1060.74: (0.73, -0.04, 0.69)
1060.86: (0.41, 0.36, 0.84)
1060.98: (-0.01, 0.60, 0.80)
1061.09: (-0.46, 0.43, 0.78)
1061.21: (-0.48, -0.47, 0.74)
1061.33: (0.03, -0.96, 0.27)
1061.44: (0.50, -0.78, -0.38)
1061.56: (0.68, -0.52, -0.52)
1061.68: (0.68, -0.52, -0.52)
1061.79: (0.69, -0.52, -0.51)
1061.91: (0.60, 0.00, -0.80)
1062.03: (0.43, 0.51, -0.74)
1062.13: (0.30, 0.75, -0.59)
1062.24: (0.02, 0.92, -0.38)
1062.36: (-0.42, 0.91, -0.02)
1062.46: (-0.77, 0.55, 0.33)
1062.56: (-0.89, 0.15, 0.43)
1062.68: (-0.90, 0.17, 0.39)
1062.79: (-0.88, 0.35, 0.32)
1062.91: (-0.82, 0.09, 0.56)
1063.03: (-0.59, -0.32, 0.74)
1063.14: (-0.25, -0.63, 0.73)
1063.26: (-0.25, -0.71, 0.65)
1063.38: (-0.66, -0.62, 0.42)
1063.49: (-0.99, -0.11, 0.11)
1063.59: (-0.93, 0.37, -0.07)
1063.71: (-0.78, 0.56, -0.29)
1063.83: (-0.87, 0.30, -0.40)
1063.93: (-0.91, 0.24, -0.35)
1064.04: (-0.93, 0.23, -0.30)
1064.08: (-0.93, 0.23, -0.30)
1064.08: (-0.75, 0.60, 0.27): 2
1064.16: (-0.93, 0.23, -0.30)
1064.26: (-0.93, 0.23, -0.30)
1064.38: (-0.88, 0.41, -0.25)
1064.49: (-0.83, 0.56, 0.05)
1064.59: (-0.83, 0.56, 0.05)
1064.71: (-0.84, 0.53, 0.06)
1064.83: (-0.80, 0.58, 0.18)
1064.93: (-0.80, 0.58, 0.18)
1064.93: (0.82, 0.49, 0.30): 1
1064.93: (-0.80, 0.58, 0.18)
1065.04: (-0.80, 0.58, 0.18)
1065.16: (-0.75, 0.64, 0.17)
1065.26: (-0.45, 0.86, 0.25)
1065.38: (-0.24, 0.93, 0.29)
1065.49: (-0.24, 0.93, 0.29)
1065.61: (-0.28, 0.87, 0.40)
1065.73: (0.18, 0.72, 0.68)
1065.84: (0.65, 0.54, 0.53)
1065.96: (0.83, 0.42, 0.37)
1066.08: (0.95, 0.24, 0.17)
1066.19: (0.92, 0.32, 0.24)
1066.29: (0.88, 0.40, 0.27)
1066.41: (0.88, 0.40, 0.26)
1066.46: (0.88, 0.41, 0.25)
1066.46: (-0.88, 0.40, -0.24): 0
1066.53: (0.88, 0.41, 0.25)
1066.64: (0.88, 0.41, 0.25)
1066.76: (0.99, 0.12, 0.02)
1066.88: (1.00, 0.03, -0.06)
1066.98: (1.00, 0.04, -0.06)
1067.09: (0.99, -0.12, -0.09)
1067.21: (0.61, -0.79, 0.08)
1067.33: (-0.30, -0.92, 0.25)
1067.43: (-0.59, -0.78, 0.22)
1067.54: (-0.42, -0.88, 0.23)
1067.64: (-0.42, -0.88, 0.23)
1067.76: (-0.42, -0.87, 0.26)
1067.88: (-0.89, -0.44, 0.07)
1067.98: (-0.90, 0.08, -0.43)
1068.09: (-0.57, 0.29, -0.77)
1068.21: (-0.27, 0.21, -0.94)
1068.33: (-0.60, 0.23, -0.77)
1068.44: (-0.78, 0.24, -0.58)
1068.56: (-0.81, 0.27, -0.52)
1068.68: (-0.85, 0.37, -0.38)
1068.79: (-0.87, 0.39, -0.29)
1068.79: (0.75, 0.41, 0.51): 0
1068.79: (-0.87, 0.39, -0.29)
1068.89: (-0.87, 0.39, -0.29)
1069.01: (-0.87, 0.39, -0.29)
1069.13: (-0.89, 0.31, -0.34)
1069.24: (-0.89, 0.31, -0.34)
1069.36: (-0.89, 0.31, -0.34)
1069.47: (-0.89, 0.32, -0.33)
1069.59: (-0.82, 0.58, -0.04)
1069.71: (-0.56, 0.37, 0.74)
1069.83: (-0.20, 0.00, 0.98)
1069.94: (0.03, -0.39, 0.92)
1070.06: (0.22, -0.75, 0.63)
1070.17: (0.11, -0.78, 0.61)
1070.29: (0.11, -0.78, 0.61)
1070.41: (0.06, -0.77, 0.63)
1070.52: (0.25, -0.93, 0.28)
1070.62: (0.46, -0.88, -0.06)
1070.74: (0.58, -0.70, -0.43)
1070.86: (0.50, -0.39, -0.77)
1070.97: (0.24, -0.10, -0.96)
1071.09: (-0.16, 0.29, -0.94)
1071.21: (-0.49, 0.67, -0.56)
1071.32: (-0.56, 0.64, -0.52)
1071.44: (-0.56, 0.64, -0.52)
1071.56: (-0.53, 0.62, -0.58)
1071.67: (-0.61, 0.78, -0.11)
1071.79: (-0.60, 0.70, 0.40)
1071.91: (-0.49, 0.52, 0.70)
1072.01: (-0.32, 0.31, 0.89)
1072.11: (0.03, -0.02, 1.00)
1072.22: (0.55, -0.41, 0.73)
1072.32: (0.79, -0.56, 0.26)
1072.44: (0.75, -0.53, -0.39)
1072.56: (0.34, -0.42, -0.84)
1072.67: (0.06, -0.50, -0.87)
1072.77: (0.06, -0.50, -0.87)
1072.87: (0.06, -0.50, -0.87)
1072.99: (0.03, -0.60, -0.80)
1073.11: (-0.17, -0.86, -0.49)
1073.22: (-0.26, -0.96, 0.10)
1073.34: (-0.19, -0.89, 0.41)
1073.46: (0.06, -0.76, 0.65)
1073.57: (0.74, -0.32, 0.59)
1073.69: (0.82, 0.26, 0.51)
1073.79: (0.63, 0.50, 0.59)
1073.91: (0.61, 0.50, 0.61)
1074.01: (0.64, 0.50, 0.59)
1074.12: (0.71, 0.44, 0.54)
1074.22: (0.74, 0.40, 0.53)
1074.22: (0.53, -0.85, -0.04): 1
1074.22: (0.74, 0.40, 0.53)
1074.34: (0.74, 0.40, 0.53)
1074.46: (0.74, 0.41, 0.54)
1074.56: (0.73, 0.43, 0.53)
1074.67: (0.70, 0.47, 0.54)
1074.77: (0.70, 0.48, 0.53)
1074.89: (0.68, 0.52, 0.52)
1075.01: (0.64, 0.60, 0.48)
1075.12: (0.46, 0.81, 0.37)
1075.24: (0.23, 0.97, 0.12)
1075.36: (0.36, 0.92, 0.17)
1075.47: (0.87, 0.38, 0.32)
1075.59: (0.62, -0.78, 0.06)
1075.69: (-0.07, -0.99, -0.10)
1075.81: (-0.11, -0.99, -0.04)
1075.91: (-0.12, -0.99, -0.02)
1076.02: (0.07, -1.00, 0.00)
1076.14: (0.52, -0.86, -0.01)
1076.24: (0.66, -0.75, -0.03)
1076.36: (0.54, -0.84, 0.02)
1076.47: (0.53, -0.85, 0.01)
1076.56: (0.53, -0.85, 0.01)
1076.56: (-0.56, -0.72, -0.41): 1
1076.59: (0.54, -0.84, 0.01)
1076.71: (0.54, -0.84, 0.01)
1076.81: (0.54, -0.84, 0.01)
1076.92: (0.57, -0.82, -0.08)
1077.04: (0.58, -0.54, -0.61)
1077.16: (0.62, -0.38, -0.69)
1077.26: (0.62, -0.38, -0.69)
1077.37: (0.58, -0.41, -0.70)
1077.49: (0.38, 0.24, -0.89)
1077.59: (0.04, 0.75, -0.66)
1077.71: (-0.08, 0.88, -0.46)
1077.82: (-0.13, 0.91, -0.40)
1077.94: (0.22, 0.60, -0.77)
1078.06: (0.62, -0.57, -0.54)
1078.17: (0.26, -0.94, 0.20)
1078.29: (-0.25, -0.64, 0.72)
1078.41: (-0.16, -0.71, 0.69)
1078.51: (-0.16, -0.71, 0.69)
1078.62: (-0.19, -0.69, 0.69)
1078.74: (-0.42, -0.03, 0.91)
1078.86: (-0.46, 0.38, 0.80)
1078.97: (-0.72, 0.38, 0.58)
1079.07: (-0.96, 0.24, 0.13)
1079.19: (-0.93, 0.23, -0.30)
1079.31: (-0.74, 0.36, -0.58)
1079.42: (-0.73, 0.35, -0.59)
1079.54: (-0.59, 0.20, -0.78)
1079.64: (-0.76, -0.25, -0.60)
1079.76: (-0.63, -0.73, 0.27)
1079.87: (-0.13, -0.50, 0.85)
1079.97: (-0.25, -0.66, 0.71)
1080.09: (-0.52, -0.86, 0.02)
1080.21: (-0.53, -0.80, -0.27)
1080.31: (-0.53, -0.80, -0.27)
1080.41: (-0.53, -0.80, -0.27)
1080.42: (-0.53, -0.80, -0.27)
1080.42: (0.36, 0.69, -0.62): 2
1080.52: (-0.55, -0.77, -0.32)
1080.64: (-0.59, -0.69, -0.42)
1080.76: (-0.59, -0.70, -0.41)
1080.87: (-0.59, -0.72, -0.37)
1080.99: (-0.59, -0.74, -0.31)
1081.09: (-0.42, -0.85, 0.31)
1081.21: (-0.14, -0.33, 0.94)
1081.31: (-0.03, 0.24, 0.97)
1081.42: (0.31, 0.83, 0.46)
1081.54: (0.38, 0.92, 0.06)
1081.66: (0.37, 0.93, 0.06)
1081.76: (0.35, 0.91, 0.25)
1081.87: (0.51, 0.86, 0.01)
1081.99: (0.53, 0.77, -0.35)
1082.11: (0.47, 0.78, -0.42)
1082.22: (0.40, 0.74, -0.54)
1082.34: (0.41, 0.69, -0.59)
1082.34: (-0.54, 0.07, 0.84): 1
1082.34: (0.41, 0.69, -0.59)
1082.46: (0.41, 0.69, -0.59)
1082.56: (0.41, 0.69, -0.59)
1082.67: (0.41, 0.69, -0.60)
1082.79: (0.34, 0.55, -0.76)
1082.89: (0.29, 0.07, -0.95)
1083.01: (0.26, -0.53, -0.81)
1083.12: (0.25, -0.43, -0.87)
1083.24: (0.25, -0.43, -0.87)
1083.36: (0.29, -0.50, -0.82)
1083.46: (0.15, -0.89, -0.42)
1083.57: (0.07, -1.00, 0.00)
1083.69: (0.05, -0.99, 0.13)
1083.81: (0.06, -0.87, 0.49)
1083.92: (0.00, -0.45, 0.89)
1084.04: (0.37, -0.22, 0.90)
1084.16: (0.85, -0.03, 0.52)
1084.26: (0.76, -0.01, 0.65)
1084.37: (0.18, 0.01, 0.98)
1084.49: (0.15, 0.00, 0.99)
1084.61: (0.20, -0.04, 0.98)
1084.71: (0.03, 0.05, 1.00)
1084.82: (-0.29, 0.13, 0.95)
1084.94: (-0.41, 0.17, 0.90)
1085.06: (-0.41, 0.10, 0.91)
1085.17: (-0.50, 0.03, 0.87)
1085.24: (-0.52, 0.02, 0.85)
1085.24: (-0.28, 0.28, 0.92): 0
1085.29: (-0.52, 0.02, 0.85)
1085.39: (-0.52, 0.02, 0.85)
1085.49: (-0.55, 0.10, 0.83)
1085.61: (-0.44, 0.25, 0.86)
1085.72: (-0.42, 0.25, 0.87)
1085.82: (-0.37, 0.20, 0.91)
1085.94: (-0.28, 0.27, 0.92)
1086.06: (-0.27, 0.28, 0.92)
1086.06: (0.31, 0.76, -0.57): 1
1086.06: (-0.27, 0.28, 0.92)
1086.16: (-0.27, 0.28, 0.92)
1086.27: (-0.27, 0.28, 0.92)
1086.39: (-0.36, 0.43, 0.82)
1086.50: (-0.49, 0.67, 0.57)
1086.60: (-0.61, 0.72, 0.33)
1086.72: (-0.63, 0.70, 0.34)
1086.84: (-0.60, 0.74, 0.31)
1086.95: (-0.44, 0.79, -0.42)
1087.05: (-0.11, 0.32, -0.94)
1087.15: (-0.03, 0.10, -0.99)
1087.27: (-0.06, 0.14, -0.99)
1087.39: (-0.02, 0.22, -0.97)
1087.50: (0.11, 0.55, -0.83)
1087.62: (0.21, 0.71, -0.67)
1087.74: (0.23, 0.73, -0.65)
1087.85: (0.29, 0.75, -0.59)
1087.97: (0.33, 0.79, -0.52)
1087.99: (0.33, 0.79, -0.52)
1087.99: (0.19, 0.52, 0.83): 0
1088.07: (0.33, 0.79, -0.52)
1088.19: (0.40, 0.66, -0.64)
1088.30: (0.53, 0.27, -0.81)
1088.42: (0.48, 0.30, -0.82)
1088.54: (0.55, 0.27, -0.79)
1088.65: (0.72, -0.35, -0.60)
1088.77: (0.68, -0.67, -0.31)
1088.87: (0.78, -0.58, -0.22)
1088.99: (0.95, -0.30, -0.09)
1089.10: (0.98, 0.18, 0.03)
1089.22: (0.77, 0.64, 0.01)
1089.34: (0.37, 0.91, -0.16)
1089.45: (-0.24, 0.91, -0.34)
1089.55: (-0.77, 0.48, -0.42)
1089.67: (-0.80, 0.31, -0.52)
1089.77: (-0.80, 0.31, -0.52)
1089.89: (-0.64, 0.57, -0.51)
1090.00: (-0.92, 0.13, -0.37)
1090.12: (-0.97, -0.20, -0.13)
1090.24: (-0.72, -0.67, 0.18)
1090.35: (-0.04, -0.94, 0.34)
1090.47: (0.58, -0.80, 0.16)
1090.57: (0.96, -0.27, -0.11)
1090.69: (0.92, -0.03, -0.38)
1090.80: (0.92, -0.03, -0.38)
1090.92: (0.93, -0.09, -0.36)
1091.04: (0.78, 0.45, -0.44)
1091.15: (0.31, 0.87, -0.38)
1091.25: (-0.28, 0.95, -0.13)
1091.37: (-0.77, 0.62, 0.15)
1091.47: (-0.93, 0.13, 0.33)
1091.59: (-0.77, -0.51, 0.38)
1091.70: (-0.65, -0.67, 0.36)
1091.80: (0.09, -0.99, 0.11)
1091.92: (0.43, -0.89, -0.13)
1092.04: (0.43, -0.89, -0.13)
1092.15: (0.40, -0.91, -0.11)
1092.25: (0.68, -0.72, -0.12)
1092.37: (0.96, -0.24, -0.13)
1092.49: (0.95, 0.29, -0.08)
1092.60: (0.60, 0.80, 0.08)
1092.70: (0.08, 0.98, 0.20)
1092.82: (-0.51, 0.82, 0.28)
1092.94: (-0.93, 0.33, 0.16)
1093.05: (-0.99, -0.10, -0.08)
1093.17: (-0.98, 0.18, 0.11)
1093.29: (-0.27, 0.72, 0.64)
1093.40: (0.18, 0.69, 0.70)
1093.52: (0.15, 0.65, 0.74)
1093.62: (0.09, 0.62, 0.78)
1093.74: (0.19, 0.57, 0.80)
1093.75: (0.19, 0.57, 0.80)
1093.75: (0.00, -1.00, -0.09): 1
1093.85: (0.19, 0.57, 0.80)
1093.97: (0.17, 0.66, 0.74)
1094.09: (0.18, 0.67, 0.72)
1094.20: (0.21, 0.69, 0.69)
1094.32: (0.42, 0.84, 0.35)
1094.44: (0.72, 0.63, -0.28)
1094.54: (0.71, 0.08, -0.70)
1094.65: (0.46, -0.53, -0.71)
1094.77: (0.07, -0.91, -0.42)
1094.89: (-0.40, -0.92, -0.02)
1094.99: (-0.52, -0.85, 0.11)
1095.10: (-0.30, -0.95, 0.05)
1095.20: (-0.22, -0.98, 0.04)
1095.32: (-0.13, -0.99, 0.05)
1095.44: (-0.07, -0.99, -0.13)
1095.52: (-0.05, -0.98, -0.20)
1095.52: (-0.16, 0.15, -0.98): 1
1095.55: (-0.05, -0.98, -0.20)
1095.67: (-0.05, -0.98, -0.19)
1095.79: (-0.11, -0.98, -0.15)
1095.89: (-0.11, -0.98, -0.15)
1096.00: (-0.06, -0.98, -0.17)
1096.12: (0.32, -0.92, 0.23)
1096.22: (0.50, -0.59, 0.63)
1096.34: (0.45, -0.07, 0.89)
1096.45: (0.08, 0.22, 0.97)
1096.55: (-0.27, 0.33, 0.90)
1096.67: (-0.50, 0.31, 0.80)
1096.79: (-0.50, 0.31, 0.80)
1096.90: (-0.47, 0.37, 0.80)
1097.02: (-0.59, 0.68, 0.43)
1097.14: (-0.29, 0.96, 0.05)
1097.25: (-0.05, 0.94, -0.34)
1097.35: (-0.16, 0.85, -0.50)
1097.47: (-0.13, 0.94, -0.32)
1097.59: (-0.06, 0.95, -0.29)
1097.69: (-0.04, 0.73, -0.68)
1097.80: (-0.10, 0.50, -0.86)
1097.92: (-0.19, 0.34, -0.92)
1098.04: (-0.20, 0.31, -0.93)
1098.10: (-0.20, 0.31, -0.93)
END