3/28/2023 12:27:06 PM
Mode: Default
White time (s): [0.6834717, 0.4499512, 0.9660645, 0.9498291, 1.099731, 1.349731, 1.299683, 1.049805, 0.6168213, 0.699585, 0.7165527, 1.183105, 0.4333496, 0.9168701, 1.883057, 1.166382, 0.8835449, 0.4663086, 0.8828125, 1.016602, 0.5334473, 0.7327881, 0.9661865, 0.5166016, 1.016602, 1.366333, 1.533447, 0.9664307, 1.782959, 0.4664307]
Shot time (s): [0.6662598, 1.39978, 1.033203, 1.816284, 2.432861, 1.866089, 0.7501221, 0.8498535, 0.8494873, 0.6000977, 0.982666, 1.249878, 0.7498779, 1.033203, 1.216797, 0.6827393, 1.466431, 1.266602, 1.58313, 1.616333, 3.099731, 1.033325, 0.6502686, 1.14978, 1.116577, 1.249634, 1.449707, 0.699707, 0.4498291, 1.249634]
Step time (s): [0.4997559, 2.866089, 2.749634, 1.41626, 0.8498535, 1.333252, 1.832886, 1.216431, 0.5831299, 2.932739, 0.3831787, 1.98291, 0.7998047, 0.4331055, 1.349365, 2.082642, 1.216553, 0.699707, 0.7998047, 1.133057, 2.16626, 1.183105, 1.449829, 0.9992676, 0.9664307, 1.666382, 0.3668213, 2.199829, 1.782837, 0.3334961]
White horz (deg): [98.42992, 52.52997, 156.4424, 99.83243, 121.6349, 180.4124, 142.1624, 126.0974, 31.74748, 77.13745, 74.20496, 148.2824, 40.79998, 101.745, 264.0524, 181.9424, 91.79993, 19.37999, 135.1499, 127.7549, 49.59747, 114.3674, 105.8249, 58.90496, 132.8549, 205.0199, 213.1799, 44.36997, 145.2224, 22.56748]
Shot horz (deg): [23.20498, 172.2524, 143.8199, 239.1899, 327.6749, 219.1724, 92.18245, 53.03996, 124.6949, 46.40997, 100.8524, 201.3224, 75.35245, 180.1574, 137.9549, 36.08248, 174.9299, 141.78, 181.8149, 174.4199, 324.4875, 156.3149, 54.31497, 129.9224, 130.3049, 160.7774, 192.2699, 66.93746, 35.69998, 129.2849]
Step horz (deg): [34.16998, 549.2698, 429.4199, 225.8024, 100.9799, 178.8824, 252.5774, 122.0174, 49.72497, 449.055, 10.58249, 389.7674, 99.32243, 26.26499, 164.3475, 318.7499, 128.0099, 139.4849, 100.4699, 147.1349, 273.1049, 89.50494, 124.1849, 202.5974, 126.0974, 165.7499, 27.41248, 269.5349, 277.9498, 13.00499]
White vert (deg): [31.36498, 24.60749, 94.47744, 67.31995, 52.78496, 43.73246, 127.4999, 58.90496, 23.33249, 23.96999, 41.43747, 103.1474, 20.52749, 28.17748, 167.4074, 64.64245, 48.57747, 10.19999, 66.04495, 42.45746, 28.43249, 46.91998, 60.30746, 28.68748, 58.77747, 210.2474, 152.4899, 74.96996, 243.1423, 12.23999]
Shot vert (deg): [9.179994, 73.31247, 44.36996, 137.0624, 239.0624, 157.08, 49.97997, 79.17745, 27.15748, 36.59248, 89.50494, 65.02496, 55.07997, 98.17493, 100.3424, 53.03997, 123.8024, 72.29245, 143.4374, 128.6474, 431.3324, 128.9024, 50.87247, 72.54747, 59.92495, 69.35997, 161.9249, 12.11249, 14.53499, 47.55746]
Step vert (deg): [21.41999, 248.8799, 275.91, 87.84743, 58.39496, 92.18242, 145.8599, 103.7849, 45.26246, 349.3498, 17.08499, 150.5774, 50.87247, 29.19748, 88.22994, 124.0574, 85.42495, 42.71247, 57.75747, 53.54996, 273.6149, 58.77747, 38.88747, 98.17495, 55.46247, 159.8849, 18.74249, 224.9099, 123.2924, 6.502497]

Time in sec: camera forward versor
Time in sec: target versor: sound type (0 = White, 1 = Shot, 2 = Step)
START
1181.32: (-0.42, -0.75, 0.51): 1
1181.32: (-0.29, -0.95, 0.06)
1181.44: (-0.29, -0.95, 0.08)
1181.55: (-0.28, -0.96, 0.09)
1181.67: (-0.37, -0.90, 0.23)
1181.77: (-0.36, -0.88, 0.30)
1181.89: (-0.40, -0.84, 0.36)
1181.99: (-0.43, -0.80, 0.41)
1181.99: (-0.16, -0.98, 0.09): 2
1182.00: (-0.43, -0.80, 0.42)
1182.12: (-0.49, -0.73, 0.48)
1182.24: (-0.44, -0.79, 0.42)
1182.35: (-0.24, -0.95, 0.21)
1182.47: (-0.17, -0.98, 0.11)
1182.49: (-0.15, -0.98, 0.10)
1182.49: (-1.00, -0.01, -0.01): 2
1182.59: (-0.16, -0.98, 0.11)
1182.69: (-0.16, -0.98, 0.11)
1182.80: (-0.16, -0.98, 0.10)
1182.92: (-0.20, -0.98, -0.09)
1183.04: (-0.28, -0.78, -0.56)
1183.15: (-0.35, -0.66, -0.66)
1183.27: (-0.42, -0.88, 0.24)
1183.37: (0.18, -0.52, 0.83)
1183.49: (0.33, -0.29, 0.90)
1183.60: (0.33, 0.18, 0.93)
1183.70: (0.47, 0.58, 0.66)
1183.80: (0.48, 0.55, 0.68)
1183.92: (0.48, 0.55, 0.68)
1184.04: (0.56, -0.14, 0.82)
1184.14: (0.38, -0.89, 0.25)
1184.25: (0.49, -0.86, -0.10)
1184.37: (0.98, -0.21, -0.03)
1184.47: (0.77, -0.46, -0.43)
1184.59: (0.20, -0.67, -0.72)
1184.70: (-0.43, -0.62, -0.66)
1184.82: (-0.57, -0.69, -0.45)
1184.93: (-0.73, -0.68, 0.04)
1185.05: (-0.81, -0.53, 0.25)
1185.15: (-0.95, -0.23, 0.20)
1185.27: (-1.00, -0.03, -0.07)
1185.35: (-1.00, 0.00, -0.05)
1185.35: (0.63, 0.69, -0.35): 1
1185.38: (-1.00, 0.00, -0.06)
1185.50: (-1.00, 0.01, -0.03)
1185.60: (-0.98, 0.14, 0.16)
1185.72: (-0.98, 0.14, 0.16)
1185.84: (-0.97, 0.11, 0.21)
1185.95: (-0.37, 0.74, 0.56)
1186.07: (-0.06, 0.80, 0.60)
1186.18: (0.22, 0.83, 0.51)
1186.30: (0.56, 0.78, 0.29)
1186.40: (0.82, 0.57, 0.10)
1186.52: (0.87, 0.48, -0.13)
1186.63: (0.68, 0.58, -0.45)
1186.75: (0.60, 0.66, -0.45)
1186.75: (0.36, 0.00, -0.93): 0
1186.75: (0.60, 0.66, -0.45)
1186.87: (0.61, 0.68, -0.40)
1186.97: (0.55, 0.82, -0.15)
1187.08: (0.64, 0.39, -0.66)
1187.18: (0.52, 0.23, -0.82)
1187.30: (0.47, 0.16, -0.87)
1187.40: (0.29, -0.14, -0.95)
1187.43: (0.29, -0.17, -0.94)
1187.43: (-0.14, 0.92, -0.35): 2
1187.52: (0.28, -0.13, -0.95)
1187.63: (0.25, -0.14, -0.96)
1187.75: (0.26, -0.13, -0.96)
1187.87: (0.56, 0.49, -0.67)
1187.98: (0.59, 0.77, -0.22)
1188.10: (0.45, 0.89, 0.05)
1188.20: (0.04, 0.85, 0.53)
1188.32: (-0.02, 0.64, 0.77)
1188.42: (-0.25, 0.43, 0.87)
1188.53: (-0.42, 0.25, 0.87)
1188.65: (-0.62, 0.21, 0.76)
1188.77: (-0.32, 0.82, 0.47)
1188.88: (0.08, 0.96, 0.27)
1188.98: (0.56, 0.81, 0.18)
1189.10: (0.58, 0.48, 0.66)
1189.22: (0.33, 0.41, 0.85)
1189.33: (-0.07, 0.30, 0.95)
1189.45: (-0.45, 0.16, 0.88)
1189.57: (-0.52, 0.30, 0.80)
1189.68: (-0.62, 0.78, 0.03)
1189.80: (-0.72, 0.68, -0.15)
1189.90: (-0.50, 0.79, -0.36)
1190.02: (-0.20, 0.87, -0.44)
1190.12: (-0.17, 0.92, -0.36)
1190.18: (-0.20, 0.95, -0.23)
1190.18: (-0.99, -0.12, -0.04): 2
1190.23: (-0.20, 0.95, -0.23)
1190.35: (-0.21, 0.94, -0.26)
1190.47: (-0.36, 0.84, -0.41)
1190.58: (-0.63, 0.20, -0.75)
1190.70: (-0.47, -0.44, -0.76)
1190.82: (-0.53, -0.41, -0.74)
1190.93: (-0.54, -0.40, -0.74)
1191.05: (-0.51, -0.73, -0.46)
1191.17: (-0.62, -0.74, -0.26)
1191.28: (-0.95, 0.05, -0.32)
1191.40: (-0.90, 0.31, -0.29)
1191.52: (-1.00, -0.02, -0.08)
1191.60: (-0.98, -0.17, -0.02)
1191.60: (-0.63, -0.73, 0.28): 0
1191.63: (-0.98, -0.17, -0.04)
1191.75: (-0.99, -0.11, -0.11)
1191.87: (-0.95, -0.32, -0.03)
1191.97: (-0.69, -0.70, 0.16)
1192.05: (-0.68, -0.71, 0.18)
1192.05: (1.00, 0.00, 0.05): 0
1192.08: (-0.68, -0.71, 0.18)
1192.20: (-0.66, -0.72, 0.20)
1192.32: (-0.76, -0.62, 0.21)
1192.43: (-0.39, -0.92, 0.08)
1192.55: (0.40, -0.81, -0.43)
1192.67: (0.83, -0.53, -0.18)
1192.77: (0.93, -0.28, -0.22)
1192.88: (0.98, -0.07, -0.20)
1193.00: (0.98, -0.10, 0.17)
1193.02: (0.98, -0.10, 0.18)
1193.02: (0.56, 0.80, 0.20): 0
1193.12: (0.98, -0.10, 0.18)
1193.23: (0.99, -0.03, 0.16)
1193.35: (0.87, 0.47, 0.11)
1193.47: (0.39, 0.91, 0.12)
1193.58: (0.54, 0.78, 0.30)
1193.70: (0.74, 0.61, 0.29)
1193.82: (0.73, 0.61, 0.30)
1193.93: (0.55, 0.80, 0.24)
1193.97: (0.51, 0.83, 0.22)
1193.97: (-0.54, 0.57, 0.61): 0
1194.05: (0.47, 0.86, 0.19)
1194.17: (0.38, 0.91, 0.16)
1194.28: (0.35, 0.92, 0.16)
1194.40: (0.33, 0.94, -0.11)
1194.52: (-0.49, 0.79, 0.37)
1194.63: (-0.43, 0.80, 0.42)
1194.75: (-0.43, 0.80, 0.42)
1194.87: (-0.42, 0.80, 0.44)
1194.98: (-0.48, 0.64, 0.59)
1195.07: (-0.59, 0.49, 0.64)
1195.07: (0.07, -1.00, -0.07): 1
1195.10: (-0.62, 0.46, 0.64)
1195.20: (-0.63, 0.45, 0.64)
1195.32: (-0.63, 0.50, 0.60)
1195.43: (-0.77, 0.53, 0.36)
1195.55: (-0.98, -0.07, 0.16)
1195.67: (-0.84, -0.52, 0.14)
1195.78: (-0.70, -0.71, 0.07)
1195.90: (-0.30, -0.95, -0.05)
1196.02: (0.06, -0.99, -0.09)
1196.10: (0.07, -0.99, -0.08)
1196.10: (-0.66, -0.18, 0.73): 2
1196.13: (0.07, -0.99, -0.08)
1196.25: (0.07, -0.99, -0.08)
1196.37: (0.07, -0.99, -0.08)
1196.48: (-0.04, -0.99, 0.12)
1196.58: (-0.84, -0.42, 0.35)
1196.70: (-0.89, -0.33, 0.31)
1196.82: (-0.87, -0.23, 0.44)
1196.93: (-0.53, -0.32, 0.79)
1196.95: (-0.53, -0.32, 0.79)
1196.95: (-0.72, -0.69, -0.01): 2
1197.05: (-0.53, -0.33, 0.78)
1197.17: (-0.60, -0.32, 0.73)
1197.28: (-0.62, -0.30, 0.72)
1197.38: (-0.82, -0.22, 0.53)
1197.50: (-0.92, 0.40, -0.02)
1197.62: (-0.89, 0.46, -0.03)
1197.73: (-0.83, -0.54, 0.16)
1197.85: (-0.66, -0.75, -0.07)
1197.95: (-0.81, -0.59, 0.01)
1198.07: (-0.84, -0.54, 0.03)
1198.18: (-0.81, -0.58, 0.05)
1198.28: (-0.67, -0.74, 0.03)
1198.28: (0.03, 0.19, -0.98): 1
1198.30: (-0.65, -0.76, 0.01)
1198.42: (-0.63, -0.78, 0.00)
1198.53: (-0.68, -0.73, -0.05)
1198.65: (-0.92, -0.36, -0.15)
1198.77: (-0.94, 0.30, -0.17)
1198.87: (-0.90, 0.44, 0.02)
1198.98: (-0.79, 0.59, 0.17)
1199.10: (-0.74, 0.63, 0.24)
1199.20: (-0.58, 0.71, 0.40)
1199.30: (-0.21, 0.85, 0.48)
1199.42: (0.26, 0.94, 0.22)
1199.53: (0.46, 0.82, -0.34)
1199.65: (0.50, 0.59, -0.64)
1199.77: (0.44, 0.35, -0.83)
1199.88: (0.49, 0.23, -0.84)
1199.98: (0.39, 0.09, -0.92)
1200.10: (0.10, 0.19, -0.98)
1200.10: (-0.26, -0.69, 0.67): 0
1200.10: (0.10, 0.19, -0.98)
1200.22: (0.09, 0.19, -0.98)
1200.33: (0.08, 0.25, -0.96)
1200.43: (0.08, 0.48, -0.87)
1200.55: (0.49, -0.27, -0.83)
1200.67: (0.54, -0.42, -0.73)
1200.77: (0.54, -0.42, -0.73)
1200.88: (0.55, -0.60, -0.58)
1200.98: (0.44, -0.87, -0.22)
1201.10: (0.11, -0.98, 0.18)
1201.22: (-0.06, -0.95, 0.29)
1201.33: (-0.15, -0.87, 0.47)
1201.45: (-0.18, -0.77, 0.61)
1201.45: (0.89, -0.22, 0.40): 2
1201.45: (-0.18, -0.77, 0.61)
1201.57: (-0.20, -0.76, 0.62)
1201.68: (-0.23, -0.74, 0.64)
1201.78: (-0.25, -0.72, 0.65)
1201.90: (0.24, -0.96, -0.15)
1202.01: (0.24, -0.90, -0.37)
1202.13: (0.25, -0.89, -0.38)
1202.25: (0.39, -0.42, -0.82)
1202.36: (0.15, -0.30, -0.94)
1202.48: (-0.25, -0.74, -0.63)
1202.58: (-0.19, -0.88, -0.43)
1202.70: (-0.06, -1.00, -0.05)
1202.81: (0.62, -0.79, -0.02)
1202.93: (0.69, -0.71, 0.16)
1203.03: (0.65, -0.61, 0.45)
1203.15: (0.73, -0.42, 0.54)
1203.26: (0.87, -0.29, 0.40)
1203.28: (0.88, -0.28, 0.38)
1203.28: (-0.22, -0.47, -0.85): 2
1203.38: (0.88, -0.29, 0.37)
1203.50: (0.82, -0.38, 0.43)
1203.61: (0.82, -0.49, 0.31)
1203.73: (0.50, -0.83, -0.25)
1203.85: (0.25, -0.91, -0.32)
1203.96: (-0.11, -0.89, -0.44)
1204.08: (-0.08, -0.41, -0.91)
1204.20: (0.04, -0.42, -0.91)
1204.31: (0.04, -0.49, -0.87)
1204.43: (-0.14, -0.53, -0.84)
1204.50: (-0.30, -0.49, -0.82)
1204.50: (0.98, 0.18, 0.05): 0
1204.53: (-0.30, -0.49, -0.82)
1204.65: (-0.32, -0.42, -0.85)
1204.76: (-0.38, -0.12, -0.91)
1204.88: (-0.20, -0.38, -0.90)
1205.00: (0.41, -0.76, -0.50)
1205.10: (0.58, -0.69, -0.43)
1205.21: (0.73, -0.52, -0.44)
1205.33: (0.90, -0.32, -0.30)
1205.45: (0.96, 0.13, -0.25)
1205.55: (0.91, 0.38, -0.17)
1205.66: (0.97, 0.23, -0.01)
1205.78: (0.99, 0.09, 0.08)
1205.80: (0.99, 0.08, 0.08)
1205.80: (0.81, -0.58, 0.10): 2
1205.90: (1.00, 0.06, 0.06)
1206.01: (0.99, -0.04, -0.13)
1206.11: (0.88, -0.29, -0.38)
1206.23: (0.82, -0.57, 0.03)
1206.35: (0.83, -0.54, 0.08)
1206.38: (0.84, -0.54, 0.10)
1206.38: (0.72, 0.11, 0.69): 1
1206.45: (0.84, -0.54, 0.10)
1206.56: (0.78, -0.58, 0.22)
1206.68: (0.67, -0.68, 0.29)
1206.80: (0.35, -0.73, 0.58)
1206.91: (-0.05, -0.55, 0.83)
1207.01: (-0.11, -0.33, 0.94)
1207.13: (-0.14, -0.18, 0.97)
1207.25: (-0.32, -0.62, 0.72)
1207.35: (-0.02, -0.92, 0.40)
1207.46: (0.11, -0.99, 0.13)
1207.56: (0.30, -0.95, -0.08)
1207.68: (0.36, -0.90, -0.23)
1207.80: (0.42, -0.68, -0.60)
1207.91: (0.29, -0.67, -0.68)
1208.03: (0.20, -0.61, -0.77)
1208.15: (0.42, -0.20, -0.88)
1208.26: (0.96, -0.22, -0.18)
1208.36: (0.96, -0.18, 0.23)
1208.48: (0.82, 0.37, 0.43)
1208.60: (0.75, 0.49, 0.45)
1208.71: (0.81, 0.12, 0.57)
1208.81: (0.73, 0.06, 0.68)
1208.81: (-0.82, 0.55, 0.18): 0
1208.83: (0.73, 0.06, 0.68)
1208.95: (0.74, 0.09, 0.67)
1209.06: (0.81, 0.20, 0.55)
1209.18: (0.40, 0.78, 0.48)
1209.28: (0.24, 0.93, 0.28)
1209.38: (-0.29, 0.96, 0.05)
1209.50: (-0.42, 0.91, -0.03)
1209.61: (-0.42, 0.91, -0.03)
1209.73: (-0.65, 0.75, 0.10)
1209.85: (-0.82, 0.52, 0.23)
1209.86: (-0.82, 0.52, 0.23)
1209.86: (0.95, 0.02, -0.33): 2
1209.96: (-0.83, 0.51, 0.22)
1210.08: (-0.86, 0.50, 0.09)
1210.20: (-0.94, 0.24, -0.25)
1210.31: (-0.86, 0.32, -0.39)
1210.41: (-0.76, 0.59, -0.26)
1210.53: (-0.75, 0.63, -0.21)
1210.65: (-0.78, -0.06, -0.63)
1210.76: (-0.47, 0.22, -0.85)
1210.86: (-0.26, 0.64, -0.73)
1210.98: (-0.26, 0.92, -0.29)
1211.10: (-0.06, 0.94, -0.33)
1211.21: (0.08, 0.71, -0.70)
1211.33: (-0.69, -0.10, -0.71)
1211.43: (-0.77, -0.50, -0.40)
1211.55: (-0.72, -0.65, -0.24)
1211.66: (-0.62, -0.79, 0.04)
1211.78: (-0.46, -0.85, 0.26)
1211.90: (0.27, -0.91, 0.33)
1212.01: (0.53, -0.85, 0.01)
1212.13: (0.64, -0.38, -0.66)
1212.25: (0.67, -0.01, -0.75)
1212.35: (0.80, 0.08, -0.60)
1212.46: (0.98, -0.08, -0.18)
1212.58: (0.98, -0.10, -0.15)
1212.70: (0.95, 0.04, -0.30)
1212.80: (0.94, 0.10, -0.34)
1212.80: (0.97, 0.22, 0.00): 0
1212.81: (0.94, 0.10, -0.34)
1212.93: (0.94, 0.10, -0.34)
1213.03: (0.89, -0.01, -0.45)
1213.15: (0.89, -0.01, -0.45)
1213.26: (0.94, 0.19, -0.28)
1213.36: (0.97, 0.24, -0.03)
1213.41: (0.97, 0.24, -0.01)
1213.41: (0.95, 0.25, -0.19): 2
1213.48: (0.97, 0.24, -0.01)
1213.60: (0.96, 0.26, -0.02)
1213.71: (0.94, 0.26, -0.24)
1213.80: (0.91, 0.24, -0.33)
1213.80: (-0.12, -0.22, 0.97): 1
1213.83: (0.91, 0.24, -0.33)
1213.93: (0.93, 0.29, -0.23)
1214.05: (0.94, 0.29, -0.18)
1214.16: (0.81, 0.58, -0.06)
1214.28: (0.45, 0.87, -0.21)
1214.38: (0.29, 0.95, -0.10)
1214.50: (-0.20, 0.97, -0.13)
1214.61: (-0.66, 0.68, -0.30)
1214.73: (-0.86, 0.46, 0.23)
1214.85: (-0.84, 0.08, 0.53)
1214.96: (-0.73, -0.37, 0.58)
1215.08: (-0.70, -0.49, 0.52)
1215.20: (-0.70, -0.49, 0.52)
1215.31: (-0.53, -0.39, 0.76)
1215.41: (-0.28, -0.13, 0.95)
1215.53: (-0.23, -0.14, 0.96)
1215.65: (-0.14, -0.25, 0.96)
1215.66: (-0.14, -0.25, 0.96)
1215.66: (-0.10, -0.98, 0.19): 1
1215.76: (-0.13, -0.25, 0.96)
1215.86: (-0.11, -0.41, 0.91)
1215.98: (-0.04, -0.65, 0.76)
1216.10: (0.30, -0.87, 0.38)
1216.21: (0.38, -0.92, 0.10)
1216.33: (0.06, -0.99, 0.11)
1216.41: (-0.10, -0.97, 0.20)
1216.41: (-0.48, -0.18, 0.86): 0
1216.45: (-0.10, -0.97, 0.20)
1216.56: (-0.07, -0.98, 0.19)
1216.68: (-0.02, -0.99, 0.16)
1216.80: (0.00, -0.92, 0.40)
1216.91: (-0.37, -0.45, 0.81)
1217.03: (-0.45, -0.16, 0.88)
1217.11: (-0.45, -0.14, 0.88)
1217.11: (-0.92, 0.34, 0.19): 0
1217.15: (-0.45, -0.14, 0.88)
1217.26: (-0.44, -0.21, 0.87)
1217.38: (-0.43, -0.35, 0.83)
1217.50: (-0.67, -0.01, 0.75)
1217.61: (-0.83, 0.42, 0.36)
1217.73: (-0.91, 0.39, 0.14)
1217.83: (-0.92, 0.36, 0.16)
1217.83: (0.33, -0.05, 0.94): 2
1217.84: (-0.93, 0.34, 0.14)
1217.95: (-0.94, 0.31, 0.16)
1218.06: (-0.94, 0.31, 0.13)
1218.18: (-0.92, 0.37, -0.09)
1218.28: (-0.44, 0.83, -0.35)
1218.40: (-0.05, 0.86, -0.50)
1218.51: (-0.47, 0.76, -0.45)
1218.63: (-0.95, 0.16, 0.27)
1218.74: (-0.92, -0.26, 0.30)
1218.86: (-0.72, -0.67, 0.18)
1218.98: (-0.59, -0.81, -0.02)
1219.09: (-0.12, -0.95, 0.28)
1219.19: (0.30, -0.84, 0.46)
1219.31: (0.69, -0.55, 0.47)
1219.43: (0.71, -0.17, 0.69)
1219.54: (0.69, 0.24, 0.68)
1219.66: (0.65, 0.26, 0.71)
1219.78: (0.33, -0.19, 0.93)
1219.81: (0.30, -0.20, 0.93)
1219.81: (-0.99, 0.12, 0.00): 0
1219.89: (0.30, -0.20, 0.93)
1220.01: (0.37, -0.06, 0.92)
1220.13: (0.36, 0.06, 0.93)
1220.24: (-0.03, -0.53, 0.85)
1220.34: (-0.45, -0.70, 0.56)
1220.46: (-0.71, -0.56, 0.43)
1220.58: (-0.86, -0.44, 0.25)
1220.68: (-0.84, -0.54, -0.03)
1220.79: (-0.92, -0.33, -0.19)
1220.91: (-0.99, 0.12, -0.04)
1220.99: (-0.97, 0.25, 0.05)
1220.99: (-0.62, -0.74, -0.27): 1
1221.03: (-0.97, 0.25, 0.05)
1221.14: (-0.97, 0.23, 0.06)
1221.26: (-0.99, 0.14, 0.10)
1221.36: (-0.98, -0.13, 0.16)
1221.48: (-0.86, -0.50, -0.06)
1221.59: (-0.71, -0.60, -0.37)
1221.71: (-0.51, -0.76, -0.41)
1221.83: (-0.64, -0.74, -0.22)
1221.84: (-0.63, -0.74, -0.22)
1221.84: (-0.72, -0.52, 0.46): 0
1221.94: (-0.65, -0.73, -0.19)
1222.04: (-0.62, -0.75, -0.23)
1222.16: (-0.72, -0.69, -0.03)
1222.26: (-0.74, -0.54, 0.40)
1222.28: (-0.74, -0.54, 0.40)
1222.28: (-0.42, -0.11, -0.90): 0
1222.36: (-0.74, -0.54, 0.40)
1222.48: (-0.69, -0.56, 0.46)
1222.59: (-0.80, -0.59, 0.02)
1222.71: (-0.61, -0.45, -0.66)
1222.83: (-0.59, -0.24, -0.77)
1222.93: (-0.60, -0.21, -0.77)
1223.04: (-0.51, -0.18, -0.84)
1223.16: (-0.39, -0.14, -0.91)
1223.19: (-0.35, -0.13, -0.93)
1223.19: (0.73, 0.65, 0.20): 1
1223.28: (-0.34, -0.13, -0.93)
1223.39: (-0.03, -0.02, -1.00)
1223.51: (0.36, 0.21, -0.91)
1223.63: (0.63, 0.41, -0.66)
1223.74: (0.80, 0.52, -0.29)
1223.86: (0.86, 0.51, -0.05)
1223.96: (0.82, 0.55, 0.15)
1224.04: (0.75, 0.62, 0.23)
1224.04: (0.48, 0.87, 0.11): 1
1224.08: (0.75, 0.62, 0.23)
1224.19: (0.73, 0.60, 0.34)
1224.31: (0.64, 0.53, 0.55)
1224.41: (0.70, 0.50, 0.51)
1224.53: (0.68, 0.67, 0.30)
1224.64: (0.49, 0.87, 0.07)
1224.64: (-1.00, 0.00, 0.00): 0
1224.64: (0.49, 0.87, 0.07)
1224.76: (0.51, 0.86, 0.04)
1224.88: (0.52, 0.85, 0.06)
1224.99: (0.52, 0.73, 0.45)
1225.09: (0.46, 0.48, 0.75)
1225.21: (0.12, -0.01, 0.99)
1225.33: (0.04, -0.27, 0.96)
1225.44: (-0.05, -0.61, 0.79)
1225.56: (-0.14, -0.79, 0.60)
1225.68: (-0.43, -0.90, 0.06)
1225.78: (-0.51, -0.76, -0.39)
1225.89: (-0.56, -0.36, -0.75)
1226.01: (-0.68, -0.50, -0.54)
1226.13: (-0.68, -0.50, -0.54)
1226.24: (-0.89, -0.42, 0.18)
1226.36: (-0.97, -0.18, 0.14)
1226.48: (-1.00, -0.04, 0.00)
1226.53: (-1.00, -0.04, 0.00)
1226.53: (0.22, -0.96, -0.17): 1
1226.58: (-1.00, -0.04, 0.00)
1226.69: (-1.00, -0.09, -0.02)
1226.81: (-0.95, -0.29, -0.14)
1226.93: (-0.62, -0.73, 0.29)
1227.04: (-0.32, -0.92, 0.22)
1227.16: (0.02, -0.99, 0.10)
1227.28: (0.11, -0.95, 0.28)
1227.39: (0.30, -0.95, 0.05)
1227.49: (0.30, -0.92, -0.26)
1227.51: (0.29, -0.92, -0.26)
1227.51: (-1.00, -0.03, -0.08): 2
1227.61: (0.28, -0.94, -0.19)
1227.73: (0.18, -0.97, -0.17)
1227.84: (-0.01, -1.00, -0.03)
1227.96: (-0.67, -0.73, 0.14)
1228.08: (-0.80, -0.57, 0.19)
1228.19: (-0.99, -0.16, -0.02)
1228.31: (-0.99, -0.06, -0.09)
1228.31: (-0.21, -0.38, 0.90): 1
1228.31: (-0.99, -0.06, -0.09)
1228.41: (-0.99, -0.05, -0.11)
1228.53: (-0.97, 0.08, -0.21)
1228.64: (-0.67, 0.55, -0.50)
1228.74: (-0.63, 0.56, -0.54)
1228.84: (-0.63, 0.56, -0.54)
1228.96: (-0.98, -0.10, -0.17)
1229.08: (-0.63, -0.70, 0.34)
1229.18: (-0.39, -0.79, 0.46)
1229.29: (-0.16, -0.82, 0.55)
1229.41: (-0.10, -0.64, 0.76)
1229.51: (-0.26, -0.47, 0.84)
1229.56: (-0.28, -0.41, 0.87)
1229.56: (-0.82, 0.29, 0.50): 1
1229.63: (-0.27, -0.42, 0.87)
1229.74: (-0.18, -0.54, 0.82)
1229.84: (-0.15, -0.62, 0.77)
1229.96: (-0.64, -0.39, 0.66)
1230.08: (-0.77, -0.07, 0.63)
1230.18: (-0.79, 0.13, 0.60)
1230.29: (-0.82, 0.33, 0.48)
1230.31: (-0.83, 0.34, 0.44)
1230.31: (0.52, -0.09, 0.85): 1
1230.39: (-0.84, 0.34, 0.43)
1230.51: (-0.91, 0.26, 0.31)
1230.63: (-0.97, 0.21, -0.14)
1230.74: (-0.98, -0.12, -0.18)
1230.86: (-0.56, -0.51, 0.65)
1230.98: (-0.21, -0.37, 0.90)
1231.09: (0.16, -0.05, 0.99)
1231.21: (0.42, 0.08, 0.91)
1231.31: (0.53, -0.14, 0.83)
1231.34: (0.53, -0.20, 0.82)
1231.34: (0.37, -0.93, -0.02): 1
1231.43: (0.54, -0.26, 0.80)
1231.54: (0.55, -0.26, 0.79)
1231.66: (0.38, -0.39, 0.84)
1231.78: (-0.57, -0.38, 0.73)
1231.89: (-0.68, -0.49, 0.54)
1232.01: (-0.29, -0.91, 0.30)
1232.13: (-0.28, -0.95, 0.14)
1232.24: (0.00, -0.99, 0.14)
1232.36: (0.31, -0.92, 0.23)
1232.46: (0.43, -0.88, 0.18)
1232.56: (0.43, -0.90, 0.02)
1232.56: (0.07, -0.96, 0.27): 1
1232.58: (0.43, -0.90, 0.01)
1232.69: (0.32, -0.95, -0.07)
1232.81: (0.30, -0.91, 0.28)
1232.93: (0.02, -0.86, 0.51)
1233.04: (0.02, -0.87, 0.50)
1233.16: (-0.02, -0.91, 0.41)
1233.24: (0.04, -0.97, 0.25)
1233.24: (-0.14, 0.92, -0.37): 0
1233.28: (0.10, -0.98, 0.19)
1233.38: (0.12, -0.98, 0.18)
1233.49: (0.01, -0.99, 0.16)
1233.61: (-0.58, -0.80, -0.16)
1233.73: (-0.69, -0.63, -0.34)
1233.83: (-0.77, -0.45, -0.46)
1233.94: (-0.89, -0.05, -0.46)
1234.06: (-0.76, 0.39, -0.51)
1234.18: (-0.31, 0.76, -0.57)
1234.29: (0.05, 0.87, -0.48)
1234.41: (-0.05, 0.93, -0.36)
1234.41: (0.75, -0.17, -0.63): 1
1234.41: (-0.05, 0.93, -0.36)
1234.53: (-0.14, 0.93, -0.33)
1234.64: (-0.13, 0.93, -0.35)
1234.76: (-0.17, 0.95, -0.27)
1234.86: (0.14, 0.96, -0.26)
1234.97: (0.83, 0.48, -0.30)
1235.09: (0.85, 0.51, -0.16)
1235.21: (0.83, 0.52, -0.19)
1235.31: (0.78, 0.60, -0.18)
1235.43: (0.99, -0.02, 0.16)
1235.54: (0.94, -0.32, 0.08)
1235.66: (0.91, -0.31, -0.28)
1235.76: (0.85, -0.01, -0.52)
1235.87: (0.77, 0.01, -0.63)
1235.87: (1.00, 0.00, -0.05): 2
1235.87: (0.77, 0.01, -0.63)
1235.99: (0.77, 0.01, -0.63)
1236.11: (0.79, -0.02, -0.62)
1236.22: (0.98, -0.12, -0.13)
1236.31: (1.00, -0.04, -0.05)
1236.31: (0.03, -0.50, 0.87): 0
1236.34: (1.00, -0.04, -0.05)
1236.44: (1.00, -0.04, -0.05)
1236.56: (1.00, 0.02, 0.01)
1236.67: (0.96, -0.14, 0.26)
1236.79: (0.54, -0.71, 0.46)
1236.91: (0.41, -0.76, 0.50)
1237.02: (0.28, -0.63, 0.73)
1237.14: (0.09, -0.55, 0.83)
1237.19: (0.06, -0.54, 0.84)
1237.19: (0.19, -0.48, 0.86): 0
1237.24: (0.06, -0.54, 0.84)
1237.36: (-0.01, -0.54, 0.84)
1237.47: (0.06, -0.59, 0.81)
1237.59: (0.10, -0.54, 0.84)
1237.66: (0.21, -0.47, 0.86)
1237.66: (-0.72, 0.65, 0.25): 1
1237.71: (0.23, -0.48, 0.85)
1237.81: (0.24, -0.48, 0.84)
1237.92: (0.25, -0.53, 0.81)
1238.04: (-0.15, -0.78, 0.60)
1238.16: (-0.82, -0.52, 0.26)
1238.27: (-0.82, -0.50, 0.28)
1238.39: (-0.82, -0.50, 0.28)
1238.49: (-0.90, -0.35, 0.25)
1238.61: (-0.95, 0.27, -0.14)
1238.72: (-0.91, 0.39, -0.15)
1238.84: (-0.84, 0.52, 0.11)
1238.92: (-0.74, 0.61, 0.29)
1238.92: (1.00, 0.01, 0.01): 1
1238.96: (-0.74, 0.61, 0.29)
1239.07: (-0.74, 0.61, 0.26)
1239.19: (-0.81, 0.56, 0.17)
1239.31: (-0.88, 0.46, -0.10)
1239.42: (-0.71, 0.26, -0.66)
1239.52: (-0.53, 0.09, -0.84)
1239.64: (0.04, 0.36, -0.93)
1239.76: (0.26, 0.68, -0.69)
1239.87: (0.63, 0.74, -0.23)
1239.99: (0.59, 0.76, -0.29)
1240.11: (0.50, 0.82, -0.29)
1240.22: (0.87, 0.49, -0.06)
1240.34: (0.99, 0.15, -0.07)
1240.44: (0.99, 0.12, -0.09)
1240.51: (1.00, 0.06, -0.04)
1240.51: (-0.26, -0.87, 0.42): 2
1240.56: (1.00, 0.06, -0.04)
1240.67: (1.00, 0.04, 0.00)
1240.79: (0.96, 0.26, 0.11)
1240.91: (0.74, 0.47, 0.49)
1241.02: (0.59, 0.31, 0.75)
1241.14: (0.39, 0.04, 0.92)
1241.26: (-0.25, -0.59, 0.76)
1241.37: (-0.40, -0.63, 0.66)
1241.47: (-0.54, -0.76, 0.35)
1241.59: (-0.26, -0.94, 0.22)
1241.71: (-0.24, -0.94, 0.24)
1241.82: (-0.26, -0.87, 0.43)
1241.86: (-0.27, -0.86, 0.44)
1241.86: (-0.98, 0.04, -0.20): 1
1241.94: (-0.26, -0.86, 0.44)
1242.06: (-0.25, -0.87, 0.43)
1242.17: (-0.22, -0.84, 0.49)
1242.29: (-0.24, -0.82, 0.53)
1242.41: (-0.39, -0.89, -0.23)
1242.52: (-0.38, -0.57, -0.73)
1242.64: (-0.46, -0.41, -0.79)
1242.76: (-0.68, -0.35, -0.64)
1242.87: (-0.69, -0.27, -0.67)
1242.99: (-0.27, -0.17, -0.95)
1243.09: (-0.57, -0.25, -0.78)
1243.21: (-0.81, 0.01, -0.59)
1243.31: (-0.86, 0.10, -0.51)
1243.42: (-0.95, 0.00, -0.32)
1243.47: (-0.96, -0.03, -0.26)
1243.47: (0.99, 0.00, -0.10): 1
1243.54: (-0.96, -0.04, -0.26)
1243.66: (-0.97, 0.01, -0.25)
1243.76: (-0.98, 0.04, 0.20)
1243.87: (-0.86, -0.16, 0.48)
1243.99: (-0.87, -0.17, 0.47)
1244.11: (-0.87, -0.17, 0.47)
1244.22: (-0.93, -0.14, -0.33)
1244.34: (-0.24, -0.52, -0.82)
1244.46: (0.16, -0.63, -0.76)
1244.57: (0.21, -0.83, -0.52)
1244.67: (0.22, -0.88, -0.43)
1244.79: (-0.52, -0.71, -0.47)
1244.91: (-0.98, 0.18, -0.08)
1245.01: (-0.88, 0.47, 0.10)
1245.12: (-0.65, 0.71, 0.29)
1245.24: (-0.42, 0.89, 0.16)
1245.36: (0.05, 0.96, -0.29)
1245.47: (0.25, 0.64, -0.73)
1245.59: (0.35, 0.35, -0.87)
1245.71: (0.60, 0.03, -0.80)
1245.82: (0.58, -0.45, -0.68)
1245.94: (0.57, -0.45, -0.69)
1246.04: (0.57, -0.45, -0.69)
1246.16: (0.59, -0.42, -0.69)
1246.27: (0.90, 0.12, -0.41)
1246.37: (0.92, 0.20, -0.34)
1246.49: (0.98, -0.06, -0.20)
1246.57: (0.98, -0.13, -0.13)
1246.57: (-0.31, -0.85, -0.42): 0
1246.61: (0.98, -0.13, -0.13)
1246.72: (0.99, -0.07, -0.11)
1246.84: (0.98, 0.15, -0.12)
1246.96: (0.96, 0.23, -0.14)
1247.07: (0.51, -0.84, -0.18)
1247.19: (0.16, -0.97, -0.17)
1247.31: (-0.11, -0.95, -0.28)
1247.42: (-0.34, -0.84, -0.43)
1247.46: (-0.36, -0.82, -0.44)
1247.46: (-0.56, 0.66, 0.50): 0
1247.54: (-0.37, -0.79, -0.48)
1247.66: (-0.43, -0.81, -0.41)
1247.77: (-0.72, -0.68, -0.12)
1247.89: (-0.96, -0.06, 0.27)
1248.01: (-0.90, 0.25, 0.35)
1248.12: (-0.91, 0.23, 0.34)
1248.22: (-0.91, 0.22, 0.34)
1248.34: (-0.74, 0.44, 0.52)
1248.46: (-0.58, 0.57, 0.58)
1248.47: (-0.58, 0.57, 0.58)
1248.47: (0.14, 0.98, 0.15): 0
1248.57: (-0.58, 0.57, 0.58)
1248.69: (-0.52, 0.65, 0.55)
1248.79: (-0.38, 0.77, 0.51)
1248.91: (0.09, 0.96, 0.27)
1249.01: (0.19, 0.96, 0.19)
1249.01: (-0.10, -0.58, -0.80): 2
1249.02: (0.19, 0.97, 0.18)
1249.14: (0.19, 0.97, 0.17)
1249.26: (0.52, 0.85, 0.01)
1249.36: (0.80, 0.59, -0.12)
1249.47: (0.54, 0.84, 0.10)
1249.59: (0.58, 0.81, 0.13)
1249.71: (0.69, 0.71, 0.13)
1249.82: (0.96, -0.24, -0.10)
1249.92: (0.96, -0.27, -0.11)
1250.04: (0.96, -0.27, -0.11)
1250.16: (0.94, -0.33, 0.03)
1250.26: (0.51, -0.86, 0.06)
1250.37: (0.10, -0.99, -0.11)
1250.49: (-0.26, -0.95, -0.16)
1250.61: (-0.63, -0.71, -0.32)
1250.72: (-0.69, -0.48, -0.54)
1250.84: (-0.45, -0.21, -0.87)
1250.96: (-0.22, -0.40, -0.89)
1251.07: (-0.17, -0.67, -0.72)
1251.09: (-0.17, -0.67, -0.72)
1251.09: (-1.00, -0.05, 0.05): 2
1251.19: (-0.14, -0.68, -0.72)
1251.29: (-0.17, -0.62, -0.77)
1251.41: (-0.41, -0.56, -0.72)
1251.52: (-0.63, 0.24, -0.74)
1251.64: (-0.61, 0.28, -0.74)
1251.76: (-0.61, 0.28, -0.74)
1251.87: (-0.81, 0.32, -0.50)
1251.99: (-0.96, 0.26, 0.02)
1252.10: (-0.93, 0.31, 0.19)
1252.21: (-0.95, 0.21, 0.22)
1252.31: (-0.99, -0.13, 0.05)
1252.31: (-0.57, 0.49, -0.65): 1
1252.32: (-0.99, -0.13, 0.05)
1252.44: (-0.99, -0.13, 0.04)
1252.54: (-1.00, -0.04, 0.06)
1252.65: (-1.00, 0.07, 0.02)
1252.76: (-0.69, 0.68, 0.24)
1252.87: (-0.08, 0.98, -0.15)
1252.97: (-0.52, 0.58, -0.63)
1253.09: (-0.47, 0.25, -0.85)
1253.19: (-0.63, 0.25, -0.74)
1253.31: (-0.65, 0.54, -0.54)
1253.34: (-0.62, 0.59, -0.51)
1253.34: (-1.00, 0.01, 0.09): 0
1253.42: (-0.61, 0.61, -0.52)
1253.54: (-0.57, 0.63, -0.53)
1253.65: (-0.80, 0.39, -0.45)
1253.77: (-0.86, -0.49, -0.13)
1253.89: (-0.87, -0.49, -0.01)
1253.99: (-0.99, -0.04, 0.15)
1254.07: (-0.97, 0.15, 0.18)
1254.07: (-0.84, 0.14, -0.53): 1
1254.10: (-0.97, 0.15, 0.18)
1254.22: (-0.97, 0.18, 0.16)
1254.32: (-0.98, 0.17, 0.12)
1254.44: (-0.79, 0.53, -0.30)
1254.54: (-0.77, 0.19, -0.61)
1254.65: (-0.88, 0.21, -0.44)
1254.72: (-0.91, 0.17, -0.37)
1254.72: (-0.44, -0.90, 0.06): 0
1254.77: (-0.91, 0.15, -0.40)
1254.89: (-0.90, 0.15, -0.41)
1255.00: (-0.84, 0.27, -0.47)
1255.12: (-0.99, 0.09, -0.05)
1255.22: (-0.85, -0.41, 0.32)
1255.34: (-0.75, -0.49, 0.44)
1255.45: (-0.74, -0.53, 0.41)
1255.57: (-0.40, -0.91, 0.12)
1255.69: (-0.38, -0.91, 0.16)
1255.69: (-0.94, -0.14, 0.31): 2
1255.69: (-0.38, -0.91, 0.16)
1255.80: (-0.38, -0.91, 0.14)
1255.92: (-0.47, -0.87, 0.13)
1256.04: (-0.98, -0.14, -0.11)
1256.15: (-0.88, 0.40, -0.25)
1256.27: (-0.98, 0.17, 0.08)
1256.39: (-0.93, -0.11, 0.34)
1256.39: (-0.62, -0.79, -0.07): 0
1256.39: (-0.93, -0.11, 0.34)
1256.50: (-0.93, -0.11, 0.34)
1256.62: (-0.96, -0.01, 0.28)
1256.74: (-0.78, -0.61, 0.14)
1256.85: (-0.55, -0.84, 0.00)
1256.90: (-0.54, -0.84, 0.00)
1256.90: (-0.67, 0.60, 0.44): 2
1256.97: (-0.52, -0.85, -0.04)
1257.09: (-0.54, -0.84, -0.06)
1257.20: (-0.82, -0.58, 0.04)
1257.32: (-0.94, -0.16, 0.32)
1257.44: (-0.89, 0.33, 0.31)
1257.55: (-0.82, 0.54, 0.20)
1257.67: (-0.73, 0.51, 0.46)
1257.70: (-0.72, 0.51, 0.47)
1257.70: (0.60, 0.80, 0.00): 0
1257.79: (-0.72, 0.52, 0.46)
1257.89: (-0.71, 0.59, 0.38)
1258.00: (-0.60, 0.75, 0.28)
1258.12: (-0.17, 0.96, -0.25)
1258.22: (0.24, 0.83, -0.51)
1258.34: (0.47, 0.72, -0.51)
1258.45: (0.67, 0.57, -0.47)
1258.57: (0.74, 0.67, -0.13)
1258.69: (0.65, 0.76, 0.05)
1258.72: (0.63, 0.78, 0.07)
1258.72: (-1.00, 0.00, 0.05): 2
1258.80: (0.61, 0.79, 0.07)
1258.92: (0.65, 0.76, -0.06)
1259.02: (0.51, 0.85, -0.14)
1259.14: (0.51, 0.85, -0.14)
1259.25: (0.49, 0.84, -0.22)
1259.37: (-0.14, 0.96, -0.24)
1259.49: (-0.67, 0.74, -0.04)
1259.60: (-0.81, 0.58, 0.07)
1259.72: (-0.98, 0.15, 0.09)
1259.84: (-0.99, -0.12, 0.07)
1259.85: (-0.99, -0.12, 0.07)
1259.85: (1.00, 0.02, 0.00): 0
1259.95: (-0.99, -0.12, 0.06)
1260.07: (-0.99, -0.11, 0.05)
1260.19: (-0.75, 0.65, -0.08)
1260.30: (-0.44, 0.84, 0.32)
1260.40: (-0.32, 0.95, 0.03)
1260.52: (-0.40, 0.63, -0.67)
1260.64: (0.26, 0.51, -0.82)
1260.75: (0.71, 0.48, -0.52)
1260.87: (0.64, 0.75, 0.15)
1260.99: (0.66, 0.70, 0.26)
1261.10: (0.94, 0.31, 0.10)
1261.22: (1.00, 0.06, -0.04)
1261.22: (-0.99, 0.08, 0.07): 2
1261.22: (1.00, 0.06, -0.04)
1261.34: (1.00, 0.08, -0.04)
1261.45: (0.96, 0.28, 0.00)
1261.55: (0.79, 0.59, 0.16)
1261.67: (0.52, 0.81, 0.28)
1261.79: (0.22, 0.97, 0.11)
1261.89: (-0.16, 0.97, -0.18)
1262.00: (-0.48, 0.82, -0.32)
1262.12: (-0.31, 0.30, -0.90)
1262.22: (0.03, 0.31, -0.95)
1262.34: (0.14, 0.20, -0.97)
1262.45: (0.30, 0.07, -0.95)
1262.57: (0.48, 0.02, -0.88)
1262.67: (-0.34, 0.49, -0.80)
1262.77: (-0.72, 0.20, -0.66)
1262.89: (-0.82, -0.19, -0.54)
1263.00: (-0.85, -0.43, -0.31)
1263.12: (-0.85, -0.49, -0.19)
1263.24: (-0.97, -0.23, -0.09)
1263.35: (-1.00, 0.06, -0.02)
1263.39: (-1.00, 0.08, -0.01)
1263.39: (-0.41, -0.72, 0.56): 2
1263.45: (-1.00, 0.08, -0.01)
1263.57: (-0.99, 0.12, 0.08)
1263.69: (-0.98, 0.20, 0.06)
1263.80: (-0.98, 0.20, 0.06)
1263.90: (-0.98, 0.20, 0.06)
1264.02: (-1.00, 0.00, 0.09)
1264.14: (-0.56, -0.83, 0.06)
1264.25: (-0.47, -0.88, 0.03)
1264.37: (-0.48, -0.87, 0.09)
1264.49: (-0.42, -0.76, 0.49)
1264.57: (-0.38, -0.71, 0.59)
1264.57: (-0.75, -0.31, -0.58): 1
1264.60: (-0.38, -0.72, 0.59)
1264.72: (-0.37, -0.73, 0.58)
1264.82: (-0.39, -0.74, 0.54)
1264.94: (-0.55, -0.71, 0.45)
1265.05: (-0.98, 0.10, 0.19)
1265.17: (-0.92, 0.38, 0.04)
1265.29: (-0.89, 0.41, -0.19)
1265.40: (-0.84, -0.07, -0.53)
1265.50: (-0.83, -0.26, -0.50)
1265.62: (-0.80, -0.39, -0.46)
1265.72: (-0.78, -0.34, -0.53)
1265.72: (0.34, 0.90, 0.26): 1
1265.74: (-0.78, -0.34, -0.53)
1265.84: (-0.78, -0.27, -0.56)
1265.95: (-0.78, -0.21, -0.59)
1266.07: (-0.75, 0.17, -0.64)
1266.19: (-0.49, 0.63, -0.60)
1266.29: (-0.45, 0.73, -0.51)
1266.40: (-0.30, 0.88, -0.36)
1266.52: (-0.11, 0.98, -0.14)
1266.64: (0.19, 0.98, 0.00)
1266.74: (0.31, 0.93, 0.20)
1266.84: (0.40, 0.85, 0.35)
1266.84: (-0.73, 0.46, -0.51): 2
1266.85: (0.40, 0.85, 0.35)
1266.97: (0.45, 0.83, 0.33)
1267.07: (0.45, 0.83, 0.33)
1267.19: (0.45, 0.83, 0.33)
1267.30: (0.47, 0.80, 0.37)
1267.42: (0.42, 0.83, 0.36)
1267.54: (-0.04, 1.00, 0.08)
1267.65: (-0.58, 0.74, -0.34)
1267.77: (-0.61, 0.70, -0.36)
1267.89: (-0.67, 0.65, -0.36)
1268.00: (-0.84, 0.29, -0.45)
1268.12: (-0.85, 0.28, -0.45)
1268.24: (-0.79, 0.37, -0.48)
1268.29: (-0.74, 0.45, -0.49)
1268.29: (1.00, 0.00, 0.00): 1
1268.35: (-0.73, 0.46, -0.50)
1268.47: (-0.73, 0.46, -0.50)
1268.58: (-0.74, 0.48, -0.47)
1268.70: (-0.35, 0.93, -0.10)
1268.82: (0.02, 0.98, 0.19)
1268.93: (0.22, 0.96, 0.19)
1269.04: (0.42, 0.84, 0.34)
1269.15: (0.81, 0.43, 0.40)
1269.25: (0.94, 0.26, 0.23)
1269.37: (0.98, 0.17, -0.07)
1269.48: (1.00, -0.04, -0.08)
1269.53: (0.99, -0.09, -0.08)
1269.53: (-0.99, -0.09, 0.12): 0
1269.60: (0.99, -0.09, -0.08)
1269.70: (0.99, -0.13, -0.02)
1269.82: (1.00, -0.09, -0.01)
1269.93: (1.00, -0.09, -0.01)
1270.03: (0.99, -0.12, 0.01)
1270.15: (0.63, -0.72, -0.29)
1270.27: (0.13, -0.55, -0.82)
1270.38: (0.18, -0.34, -0.92)
1270.48: (0.18, -0.28, -0.94)
1270.58: (-0.48, -0.30, -0.82)
1270.70: (-0.88, -0.48, -0.05)
1270.82: (-0.73, -0.61, 0.32)
1270.93: (-0.91, -0.37, 0.19)
1271.04: (-0.99, -0.15, -0.07)
1271.07: (-0.99, -0.13, -0.06)
1271.07: (-0.31, 0.00, -0.95): 2
1271.15: (-0.99, -0.13, -0.06)
1271.27: (-0.98, -0.03, 0.21)
1271.38: (-0.97, -0.25, 0.03)
1271.50: (-0.52, -0.74, -0.42)
1271.60: (-0.11, -0.58, -0.81)
1271.72: (0.45, 0.11, -0.88)
1271.83: (0.31, 0.33, -0.89)
1271.95: (-0.33, 0.03, -0.94)
1272.07: (-0.38, -0.12, -0.92)
1272.07: (0.05, 0.34, 0.94): 1
1272.07: (-0.38, -0.12, -0.92)
1272.17: (-0.33, -0.11, -0.94)
1272.28: (-0.18, 0.06, -0.98)
1272.40: (0.11, 0.30, -0.95)
1272.52: (0.41, 0.35, -0.84)
1272.63: (0.59, 0.76, -0.25)
1272.75: (0.14, 0.99, 0.06)
1272.85: (-0.20, 0.98, -0.07)
1272.97: (-0.32, 0.89, 0.32)
1273.08: (-0.38, 0.64, 0.67)
1273.20: (-0.56, 0.45, 0.69)
1273.32: (-0.15, 0.56, 0.82)
1273.43: (0.13, 0.47, 0.88)
1273.52: (0.12, 0.40, 0.91)
1273.52: (-0.22, 0.75, -0.63): 2
1273.55: (0.11, 0.37, 0.92)
1273.67: (0.08, 0.29, 0.95)
1273.78: (0.05, 0.32, 0.95)
1273.90: (-0.07, 0.80, 0.59)
1274.02: (0.13, 0.94, -0.31)
1274.12: (0.13, 0.94, -0.31)
1274.23: (0.19, 0.94, -0.27)
1274.35: (-0.12, 0.85, -0.52)
1274.47: (-0.29, 0.75, -0.60)
1274.48: (-0.29, 0.75, -0.60)
1274.48: (-0.97, 0.24, 0.00): 2
1274.58: (-0.26, 0.74, -0.62)
1274.70: (-0.26, 0.72, -0.65)
1274.80: (-0.26, 0.72, -0.65)
1274.92: (-0.18, 0.69, -0.70)
1275.03: (0.08, 0.50, -0.86)
1275.15: (0.25, 0.43, -0.87)
1275.27: (0.47, 0.53, -0.70)
1275.38: (0.63, 0.30, -0.72)
1275.48: (0.53, 0.53, -0.66)
1275.58: (-0.06, 0.97, -0.23)
1275.70: (-0.71, 0.69, -0.12)
1275.82: (-0.78, 0.63, 0.08)
1275.93: (-0.78, 0.49, 0.39)
1276.05: (-0.94, 0.35, 0.02)
1276.15: (-0.95, 0.32, 0.01)
1276.15: (-0.10, 0.95, 0.29): 0
1276.17: (-0.95, 0.32, 0.00)
1276.28: (-0.95, 0.30, 0.04)
1276.38: (-0.94, 0.34, 0.05)
1276.50: (-0.94, 0.34, 0.05)
1276.62: (-0.90, 0.43, 0.12)
1276.73: (-0.30, 0.87, 0.40)
1276.85: (-0.05, 0.91, 0.40)
1276.97: (-0.02, 0.91, 0.42)
1277.08: (-0.12, 0.93, 0.34)
1277.12: (-0.14, 0.94, 0.33)
1277.12: (0.12, 0.99, 0.07): 2
1277.20: (-0.14, 0.94, 0.33)
1277.32: (-0.17, 0.97, 0.15)
1277.43: (0.03, 0.99, -0.14)
1277.48: (0.07, 0.99, -0.11)
1277.48: (0.19, 0.84, -0.51): 1
1277.55: (0.14, 0.99, 0.00)
1277.67: (0.16, 0.99, 0.02)
1277.78: (0.14, 0.97, -0.19)
1277.90: (0.06, 0.76, -0.65)
1278.02: (0.06, 0.76, -0.64)
1278.13: (0.18, 0.87, -0.47)
1278.18: (0.21, 0.89, -0.40)
1278.18: (-0.45, -0.55, 0.70): 0
1278.25: (0.21, 0.89, -0.40)
1278.37: (0.16, 0.88, -0.45)
1278.48: (0.08, 0.83, -0.54)
1278.60: (-0.06, 0.96, -0.29)
1278.72: (-0.53, 0.78, 0.34)
1278.83: (-0.54, 0.76, 0.35)
1278.95: (-0.62, 0.57, 0.54)
1279.07: (-0.45, 0.27, 0.85)
1279.18: (-0.23, -0.08, 0.97)
1279.28: (0.16, 0.19, 0.97)
1279.40: (0.34, 0.57, 0.75)
1279.52: (-0.10, -0.02, 0.99)
1279.62: (-0.25, -0.18, 0.95)
1279.73: (-0.29, -0.29, 0.91)
1279.85: (-0.42, -0.51, 0.75)
1279.97: (-0.50, -0.66, 0.57)
1279.97: (-0.98, -0.18, -0.10): 2
1279.97: (-0.50, -0.66, 0.57)
1280.08: (-0.44, -0.59, 0.68)
1280.18: (-0.44, -0.59, 0.68)
1280.30: (-0.36, -0.25, 0.90)
1280.42: (-0.63, 0.47, 0.62)
1280.53: (-0.63, 0.47, 0.62)
1280.65: (-0.68, 0.61, 0.42)
1280.77: (-0.71, 0.68, -0.21)
1280.88: (-0.63, 0.71, -0.32)
1280.98: (-0.56, 0.73, -0.40)
1281.10: (-0.40, 0.66, -0.63)
1281.22: (-0.13, 0.57, -0.81)
1281.33: (0.09, 0.41, -0.91)
1281.43: (0.13, 0.19, -0.97)
1281.55: (-0.46, 0.35, -0.81)
1281.67: (-0.79, 0.35, -0.51)
1281.78: (-0.96, 0.18, 0.21)
1281.90: (-0.91, 0.09, 0.40)
1282.02: (-0.98, -0.18, -0.01)
1282.13: (-0.95, -0.20, -0.24)
1282.17: (-0.95, -0.21, -0.24)
1282.17: (1.00, 0.03, 0.04): 2
1282.23: (-0.95, -0.21, -0.23)
1282.35: (-0.96, -0.20, -0.20)
1282.47: (-0.99, -0.11, -0.14)
1282.58: (-0.91, 0.34, 0.24)
1282.70: (-0.60, 0.63, 0.49)
1282.82: (-0.69, 0.62, 0.37)
1282.92: (-0.75, 0.65, 0.12)
1283.03: (-0.36, 0.93, 0.11)
1283.15: (0.01, 0.66, 0.75)
1283.27: (0.18, 0.47, 0.86)
1283.38: (0.39, 0.34, 0.86)
1283.50: (0.72, -0.02, 0.70)
1283.62: (0.91, -0.07, 0.41)
1283.73: (0.92, -0.38, 0.04)
1283.85: (1.00, -0.05, -0.02)
1283.95: (0.99, 0.11, 0.02)
1283.95: (1.00, 0.00, -0.02): 0
1283.97: (0.99, 0.11, 0.02)
1284.08: (0.99, 0.12, 0.03)
1284.20: (0.98, 0.11, 0.18)
1284.32: (0.98, 0.07, 0.16)
1284.42: (1.00, -0.02, -0.03)
1284.42: (0.97, -0.11, -0.22): 2
1284.43: (1.00, -0.02, -0.03)
1284.55: (1.00, -0.03, -0.03)
1284.67: (1.00, -0.05, -0.09)
1284.75: (0.96, -0.09, -0.26)
1284.75: (0.60, -0.55, -0.57): 1
1284.77: (0.96, -0.09, -0.26)
1284.88: (0.96, -0.11, -0.25)
1284.98: (0.95, -0.16, -0.28)
1285.10: (0.67, -0.56, -0.49)
1285.20: (0.63, -0.61, -0.48)
1285.20: (-1.00, 0.05, 0.07): 1
1285.22: (0.63, -0.61, -0.48)
1285.33: (0.62, -0.61, -0.49)
1285.45: (0.60, -0.63, -0.48)
1285.56: (0.60, -0.63, -0.48)
1285.68: (0.60, -0.63, -0.48)
1285.80: (0.60, -0.63, -0.48)
1285.91: (0.37, -0.83, -0.42)
1286.02: (-0.50, -0.82, -0.27)
1286.13: (-0.94, -0.35, -0.06)
1286.25: (-0.98, -0.19, -0.03)
1286.36: (-1.00, -0.03, -0.01)
1286.45: (-1.00, 0.10, 0.00)
END