3/30/2023 7:11:09 PM
Mode: Stereo
White time (s): [1.233242, 1.549664, 1.249714, 0.6997681, 1.616337, 0.9994507, 1.43327, 3.582806, 6.048489, 1.932854, 2.233116, 1.88295, 3.466461, 1.166702, 0.5997772, 6.149002, 6.099045, 1.183258, 2.599091, 7.781754, 0.8001709, 1.216125, 3.782654, 3.765915, 4.415939, 1.566513, 1.782822, 0.9998322, 0.7832031, 1.44957]
Shot time (s): [1.383118, 3.982395, 1.683525, 3.615784, 0.5500336, 3.249458, 1.183075, 1.74971, 1.582779, 1.566185, 3.282547, 1.116386, 1.699463, 3.965363, 2.132751, 0.9165649, 2.032806, 1.582901, 0.4662781, 1.799973, 0.6662445, 1.532974, 1.149765, 4.849182, 1.266159, 5.265411, 0.6329041, 1.466446, 1.666443, 1.366409]
Step time (s): [1.349693, 2.133072, 3.4328, 2.982498, 0.5996399, 1.06646, 2.266205, 1.366219, 4.74913, 1.866119, 1.499901, 2.499748, 4.682587, 1.583305, 1.56633, 2.149582, 1.199554, 1.583435, 3.416168, 1.399704, 8.481659, 1.849442, 3.082764, 1.516556, 1.349716, 1.46611, 2.532791, 1.399918, 1.683456, 7.448257]
White horz (deg): [175.4199, 350.5948, 199.5524, 38.83247, 231.2798, 91.01743, 176.3999, 431.0771, 649.6167, 164.3949, 279.9123, 222.7048, 382.6895, 189.7524, 5.879997, 522.0941, 550.0244, 140.9974, 290.0797, 581.6287, 22.90748, 64.55746, 382.1998, 293.1421, 293.0195, 126.5424, 147.1224, 79.62494, 51.20496, 258.1074]
Shot horz (deg): [206.0449, 465.0096, 182.4024, 384.8947, 10.53499, 250.8798, 121.3974, 256.6374, 189.7523, 183.0149, 367.7448, 122.7449, 281.5047, 404.372, 259.8223, 42.87498, 246.2248, 143.2024, 27.19498, 107.1874, 7.594996, 69.82495, 28.41998, 328.2995, 124.2149, 470.3994, 31.60498, 117.2324, 156.4324, 188.6499]
Step horz (deg): [222.8273, 309.8022, 485.4672, 284.3222, 36.01498, 59.28996, 247.4499, 167.8249, 495.8795, 239.8548, 115.2724, 251.4923, 211.3122, 226.1349, 198.3274, 332.2195, 91.01746, 166.9674, 72.51991, 160.4749, 644.5935, 133.5249, 219.3973, 62.10745, 51.93995, 133.6474, 333.1998, 122.8675, 107.4324, 545.6137]
White vert (deg): [55.85996, 58.55496, 34.54498, 33.19748, 46.05997, 32.33998, 92.60991, 133.0349, 481.6695, 98.48991, 82.44244, 72.51997, 143.4474, 31.11497, 35.64748, 445.6544, 394.5719, 29.88998, 88.68996, 413.0695, 27.31748, 38.34246, 122.1324, 225.7674, 419.5621, 50.59245, 24.62248, 13.59749, 12.61749, 28.54247]
Shot vert (deg): [50.71497, 225.3998, 48.14247, 177.8699, 23.88749, 173.0924, 40.54749, 49.73496, 59.77995, 65.41494, 134.7499, 45.07996, 32.82997, 158.8824, 72.88744, 19.72248, 85.87245, 48.14244, 4.164998, 138.9149, 30.01248, 70.80494, 24.37748, 343.2447, 28.90998, 312.7423, 20.45749, 29.76748, 64.18996, 52.55244]
Step vert (deg): [26.70497, 56.34995, 120.1724, 107.4324, 3.919998, 39.07746, 82.19743, 33.56498, 276.8496, 77.90993, 59.65746, 44.34496, 362.3548, 31.84997, 61.00498, 28.29746, 13.59749, 12.37249, 271.7048, 24.62248, 431.322, 80.11494, 180.0748, 51.44996, 76.07245, 38.09747, 51.20494, 30.13497, 47.65246, 376.9323]

Time in sec: camera forward versor
Time in sec: target versor: sound type (0 = White, 1 = Shot, 2 = Step)
START
37.28: (0.56, -0.63, 0.54): 0
37.28: (0.04, 0.04, 1.00)
37.40: (0.04, 0.04, 1.00)
37.50: (0.02, 0.03, 1.00)
37.60: (0.16, -0.01, 0.99)
37.71: (0.75, -0.09, 0.66)
37.83: (0.98, -0.17, 0.06)
37.95: (0.95, -0.26, -0.19)
38.06: (0.83, -0.34, -0.43)
38.18: (0.82, -0.57, 0.12)
38.30: (0.67, -0.57, 0.47)
38.40: (0.58, -0.53, 0.62)
38.51: (0.57, -0.54, 0.62)
38.51: (-0.34, -0.27, 0.90): 1
38.51: (0.57, -0.54, 0.62)
38.61: (0.57, -0.54, 0.62)
38.73: (0.59, -0.55, 0.59)
38.85: (0.64, -0.52, 0.57)
38.95: (0.33, -0.14, 0.93)
39.06: (-0.30, 0.45, 0.84)
39.18: (-0.53, 0.71, 0.46)
39.30: (-0.57, 0.76, 0.30)
39.40: (-0.37, 0.56, 0.74)
39.51: (-0.18, 0.06, 0.98)
39.61: (-0.19, -0.05, 0.98)
39.73: (-0.27, -0.08, 0.96)
39.85: (-0.30, -0.22, 0.93)
39.90: (-0.30, -0.26, 0.92)
39.90: (-0.93, 0.32, 0.15): 0
39.96: (-0.30, -0.27, 0.92)
40.06: (-0.30, -0.27, 0.92)
40.18: (-0.25, -0.25, 0.93)
40.30: (-0.01, -0.37, 0.93)
40.40: (0.66, -0.66, 0.36)
40.51: (0.85, -0.46, -0.25)
40.61: (0.85, -0.36, -0.38)
40.73: (0.88, -0.46, 0.07)
40.84: (-0.05, -0.20, 0.98)
40.96: (-0.79, 0.39, 0.47)
41.06: (-0.83, 0.55, 0.06)
41.18: (-0.82, 0.53, -0.20)
41.28: (-0.87, 0.47, -0.12)
41.39: (-0.93, 0.36, 0.02)
41.44: (-0.94, 0.33, 0.06)
41.44: (0.98, 0.05, 0.17): 0
41.51: (-0.94, 0.33, 0.06)
41.63: (-0.94, 0.32, 0.07)
41.74: (-0.89, 0.33, 0.32)
41.86: (-0.37, 0.16, 0.92)
41.98: (0.21, -0.11, 0.97)
42.08: (0.69, -0.29, 0.67)
42.19: (0.91, -0.35, 0.23)
42.31: (0.93, -0.37, -0.09)
42.41: (0.93, -0.34, -0.11)
42.53: (0.98, -0.19, 0.11)
42.64: (0.98, -0.09, 0.16)
42.69: (0.98, -0.09, 0.16)
42.69: (0.87, 0.26, -0.41): 0
42.76: (0.98, -0.09, 0.16)
42.86: (0.98, -0.09, 0.16)
42.98: (1.00, 0.00, -0.07)
43.09: (0.89, 0.23, -0.40)
43.19: (0.84, 0.33, -0.42)
43.31: (0.88, 0.29, -0.38)
43.39: (0.91, 0.24, -0.34)
43.39: (0.44, 0.16, 0.89): 2
43.43: (0.91, 0.23, -0.33)
43.53: (0.92, 0.23, -0.33)
43.64: (0.86, 0.25, -0.44)
43.76: (0.49, 0.25, -0.83)
43.88: (0.66, 0.23, -0.71)
43.98: (0.66, 0.23, -0.71)
44.09: (0.91, 0.35, -0.23)
44.21: (0.59, 0.20, 0.78)
44.31: (0.06, 0.02, 1.00)
44.41: (-0.12, -0.03, 0.99)
44.53: (0.04, 0.02, 1.00)
44.64: (0.27, 0.09, 0.96)
44.74: (0.38, 0.15, 0.91)
44.74: (-0.97, 0.01, 0.22): 2
44.76: (0.37, 0.15, 0.92)
44.86: (0.37, 0.15, 0.92)
44.98: (0.42, 0.18, 0.89)
45.08: (0.62, 0.28, 0.74)
45.19: (0.86, 0.39, 0.33)
45.31: (0.89, 0.41, -0.18)
45.43: (0.74, 0.36, -0.57)
45.54: (0.68, 0.35, -0.65)
45.66: (0.90, 0.43, -0.04)
45.78: (0.53, 0.29, 0.80)
45.89: (0.31, 0.19, 0.93)
46.01: (0.23, 0.11, 0.97)
46.13: (-0.02, 0.02, 1.00)
46.23: (-0.29, -0.02, 0.96)
46.34: (-0.46, 0.10, 0.88)
46.46: (-0.58, 0.28, 0.76)
46.56: (-0.73, 0.24, 0.64)
46.68: (-0.92, 0.08, 0.39)
46.78: (-0.97, -0.02, 0.25)
46.88: (-0.98, -0.04, 0.20)
46.88: (0.53, -0.59, -0.61): 0
46.89: (-0.98, -0.04, 0.20)
46.99: (-0.98, -0.04, 0.20)
47.09: (-0.97, -0.04, 0.24)
47.21: (-0.95, 0.12, 0.30)
47.33: (-0.90, 0.36, 0.25)
47.44: (-0.80, 0.53, 0.28)
47.56: (-0.57, 0.62, 0.54)
47.68: (-0.01, 0.64, 0.77)
47.78: (0.50, 0.41, 0.76)
47.88: (0.87, 0.01, 0.49)
47.99: (0.96, -0.25, 0.10)
48.09: (0.94, -0.33, -0.09)
48.21: (0.82, -0.46, -0.34)
48.33: (0.58, -0.55, -0.60)
48.44: (0.52, -0.53, -0.67)
48.49: (0.52, -0.53, -0.67)
48.49: (-0.77, 0.57, -0.29): 1
48.54: (0.51, -0.53, -0.67)
48.66: (0.51, -0.53, -0.68)
48.78: (0.46, -0.53, -0.72)
48.89: (0.25, -0.48, -0.84)
49.01: (-0.16, -0.41, -0.90)
49.13: (-0.53, -0.34, -0.78)
49.23: (-0.79, -0.25, -0.57)
49.34: (-0.94, -0.23, -0.26)
49.46: (-0.98, -0.20, 0.03)
49.58: (-0.97, -0.10, 0.21)
49.68: (-0.91, -0.15, 0.39)
49.78: (-0.84, -0.39, 0.38)
49.89: (-0.81, -0.58, 0.14)
50.01: (-0.72, -0.69, -0.04)
50.13: (-0.47, -0.88, -0.10)
50.23: (-0.19, -0.92, -0.34)
50.34: (0.04, -0.76, -0.64)
50.46: (0.25, -0.61, -0.75)
50.58: (0.43, -0.56, -0.71)
50.69: (0.50, -0.54, -0.67)
50.81: (0.54, -0.54, -0.64)
50.93: (0.48, -0.46, -0.75)
51.03: (0.25, -0.15, -0.96)
51.14: (-0.05, 0.24, -0.97)
51.26: (-0.15, 0.37, -0.92)
51.36: (-0.18, 0.43, -0.88)
51.48: (-0.20, 0.69, -0.70)
51.59: (-0.14, 0.95, -0.27)
51.69: (-0.03, 0.99, 0.16)
51.81: (0.10, 0.87, 0.47)
51.91: (0.12, 0.85, 0.52)
52.03: (-0.38, 0.92, 0.04)
52.14: (-0.62, 0.68, -0.38)
52.26: (-0.66, 0.64, -0.41)
52.38: (-0.69, 0.64, -0.33)
52.48: (-0.71, 0.63, -0.32)
52.48: (0.34, -0.86, 0.38): 1
52.49: (-0.71, 0.63, -0.32)
52.61: (-0.71, 0.62, -0.32)
52.73: (-0.72, 0.61, -0.33)
52.84: (-0.75, 0.22, -0.62)
52.96: (-0.53, -0.20, -0.83)
53.08: (-0.53, -0.16, -0.83)
53.18: (-0.54, -0.13, -0.83)
53.29: (-0.43, -0.35, -0.83)
53.41: (-0.14, -0.70, -0.70)
53.53: (0.07, -0.84, -0.54)
53.63: (0.26, -0.90, -0.34)
53.74: (0.41, -0.90, -0.18)
53.86: (0.53, -0.85, 0.04)
53.98: (0.48, -0.85, 0.21)
54.08: (0.40, -0.85, 0.35)
54.16: (0.38, -0.84, 0.38)
54.16: (0.16, -0.88, -0.45): 0
54.19: (0.39, -0.84, 0.38)
54.31: (0.39, -0.84, 0.38)
54.43: (0.45, -0.86, 0.24)
54.54: (0.43, -0.88, 0.22)
54.66: (0.22, -0.92, -0.32)
54.76: (-0.09, -0.73, -0.68)
54.88: (-0.09, -0.73, -0.68)
54.99: (0.02, -0.83, -0.56)
55.09: (0.09, -0.89, -0.46)
55.16: (0.11, -0.90, -0.43)
55.16: (-0.28, 0.03, 0.96): 1
55.21: (0.10, -0.90, -0.42)
55.33: (0.11, -0.90, -0.42)
55.44: (0.19, -0.93, -0.31)
55.56: (0.38, -0.92, -0.06)
55.68: (0.61, -0.73, 0.33)
55.79: (0.67, -0.34, 0.66)
55.89: (0.64, -0.14, 0.75)
56.01: (0.54, 0.21, 0.81)
56.13: (0.38, 0.52, 0.77)
56.24: (0.15, 0.72, 0.68)
56.34: (0.00, 0.75, 0.66)
56.46: (-0.21, 0.86, 0.46)
56.58: (-0.55, 0.83, -0.07)
56.69: (-0.54, 0.75, -0.39)
56.81: (-0.46, 0.83, -0.31)
56.91: (-0.46, 0.83, -0.31)
57.01: (-0.34, 0.88, -0.32)
57.13: (0.13, 0.92, -0.37)
57.24: (0.44, 0.84, -0.33)
57.36: (0.58, 0.78, -0.23)
57.47: (0.64, 0.76, -0.12)
57.59: (0.69, 0.72, 0.05)
57.69: (0.78, 0.60, 0.17)
57.81: (0.86, 0.42, 0.28)
57.91: (0.90, 0.34, 0.27)
58.01: (0.92, 0.29, 0.25)
58.12: (0.92, 0.08, 0.39)
58.24: (0.52, -0.09, 0.85)
58.36: (0.06, -0.02, 1.00)
58.47: (-0.17, 0.03, 0.98)
58.57: (-0.20, 0.04, 0.98)
58.69: (-0.25, 0.06, 0.97)
58.77: (-0.30, 0.04, 0.95)
58.77: (0.94, 0.34, -0.02): 0
58.79: (-0.32, 0.03, 0.95)
58.91: (-0.33, 0.04, 0.94)
59.03: (-0.34, 0.04, 0.94)
59.14: (-0.25, 0.27, 0.93)
59.26: (-0.42, 0.35, 0.84)
59.37: (-0.25, 0.69, 0.68)
59.49: (0.14, 0.89, 0.43)
59.61: (0.78, 0.56, 0.27)
59.72: (0.99, -0.03, 0.11)
59.84: (0.93, -0.35, 0.04)
59.96: (0.99, -0.11, 0.03)
60.06: (0.99, 0.15, 0.00)
60.17: (0.98, 0.19, 0.00)
60.21: (0.98, 0.21, 0.00)
60.21: (0.44, 0.34, -0.83): 0
60.27: (0.98, 0.21, 0.00)
60.39: (0.97, 0.23, 0.00)
60.51: (0.97, 0.25, 0.00)
60.62: (0.99, -0.01, -0.16)
60.72: (0.83, -0.38, -0.40)
60.84: (0.53, -0.69, -0.49)
60.96: (0.10, -0.93, -0.35)
61.06: (-0.11, -0.95, -0.30)
61.17: (-0.44, -0.87, -0.22)
61.27: (-0.81, -0.59, -0.03)
61.39: (-0.96, -0.21, 0.20)
61.51: (-0.93, 0.15, 0.33)
61.62: (-0.88, 0.32, 0.35)
61.74: (-0.61, 0.66, 0.44)
61.86: (-0.41, 0.76, 0.50)
61.96: (-0.53, 0.65, 0.54)
62.06: (-0.53, 0.65, 0.54)
62.17: (-0.63, 0.59, 0.50)
62.29: (-0.54, 0.65, 0.53)
62.41: (-0.14, 0.77, 0.63)
62.51: (0.30, 0.80, 0.52)
62.62: (0.70, 0.66, 0.29)
62.74: (0.86, 0.50, 0.10)
62.86: (0.88, 0.48, 0.06)
62.97: (0.88, 0.48, 0.05)
63.07: (0.87, 0.50, 0.04)
63.19: (0.76, 0.63, -0.17)
63.31: (0.44, 0.78, -0.43)
63.41: (0.24, 0.78, -0.57)
63.52: (0.22, 0.79, -0.58)
63.62: (0.38, 0.52, -0.77)
63.74: (0.46, 0.21, -0.86)
63.79: (0.46, 0.22, -0.86)
63.79: (-0.95, 0.03, 0.31): 0
63.86: (0.47, 0.22, -0.86)
63.97: (0.47, 0.22, -0.85)
64.09: (0.50, 0.30, -0.81)
64.19: (0.61, 0.19, -0.77)
64.31: (0.73, 0.65, -0.23)
64.41: (0.59, 0.80, -0.10)
64.52: (0.58, 0.80, -0.10)
64.64: (0.61, 0.78, 0.18)
64.76: (0.48, 0.60, 0.64)
64.86: (0.43, 0.57, 0.70)
64.96: (0.42, 0.57, 0.71)
65.07: (0.14, 0.76, 0.64)
65.19: (-0.40, 0.87, 0.29)
65.31: (-0.53, 0.85, -0.01)
65.42: (-0.58, 0.79, -0.20)
65.54: (-0.62, 0.70, -0.35)
65.66: (-0.74, 0.48, -0.48)
65.77: (-0.67, 0.32, -0.67)
65.87: (-0.56, 0.20, -0.80)
65.97: (-0.38, -0.02, -0.92)
66.09: (-0.24, -0.40, -0.89)
66.19: (-0.30, -0.28, -0.91)
66.31: (-0.35, -0.20, -0.92)
66.42: (-0.32, -0.06, -0.94)
66.54: (-0.59, -0.19, -0.79)
66.66: (-0.62, -0.78, -0.12)
66.76: (-0.57, -0.82, 0.05)
66.87: (-0.51, -0.85, 0.14)
66.99: (-0.50, -0.84, 0.22)
67.11: (-0.49, -0.76, 0.43)
67.22: (-0.30, -0.66, 0.69)
67.32: (-0.19, -0.58, 0.80)
67.44: (0.25, -0.35, 0.90)
67.56: (0.43, -0.17, 0.89)
67.66: (0.41, -0.18, 0.89)
67.77: (0.41, -0.18, 0.89)
67.89: (-0.07, -0.47, 0.88)
67.99: (-0.71, -0.63, 0.32)
68.11: (-0.82, -0.54, -0.21)
68.22: (-0.66, -0.31, -0.68)
68.34: (-0.54, -0.20, -0.82)
68.44: (-0.50, -0.29, -0.81)
68.56: (-0.40, -0.59, -0.71)
68.67: (-0.23, -0.74, -0.64)
68.79: (-0.03, -0.77, -0.63)
68.91: (0.09, -0.76, -0.64)
69.02: (0.01, -0.77, -0.64)
69.14: (-0.52, -0.63, -0.57)
69.26: (-0.89, -0.16, -0.43)
69.37: (-0.92, -0.01, -0.40)
69.49: (-0.95, 0.07, -0.29)
69.61: (-0.99, 0.10, -0.06)
69.72: (-0.97, 0.03, 0.25)
69.84: (-0.96, 0.01, 0.28)
69.84: (-0.31, -0.39, -0.87): 2
69.84: (-0.96, 0.01, 0.28)
69.94: (-0.96, 0.00, 0.29)
70.06: (-0.96, 0.00, 0.29)
70.16: (-0.96, 0.01, 0.27)
70.27: (-0.95, -0.09, 0.29)
70.39: (-0.95, -0.09, 0.29)
70.51: (-0.97, -0.20, 0.14)
70.62: (-0.88, 0.22, -0.43)
70.74: (-0.45, 0.47, -0.76)
70.84: (-0.26, 0.51, -0.82)
70.94: (-0.22, 0.54, -0.81)
71.06: (0.05, 0.59, -0.81)
71.16: (0.44, 0.57, -0.69)
71.27: (0.76, 0.47, -0.45)
71.39: (0.98, 0.22, -0.04)
71.51: (0.97, 0.05, 0.24)
71.62: (0.91, -0.08, 0.40)
71.72: (0.89, -0.11, 0.44)
71.84: (0.96, 0.26, -0.08)
71.96: (0.12, 0.55, -0.82)
72.07: (-0.60, 0.27, -0.76)
72.17: (-0.76, 0.14, -0.64)
72.29: (-0.87, -0.04, -0.49)
72.41: (-0.92, -0.21, -0.33)
72.52: (-0.92, -0.35, -0.19)
72.64: (-0.86, -0.50, -0.11)
72.76: (-0.71, -0.65, -0.27)
72.86: (-0.52, -0.72, -0.46)
72.96: (-0.42, -0.68, -0.60)
73.07: (-0.34, -0.60, -0.72)
73.19: (-0.29, -0.46, -0.84)
73.27: (-0.28, -0.39, -0.88)
73.27: (1.00, 0.01, 0.01): 2
73.31: (-0.29, -0.38, -0.88)
73.42: (-0.29, -0.38, -0.88)
73.54: (-0.32, -0.31, -0.89)
73.64: (-0.36, -0.18, -0.91)
73.76: (-0.29, 0.09, -0.95)
73.86: (-0.24, 0.50, -0.83)
73.97: (-0.15, 0.78, -0.60)
74.09: (-0.12, 0.86, -0.49)
74.21: (0.12, 0.97, -0.21)
74.32: (0.25, 0.97, -0.03)
74.44: (0.35, 0.93, 0.09)
74.55: (0.45, 0.86, 0.26)
74.67: (0.57, 0.66, 0.49)
74.77: (0.46, 0.78, 0.43)
74.87: (0.46, 0.78, 0.43)
74.97: (0.46, 0.81, 0.36)
75.09: (0.56, 0.47, 0.68)
75.20: (0.56, 0.10, 0.82)
75.32: (0.49, -0.21, 0.84)
75.42: (0.45, -0.36, 0.82)
75.54: (0.46, -0.39, 0.80)
75.65: (0.56, -0.41, 0.72)
75.77: (0.79, -0.46, 0.41)
75.89: (0.89, -0.40, 0.22)
75.99: (0.94, -0.35, 0.07)
76.10: (0.98, -0.21, 0.03)
76.22: (1.00, 0.05, 0.05)
76.25: (1.00, 0.05, 0.04)
76.25: (0.96, -0.07, -0.27): 1
76.34: (1.00, 0.06, 0.05)
76.44: (1.00, 0.04, 0.04)
76.55: (1.00, -0.04, -0.02)
76.67: (0.95, -0.05, -0.31)
76.77: (0.94, -0.05, -0.34)
76.80: (0.94, -0.05, -0.33)
76.80: (-0.39, 0.43, -0.81): 0
76.89: (0.95, -0.06, -0.32)
77.00: (0.95, -0.07, -0.30)
77.10: (0.96, -0.06, -0.26)
77.22: (1.00, -0.02, 0.02)
77.34: (0.90, -0.11, 0.42)
77.44: (0.80, -0.02, 0.60)
77.55: (0.81, 0.21, 0.54)
77.67: (0.62, 0.70, 0.36)
77.77: (0.37, 0.90, 0.21)
77.89: (0.18, 0.98, 0.09)
78.00: (0.06, 1.00, -0.02)
78.12: (-0.11, 0.98, -0.18)
78.24: (-0.45, 0.82, -0.36)
78.35: (-0.64, 0.62, -0.45)
78.45: (-0.63, 0.58, -0.51)
78.55: (-0.53, 0.56, -0.63)
78.67: (-0.47, 0.49, -0.74)
78.74: (-0.45, 0.47, -0.76)
78.74: (0.99, -0.09, 0.05): 0
78.79: (-0.45, 0.47, -0.76)
78.89: (-0.45, 0.48, -0.76)
79.00: (-0.33, 0.60, -0.73)
79.12: (-0.05, 0.81, -0.58)
79.22: (0.37, 0.91, -0.18)
79.34: (0.67, 0.67, 0.32)
79.45: (0.75, 0.34, 0.56)
79.57: (0.74, 0.11, 0.66)
79.69: (0.68, -0.09, 0.73)
79.80: (0.60, -0.28, 0.75)
79.90: (0.46, -0.52, 0.72)
80.02: (0.27, -0.75, 0.61)
80.14: (0.11, -0.86, 0.49)
80.24: (0.11, -0.91, 0.41)
80.35: (0.35, -0.90, 0.25)
80.47: (0.64, -0.75, 0.16)
80.57: (0.81, -0.58, 0.08)
80.69: (0.94, -0.33, -0.06)
80.80: (0.98, -0.17, -0.03)
80.90: (1.00, -0.06, 0.05)
80.97: (1.00, -0.05, 0.09)
80.97: (-0.86, 0.26, -0.45): 0
81.02: (0.99, -0.05, 0.09)
81.14: (0.99, -0.08, 0.09)
81.25: (0.95, -0.07, 0.31)
81.35: (0.95, -0.07, 0.31)
81.47: (0.94, -0.05, 0.34)
81.59: (0.89, -0.09, 0.44)
81.70: (0.88, -0.48, 0.08)
81.82: (0.35, -0.86, -0.36)
81.94: (-0.18, -0.83, -0.52)
82.05: (-0.41, -0.71, -0.57)
82.17: (-0.65, -0.55, -0.53)
82.27: (-0.84, -0.36, -0.42)
82.39: (-0.97, 0.01, -0.25)
82.49: (-0.96, 0.21, -0.20)
82.60: (-0.92, 0.29, -0.25)
82.72: (-0.90, 0.30, -0.33)
82.84: (-0.87, 0.30, -0.39)
82.85: (-0.87, 0.30, -0.40)
82.85: (-0.87, 0.24, -0.44): 2
82.95: (-0.86, 0.31, -0.40)
83.05: (-0.85, 0.38, -0.36)
83.17: (-0.81, 0.54, -0.25)
83.27: (-0.82, 0.49, -0.30)
83.39: (-0.84, 0.30, -0.44)
83.45: (-0.85, 0.27, -0.45)
83.45: (-0.99, -0.07, 0.12): 2
83.50: (-0.86, 0.26, -0.45)
83.60: (-0.85, 0.26, -0.45)
83.72: (-0.87, 0.26, -0.42)
83.84: (-0.89, 0.31, -0.32)
83.95: (-0.92, 0.34, -0.20)
84.07: (-0.87, 0.49, -0.03)
84.17: (-0.88, 0.47, 0.08)
84.29: (-0.99, 0.14, 0.03)
84.40: (-1.00, 0.00, 0.01)
84.52: (-1.00, -0.06, 0.08)
84.52: (0.96, -0.14, -0.24): 1
84.52: (-1.00, -0.06, 0.08)
84.62: (-0.99, -0.06, 0.11)
84.74: (-0.99, -0.06, 0.11)
84.85: (-0.99, -0.01, 0.15)
84.95: (-0.98, 0.10, 0.17)
85.07: (-0.92, 0.40, 0.06)
85.17: (-0.85, 0.50, -0.17)
85.29: (-0.75, 0.52, -0.41)
85.39: (-0.71, 0.53, -0.47)
85.50: (-0.66, 0.50, -0.56)
85.62: (-0.53, 0.49, -0.69)
85.72: (-0.39, 0.61, -0.69)
85.84: (-0.11, 0.98, -0.15)
85.95: (-0.05, 0.99, 0.14)
86.05: (-0.05, 0.99, 0.14)
86.17: (-0.06, 0.99, 0.10)
86.29: (0.11, 0.91, 0.41)
86.40: (0.31, 0.58, 0.76)
86.50: (0.35, 0.33, 0.87)
86.62: (0.39, 0.10, 0.92)
86.74: (0.41, -0.07, 0.91)
86.84: (0.41, -0.25, 0.88)
86.95: (0.40, -0.46, 0.79)
87.05: (0.54, -0.43, 0.72)
87.15: (0.77, -0.34, 0.54)
87.27: (0.95, -0.16, 0.26)
87.39: (1.00, -0.01, 0.01)
87.50: (0.99, 0.04, -0.15)
87.62: (0.95, -0.15, -0.28)
87.74: (0.93, -0.22, -0.28)
87.77: (0.93, -0.22, -0.28)
87.77: (0.45, 0.76, 0.46): 1
87.85: (0.93, -0.23, -0.28)
87.95: (0.94, -0.23, -0.27)
88.07: (0.95, -0.24, -0.19)
88.19: (0.96, -0.29, 0.00)
88.29: (0.95, -0.04, 0.32)
88.40: (0.73, 0.49, 0.48)
88.52: (0.38, 0.81, 0.45)
88.64: (0.12, 0.92, 0.38)
88.74: (0.21, 0.88, 0.42)
88.85: (0.32, 0.84, 0.44)
88.95: (0.44, 0.79, 0.43)
88.95: (-0.96, 0.28, 0.01): 1
88.97: (0.44, 0.79, 0.42)
89.07: (0.41, 0.80, 0.43)
89.19: (0.44, 0.77, 0.46)
89.30: (0.58, 0.65, 0.49)
89.42: (0.83, 0.24, 0.51)
89.54: (0.89, -0.29, 0.36)
89.65: (0.90, -0.27, 0.35)
89.77: (0.76, 0.31, 0.57)
89.89: (0.15, 0.84, 0.53)
89.99: (-0.22, 0.92, 0.33)
90.09: (-0.37, 0.90, 0.22)
90.19: (-0.48, 0.86, 0.14)
90.30: (-0.64, 0.76, 0.03)
90.42: (-0.80, 0.60, -0.04)
90.54: (-0.96, 0.28, -0.02)
90.65: (-0.99, 0.13, 0.01)
90.70: (-0.99, 0.10, 0.03)
90.70: (-0.59, 0.64, -0.50): 1
90.77: (-0.99, 0.10, 0.03)
90.87: (-0.99, 0.11, 0.03)
90.99: (-0.98, 0.19, 0.04)
91.10: (-0.79, 0.58, 0.20)
91.22: (-0.43, 0.85, 0.30)
91.33: (-0.03, 0.94, 0.35)
91.45: (0.27, 0.88, 0.40)
91.57: (0.43, 0.81, 0.40)
91.68: (0.08, 0.95, 0.31)
91.78: (-0.43, 0.90, 0.06)
91.90: (-0.56, 0.82, -0.12)
92.02: (-0.60, 0.76, -0.24)
92.12: (-0.62, 0.69, -0.37)
92.23: (-0.63, 0.62, -0.46)
92.28: (-0.63, 0.62, -0.47)
92.28: (0.54, 0.07, 0.84): 2
92.35: (-0.63, 0.62, -0.47)
92.47: (-0.61, 0.65, -0.45)
92.57: (-0.56, 0.75, -0.36)
92.68: (-0.60, 0.80, -0.05)
92.80: (-0.60, 0.80, -0.05)
92.92: (-0.58, 0.81, 0.00)
93.03: (-0.81, 0.54, -0.24)
93.15: (-0.71, 0.68, -0.17)
93.27: (0.03, 0.99, 0.13)
93.38: (0.40, 0.88, 0.25)
93.50: (0.61, 0.74, 0.28)
93.62: (0.83, 0.47, 0.30)
93.73: (0.77, 0.49, 0.40)
93.85: (0.77, 0.49, 0.40)
93.97: (0.80, 0.47, 0.37)
94.08: (0.88, -0.04, 0.46)
94.18: (0.78, -0.26, 0.57)
94.30: (0.68, -0.21, 0.71)
94.42: (0.64, -0.06, 0.76)
94.53: (0.60, -0.01, 0.80)
94.55: (0.59, -0.01, 0.80)
94.55: (-0.93, -0.04, 0.36): 0
94.63: (0.58, 0.01, 0.82)
94.75: (0.55, 0.00, 0.84)
94.87: (0.53, -0.27, 0.81)
94.97: (0.46, -0.60, 0.65)
95.08: (0.33, -0.85, 0.40)
95.18: (0.15, -0.99, 0.05)
95.28: (0.01, -0.97, -0.24)
95.38: (-0.08, -0.90, -0.43)
95.50: (-0.15, -0.70, -0.70)
95.62: (-0.25, -0.45, -0.85)
95.72: (-0.39, -0.05, -0.92)
95.82: (-0.36, 0.20, -0.91)
95.93: (-0.35, 0.36, -0.86)
96.05: (-0.40, 0.55, -0.73)
96.15: (-0.47, 0.71, -0.52)
96.27: (-0.53, 0.84, -0.12)
96.37: (-0.62, 0.78, -0.12)
96.47: (-0.62, 0.78, -0.12)
96.58: (-0.62, 0.78, -0.12)
96.68: (-0.56, 0.83, 0.07)
96.80: (-0.40, 0.73, 0.56)
96.92: (-0.21, 0.57, 0.79)
97.02: (-0.05, 0.38, 0.92)
97.13: (0.06, 0.23, 0.97)
97.25: (0.06, 0.20, 0.98)
97.37: (-0.20, 0.23, 0.95)
97.47: (-0.44, 0.15, 0.88)
97.58: (-0.63, 0.05, 0.77)
97.70: (-0.73, 0.04, 0.68)
97.82: (-0.82, 0.08, 0.57)
97.92: (-0.89, 0.08, 0.44)
98.02: (-0.94, 0.02, 0.34)
98.02: (0.64, -0.74, -0.20): 1
98.02: (-0.94, 0.02, 0.34)
98.13: (-0.94, 0.02, 0.34)
98.25: (-0.93, 0.02, 0.37)
98.37: (-0.89, 0.02, 0.45)
98.48: (-0.69, -0.03, 0.72)
98.58: (-0.42, -0.04, 0.91)
98.70: (0.16, -0.35, 0.92)
98.82: (0.48, -0.52, 0.71)
98.93: (0.62, -0.52, 0.58)
99.05: (0.77, -0.55, 0.33)
99.17: (0.82, -0.55, -0.16)
99.28: (0.71, -0.59, -0.39)
99.38: (0.68, -0.65, -0.34)
99.48: (0.67, -0.71, -0.22)
99.58: (0.65, -0.75, -0.12)
99.58: (0.24, 0.39, 0.89): 2
99.60: (0.65, -0.75, -0.12)
99.72: (0.65, -0.75, -0.13)
99.82: (0.62, -0.74, -0.26)
99.93: (0.59, -0.80, 0.08)
100.03: (0.59, -0.80, 0.12)
100.13: (0.58, -0.72, 0.38)
100.25: (0.59, -0.67, 0.45)
100.37: (0.28, -0.23, 0.93)
100.47: (0.00, 0.17, 0.99)
100.58: (-0.19, 0.54, 0.82)
100.70: (-0.07, 0.54, 0.84)
100.82: (0.10, 0.47, 0.88)
100.93: (0.15, 0.45, 0.88)
100.95: (0.15, 0.45, 0.88)
100.95: (0.28, -0.71, -0.64): 0
101.05: (0.15, 0.45, 0.88)
101.15: (0.23, 0.38, 0.90)
101.27: (0.53, 0.02, 0.85)
101.38: (0.74, -0.38, 0.56)
101.48: (0.64, -0.76, 0.04)
101.60: (0.33, -0.83, -0.46)
101.72: (0.04, -0.69, -0.72)
101.82: (-0.07, -0.56, -0.82)
101.93: (0.08, -0.60, -0.80)
102.05: (0.23, -0.65, -0.72)
102.12: (0.25, -0.66, -0.71)
102.12: (0.87, 0.11, -0.49): 1
102.17: (0.26, -0.66, -0.71)
102.28: (0.26, -0.66, -0.70)
102.40: (0.23, -0.66, -0.72)
102.52: (0.09, -0.60, -0.79)
102.63: (0.04, -0.62, -0.79)
102.73: (0.03, -0.67, -0.74)
102.85: (0.19, -0.81, -0.55)
102.95: (0.27, -0.83, -0.49)
103.07: (0.12, -0.86, -0.50)
103.18: (0.04, -0.91, -0.41)
103.30: (0.32, -0.94, -0.10)
103.40: (0.57, -0.79, 0.23)
103.52: (0.78, -0.17, 0.61)
103.63: (0.75, -0.01, 0.66)
103.75: (0.75, 0.16, 0.64)
103.87: (0.76, 0.39, 0.53)
103.97: (0.69, 0.55, 0.47)
104.07: (0.59, 0.71, 0.39)
104.17: (0.32, 0.92, 0.21)
104.28: (0.17, 0.98, 0.05)
104.40: (0.01, 1.00, -0.07)
104.52: (-0.08, 0.98, -0.20)
104.63: (0.02, 0.90, -0.43)
104.73: (0.34, 0.78, -0.53)
104.85: (0.82, 0.45, -0.36)
104.97: (0.98, 0.13, -0.16)
105.07: (1.00, -0.03, -0.02)
105.18: (0.98, 0.07, -0.18)
105.30: (0.89, 0.21, -0.41)
105.40: (0.84, 0.24, -0.48)
105.40: (0.80, 0.52, 0.30): 1
105.42: (0.84, 0.24, -0.48)
105.53: (0.86, 0.21, -0.47)
105.65: (0.91, 0.16, -0.39)
105.77: (0.90, -0.17, 0.39)
105.88: (0.79, -0.10, 0.60)
105.98: (0.79, -0.10, 0.60)
106.10: (0.73, -0.19, 0.66)
106.22: (0.87, 0.09, 0.48)
106.32: (0.90, 0.33, 0.29)
106.42: (0.88, 0.43, 0.18)
106.52: (0.87, 0.46, 0.20)
106.52: (0.91, -0.24, -0.32): 2
106.53: (0.86, 0.46, 0.21)
106.63: (0.86, 0.47, 0.21)
106.75: (0.82, 0.48, 0.30)
106.87: (0.72, 0.30, 0.62)
106.98: (0.51, -0.10, 0.85)
107.10: (0.19, -0.51, 0.84)
107.22: (0.09, -0.69, 0.72)
107.33: (-0.02, -0.84, 0.55)
107.43: (-0.22, -0.90, 0.37)
107.55: (-0.34, -0.91, 0.24)
107.67: (-0.49, -0.87, -0.03)
107.78: (-0.70, -0.64, -0.32)
107.90: (-0.76, -0.50, -0.41)
108.01: (-0.77, -0.47, -0.44)
108.13: (-0.78, -0.42, -0.46)
108.25: (-0.79, -0.33, -0.52)
108.36: (-0.71, -0.26, -0.65)
108.48: (-0.60, -0.47, -0.64)
108.60: (-0.62, -0.49, -0.61)
108.71: (-0.79, -0.19, -0.58)
108.83: (-0.75, 0.40, -0.53)
108.95: (-0.63, 0.59, -0.51)
109.06: (-0.48, 0.75, -0.46)
109.18: (-0.21, 0.94, -0.28)
109.30: (0.05, 1.00, -0.08)
109.41: (-0.21, 0.97, -0.09)
109.53: (-0.21, 0.97, -0.09)
109.65: (-0.14, 0.95, -0.27)
109.75: (0.23, 0.77, -0.59)
109.86: (0.50, 0.55, -0.67)
109.96: (0.55, 0.42, -0.72)
110.08: (0.58, 0.35, -0.74)
110.20: (0.79, 0.34, -0.52)
110.31: (0.93, 0.33, 0.14)
110.41: (0.74, 0.42, 0.52)
110.53: (0.60, 0.50, 0.62)
110.65: (0.77, 0.43, 0.47)
110.76: (0.96, 0.22, 0.15)
110.86: (0.99, 0.09, 0.07)
110.98: (1.00, -0.02, 0.05)
111.08: (0.98, -0.11, -0.13)
111.20: (0.94, -0.15, -0.30)
111.26: (0.92, -0.18, -0.34)
111.26: (-0.87, 0.28, 0.41): 2
111.31: (0.93, -0.17, -0.33)
111.43: (0.93, -0.19, -0.31)
111.55: (0.94, 0.12, -0.31)
111.66: (0.94, 0.12, -0.31)
111.78: (0.91, 0.16, -0.38)
111.90: (0.96, 0.17, -0.23)
112.01: (0.83, -0.19, 0.52)
112.11: (0.41, -0.30, 0.86)
112.23: (-0.10, -0.36, 0.93)
112.35: (-0.49, -0.36, 0.79)
112.45: (-0.69, -0.34, 0.64)
112.56: (-0.86, -0.28, 0.42)
112.68: (-0.99, -0.10, 0.11)
112.80: (-0.99, 0.02, 0.13)
112.91: (-0.95, 0.16, 0.27)
113.03: (-0.89, 0.27, 0.37)
113.13: (-0.85, 0.30, 0.43)
113.13: (-0.80, -0.05, -0.60): 2
113.15: (-0.85, 0.30, 0.44)
113.25: (-0.85, 0.29, 0.44)
113.36: (-0.88, 0.35, 0.31)
113.46: (-0.87, 0.48, 0.02)
113.58: (-0.69, 0.56, -0.46)
113.70: (-0.40, 0.49, -0.77)
113.81: (-0.40, 0.49, -0.77)
113.91: (-0.40, 0.49, -0.77)
114.03: (-0.45, 0.39, -0.81)
114.15: (-0.63, 0.17, -0.75)
114.26: (-0.80, -0.03, -0.59)
114.38: (-0.85, -0.13, -0.51)
114.50: (-0.82, -0.11, -0.56)
114.60: (-0.80, -0.08, -0.59)
114.63: (-0.80, -0.07, -0.59)
114.63: (-0.57, 0.40, 0.72): 1
114.71: (-0.80, -0.07, -0.60)
114.81: (-0.80, -0.05, -0.60)
114.93: (-0.68, -0.03, -0.73)
115.05: (-0.23, -0.10, -0.97)
115.16: (0.25, -0.13, -0.96)
115.28: (0.64, -0.17, -0.75)
115.40: (0.41, -0.16, -0.90)
115.50: (-0.39, -0.07, -0.92)
115.61: (-0.96, 0.11, -0.24)
115.73: (-0.99, 0.10, 0.02)
115.85: (-0.99, 0.11, 0.13)
115.96: (-0.96, 0.08, 0.28)
116.06: (-0.89, 0.12, 0.45)
116.18: (-0.69, 0.20, 0.69)
116.30: (-0.58, 0.29, 0.77)
116.33: (-0.56, 0.30, 0.77)
116.33: (0.95, 0.33, 0.00): 2
116.41: (-0.55, 0.31, 0.78)
116.51: (-0.55, 0.33, 0.77)
116.63: (-0.72, 0.34, 0.61)
116.75: (-0.96, 0.27, 0.08)
116.86: (-0.89, 0.10, -0.44)
116.98: (-0.70, -0.05, -0.71)
117.08: (-0.55, -0.16, -0.82)
117.20: (-0.37, -0.24, -0.90)
117.31: (-0.09, -0.32, -0.94)
117.43: (0.27, -0.39, -0.88)
117.55: (0.52, -0.41, -0.75)
117.66: (0.59, -0.41, -0.70)
117.78: (0.61, -0.41, -0.68)
117.88: (0.61, -0.41, -0.67)
117.98: (0.61, -0.42, -0.68)
118.10: (0.84, -0.35, -0.42)
118.21: (0.97, -0.24, 0.01)
118.31: (0.97, -0.20, 0.11)
118.43: (0.97, -0.20, 0.13)
118.53: (0.98, -0.15, 0.15)
118.65: (0.99, 0.10, 0.11)
118.75: (0.97, 0.21, 0.09)
118.83: (0.97, 0.23, 0.07)
118.83: (0.02, 1.00, 0.00): 2
118.86: (0.97, 0.23, 0.06)
118.98: (0.97, 0.23, 0.05)
119.10: (0.97, 0.23, 0.05)
119.20: (0.96, 0.27, 0.10)
119.31: (0.88, 0.36, 0.30)
119.41: (0.88, 0.36, 0.30)
119.53: (0.90, 0.33, 0.29)
119.65: (0.87, 0.28, 0.41)
119.76: (0.53, 0.37, 0.76)
119.88: (0.27, 0.37, 0.89)
120.00: (0.09, 0.36, 0.93)
120.11: (-0.16, 0.33, 0.93)
120.21: (-0.44, 0.23, 0.87)
120.33: (-0.76, 0.05, 0.65)
120.45: (-0.79, 0.02, 0.61)
120.56: (-0.81, 0.02, 0.59)
120.66: (-0.83, 0.02, 0.56)
120.78: (-0.75, -0.15, 0.64)
120.90: (-0.56, -0.48, 0.68)
121.01: (-0.38, -0.71, 0.60)
121.11: (-0.21, -0.86, 0.47)
121.21: (-0.09, -0.93, 0.35)
121.33: (-0.01, -0.94, 0.34)
121.45: (0.05, -0.95, 0.31)
121.56: (0.20, -0.95, 0.24)
121.68: (0.37, -0.92, 0.08)
121.80: (0.49, -0.87, -0.03)
121.91: (0.52, -0.85, -0.07)
122.03: (0.53, -0.84, -0.08)
122.15: (0.34, -0.94, 0.07)
122.25: (-0.10, -0.91, 0.40)
122.35: (-0.58, -0.55, 0.60)
122.46: (-0.82, -0.07, 0.57)
122.58: (-0.82, 0.23, 0.52)
122.70: (-0.75, 0.51, 0.42)
122.81: (-0.72, 0.60, 0.34)
122.93: (-0.65, 0.73, 0.20)
123.03: (-0.43, 0.90, 0.00)
123.15: (-0.15, 0.98, -0.16)
123.26: (-0.03, 0.98, -0.20)
123.36: (0.02, 0.99, -0.15)
123.46: (0.01, 1.00, -0.06)
123.51: (0.01, 1.00, -0.04)
123.51: (0.57, 0.57, -0.59): 1
123.58: (0.01, 1.00, -0.04)
123.70: (0.01, 1.00, -0.04)
123.81: (0.04, 1.00, 0.04)
123.93: (0.04, 1.00, 0.08)
124.05: (0.04, 1.00, 0.08)
124.16: (0.02, 0.99, 0.14)
124.28: (-0.13, 0.99, 0.01)
124.39: (-0.35, 0.91, -0.21)
124.51: (-0.62, 0.57, -0.54)
124.61: (-0.65, 0.14, -0.75)
124.71: (-0.57, -0.24, -0.78)
124.81: (-0.41, -0.59, -0.70)
124.93: (-0.38, -0.67, -0.64)
125.04: (-0.36, -0.67, -0.65)
125.16: (-0.39, -0.67, -0.63)
125.28: (-0.66, -0.62, -0.42)
125.39: (-0.85, -0.52, -0.04)
125.51: (-0.88, -0.46, 0.09)
125.63: (-0.89, -0.43, 0.14)
125.73: (-0.90, -0.39, 0.20)
125.83: (-0.90, -0.36, 0.26)
125.94: (-0.73, -0.59, 0.36)
126.06: (0.12, -0.95, 0.30)
126.16: (0.46, -0.88, 0.12)
126.28: (0.62, -0.78, -0.03)
126.39: (0.46, -0.87, -0.17)
126.51: (0.46, -0.87, -0.17)
126.63: (0.46, -0.87, -0.17)
126.74: (0.77, -0.58, -0.27)
126.84: (0.94, -0.02, -0.33)
126.96: (0.85, 0.43, -0.29)
127.08: (0.69, 0.70, -0.20)
127.18: (0.66, 0.72, -0.20)
127.29: (0.66, 0.63, -0.40)
127.41: (0.56, 0.59, -0.58)
127.48: (0.51, 0.58, -0.64)
127.48: (0.69, -0.70, -0.15): 2
127.53: (0.51, 0.57, -0.64)
127.64: (0.51, 0.56, -0.65)
127.74: (0.52, 0.58, -0.62)
127.84: (0.42, 0.78, -0.46)
127.96: (0.13, 0.96, -0.24)
128.08: (-0.19, 0.98, -0.01)
128.19: (-0.34, 0.94, 0.10)
128.29: (-0.34, 0.93, 0.11)
128.41: (0.33, 0.88, -0.36)
128.53: (0.85, -0.05, -0.53)
128.64: (0.78, -0.45, -0.44)
128.74: (0.77, -0.46, -0.44)
128.86: (0.75, -0.54, -0.39)
128.96: (0.72, -0.63, -0.29)
129.06: (0.71, -0.66, -0.24)
129.06: (0.87, -0.40, 0.29): 0
129.08: (0.71, -0.66, -0.24)
129.19: (0.71, -0.66, -0.24)
129.29: (0.71, -0.66, -0.23)
129.41: (0.76, -0.63, -0.15)
129.53: (0.84, -0.50, 0.18)
129.64: (0.85, -0.42, 0.31)
129.66: (0.86, -0.42, 0.31)
129.66: (0.12, -0.91, -0.40): 0
129.76: (0.86, -0.42, 0.30)
129.86: (0.86, -0.42, 0.27)
129.98: (0.89, -0.41, 0.21)
130.09: (0.92, -0.36, 0.18)
130.21: (0.99, 0.07, -0.13)
130.33: (0.94, 0.08, -0.32)
130.43: (0.88, -0.32, -0.36)
130.54: (0.66, -0.74, -0.10)
130.64: (0.54, -0.83, 0.14)
130.76: (0.64, -0.71, 0.31)
130.88: (0.82, -0.31, 0.48)
130.98: (0.80, 0.02, 0.60)
131.09: (0.76, 0.16, 0.63)
131.19: (0.75, 0.21, 0.63)
131.31: (0.77, 0.28, 0.57)
131.43: (0.86, 0.33, 0.39)
131.54: (0.94, 0.22, -0.24)
131.66: (0.67, 0.06, -0.74)
131.76: (0.09, -0.08, -0.99)
131.86: (0.13, -0.19, -0.97)
131.98: (0.13, -0.19, -0.97)
132.09: (0.16, -0.13, -0.98)
132.21: (-0.57, -0.13, -0.81)
132.33: (-0.99, -0.02, -0.13)
132.44: (-0.95, 0.03, 0.30)
132.56: (-0.86, 0.09, 0.51)
132.66: (-0.78, 0.12, 0.62)
132.78: (-0.61, 0.14, 0.78)
132.89: (-0.36, 0.16, 0.92)
132.99: (0.04, 0.18, 0.98)
133.11: (0.30, 0.16, 0.94)
133.23: (0.33, 0.17, 0.93)
133.34: (0.33, 0.18, 0.93)
133.46: (0.29, 0.47, 0.83)
133.58: (0.20, 0.82, 0.53)
133.69: (0.11, 0.96, 0.24)
133.79: (0.05, 0.99, 0.10)
133.91: (0.02, 1.00, -0.03)
134.03: (-0.01, 0.96, -0.27)
134.14: (-0.10, 0.86, -0.49)
134.24: (-0.21, 0.74, -0.64)
134.36: (-0.26, 0.60, -0.76)
134.48: (-0.28, 0.72, -0.64)
134.59: (-0.28, 0.72, -0.64)
134.69: (-0.28, 0.72, -0.64)
134.81: (-0.34, 0.73, -0.60)
134.91: (-0.32, 0.40, -0.86)
135.03: (-0.25, -0.15, -0.96)
135.13: (-0.17, -0.50, -0.85)
135.24: (-0.08, -0.70, -0.71)
135.36: (-0.01, -0.82, -0.58)
135.48: (0.12, -0.91, -0.39)
135.58: (0.18, -0.92, -0.34)
135.69: (0.19, -0.90, -0.39)
135.81: (0.17, -0.90, -0.41)
135.81: (-0.57, -0.37, -0.73): 1
135.81: (0.17, -0.90, -0.41)
135.93: (0.16, -0.90, -0.42)
136.04: (0.15, -0.88, -0.45)
136.16: (0.14, -0.89, -0.44)
136.26: (-0.04, -0.91, -0.40)
136.38: (-0.73, -0.66, -0.20)
136.49: (-0.98, -0.14, 0.13)
136.59: (-0.99, -0.13, 0.06)
136.71: (-0.99, -0.13, 0.06)
136.83: (-0.99, -0.13, 0.06)
136.94: (-0.98, -0.02, 0.20)
137.04: (-0.96, -0.26, 0.06)
137.16: (-0.34, -0.85, -0.41)
137.28: (0.26, -0.80, -0.55)
137.38: (0.29, -0.78, -0.55)
137.49: (0.16, -0.75, -0.64)
137.59: (-0.37, -0.53, -0.76)
137.71: (-0.48, -0.37, -0.80)
137.81: (-0.49, -0.33, -0.81)
137.93: (-0.51, -0.35, -0.79)
137.94: (-0.52, -0.35, -0.78)
137.94: (-0.99, 0.09, 0.05): 2
138.03: (-0.52, -0.34, -0.78)
138.13: (-0.52, -0.34, -0.78)
138.24: (-0.45, -0.38, -0.81)
138.36: (-0.03, -0.56, -0.83)
138.46: (0.19, -0.71, -0.67)
138.58: (0.36, -0.77, -0.52)
138.69: (0.35, -0.78, -0.51)
138.81: (-0.15, -0.83, -0.54)
138.93: (-0.90, -0.37, -0.24)
139.04: (-0.99, 0.05, 0.09)
139.14: (-0.93, 0.27, 0.26)
139.26: (-0.92, 0.28, 0.26)
139.38: (-0.97, 0.20, 0.15)
139.48: (-1.00, 0.08, 0.05)
139.51: (-1.00, 0.08, 0.05)
139.51: (0.10, 0.74, 0.67): 2
139.59: (-1.00, 0.08, 0.06)
139.71: (-1.00, 0.08, 0.06)
139.83: (-1.00, 0.01, 0.01)
139.94: (-0.89, -0.38, -0.26)
140.04: (-0.44, -0.71, -0.55)
140.14: (0.08, -0.77, -0.64)
140.26: (0.33, -0.70, -0.64)
140.38: (0.11, -0.74, -0.66)
140.48: (-0.68, -0.55, -0.48)
140.59: (-0.95, 0.22, 0.22)
140.69: (-0.84, 0.39, 0.37)
140.81: (-0.81, 0.44, 0.39)
140.93: (-0.80, 0.44, 0.39)
141.04: (-0.72, 0.52, 0.46)
141.16: (-0.33, 0.73, 0.60)
141.27: (0.13, 0.74, 0.66)
141.39: (0.24, 0.70, 0.67)
141.49: (0.21, 0.71, 0.68)
141.61: (0.17, 0.71, 0.68)
141.66: (0.17, 0.71, 0.68)
141.66: (0.99, 0.09, 0.05): 2
141.73: (0.17, 0.71, 0.68)
141.84: (0.16, 0.72, 0.68)
141.96: (0.11, 0.74, 0.66)
142.08: (0.38, 0.68, 0.63)
142.19: (0.81, 0.42, 0.41)
142.29: (0.90, 0.35, 0.25)
142.41: (0.90, 0.35, 0.25)
142.52: (0.90, 0.35, 0.25)
142.62: (0.97, 0.19, 0.15)
142.74: (1.00, -0.01, 0.04)
142.86: (1.00, -0.03, 0.03)
142.86: (-0.99, 0.06, 0.10): 0
142.86: (1.00, -0.03, 0.03)
142.96: (1.00, -0.03, 0.03)
143.07: (1.00, -0.03, 0.03)
143.19: (1.00, -0.04, -0.02)
143.29: (0.83, -0.41, -0.38)
143.41: (0.34, -0.74, -0.58)
143.52: (0.32, -0.75, -0.57)
143.64: (0.34, -0.75, -0.57)
143.76: (0.58, -0.76, -0.29)
143.87: (0.60, -0.78, 0.15)
143.99: (0.45, -0.77, 0.46)
144.11: (0.32, -0.73, 0.61)
144.21: (0.25, -0.70, 0.67)
144.32: (0.18, -0.65, 0.73)
144.42: (0.18, -0.66, 0.73)
144.54: (0.23, -0.90, 0.37)
144.64: (0.10, -0.99, 0.05)
144.74: (-0.11, -0.98, -0.15)
144.86: (-0.32, -0.88, -0.34)
144.97: (-0.47, -0.76, -0.45)
145.07: (-0.57, -0.60, -0.56)
145.17: (-0.72, -0.33, -0.61)
145.29: (-0.82, 0.00, -0.57)
145.41: (-0.83, 0.21, -0.53)
145.51: (-0.79, 0.19, -0.59)
145.62: (-0.79, 0.19, -0.59)
145.74: (-0.79, 0.19, -0.59)
145.86: (-0.75, 0.39, -0.53)
145.97: (-0.45, 0.88, -0.17)
146.09: (-0.18, 0.98, 0.02)
146.21: (-0.12, 0.99, 0.06)
146.31: (-0.12, 0.99, 0.06)
146.42: (-0.27, 0.96, -0.09)
146.54: (-0.36, 0.88, -0.31)
146.64: (-0.25, 0.84, -0.49)
146.76: (-0.03, 0.70, -0.71)
146.86: (0.10, 0.58, -0.81)
146.97: (0.33, 0.36, -0.87)
147.09: (0.42, 0.10, -0.90)
147.19: (0.47, -0.05, -0.88)
147.31: (0.45, -0.25, -0.86)
147.42: (0.15, -0.51, -0.85)
147.54: (-0.14, -0.66, -0.74)
147.64: (-0.24, -0.73, -0.64)
147.76: (-0.13, -0.86, -0.50)
147.86: (-0.08, -0.92, -0.39)
147.97: (0.02, -0.92, -0.40)
148.09: (-0.09, -0.67, -0.74)
148.19: (-0.31, -0.05, -0.95)
148.31: (-0.57, 0.31, -0.76)
148.41: (-0.89, 0.16, -0.43)
148.52: (-1.00, -0.06, -0.01)
148.62: (-0.97, -0.17, 0.20)
148.74: (-0.94, -0.19, 0.29)
148.86: (-0.98, -0.08, 0.17)
148.96: (-0.99, 0.03, 0.11)
148.96: (-0.97, 0.23, -0.07): 1
148.96: (-0.99, 0.03, 0.11)
149.07: (-0.99, 0.03, 0.10)
149.19: (-0.99, -0.04, 0.09)
149.31: (-1.00, -0.05, 0.00)
149.41: (-1.00, -0.03, -0.01)
149.51: (-0.95, 0.23, -0.23)
149.62: (-0.90, 0.35, -0.27)
149.74: (-0.92, 0.33, -0.19)
149.86: (-0.94, 0.30, -0.14)
149.87: (-0.94, 0.30, -0.14)
149.87: (0.87, 0.05, -0.48): 1
149.97: (-0.95, 0.29, -0.13)
150.07: (-0.95, 0.28, -0.12)
150.19: (-0.98, 0.10, 0.16)
150.31: (-0.94, -0.03, 0.33)
150.42: (-0.96, 0.28, -0.01)
150.52: (-0.67, 0.60, -0.45)
150.62: (-0.30, 0.63, -0.72)
150.74: (-0.19, 0.62, -0.76)
150.86: (-0.19, 0.68, -0.71)
150.97: (-0.20, 0.84, -0.51)
151.09: (-0.17, 0.98, -0.12)
151.21: (-0.06, 0.99, 0.10)
151.31: (0.28, 0.96, -0.02)
151.41: (0.64, 0.72, -0.28)
151.52: (0.79, 0.41, -0.45)
151.64: (0.82, 0.07, -0.56)
151.76: (0.83, -0.02, -0.56)
151.86: (0.85, -0.03, -0.53)
151.91: (0.85, -0.03, -0.52)
151.91: (0.72, 0.62, 0.30): 1
151.97: (0.85, -0.02, -0.52)
152.09: (0.85, -0.02, -0.52)
152.21: (0.86, -0.02, -0.51)
152.31: (0.90, -0.07, -0.44)
152.42: (0.95, -0.09, -0.31)
152.54: (0.93, 0.29, -0.23)
152.66: (0.57, 0.82, -0.09)
152.77: (0.06, 1.00, 0.07)
152.89: (0.11, 0.99, 0.12)
152.99: (0.39, 0.91, 0.13)
153.11: (0.59, 0.80, 0.13)
153.22: (0.68, 0.71, 0.18)
153.32: (0.69, 0.68, 0.24)
153.44: (0.69, 0.66, 0.30)
153.49: (0.70, 0.65, 0.31)
153.49: (0.86, -0.33, -0.39): 0
153.54: (0.70, 0.65, 0.30)
153.64: (0.70, 0.65, 0.30)
153.76: (0.67, 0.66, 0.33)
153.87: (0.36, 0.82, 0.44)
153.99: (0.37, 0.84, 0.40)
154.11: (0.96, 0.28, 0.09)
154.22: (0.95, -0.25, -0.20)
154.32: (0.86, -0.44, -0.26)
154.44: (0.84, -0.47, -0.25)
154.56: (0.86, -0.39, -0.34)
154.67: (0.85, -0.35, -0.38)
154.67: (0.98, 0.02, -0.21): 1
154.67: (0.85, -0.35, -0.38)
154.79: (0.85, -0.36, -0.38)
154.91: (0.87, -0.33, -0.38)
155.02: (0.97, -0.03, -0.24)
155.14: (0.98, 0.05, -0.19)
155.14: (-0.98, 0.08, 0.19): 2
155.14: (0.98, 0.05, -0.19)
155.24: (0.98, 0.05, -0.19)
155.36: (0.98, 0.05, -0.20)
155.47: (0.98, 0.06, -0.19)
155.59: (0.97, 0.20, -0.10)
155.71: (0.84, 0.54, 0.06)
155.82: (0.50, 0.82, 0.26)
155.92: (0.03, 0.92, 0.39)
156.04: (-0.37, 0.82, 0.44)
156.14: (-0.49, 0.75, 0.45)
156.26: (-0.53, 0.73, 0.44)
156.37: (-0.68, 0.60, 0.41)
156.47: (-0.91, 0.26, 0.33)
156.59: (-0.94, 0.19, 0.30)
156.71: (-0.94, 0.16, 0.29)
156.72: (-0.94, 0.16, 0.29)
156.72: (0.60, -0.71, 0.36): 2
156.82: (-0.95, 0.14, 0.27)
156.94: (-0.95, 0.14, 0.27)
157.04: (-0.96, 0.11, 0.26)
157.16: (-0.98, 0.00, 0.22)
157.27: (-0.98, -0.03, 0.18)
157.39: (-0.98, -0.03, 0.18)
157.49: (-0.98, -0.03, 0.18)
157.61: (-1.00, 0.10, -0.01)
157.72: (-0.91, 0.21, -0.34)
157.84: (-0.85, 0.24, -0.47)
157.95: (-0.82, 0.27, -0.51)
158.07: (-0.80, 0.28, -0.54)
158.17: (-0.88, 0.24, -0.40)
158.29: (-1.00, 0.08, 0.04)
158.40: (-0.91, -0.02, 0.41)
158.52: (-0.82, -0.07, 0.56)
158.64: (-0.73, -0.12, 0.67)
158.75: (-0.55, -0.18, 0.81)
158.85: (-0.31, -0.24, 0.92)
158.96: (-0.04, -0.27, 0.96)
159.07: (0.10, -0.33, 0.94)
159.19: (-0.04, -0.27, 0.96)
159.30: (-0.04, -0.27, 0.96)
159.42: (-0.20, -0.27, 0.94)
159.54: (0.16, -0.39, 0.91)
159.65: (0.42, -0.45, 0.79)
159.75: (0.53, -0.49, 0.69)
159.85: (0.63, -0.53, 0.57)
159.97: (0.65, -0.65, 0.39)
160.07: (0.60, -0.73, 0.33)
160.14: (0.59, -0.74, 0.33)
160.14: (0.95, -0.15, -0.27): 0
160.19: (0.59, -0.74, 0.33)
160.30: (0.58, -0.74, 0.34)
160.42: (0.50, -0.73, 0.47)
160.54: (0.50, -0.73, 0.47)
160.65: (0.51, -0.72, 0.48)
160.75: (0.57, -0.71, 0.41)
160.87: (0.73, -0.64, 0.25)
160.99: (0.84, -0.24, 0.49)
161.10: (0.65, 0.45, 0.61)
161.20: (0.26, 0.87, 0.42)
161.32: (0.08, 0.96, 0.29)
161.44: (0.08, 0.95, 0.29)
161.54: (0.39, 0.80, 0.46)
161.65: (0.81, 0.31, 0.49)
161.75: (0.92, -0.05, 0.38)
161.87: (0.90, -0.30, 0.31)
161.97: (0.81, -0.56, 0.16)
162.09: (0.76, -0.64, 0.10)
162.20: (0.63, -0.78, 0.00)
162.32: (0.71, -0.70, -0.08)
162.44: (0.86, -0.46, -0.22)
162.54: (0.91, -0.28, -0.31)
162.65: (0.91, -0.24, -0.34)
162.74: (0.92, -0.19, -0.33)
162.74: (0.52, 0.76, 0.40): 2
162.77: (0.92, -0.19, -0.33)
162.89: (0.92, -0.19, -0.33)
163.00: (0.92, -0.20, -0.33)
163.10: (0.87, -0.34, -0.36)
163.22: (0.71, -0.52, -0.47)
163.34: (0.53, -0.68, -0.51)
163.44: (0.50, -0.74, -0.46)
163.55: (0.94, -0.31, -0.16)
163.65: (0.93, 0.32, 0.17)
163.75: (0.73, 0.62, 0.27)
163.87: (0.65, 0.70, 0.29)
163.99: (0.62, 0.73, 0.30)
164.10: (0.55, 0.76, 0.35)
164.14: (0.54, 0.76, 0.36)
164.14: (0.53, 0.52, -0.67): 2
164.20: (0.54, 0.76, 0.36)
164.32: (0.54, 0.76, 0.36)
164.44: (0.54, 0.76, 0.36)
164.54: (0.64, 0.69, 0.33)
164.65: (0.84, 0.49, 0.24)
164.77: (0.96, 0.26, 0.11)
164.89: (1.00, -0.06, -0.04)
165.00: (0.86, -0.44, -0.26)
165.12: (0.56, -0.72, -0.40)
165.22: (0.48, -0.77, -0.42)
165.34: (0.28, -0.87, -0.40)
165.45: (0.08, -0.92, -0.38)
165.55: (-0.21, -0.90, -0.38)
165.67: (-0.59, -0.77, -0.24)
165.79: (-0.85, -0.52, -0.11)
165.90: (-0.91, -0.41, -0.07)
166.02: (-0.92, -0.40, -0.06)
166.12: (-0.93, -0.35, -0.07)
166.24: (-0.90, -0.32, -0.29)
166.34: (-0.82, -0.24, -0.51)
166.44: (-0.79, -0.17, -0.59)
166.55: (-0.73, -0.12, -0.68)
166.67: (-0.64, -0.06, -0.76)
166.79: (-0.62, -0.03, -0.78)
166.90: (-0.73, 0.28, -0.63)
167.02: (-0.76, 0.57, -0.32)
167.14: (-0.84, 0.44, -0.32)
167.24: (-0.84, 0.44, -0.32)
167.35: (-0.83, 0.44, -0.33)
167.47: (-0.76, 0.62, -0.17)
167.57: (-0.65, 0.75, 0.06)
167.69: (-0.51, 0.81, 0.27)
167.80: (-0.40, 0.82, 0.42)
167.92: (-0.21, 0.78, 0.59)
168.04: (-0.08, 0.74, 0.67)
168.15: (0.04, 0.68, 0.73)
168.27: (0.02, 0.67, 0.74)
168.39: (-0.15, 0.53, 0.83)
168.50: (-0.21, 0.39, 0.89)
168.60: (-0.28, 0.32, 0.90)
168.70: (-0.39, 0.24, 0.89)
168.82: (-0.43, 0.12, 0.90)
168.94: (0.03, -0.20, 0.98)
169.05: (0.43, -0.35, 0.83)
169.17: (0.61, -0.34, 0.72)
169.27: (0.76, -0.36, 0.54)
169.39: (0.84, -0.38, 0.38)
169.50: (0.88, -0.42, 0.23)
169.60: (0.89, -0.42, 0.14)
169.72: (0.91, -0.41, 0.12)
169.84: (0.77, -0.63, 0.12)
169.95: (0.51, -0.85, 0.13)
170.07: (0.15, -0.98, 0.14)
170.17: (-0.20, -0.95, 0.23)
170.29: (-0.49, -0.81, 0.31)
170.40: (-0.63, -0.70, 0.34)
170.52: (-0.73, -0.57, 0.39)
170.62: (-0.77, -0.44, 0.47)
170.74: (-0.85, -0.13, 0.51)
170.85: (-0.86, 0.27, 0.44)
170.97: (-0.70, 0.69, 0.18)
171.09: (-0.30, 0.95, -0.04)
171.20: (-0.29, 0.96, -0.03)
171.30: (-0.29, 0.96, -0.03)
171.40: (-0.29, 0.96, -0.03)
171.52: (-0.29, 0.96, -0.03)
171.64: (-0.35, 0.90, -0.25)
171.75: (-0.34, 0.84, -0.42)
171.85: (-0.30, 0.81, -0.51)
171.95: (-0.21, 0.78, -0.59)
172.07: (-0.01, 0.72, -0.69)
172.19: (0.15, 0.59, -0.79)
172.29: (0.31, 0.46, -0.83)
172.39: (0.45, 0.39, -0.80)
172.50: (0.55, 0.46, -0.70)
172.62: (0.55, 0.53, -0.65)
172.62: (0.44, 0.62, 0.65): 1
172.62: (0.55, 0.53, -0.65)
172.72: (0.55, 0.53, -0.64)
172.84: (0.55, 0.53, -0.65)
172.95: (0.51, 0.54, -0.67)
173.07: (0.47, 0.61, -0.64)
173.19: (0.30, 0.85, -0.43)
173.30: (-0.17, 0.98, -0.05)
173.42: (-0.54, 0.81, 0.23)
173.52: (-0.65, 0.66, 0.38)
173.64: (-0.32, 0.57, 0.75)
173.75: (0.14, 0.37, 0.92)
173.87: (0.33, 0.33, 0.89)
173.97: (0.31, 0.42, 0.85)
174.07: (0.31, 0.42, 0.85)
174.17: (0.42, 0.43, 0.80)
174.29: (0.52, 0.53, 0.67)
174.40: (0.51, 0.58, 0.64)
174.42: (0.51, 0.58, 0.64)
174.42: (0.21, 0.20, 0.96): 1
174.52: (0.51, 0.58, 0.64)
174.64: (0.51, 0.58, 0.64)
174.75: (0.46, 0.56, 0.69)
174.87: (0.28, 0.36, 0.89)
174.98: (0.21, 0.26, 0.94)
175.09: (0.21, 0.26, 0.94)
175.09: (-0.82, -0.54, 0.20): 1
175.09: (0.21, 0.26, 0.94)
175.20: (0.22, 0.27, 0.94)
175.32: (0.22, 0.27, 0.94)
175.43: (0.12, 0.26, 0.96)
175.53: (-0.11, 0.32, 0.94)
175.64: (-0.34, 0.39, 0.85)
175.75: (-0.52, 0.38, 0.76)
175.87: (-0.65, 0.21, 0.73)
175.98: (-0.71, -0.02, 0.70)
176.08: (-0.72, -0.12, 0.69)
176.20: (-0.75, -0.12, 0.65)
176.32: (-0.80, -0.23, 0.56)
176.42: (-0.85, -0.40, 0.35)
176.53: (-0.84, -0.46, 0.29)
176.62: (-0.83, -0.49, 0.26)
176.62: (-0.82, 0.45, -0.36): 2
176.65: (-0.83, -0.49, 0.26)
176.77: (-0.84, -0.50, 0.22)
176.87: (-0.84, -0.50, 0.22)
176.97: (-0.89, -0.35, 0.30)
177.08: (-0.89, -0.35, 0.30)
177.18: (-0.89, -0.35, 0.30)
177.28: (-0.88, -0.35, 0.30)
177.40: (-0.91, -0.39, 0.16)
177.52: (-0.87, -0.26, -0.43)
177.63: (-0.59, 0.06, -0.81)
177.75: (-0.43, 0.16, -0.89)
177.85: (-0.26, 0.24, -0.93)
177.97: (-0.29, 0.37, -0.88)
178.08: (-0.56, 0.45, -0.70)
178.20: (-0.69, 0.49, -0.52)
178.32: (-0.75, 0.50, -0.42)
178.43: (-0.80, 0.49, -0.35)
178.47: (-0.81, 0.48, -0.34)
178.47: (1.00, 0.02, 0.00): 2
178.53: (-0.81, 0.48, -0.34)
178.65: (-0.81, 0.48, -0.34)
178.77: (-0.80, 0.48, -0.35)
178.88: (-0.79, 0.46, -0.40)
179.00: (-0.82, 0.38, -0.43)
179.10: (-0.83, 0.31, -0.45)
179.22: (-0.79, 0.18, -0.59)
179.33: (-0.67, 0.04, -0.74)
179.43: (-0.51, -0.08, -0.86)
179.53: (-0.35, -0.22, -0.91)
179.65: (-0.23, -0.35, -0.91)
179.77: (-0.01, -0.43, -0.90)
179.88: (0.17, -0.51, -0.84)
180.00: (0.36, -0.58, -0.73)
180.10: (0.47, -0.62, -0.62)
180.22: (0.59, -0.62, -0.51)
180.32: (0.71, -0.45, -0.54)
180.43: (0.82, 0.06, -0.57)
180.55: (0.70, 0.51, -0.49)
180.65: (0.44, 0.81, -0.39)
180.75: (0.25, 0.93, -0.26)
180.87: (0.27, 0.93, -0.23)
180.98: (0.69, 0.65, -0.31)
181.10: (0.87, 0.42, -0.27)
181.22: (0.95, 0.28, -0.15)
181.33: (0.98, 0.18, -0.07)
181.45: (1.00, -0.05, -0.08)
181.55: (0.99, -0.11, -0.07)
181.55: (-0.82, -0.15, 0.55): 0
181.57: (0.99, -0.11, -0.07)
181.68: (0.99, -0.10, -0.07)
181.78: (0.98, -0.01, -0.22)
181.90: (0.98, -0.01, -0.22)
182.02: (0.98, -0.01, -0.22)
182.13: (0.98, -0.01, -0.22)
182.25: (0.98, -0.01, -0.22)
182.35: (0.98, -0.01, -0.22)
182.47: (0.83, -0.45, 0.34)
182.58: (0.62, -0.63, 0.47)
182.70: (0.67, -0.52, 0.53)
182.82: (0.75, -0.24, 0.62)
182.92: (0.76, 0.19, 0.62)
183.03: (0.59, 0.71, 0.39)
183.15: (0.36, 0.91, 0.21)
183.27: (0.20, 0.97, 0.12)
183.38: (0.02, 1.00, 0.00)
183.50: (-0.26, 0.94, -0.22)
183.60: (-0.55, 0.75, -0.37)
183.70: (-0.72, 0.50, -0.48)
183.82: (-0.82, 0.19, -0.55)
183.93: (-0.82, -0.10, -0.56)
184.05: (-0.78, -0.27, -0.57)
184.17: (-0.70, -0.32, -0.64)
184.28: (-0.51, -0.30, -0.81)
184.38: (-0.24, -0.28, -0.93)
184.50: (0.11, -0.20, -0.97)
184.62: (0.35, -0.10, -0.93)
184.73: (0.46, -0.06, -0.89)
184.85: (0.65, 0.01, -0.76)
184.97: (0.83, 0.10, -0.55)
185.07: (0.94, 0.16, -0.30)
185.18: (0.97, 0.20, -0.10)
185.28: (0.97, 0.21, 0.06)
185.40: (0.94, 0.22, 0.25)
185.52: (0.88, 0.23, 0.41)
185.63: (0.82, 0.19, 0.53)
185.73: (0.76, 0.16, 0.63)
185.85: (0.68, 0.13, 0.72)
185.95: (0.68, 0.13, 0.72)
186.05: (0.68, 0.13, 0.72)
186.17: (0.68, 0.13, 0.72)
186.28: (0.68, 0.13, 0.72)
186.38: (0.68, 0.13, 0.72)
186.50: (0.68, 0.13, 0.72)
186.62: (0.74, 0.12, 0.66)
186.73: (0.75, -0.11, 0.65)
186.85: (0.67, -0.41, 0.62)
186.97: (0.37, -0.84, 0.40)
187.08: (-0.02, -0.99, 0.10)
187.18: (-0.14, -0.99, 0.00)
187.30: (-0.17, -0.98, -0.02)
187.42: (-0.15, -0.99, -0.03)
187.53: (0.06, -0.98, -0.19)
187.63: (0.26, -0.88, -0.41)
187.75: (0.39, -0.64, -0.66)
187.87: (0.47, -0.37, -0.80)
187.98: (0.50, -0.14, -0.85)
188.08: (0.52, 0.01, -0.85)
188.20: (0.47, 0.20, -0.86)
188.32: (0.07, 0.36, -0.93)
188.43: (-0.41, 0.36, -0.84)
188.55: (-0.66, 0.31, -0.69)
188.67: (-0.83, 0.22, -0.51)
188.77: (-0.97, 0.11, -0.22)
188.88: (-0.99, -0.02, 0.12)
189.00: (-0.94, -0.12, 0.31)
189.12: (-0.89, -0.17, 0.42)
189.23: (-0.86, -0.15, 0.49)
189.33: (-0.84, -0.15, 0.52)
189.33: (-0.99, -0.11, 0.04): 1
189.35: (-0.84, -0.15, 0.52)
189.47: (-0.84, -0.17, 0.52)
189.58: (-0.87, -0.31, 0.38)
189.68: (-0.87, -0.31, 0.38)
189.78: (-0.87, -0.31, 0.38)
189.90: (-0.87, -0.31, 0.38)
190.02: (-0.88, -0.27, 0.40)
190.13: (-0.92, -0.18, 0.35)
190.25: (-0.94, -0.17, 0.28)
190.37: (-0.97, -0.17, 0.17)
190.48: (-0.98, -0.16, 0.07)
190.48: (-0.74, -0.67, 0.05): 0
190.48: (-0.98, -0.16, 0.07)
190.58: (-0.98, -0.16, 0.07)
190.70: (-0.98, -0.17, 0.12)
190.82: (-0.93, -0.26, 0.24)
190.93: (-0.88, -0.42, 0.23)
191.05: (-0.86, -0.49, 0.17)
191.15: (-0.83, -0.55, 0.12)
191.27: (-0.77, -0.63, 0.09)
191.28: (-0.77, -0.63, 0.09)
191.28: (-0.03, -0.51, 0.86): 0
191.38: (-0.77, -0.63, 0.09)
191.50: (-0.77, -0.64, 0.09)
191.61: (-0.78, -0.61, 0.17)
191.73: (-0.79, -0.53, 0.30)
191.85: (-0.79, -0.45, 0.41)
191.96: (-0.73, -0.42, 0.54)
192.07: (-0.52, -0.40, 0.75)
192.18: (-0.30, -0.39, 0.87)
192.30: (-0.08, -0.43, 0.90)
192.41: (-0.03, -0.49, 0.87)
192.50: (-0.03, -0.52, 0.85)
192.50: (0.85, -0.48, -0.22): 0
192.53: (-0.03, -0.52, 0.85)
192.63: (-0.03, -0.52, 0.85)
192.75: (-0.02, -0.49, 0.87)
192.86: (0.23, -0.38, 0.90)
192.98: (0.20, -0.45, 0.87)
193.10: (0.16, -0.45, 0.88)
193.21: (0.44, -0.32, 0.84)
193.31: (0.77, -0.14, 0.63)
193.43: (0.92, 0.04, 0.40)
193.55: (0.94, 0.09, 0.33)
193.66: (0.94, 0.11, 0.31)
193.78: (0.97, 0.23, -0.01)
193.90: (0.90, 0.36, -0.26)
194.01: (0.88, 0.37, -0.29)
194.13: (0.77, 0.42, -0.48)
194.25: (0.58, 0.45, -0.68)
194.36: (0.44, 0.46, -0.77)
194.46: (0.37, 0.45, -0.82)
194.58: (0.01, 0.37, -0.93)
194.70: (-0.07, 0.37, -0.93)
194.81: (-0.17, 0.61, -0.78)
194.93: (-0.20, 0.86, -0.47)
195.05: (-0.16, 0.97, -0.18)
195.16: (-0.08, 1.00, -0.01)
195.26: (-0.03, 1.00, 0.07)
195.36: (0.32, 0.94, 0.11)
195.48: (0.69, 0.72, 0.12)
195.60: (0.97, 0.25, 0.06)
195.70: (0.98, -0.20, -0.03)
195.81: (0.78, -0.62, -0.10)
195.93: (0.61, -0.78, -0.12)
196.03: (0.65, -0.75, -0.13)
196.15: (0.74, -0.66, -0.14)
196.26: (0.81, -0.56, -0.18)
196.28: (0.81, -0.56, -0.18)
196.28: (0.57, 0.50, -0.65): 2
196.36: (0.81, -0.56, -0.18)
196.48: (0.81, -0.56, -0.18)
196.60: (0.84, -0.49, -0.26)
196.70: (0.82, -0.50, -0.29)
196.81: (0.82, -0.50, -0.29)
196.93: (0.85, -0.48, -0.24)
197.05: (0.92, -0.28, -0.28)
197.16: (0.89, -0.13, -0.43)
197.28: (0.80, -0.09, -0.60)
197.40: (0.69, -0.09, -0.72)
197.51: (0.65, -0.07, -0.76)
197.61: (0.66, 0.23, -0.71)
197.73: (0.63, 0.44, -0.64)
197.80: (0.63, 0.46, -0.63)
197.80: (0.89, -0.30, 0.34): 2
197.83: (0.63, 0.46, -0.63)
197.95: (0.63, 0.46, -0.63)
198.05: (0.62, 0.46, -0.63)
198.16: (0.63, 0.48, -0.61)
198.28: (0.71, 0.41, -0.57)
198.38: (0.82, 0.24, -0.51)
198.50: (0.95, -0.07, -0.31)
198.60: (0.95, -0.25, -0.19)
198.71: (0.94, -0.29, -0.19)
198.83: (0.90, -0.40, -0.17)
198.95: (0.92, -0.39, 0.11)
199.06: (0.91, -0.31, 0.28)
199.15: (0.90, -0.31, 0.30)
199.15: (0.34, 0.07, -0.94): 1
199.16: (0.90, -0.31, 0.30)
199.26: (0.90, -0.31, 0.31)
199.38: (0.90, -0.32, 0.30)
199.50: (0.85, -0.43, 0.30)
199.61: (0.69, -0.69, 0.21)
199.73: (0.45, -0.89, 0.00)
199.85: (0.30, -0.95, -0.07)
199.95: (0.18, -0.98, -0.12)
200.05: (0.07, -0.98, -0.17)
200.16: (-0.19, -0.94, -0.28)
200.26: (-0.45, -0.84, -0.31)
200.38: (-0.84, -0.51, -0.21)
200.50: (-0.96, -0.25, -0.11)
200.60: (-0.97, -0.21, -0.10)
200.71: (-0.99, 0.01, -0.11)
200.83: (-0.92, 0.38, -0.09)
200.95: (-0.69, 0.72, -0.04)
201.05: (-0.50, 0.87, -0.05)
201.16: (-0.27, 0.96, -0.03)
201.26: (-0.18, 0.98, 0.01)
201.38: (-0.17, 0.98, 0.05)
201.50: (-0.25, 0.92, 0.28)
201.60: (-0.25, 0.78, 0.57)
201.71: (-0.16, 0.50, 0.85)
201.83: (-0.05, 0.26, 0.96)
201.95: (0.03, 0.10, 0.99)
202.05: (0.03, -0.11, 0.99)
202.15: (-0.08, -0.03, 1.00)
202.26: (-0.08, -0.03, 1.00)
202.38: (-0.10, -0.02, 1.00)
202.50: (0.01, -0.03, 1.00)
202.61: (0.31, -0.55, 0.78)
202.73: (0.36, -0.79, 0.51)
202.85: (0.35, -0.88, 0.32)
202.96: (0.27, -0.95, 0.12)
203.06: (0.23, -0.97, -0.04)
203.18: (0.20, -0.95, -0.24)
203.28: (0.16, -0.86, -0.48)
203.38: (0.10, -0.65, -0.76)
203.48: (-0.01, -0.42, -0.91)
203.60: (-0.10, -0.26, -0.96)
203.71: (-0.08, -0.08, -0.99)
203.81: (0.11, -0.04, -0.99)
203.93: (0.26, -0.07, -0.96)
204.00: (0.27, -0.07, -0.96)
204.00: (-0.81, -0.39, 0.44): 2
204.05: (0.27, -0.07, -0.96)
204.16: (0.27, -0.07, -0.96)
204.28: (0.28, -0.27, -0.92)
204.40: (0.28, -0.27, -0.92)
204.51: (0.28, -0.27, -0.92)
204.63: (0.24, -0.25, -0.94)
204.75: (-0.10, -0.27, -0.96)
204.85: (-0.76, -0.33, -0.55)
204.96: (-0.96, -0.26, 0.00)
205.08: (-0.92, -0.19, 0.33)
205.20: (-0.89, -0.14, 0.42)
205.31: (-0.85, -0.24, 0.47)
205.43: (-0.80, -0.32, 0.51)
205.46: (-0.79, -0.34, 0.52)
205.46: (0.98, 0.17, -0.11): 0
205.55: (-0.78, -0.34, 0.52)
205.66: (-0.78, -0.34, 0.52)
205.78: (-0.78, -0.31, 0.54)
205.88: (-0.81, -0.17, 0.57)
206.00: (-0.88, 0.13, 0.45)
206.10: (-0.86, 0.46, 0.24)
206.21: (-0.77, 0.63, 0.12)
206.31: (-0.71, 0.71, 0.04)
206.43: (-0.59, 0.80, -0.08)
206.55: (-0.35, 0.93, -0.07)
206.66: (-0.43, 0.90, 0.02)
206.78: (-0.43, 0.90, 0.02)
206.90: (-0.37, 0.93, 0.05)
207.01: (0.09, 0.77, 0.63)
207.13: (0.50, 0.22, 0.84)
207.23: (0.58, -0.19, 0.79)
207.35: (0.61, -0.54, 0.58)
207.46: (0.54, -0.79, 0.29)
207.58: (0.47, -0.88, 0.06)
207.68: (0.36, -0.92, -0.16)
207.80: (0.19, -0.89, -0.41)
207.91: (0.03, -0.82, -0.57)
208.01: (0.04, -0.80, -0.60)
208.13: (0.26, -0.70, -0.67)
208.25: (0.49, -0.35, -0.80)
208.36: (0.68, -0.12, -0.73)
208.48: (0.71, -0.26, -0.65)
208.59: (0.71, -0.26, -0.65)
208.70: (0.75, -0.23, -0.61)
208.81: (0.91, 0.09, -0.41)
208.93: (0.95, 0.22, -0.23)
209.03: (0.95, 0.22, -0.21)
209.14: (0.96, 0.19, -0.20)
209.23: (0.97, 0.16, -0.19)
209.23: (-0.07, -0.94, 0.34): 0
209.26: (0.97, 0.15, -0.19)
209.36: (0.97, 0.15, -0.19)
209.48: (0.96, 0.18, -0.22)
209.59: (0.95, 0.15, -0.28)
209.71: (0.99, 0.00, -0.15)
209.83: (0.82, -0.34, 0.46)
209.94: (0.51, -0.45, 0.73)
210.06: (0.31, -0.49, 0.82)
210.18: (0.06, -0.45, 0.89)
210.28: (-0.21, -0.39, 0.89)
210.38: (-0.48, -0.32, 0.81)
210.49: (-0.72, -0.28, 0.63)
210.61: (-0.69, -0.33, 0.65)
210.73: (-0.68, -0.33, 0.66)
210.84: (-0.24, -0.23, 0.94)
210.96: (0.14, 0.03, 0.99)
211.06: (0.34, 0.28, 0.90)
211.18: (0.46, 0.53, 0.71)
211.29: (0.47, 0.75, 0.46)
211.41: (0.44, 0.87, 0.22)
211.53: (0.50, 0.86, 0.12)
211.63: (0.50, 0.86, 0.12)
211.74: (0.50, 0.86, 0.12)
211.86: (0.40, 0.91, -0.15)
211.98: (0.17, 0.84, -0.51)
212.09: (0.05, 0.72, -0.69)
212.19: (-0.02, 0.56, -0.83)
212.31: (0.19, 0.63, -0.75)
212.43: (0.19, 0.63, -0.75)
212.53: (0.15, 0.59, -0.79)
212.64: (-0.29, 0.17, -0.94)
212.76: (-0.61, -0.29, -0.74)
212.88: (-0.62, -0.59, -0.52)
212.98: (-0.59, -0.78, -0.21)
213.09: (-0.38, -0.90, 0.21)
213.21: (-0.26, -0.90, 0.33)
213.33: (-0.10, -0.88, 0.47)
213.44: (-0.01, -0.89, 0.46)
213.56: (0.03, -0.94, 0.34)
213.64: (0.00, -0.95, 0.31)
213.64: (-0.54, 0.73, 0.41): 1
213.68: (0.00, -0.95, 0.31)
213.79: (0.00, -0.95, 0.32)
213.91: (-0.07, -0.97, 0.24)
214.03: (-0.18, -0.98, 0.12)
214.13: (-0.18, -0.98, 0.12)
214.24: (-0.29, -0.92, 0.26)
214.36: (-0.78, -0.37, 0.51)
214.48: (-0.85, 0.12, 0.51)
214.58: (-0.79, 0.36, 0.50)
214.69: (-0.68, 0.61, 0.41)
214.81: (-0.62, 0.67, 0.40)
214.91: (-0.61, 0.69, 0.40)
214.91: (0.60, 0.22, -0.77): 2
214.93: (-0.61, 0.69, 0.40)
215.03: (-0.61, 0.68, 0.40)
215.14: (-0.61, 0.68, 0.41)
215.26: (-0.71, 0.53, 0.47)
215.38: (-0.85, -0.03, 0.53)
215.49: (-0.58, -0.69, 0.43)
215.61: (-0.42, -0.83, 0.36)
215.71: (-0.57, -0.68, 0.46)
215.83: (-0.81, 0.19, 0.55)
215.94: (-0.61, 0.65, 0.44)
216.06: (-0.43, 0.84, 0.32)
216.18: (-0.51, 0.83, 0.22)
216.29: (-0.51, 0.83, 0.22)
216.39: (-0.51, 0.83, 0.22)
216.51: (-0.36, 0.93, 0.09)
216.63: (0.15, 0.97, -0.20)
216.74: (0.51, 0.77, -0.38)
216.86: (0.72, 0.54, -0.43)
216.98: (0.83, 0.34, -0.45)
217.08: (0.81, 0.31, -0.50)
217.19: (0.74, 0.25, -0.63)
217.31: (0.70, 0.23, -0.68)
217.43: (0.66, 0.23, -0.72)
217.44: (0.66, 0.23, -0.72)
217.44: (0.00, -0.96, -0.28): 2
217.54: (0.66, 0.23, -0.72)
217.64: (0.65, 0.23, -0.72)
217.74: (0.71, 0.15, -0.69)
217.86: (0.70, -0.50, -0.51)
217.98: (0.52, -0.81, -0.29)
218.09: (0.46, -0.82, -0.34)
218.21: (0.47, -0.81, -0.36)
218.31: (0.44, -0.85, -0.30)
218.41: (0.15, -0.98, -0.13)
218.53: (0.00, -0.99, -0.13)
218.64: (-0.05, -0.99, -0.15)
218.74: (-0.02, -0.98, -0.22)
218.84: (0.01, -0.97, -0.24)
218.84: (0.68, 0.14, 0.72): 1
218.84: (0.01, -0.97, -0.24)
218.94: (0.01, -0.97, -0.24)
219.04: (0.00, -0.97, -0.25)
219.16: (0.00, -0.97, -0.25)
219.28: (0.00, -0.97, -0.25)
219.39: (0.00, -0.97, -0.25)
219.51: (0.00, -0.97, -0.25)
219.61: (0.00, -0.97, -0.25)
219.73: (0.08, -0.96, -0.25)
219.84: (0.10, -0.96, -0.25)
219.94: (0.07, -0.97, -0.22)
220.06: (-0.15, -0.99, -0.02)
220.18: (-0.61, -0.68, 0.42)
220.29: (-0.65, -0.66, 0.37)
220.41: (-0.65, -0.66, 0.37)
220.51: (-0.59, -0.74, 0.31)
220.63: (-0.74, -0.30, 0.61)
220.74: (-0.68, 0.20, 0.70)
220.86: (-0.62, 0.44, 0.65)
220.96: (-0.56, 0.56, 0.61)
221.08: (-0.44, 0.70, 0.57)
221.19: (-0.36, 0.79, 0.50)
221.31: (-0.20, 0.90, 0.39)
221.43: (0.05, 0.97, 0.23)
221.54: (0.26, 0.96, 0.06)
221.66: (0.38, 0.92, -0.08)
221.78: (0.47, 0.86, -0.22)
221.88: (0.49, 0.79, -0.36)
221.98: (0.43, 0.72, -0.54)
222.09: (0.32, 0.75, -0.58)
222.21: (0.19, 0.80, -0.56)
222.33: (-0.14, 0.92, -0.37)
222.44: (-0.37, 0.93, -0.07)
222.56: (-0.61, 0.56, 0.56)
222.68: (-0.63, 0.15, 0.76)
222.79: (-0.62, -0.04, 0.78)
222.91: (-0.77, -0.07, 0.64)
223.01: (-0.86, -0.05, 0.50)
223.13: (-0.78, 0.17, 0.60)
223.24: (-0.15, 0.66, 0.73)
223.36: (0.63, 0.60, 0.49)
223.46: (0.94, 0.30, 0.18)
223.58: (1.00, 0.02, 0.01)
223.69: (1.00, -0.04, 0.08)
223.81: (0.83, -0.02, 0.56)
223.93: (0.76, 0.05, 0.65)
224.04: (0.75, 0.08, 0.66)
224.11: (0.70, 0.10, 0.71)
224.11: (-0.80, -0.33, 0.50): 0
224.14: (0.70, 0.10, 0.71)
224.26: (0.70, 0.09, 0.71)
224.36: (0.70, 0.09, 0.71)
224.48: (0.68, 0.18, 0.71)
224.59: (0.68, 0.18, 0.71)
224.71: (0.71, 0.14, 0.69)
224.83: (0.58, -0.19, 0.79)
224.94: (0.13, -0.57, 0.81)
225.06: (-0.21, -0.69, 0.69)
225.16: (-0.44, -0.74, 0.51)
225.27: (-0.68, -0.70, 0.24)
225.39: (-0.73, -0.61, 0.29)
225.49: (-0.78, -0.48, 0.40)
225.61: (-0.80, -0.38, 0.46)
225.67: (-0.80, -0.35, 0.48)
225.67: (0.21, 0.60, -0.77): 0
225.72: (-0.80, -0.35, 0.48)
225.84: (-0.80, -0.35, 0.48)
225.96: (-0.81, -0.35, 0.47)
226.07: (-0.96, -0.25, 0.15)
226.19: (-0.97, -0.16, -0.16)
226.31: (-0.98, -0.08, -0.20)
226.42: (-0.98, -0.08, -0.20)
226.52: (-0.98, -0.08, -0.20)
226.64: (-0.86, 0.01, -0.52)
226.76: (-0.60, 0.20, -0.78)
226.87: (-0.41, 0.30, -0.86)
226.99: (-0.25, 0.37, -0.89)
227.09: (-0.08, 0.41, -0.91)
227.21: (0.22, 0.50, -0.84)
227.32: (0.24, 0.55, -0.80)
227.44: (0.21, 0.57, -0.80)
227.46: (0.21, 0.57, -0.80)
227.46: (0.85, 0.52, -0.12): 0
227.56: (0.21, 0.56, -0.80)
227.67: (0.21, 0.57, -0.80)
227.77: (0.25, 0.60, -0.76)
227.89: (0.40, 0.68, -0.61)
228.01: (0.74, 0.59, -0.31)
228.11: (0.90, 0.42, -0.06)
228.22: (0.93, 0.37, 0.01)
228.34: (0.90, 0.43, -0.06)
228.46: (0.85, 0.51, -0.15)
228.46: (0.69, -0.68, 0.23): 2
228.46: (0.85, 0.51, -0.15)
228.57: (0.84, 0.51, -0.15)
228.67: (0.85, 0.51, -0.13)
228.77: (0.90, 0.43, -0.05)
228.89: (0.95, 0.29, 0.11)
229.01: (0.95, 0.23, 0.20)
229.12: (0.94, 0.29, 0.18)
229.22: (0.94, 0.29, 0.18)
229.32: (0.95, 0.17, 0.25)
229.44: (0.83, -0.12, 0.55)
229.56: (0.67, -0.32, 0.67)
229.67: (0.53, -0.44, 0.72)
229.79: (0.53, -0.53, 0.66)
229.91: (0.63, -0.63, 0.46)
230.01: (0.67, -0.67, 0.33)
230.11: (0.69, -0.69, 0.23)
230.14: (0.69, -0.69, 0.23)
230.14: (0.99, -0.06, -0.14): 0
230.22: (0.69, -0.69, 0.23)
230.34: (0.68, -0.69, 0.25)
230.44: (0.69, -0.66, 0.30)
230.56: (0.94, -0.33, 0.09)
230.66: (0.99, -0.16, -0.04)
230.77: (0.99, -0.12, -0.07)
230.89: (0.99, -0.05, -0.14)
230.92: (0.98, -0.05, -0.17)
230.92: (0.83, -0.37, 0.42): 1
231.01: (0.98, -0.05, -0.17)
231.12: (0.99, -0.06, -0.15)
231.24: (0.94, -0.33, 0.04)
231.34: (0.89, -0.41, 0.22)
231.46: (0.88, -0.35, 0.34)
231.56: (0.87, -0.32, 0.37)
231.56: (-0.77, -0.63, -0.12): 1
231.57: (0.87, -0.32, 0.37)
231.67: (0.87, -0.32, 0.37)
231.79: (0.86, -0.33, 0.38)
231.91: (0.78, -0.44, 0.44)
232.02: (0.63, -0.61, 0.48)
232.14: (0.48, -0.73, 0.49)
232.26: (0.11, -0.86, 0.50)
232.37: (-0.20, -0.87, 0.45)
232.47: (-0.45, -0.79, 0.40)
232.59: (-0.60, -0.72, 0.34)
232.71: (-0.65, -0.70, 0.29)
232.82: (-0.70, -0.71, 0.08)
232.94: (-0.73, -0.67, -0.09)
233.02: (-0.73, -0.67, -0.10)
233.02: (-0.67, -0.19, 0.72): 2
233.04: (-0.73, -0.67, -0.10)
233.16: (-0.73, -0.67, -0.10)
233.27: (-0.74, -0.67, -0.08)
233.37: (-0.69, -0.73, 0.04)
233.49: (-0.69, -0.73, 0.04)
233.59: (-0.69, -0.73, 0.04)
233.71: (-0.63, -0.78, 0.02)
233.81: (-0.64, -0.77, -0.07)
233.91: (-0.55, -0.84, -0.06)
234.02: (-0.13, -0.99, 0.10)
234.14: (0.22, -0.96, 0.19)
234.24: (0.50, -0.82, 0.26)
234.36: (0.55, -0.78, 0.30)
234.47: (0.53, -0.80, 0.29)
234.59: (0.52, -0.80, 0.29)
234.71: (0.76, -0.57, 0.31)
234.82: (0.94, 0.00, 0.35)
234.94: (0.81, 0.49, 0.32)
235.06: (0.69, 0.68, 0.25)
235.17: (0.59, 0.78, 0.19)
235.29: (0.55, 0.82, 0.16)
235.39: (0.47, 0.88, 0.13)
235.51: (0.30, 0.95, 0.06)
235.61: (0.13, 0.99, 0.02)
235.72: (-0.15, 0.99, -0.06)
235.84: (-0.46, 0.88, -0.13)
235.96: (-0.57, 0.82, -0.07)
236.07: (-0.57, 0.82, -0.07)
236.19: (-0.57, 0.82, -0.07)
236.31: (-0.60, 0.79, -0.15)
236.42: (-0.85, 0.38, -0.36)
236.52: (-0.92, 0.05, -0.38)
236.64: (-0.90, -0.27, -0.33)
236.74: (-0.79, -0.51, -0.34)
236.86: (-0.67, -0.68, -0.29)
236.97: (-0.46, -0.86, -0.23)
237.09: (-0.24, -0.96, -0.16)
237.21: (0.01, -0.99, -0.11)
237.32: (0.02, -1.00, -0.09)
237.44: (-0.09, -0.98, -0.19)
237.54: (-0.14, -0.93, -0.34)
237.64: (-0.08, -0.80, -0.59)
237.74: (0.13, -0.57, -0.81)
237.86: (0.30, -0.33, -0.89)
237.97: (0.46, -0.01, -0.89)
238.09: (0.53, 0.28, -0.80)
238.19: (0.53, 0.46, -0.71)
238.31: (0.50, 0.63, -0.59)
238.41: (0.47, 0.74, -0.49)
238.52: (0.38, 0.89, -0.24)
238.64: (0.28, 0.95, 0.11)
238.74: (0.23, 0.93, 0.29)
238.86: (0.24, 0.91, 0.34)
238.97: (0.35, 0.91, 0.24)
239.09: (0.35, 0.91, 0.24)
239.21: (0.31, 0.93, 0.21)
239.31: (0.09, 0.99, 0.05)
239.41: (0.09, 0.93, 0.35)
239.52: (-0.08, 0.78, 0.62)
239.62: (-0.15, 0.69, 0.71)
239.74: (-0.31, 0.58, 0.75)
239.86: (-0.39, 0.47, 0.79)
239.97: (-0.50, 0.29, 0.81)
240.07: (-0.62, 0.20, 0.75)
240.19: (-0.72, 0.05, 0.69)
240.31: (-0.73, -0.11, 0.68)
240.42: (-0.69, -0.10, 0.71)
240.47: (-0.68, -0.10, 0.73)
240.47: (-0.09, -0.27, -0.96): 1
240.54: (-0.68, -0.11, 0.73)
240.64: (-0.68, -0.12, 0.73)
240.76: (-0.71, 0.05, 0.70)
240.87: (-0.71, 0.05, 0.70)
240.97: (-0.72, 0.01, 0.70)
241.09: (-0.85, -0.10, 0.51)
241.21: (-0.94, 0.04, -0.34)
241.32: (-0.41, 0.23, -0.88)
241.42: (-0.17, 0.23, -0.96)
241.54: (0.00, 0.23, -0.97)
241.66: (0.00, 0.23, -0.97)
241.77: (-0.06, 0.07, -1.00)
241.89: (-0.10, -0.23, -0.97)
242.01: (-0.12, -0.27, -0.96)
242.12: (-0.12, -0.26, -0.96)
242.14: (-0.12, -0.26, -0.96)
242.14: (-0.98, -0.09, 0.15): 0
242.24: (-0.12, -0.25, -0.96)
242.35: (-0.11, -0.24, -0.97)
242.47: (0.22, -0.28, -0.93)
242.59: (0.79, -0.29, -0.55)
242.70: (0.78, -0.23, -0.58)
242.80: (0.26, -0.30, -0.92)
242.92: (-0.61, -0.22, -0.76)
243.04: (-0.98, -0.04, -0.18)
243.15: (-0.98, 0.03, 0.19)
243.27: (-0.90, 0.11, 0.42)
243.39: (-0.94, 0.04, 0.35)
243.50: (-0.97, -0.04, 0.22)
243.59: (-0.98, -0.05, 0.21)
243.59: (-0.50, 0.22, -0.84): 1
243.62: (-0.98, -0.06, 0.21)
243.74: (-0.98, -0.06, 0.21)
243.85: (-0.98, -0.05, 0.21)
243.95: (-0.98, -0.06, 0.17)
244.07: (-0.74, -0.30, -0.60)
244.17: (-0.21, -0.38, -0.90)
244.29: (0.35, -0.26, -0.90)
244.40: (0.56, -0.15, -0.82)
244.52: (0.13, 0.01, -0.99)
244.64: (-0.16, 0.10, -0.98)
244.75: (-0.27, 0.12, -0.95)
244.87: (-0.41, 0.14, -0.90)
244.95: (-0.49, 0.14, -0.86)
END