3/30/2023 4:25:13 PM
Mode: Stereo
White time (s): [1.483078, 0.7665405, 1.399689, 1.549507, 1.249535, 1.449623, 1.816238, 0.799736, 0.6826706, 3.199356, 1.566177, 2.849442, 3.132996, 1.283371, 2.366394, 0.4995575, 1.966263, 0.8996124, 2.949387, 0.6168823, 1.932785, 1.816422, 1.083099, 0.4835358, 2.61586, 1.633362, 1.333374, 0.7001495, 0.8161926, 1.066284]
Shot time (s): [0.3168411, 4.499054, 1.966553, 1.666435, 1.150208, 1.299812, 1.08342, 2.515846, 0.783577, 2.982986, 1.466217, 1.966019, 2.066483, 1.482544, 2.749481, 2.032837, 0.7496185, 0.7165375, 4.415588, 0.7331848, 0.8165741, 1.299896, 0.4662018, 1.233017, 1.616776, 2.649246, 1.349731, 3.915848, 0.5665741, 2.582779]
Step time (s): [2.532829, 1.283073, 0.8333359, 1.882874, 1.4832, 4.715309, 4.998764, 1.466583, 2.366043, 2.099655, 0.7664642, 0.6668549, 2.016281, 3.799667, 1.899704, 0.916748, 2.916199, 1.849426, 1.933136, 1.532654, 1.016647, 1.68277, 0.7497711, 1.599777, 1.349228, 0.6499939, 0.5835114, 1.615982, 4.866043, 1.766022]
White horz (deg): [159.9501, 49.5, 244.05, 216.25, 137.65, 175.65, 216.95, 61.5, 6.900001, 483.0999, 168.55, 403.95, 411.4, 178.4501, 301.05, 17.7, 216.15, 118.95, 302.75, 29.6, 266.35, 211.45, 92.34999, 38.25, 375.5999, 144, 174.05, 61.29999, 39.8, 158.15]
Shot horz (deg): [9.150001, 623.6502, 244.3, 170.9, 130.5, 216.2, 106.85, 307.35, 84.90001, 474.3, 110.25, 163.05, 243.1, 143.2, 334.6501, 160.9, 22.95, 47.84999, 546.1497, 17.6, 36.6, 156.6, 20.7, 186.65, 213.4, 401.45, 165.6, 603.7, 19.45, 332.1]
Step horz (deg): [278.6001, 113.1, 2.2, 239.65, 222.9, 744.6498, 498.7498, 155.4, 285.7999, 291.8, 17.85, 45.75, 258.8999, 464.3501, 224.45, 59.8, 402.7501, 179.45, 194, 151.7, 63.35, 367.65, 52.8, 276.5, 147.15, 53.25, 45.75, 210.15, 656.6501, 136.3]
White vert (deg): [95.79998, 11.95, 72.3, 46.3, 101.9, 28.9, 74.75001, 35.9, 27.85, 166.7, 42.90001, 197.45, 216.45, 90.40002, 69.00001, 15.3, 97.8, 41.69999, 297.9501, 35.9, 88.99999, 189.5, 28.3, 4.799999, 251.05, 89.55001, 53.15001, 56.2, 86.15001, 41.85]
Shot vert (deg): [4.35, 259.6501, 91.6, 60.3, 17.15, 56.65, 34.65, 185.85, 27.85, 101.25, 63.35, 198.85, 87.40003, 62.8, 153.5, 95.4, 50.60001, 29.05, 402.0999, 56.55, 50.59999, 41.60001, 10.25, 55.25, 96.95, 253.9, 75.3, 288.25, 38.10001, 140.85]
Step vert (deg): [152.9, 39.75, 2.5, 83.49999, 41.9, 159.9, 497.0001, 99.90002, 165.1, 70.79999, 25.1, 27.9, 118.3, 354.8, 65.00001, 25.25, 212.3, 38.89999, 84.09999, 113.25, 82.95001, 37.75, 33.15, 49.29999, 44.65001, 28.6, 35.74999, 85.6, 342.75, 215.95]

Time in sec: camera forward versor
Time in sec: target versor: sound type (0 = White, 1 = Shot, 2 = Step)
START
74.54: (-0.97, -0.11, 0.22): 2
74.54: (-0.05, 0.04, 1.00)
74.64: (-0.05, 0.04, 1.00)
74.74: (-0.05, 0.04, 1.00)
74.86: (-0.05, 0.04, 1.00)
74.97: (-0.05, 0.03, 1.00)
75.09: (-0.05, 0.03, 1.00)
75.21: (-0.05, 0.03, 1.00)
75.32: (-0.34, 0.23, 0.91)
75.44: (-0.76, 0.55, 0.35)
75.56: (-0.76, 0.54, 0.36)
75.67: (-0.77, 0.60, 0.23)
75.79: (-0.49, 0.50, -0.71)
75.90: (-0.44, 0.55, -0.71)
76.02: (-0.41, 0.82, -0.40)
76.12: (-0.25, 0.96, -0.15)
76.24: (-0.05, 1.00, 0.01)
76.35: (0.07, 0.93, 0.36)
76.47: (-0.16, 0.74, 0.65)
76.57: (-0.72, 0.58, 0.38)
76.69: (-0.95, 0.20, 0.26)
76.80: (-0.95, -0.09, 0.31)
76.92: (-0.93, -0.11, 0.34)
77.04: (-0.97, -0.07, 0.22)
77.07: (-0.98, -0.07, 0.18)
77.07: (0.96, 0.28, -0.07): 0
77.15: (-0.98, -0.07, 0.18)
77.27: (-0.98, -0.07, 0.18)
77.39: (-0.97, -0.04, 0.22)
77.50: (-0.82, 0.57, 0.10)
77.60: (-0.29, 0.95, -0.09)
77.72: (0.09, 1.00, -0.03)
77.84: (0.54, 0.78, -0.31)
77.95: (0.61, 0.65, -0.46)
78.07: (0.61, 0.65, -0.46)
78.19: (0.82, 0.44, -0.36)
78.29: (0.96, 0.26, -0.07)
78.40: (0.98, 0.21, -0.02)
78.52: (0.96, 0.28, -0.04)
78.55: (0.96, 0.29, -0.06)
78.55: (0.99, 0.06, -0.11): 0
78.64: (0.95, 0.29, -0.06)
78.74: (0.95, 0.29, -0.06)
78.85: (0.95, 0.31, -0.09)
78.97: (0.99, 0.02, -0.13)
79.07: (0.96, -0.23, -0.13)
79.19: (0.98, -0.13, -0.12)
79.30: (0.99, 0.08, -0.11)
79.32: (0.99, 0.08, -0.11)
79.32: (-0.62, -0.50, -0.61): 0
79.42: (0.99, 0.08, -0.11)
79.54: (0.99, 0.07, -0.12)
79.65: (0.99, -0.06, -0.09)
79.77: (0.98, -0.02, 0.18)
79.89: (0.63, 0.71, 0.32)
79.99: (-0.10, 0.98, 0.16)
80.10: (-0.65, 0.75, -0.11)
80.20: (-0.89, 0.08, -0.45)
80.32: (-0.82, -0.02, -0.57)
80.44: (-0.82, -0.05, -0.56)
80.55: (-0.58, -0.51, -0.64)
80.67: (-0.49, -0.64, -0.59)
80.72: (-0.50, -0.63, -0.59)
80.72: (-0.64, -0.43, -0.64): 1
80.77: (-0.50, -0.63, -0.60)
80.89: (-0.56, -0.56, -0.61)
80.99: (-0.58, -0.54, -0.61)
81.04: (-0.60, -0.51, -0.61)
81.04: (0.29, 0.49, 0.82): 0
81.10: (-0.61, -0.50, -0.62)
81.22: (-0.61, -0.50, -0.62)
81.34: (-0.61, -0.50, -0.62)
81.44: (-0.67, -0.34, -0.66)
81.55: (-0.73, 0.22, -0.65)
81.67: (-0.36, 0.82, -0.45)
81.77: (0.00, 0.95, -0.31)
81.89: (0.01, 0.95, -0.31)
81.99: (0.03, 0.96, -0.28)
82.10: (0.49, 0.71, 0.50)
82.22: (0.52, 0.29, 0.80)
82.34: (0.52, 0.29, 0.80)
82.45: (0.40, 0.58, 0.71)
82.57: (0.27, 0.60, 0.76)
82.59: (0.26, 0.60, 0.76)
82.59: (-0.97, 0.01, -0.26): 1
82.67: (0.26, 0.60, 0.76)
82.79: (0.27, 0.60, 0.76)
82.90: (0.27, 0.60, 0.75)
83.02: (0.33, 0.45, 0.83)
83.14: (0.38, 0.50, 0.78)
83.25: (-0.06, 0.97, -0.21)
83.35: (-0.05, 0.95, -0.30)
83.47: (-0.09, 0.88, -0.47)
83.59: (-0.20, 0.48, -0.85)
83.70: (-0.07, 0.63, -0.77)
83.80: (-0.07, 0.70, -0.71)
83.92: (-0.30, 0.16, -0.94)
84.04: (-0.34, -0.33, -0.88)
84.15: (-0.34, -0.29, -0.89)
84.27: (-0.38, -0.66, -0.64)
84.39: (-0.28, -0.86, -0.42)
84.50: (-0.34, -0.80, -0.50)
84.60: (-0.37, -0.78, -0.50)
84.72: (-0.34, -0.81, -0.48)
84.84: (-0.27, -0.93, -0.26)
84.95: (0.05, -0.85, 0.53)
85.05: (0.10, -0.82, 0.56)
85.17: (0.12, -0.80, 0.59)
85.29: (0.25, -0.92, 0.30)
85.39: (-0.21, -0.70, -0.68)
85.49: (-0.44, -0.25, -0.86)
85.59: (-0.44, -0.25, -0.86)
85.70: (-0.44, -0.25, -0.86)
85.82: (0.04, 0.32, -0.95)
85.94: (0.33, 0.44, -0.83)
86.05: (0.32, 0.40, -0.86)
86.17: (0.36, 0.64, -0.68)
86.29: (0.38, 0.82, -0.42)
86.40: (-0.14, 0.96, -0.25)
86.52: (-0.71, 0.49, -0.51)
86.64: (-0.70, 0.48, -0.52)
86.75: (-0.63, 0.49, -0.60)
86.87: (-0.86, 0.16, -0.49)
86.99: (-0.96, 0.02, -0.28)
87.09: (-0.96, 0.06, -0.27)
87.09: (0.28, 0.13, -0.95): 2
87.09: (-0.96, 0.06, -0.27)
87.20: (-0.96, 0.06, -0.27)
87.30: (-0.96, 0.09, -0.27)
87.42: (-0.92, 0.25, -0.30)
87.52: (-0.92, 0.27, -0.29)
87.64: (-0.88, 0.27, -0.38)
87.74: (-0.43, 0.13, -0.89)
87.85: (0.07, 0.04, -1.00)
87.97: (-0.03, 0.11, -0.99)
88.09: (-0.04, 0.09, -1.00)
88.20: (0.15, 0.14, -0.98)
88.32: (0.29, 0.10, -0.95)
88.37: (0.30, 0.10, -0.95)
88.37: (-0.17, -0.59, -0.79): 1
88.42: (0.30, 0.10, -0.95)
88.52: (0.30, 0.10, -0.95)
88.64: (0.28, 0.11, -0.95)
88.75: (0.25, 0.13, -0.96)
88.85: (0.25, 0.13, -0.96)
88.97: (0.16, 0.19, -0.97)
89.07: (-0.44, 0.36, -0.83)
89.19: (-0.75, 0.43, -0.50)
89.30: (-0.75, 0.43, -0.50)
89.42: (-0.77, 0.37, -0.52)
89.54: (-0.56, -0.09, -0.82)
89.65: (0.32, -0.18, -0.93)
89.77: (0.07, 0.01, -1.00)
89.89: (-0.05, -0.09, -0.99)
89.99: (-0.43, -0.31, -0.85)
90.10: (-0.49, -0.49, -0.72)
90.20: (-0.24, -0.54, -0.80)
90.30: (-0.07, -0.59, -0.80)
90.34: (-0.07, -0.60, -0.80)
90.34: (0.96, -0.13, -0.25): 0
90.42: (-0.07, -0.60, -0.80)
90.54: (-0.07, -0.60, -0.80)
90.65: (-0.14, -0.23, -0.96)
90.75: (-0.19, 0.09, -0.98)
90.85: (-0.07, 0.16, -0.98)
90.97: (0.59, 0.38, -0.71)
91.09: (0.89, 0.42, -0.15)
91.20: (0.92, 0.34, 0.18)
91.32: (0.96, 0.22, -0.19)
91.43: (0.97, -0.04, -0.25)
91.54: (0.98, -0.15, -0.17)
91.58: (0.98, -0.15, -0.17)
91.58: (-1.00, -0.05, -0.04): 0
91.64: (0.98, -0.15, -0.17)
91.75: (0.98, -0.14, -0.17)
91.87: (0.96, -0.06, -0.26)
91.99: (0.92, 0.02, -0.39)
92.10: (0.74, 0.17, -0.65)
92.22: (0.74, 0.18, -0.65)
92.33: (0.48, 0.33, -0.81)
92.45: (0.34, 0.32, -0.89)
92.57: (-0.32, 0.36, -0.88)
92.68: (-0.97, 0.10, -0.21)
92.80: (-1.00, 0.02, -0.04)
92.92: (-1.00, 0.02, -0.04)
93.03: (-0.99, -0.09, -0.11)
93.03: (-1.00, -0.03, 0.00): 2
93.03: (-0.99, -0.09, -0.11)
93.15: (-0.99, -0.09, -0.11)
93.27: (-0.99, -0.09, -0.11)
93.38: (-0.99, -0.09, -0.11)
93.48: (-0.99, -0.09, -0.11)
93.60: (-0.99, -0.09, -0.10)
93.72: (-0.99, -0.08, -0.08)
93.83: (-1.00, -0.07, -0.06)
93.87: (-1.00, -0.07, -0.06)
93.87: (0.09, -0.50, -0.86): 0
93.95: (-1.00, -0.07, -0.06)
94.07: (-1.00, -0.07, -0.06)
94.18: (-1.00, -0.06, -0.05)
94.30: (-0.99, -0.03, -0.13)
94.42: (-0.57, 0.28, -0.77)
94.53: (0.15, 0.38, -0.91)
94.65: (0.29, 0.38, -0.88)
94.77: (0.55, 0.39, -0.74)
94.87: (0.59, 0.38, -0.71)
94.98: (0.14, 0.12, -0.98)
95.10: (-0.06, -0.14, -0.99)
95.22: (-0.14, -0.27, -0.95)
95.33: (0.18, -0.37, -0.91)
95.45: (0.29, -0.43, -0.86)
95.57: (0.19, -0.45, -0.87)
95.68: (0.01, -0.48, -0.88)
95.68: (0.77, -0.10, -0.63): 0
95.68: (0.01, -0.48, -0.88)
95.80: (0.01, -0.48, -0.88)
95.90: (0.01, -0.48, -0.88)
96.02: (0.00, -0.35, -0.94)
96.13: (0.63, -0.16, -0.76)
96.25: (0.82, 0.01, -0.57)
96.37: (0.79, -0.05, -0.61)
96.48: (0.77, -0.09, -0.63)
96.48: (-0.94, -0.33, 0.09): 1
96.48: (0.77, -0.09, -0.63)
96.58: (0.77, -0.09, -0.63)
96.68: (0.72, -0.06, -0.70)
96.80: (0.72, -0.06, -0.70)
96.92: (0.72, -0.06, -0.70)
97.03: (0.55, -0.13, -0.83)
97.15: (-0.13, -0.18, -0.98)
97.27: (-0.72, -0.13, -0.68)
97.37: (-0.79, -0.06, -0.60)
97.48: (-0.79, -0.05, -0.61)
97.60: (-0.90, -0.15, -0.41)
97.72: (-0.94, -0.29, 0.19)
97.82: (-0.89, -0.34, 0.30)
97.93: (-0.89, -0.34, 0.30)
98.05: (-0.90, -0.34, 0.26)
98.15: (-0.94, -0.34, 0.07)
98.15: (0.93, -0.36, -0.12): 2
98.15: (-0.94, -0.34, 0.07)
98.25: (-0.94, -0.34, 0.07)
98.37: (-0.94, -0.33, 0.07)
98.48: (-0.97, -0.23, 0.05)
98.60: (-0.97, -0.23, 0.05)
98.72: (-0.97, -0.23, 0.05)
98.83: (-0.98, -0.19, 0.06)
98.93: (-0.78, -0.24, -0.57)
99.05: (0.03, -0.16, -0.99)
99.17: (-0.06, -0.13, -0.99)
99.28: (-0.13, -0.20, -0.97)
99.40: (0.78, -0.02, -0.63)
99.50: (0.91, 0.06, -0.41)
99.62: (0.82, 0.06, -0.57)
99.73: (0.80, -0.20, -0.56)
99.85: (0.90, -0.36, -0.24)
99.97: (0.92, -0.34, -0.19)
100.03: (0.92, -0.34, -0.19)
100.03: (-0.85, 0.18, 0.50): 2
100.07: (0.92, -0.34, -0.19)
100.17: (0.92, -0.34, -0.18)
100.28: (0.93, -0.31, -0.21)
100.40: (0.84, -0.26, -0.47)
100.52: (0.96, -0.21, -0.19)
100.62: (0.91, 0.01, 0.42)
100.73: (0.78, 0.11, 0.62)
100.85: (-0.38, 0.39, 0.84)
100.97: (-0.33, 0.48, 0.81)
101.08: (-0.33, 0.48, 0.81)
101.18: (-0.71, 0.33, 0.62)
101.30: (-0.89, 0.21, 0.41)
101.40: (-0.87, 0.24, 0.44)
101.52: (-0.82, 0.24, 0.52)
101.52: (0.75, 0.22, 0.62): 1
101.52: (-0.82, 0.24, 0.52)
101.62: (-0.82, 0.24, 0.52)
101.72: (-0.81, 0.28, 0.52)
101.83: (-0.81, 0.28, 0.52)
101.93: (-0.81, 0.28, 0.52)
102.03: (-0.77, 0.30, 0.56)
102.15: (0.30, 0.38, 0.88)
102.27: (0.35, 0.34, 0.87)
102.38: (0.30, 0.35, 0.89)
102.50: (0.60, 0.25, 0.76)
102.62: (0.83, 0.14, 0.53)
102.67: (0.83, 0.14, 0.54)
102.67: (0.78, -0.25, 0.58): 0
102.72: (0.83, 0.14, 0.54)
102.83: (0.83, 0.14, 0.54)
102.95: (0.83, 0.14, 0.54)
103.07: (0.76, -0.09, 0.64)
103.18: (0.71, -0.27, 0.65)
103.30: (0.73, -0.25, 0.63)
103.35: (0.74, -0.24, 0.62)
103.35: (0.33, 0.60, 0.73): 1
103.42: (0.74, -0.24, 0.62)
103.53: (0.75, -0.23, 0.62)
103.63: (0.76, -0.21, 0.61)
103.75: (0.64, -0.12, 0.76)
103.85: (0.16, 0.20, 0.97)
103.97: (-0.86, 0.43, 0.27)
104.08: (-0.88, 0.42, 0.21)
104.18: (-0.56, 0.66, 0.49)
104.30: (-0.01, 0.58, 0.82)
104.40: (0.03, 0.57, 0.82)
104.52: (0.08, 0.62, 0.78)
104.63: (0.31, 0.64, 0.70)
104.65: (0.32, 0.65, 0.69)
104.65: (-0.39, -0.90, 0.19): 0
104.75: (0.30, 0.65, 0.69)
104.87: (0.30, 0.66, 0.69)
104.97: (0.17, 0.68, 0.71)
105.08: (-0.33, 0.78, 0.53)
105.20: (-0.90, 0.37, -0.22)
105.32: (-0.87, 0.47, -0.14)
105.42: (-0.87, 0.47, -0.14)
105.53: (-0.91, 0.25, -0.34)
105.65: (-0.43, -0.43, -0.79)
105.75: (-0.45, -0.40, -0.80)
105.87: (-0.40, -0.47, -0.79)
105.98: (0.17, -0.71, -0.68)
106.08: (0.34, -0.70, -0.63)
106.20: (0.34, -0.70, -0.63)
106.32: (0.53, -0.72, -0.44)
106.43: (0.36, -0.41, -0.84)
106.55: (-0.14, -0.12, -0.98)
106.67: (-0.07, -0.14, -0.99)
106.78: (-0.14, -0.13, -0.98)
106.88: (-0.33, -0.22, -0.92)
107.00: (-0.19, -0.79, -0.58)
107.12: (0.00, -0.93, -0.37)
107.23: (0.65, -0.70, -0.28)
107.35: (0.69, -0.67, -0.29)
107.45: (0.15, -0.98, -0.16)
107.57: (-0.20, -0.98, -0.04)
107.68: (-0.26, -0.97, 0.01)
107.80: (-0.33, -0.93, 0.15)
107.85: (-0.35, -0.92, 0.17)
107.85: (-0.96, 0.02, -0.27): 1
107.92: (-0.34, -0.92, 0.17)
108.03: (-0.33, -0.93, 0.15)
108.13: (-0.31, -0.95, 0.06)
108.25: (-0.31, -0.95, 0.06)
108.37: (-0.54, -0.83, 0.09)
108.48: (-0.97, 0.26, 0.02)
108.60: (-0.96, 0.28, 0.01)
108.71: (-0.98, 0.20, -0.06)
108.83: (-0.94, 0.07, -0.34)
108.93: (-0.94, 0.02, -0.33)
108.93: (0.26, 0.51, -0.82): 1
108.93: (-0.94, 0.02, -0.33)
109.05: (-0.94, 0.03, -0.33)
109.17: (-0.94, 0.03, -0.33)
109.27: (-0.94, 0.05, -0.33)
109.38: (-0.86, 0.39, -0.32)
109.50: (-0.86, 0.40, -0.32)
109.61: (-0.13, 0.97, -0.22)
109.73: (-0.03, 0.98, -0.22)
109.85: (-0.03, 0.98, -0.21)
109.96: (0.75, 0.66, 0.10)
110.08: (0.79, 0.60, 0.13)
110.18: (0.79, 0.59, 0.13)
110.30: (0.84, 0.45, 0.30)
110.41: (0.39, 0.79, 0.47)
110.53: (0.00, 0.91, 0.42)
110.65: (-0.40, 0.90, 0.18)
110.76: (-0.38, 0.92, 0.04)
110.88: (-0.09, 0.96, -0.27)
111.00: (0.70, 0.62, -0.36)
111.11: (0.84, 0.36, -0.42)
111.23: (0.65, 0.50, -0.58)
111.33: (0.25, 0.60, -0.76)
111.45: (0.24, 0.60, -0.76)
111.45: (0.79, 0.39, -0.48): 1
111.45: (0.24, 0.60, -0.76)
111.56: (0.24, 0.60, -0.76)
111.66: (0.25, 0.60, -0.76)
111.78: (0.57, 0.70, -0.44)
111.90: (0.89, 0.46, -0.07)
112.00: (0.88, 0.39, -0.27)
112.11: (0.79, 0.37, -0.48)
112.21: (0.74, 0.40, -0.54)
112.23: (0.74, 0.40, -0.54)
112.23: (-0.48, 0.87, 0.09): 2
112.33: (0.74, 0.40, -0.54)
112.45: (0.74, 0.41, -0.53)
112.56: (0.86, 0.46, -0.23)
112.66: (0.89, 0.45, -0.11)
112.78: (0.89, 0.45, -0.11)
112.88: (0.85, 0.51, -0.12)
113.00: (0.44, 0.57, -0.69)
113.11: (0.22, 0.52, -0.82)
113.23: (0.49, 0.59, -0.65)
113.33: (0.37, 0.64, -0.67)
113.45: (-0.11, 0.45, -0.89)
113.56: (-0.11, 0.42, -0.90)
113.66: (-0.10, 0.43, -0.90)
113.78: (-0.45, 0.22, -0.87)
113.90: (-0.83, -0.44, -0.34)
114.01: (-0.80, -0.50, -0.33)
114.11: (-0.80, -0.50, -0.33)
114.23: (-0.81, -0.57, -0.13)
114.35: (-0.54, -0.74, 0.41)
114.45: (-0.52, -0.70, 0.48)
114.56: (-0.79, -0.59, 0.15)
114.68: (-0.85, -0.09, -0.52)
114.80: (-0.84, 0.14, -0.52)
114.90: (-0.86, 0.16, -0.48)
115.00: (-0.94, 0.13, -0.32)
115.11: (-0.79, -0.45, 0.42)
115.23: (-0.29, -0.60, 0.75)
115.35: (0.32, -0.58, 0.75)
115.46: (0.64, -0.48, 0.60)
115.56: (0.82, -0.47, 0.32)
115.68: (0.99, 0.00, -0.16)
115.80: (0.76, 0.47, -0.46)
115.91: (0.76, 0.45, -0.47)
116.01: (0.76, 0.45, -0.47)
116.11: (0.76, 0.45, -0.47)
116.23: (0.49, 0.67, -0.56)
116.35: (-0.16, 0.83, -0.53)
116.46: (-0.40, 0.82, -0.42)
116.58: (-0.58, 0.76, -0.30)
116.68: (-0.49, 0.86, -0.17)
116.80: (-0.41, 0.91, -0.02)
116.91: (-0.44, 0.90, 0.06)
116.95: (-0.44, 0.89, 0.07)
116.95: (0.54, 0.78, 0.31): 1
117.03: (-0.45, 0.89, 0.07)
117.13: (-0.43, 0.90, 0.02)
117.25: (-0.43, 0.90, 0.02)
117.36: (-0.43, 0.90, 0.02)
117.48: (0.01, 0.98, -0.17)
117.60: (0.67, 0.63, -0.40)
117.71: (0.64, 0.66, -0.39)
117.83: (0.74, 0.52, -0.43)
117.93: (0.89, -0.20, -0.41)
118.05: (0.86, -0.32, -0.40)
118.15: (0.88, -0.20, -0.43)
118.26: (0.60, -0.76, -0.26)
118.38: (-0.02, -0.99, 0.10)
118.48: (0.08, -1.00, 0.03)
118.60: (0.02, -0.99, 0.10)
118.71: (-0.77, -0.27, 0.58)
118.81: (-0.81, -0.04, 0.59)
118.93: (-0.79, -0.15, 0.60)
119.05: (-0.80, 0.39, 0.45)
119.15: (-0.30, 0.95, 0.04)
119.26: (-0.24, 0.97, 0.02)
119.36: (-0.31, 0.95, 0.08)
119.48: (0.12, 0.99, 0.10)
119.58: (0.45, 0.83, 0.32)
119.68: (0.56, 0.68, 0.47)
119.80: (0.59, 0.65, 0.48)
119.91: (0.58, 0.75, 0.32)
119.93: (0.58, 0.76, 0.30)
119.93: (0.19, -0.85, -0.49): 0
120.03: (0.58, 0.76, 0.29)
120.13: (0.57, 0.77, 0.30)
120.25: (0.53, 0.81, 0.26)
120.35: (0.53, 0.81, 0.26)
120.46: (0.63, 0.77, 0.12)
120.58: (0.79, 0.13, -0.60)
120.68: (0.80, 0.14, -0.59)
120.80: (0.79, 0.19, -0.58)
120.91: (0.44, -0.46, -0.77)
121.03: (0.06, -0.72, -0.69)
121.13: (0.06, -0.72, -0.69)
121.25: (0.13, -0.73, -0.67)
121.36: (0.27, -0.83, -0.49)
121.48: (0.26, -0.85, -0.46)
121.50: (0.26, -0.85, -0.46)
121.50: (-0.78, 0.51, -0.37): 0
121.60: (0.26, -0.85, -0.46)
121.70: (0.26, -0.85, -0.46)
121.81: (-0.17, -0.93, -0.34)
121.93: (-0.62, -0.78, 0.03)
122.05: (-0.60, -0.80, -0.01)
122.16: (-0.61, -0.79, 0.01)
122.28: (-0.79, 0.01, 0.61)
122.40: (-0.69, 0.21, 0.69)
122.51: (-0.69, 0.19, 0.70)
122.63: (-0.14, 0.78, 0.61)
122.75: (0.26, 0.87, 0.42)
122.86: (0.03, 0.84, 0.54)
122.98: (0.07, 0.74, 0.67)
123.10: (0.15, 0.15, 0.98)
123.21: (0.09, -0.13, 0.99)
123.33: (-0.19, -0.15, 0.97)
123.43: (-0.43, 0.48, 0.77)
123.55: (-0.58, 0.80, 0.19)
123.66: (-0.91, 0.36, -0.22)
123.78: (-0.94, 0.16, -0.29)
123.90: (-0.82, 0.48, -0.31)
124.01: (-0.67, 0.68, -0.30)
124.11: (-0.67, 0.68, -0.30)
124.23: (-0.68, 0.67, -0.31)
124.35: (-0.78, 0.51, -0.36)
124.35: (-0.72, -0.52, 0.46): 1
124.35: (-0.78, 0.51, -0.36)
124.46: (-0.78, 0.51, -0.36)
124.56: (-0.76, 0.54, -0.35)
124.68: (-0.75, 0.56, -0.35)
124.80: (-0.75, 0.57, -0.35)
124.91: (-0.91, 0.18, -0.37)
125.03: (-0.72, -0.66, -0.23)
125.15: (-0.54, -0.83, -0.10)
125.26: (-0.57, -0.81, -0.12)
125.38: (-0.57, -0.81, -0.12)
125.49: (-0.61, -0.75, 0.24)
125.59: (-0.68, -0.58, 0.46)
125.71: (-0.71, -0.54, 0.46)
125.81: (-0.71, -0.54, 0.45)
125.81: (0.41, -0.17, -0.90): 0
125.83: (-0.71, -0.54, 0.45)
125.94: (-0.71, -0.54, 0.45)
126.06: (-0.74, -0.53, 0.41)
126.18: (-0.95, -0.17, 0.26)
126.29: (-0.82, 0.55, -0.16)
126.41: (-0.87, 0.47, -0.14)
126.53: (-0.87, 0.47, -0.14)
126.64: (-0.75, 0.65, -0.13)
126.76: (0.04, 0.96, -0.27)
126.88: (0.49, 0.81, -0.32)
126.99: (0.37, 0.87, -0.33)
127.09: (0.46, 0.83, -0.31)
127.19: (0.94, 0.26, -0.23)
127.31: (0.98, 0.02, -0.18)
127.41: (0.98, 0.07, -0.19)
127.53: (0.98, 0.13, -0.13)
127.64: (0.90, 0.25, 0.35)
127.76: (0.83, 0.18, 0.52)
127.88: (0.78, 0.05, 0.63)
127.99: (0.59, -0.26, 0.76)
128.11: (0.42, -0.52, 0.74)
128.23: (0.80, -0.58, 0.14)
128.33: (0.77, -0.47, -0.43)
128.44: (0.17, -0.56, -0.81)
128.56: (0.11, -0.55, -0.83)
128.66: (0.11, -0.55, -0.83)
128.78: (0.35, -0.32, -0.88)
128.89: (0.49, -0.16, -0.86)
128.94: (0.49, -0.16, -0.86)
128.94: (-0.93, 0.20, -0.31): 1
129.01: (0.49, -0.16, -0.86)
129.13: (0.49, -0.16, -0.86)
129.23: (0.33, -0.28, -0.90)
129.34: (-0.40, -0.55, -0.73)
129.46: (-0.79, -0.57, -0.20)
129.56: (-0.77, -0.59, -0.24)
129.68: (-0.73, -0.66, -0.19)
129.79: (-0.75, -0.62, 0.24)
129.91: (-0.45, -0.67, 0.59)
130.03: (-0.16, -0.77, 0.62)
130.14: (-0.03, -0.74, 0.67)
130.26: (-0.29, -0.68, 0.68)
130.38: (-0.93, -0.32, 0.17)
130.49: (-0.99, -0.14, -0.08)
130.59: (-0.98, -0.11, -0.14)
130.71: (-0.98, -0.02, -0.19)
130.83: (-0.91, 0.29, -0.29)
130.91: (-0.90, 0.30, -0.31)
130.91: (0.60, 0.67, -0.43): 1
130.94: (-0.90, 0.30, -0.31)
131.06: (-0.90, 0.30, -0.31)
131.18: (-0.96, 0.20, -0.19)
131.29: (-0.97, -0.18, 0.15)
131.39: (-0.97, -0.18, 0.14)
131.51: (-0.97, -0.18, 0.14)
131.63: (-0.94, -0.29, 0.17)
131.74: (-0.81, -0.55, 0.23)
131.86: (-0.66, 0.11, 0.75)
131.96: (-0.23, 0.60, 0.77)
132.06: (-0.28, 0.57, 0.77)
132.18: (-0.28, 0.57, 0.77)
132.29: (0.34, 0.84, 0.42)
132.39: (0.61, 0.79, 0.00)
132.51: (0.50, 0.86, 0.12)
132.61: (0.48, 0.86, 0.14)
132.73: (0.63, 0.71, -0.33)
132.84: (0.59, 0.66, -0.48)
132.96: (0.58, 0.66, -0.47)
132.98: (0.58, 0.67, -0.46)
132.98: (0.69, 0.53, 0.49): 2
133.08: (0.58, 0.67, -0.46)
133.18: (0.58, 0.68, -0.45)
133.28: (0.56, 0.70, -0.44)
133.39: (0.56, 0.70, -0.44)
133.49: (0.57, 0.70, -0.44)
133.59: (0.58, 0.70, -0.42)
133.71: (0.44, 0.89, -0.14)
133.83: (-0.30, 0.52, 0.80)
133.94: (-0.41, 0.34, 0.85)
134.04: (-0.41, 0.34, 0.85)
134.16: (-0.42, 0.28, 0.86)
134.28: (-0.59, -0.17, 0.79)
134.39: (-0.56, -0.75, 0.35)
134.51: (-0.36, -0.91, -0.21)
134.61: (-0.36, -0.91, -0.21)
134.73: (-0.34, -0.92, -0.21)
134.84: (-0.51, -0.57, -0.64)
134.94: (-0.71, -0.14, -0.69)
135.06: (-0.74, 0.05, -0.67)
135.18: (-0.56, 0.11, -0.82)
135.29: (-0.20, -0.04, -0.98)
135.41: (0.12, -0.79, -0.60)
135.53: (0.21, -0.98, -0.01)
135.64: (0.21, -0.95, 0.22)
135.76: (0.56, -0.82, 0.12)
135.88: (0.94, -0.32, -0.09)
135.98: (0.97, 0.00, -0.23)
136.09: (0.87, 0.40, -0.30)
136.21: (0.61, 0.70, -0.37)
136.31: (0.35, 0.71, -0.62)
136.43: (0.31, 0.63, -0.71)
136.54: (0.09, 0.09, -0.99)
136.66: (-0.16, -0.19, -0.97)
136.78: (-0.14, -0.14, -0.98)
136.88: (0.24, 0.35, -0.91)
136.99: (0.39, 0.76, -0.52)
137.09: (0.50, 0.75, -0.42)
137.21: (0.50, 0.75, -0.42)
137.33: (0.50, 0.75, -0.42)
137.44: (0.59, 0.81, 0.00)
137.56: (0.60, 0.52, 0.61)
137.68: (0.64, 0.24, 0.73)
137.79: (0.69, 0.43, 0.58)
137.91: (0.70, 0.53, 0.47)
137.98: (0.70, 0.53, 0.47)
137.98: (-0.74, 0.28, -0.61): 2
138.03: (0.70, 0.53, 0.47)
138.14: (0.70, 0.53, 0.47)
138.26: (0.56, 0.71, 0.43)
138.38: (0.42, 0.83, 0.36)
138.49: (0.41, 0.90, 0.13)
138.59: (0.19, 0.95, -0.26)
138.71: (-0.89, 0.45, -0.02)
138.83: (-0.93, 0.35, -0.04)
138.94: (-0.92, 0.40, -0.06)
139.06: (-0.92, 0.39, -0.06)
139.18: (-0.90, 0.30, -0.32)
139.29: (-0.74, 0.25, -0.62)
139.39: (-0.74, 0.24, -0.62)
139.44: (-0.74, 0.24, -0.62)
139.44: (-0.77, -0.63, -0.14): 0
139.51: (-0.74, 0.24, -0.62)
139.61: (-0.74, 0.24, -0.62)
139.71: (-0.75, 0.25, -0.62)
139.83: (-0.94, 0.28, -0.19)
139.94: (-0.82, -0.43, 0.38)
140.04: (-0.23, -0.85, 0.47)
140.16: (0.08, -0.88, 0.47)
140.28: (-0.28, -0.95, 0.16)
140.38: (-0.66, -0.75, -0.02)
140.49: (-0.79, -0.61, -0.06)
140.59: (-0.80, -0.60, -0.06)
140.71: (-0.77, -0.62, -0.12)
140.73: (-0.77, -0.62, -0.12)
140.73: (-0.95, 0.32, -0.08): 1
140.83: (-0.77, -0.62, -0.12)
140.94: (-0.79, -0.60, -0.10)
141.04: (-0.80, -0.59, -0.10)
141.16: (-0.81, -0.58, -0.05)
141.28: (-0.78, -0.61, 0.17)
141.39: (-0.79, 0.52, 0.33)
141.51: (-0.48, 0.85, 0.22)
141.63: (-0.48, 0.85, 0.22)
141.74: (-0.67, 0.74, 0.11)
141.86: (-0.91, 0.42, -0.04)
141.97: (-0.92, 0.40, -0.03)
142.07: (-0.92, 0.40, -0.03)
142.17: (-0.92, 0.39, -0.03)
142.21: (-0.92, 0.39, -0.03)
142.21: (-0.42, -0.08, -0.90): 1
142.29: (-0.92, 0.39, -0.03)
142.41: (-0.88, 0.47, -0.08)
142.51: (-0.88, 0.48, -0.07)
142.62: (-0.84, 0.53, 0.01)
142.74: (-0.82, 0.54, 0.19)
142.86: (-0.56, 0.80, 0.21)
142.96: (0.18, 0.97, -0.14)
143.07: (0.36, 0.90, -0.27)
143.19: (0.36, 0.90, -0.27)
143.31: (0.52, 0.85, -0.07)
143.41: (0.79, 0.51, 0.33)
143.52: (0.99, 0.09, 0.11)
143.62: (0.95, -0.13, -0.28)
143.74: (0.95, -0.11, -0.30)
143.86: (0.95, -0.11, -0.30)
143.97: (0.66, -0.49, -0.57)
144.07: (-0.24, -0.70, -0.67)
144.19: (-0.25, -0.71, -0.66)
144.31: (-0.24, -0.71, -0.66)
144.41: (-0.46, -0.61, -0.64)
144.52: (-0.46, -0.55, -0.69)
144.64: (-0.77, -0.34, -0.54)
144.74: (-0.67, -0.20, -0.72)
144.86: (-0.39, -0.05, -0.92)
144.96: (-0.33, -0.06, -0.94)
144.96: (-0.39, 0.80, 0.46): 0
144.97: (-0.33, -0.06, -0.94)
145.09: (-0.33, -0.06, -0.94)
145.19: (-0.33, -0.06, -0.94)
145.31: (-0.35, -0.04, -0.93)
145.42: (-0.35, -0.04, -0.93)
145.52: (-0.78, 0.05, -0.62)
145.64: (-0.98, 0.17, -0.11)
145.76: (-0.97, 0.17, -0.18)
145.87: (-0.99, 0.14, -0.05)
145.99: (-0.71, 0.22, 0.67)
146.11: (-0.73, 0.23, 0.64)
146.21: (-0.74, 0.23, 0.63)
146.32: (-0.51, 0.20, 0.83)
146.42: (-0.05, 0.19, 0.98)
146.52: (0.25, 0.15, 0.96)
146.64: (0.31, 0.15, 0.94)
146.76: (-0.22, 0.23, 0.95)
146.87: (-0.59, 0.32, 0.74)
146.99: (-0.64, 0.59, 0.49)
147.09: (-0.62, 0.72, 0.32)
147.21: (-0.50, 0.79, 0.35)
147.32: (-0.26, 0.82, 0.50)
147.32: (0.24, 0.44, -0.86): 2
147.32: (-0.26, 0.82, 0.50)
147.42: (-0.26, 0.83, 0.50)
147.54: (-0.32, 0.81, 0.50)
147.66: (-0.45, 0.70, 0.55)
147.77: (-0.61, 0.47, 0.64)
147.89: (-0.66, 0.31, 0.69)
148.01: (-0.92, 0.25, 0.31)
148.12: (-0.78, -0.06, -0.63)
148.22: (-0.72, -0.18, -0.67)
148.34: (-0.72, -0.39, -0.58)
148.46: (-0.72, -0.62, -0.31)
148.57: (-0.72, -0.65, -0.25)
148.69: (-0.03, -0.58, -0.81)
148.81: (0.63, -0.14, -0.76)
148.91: (0.52, -0.14, -0.84)
149.02: (0.52, -0.14, -0.84)
149.14: (0.45, -0.30, -0.84)
149.24: (0.71, -0.03, -0.70)
149.36: (0.46, 0.27, -0.85)
149.47: (0.18, 0.36, -0.92)
149.59: (0.15, 0.39, -0.91)
149.69: (0.24, 0.42, -0.88)
149.69: (-1.00, 0.02, 0.00): 2
149.71: (0.24, 0.42, -0.88)
149.81: (0.24, 0.42, -0.88)
149.91: (0.23, 0.42, -0.88)
150.02: (0.29, 0.40, -0.87)
150.14: (0.62, 0.48, -0.62)
150.26: (0.72, 0.58, -0.38)
150.36: (0.74, 0.59, -0.33)
150.47: (0.31, 0.14, -0.94)
150.57: (-0.35, -0.42, -0.84)
150.69: (-0.30, -0.44, -0.85)
150.81: (-0.27, -0.40, -0.88)
150.92: (-0.39, -0.48, -0.79)
151.04: (-0.77, -0.58, -0.27)
151.14: (-0.76, -0.45, 0.47)
151.26: (-0.78, -0.48, 0.40)
151.37: (-0.78, -0.48, 0.40)
151.47: (-0.90, -0.39, 0.19)
151.59: (-0.99, -0.11, 0.05)
151.71: (-1.00, -0.03, 0.06)
151.79: (-1.00, 0.03, 0.00)
151.79: (-0.97, -0.10, 0.22): 2
151.82: (-1.00, 0.03, 0.00)
151.94: (-1.00, -0.01, -0.01)
152.06: (-0.97, -0.24, -0.03)
152.17: (-0.98, -0.21, 0.07)
152.29: (-0.98, -0.11, 0.14)
152.41: (-0.98, -0.09, 0.15)
152.52: (-0.99, -0.08, 0.15)
152.56: (-0.99, -0.08, 0.15)
152.56: (-0.64, 0.36, 0.68): 2
152.62: (-0.99, -0.08, 0.15)
152.74: (-0.98, -0.12, 0.16)
152.86: (-0.95, -0.12, 0.28)
152.97: (-0.81, 0.17, 0.56)
153.09: (-0.67, 0.33, 0.66)
153.19: (-0.60, 0.39, 0.70)
153.22: (-0.60, 0.39, 0.70)
153.22: (0.93, -0.33, 0.18): 1
153.31: (-0.60, 0.39, 0.70)
153.42: (-0.68, 0.27, 0.68)
153.54: (-0.70, 0.24, 0.67)
153.64: (-0.70, 0.24, 0.67)
153.76: (-0.69, 0.23, 0.69)
153.87: (-0.28, 0.28, 0.92)
153.99: (0.22, 0.27, 0.94)
154.11: (0.18, 0.27, 0.94)
154.21: (0.22, 0.27, 0.94)
154.32: (0.60, 0.33, 0.73)
154.44: (0.76, 0.46, 0.45)
154.54: (0.78, 0.55, 0.30)
154.66: (0.87, 0.49, 0.09)
154.77: (0.95, 0.04, 0.31)
154.89: (0.93, -0.16, 0.33)
154.99: (0.93, -0.16, 0.33)
155.09: (0.94, -0.26, 0.23)
155.21: (0.92, -0.38, 0.10)
155.26: (0.91, -0.39, 0.10)
155.26: (0.97, -0.11, 0.23): 0
155.32: (0.91, -0.39, 0.10)
155.44: (0.91, -0.39, 0.10)
155.56: (0.93, -0.32, 0.18)
155.67: (0.96, -0.04, 0.26)
155.76: (0.96, -0.02, 0.26)
155.76: (0.00, 1.00, 0.00): 2
155.79: (0.96, -0.02, 0.26)
155.91: (0.97, -0.03, 0.25)
156.02: (0.98, -0.05, 0.21)
156.14: (1.00, 0.03, 0.06)
156.26: (0.96, -0.05, -0.27)
156.37: (0.97, -0.06, -0.24)
156.47: (0.95, 0.13, 0.29)
156.59: (0.44, 0.32, 0.84)
156.71: (0.14, 0.30, 0.94)
156.82: (-0.13, 0.27, 0.95)
156.94: (-0.64, 0.24, 0.73)
157.04: (-0.87, 0.24, 0.44)
157.16: (-0.88, 0.44, 0.19)
157.27: (-0.66, 0.75, 0.03)
157.39: (-0.22, 0.96, 0.19)
157.51: (0.00, 0.96, 0.27)
157.62: (-0.03, 0.98, 0.20)
157.74: (-0.12, 0.99, -0.07)
157.77: (-0.11, 0.99, -0.07)
157.77: (1.00, 0.04, -0.08): 0
157.86: (-0.11, 0.99, -0.06)
157.96: (-0.11, 0.99, -0.06)
158.07: (-0.05, 1.00, 0.02)
158.19: (-0.05, 1.00, 0.02)
158.31: (0.10, 0.89, 0.45)
158.42: (0.42, 0.21, 0.88)
158.54: (0.39, 0.31, 0.87)
158.64: (0.38, 0.30, 0.88)
158.75: (0.38, -0.32, 0.87)
158.85: (0.37, -0.69, 0.63)
158.97: (0.37, -0.68, 0.63)
159.09: (0.41, -0.60, 0.68)
159.20: (0.80, -0.06, 0.60)
159.30: (0.93, 0.17, 0.34)
159.42: (0.98, 0.21, 0.07)
159.52: (0.98, 0.19, 0.06)
159.64: (1.00, 0.05, 0.06)
159.74: (1.00, -0.07, -0.06)
159.74: (-0.92, 0.22, -0.32): 2
159.75: (1.00, -0.07, -0.06)
159.87: (1.00, -0.08, -0.05)
159.99: (0.99, -0.11, 0.02)
160.09: (0.99, -0.11, 0.02)
160.19: (0.99, -0.11, 0.02)
160.29: (0.99, -0.11, 0.02)
160.40: (0.99, -0.11, 0.02)
160.52: (0.85, -0.09, 0.52)
160.62: (0.43, -0.06, 0.90)
160.74: (0.00, -0.07, 1.00)
160.85: (-0.23, -0.14, 0.96)
160.97: (-0.58, -0.23, 0.78)
161.09: (-0.69, 0.27, 0.67)
161.20: (-0.37, 0.80, 0.47)
161.30: (0.08, 0.93, 0.37)
161.42: (0.72, 0.63, 0.29)
161.52: (0.84, 0.48, 0.23)
161.64: (0.80, 0.48, 0.34)
161.75: (0.25, 0.52, 0.82)
161.87: (-0.70, -0.03, 0.71)
161.99: (-0.86, -0.17, 0.48)
162.10: (-0.86, -0.41, 0.28)
162.22: (-0.33, -0.95, -0.02)
162.32: (-0.17, -0.94, -0.31)
162.42: (-0.19, -0.94, -0.28)
162.54: (-0.19, -0.94, -0.29)
162.65: (-0.55, -0.67, -0.49)
162.77: (-0.80, -0.24, -0.55)
162.87: (-0.63, 0.02, -0.78)
162.99: (-0.54, 0.04, -0.84)
163.09: (-0.61, 0.02, -0.80)
163.20: (-0.94, 0.01, -0.34)
163.32: (-0.99, 0.05, -0.11)
163.42: (-0.96, 0.15, -0.24)
163.54: (-0.90, 0.23, -0.38)
163.54: (-0.57, -0.31, -0.76): 0
163.54: (-0.90, 0.23, -0.38)
163.65: (-0.90, 0.23, -0.38)
163.75: (-0.90, 0.23, -0.38)
163.85: (-0.88, 0.12, -0.46)
163.97: (-0.41, 0.00, -0.91)
164.09: (0.05, 0.11, -0.99)
164.20: (-0.42, -0.15, -0.90)
164.32: (-0.64, -0.33, -0.69)
164.44: (-0.66, -0.33, -0.68)
164.44: (0.98, -0.02, 0.17): 2
164.44: (-0.66, -0.33, -0.68)
164.54: (-0.62, -0.31, -0.72)
164.65: (-0.62, -0.31, -0.72)
164.75: (-0.61, -0.31, -0.73)
164.87: (-0.40, -0.34, -0.85)
164.97: (-0.19, -0.35, -0.92)
165.09: (-0.28, -0.41, -0.87)
165.20: (-0.22, -0.30, -0.93)
165.30: (0.60, 0.27, -0.76)
165.42: (0.40, 0.08, -0.91)
165.54: (0.40, 0.08, -0.91)
165.65: (0.71, 0.26, -0.66)
165.77: (0.90, 0.38, -0.19)
165.89: (0.90, 0.37, -0.24)
166.00: (0.93, 0.34, -0.13)
166.10: (0.98, 0.02, 0.17)
166.22: (0.98, -0.10, 0.19)
166.32: (0.98, -0.10, 0.18)
166.34: (0.98, -0.10, 0.18)
166.34: (0.78, 0.42, 0.47): 1
166.42: (0.98, -0.10, 0.18)
166.54: (0.98, -0.10, 0.19)
166.65: (0.97, 0.10, 0.23)
166.77: (0.76, 0.54, 0.37)
166.89: (0.70, 0.58, 0.41)
167.00: (0.76, 0.46, 0.46)
167.09: (0.77, 0.43, 0.47)
167.09: (1.00, 0.05, -0.07): 2
167.10: (0.77, 0.43, 0.47)
167.22: (0.76, 0.44, 0.47)
167.34: (0.79, 0.41, 0.46)
167.44: (0.79, 0.41, 0.46)
167.55: (0.91, 0.28, 0.32)
167.67: (0.98, 0.03, -0.20)
167.79: (0.96, -0.01, -0.28)
167.89: (0.97, -0.01, -0.23)
168.00: (1.00, 0.01, -0.08)
168.00: (-0.54, 0.79, -0.29): 0
168.00: (1.00, 0.01, -0.08)
168.12: (1.00, 0.01, -0.08)
168.22: (1.00, 0.00, -0.06)
168.34: (1.00, 0.02, 0.00)
168.45: (0.92, 0.17, 0.36)
168.55: (0.97, 0.13, -0.18)
168.67: (0.43, 0.12, -0.89)
168.79: (0.30, 0.32, -0.90)
168.90: (0.02, 0.49, -0.87)
169.02: (-0.58, 0.03, -0.81)
169.14: (-0.63, -0.33, -0.71)
169.24: (-0.40, -0.26, -0.88)
169.35: (-0.40, -0.26, -0.88)
169.45: (-0.32, -0.14, -0.94)
169.57: (0.14, -0.05, -0.99)
169.69: (0.46, -0.12, -0.88)
169.80: (0.68, -0.32, -0.66)
169.92: (0.71, -0.44, -0.55)
170.02: (0.87, -0.40, -0.31)
170.14: (0.89, -0.41, -0.19)
170.25: (0.76, -0.09, -0.64)
170.37: (0.27, 0.29, -0.92)
170.49: (-0.03, 0.53, -0.85)
170.59: (-0.26, 0.68, -0.69)
170.69: (-0.43, 0.75, -0.49)
170.80: (-0.54, 0.77, -0.34)
170.92: (-0.55, 0.77, -0.32)
170.95: (-0.55, 0.77, -0.32)
170.95: (-0.83, 0.02, -0.56): 1
171.04: (-0.56, 0.77, -0.32)
171.15: (-0.52, 0.78, -0.34)
171.25: (-0.43, 0.79, -0.43)
171.37: (-0.59, 0.59, -0.55)
171.49: (-0.78, 0.15, -0.61)
171.60: (-0.81, 0.07, -0.58)
171.67: (-0.82, 0.07, -0.57)
171.67: (-0.89, -0.36, 0.27): 1
171.70: (-0.82, 0.07, -0.57)
171.80: (-0.82, 0.07, -0.57)
171.92: (-0.75, 0.04, -0.66)
172.04: (-0.69, -0.09, -0.71)
172.15: (-0.37, -0.36, -0.85)
172.25: (0.03, -0.44, -0.90)
172.37: (0.30, -0.52, -0.80)
172.49: (0.43, -0.53, -0.73)
172.60: (0.47, -0.59, -0.66)
172.72: (0.42, -0.91, -0.04)
172.84: (0.26, -0.78, 0.57)
172.94: (0.26, -0.78, 0.57)
173.04: (0.26, -0.78, 0.57)
173.14: (0.22, -0.84, 0.49)
173.25: (0.18, -0.54, 0.83)
173.37: (0.15, 0.13, 0.98)
173.49: (0.41, 0.43, 0.81)
173.60: (0.72, 0.45, 0.53)
173.72: (0.80, 0.49, 0.34)
173.82: (0.67, 0.68, 0.29)
173.94: (0.33, 0.92, 0.21)
174.05: (-0.26, 0.96, 0.06)
174.17: (-0.04, 0.99, 0.12)
174.29: (0.07, 0.99, 0.14)
174.39: (-0.20, 0.98, 0.02)
174.50: (-0.57, 0.66, -0.48)
174.62: (-0.72, -0.08, -0.69)
174.74: (-0.61, -0.67, -0.42)
174.85: (-0.48, -0.86, -0.16)
174.97: (-0.34, -0.89, -0.30)
175.09: (-0.08, -0.45, -0.89)
175.20: (0.08, -0.15, -0.99)
175.32: (0.04, -0.09, -0.99)
175.42: (0.04, -0.09, -0.99)
175.53: (-0.43, -0.21, -0.88)
175.64: (-0.78, -0.40, -0.49)
175.75: (-0.88, -0.47, 0.06)
175.87: (-0.81, -0.43, 0.39)
175.97: (-0.84, -0.41, 0.35)
176.08: (-0.89, -0.38, 0.25)
176.08: (0.68, -0.33, 0.65): 2
176.08: (-0.89, -0.38, 0.25)
176.20: (-0.89, -0.38, 0.25)
176.32: (-0.89, -0.38, 0.24)
176.42: (-0.90, -0.37, 0.21)
176.53: (-0.93, -0.32, 0.16)
176.63: (-0.96, -0.23, 0.13)
176.75: (-0.96, -0.27, 0.07)
176.87: (-0.08, -0.99, -0.07)
176.97: (-0.04, -0.99, -0.10)
177.07: (-0.04, -0.99, -0.10)
177.18: (-0.04, -0.99, -0.10)
177.28: (-0.01, -1.00, -0.09)
177.40: (0.48, -0.87, -0.11)
177.52: (0.99, -0.13, -0.11)
177.62: (0.95, 0.27, -0.14)
177.72: (0.86, 0.44, -0.26)
177.83: (0.58, 0.59, -0.56)
177.95: (0.41, 0.27, -0.87)
178.07: (0.32, -0.14, -0.94)
178.18: (0.32, -0.28, -0.91)
178.30: (0.40, -0.89, -0.23)
178.42: (0.54, -0.81, 0.22)
178.52: (0.73, -0.62, 0.29)
178.63: (0.98, -0.10, 0.15)
178.75: (0.97, 0.04, 0.26)
178.85: (0.77, -0.29, 0.57)
178.97: (0.74, -0.36, 0.56)
179.00: (0.74, -0.36, 0.56)
179.00: (-0.63, 0.73, 0.28): 2
179.08: (0.75, -0.36, 0.56)
179.18: (0.75, -0.36, 0.56)
179.30: (0.74, -0.36, 0.56)
179.42: (0.74, -0.36, 0.56)
179.53: (0.74, -0.36, 0.56)
179.65: (0.66, -0.35, 0.67)
179.77: (-0.42, -0.05, 0.91)
179.88: (-0.47, -0.04, 0.88)
179.98: (-0.47, -0.04, 0.88)
180.10: (-0.57, 0.03, 0.82)
180.22: (-0.95, 0.30, -0.03)
180.33: (-0.95, 0.30, 0.03)
180.45: (-0.96, 0.30, 0.03)
180.57: (-0.84, 0.51, 0.15)
180.68: (-0.68, 0.68, 0.28)
180.80: (-0.68, 0.68, 0.28)
180.85: (-0.67, 0.69, 0.28)
180.85: (0.84, 0.33, -0.43): 2
180.92: (-0.67, 0.69, 0.28)
181.02: (-0.67, 0.69, 0.28)
181.13: (-0.68, 0.68, 0.29)
181.23: (-0.71, 0.65, 0.28)
181.35: (-0.71, 0.65, 0.28)
181.47: (-0.83, 0.44, 0.33)
181.58: (-0.95, 0.18, -0.27)
181.68: (-0.56, 0.19, -0.80)
181.80: (-0.53, 0.16, -0.83)
181.92: (-0.53, 0.16, -0.83)
182.03: (-0.48, 0.22, -0.85)
182.15: (0.41, 0.33, -0.85)
182.25: (0.50, 0.24, -0.83)
182.37: (0.50, 0.24, -0.83)
182.47: (0.53, 0.26, -0.81)
182.58: (0.81, 0.33, -0.48)
182.70: (0.83, 0.33, -0.44)
182.78: (0.83, 0.33, -0.44)
182.78: (0.87, -0.04, -0.48): 1
182.82: (0.83, 0.33, -0.44)
182.93: (0.83, 0.33, -0.44)
183.05: (0.83, 0.33, -0.44)
183.17: (0.83, -0.22, -0.51)
183.28: (0.81, -0.29, -0.50)
183.38: (0.86, -0.16, -0.49)
183.50: (0.90, -0.01, -0.44)
183.52: (0.90, -0.01, -0.44)
183.52: (0.66, 0.50, -0.56): 0
183.62: (0.90, -0.01, -0.44)
183.73: (0.88, -0.04, -0.48)
183.83: (0.79, 0.03, -0.61)
183.95: (0.62, 0.49, -0.61)
184.05: (0.60, 0.53, -0.59)
184.13: (0.60, 0.53, -0.59)
184.13: (-0.34, 0.35, 0.87): 0
184.15: (0.60, 0.53, -0.59)
184.27: (0.60, 0.53, -0.59)
184.38: (0.59, 0.32, -0.74)
184.50: (0.54, 0.13, -0.83)
184.62: (0.54, 0.16, -0.83)
184.73: (0.38, 0.21, -0.90)
184.85: (-0.52, 0.23, -0.82)
184.95: (-0.95, 0.23, -0.19)
185.07: (-0.91, 0.24, -0.35)
185.18: (-0.91, 0.24, -0.35)
185.28: (-0.92, 0.24, -0.30)
185.40: (-0.86, 0.05, 0.51)
185.52: (-0.19, -0.22, 0.96)
185.63: (-0.05, -0.27, 0.96)
185.75: (-0.29, 0.00, 0.96)
185.87: (-0.39, 0.23, 0.89)
185.98: (-0.30, 0.34, 0.89)
186.07: (-0.26, 0.38, 0.89)
186.07: (-0.62, -0.15, -0.77): 2
186.08: (-0.26, 0.38, 0.89)
186.20: (-0.26, 0.37, 0.89)
186.32: (-0.25, 0.31, 0.91)
186.43: (-0.29, 0.13, 0.95)
186.55: (-0.36, -0.08, 0.93)
186.67: (-0.79, -0.14, 0.60)
186.78: (-0.89, 0.28, -0.36)
186.88: (-0.83, 0.51, -0.22)
187.00: (-0.85, 0.49, -0.18)
187.12: (-0.86, 0.48, -0.15)
187.23: (-0.85, 0.22, -0.49)
187.33: (-0.74, -0.10, -0.66)
187.45: (-0.69, -0.22, -0.69)
187.57: (-0.67, -0.21, -0.71)
187.60: (-0.66, -0.21, -0.72)
187.60: (-0.66, -0.63, -0.41): 1
187.68: (-0.66, -0.21, -0.72)
187.80: (-0.67, -0.19, -0.72)
187.92: (-0.76, -0.02, -0.66)
188.02: (-0.77, -0.37, -0.52)
188.13: (-0.72, -0.64, -0.26)
188.25: (-0.70, -0.66, -0.26)
188.37: (-0.69, -0.64, -0.35)
188.42: (-0.68, -0.65, -0.35)
188.42: (-0.92, 0.19, 0.34): 2
188.47: (-0.68, -0.65, -0.35)
188.58: (-0.68, -0.64, -0.35)
188.70: (-0.78, -0.45, -0.43)
188.82: (-0.89, 0.26, -0.37)
188.92: (-0.79, 0.54, -0.31)
189.03: (-0.79, 0.54, -0.31)
189.15: (-0.82, 0.52, -0.24)
189.27: (-0.92, 0.19, 0.34)
189.38: (-0.88, 0.08, 0.46)
189.43: (-0.89, 0.08, 0.46)
189.43: (0.95, 0.03, 0.31): 2
189.50: (-0.89, 0.07, 0.46)
189.60: (-0.89, 0.08, 0.45)
189.72: (-0.91, 0.09, 0.42)
189.83: (-0.98, 0.19, 0.00)
189.95: (-0.83, 0.29, -0.48)
190.07: (-0.07, 0.37, -0.93)
190.18: (-0.45, 0.35, -0.82)
190.30: (-0.99, 0.12, -0.05)
190.42: (-0.92, -0.07, 0.39)
190.53: (0.10, -0.44, 0.89)
190.65: (0.88, -0.25, 0.41)
190.77: (0.88, -0.25, 0.41)
190.88: (0.87, -0.24, 0.42)
191.00: (0.96, -0.02, 0.28)
191.12: (0.97, 0.08, 0.24)
191.12: (-0.67, -0.74, -0.05): 0
191.12: (0.97, 0.08, 0.24)
191.23: (0.97, 0.08, 0.24)
191.35: (0.97, 0.04, 0.25)
191.47: (0.84, -0.20, 0.51)
191.57: (-0.07, -0.47, 0.88)
191.68: (-0.55, -0.38, 0.74)
191.78: (-0.55, -0.38, 0.74)
191.90: (-0.55, -0.38, 0.74)
192.00: (-0.61, -0.25, 0.75)
192.12: (-0.76, 0.21, 0.61)
192.23: (-0.77, 0.57, 0.28)
192.35: (-0.84, 0.47, -0.26)
192.46: (-0.97, -0.18, -0.18)
192.58: (-0.62, -0.79, 0.05)
192.70: (-0.41, -0.90, 0.14)
192.81: (-0.55, -0.83, 0.08)
192.91: (-0.71, -0.70, -0.05)
192.93: (-0.71, -0.70, -0.05)
192.93: (0.48, 0.55, 0.68): 1
193.03: (-0.72, -0.69, -0.05)
193.15: (-0.73, -0.68, -0.08)
193.26: (-0.80, -0.60, -0.04)
193.38: (-0.83, -0.09, 0.55)
193.50: (-0.42, 0.23, 0.88)
193.60: (-0.20, 0.33, 0.92)
193.71: (0.24, 0.51, 0.82)
193.83: (0.62, 0.50, 0.61)
193.95: (0.63, 0.49, 0.61)
194.05: (0.60, 0.49, 0.63)
194.16: (0.56, 0.51, 0.66)
194.23: (0.54, 0.52, 0.66)
194.23: (0.86, 0.44, -0.27): 0
194.26: (0.54, 0.52, 0.66)
194.38: (0.53, 0.50, 0.69)
194.50: (0.53, 0.50, 0.69)
194.60: (0.53, 0.50, 0.69)
194.71: (0.55, 0.50, 0.68)
194.81: (0.89, 0.33, 0.31)
194.93: (0.98, 0.10, -0.18)
195.03: (0.92, -0.01, -0.39)
195.13: (0.91, 0.17, -0.38)
195.25: (0.88, 0.35, -0.32)
195.31: (0.87, 0.37, -0.32)
195.31: (0.96, -0.10, -0.26): 2
195.36: (0.87, 0.37, -0.32)
195.48: (0.88, 0.34, -0.34)
195.60: (0.76, -0.03, -0.65)
195.70: (0.78, -0.11, -0.62)
195.81: (0.84, -0.09, -0.54)
195.93: (0.94, -0.16, -0.30)
196.05: (0.96, -0.18, -0.22)
196.06: (0.96, -0.18, -0.22)
196.06: (1.00, 0.01, 0.03): 0
196.15: (0.96, -0.18, -0.23)
196.26: (0.94, -0.20, -0.27)
196.38: (0.96, -0.16, -0.23)
196.48: (0.99, 0.06, 0.14)
196.55: (0.99, 0.06, 0.14)
196.55: (0.93, 0.06, 0.37): 1
196.60: (0.99, 0.06, 0.14)
196.71: (0.99, 0.03, 0.11)
196.83: (0.99, 0.02, 0.13)
196.95: (0.92, 0.03, 0.40)
197.01: (0.91, 0.04, 0.41)
197.01: (-0.91, -0.03, -0.41): 1
197.06: (0.92, 0.04, 0.40)
197.18: (0.93, 0.03, 0.35)
197.28: (0.95, 0.03, 0.32)
197.40: (0.99, -0.04, 0.12)
197.51: (0.67, -0.33, -0.66)
197.63: (0.16, -0.34, -0.93)
197.73: (-0.70, -0.35, -0.63)
197.83: (-0.85, -0.34, -0.40)
197.95: (-0.85, -0.34, -0.40)
198.06: (-0.89, -0.27, -0.37)
198.18: (-0.95, -0.01, -0.31)
198.25: (-0.94, 0.03, -0.33)
198.25: (0.87, 0.46, -0.20): 1
198.28: (-0.94, 0.03, -0.33)
198.38: (-0.94, 0.03, -0.34)
198.50: (-0.96, -0.07, -0.28)
198.61: (-0.96, -0.27, 0.06)
198.73: (-0.93, -0.35, 0.08)
198.85: (-0.51, -0.79, -0.34)
198.96: (-0.24, -0.70, -0.67)
199.08: (0.26, -0.45, -0.86)
199.20: (0.64, 0.05, -0.77)
199.30: (0.64, 0.05, -0.77)
199.41: (0.63, 0.06, -0.77)
199.53: (0.77, 0.51, -0.39)
199.65: (0.82, 0.57, -0.11)
199.75: (0.83, 0.55, -0.11)
199.86: (0.83, 0.52, -0.21)
199.86: (0.09, 0.80, 0.60): 2
199.86: (0.83, 0.52, -0.21)
199.98: (0.83, 0.52, -0.21)
200.10: (0.83, 0.52, -0.21)
200.21: (0.82, 0.51, -0.25)
200.33: (0.71, 0.31, -0.63)
200.45: (0.46, -0.05, -0.89)
200.56: (0.05, -0.37, -0.93)
200.66: (0.32, 0.02, -0.95)
200.78: (0.48, 0.87, -0.01)
200.88: (0.50, 0.87, -0.06)
201.00: (0.49, 0.87, -0.05)
201.11: (0.10, 0.77, 0.63)
201.21: (-0.07, 0.61, 0.79)
201.33: (-0.02, 0.68, 0.74)
201.43: (0.07, 0.81, 0.58)
201.46: (0.07, 0.81, 0.58)
201.46: (0.78, -0.33, -0.53): 0
201.55: (0.07, 0.81, 0.58)
201.66: (0.08, 0.80, 0.60)
201.78: (0.19, 0.66, 0.73)
201.90: (0.25, 0.67, 0.70)
202.01: (0.31, 0.75, 0.59)
202.13: (0.42, 0.89, -0.17)
202.25: (0.32, 0.78, -0.54)
202.35: (0.32, 0.78, -0.54)
202.46: (0.26, 0.73, -0.63)
202.58: (0.00, 0.30, -0.95)
202.70: (-0.13, -0.05, -0.99)
202.80: (-0.19, -0.42, -0.89)
202.91: (-0.25, -0.90, -0.36)
203.03: (-0.44, -0.89, 0.09)
203.15: (-0.81, -0.58, -0.10)
203.26: (-0.82, -0.17, -0.55)
203.38: (-0.55, 0.06, -0.83)
203.48: (-0.46, -0.06, -0.88)
203.58: (0.10, -0.71, -0.70)
203.70: (0.52, -0.84, -0.16)
203.80: (0.63, -0.78, 0.00)
203.91: (0.74, -0.63, -0.23)
204.03: (0.83, -0.21, -0.53)
204.08: (0.82, -0.20, -0.53)
204.08: (0.54, -0.44, 0.71): 0
204.15: (0.82, -0.20, -0.53)
204.26: (0.82, -0.21, -0.53)
204.36: (0.80, -0.28, -0.53)
204.48: (0.71, -0.50, -0.49)
204.60: (0.62, -0.72, -0.30)
204.71: (0.24, -0.97, 0.05)
204.83: (-0.36, -0.83, 0.42)
204.93: (-0.22, -0.78, 0.58)
205.05: (-0.22, -0.78, 0.58)
205.15: (-0.22, -0.78, 0.58)
205.26: (-0.09, -0.79, 0.60)
205.38: (0.33, -0.52, 0.79)
205.50: (0.53, -0.35, 0.77)
205.60: (0.55, -0.39, 0.74)
205.71: (0.53, -0.44, 0.73)
205.71: (-0.91, 0.41, 0.10): 2
205.71: (0.53, -0.44, 0.73)
205.83: (0.53, -0.44, 0.73)
205.95: (0.52, -0.43, 0.74)
206.06: (0.43, -0.37, 0.83)
206.18: (0.43, -0.34, 0.84)
206.28: (0.46, -0.29, 0.84)
206.40: (-0.42, 0.00, 0.91)
206.51: (-0.97, 0.20, 0.11)
206.61: (-0.96, 0.17, 0.23)
206.73: (-0.96, 0.17, 0.23)
206.85: (-0.97, 0.20, 0.16)
206.96: (-0.93, 0.37, 0.08)
207.06: (-0.91, 0.42, 0.08)
207.06: (-0.74, -0.27, 0.61): 2
207.08: (-0.91, 0.42, 0.08)
207.20: (-0.91, 0.42, 0.08)
207.31: (-0.94, 0.34, 0.02)
207.43: (-0.95, 0.02, 0.30)
207.53: (-0.72, -0.27, 0.64)
207.65: (-0.69, -0.27, 0.68)
207.71: (-0.69, -0.27, 0.68)
207.71: (0.02, 0.73, 0.68): 1
207.76: (-0.69, -0.27, 0.68)
207.88: (-0.69, -0.27, 0.68)
208.00: (-0.62, -0.41, 0.67)
208.11: (-0.07, -0.55, 0.83)
208.23: (0.51, -0.36, 0.78)
208.33: (0.51, -0.36, 0.78)
208.45: (0.56, -0.39, 0.73)
208.55: (0.80, -0.45, 0.40)
208.65: (0.84, -0.55, 0.05)
208.76: (0.84, -0.50, -0.20)
208.86: (0.82, -0.35, -0.45)
208.98: (0.75, -0.25, -0.61)
209.10: (0.40, -0.78, -0.49)
209.21: (-0.05, -0.96, -0.26)
209.33: (-0.23, -0.96, -0.19)
209.44: (0.23, -0.65, -0.73)
209.55: (0.63, 0.34, -0.70)
209.65: (0.89, 0.37, -0.28)
209.76: (0.89, 0.20, 0.40)
209.88: (0.53, 0.49, 0.69)
210.00: (0.55, 0.49, 0.68)
210.11: (0.55, 0.49, 0.68)
210.23: (0.11, 0.73, 0.67)
210.34: (0.00, 0.75, 0.66)
210.36: (0.00, 0.75, 0.66)
210.36: (-0.71, 0.10, -0.70): 0
210.46: (0.01, 0.74, 0.67)
210.58: (0.01, 0.74, 0.67)
210.68: (0.08, 0.73, 0.68)
210.79: (0.45, 0.69, 0.58)
210.91: (-0.40, 0.87, 0.28)
211.03: (-0.62, 0.76, 0.18)
211.13: (-0.62, 0.76, 0.18)
211.25: (-0.80, 0.58, -0.15)
211.36: (-0.88, 0.17, -0.45)
211.46: (-0.88, 0.17, -0.45)
211.58: (-0.73, 0.13, -0.67)
211.69: (-0.66, 0.13, -0.74)
211.69: (0.77, -0.49, -0.42): 1
211.69: (-0.66, 0.13, -0.74)
211.81: (-0.67, 0.13, -0.73)
211.93: (-0.85, -0.05, -0.53)
212.04: (-0.87, -0.18, -0.45)
212.16: (-0.19, -0.87, -0.46)
212.28: (-0.03, -0.92, -0.38)
212.39: (-0.03, -0.92, -0.38)
212.51: (0.44, -0.85, -0.29)
212.63: (0.79, -0.61, 0.08)
212.74: (0.78, -0.63, 0.00)
212.86: (0.79, -0.53, -0.32)
212.98: (0.78, -0.47, -0.41)
213.04: (0.78, -0.47, -0.42)
213.04: (0.07, 0.60, -0.80): 1
213.08: (0.78, -0.47, -0.42)
213.19: (0.78, -0.47, -0.42)
213.31: (0.79, -0.60, 0.08)
213.43: (0.71, -0.69, 0.14)
213.53: (0.70, -0.71, 0.03)
213.63: (0.48, -0.79, -0.38)
213.74: (-0.44, -0.67, -0.60)
213.86: (-0.37, -0.71, -0.59)
213.98: (-0.39, -0.71, -0.59)
214.09: (-0.84, -0.53, -0.11)
214.19: (-0.56, -0.66, 0.50)
214.31: (-0.54, -0.58, 0.61)
214.43: (-0.54, -0.58, 0.61)
214.53: (-0.64, -0.59, 0.49)
214.64: (-0.95, -0.07, 0.30)
214.76: (-0.97, 0.24, 0.09)
214.86: (-0.98, 0.13, 0.12)
214.98: (-0.80, 0.58, 0.19)
215.09: (-0.39, 0.91, 0.15)
215.21: (-0.39, 0.91, 0.15)
215.33: (-0.10, 0.99, 0.11)
215.44: (0.61, 0.79, -0.01)
215.56: (0.99, 0.11, -0.11)
215.68: (0.85, -0.50, -0.15)
215.79: (0.71, -0.57, -0.42)
215.89: (0.68, -0.25, -0.69)
216.01: (0.75, 0.31, -0.58)
216.13: (0.65, 0.72, -0.24)
216.23: (0.56, 0.69, -0.46)
216.34: (0.27, 0.81, -0.52)
216.46: (0.06, 0.86, -0.50)
216.58: (0.15, 0.50, -0.85)
216.69: (0.18, 0.39, -0.90)
216.79: (0.18, 0.39, -0.91)
216.91: (0.13, 0.56, -0.82)
216.96: (0.11, 0.59, -0.80)
216.96: (0.56, 0.17, -0.81): 0
217.03: (0.11, 0.59, -0.80)
217.14: (0.14, 0.58, -0.80)
217.24: (0.39, 0.75, -0.53)
217.36: (0.74, 0.23, -0.63)
217.46: (0.68, 0.07, -0.73)
217.58: (0.58, 0.16, -0.80)
217.66: (0.55, 0.20, -0.81)
217.66: (0.02, 0.69, -0.72): 0
217.68: (0.55, 0.20, -0.81)
217.79: (0.62, 0.19, -0.76)
217.91: (0.87, 0.14, -0.48)
218.03: (0.76, 0.46, -0.46)
218.14: (0.42, 0.71, -0.56)
218.24: (0.27, 0.71, -0.64)
218.36: (0.14, 0.68, -0.72)
218.46: (0.04, 0.68, -0.74)
218.48: (0.04, 0.68, -0.74)
218.48: (0.39, 0.90, -0.21): 1
218.58: (0.05, 0.68, -0.73)
218.69: (0.38, 0.73, -0.57)
218.81: (0.49, 0.81, -0.31)
218.93: (0.46, 0.84, -0.28)
219.03: (0.45, 0.86, -0.24)
219.04: (0.46, 0.86, -0.24)
219.04: (0.64, 0.75, 0.16): 2
219.14: (0.45, 0.87, -0.22)
219.24: (0.37, 0.92, 0.14)
219.36: (0.47, 0.79, 0.39)
219.48: (0.63, 0.72, 0.31)
219.59: (0.64, 0.75, 0.19)
219.63: (0.63, 0.75, 0.18)
219.63: (-0.97, -0.20, 0.14): 0
219.71: (0.63, 0.75, 0.18)
219.83: (0.67, 0.69, 0.26)
219.94: (0.64, 0.54, 0.55)
220.06: (0.10, 0.31, 0.95)
220.18: (-0.66, -0.02, 0.75)
220.28: (-0.65, -0.02, 0.76)
220.39: (-0.76, 0.01, 0.65)
220.51: (-0.97, -0.21, 0.10)
220.63: (-0.96, -0.26, 0.01)
220.69: (-0.96, -0.26, 0.01)
220.69: (0.94, 0.09, -0.33): 1
220.74: (-0.96, -0.26, 0.01)
220.86: (-0.96, -0.26, 0.01)
220.98: (-0.97, -0.22, 0.14)
221.09: (-0.94, -0.16, 0.30)
221.21: (-0.94, -0.16, 0.30)
221.33: (-0.97, -0.08, 0.24)
221.43: (-0.97, 0.16, -0.18)
221.53: (-0.73, 0.30, -0.62)
221.64: (-0.59, 0.19, -0.78)
221.76: (-0.59, 0.19, -0.78)
221.88: (-0.41, -0.21, -0.89)
221.99: (0.42, -0.82, -0.39)
222.11: (0.35, -0.84, -0.43)
222.21: (0.34, -0.82, -0.46)
222.33: (0.92, -0.33, 0.20)
222.44: (0.92, -0.33, 0.21)
222.56: (0.93, -0.31, 0.21)
222.68: (0.88, 0.21, 0.43)
222.79: (0.81, 0.32, 0.50)
222.91: (0.82, 0.31, 0.48)
223.03: (0.97, 0.25, 0.01)
223.13: (0.97, 0.06, -0.22)
223.24: (0.97, 0.05, -0.23)
223.28: (0.97, 0.05, -0.23)
223.28: (-0.83, 0.56, -0.07): 2
223.36: (0.97, 0.05, -0.23)
223.48: (0.99, 0.05, -0.16)
223.59: (0.98, 0.07, 0.17)
223.71: (0.73, 0.47, 0.50)
223.83: (0.74, 0.44, 0.51)
223.94: (0.66, 0.36, 0.66)
224.04: (0.04, 0.76, 0.65)
224.16: (0.01, 0.82, 0.58)
224.26: (0.01, 0.82, 0.58)
224.38: (-0.36, 0.92, 0.16)
224.49: (-0.62, 0.77, -0.13)
224.61: (-0.56, 0.83, -0.05)
224.73: (-0.72, 0.69, -0.11)
224.84: (-0.91, 0.40, -0.10)
224.89: (-0.91, 0.41, -0.09)
224.89: (-0.57, -0.27, 0.77): 2
224.94: (-0.91, 0.41, -0.09)
225.04: (-0.91, 0.41, -0.08)
225.16: (-0.87, 0.49, -0.08)
225.28: (-0.90, 0.44, -0.08)
225.39: (-0.98, 0.03, -0.18)
225.49: (-0.98, 0.03, -0.18)
225.59: (-0.97, -0.03, -0.26)
225.71: (-0.49, -0.69, -0.53)
225.83: (-0.51, -0.67, -0.54)
225.94: (-0.44, -0.68, -0.58)
226.06: (0.38, -0.81, -0.44)
226.17: (0.29, -0.84, -0.46)
226.29: (0.44, -0.80, -0.40)
226.39: (0.85, -0.53, 0.03)
226.49: (0.92, -0.22, 0.34)
226.61: (0.90, -0.30, 0.31)
226.73: (0.91, -0.19, 0.36)
226.84: (0.57, 0.32, 0.75)
226.96: (0.32, 0.49, 0.81)
227.06: (0.32, 0.49, 0.81)
227.17: (0.31, 0.55, 0.78)
227.29: (-0.03, 0.83, 0.55)
227.41: (-0.56, 0.80, -0.21)
227.52: (-0.41, 0.89, -0.18)
227.64: (-0.41, 0.89, -0.18)
227.74: (-0.16, 0.95, -0.27)
227.86: (0.39, 0.82, -0.42)
227.96: (0.69, 0.61, -0.41)
228.07: (0.72, 0.51, -0.48)
228.19: (0.66, 0.60, -0.44)
228.31: (-0.19, 0.98, 0.03)
228.41: (-0.52, 0.79, 0.32)
228.51: (-0.55, 0.74, 0.38)
228.62: (-0.53, 0.59, 0.61)
228.74: (-0.13, 0.14, 0.98)
228.86: (0.71, -0.29, 0.64)
228.97: (0.68, -0.28, 0.67)
229.09: (0.68, -0.28, 0.67)
229.19: (0.57, -0.25, 0.78)
229.31: (-0.38, -0.11, 0.92)
229.41: (-0.33, -0.20, 0.92)
229.51: (-0.31, -0.23, 0.92)
229.62: (-0.49, -0.28, 0.83)
229.74: (-0.57, -0.35, 0.75)
229.76: (-0.57, -0.35, 0.75)
229.76: (0.71, -0.71, -0.05): 2
229.86: (-0.56, -0.35, 0.75)
229.97: (-0.55, -0.29, 0.78)
230.09: (-0.57, -0.02, 0.82)
230.21: (-0.46, 0.11, 0.88)
230.31: (-0.09, 0.49, 0.87)
230.41: (0.35, 0.82, 0.46)
230.52: (0.52, 0.81, 0.25)
230.64: (0.48, 0.66, 0.58)
230.74: (0.85, -0.03, 0.53)
230.86: (0.51, -0.72, 0.47)
230.97: (0.37, -0.72, 0.59)
231.07: (0.37, -0.72, 0.59)
231.17: (0.38, -0.74, 0.55)
231.29: (0.54, -0.82, 0.21)
231.41: (0.65, -0.76, -0.01)
231.51: (0.68, -0.73, -0.04)
231.52: (0.68, -0.73, -0.04)
END