3/30/2023 4:30:47 PM
Mode: Mono
White time (s): [0.4499817, 3.399384, 4.782257, 1.882782, 1.049713, 4.265747, 0.699646, 2.849335, 0.9163513, 1.566559, 0.4833984, 0.6829834, 3.315979, 2.066162, 2.632813, 1.749969, 4.68219, 1.366364, 0.9830322, 1.283325, 1.883087, 0.9499817, 3.116028, 2.699463, 2.399841, 1.083191, 1.499634, 3.149719, 0.5162354, 2.199585]
Shot time (s): [3.466003, 0.9997559, 1.149963, 1.833038, 0.6167297, 0.6665344, 0.8999329, 4.315582, 0.7833557, 0.7998657, 2.765961, 0.5665588, 3.81604, 1.883087, 1.133118, 1.816467, 1.316589, 2.915833, 0.6164551, 2.116058, 3.63266, 1.033173, 1.799866, 0.5997314, 2.182617, 6.232178, 1.716309, 0.8665771, 1.532959, 2.482849]
Step time (s): [5.398682, 0.616333, 1.399597, 2.483002, 0.6833191, 4.382782, 5.332214, 2.366364, 2.865967, 1.733093, 5.798492, 1.816193, 0.4831238, 1.649902, 2.066223, 0.3667603, 3.832458, 2.466309, 1.866272, 1.549622, 2.216034, 1.399597, 1.516052, 1.683167, 1.533203, 1.532898, 0.6331787, 5.51532, 2.516235, 3.016113]
White horz (deg): [27.7, 502.15, 673.8501, 291.05, 87.19999, 433.6, 40.9, 321.15, 70.25001, 217.2, 39.5, 32.5, 453.2999, 243.1001, 364.9, 320.7499, 826.6996, 154.5, 85.10002, 132.9, 265.3, 91.55001, 394.3001, 432.45, 290.8501, 141.15, 175.9501, 458.5, 32.9, 386.1999]
Shot horz (deg): [476.9998, 77.25, 214.3, 250.5, 62.6, 35.6, 103.2, 881.95, 75.25, 57.24999, 362.2, 23.55, 591.7998, 286.7, 111.25, 352.9501, 236.75, 467.7, 56.60001, 224.4, 678.5502, 101.75, 262.4999, 41.89999, 402.7, 1080.2, 285.45, 83.44999, 66.24998, 442.2]
Step horz (deg): [632.8502, 41.65, 176.25, 331.1501, 59.45, 608.8499, 723.5502, 294.3001, 397.55, 190.7001, 972.1496, 277.8501, 14.25, 219.85, 332.25, 10.1, 555.2999, 160.1, 117.6, 252.45, 381.55, 134.85, 137.5, 197.8, 277.1002, 281.6, 79.45, 1277.8, 325.1, 565.0497]
White vert (deg): [11, 340.2999, 420.4001, 87.10001, 119.95, 573.4, 48.4, 328.9, 35.84999, 132.9, 16.4, 45.95, 374.8, 181.55, 233.3499, 32.1, 258.0501, 85.59998, 47.15001, 90.7, 58.25, 45.05, 133.45, 126.85, 153.0001, 22.45, 49.7, 212.7, 31.1, 65.10001]
Shot vert (deg): [295.4, 10.2, 108.95, 97.2, 5.9, 31.85, 42.95, 298.3, 91.60001, 79.74999, 231.5999, 55.64999, 355.7, 85.55, 31.65001, 129, 39.55, 242.25, 20.15, 244.55, 353.5, 59.9, 173.75, 25.3, 150.35, 427.2997, 42, 26.05, 236.2, 218.45]
Step vert (deg): [465.7999, 7.8, 52.1, 164.75, 36.05, 481.9001, 491.8998, 173.9, 156.5, 74.84998, 535.2502, 69.60001, 3.85, 149.3999, 116.75, 4.25, 259.9, 159.2, 112.65, 70.1, 89.80001, 119, 93.80003, 74.69999, 75, 72.74999, 15.3, 291.3, 226.4, 193.2]

Time in sec: camera forward versor
Time in sec: target versor: sound type (0 = White, 1 = Shot, 2 = Step)
START
378.13: (-0.62, 0.77, -0.15): 1
378.13: (-0.78, 0.09, -0.62)
378.25: (-0.77, 0.09, -0.63)
378.36: (-0.76, 0.07, -0.65)
378.48: (-0.46, 0.02, -0.89)
378.58: (-0.03, 0.09, -1.00)
378.68: (0.26, 0.13, -0.96)
378.79: (0.54, 0.22, -0.81)
378.91: (0.54, 0.22, -0.81)
379.03: (0.71, 0.27, -0.65)
379.13: (0.93, 0.27, 0.23)
379.24: (0.93, 0.29, 0.24)
379.36: (0.93, 0.28, 0.25)
379.48: (0.58, 0.30, 0.76)
379.58: (0.22, 0.80, 0.55)
379.69: (0.31, 0.94, -0.12)
379.79: (0.47, 0.78, -0.42)
379.91: (0.57, 0.82, 0.09)
380.03: (0.56, 0.40, 0.73)
380.14: (0.54, -0.02, 0.84)
380.24: (-0.03, 0.11, 0.99)
380.36: (-0.66, 0.25, 0.70)
380.48: (-0.64, 0.31, 0.70)
380.59: (-0.64, 0.30, 0.71)
380.71: (-0.85, 0.22, 0.47)
380.83: (-0.98, 0.10, -0.18)
380.94: (-0.89, 0.31, -0.35)
381.04: (-0.59, 0.76, -0.28)
381.16: (-0.40, 0.92, -0.01)
381.26: (-0.42, 0.91, 0.05)
381.36: (-0.42, 0.90, 0.04)
381.48: (-0.58, 0.79, -0.20)
381.59: (-0.61, 0.76, -0.24)
381.59: (-0.44, 0.25, 0.86): 1
381.59: (-0.61, 0.76, -0.24)
381.71: (-0.60, 0.76, -0.23)
381.83: (-0.60, 0.76, -0.23)
381.94: (-0.62, 0.77, -0.11)
382.06: (-0.66, 0.60, 0.45)
382.16: (-0.66, 0.60, 0.46)
382.26: (-0.66, 0.60, 0.46)
382.38: (-0.61, 0.53, 0.59)
382.49: (-0.42, 0.26, 0.87)
382.59: (-0.43, 0.27, 0.86)
382.59: (-0.95, 0.31, 0.01): 2
382.61: (-0.43, 0.27, 0.86)
382.73: (-0.44, 0.28, 0.85)
382.84: (-0.46, 0.27, 0.85)
382.94: (-0.48, 0.26, 0.84)
383.06: (-0.48, 0.26, 0.84)
383.16: (-0.48, 0.26, 0.84)
383.26: (-0.48, 0.25, 0.84)
383.38: (-0.48, 0.25, 0.84)
383.49: (-0.48, 0.25, 0.84)
383.59: (-0.48, 0.25, 0.84)
383.69: (-0.48, 0.25, 0.84)
383.81: (-0.43, 0.19, 0.89)
383.93: (-0.04, -0.27, 0.96)
384.04: (0.35, -0.61, 0.71)
384.14: (0.35, -0.61, 0.71)
384.26: (0.33, -0.64, 0.69)
384.38: (0.66, -0.75, 0.00)
384.49: (0.72, -0.65, -0.24)
384.61: (0.71, -0.66, -0.24)
384.73: (0.41, -0.70, -0.59)
384.83: (-0.02, -0.88, -0.47)
384.94: (-0.31, -0.93, -0.21)
385.06: (-0.40, -0.91, -0.06)
385.18: (0.32, -0.89, -0.33)
385.28: (0.82, -0.41, -0.40)
385.39: (0.94, 0.09, -0.33)
385.51: (0.87, 0.37, -0.33)
385.61: (0.87, 0.43, -0.25)
385.73: (0.90, 0.04, 0.44)
385.84: (0.42, -0.33, 0.84)
385.94: (0.18, -0.48, 0.86)
386.06: (0.48, -0.35, 0.80)
386.18: (0.99, 0.11, 0.13)
386.29: (0.41, 0.37, -0.83)
386.39: (0.44, 0.28, -0.85)
386.49: (0.44, 0.28, -0.85)
386.61: (0.43, 0.26, -0.86)
386.73: (0.42, -0.06, -0.90)
386.84: (0.28, -0.44, -0.85)
386.94: (0.10, -0.62, -0.78)
387.06: (-0.17, -0.77, -0.62)
387.18: (-0.38, -0.83, -0.40)
387.29: (-0.70, -0.71, -0.08)
387.39: (-0.98, -0.05, -0.21)
387.51: (-0.75, 0.30, -0.59)
387.63: (-0.64, 0.31, -0.71)
387.73: (-0.91, 0.13, -0.40)
387.84: (-0.97, 0.21, -0.09)
387.94: (-0.96, 0.26, -0.04)
387.99: (-0.96, 0.27, -0.04)
387.99: (-1.00, -0.03, 0.04): 0
388.06: (-0.96, 0.27, -0.04)
388.18: (-0.96, 0.27, -0.04)
388.29: (-0.99, 0.06, -0.09)
388.41: (-0.98, -0.21, 0.03)
388.44: (-0.98, -0.20, 0.02)
388.44: (0.94, -0.22, -0.27): 1
388.53: (-0.98, -0.20, 0.02)
388.64: (-0.99, -0.13, -0.01)
388.76: (-0.99, -0.10, -0.03)
388.86: (-0.84, -0.47, -0.29)
388.98: (-0.05, -0.87, -0.50)
389.09: (0.68, -0.72, -0.17)
389.19: (0.93, -0.23, 0.30)
389.31: (0.97, 0.13, 0.20)
389.43: (0.97, -0.09, -0.24)
389.53: (0.89, -0.29, -0.34)
389.59: (0.89, -0.34, -0.30)
389.59: (0.98, 0.09, 0.19): 2
389.64: (0.89, -0.34, -0.30)
389.74: (0.90, -0.33, -0.29)
389.86: (0.88, -0.34, -0.33)
389.98: (0.88, -0.34, -0.33)
390.08: (1.00, 0.02, 0.00)
390.19: (0.98, 0.09, 0.15)
390.21: (0.98, 0.09, 0.15)
390.21: (-0.98, 0.05, 0.18): 2
390.31: (0.98, 0.09, 0.15)
390.41: (0.97, 0.15, 0.17)
390.53: (0.79, 0.51, 0.35)
390.64: (0.22, 0.91, 0.36)
390.74: (0.27, 0.92, 0.29)
390.86: (0.27, 0.92, 0.29)
390.96: (0.27, 0.92, 0.29)
391.08: (-0.09, 0.91, 0.40)
391.19: (-0.88, 0.42, 0.23)
391.29: (-1.00, 0.02, 0.01)
391.41: (-1.00, 0.02, 0.01)
391.53: (-1.00, -0.01, 0.05)
391.61: (-0.99, -0.05, 0.15)
391.61: (0.64, -0.36, 0.68): 0
391.64: (-0.99, -0.05, 0.15)
391.76: (-0.99, -0.06, 0.15)
391.88: (-0.99, -0.05, 0.10)
391.99: (-0.84, -0.52, -0.17)
392.11: (-0.42, -0.82, -0.39)
392.23: (-0.17, -0.78, -0.60)
392.34: (0.73, -0.54, -0.42)
392.44: (0.81, -0.46, -0.38)
392.54: (0.81, -0.46, -0.38)
392.66: (0.70, -0.57, -0.43)
392.78: (0.14, -0.66, -0.74)
392.88: (-0.91, -0.16, -0.39)
392.99: (-0.99, -0.01, -0.11)
393.09: (-0.99, -0.01, -0.11)
393.21: (-0.96, 0.24, 0.17)
393.33: (-0.42, 0.62, 0.67)
393.44: (-0.42, 0.62, 0.66)
393.56: (-0.40, 0.69, 0.60)
393.68: (-0.11, 0.99, -0.04)
393.79: (0.05, 0.91, -0.42)
393.91: (0.13, 0.84, -0.52)
394.03: (-0.11, 0.99, -0.11)
394.14: (-0.42, 0.71, 0.57)
394.26: (-0.48, 0.17, 0.86)
394.37: (-0.40, -0.36, 0.84)
394.49: (-0.22, -0.67, 0.71)
394.59: (0.10, -0.70, 0.71)
394.71: (0.67, -0.01, 0.74)
394.83: (0.65, 0.04, 0.76)
394.94: (0.55, -0.31, 0.78)
395.01: (0.55, -0.35, 0.76)
395.01: (-0.81, 0.44, 0.39): 2
395.06: (0.55, -0.35, 0.76)
395.16: (0.55, -0.36, 0.75)
395.26: (0.51, -0.42, 0.75)
395.37: (0.13, -0.68, 0.72)
395.49: (-0.35, -0.84, 0.41)
395.61: (-0.78, -0.63, 0.05)
395.72: (-0.90, -0.43, -0.10)
395.82: (-0.86, -0.50, 0.00)
395.93: (-0.73, -0.69, 0.01)
396.04: (-0.13, -0.97, 0.20)
396.14: (0.18, -0.96, 0.21)
396.26: (0.18, -0.96, 0.21)
396.37: (0.24, -0.94, 0.22)
396.49: (0.57, -0.59, 0.57)
396.59: (0.64, 0.25, 0.73)
396.71: (0.56, 0.33, 0.76)
396.82: (0.56, 0.30, 0.77)
396.94: (0.28, 0.37, 0.89)
397.04: (-0.46, 0.49, 0.74)
397.16: (-0.67, 0.49, 0.56)
397.27: (-0.67, 0.49, 0.56)
397.39: (-0.76, 0.52, 0.40)
397.49: (-0.86, 0.44, 0.25)
397.49: (0.53, 0.83, 0.19): 0
397.51: (-0.86, 0.44, 0.25)
397.62: (-0.86, 0.44, 0.25)
397.72: (-0.86, 0.43, 0.28)
397.82: (-0.81, 0.48, 0.34)
397.94: (-0.67, 0.61, 0.43)
398.06: (-0.41, 0.79, -0.45)
398.16: (0.02, 0.63, -0.78)
398.26: (0.02, 0.63, -0.78)
398.37: (0.04, 0.63, -0.78)
398.49: (0.49, 0.18, -0.85)
398.61: (0.66, -0.28, -0.70)
398.71: (0.65, -0.20, -0.73)
398.82: (0.68, -0.29, -0.67)
398.94: (0.53, -0.84, -0.02)
399.06: (0.48, -0.88, -0.01)
399.16: (0.48, -0.88, -0.01)
399.27: (0.19, -0.98, 0.05)
399.39: (-0.51, -0.75, 0.42)
399.51: (-0.58, -0.64, 0.50)
399.62: (-0.58, -0.64, 0.50)
399.74: (-0.84, -0.50, 0.20)
399.86: (-0.87, -0.31, -0.38)
399.96: (-0.82, -0.20, -0.54)
400.07: (-0.91, 0.04, -0.41)
400.19: (-1.00, 0.05, 0.07)
400.31: (-0.77, -0.32, 0.55)
400.42: (-0.21, -0.78, 0.60)
400.54: (0.28, -0.88, 0.38)
400.64: (0.33, -0.94, 0.09)
400.76: (0.19, -0.92, -0.34)
400.87: (-0.06, -0.72, -0.69)
400.99: (-0.52, -0.24, -0.82)
401.11: (-0.89, 0.25, -0.39)
401.22: (-0.90, 0.40, 0.17)
401.34: (-0.72, 0.35, 0.59)
401.46: (-0.43, 0.51, 0.74)
401.57: (0.12, 0.69, 0.71)
401.69: (0.10, 0.65, 0.75)
401.79: (0.10, 0.65, 0.75)
401.89: (0.20, 0.74, 0.65)
402.01: (0.55, 0.81, 0.21)
402.12: (0.59, 0.80, 0.16)
402.24: (0.58, 0.80, 0.17)
402.27: (0.57, 0.80, 0.18)
402.27: (-0.82, -0.43, 0.38): 1
402.36: (0.57, 0.80, 0.18)
402.47: (0.57, 0.80, 0.21)
402.59: (0.58, 0.79, 0.20)
402.71: (0.88, 0.38, -0.28)
402.82: (0.64, -0.45, -0.62)
402.94: (0.70, -0.40, -0.59)
403.06: (0.67, -0.43, -0.60)
403.17: (0.34, -0.49, -0.80)
403.27: (-0.02, -0.42, -0.91)
403.39: (-0.33, -0.26, -0.91)
403.51: (-0.65, -0.25, -0.72)
403.61: (-0.87, -0.49, -0.05)
403.72: (-0.78, -0.60, 0.20)
403.84: (-0.78, -0.60, 0.20)
403.96: (-0.83, -0.50, 0.25)
404.07: (-0.81, -0.40, 0.43)
404.11: (-0.81, -0.40, 0.43)
404.11: (-0.47, -0.23, -0.85): 0
404.17: (-0.81, -0.40, 0.43)
404.29: (-0.78, -0.42, 0.47)
404.41: (-0.47, -0.44, 0.77)
404.51: (-0.05, -0.12, 0.99)
404.62: (0.32, 0.08, 0.94)
404.72: (0.43, 0.09, 0.90)
404.84: (0.90, 0.39, 0.20)
404.94: (0.80, 0.38, -0.47)
405.06: (0.83, 0.27, -0.48)
405.16: (0.83, 0.27, -0.48)
405.26: (0.83, 0.27, -0.48)
405.37: (0.53, 0.18, -0.83)
405.49: (-0.07, -0.03, -1.00)
405.61: (-0.55, -0.31, -0.77)
405.71: (-0.53, -0.33, -0.79)
405.82: (-0.54, -0.31, -0.78)
405.94: (-0.60, -0.28, -0.75)
405.99: (-0.60, -0.26, -0.75)
405.99: (-0.98, -0.08, -0.19): 1
406.04: (-0.60, -0.26, -0.75)
406.16: (-0.58, -0.27, -0.77)
406.27: (-0.53, -0.28, -0.80)
406.39: (-0.96, -0.18, -0.23)
406.51: (-1.00, -0.09, -0.03)
406.61: (-0.99, -0.09, -0.06)
406.61: (-0.66, -0.39, 0.65): 2
406.61: (-0.99, -0.09, -0.06)
406.72: (-0.99, -0.10, -0.13)
406.84: (-0.99, -0.10, -0.13)
406.94: (-0.97, -0.19, 0.16)
407.06: (-0.60, -0.36, 0.71)
407.16: (-0.60, -0.38, 0.70)
407.27: (-0.67, -0.41, 0.62)
407.29: (-0.67, -0.41, 0.62)
407.29: (-0.99, -0.10, 0.07): 1
407.39: (-0.70, -0.42, 0.58)
407.51: (-0.70, -0.42, 0.58)
407.62: (-0.75, -0.33, 0.58)
407.72: (-0.91, -0.12, 0.40)
407.84: (-0.99, -0.09, 0.09)
407.96: (-1.00, -0.10, 0.00)
407.96: (0.03, -0.82, -0.57): 1
407.96: (-1.00, -0.10, 0.00)
408.07: (-0.99, -0.11, 0.01)
408.19: (-0.98, -0.17, -0.05)
408.31: (-0.74, -0.24, -0.62)
408.42: (0.09, -0.41, -0.91)
408.54: (0.09, -0.41, -0.91)
408.66: (0.09, -0.41, -0.91)
408.77: (0.16, -0.69, -0.71)
408.86: (0.14, -0.76, -0.63)
408.86: (0.99, -0.11, -0.09): 0
408.87: (0.14, -0.77, -0.63)
408.99: (0.14, -0.76, -0.63)
409.11: (0.15, -0.65, -0.74)
409.22: (0.42, -0.46, -0.79)
409.34: (0.70, -0.19, -0.69)
409.46: (0.68, 0.30, -0.67)
409.57: (0.69, 0.49, -0.54)
409.69: (0.98, 0.08, -0.20)
409.81: (0.97, -0.23, -0.12)
409.91: (0.96, -0.27, -0.13)
409.91: (-0.75, 0.61, -0.25): 1
409.92: (0.96, -0.27, -0.13)
410.04: (0.97, -0.23, -0.10)
410.16: (0.98, -0.19, -0.07)
410.26: (0.98, -0.19, -0.07)
410.37: (0.99, -0.14, -0.07)
410.47: (0.89, -0.12, -0.44)
410.59: (0.02, -0.28, -0.96)
410.71: (-0.86, -0.12, -0.49)
410.82: (-0.90, -0.15, -0.40)
410.94: (-0.81, -0.22, -0.54)
411.04: (-0.78, -0.23, -0.59)
411.16: (-0.49, -0.80, -0.36)
411.27: (-0.41, -0.90, -0.15)
411.39: (-0.77, -0.63, 0.13)
411.49: (-0.77, -0.63, 0.13)
411.60: (-0.78, -0.61, 0.11)
411.71: (-0.93, -0.23, 0.28)
411.82: (-0.65, 0.49, 0.59)
411.94: (-0.21, 0.77, 0.60)
412.05: (0.24, 0.80, 0.55)
412.17: (0.72, 0.60, 0.34)
412.27: (0.96, 0.27, 0.02)
412.37: (0.94, -0.15, -0.29)
412.49: (0.75, -0.45, -0.48)
412.60: (0.43, -0.66, -0.62)
412.70: (0.00, -0.76, -0.65)
412.82: (-0.28, -0.74, -0.61)
412.94: (0.27, -0.66, -0.70)
413.05: (0.98, 0.06, -0.17)
413.17: (0.43, 0.72, 0.54)
413.29: (-0.39, 0.67, 0.63)
413.39: (-0.78, 0.31, 0.54)
413.50: (-0.93, -0.23, 0.30)
413.62: (-0.87, -0.46, 0.17)
413.72: (-0.99, -0.14, -0.08)
413.84: (-0.75, 0.47, -0.47)
413.94: (-0.49, 0.61, -0.62)
414.05: (-0.53, 0.67, -0.52)
414.17: (-0.74, 0.63, -0.22)
414.22: (-0.76, 0.62, -0.20)
414.22: (-0.10, 0.44, 0.89): 2
414.27: (-0.76, 0.62, -0.20)
414.39: (-0.76, 0.63, -0.17)
414.50: (-0.87, 0.50, 0.04)
414.60: (-0.96, 0.22, 0.20)
414.72: (-0.86, -0.44, -0.26)
414.84: (-0.71, -0.50, -0.49)
414.95: (-0.71, -0.50, -0.49)
415.05: (-0.71, -0.50, -0.49)
415.17: (-0.02, -0.45, -0.89)
415.27: (0.14, -0.43, -0.89)
415.37: (0.14, -0.43, -0.89)
415.49: (0.15, -0.53, -0.84)
415.60: (0.40, -0.90, -0.17)
415.72: (0.43, -0.90, 0.05)
415.84: (0.26, -0.96, 0.10)
415.95: (-0.63, -0.74, -0.23)
416.07: (-0.54, -0.28, -0.79)
416.19: (0.04, -0.22, -0.98)
416.30: (0.46, 0.10, -0.88)
416.40: (0.57, 0.19, -0.80)
416.52: (0.72, -0.08, -0.69)
416.64: (0.80, -0.59, -0.13)
416.74: (0.28, -0.76, 0.59)
416.85: (-0.23, -0.62, 0.75)
416.97: (-0.23, -0.63, 0.74)
417.09: (-0.23, -0.62, 0.75)
417.20: (-0.60, -0.38, 0.71)
417.32: (-0.83, -0.53, -0.14)
417.44: (-0.64, -0.41, -0.65)
417.55: (-0.48, -0.11, -0.87)
417.67: (-0.47, 0.02, -0.88)
417.79: (-0.76, 0.37, -0.54)
417.89: (-0.90, 0.44, -0.03)
418.00: (-0.80, 0.31, 0.51)
418.12: (-0.80, 0.30, 0.52)
418.22: (-0.80, 0.30, 0.52)
418.34: (-0.74, 0.29, 0.60)
418.45: (-0.11, 0.45, 0.89)
418.55: (-0.09, 0.44, 0.90)
418.60: (-0.09, 0.44, 0.90)
418.60: (0.31, -0.21, -0.93): 0
418.67: (-0.10, 0.44, 0.89)
418.79: (-0.08, 0.45, 0.89)
418.90: (-0.18, 0.50, 0.85)
419.02: (-0.54, 0.39, 0.75)
419.12: (-0.87, 0.36, 0.35)
419.22: (-0.71, 0.70, 0.02)
419.34: (-0.52, 0.84, -0.15)
419.45: (-0.56, 0.77, -0.32)
419.55: (-0.39, 0.76, -0.51)
419.67: (-0.19, 0.85, -0.50)
419.77: (0.35, 0.92, 0.20)
419.89: (0.38, 0.85, 0.37)
420.00: (0.38, 0.85, 0.37)
420.12: (0.37, 0.85, 0.38)
420.24: (0.64, 0.37, 0.67)
420.34: (0.91, -0.15, 0.38)
420.45: (0.99, 0.10, -0.02)
420.57: (0.96, 0.26, -0.05)
420.69: (0.79, 0.23, 0.56)
420.80: (0.23, 0.01, 0.97)
420.90: (-0.14, -0.15, 0.98)
421.02: (-0.39, -0.31, 0.86)
421.14: (-0.28, -0.67, 0.69)
421.25: (-0.03, -0.94, 0.34)
421.35: (-0.03, -0.94, 0.34)
421.47: (-0.03, -0.94, 0.34)
421.57: (-0.14, -0.99, -0.01)
421.67: (-0.37, -0.83, -0.43)
421.79: (-0.62, -0.55, -0.56)
421.89: (-0.66, -0.40, -0.63)
422.00: (-0.12, -0.51, -0.85)
422.10: (0.52, -0.75, -0.41)
422.20: (0.63, -0.74, 0.23)
422.32: (0.65, -0.74, 0.18)
422.44: (0.44, -0.75, -0.49)
422.55: (0.18, -0.55, -0.82)
422.67: (0.18, -0.47, -0.86)
422.77: (0.34, -0.27, -0.90)
422.87: (0.32, -0.17, -0.93)
422.87: (-0.42, -0.13, -0.90): 0
422.89: (0.32, -0.17, -0.93)
423.00: (0.30, -0.19, -0.93)
423.12: (0.22, -0.44, -0.87)
423.22: (0.01, -0.51, -0.86)
423.34: (-0.36, -0.28, -0.89)
423.45: (-0.37, -0.21, -0.90)
423.57: (-0.39, -0.13, -0.91)
423.57: (-0.36, -0.85, -0.38): 1
423.57: (-0.39, -0.13, -0.91)
423.67: (-0.39, -0.14, -0.91)
423.77: (-0.57, -0.40, -0.72)
423.89: (-0.74, -0.65, -0.17)
424.00: (-0.24, -0.96, -0.11)
424.12: (-0.01, -0.99, -0.13)
424.24: (-0.16, -0.93, -0.32)
424.34: (-0.33, -0.88, -0.35)
424.35: (-0.33, -0.88, -0.35)
424.35: (0.95, 0.14, 0.30): 2
424.45: (-0.34, -0.88, -0.32)
424.57: (-0.30, -0.93, -0.23)
424.67: (-0.08, -1.00, 0.03)
424.77: (0.05, -0.99, 0.10)
424.87: (0.12, -0.98, 0.16)
424.99: (0.11, -0.98, 0.18)
425.10: (0.25, -0.97, -0.03)
425.22: (0.20, -0.39, -0.90)
425.32: (0.22, -0.45, -0.86)
425.44: (0.22, -0.45, -0.86)
425.54: (0.20, -0.41, -0.89)
425.65: (-0.11, 0.59, -0.80)
425.77: (-0.15, 0.90, -0.42)
425.87: (-0.15, 0.90, -0.42)
425.99: (-0.17, 0.91, -0.38)
426.10: (-0.50, 0.85, -0.18)
426.20: (-0.95, 0.26, -0.20)
426.32: (-0.94, -0.30, -0.16)
426.44: (-0.94, -0.29, -0.17)
426.55: (-0.85, 0.41, -0.33)
426.67: (-0.22, 0.92, -0.32)
426.79: (0.34, 0.93, -0.15)
426.89: (0.60, 0.80, 0.00)
427.00: (0.65, 0.75, 0.08)
427.12: (0.33, 0.66, 0.67)
427.24: (-0.35, 0.31, 0.88)
427.34: (-0.35, 0.31, 0.88)
427.45: (-0.35, 0.31, 0.88)
427.57: (-0.62, -0.14, 0.77)
427.68: (-0.58, -0.81, 0.08)
427.80: (-0.54, -0.83, 0.13)
427.90: (-0.54, -0.83, 0.13)
428.02: (-0.39, -0.85, -0.34)
428.13: (0.33, -0.14, -0.94)
428.25: (0.37, -0.16, -0.92)
428.37: (0.35, -0.16, -0.92)
428.49: (-0.23, 0.05, -0.97)
428.60: (-0.78, 0.34, -0.53)
428.72: (-0.79, 0.60, -0.15)
428.83: (-0.27, 0.94, -0.19)
428.93: (-0.27, 0.94, -0.19)
429.05: (-0.27, 0.94, -0.19)
429.17: (0.42, 0.90, -0.08)
429.27: (0.97, 0.20, 0.10)
429.37: (0.96, 0.26, 0.09)
429.47: (0.96, 0.26, 0.09)
429.58: (0.96, 0.23, 0.19)
429.68: (0.92, 0.20, 0.33)
429.68: (0.77, 0.24, -0.60): 1
429.70: (0.93, 0.20, 0.32)
429.82: (0.94, 0.22, 0.24)
429.93: (0.98, 0.22, -0.01)
430.05: (0.96, 0.09, -0.26)
430.15: (0.76, 0.38, -0.53)
430.27: (0.50, 0.46, -0.73)
430.38: (0.65, 0.37, -0.66)
430.48: (0.74, 0.26, -0.62)
430.48: (0.75, -0.21, 0.62): 0
430.50: (0.74, 0.27, -0.61)
430.62: (0.71, 0.28, -0.64)
430.73: (0.44, 0.41, -0.80)
430.85: (0.33, -0.07, -0.94)
430.97: (0.37, -0.76, -0.54)
431.07: (0.37, -0.76, -0.54)
431.17: (0.37, -0.76, -0.54)
431.28: (0.38, -0.83, -0.41)
431.40: (0.11, -0.81, 0.57)
431.50: (0.12, -0.80, 0.58)
431.62: (0.12, -0.80, 0.58)
431.73: (0.12, -0.80, 0.58)
431.85: (0.12, -0.80, 0.58)
431.97: (0.17, -0.74, 0.65)
432.07: (0.00, -0.57, 0.82)
432.18: (-0.44, 0.10, 0.89)
432.30: (-0.78, 0.43, 0.46)
432.42: (-0.93, 0.34, -0.15)
432.52: (-0.84, 0.32, -0.43)
432.63: (-0.80, 0.48, -0.36)
432.75: (-0.53, 0.62, 0.57)
432.87: (0.28, 0.22, 0.93)
432.97: (0.59, -0.18, 0.79)
433.07: (0.64, -0.20, 0.75)
433.18: (0.67, -0.14, 0.73)
433.30: (0.77, -0.11, 0.63)
433.33: (0.78, -0.12, 0.62)
433.33: (-0.67, 0.22, -0.71): 1
433.42: (0.77, -0.11, 0.63)
433.53: (0.69, -0.18, 0.70)
433.65: (0.48, -0.16, 0.86)
433.77: (0.00, 0.27, 0.96)
433.88: (-0.53, -0.49, 0.70)
434.00: (-0.65, -0.75, -0.10)
434.12: (-0.66, -0.75, -0.07)
434.22: (-0.66, -0.75, -0.07)
434.32: (-0.63, -0.77, -0.09)
434.43: (-0.12, -0.97, -0.22)
434.55: (0.31, -0.95, -0.10)
434.67: (0.41, -0.74, -0.53)
434.78: (0.41, -0.19, -0.89)
434.88: (0.36, -0.27, -0.90)
435.00: (0.36, -0.27, -0.90)
435.10: (0.42, -0.14, -0.90)
435.22: (0.17, 0.67, -0.72)
435.33: (-0.03, 0.88, -0.48)
435.45: (-0.03, 0.88, -0.48)
435.57: (-0.17, 0.82, -0.55)
435.67: (-0.60, 0.22, -0.77)
435.78: (-0.82, 0.05, -0.57)
435.90: (-0.89, 0.20, -0.40)
436.02: (-0.70, 0.28, -0.65)
436.10: (-0.64, 0.29, -0.71)
436.10: (0.97, 0.04, -0.22): 2
436.13: (-0.64, 0.29, -0.71)
436.23: (-0.64, 0.29, -0.71)
436.33: (-0.88, 0.18, -0.44)
436.45: (-0.91, 0.42, 0.06)
436.57: (-0.87, 0.45, 0.21)
436.68: (-0.87, 0.45, 0.20)
436.80: (-0.87, 0.45, 0.20)
436.90: (-0.85, 0.46, 0.24)
437.02: (-0.48, 0.59, 0.65)
437.13: (0.43, 0.47, 0.77)
437.25: (0.59, 0.38, 0.71)
437.35: (0.59, 0.38, 0.71)
437.47: (0.58, 0.45, 0.68)
437.57: (0.92, -0.21, 0.34)
437.67: (0.86, -0.50, 0.11)
437.78: (0.89, -0.43, 0.18)
437.88: (0.70, -0.57, 0.43)
438.00: (0.57, -0.62, 0.54)
438.10: (0.91, -0.42, 0.05)
438.20: (0.98, -0.18, 0.00)
438.32: (1.00, -0.08, 0.03)
438.43: (0.97, 0.12, -0.20)
438.47: (0.94, 0.12, -0.32)
438.47: (0.87, -0.44, -0.21): 1
438.55: (0.93, 0.10, -0.36)
438.67: (0.97, -0.11, -0.21)
438.78: (0.91, -0.41, 0.00)
438.90: (0.83, -0.53, -0.18)
439.02: (0.87, -0.38, -0.30)
439.03: (0.88, -0.37, -0.31)
439.03: (0.77, -0.45, 0.45): 0
439.13: (0.87, -0.41, -0.27)
439.25: (0.78, -0.60, -0.17)
439.37: (0.71, -0.68, -0.20)
439.47: (0.85, -0.50, 0.13)
439.58: (0.81, -0.26, 0.53)
439.70: (0.80, -0.26, 0.54)
439.80: (0.79, -0.31, 0.52)
439.92: (0.79, -0.39, 0.47)
439.95: (0.79, -0.43, 0.45)
439.95: (0.99, 0.13, 0.06): 1
440.02: (0.79, -0.43, 0.45)
440.13: (0.74, -0.44, 0.51)
440.25: (0.48, -0.11, 0.87)
440.37: (0.47, 0.19, 0.86)
440.47: (0.47, 0.19, 0.86)
440.58: (0.47, 0.27, 0.84)
440.70: (0.25, 0.75, 0.61)
440.82: (-0.26, 0.95, -0.18)
440.92: (-0.22, 0.96, -0.15)
441.02: (-0.16, 0.99, -0.07)
441.13: (-0.40, 0.74, -0.54)
441.23: (-0.57, -0.05, -0.82)
441.35: (-0.57, 0.10, -0.82)
441.47: (-0.57, 0.09, -0.82)
441.57: (-0.50, -0.54, -0.67)
441.67: (-0.07, -0.99, 0.13)
441.78: (-0.15, -0.98, 0.09)
441.90: (-0.18, -0.98, 0.04)
442.02: (-0.47, -0.83, 0.31)
442.13: (-0.66, -0.22, 0.72)
442.23: (-0.72, -0.18, 0.67)
442.33: (-0.55, -0.16, 0.82)
442.45: (0.13, -0.42, 0.90)
442.57: (0.50, -0.75, 0.44)
442.68: (0.40, -0.92, 0.01)
442.80: (0.40, -0.92, 0.01)
442.92: (0.35, -0.94, 0.01)
443.02: (0.48, -0.83, -0.28)
443.12: (0.74, -0.33, -0.59)
443.23: (0.81, 0.19, -0.55)
443.35: (0.96, 0.28, -0.07)
443.45: (0.85, 0.05, 0.53)
443.55: (0.88, 0.02, 0.48)
443.67: (0.98, 0.12, 0.14)
443.77: (0.99, 0.17, 0.03)
443.77: (-0.19, -0.90, 0.38): 2
443.77: (0.99, 0.17, 0.03)
443.88: (0.99, 0.14, 0.05)
443.98: (0.96, 0.00, 0.29)
444.08: (0.87, -0.46, 0.16)
444.20: (0.88, -0.45, 0.16)
444.32: (0.90, -0.06, 0.44)
444.42: (0.91, -0.10, 0.41)
444.53: (0.91, -0.27, 0.32)
444.65: (0.81, 0.27, 0.53)
444.76: (0.20, 0.82, 0.54)
444.87: (0.34, 0.75, 0.56)
444.98: (0.34, 0.75, 0.56)
445.10: (0.27, 0.80, 0.54)
445.21: (-0.14, 0.90, 0.41)
445.33: (-0.90, 0.44, -0.05)
445.45: (-0.93, 0.35, -0.13)
445.56: (-0.93, 0.35, -0.13)
445.66: (-0.93, 0.35, -0.13)
445.78: (-0.92, 0.35, -0.15)
445.90: (-0.88, -0.24, -0.41)
446.00: (-0.73, -0.52, -0.44)
446.11: (-0.86, -0.49, -0.14)
446.23: (-0.60, -0.54, 0.59)
446.33: (-0.51, -0.56, 0.66)
446.43: (-0.35, -0.86, 0.37)
446.55: (-0.11, -0.93, 0.36)
446.63: (-0.03, -0.92, 0.39)
446.63: (0.82, 0.00, -0.57): 1
446.66: (-0.03, -0.92, 0.40)
446.78: (-0.10, -0.90, 0.42)
446.88: (-0.28, -0.83, 0.48)
447.00: (-0.30, -0.81, 0.50)
447.10: (-0.30, -0.81, 0.50)
447.21: (-0.78, -0.43, 0.45)
447.33: (-0.88, 0.45, 0.16)
447.45: (-0.54, 0.84, 0.03)
447.56: (-0.45, 0.89, -0.02)
447.68: (-0.34, 0.94, -0.06)
447.78: (0.49, 0.83, -0.27)
447.90: (0.63, 0.72, -0.28)
448.01: (0.61, 0.74, -0.28)
448.13: (0.61, 0.74, -0.28)
448.23: (0.80, 0.41, -0.43)
448.33: (0.87, 0.03, -0.49)
448.45: (0.84, -0.01, -0.54)
448.51: (0.84, -0.01, -0.55)
448.51: (0.10, -0.96, 0.24): 1
448.55: (0.84, -0.01, -0.55)
448.66: (0.84, 0.00, -0.54)
448.78: (0.85, 0.00, -0.53)
448.90: (0.85, -0.02, -0.53)
449.00: (0.85, -0.08, -0.52)
449.10: (0.85, -0.36, -0.39)
449.21: (0.13, -0.90, 0.41)
449.33: (0.13, -0.87, 0.47)
449.43: (0.22, -0.89, 0.41)
449.55: (0.12, -0.96, 0.24)
449.65: (0.07, -0.99, 0.14)
449.65: (0.93, 0.17, 0.32): 2
449.65: (0.07, -0.99, 0.14)
449.76: (0.07, -0.99, 0.14)
449.88: (0.08, -0.99, 0.14)
449.98: (0.35, -0.92, -0.14)
450.10: (0.36, -0.92, -0.15)
450.20: (0.36, -0.92, -0.15)
450.30: (0.37, -0.91, -0.18)
450.41: (0.74, -0.66, -0.12)
450.53: (0.96, 0.09, -0.27)
450.65: (0.53, 0.77, -0.36)
450.76: (0.75, 0.57, -0.33)
450.86: (0.76, 0.56, -0.33)
450.98: (0.80, 0.56, -0.22)
451.10: (0.85, 0.47, 0.24)
451.20: (0.91, 0.29, 0.30)
451.31: (0.94, 0.19, 0.30)
451.38: (0.94, 0.19, 0.29)
451.38: (-1.00, 0.07, -0.01): 0
451.43: (0.94, 0.19, 0.29)
451.55: (0.94, 0.18, 0.29)
451.66: (0.96, 0.21, 0.17)
451.78: (0.40, 0.90, -0.16)
451.88: (0.08, 0.97, -0.22)
452.00: (0.19, 0.89, -0.41)
452.11: (0.17, 0.85, -0.49)
452.21: (-0.25, 0.91, -0.34)
452.33: (-0.86, 0.46, 0.20)
452.45: (-0.76, 0.27, 0.59)
452.55: (-0.75, 0.32, 0.58)
452.66: (-0.81, 0.41, 0.42)
452.78: (-0.98, 0.16, 0.08)
452.88: (-1.00, 0.04, -0.01)
452.95: (-1.00, 0.04, -0.01)
452.95: (-0.67, -0.13, -0.73): 2
453.00: (-1.00, 0.04, -0.01)
453.11: (-0.98, 0.08, 0.16)
453.23: (-0.87, 0.00, 0.49)
453.35: (-0.86, -0.02, 0.51)
453.45: (-0.86, -0.03, 0.51)
453.56: (-0.85, -0.04, 0.52)
453.68: (-0.84, 0.34, 0.43)
453.80: (0.10, 0.95, -0.30)
453.90: (0.76, 0.32, -0.57)
454.00: (0.76, 0.32, -0.57)
454.11: (0.76, 0.32, -0.57)
454.21: (0.82, 0.13, -0.56)
454.31: (0.60, -0.80, -0.01)
454.43: (0.17, -0.78, 0.60)
454.53: (0.57, -0.45, 0.69)
454.65: (0.94, 0.14, 0.32)
454.76: (0.92, 0.13, 0.36)
454.88: (0.81, -0.49, 0.31)
454.98: (0.14, -0.99, 0.08)
455.10: (-0.08, -1.00, -0.05)
455.20: (-0.51, -0.85, -0.16)
455.31: (-0.73, -0.68, -0.04)
455.41: (-0.71, -0.50, 0.49)
455.53: (-0.10, 0.38, 0.92)
455.65: (0.18, 0.50, 0.85)
455.75: (0.18, 0.50, 0.85)
455.85: (0.18, 0.50, 0.85)
455.96: (0.23, 0.64, 0.73)
456.08: (0.32, 0.95, 0.01)
456.20: (0.36, 0.83, -0.42)
456.30: (0.36, 0.85, -0.38)
456.41: (0.36, 0.84, -0.41)
456.53: (0.26, 0.43, -0.86)
456.65: (0.27, 0.12, -0.96)
456.75: (0.27, 0.12, -0.96)
456.86: (0.26, -0.19, -0.95)
456.98: (0.81, -0.46, -0.37)
457.08: (0.99, 0.12, 0.08)
457.20: (0.96, -0.10, 0.25)
457.30: (0.65, -0.49, 0.58)
457.41: (0.56, -0.54, 0.63)
457.53: (0.56, -0.54, 0.63)
457.65: (-0.07, -0.69, 0.72)
457.76: (-0.74, -0.51, 0.44)
457.88: (-0.72, -0.51, 0.46)
457.98: (-0.75, -0.51, 0.42)
458.10: (-0.98, 0.21, -0.02)
458.20: (-0.88, 0.39, -0.26)
458.30: (-0.90, 0.38, -0.23)
458.41: (-0.91, 0.35, -0.24)
458.53: (-0.77, 0.16, -0.61)
458.65: (-0.73, -0.07, -0.67)
458.75: (-0.76, -0.10, -0.64)
458.75: (-0.95, 0.01, -0.33): 0
458.76: (-0.76, -0.10, -0.65)
458.88: (-0.75, -0.09, -0.65)
458.98: (-0.70, -0.06, -0.71)
459.08: (-0.81, -0.03, -0.59)
459.18: (-0.97, 0.11, -0.20)
459.23: (-0.97, 0.10, -0.20)
459.23: (0.82, -0.16, -0.55): 2
459.28: (-0.97, 0.11, -0.20)
459.40: (-0.97, 0.11, -0.20)
459.50: (-0.97, 0.11, -0.22)
459.60: (-0.97, 0.17, -0.17)
459.71: (-0.73, 0.04, 0.69)
459.83: (-0.70, 0.04, 0.71)
459.95: (-0.70, 0.04, 0.71)
460.06: (-0.34, -0.23, 0.91)
460.18: (0.79, -0.46, 0.40)
460.30: (0.81, -0.46, 0.35)
460.40: (0.79, -0.48, 0.39)
460.51: (0.88, -0.48, 0.00)
460.63: (0.56, 0.04, -0.82)
460.75: (0.61, 0.01, -0.80)
460.86: (0.66, -0.06, -0.75)
460.98: (0.72, -0.08, -0.69)
461.05: (0.73, -0.10, -0.68)
461.05: (0.68, -0.09, -0.73): 2
461.08: (0.75, -0.12, -0.65)
461.18: (0.77, -0.16, -0.62)
461.30: (0.77, -0.17, -0.61)
461.40: (0.75, -0.14, -0.65)
461.51: (0.70, -0.09, -0.71)
461.53: (0.70, -0.09, -0.71)
461.53: (-0.74, -0.28, -0.61): 1
461.63: (0.69, -0.09, -0.72)
461.75: (0.69, -0.02, -0.73)
461.86: (0.45, 0.30, -0.84)
461.96: (-0.02, 0.62, -0.79)
462.08: (0.00, 0.61, -0.79)
462.19: (0.03, 0.53, -0.84)
462.31: (-0.03, -0.14, -0.99)
462.41: (0.42, -0.61, -0.68)
462.53: (0.91, -0.34, 0.26)
462.63: (0.93, -0.26, 0.28)
462.73: (0.93, -0.30, 0.22)
462.85: (0.66, -0.66, -0.36)
462.96: (-0.02, -0.62, -0.79)
463.08: (-0.44, -0.41, -0.80)
463.19: (-0.61, -0.28, -0.74)
463.31: (-0.77, -0.20, -0.60)
463.34: (-0.78, -0.19, -0.59)
463.34: (-0.74, 0.02, -0.67): 0
463.41: (-0.78, -0.19, -0.60)
463.53: (-0.54, -0.19, -0.82)
463.64: (-0.38, -0.15, -0.91)
463.74: (-0.38, -0.15, -0.91)
463.86: (-0.54, -0.09, -0.84)
463.98: (-0.73, 0.02, -0.69)
464.03: (-0.75, 0.02, -0.67)
464.03: (-1.00, 0.03, 0.08): 0
464.08: (-0.75, 0.02, -0.67)
464.18: (-0.72, 0.08, -0.69)
464.29: (-0.61, 0.60, -0.52)
464.41: (-0.40, 0.91, -0.07)
464.53: (0.01, 0.98, -0.20)
464.64: (0.49, 0.79, 0.37)
464.76: (0.53, 0.73, 0.43)
464.88: (0.53, 0.73, 0.43)
464.99: (0.52, 0.72, 0.46)
465.11: (0.46, 0.32, 0.83)
465.23: (0.12, -0.33, 0.93)
465.33: (0.19, -0.23, 0.95)
465.44: (0.18, -0.23, 0.95)
465.56: (-0.19, -0.77, 0.61)
465.66: (-0.34, -0.94, 0.06)
465.76: (-0.29, -0.93, 0.22)
465.88: (-0.30, -0.93, 0.22)
465.99: (-0.26, -0.94, -0.20)
466.11: (0.06, -0.46, -0.89)
466.21: (0.08, -0.49, -0.87)
466.33: (0.23, -0.59, -0.78)
466.44: (0.88, -0.11, -0.46)
466.56: (0.95, 0.11, -0.28)
466.66: (0.74, 0.08, -0.67)
466.76: (-0.03, -0.50, -0.87)
466.88: (-0.74, -0.67, -0.06)
466.99: (-0.92, -0.31, 0.24)
467.09: (-1.00, 0.05, 0.04)
467.21: (-1.00, 0.03, 0.04)
467.33: (-1.00, 0.03, 0.04)
467.34: (-1.00, 0.01, 0.06)
467.34: (0.77, -0.09, -0.64): 2
467.43: (-1.00, 0.05, 0.01)
467.54: (-1.00, 0.08, -0.02)
467.66: (-1.00, 0.07, -0.03)
467.78: (-0.99, 0.10, -0.06)
467.88: (-0.92, 0.26, -0.28)
467.99: (-0.04, 0.71, -0.71)
468.11: (0.40, 0.67, -0.63)
468.23: (0.40, 0.67, -0.63)
468.34: (0.44, 0.64, -0.63)
468.44: (0.87, 0.01, -0.49)
468.56: (0.52, -0.78, -0.36)
468.68: (0.43, -0.62, -0.66)
468.78: (0.71, -0.23, -0.66)
468.89: (0.81, 0.04, -0.59)
468.99: (0.80, 0.00, -0.59)
468.99: (-1.00, 0.08, 0.04): 1
468.99: (0.80, 0.00, -0.59)
469.11: (0.79, -0.02, -0.61)
469.21: (0.78, -0.03, -0.62)
469.33: (0.92, -0.18, -0.36)
469.43: (0.63, -0.55, 0.55)
469.53: (0.66, -0.56, 0.50)
469.64: (0.66, -0.56, 0.50)
469.76: (0.15, -0.59, 0.79)
469.86: (-0.88, -0.05, 0.47)
469.96: (-0.93, 0.08, 0.36)
470.06: (-0.92, 0.05, 0.39)
470.18: (-0.93, -0.03, 0.36)
470.28: (-1.00, 0.02, 0.03)
470.31: (-1.00, 0.02, 0.02)
470.31: (-0.31, 0.33, 0.89): 1
470.39: (-1.00, 0.02, 0.03)
470.51: (-1.00, 0.04, 0.00)
470.63: (-1.00, 0.04, 0.06)
470.74: (-1.00, 0.04, 0.06)
470.86: (-0.95, -0.03, 0.31)
470.98: (-0.50, 0.60, -0.62)
471.08: (0.17, 0.58, -0.80)
471.19: (0.11, 0.59, -0.80)
471.29: (0.12, 0.60, -0.79)
471.41: (0.85, 0.17, -0.49)
471.51: (0.86, -0.46, 0.22)
471.63: (0.87, -0.45, 0.19)
471.74: (0.90, -0.43, -0.02)
471.84: (0.30, -0.93, -0.22)
471.96: (-0.11, -0.98, -0.17)
472.08: (0.09, -0.99, -0.07)
472.18: (0.74, -0.60, 0.31)
472.29: (0.79, 0.30, 0.53)
472.41: (0.59, 0.48, 0.65)
472.53: (0.59, 0.48, 0.65)
472.64: (0.50, 0.50, 0.71)
472.76: (-0.48, -0.01, 0.87)
472.86: (-0.71, -0.22, 0.67)
472.98: (-0.71, -0.22, 0.67)
473.08: (-0.57, -0.05, 0.82)
473.18: (-0.34, 0.28, 0.90)
473.23: (-0.33, 0.31, 0.89)
473.23: (0.98, -0.17, -0.02): 2
473.29: (-0.33, 0.31, 0.89)
473.39: (-0.33, 0.30, 0.89)
473.51: (-0.52, -0.07, 0.85)
473.63: (-0.82, -0.57, 0.06)
473.73: (-0.68, -0.62, -0.39)
473.84: (-0.68, -0.62, -0.39)
473.96: (-0.68, -0.62, -0.39)
474.08: (-0.36, -0.37, -0.86)
474.19: (-0.12, -0.18, -0.98)
474.29: (-0.25, -0.27, -0.93)
474.41: (-0.16, -0.37, -0.91)
474.53: (0.44, -0.74, -0.52)
474.63: (0.54, -0.78, -0.32)
474.73: (0.77, -0.58, -0.28)
474.84: (0.91, 0.37, -0.17)
474.96: (0.90, 0.41, -0.12)
475.08: (0.95, 0.27, -0.13)
475.19: (1.00, -0.05, -0.07)
475.29: (0.97, -0.22, -0.10)
475.29: (0.98, -0.02, -0.21): 2
475.29: (0.97, -0.22, -0.10)
475.39: (0.97, -0.21, -0.10)
475.51: (0.99, -0.12, -0.07)
475.61: (0.99, -0.05, -0.11)
475.66: (0.99, -0.05, -0.12)
475.66: (-0.97, -0.13, -0.22): 0
475.73: (0.99, -0.04, -0.13)
475.84: (0.99, -0.02, -0.12)
475.94: (0.99, 0.00, -0.12)
476.06: (0.95, 0.01, -0.30)
476.18: (0.35, 0.93, 0.03)
476.29: (0.09, 0.98, 0.15)
476.39: (0.09, 0.98, 0.15)
476.51: (-0.22, 0.87, 0.45)
476.61: (-0.73, 0.20, 0.65)
476.71: (-0.74, 0.15, 0.66)
476.83: (-0.75, 0.17, 0.64)
476.94: (-0.88, 0.44, 0.20)
477.06: (-0.63, 0.64, -0.45)
477.16: (-0.69, 0.38, -0.61)
477.28: (-0.93, 0.05, -0.36)
477.39: (-1.00, -0.06, -0.03)
477.49: (-1.00, -0.04, -0.04)
477.61: (-1.00, -0.05, -0.08)
477.73: (-0.96, -0.12, -0.24)
477.73: (-0.56, 0.82, -0.14): 0
477.73: (-0.96, -0.12, -0.24)
477.84: (-0.96, -0.14, -0.24)
477.96: (-0.96, -0.18, -0.22)
478.08: (-0.96, -0.18, -0.22)
478.18: (-0.88, -0.42, -0.23)
478.29: (-0.21, -0.98, 0.02)
478.41: (-0.26, -0.97, 0.00)
478.51: (-0.22, -0.98, 0.01)
478.61: (0.69, -0.68, 0.24)
478.72: (0.91, -0.33, 0.25)
478.83: (0.91, -0.33, 0.25)
478.94: (0.98, -0.11, 0.17)
479.06: (0.54, 0.84, 0.03)
479.18: (0.45, 0.88, 0.17)
479.29: (0.47, 0.87, 0.18)
479.41: (0.60, 0.80, -0.07)
479.52: (0.47, 0.34, -0.82)
479.62: (0.30, 0.09, -0.95)
479.73: (0.25, 0.42, -0.87)
479.84: (-0.04, 1.00, 0.09)
479.96: (-0.02, 0.97, 0.23)
480.07: (-0.02, 0.97, 0.23)
480.17: (-0.22, 0.98, 0.03)
480.29: (-0.63, 0.76, -0.18)
480.36: (-0.68, 0.71, -0.19)
480.36: (-1.00, -0.05, 0.03): 1
480.41: (-0.68, 0.71, -0.19)
480.52: (-0.66, 0.74, -0.16)
480.64: (-0.65, 0.75, -0.12)
480.76: (-0.95, 0.29, -0.09)
480.86: (-0.99, -0.08, 0.07)
480.97: (-0.99, -0.08, 0.07)
480.97: (-0.53, 0.81, -0.25): 0
480.97: (-0.99, -0.08, 0.07)
481.09: (-1.00, -0.06, 0.07)
481.21: (-1.00, -0.04, 0.08)
481.31: (-1.00, -0.03, 0.07)
481.42: (-0.55, -0.73, 0.40)
481.54: (0.09, -0.89, 0.45)
481.66: (0.09, -0.89, 0.45)
481.76: (0.24, -0.88, 0.42)
481.87: (1.00, 0.03, 0.00)
481.97: (0.99, 0.13, -0.04)
482.09: (0.99, 0.13, -0.04)
482.21: (0.90, 0.41, -0.15)
482.31: (-0.09, 0.94, -0.34)
482.42: (-0.15, 0.93, -0.33)
482.54: (-0.14, 0.94, -0.33)
482.64: (-0.39, 0.87, -0.30)
482.72: (-0.68, 0.69, -0.26)
482.72: (-0.57, 0.47, 0.67): 2
482.76: (-0.68, 0.69, -0.26)
482.87: (-0.63, 0.73, -0.25)
482.99: (-0.64, 0.73, -0.24)
483.11: (-0.52, 0.82, -0.23)
483.22: (-0.52, 0.82, -0.23)
483.32: (-0.52, 0.82, -0.23)
483.44: (-0.61, 0.75, -0.24)
483.56: (-0.88, -0.48, 0.02)
483.66: (-0.70, -0.71, 0.09)
483.76: (-0.71, -0.69, 0.09)
483.87: (-0.72, -0.69, 0.09)
483.99: (0.29, -0.93, 0.24)
484.09: (0.29, -0.94, 0.21)
484.19: (0.29, -0.94, 0.21)
484.31: (0.26, -0.80, 0.55)
484.41: (0.45, -0.17, 0.88)
484.52: (0.50, -0.11, 0.86)
484.64: (0.50, -0.11, 0.86)
484.76: (0.65, -0.35, 0.67)
484.87: (0.71, -0.65, -0.27)
484.97: (0.33, -0.38, -0.87)
485.09: (0.32, -0.24, -0.92)
485.19: (0.32, -0.24, -0.92)
485.29: (0.36, 0.03, -0.93)
485.41: (0.48, 0.77, -0.43)
485.52: (0.53, 0.83, -0.19)
485.62: (0.53, 0.83, -0.19)
485.74: (0.54, 0.83, -0.12)
485.86: (0.19, 0.78, 0.60)
485.97: (0.27, 0.81, 0.53)
486.07: (0.36, 0.83, 0.42)
486.17: (0.41, 0.78, 0.47)
486.29: (-0.15, 0.69, 0.71)
486.41: (-0.57, 0.49, 0.66)
486.52: (-0.61, 0.49, 0.62)
486.56: (-0.61, 0.49, 0.62)
486.56: (0.16, -0.10, 0.98): 0
486.64: (-0.61, 0.50, 0.62)
486.76: (-0.61, 0.45, 0.66)
486.86: (-0.54, 0.46, 0.70)
486.97: (-0.54, 0.46, 0.70)
487.09: (-0.69, 0.05, 0.72)
487.21: (-0.59, -0.76, 0.25)
487.31: (-0.68, -0.57, 0.47)
487.42: (-0.68, -0.57, 0.47)
487.52: (-0.68, -0.59, 0.43)
487.64: (-0.21, -0.92, -0.32)
487.76: (-0.22, -0.92, -0.34)
487.87: (-0.27, -0.92, -0.29)
487.99: (0.04, -0.85, -0.53)
488.11: (0.54, -0.66, -0.53)
488.22: (0.65, -0.76, -0.06)
488.34: (0.25, -0.93, 0.27)
488.44: (-0.18, -0.90, 0.39)
488.56: (-0.47, -0.82, 0.32)
488.66: (-0.46, -0.88, 0.13)
488.77: (0.43, -0.90, -0.06)
488.89: (0.97, -0.16, -0.18)
488.99: (0.89, -0.43, -0.15)
489.11: (0.90, -0.41, -0.16)
489.21: (0.92, 0.39, -0.07)
489.32: (0.56, 0.83, 0.07)
489.42: (0.58, 0.81, 0.07)
489.54: (0.51, 0.85, 0.08)
489.66: (-0.45, 0.86, 0.22)
489.76: (-0.67, 0.71, 0.22)
489.86: (-0.64, 0.74, 0.22)
489.97: (-0.75, 0.63, 0.20)
490.07: (-0.97, -0.21, 0.12)
490.19: (-0.90, -0.44, 0.07)
490.31: (-0.90, -0.44, 0.07)
490.42: (-0.66, -0.75, 0.00)
490.54: (-0.07, -0.87, 0.48)
490.64: (0.10, -0.60, 0.79)
490.76: (0.25, -0.63, 0.73)
490.87: (0.34, -0.74, 0.58)
490.99: (0.23, -0.30, 0.92)
491.11: (0.13, -0.08, 0.99)
491.22: (0.16, -0.12, 0.98)
491.24: (0.16, -0.12, 0.98)
491.24: (0.97, 0.11, 0.19): 2
491.32: (0.16, -0.12, 0.98)
491.44: (0.16, -0.11, 0.98)
491.56: (0.12, -0.14, 0.98)
491.67: (-0.06, -0.30, 0.95)
491.79: (-0.13, -0.76, 0.63)
491.91: (-0.11, -0.80, 0.59)
492.01: (-0.08, -0.78, 0.62)
492.12: (-0.04, -0.81, 0.59)
492.24: (0.00, -0.78, 0.62)
492.34: (0.01, -0.78, 0.62)
492.46: (0.03, -0.78, 0.62)
492.56: (-0.01, -0.80, 0.60)
492.66: (-0.10, -1.00, 0.00)
492.77: (0.39, -0.79, -0.47)
492.89: (0.70, -0.53, -0.48)
493.01: (0.70, -0.53, -0.48)
493.12: (0.68, -0.54, -0.50)
493.22: (0.92, -0.17, -0.35)
493.34: (0.97, 0.24, 0.02)
493.46: (0.97, 0.24, 0.02)
493.57: (0.97, 0.23, 0.08)
493.69: (0.96, 0.12, 0.25)
493.71: (0.96, 0.12, 0.25)
493.71: (-0.50, 0.11, 0.86): 0
493.81: (0.96, 0.13, 0.25)
493.91: (0.95, 0.15, 0.26)
494.01: (0.92, 0.21, 0.32)
494.12: (0.88, 0.03, 0.48)
494.24: (0.62, 0.18, 0.76)
494.34: (0.43, 0.33, 0.84)
494.46: (0.47, 0.14, 0.87)
494.57: (-0.27, 0.57, 0.77)
494.69: (-0.43, 0.68, 0.59)
494.79: (-0.43, 0.68, 0.59)
494.91: (-0.40, 0.63, 0.67)
495.02: (-0.44, 0.10, 0.89)
495.07: (-0.43, -0.06, 0.90)
495.07: (-1.00, 0.01, -0.05): 0
495.14: (-0.46, -0.09, 0.88)
495.24: (-0.50, 0.00, 0.86)
495.35: (-0.51, -0.01, 0.86)
495.46: (-0.56, 0.02, 0.83)
495.57: (-0.90, 0.38, 0.22)
495.67: (-0.87, 0.30, 0.40)
495.79: (-0.87, 0.31, 0.40)
495.89: (-0.94, 0.20, 0.27)
496.00: (-0.99, -0.10, 0.03)
496.05: (-0.99, -0.11, 0.04)
496.05: (0.14, 0.66, 0.74): 1
496.10: (-0.99, -0.11, 0.05)
496.22: (-1.00, -0.05, -0.08)
496.34: (-0.94, 0.06, -0.34)
496.44: (-0.89, 0.15, -0.43)
496.56: (-0.89, 0.15, -0.43)
496.67: (-0.63, 0.40, -0.66)
496.79: (0.01, 0.46, -0.89)
496.90: (0.87, 0.10, -0.49)
497.02: (0.86, 0.10, -0.51)
497.12: (0.86, 0.10, -0.50)
497.24: (0.99, 0.11, -0.02)
497.35: (0.72, 0.62, 0.31)
497.47: (0.54, 0.74, 0.40)
497.57: (0.91, 0.37, 0.18)
497.69: (0.99, 0.08, 0.08)
497.79: (0.69, 0.61, 0.39)
497.90: (0.54, 0.66, 0.52)
498.02: (0.43, 0.66, 0.62)
498.14: (0.16, 0.65, 0.75)
498.17: (0.11, 0.69, 0.72)
498.17: (0.09, -0.97, 0.21): 0
498.25: (0.12, 0.70, 0.71)
498.35: (0.33, 0.63, 0.70)
498.47: (0.71, 0.35, 0.62)
498.57: (0.79, 0.22, 0.57)
498.69: (0.55, -0.19, 0.81)
498.80: (0.29, -0.43, 0.85)
498.90: (0.29, -0.43, 0.85)
499.02: (-0.01, -0.65, 0.76)
499.14: (-0.27, -0.81, 0.52)
499.25: (-0.11, -0.91, 0.40)
499.37: (0.05, -0.97, 0.24)
499.45: (0.07, -0.98, 0.20)
499.45: (0.16, -0.26, 0.95): 1
499.49: (0.07, -0.98, 0.20)
499.60: (-0.05, -0.99, 0.16)
499.72: (-0.57, -0.75, -0.33)
499.82: (-0.60, -0.71, -0.37)
499.92: (-0.60, -0.71, -0.37)
500.04: (-0.73, -0.34, -0.59)
500.14: (-0.71, 0.16, -0.69)
500.25: (-0.71, 0.14, -0.69)
500.37: (-0.99, 0.04, -0.16)
500.49: (-0.95, -0.19, 0.26)
500.60: (-0.93, -0.24, 0.27)
500.70: (-0.29, -0.95, 0.12)
500.82: (-0.47, -0.55, -0.69)
500.94: (-0.58, -0.13, -0.80)
501.05: (-0.79, -0.02, -0.62)
501.17: (-0.72, 0.49, 0.48)
501.29: (-0.54, 0.50, 0.67)
501.39: (-0.54, 0.50, 0.67)
501.49: (-0.13, 0.68, 0.72)
501.59: (0.51, 0.67, 0.54)
501.70: (0.36, 0.76, 0.54)
501.80: (0.59, 0.61, 0.54)
501.92: (0.96, -0.21, 0.17)
502.02: (0.97, -0.09, 0.24)
502.14: (0.93, -0.31, 0.20)
502.25: (0.34, -0.91, -0.25)
502.37: (0.69, -0.72, -0.09)
502.47: (0.63, -0.73, 0.26)
502.59: (-0.06, -0.38, 0.92)
502.70: (-0.42, -0.35, 0.84)
502.80: (-0.38, -0.35, 0.86)
502.92: (-0.18, -0.29, 0.94)
503.02: (0.16, -0.30, 0.94)
503.09: (0.25, -0.27, 0.93)
503.09: (-0.12, -0.98, 0.17): 2
503.12: (0.25, -0.27, 0.93)
503.24: (0.21, -0.28, 0.94)
503.35: (-0.17, -0.37, 0.91)
503.47: (-0.54, -0.32, 0.78)
503.57: (-0.64, -0.23, 0.74)
503.69: (-0.70, -0.19, 0.69)
503.80: (-0.72, -0.19, 0.67)
503.90: (-0.62, -0.32, 0.72)
504.02: (-0.49, -0.37, 0.79)
504.14: (-0.37, -0.45, 0.81)
504.25: (-0.25, -0.78, 0.57)
504.37: (-0.26, -0.96, 0.14)
504.49: (-0.21, -0.91, 0.36)
504.59: (-0.13, -0.91, 0.41)
504.70: (-0.11, -0.91, 0.39)
504.80: (-0.11, -0.92, 0.38)
504.90: (-0.09, -0.95, 0.29)
504.95: (-0.09, -0.96, 0.27)
504.95: (-0.36, 0.91, 0.19): 0
505.00: (-0.09, -0.96, 0.27)
505.12: (-0.09, -0.96, 0.27)
505.24: (-0.07, -0.97, 0.25)
505.35: (-0.07, -0.97, 0.25)
505.47: (-0.16, -0.94, -0.30)
505.59: (-0.20, -0.79, -0.58)
505.70: (-0.20, -0.80, -0.56)
505.82: (-0.24, -0.27, -0.93)
505.94: (-0.26, 0.13, -0.96)
506.05: (-0.28, 0.02, -0.96)
506.17: (-0.07, 0.75, -0.65)
506.27: (0.02, 0.90, -0.44)
506.37: (0.02, 0.90, -0.44)
506.49: (0.00, 0.93, -0.37)
506.60: (-0.14, 0.98, 0.15)
506.72: (-0.29, 0.92, 0.26)
506.82: (-0.34, 0.91, 0.24)
506.84: (-0.35, 0.91, 0.23)
506.84: (0.63, -0.77, -0.09): 2
506.94: (-0.36, 0.91, 0.22)
507.05: (-0.15, 0.87, 0.47)
507.15: (-0.12, 0.85, 0.51)
507.27: (-0.12, 0.85, 0.51)
507.39: (0.11, 0.57, 0.81)
507.50: (0.41, -0.40, 0.82)
507.62: (0.43, -0.35, 0.83)
507.72: (0.43, -0.36, 0.83)
507.84: (0.23, -0.97, -0.10)
507.95: (0.05, -0.83, -0.56)
508.07: (0.06, -0.83, -0.55)
508.19: (0.45, -0.73, -0.51)
508.29: (0.66, -0.73, -0.18)
508.39: (0.66, -0.74, -0.17)
508.39: (0.62, -0.04, -0.79): 1
508.40: (0.66, -0.74, -0.17)
508.52: (0.66, -0.73, -0.18)
508.64: (0.66, -0.71, -0.26)
508.75: (0.02, -0.28, -0.96)
508.85: (0.01, -0.27, -0.96)
508.97: (0.00, -0.28, -0.96)
509.07: (0.18, -0.06, -0.98)
509.19: (0.62, 0.14, -0.77)
509.30: (0.67, 0.01, -0.74)
509.42: (0.61, -0.12, -0.78)
509.42: (0.99, -0.15, 0.04): 2
509.42: (0.61, -0.12, -0.78)
509.54: (0.61, -0.12, -0.78)
509.65: (0.46, 0.18, -0.87)
509.77: (-0.45, 0.72, -0.53)
509.89: (-0.37, 0.70, -0.61)
510.00: (-0.37, 0.70, -0.61)
510.12: (-0.54, 0.70, -0.46)
510.24: (-0.77, 0.34, 0.54)
510.34: (-0.78, 0.42, 0.46)
510.44: (-0.78, 0.42, 0.46)
510.55: (-0.26, -0.11, 0.96)
510.67: (-0.04, -0.17, 0.98)
510.79: (-0.04, -0.17, 0.98)
510.89: (0.39, -0.52, 0.76)
511.00: (0.71, -0.68, 0.21)
511.12: (0.69, -0.67, 0.27)
511.22: (0.79, -0.62, -0.01)
511.34: (0.96, -0.27, -0.09)
511.45: (1.00, -0.08, 0.05)
511.57: (0.99, -0.11, 0.09)
511.64: (0.99, -0.12, 0.08)
511.64: (0.42, -0.30, -0.86): 0
511.67: (0.99, -0.12, 0.08)
511.79: (0.99, -0.11, 0.05)
511.90: (0.99, -0.11, 0.01)
512.02: (0.99, -0.14, -0.01)
512.13: (0.53, 0.04, -0.85)
512.25: (0.50, 0.10, -0.86)
512.37: (0.54, 0.07, -0.84)
512.48: (0.42, -0.27, -0.87)
512.59: (0.34, -0.42, -0.84)
512.59: (-0.09, 0.94, -0.34): 1
512.59: (0.34, -0.42, -0.84)
512.70: (0.40, -0.41, -0.82)
512.82: (0.46, -0.25, -0.86)
512.92: (0.52, 0.02, -0.86)
513.04: (0.69, 0.19, -0.69)
513.15: (0.90, 0.21, -0.38)
513.25: (0.54, 0.71, -0.46)
513.37: (0.89, 0.26, 0.37)
513.48: (0.88, -0.25, 0.41)
513.60: (0.92, -0.09, 0.38)
513.72: (0.51, 0.86, -0.11)
513.83: (0.41, 0.90, -0.14)
513.93: (0.31, 0.92, -0.22)
514.05: (-0.08, 0.88, -0.47)
514.17: (-0.21, 0.85, -0.48)
514.27: (-0.17, 0.87, -0.46)
514.37: (-0.10, 0.91, -0.39)
514.38: (-0.10, 0.92, -0.39)
514.38: (0.52, 0.85, -0.10): 1
514.48: (-0.08, 0.92, -0.37)
514.60: (-0.06, 0.92, -0.39)
514.72: (0.16, 0.96, -0.24)
514.83: (0.62, 0.78, -0.05)
514.93: (0.64, 0.77, -0.06)
514.98: (0.64, 0.76, -0.07)
514.98: (0.75, -0.52, 0.39): 2
515.05: (0.64, 0.76, -0.07)
515.17: (0.59, 0.80, -0.06)
515.28: (0.57, 0.82, 0.01)
515.40: (0.56, 0.76, 0.34)
515.50: (0.36, 0.60, 0.72)
515.62: (0.39, 0.12, 0.91)
515.72: (0.49, 0.12, 0.86)
515.83: (0.57, 0.17, 0.80)
515.95: (0.87, 0.22, 0.45)
516.07: (0.96, -0.10, 0.26)
516.17: (0.77, -0.38, 0.51)
516.28: (0.76, -0.47, 0.44)
516.38: (0.77, -0.51, 0.38)
516.38: (-0.45, 0.62, 0.64): 0
516.40: (0.77, -0.51, 0.38)
516.52: (0.76, -0.51, 0.40)
516.62: (0.79, -0.44, 0.43)
516.73: (0.79, -0.44, 0.42)
516.85: (0.77, -0.50, 0.41)
516.97: (0.93, -0.11, 0.35)
517.08: (0.91, -0.29, 0.29)
517.20: (0.35, -0.86, 0.38)
517.32: (0.37, -0.86, 0.36)
517.42: (0.07, -0.96, 0.28)
517.53: (-0.20, -0.95, 0.25)
517.65: (-0.20, -0.95, 0.25)
517.75: (-0.18, -0.95, 0.24)
517.87: (-0.60, -0.80, 0.10)
517.98: (-0.86, -0.50, -0.04)
518.10: (-0.83, -0.55, -0.02)
518.20: (-0.96, -0.27, -0.10)
518.32: (-0.87, 0.43, -0.25)
518.42: (-0.87, 0.42, -0.25)
518.53: (-0.86, 0.44, -0.26)
518.65: (-0.23, 0.94, -0.26)
518.77: (0.14, 0.97, -0.21)
518.88: (0.14, 0.97, -0.21)
518.98: (0.11, 0.99, 0.04)
519.08: (-0.24, 0.71, 0.66)
519.20: (-0.40, 0.48, 0.78)
519.32: (-0.63, 0.37, 0.69)
519.43: (-0.54, 0.55, 0.63)
519.50: (-0.53, 0.58, 0.62)
519.50: (-0.47, 0.32, -0.82): 0
519.53: (-0.53, 0.58, 0.62)
519.65: (-0.53, 0.57, 0.63)
519.77: (-0.50, 0.56, 0.66)
519.87: (-0.50, 0.56, 0.66)
519.98: (-0.51, 0.56, 0.65)
520.10: (-0.60, 0.48, 0.64)
520.22: (0.40, 0.43, 0.81)
520.33: (0.88, 0.11, 0.45)
520.43: (0.88, 0.11, 0.45)
520.53: (0.84, 0.22, 0.49)
520.63: (0.98, -0.04, 0.21)
520.75: (0.53, -0.52, -0.67)
520.87: (0.53, -0.52, -0.67)
520.98: (0.54, -0.49, -0.68)
521.10: (-0.23, -0.47, -0.85)
521.22: (-0.84, -0.13, -0.52)
521.32: (-0.84, -0.13, -0.52)
521.42: (-0.84, -0.12, -0.53)
521.53: (-0.98, 0.03, -0.18)
521.65: (-0.81, 0.43, 0.39)
521.77: (-0.95, 0.22, -0.20)
521.87: (-0.76, 0.12, -0.64)
521.98: (-0.64, 0.19, -0.74)
522.08: (-0.58, 0.28, -0.77)
522.20: (-0.47, 0.36, -0.81)
522.20: (-0.09, 0.00, 1.00): 0
522.20: (-0.47, 0.36, -0.81)
522.32: (-0.50, 0.34, -0.80)
522.42: (-0.56, 0.31, -0.77)
522.53: (-0.49, 0.46, -0.74)
522.65: (-0.11, 0.48, -0.87)
522.77: (0.37, 0.23, -0.90)
522.88: (0.72, -0.27, -0.64)
522.98: (0.79, -0.42, -0.44)
523.10: (0.79, -0.42, -0.44)
523.22: (0.79, -0.42, -0.44)
523.32: (0.79, -0.42, -0.44)
523.43: (0.79, -0.45, -0.42)
523.53: (0.27, -0.96, 0.11)
523.65: (0.13, -0.98, 0.18)
523.75: (0.13, -0.98, 0.18)
523.87: (-0.18, -0.85, 0.50)
523.98: (-0.69, -0.08, 0.72)
524.08: (-0.64, -0.18, 0.75)
524.20: (-0.63, -0.19, 0.75)
524.30: (-0.61, 0.01, 0.79)
524.42: (-0.30, -0.06, 0.95)
524.53: (-0.14, -0.05, 0.99)
524.60: (-0.09, -0.03, 1.00)
524.60: (-0.22, 0.88, -0.43): 2
524.63: (-0.09, -0.03, 1.00)
524.75: (-0.13, -0.06, 0.99)
524.87: (-0.24, 0.01, 0.97)
524.98: (-0.81, 0.41, 0.42)
525.10: (-1.00, 0.07, 0.05)
525.22: (-1.00, 0.05, 0.06)
525.32: (-0.96, 0.23, -0.15)
525.43: (-0.47, 0.55, -0.69)
525.55: (-0.49, 0.53, -0.69)
525.65: (-0.49, 0.53, -0.69)
525.75: (-0.49, 0.59, -0.64)
525.87: (-0.47, 0.72, -0.51)
525.98: (-0.40, 0.81, -0.43)
526.10: (-0.30, 0.86, -0.42)
526.12: (-0.29, 0.86, -0.42)
526.12: (0.37, -0.89, -0.26): 2
526.20: (-0.29, 0.86, -0.42)
526.32: (-0.30, 0.85, -0.44)
526.43: (-0.18, 0.90, -0.39)
526.55: (0.11, 0.92, -0.38)
526.65: (0.20, 0.87, -0.46)
526.75: (0.20, 0.87, -0.46)
526.87: (0.39, 0.81, -0.44)
526.98: (0.87, -0.14, -0.47)
527.08: (0.80, -0.11, -0.59)
527.20: (0.68, -0.26, -0.69)
527.32: (0.43, -0.85, -0.31)
527.42: (0.36, -0.93, 0.05)
527.53: (0.36, -0.93, 0.05)
527.65: (0.42, -0.90, -0.13)
527.75: (0.43, -0.86, -0.27)
527.80: (0.43, -0.86, -0.27)
527.80: (-0.71, 0.23, 0.67): 0
527.87: (0.43, -0.86, -0.27)
527.98: (0.42, -0.87, -0.24)
528.08: (0.14, -0.95, 0.29)
528.20: (-0.02, -0.85, 0.53)
528.32: (-0.02, -0.85, 0.53)
528.42: (-0.32, -0.40, 0.86)
528.53: (-0.53, 0.13, 0.84)
528.63: (-0.52, 0.12, 0.84)
528.75: (-0.58, 0.27, 0.77)
528.85: (-0.69, 0.27, 0.67)
528.88: (-0.69, 0.27, 0.67)
528.88: (0.45, 0.51, -0.73): 1
528.97: (-0.70, 0.25, 0.67)
529.08: (-0.70, 0.26, 0.67)
529.18: (-0.52, 0.79, 0.32)
529.30: (-0.42, 0.89, 0.19)
529.40: (-0.42, 0.89, 0.19)
529.52: (-0.53, 0.24, 0.81)
529.63: (-0.32, -0.69, 0.65)
529.75: (-0.32, -0.69, 0.65)
529.86: (-0.13, -0.90, 0.41)
529.98: (0.39, -0.53, -0.75)
530.08: (0.37, -0.52, -0.77)
530.18: (0.37, -0.52, -0.77)
530.30: (0.27, -0.21, -0.94)
530.41: (-0.51, -0.34, -0.79)
530.53: (-0.63, -0.38, -0.68)
530.63: (-0.45, -0.06, -0.89)
530.75: (0.10, 0.43, -0.90)
530.85: (0.16, 0.38, -0.91)
530.96: (0.31, 0.46, -0.83)
531.06: (0.47, 0.59, -0.66)
531.06: (0.62, 0.15, 0.77): 2
531.06: (0.47, 0.59, -0.66)
531.18: (0.46, 0.59, -0.66)
531.28: (0.41, 0.56, -0.72)
531.40: (0.02, -0.25, -0.97)
531.51: (-0.32, -0.93, 0.15)
531.63: (-0.32, -0.94, 0.12)
531.75: (-0.32, -0.94, 0.12)
531.85: (-0.24, -0.70, 0.67)
531.96: (0.05, 0.15, 0.99)
532.06: (0.01, 0.07, 1.00)
532.18: (0.13, 0.14, 0.98)
532.30: (0.59, 0.25, 0.77)
532.40: (0.71, 0.16, 0.68)
532.51: (0.66, 0.07, 0.75)
532.60: (0.62, 0.08, 0.78)
532.60: (-0.98, -0.17, 0.00): 2
532.63: (0.62, 0.08, 0.78)
532.75: (0.62, 0.10, 0.78)
532.86: (0.61, 0.54, 0.59)
532.98: (0.25, 0.97, -0.05)
533.08: (0.26, 0.97, 0.01)
533.20: (0.26, 0.97, 0.01)
533.31: (-0.18, 0.69, -0.70)
533.43: (-0.42, 0.35, -0.84)
533.53: (-0.42, 0.35, -0.84)
533.65: (-0.71, -0.06, -0.70)
533.76: (-0.82, -0.56, 0.10)
533.88: (-0.90, -0.43, 0.08)
533.98: (-0.92, -0.39, 0.06)
534.10: (-0.99, -0.10, -0.05)
534.13: (-0.99, -0.10, -0.05)
534.13: (-0.94, -0.32, -0.12): 2
534.20: (-0.99, -0.11, -0.05)
534.31: (-0.99, -0.14, -0.06)
534.43: (-0.72, -0.67, 0.19)
534.53: (-0.75, -0.66, 0.04)
534.65: (-0.91, -0.40, -0.10)
534.76: (-0.94, -0.33, -0.13)
534.76: (-0.16, -0.51, -0.85): 1
534.76: (-0.94, -0.33, -0.13)
534.86: (-0.94, -0.33, -0.13)
534.98: (-0.77, -0.64, 0.04)
535.08: (-0.23, -0.95, 0.19)
535.20: (-0.23, -0.95, 0.19)
535.31: (-0.23, -0.95, 0.19)
535.43: (0.20, -0.96, 0.17)
535.55: (0.74, -0.67, 0.05)
535.65: (0.93, -0.35, -0.10)
535.76: (0.99, 0.15, -0.03)
535.88: (0.99, 0.15, -0.03)
536.00: (0.97, 0.23, -0.02)
536.10: (0.32, 0.93, 0.20)
536.21: (0.25, 0.94, 0.24)
536.31: (0.25, 0.94, 0.23)
536.43: (-0.74, 0.62, 0.26)
536.55: (-0.91, 0.35, 0.23)
536.66: (-0.91, 0.35, 0.23)
536.78: (-0.86, -0.37, 0.35)
536.90: (-0.52, -0.83, 0.18)
537.00: (-0.52, -0.83, 0.19)
537.11: (-0.24, -0.97, -0.02)
537.23: (0.58, -0.50, -0.65)
537.35: (0.58, -0.50, -0.65)
537.45: (0.58, -0.50, -0.65)
537.56: (0.74, 0.30, -0.60)
537.68: (0.74, 0.64, -0.20)
537.78: (0.87, 0.41, -0.28)
537.90: (0.90, 0.42, 0.12)
538.00: (0.77, 0.32, 0.55)
538.11: (0.79, 0.23, 0.57)
538.23: (0.89, 0.42, 0.15)
538.33: (0.60, 0.64, -0.49)
538.45: (0.03, 0.52, -0.85)
538.56: (-0.25, 0.60, -0.76)
538.68: (-0.25, 0.60, -0.76)
538.78: (-0.27, 0.61, -0.75)
538.90: (-0.50, 0.81, 0.31)
539.01: (-0.45, 0.54, 0.71)
539.11: (-0.45, 0.54, 0.71)
539.23: (-0.39, 0.44, 0.81)
539.35: (0.21, -0.38, 0.90)
539.45: (0.21, -0.39, 0.89)
539.56: (0.21, -0.39, 0.89)
539.68: (0.58, -0.65, 0.49)
539.78: (0.95, -0.23, -0.19)
539.88: (0.99, 0.01, -0.11)
540.00: (0.96, 0.20, 0.21)
540.11: (0.74, 0.67, -0.08)
540.21: (0.62, 0.60, -0.50)
540.33: (0.65, 0.61, -0.46)
540.45: (0.64, 0.55, -0.54)
540.56: (-0.04, -0.21, -0.98)
540.68: (-0.28, -0.43, -0.85)
540.80: (-0.28, -0.43, -0.85)
540.91: (-0.21, -0.44, -0.88)
541.00: (-0.12, -0.44, -0.89)
541.00: (0.86, 0.50, 0.13): 1
541.03: (-0.12, -0.44, -0.89)
541.15: (-0.14, -0.43, -0.89)
541.26: (-0.22, -0.50, -0.83)
541.36: (-0.54, -0.74, -0.41)
541.48: (-0.54, -0.74, -0.40)
541.60: (-0.54, -0.74, -0.40)
541.71: (-0.58, -0.63, 0.51)
541.83: (-0.23, -0.08, 0.97)
541.93: (-0.23, -0.08, 0.97)
542.05: (0.13, 0.44, 0.89)
542.16: (0.52, 0.85, 0.08)
542.28: (0.52, 0.85, 0.10)
542.40: (0.59, 0.81, 0.00)
542.51: (0.80, 0.60, 0.05)
542.63: (0.82, 0.54, 0.19)
542.71: (0.81, 0.54, 0.22)
542.71: (0.99, 0.12, 0.02): 1
542.75: (0.81, 0.54, 0.22)
542.86: (0.81, 0.55, 0.21)
542.96: (0.87, 0.50, 0.01)
543.06: (0.77, 0.30, -0.56)
543.18: (0.84, 0.39, -0.37)
543.30: (0.94, 0.29, -0.16)
543.40: (0.98, 0.19, -0.09)
543.51: (0.99, 0.14, -0.08)
543.58: (0.99, 0.14, -0.01)
543.58: (0.42, -0.79, 0.44): 2
543.61: (0.99, 0.14, -0.01)
543.73: (0.98, 0.19, -0.08)
543.85: (0.98, 0.19, -0.08)
543.96: (0.96, 0.11, -0.25)
544.08: (0.05, -0.36, -0.93)
544.18: (-0.60, -0.40, -0.69)
544.30: (-0.60, -0.40, -0.69)
544.41: (-0.66, -0.39, -0.64)
544.51: (-0.93, 0.11, 0.34)
544.63: (-0.46, 0.41, 0.79)
544.73: (-0.46, 0.41, 0.79)
544.85: (-0.46, 0.41, 0.79)
544.96: (-0.15, 0.52, 0.84)
545.08: (0.81, 0.55, 0.22)
545.18: (0.77, 0.61, 0.18)
545.30: (0.72, 0.69, 0.07)
545.41: (0.73, 0.04, -0.69)
545.53: (0.71, 0.04, -0.71)
545.63: (0.71, 0.03, -0.70)
545.73: (0.20, -0.84, -0.50)
545.85: (-0.42, -0.88, 0.22)
545.96: (-0.31, -0.95, 0.09)
546.08: (-0.56, -0.69, 0.46)
546.19: (-0.59, 0.31, 0.75)
546.30: (-0.66, 0.15, 0.74)
546.41: (-0.54, 0.45, 0.72)
546.53: (0.28, 0.94, 0.17)
546.63: (0.14, 0.60, 0.78)
546.75: (0.34, -0.11, 0.94)
546.86: (0.39, -0.08, 0.92)
546.98: (0.39, -0.08, 0.92)
547.09: (0.87, 0.25, 0.42)
547.21: (0.73, 0.48, -0.50)
547.31: (0.74, 0.48, -0.48)
547.43: (0.69, 0.48, -0.54)
547.54: (-0.45, 0.21, -0.87)
547.66: (-0.67, 0.11, -0.73)
547.78: (-0.67, 0.11, -0.73)
547.88: (-0.87, -0.08, -0.50)
547.99: (-0.68, -0.46, 0.57)
548.09: (-0.71, -0.43, 0.55)
548.19: (-0.71, -0.43, 0.55)
548.31: (-0.16, -0.52, 0.84)
548.43: (0.60, -0.12, 0.79)
548.54: (0.59, -0.13, 0.80)
548.66: (0.60, -0.15, 0.79)
548.78: (0.19, -0.68, 0.71)
548.88: (0.00, -0.82, 0.57)
548.99: (0.23, -0.84, 0.50)
549.09: (0.52, -0.76, 0.40)
549.09: (-0.94, -0.02, -0.34): 2
549.11: (0.52, -0.76, 0.40)
549.23: (0.41, -0.75, 0.51)
549.33: (0.20, -0.65, 0.73)
549.44: (0.23, -0.58, 0.78)
549.54: (0.34, -0.55, 0.77)
549.66: (0.35, -0.55, 0.76)
549.76: (0.62, -0.45, 0.64)
549.88: (0.92, 0.39, 0.08)
549.99: (0.93, 0.36, 0.09)
550.11: (0.93, 0.36, 0.09)
550.23: (0.43, 0.60, -0.68)
550.34: (0.09, 0.55, -0.83)
550.46: (0.09, 0.55, -0.83)
550.58: (0.09, 0.76, -0.65)
550.69: (-0.26, 0.87, 0.41)
550.79: (-0.17, 0.45, 0.88)
550.91: (-0.11, 0.52, 0.85)
551.03: (-0.72, 0.14, 0.67)
551.14: (-0.95, -0.26, 0.14)
551.26: (-0.95, -0.26, 0.14)
551.38: (-0.95, -0.26, 0.14)
551.48: (-0.97, -0.14, -0.19)
551.59: (-0.93, -0.02, -0.37)
551.61: (-0.93, -0.02, -0.37)
551.61: (-0.37, 0.92, -0.06): 2
551.69: (-0.93, -0.02, -0.36)
551.81: (-0.82, -0.21, -0.54)
551.91: (-0.77, -0.26, -0.58)
552.01: (-0.77, -0.26, -0.58)
552.13: (-0.77, -0.26, -0.58)
552.23: (-0.78, -0.24, -0.58)
552.34: (-0.63, -0.37, -0.68)
552.46: (0.47, -0.48, -0.74)
552.56: (0.45, -0.49, -0.75)
552.68: (0.49, -0.44, -0.75)
552.79: (0.99, 0.13, 0.04)
552.91: (0.52, 0.50, 0.69)
553.03: (0.52, 0.50, 0.69)
553.13: (0.52, 0.50, 0.69)
553.24: (0.52, 0.50, 0.69)
553.36: (-0.81, 0.23, 0.54)
553.48: (-0.97, -0.01, 0.25)
553.59: (-0.97, -0.01, 0.25)
553.71: (-0.99, -0.09, 0.10)
553.81: (-0.36, -0.56, -0.75)
553.93: (-0.23, -0.60, -0.77)
554.04: (-0.74, 0.28, -0.61)
554.14: (-0.46, 0.81, -0.37)
554.26: (0.01, 0.91, -0.42)
554.38: (0.12, 0.98, -0.17)
554.49: (-0.41, 0.91, 0.04)
554.61: (-0.50, 0.86, -0.06)
554.63: (-0.50, 0.86, -0.06)
554.63: (-0.79, 0.37, -0.49): 1
554.73: (-0.49, 0.87, -0.07)
554.83: (-0.43, 0.90, -0.07)
554.94: (-0.24, 0.97, 0.08)
555.04: (-0.14, 0.98, 0.13)
555.16: (-0.16, 0.99, 0.05)
555.26: (-0.27, 0.96, -0.03)
555.36: (-0.65, 0.76, -0.03)
555.48: (-0.93, -0.09, -0.37)
555.59: (-0.49, -0.69, -0.54)
555.71: (-0.40, -0.66, -0.64)
555.81: (-0.63, -0.40, -0.66)
555.93: (-0.83, 0.21, -0.52)
556.04: (-0.80, 0.40, -0.45)
556.16: (-0.79, 0.43, -0.43)
556.16: (0.79, -0.08, 0.61): 1
556.16: (-0.79, 0.43, -0.43)
556.26: (-0.79, 0.43, -0.43)
556.38: (-0.79, 0.41, -0.46)
556.48: (-0.79, 0.37, -0.50)
556.59: (-0.81, 0.33, -0.49)
556.71: (-0.87, 0.31, -0.39)
556.81: (-0.83, 0.55, 0.09)
556.93: (-0.55, 0.11, 0.83)
557.03: (-0.22, -0.38, 0.90)
557.14: (-0.22, -0.25, 0.94)
557.26: (-0.55, 0.70, 0.46)
557.36: (-0.61, 0.66, -0.43)
557.48: (-0.53, 0.55, -0.65)
557.58: (-0.53, 0.55, -0.64)
557.69: (-0.39, 0.28, -0.87)
557.81: (0.43, -0.41, -0.80)
557.93: (0.38, -0.43, -0.82)
558.03: (0.38, -0.42, -0.82)
558.14: (0.85, -0.42, -0.30)
558.26: (0.81, -0.03, 0.58)
558.38: (0.91, -0.17, 0.37)
558.48: (0.91, -0.17, 0.37)
558.59: (0.83, -0.16, 0.53)
558.64: (0.81, -0.16, 0.56)
558.64: (-0.97, 0.14, 0.18): 0
558.69: (0.82, -0.16, 0.56)
558.81: (0.82, -0.19, 0.54)
558.93: (0.73, -0.07, 0.68)
559.04: (0.41, 0.26, 0.87)
559.16: (0.43, 0.23, 0.87)
559.26: (0.43, 0.23, 0.87)
559.36: (0.16, 0.40, 0.90)
559.48: (-0.71, 0.63, 0.31)
559.59: (-0.66, 0.64, 0.39)
559.69: (-0.66, 0.64, 0.39)
559.81: (-0.91, 0.36, 0.21)
559.93: (-0.98, 0.03, 0.18)
560.03: (-0.97, 0.07, 0.22)
560.14: (-0.95, 0.19, 0.26)
560.14: (0.77, 0.64, -0.08): 0
560.14: (-0.95, 0.19, 0.26)
560.24: (-0.95, 0.18, 0.25)
560.36: (-0.99, 0.10, 0.12)
560.48: (-0.99, 0.10, 0.12)
560.59: (-0.98, -0.04, -0.19)
560.69: (-0.43, -0.39, -0.81)
560.81: (-0.41, -0.40, -0.82)
560.93: (-0.41, -0.40, -0.82)
561.04: (0.26, -0.56, -0.79)
561.14: (0.86, -0.45, -0.26)
561.26: (0.81, -0.53, -0.27)
561.38: (0.80, -0.53, -0.28)
561.48: (0.84, -0.54, -0.12)
561.59: (0.68, -0.33, 0.65)
561.71: (0.53, -0.53, 0.66)
561.83: (0.50, -0.68, 0.54)
561.94: (0.29, -0.73, 0.62)
562.06: (0.09, 0.21, 0.97)
562.18: (-0.11, 0.57, 0.81)
562.29: (-0.11, 0.57, 0.81)
562.41: (-0.11, 0.57, 0.81)
562.51: (0.05, 0.78, 0.62)
562.62: (0.28, 0.73, -0.62)
562.74: (0.30, 0.79, -0.54)
562.84: (0.30, 0.79, -0.54)
562.96: (0.38, 0.73, -0.57)
563.07: (0.73, 0.63, -0.26)
563.18: (0.81, 0.57, -0.15)
563.29: (0.79, 0.62, -0.04)
563.29: (0.52, 0.67, -0.54): 0
563.29: (0.79, 0.62, -0.04)
563.41: (0.77, 0.64, 0.00)
563.52: (0.76, 0.65, 0.00)
563.62: (0.67, 0.66, -0.32)
563.74: (0.40, 0.69, -0.60)
563.81: (0.40, 0.69, -0.60)
563.81: (-0.48, 0.44, 0.76): 0
563.86: (0.40, 0.69, -0.60)
563.97: (0.40, 0.70, -0.60)
564.07: (0.34, 0.57, -0.75)
564.19: (0.09, -0.19, -0.98)
564.29: (0.13, -0.07, -0.99)
564.41: (0.13, -0.07, -0.99)
564.52: (-0.04, -0.45, -0.89)
564.64: (-0.37, -0.92, 0.07)
564.76: (-0.37, -0.93, 0.01)
564.86: (-0.37, -0.93, 0.01)
564.97: (-0.41, -0.84, 0.36)
565.07: (-0.23, -0.18, 0.96)
565.19: (-0.29, -0.37, 0.88)
565.31: (-0.30, -0.42, 0.86)
565.41: (0.10, 0.48, 0.87)
565.52: (0.20, 0.78, 0.59)
565.62: (0.20, 0.78, 0.59)
565.74: (0.01, 0.73, 0.68)
565.86: (-0.32, 0.53, 0.78)
565.97: (-0.35, 0.51, 0.79)
566.01: (-0.35, 0.51, 0.79)
END