3/30/2023 3:45:50 PM
Mode: Mono
White time (s): [1.516052, 3.482666, 2.382782, 3.08316, 1.432495, 2.333038, 1.866486, 3.016296, 1.716064, 0.9329834, 1.732971, 3.082458, 0.6831665, 0.9502258, 4.165894, 3.265808, 1.566223, 1.399811, 1.283173, 0.4668884, 1.916107, 1.982758, 2.283051, 1.066803, 0.8497314, 1.98291, 4.748932, 1.549683, 0.7998657, 5.032135]
Shot time (s): [1.81633, 0.7835999, 4.99913, 1.683105, 2.382782, 2.416107, 2.033264, 3.016388, 1.132996, 1.78302, 2.632965, 1.316193, 1.23291, 0.9828796, 3.666351, 0.599823, 1.932983, 1.399689, 0.8168945, 0.6664734, 3.099243, 2.049683, 2.666199, 2.099396, 7.131958, 1.649445, 3.74939, 1.249817, 3.632446, 0.9831543]
Step time (s): [0.9165192, 3.048965, 6.115036, 2.099701, 4.398987, 0.8666992, 1.699585, 3.065796, 0.6330566, 0.8665466, 0.9998779, 3.082764, 2.433228, 1.882782, 2.416534, 3.449127, 5.132141, 2.615753, 1.849915, 1.199554, 2.099548, 1.399628, 0.6664124, 1.249786, 1.916016, 1.88327, 2.09967, 0.8665771, 1.216492, 1.549622]
White horz (deg): [66.77997, 132.1024, 396.8373, 582.8676, 144.0275, 386.5023, 301.57, 619.0399, 57.63745, 81.22243, 270.4324, 428.7697, 65.71996, 205.6399, 709.405, 586.8424, 375.2398, 237.7049, 189.21, 28.75248, 286.7299, 70.35744, 232.6699, 120.4424, 92.35244, 274.8048, 722.9197, 163.7699, 48.36246, 780.0272]
Shot horz (deg): [182.3199, 29.67998, 615.7274, 130.7774, 402.0048, 446.7899, 255.1949, 530.5299, 75.52496, 262.2174, 462.8223, 148.1349, 154.23, 96.72494, 743.722, 38.02747, 330.1898, 209.4824, 95.53242, 23.98248, 562.7273, 332.3098, 240.6199, 279.9724, 895.5671, 242.8724, 586.5774, 72.60995, 549.8749, 148.0024]
Step horz (deg): [33.25748, 198.6174, 837.9296, 96.9899, 457.1247, 60.94996, 210.0124, 541.1298, 29.67998, 56.57747, 92.08742, 529.9999, 224.8524, 214.5175, 459.6424, 462.6899, 769.4277, 521.785, 352.1849, 126.1399, 194.245, 140.98, 51.93996, 95.26742, 103.3499, 199.8099, 203.1224, 106.1324, 101.3624, 262.4824]
White vert (deg): [110.5049, 563.2573, 287.7899, 440.6947, 127.7299, 133.6924, 186.4275, 462.2924, 273.7449, 87.71492, 203.52, 284.4775, 46.90496, 40.41247, 400.5473, 326.7448, 143.7625, 203.7849, 169.6, 13.64749, 145.22, 406.7748, 278.1174, 73.27244, 15.76749, 209.3499, 557.8252, 165.3599, 30.07748, 495.5497]
Shot vert (deg): [164.4324, 58.03496, 360.5324, 168.6724, 210.94, 191.7274, 166.8174, 361.0623, 74.33244, 121.1049, 348.7398, 233.0674, 130.7774, 45.18245, 316.2775, 26.36748, 168.5399, 145.22, 40.01498, 34.05248, 304.485, 175.6949, 264.0723, 149.7249, 683.4349, 185.6324, 440.1647, 254.1349, 291.6324, 58.03495]
Step vert (deg): [27.42748, 345.5598, 653.0925, 226.5749, 481.6373, 30.07748, 103.7474, 334.1648, 33.38998, 32.32998, 56.04746, 355.2323, 265.3974, 86.65493, 191.9925, 379.6122, 485.3473, 401.0773, 172.9124, 128.7899, 276.1299, 117.1299, 45.04997, 100.1699, 120.1774, 208.0249, 185.7649, 38.55746, 167.6125, 214.7823]

Time in sec: camera forward versor
Time in sec: target versor: sound type (0 = White, 1 = Shot, 2 = Step)
START
241.11: (-0.54, -0.13, -0.83): 1
241.11: (0.84, 0.28, 0.46)
241.22: (0.84, 0.28, 0.47)
241.34: (0.84, 0.27, 0.47)
241.46: (0.84, 0.26, 0.47)
241.57: (0.84, 0.26, 0.47)
241.67: (0.59, 0.47, 0.66)
241.79: (0.20, 0.54, 0.82)
241.91: (0.18, 0.62, 0.76)
242.01: (0.14, 0.73, 0.67)
242.11: (-0.29, 0.89, 0.35)
242.22: (-0.58, 0.75, -0.32)
242.34: (-0.40, 0.41, -0.82)
242.46: (-0.43, 0.13, -0.89)
242.57: (-0.82, 0.30, -0.49)
242.69: (-0.74, 0.20, -0.64)
242.79: (-0.65, 0.06, -0.76)
242.91: (-0.64, -0.01, -0.77)
242.92: (-0.64, -0.01, -0.77)
242.92: (-0.22, -0.24, -0.95): 2
243.02: (-0.64, -0.01, -0.77)
243.14: (-0.63, -0.01, -0.78)
243.26: (-0.57, 0.13, -0.81)
243.36: (-0.57, 0.13, -0.81)
243.47: (-0.57, 0.13, -0.81)
243.57: (-0.37, -0.20, -0.91)
243.67: (-0.36, -0.21, -0.91)
243.79: (-0.20, -0.29, -0.94)
243.84: (-0.19, -0.30, -0.93)
243.84: (0.69, -0.61, 0.38): 2
243.91: (-0.19, -0.30, -0.93)
244.01: (-0.19, -0.29, -0.94)
244.12: (-0.19, -0.29, -0.94)
244.24: (-0.19, -0.29, -0.94)
244.36: (-0.16, -0.28, -0.94)
244.47: (-0.20, -0.26, -0.94)
244.59: (-0.53, -0.36, -0.77)
244.70: (-0.81, -0.16, -0.56)
244.81: (-0.93, 0.01, -0.37)
244.92: (-1.00, -0.02, -0.09)
245.04: (-0.97, -0.18, 0.16)
245.15: (-0.86, -0.31, 0.41)
245.25: (-0.68, -0.17, 0.71)
245.37: (-0.74, -0.32, 0.59)
245.47: (-0.74, -0.32, 0.59)
245.59: (-0.87, -0.11, 0.48)
245.69: (-0.40, -0.54, 0.74)
245.80: (0.57, -0.82, 0.10)
245.92: (0.73, -0.60, -0.33)
246.04: (0.87, -0.40, -0.27)
246.14: (0.74, -0.65, 0.17)
246.25: (0.45, -0.78, 0.43)
246.35: (0.50, -0.73, 0.47)
246.47: (0.80, -0.48, 0.36)
246.57: (0.83, -0.45, 0.34)
246.69: (0.82, -0.46, 0.34)
246.80: (0.69, -0.59, 0.42)
246.89: (0.68, -0.60, 0.42)
246.89: (0.31, -0.64, 0.71): 1
246.92: (0.68, -0.60, 0.42)
247.02: (0.68, -0.60, 0.42)
247.14: (0.68, -0.60, 0.42)
247.25: (0.65, -0.60, 0.47)
247.37: (0.08, -0.54, 0.84)
247.47: (0.09, -0.54, 0.84)
247.59: (0.36, -0.66, 0.65)
247.67: (0.38, -0.65, 0.66)
247.67: (0.50, 0.17, -0.85): 2
247.70: (0.38, -0.65, 0.66)
247.82: (0.38, -0.65, 0.66)
247.94: (0.37, -0.65, 0.66)
248.05: (0.37, -0.65, 0.66)
248.17: (0.37, -0.65, 0.66)
248.29: (0.37, -0.65, 0.66)
248.40: (0.37, -0.65, 0.66)
248.52: (0.12, -0.71, 0.69)
248.62: (-0.46, -0.78, 0.43)
248.74: (-0.67, -0.73, 0.15)
248.85: (-0.79, -0.58, -0.19)
248.97: (-0.67, -0.44, -0.59)
249.07: (-0.61, -0.16, -0.78)
249.19: (-0.73, 0.13, -0.67)
249.30: (-0.90, 0.37, -0.23)
249.40: (-0.92, 0.33, 0.21)
249.52: (-0.83, 0.19, 0.53)
249.64: (-0.61, 0.15, 0.78)
249.74: (-0.50, 0.24, 0.83)
249.85: (-0.51, 0.45, 0.73)
249.97: (-0.57, 0.70, 0.44)
250.09: (-0.57, 0.82, 0.10)
250.20: (-0.50, 0.82, -0.28)
250.32: (-0.46, 0.82, -0.34)
250.42: (-0.30, 0.64, -0.70)
250.54: (-0.32, -0.09, -0.94)
250.65: (-0.18, -0.82, -0.55)
250.75: (-0.12, -0.99, -0.12)
250.87: (-0.23, -0.88, 0.42)
250.97: (0.08, -0.67, 0.74)
251.09: (0.28, -0.35, 0.89)
251.20: (0.34, -0.35, 0.87)
251.32: (0.34, -0.35, 0.87)
251.42: (0.33, -0.35, 0.88)
251.54: (0.18, 0.35, 0.92)
251.65: (-0.43, 0.56, 0.71)
251.77: (-0.83, 0.32, 0.45)
251.89: (-0.98, 0.03, 0.17)
251.99: (-0.98, -0.15, -0.11)
252.10: (-0.72, -0.51, -0.46)
252.22: (-0.21, -0.94, -0.27)
252.34: (-0.21, -0.94, -0.27)
252.45: (-0.40, -0.90, -0.17)
252.57: (-0.17, -0.95, -0.28)
252.67: (0.13, -0.84, -0.53)
252.79: (0.69, -0.56, -0.46)
252.90: (0.95, -0.12, -0.28)
253.00: (0.95, 0.24, -0.21)
253.12: (0.80, 0.56, 0.22)
253.24: (0.78, 0.41, 0.46)
253.35: (0.88, 0.34, -0.33)
253.47: (0.62, 0.38, -0.69)
253.59: (0.57, 0.33, -0.75)
253.69: (0.54, 0.20, -0.82)
253.79: (0.44, 0.08, -0.90)
253.79: (-0.59, 0.80, 0.11): 1
253.80: (0.44, 0.08, -0.90)
253.92: (0.50, 0.10, -0.86)
254.02: (0.52, 0.10, -0.85)
254.12: (0.50, 0.07, -0.86)
254.24: (0.59, 0.03, -0.81)
254.35: (0.71, -0.01, -0.71)
254.47: (0.68, -0.31, -0.67)
254.59: (0.45, -0.51, -0.73)
254.70: (0.14, -0.79, -0.60)
254.80: (-0.11, -0.89, -0.44)
254.90: (-0.22, -0.96, -0.20)
255.02: (-0.16, -0.98, 0.07)
255.14: (0.01, -0.95, 0.30)
255.25: (0.21, -0.85, 0.49)
255.37: (0.65, -0.61, 0.45)
255.47: (0.82, -0.39, 0.41)
255.59: (0.99, 0.04, 0.10)
255.70: (0.94, 0.33, -0.12)
255.82: (0.74, 0.56, -0.36)
255.92: (0.45, 0.64, -0.63)
256.02: (0.23, 0.71, -0.67)
256.14: (0.24, 0.84, -0.49)
256.24: (0.56, 0.82, -0.12)
256.35: (0.86, 0.49, 0.17)
256.45: (0.91, 0.13, 0.39)
256.57: (0.79, -0.13, 0.60)
256.69: (0.74, -0.03, 0.67)
256.79: (0.75, -0.03, 0.66)
256.90: (0.75, -0.03, 0.66)
257.00: (0.76, 0.00, 0.65)
257.12: (0.73, 0.18, 0.65)
257.24: (0.57, 0.31, 0.76)
257.35: (0.41, 0.21, 0.89)
257.47: (0.19, 0.09, 0.98)
257.57: (0.05, -0.20, 0.98)
257.69: (-0.21, -0.21, 0.96)
257.80: (-0.51, 0.04, 0.86)
257.92: (-0.39, 0.65, 0.66)
258.04: (0.05, 0.97, 0.24)
258.15: (0.38, 0.90, -0.19)
258.25: (0.31, 0.90, -0.31)
258.37: (-0.28, 0.96, 0.03)
258.49: (-0.37, 0.92, 0.08)
258.60: (-0.48, 0.87, 0.10)
258.72: (-0.67, 0.74, 0.04)
258.79: (-0.68, 0.73, 0.04)
258.79: (1.00, 0.01, 0.03): 1
258.84: (-0.68, 0.73, 0.04)
258.94: (-0.68, 0.73, 0.05)
259.05: (-0.67, 0.74, 0.07)
259.15: (-0.66, 0.75, 0.07)
259.27: (-0.64, 0.76, 0.10)
259.39: (-0.25, 0.84, 0.48)
259.50: (0.38, 0.64, 0.67)
259.62: (0.68, 0.21, 0.71)
259.74: (0.68, -0.15, 0.72)
259.85: (0.65, -0.38, 0.66)
259.97: (0.53, -0.68, 0.51)
260.07: (0.92, -0.24, 0.32)
260.17: (0.96, -0.02, 0.27)
260.29: (0.98, 0.03, 0.21)
260.40: (1.00, 0.02, 0.01)
260.47: (1.00, 0.01, -0.03)
260.47: (-0.81, 0.34, 0.48): 2
260.52: (1.00, 0.01, -0.03)
260.64: (1.00, 0.01, -0.04)
260.75: (1.00, -0.01, -0.05)
260.87: (0.99, -0.06, -0.11)
260.98: (0.99, -0.07, -0.15)
261.08: (0.98, -0.10, -0.19)
261.19: (0.31, -0.53, -0.79)
261.30: (-0.36, -0.52, -0.77)
261.42: (-0.55, -0.46, -0.69)
261.53: (-0.55, -0.46, -0.69)
261.63: (-0.55, -0.46, -0.69)
261.75: (-0.63, -0.37, -0.69)
261.85: (-0.95, -0.26, -0.15)
261.95: (-0.99, -0.03, 0.10)
262.07: (-0.94, 0.22, 0.25)
262.17: (-0.83, 0.54, 0.15)
262.28: (-0.79, 0.54, 0.29)
262.40: (-0.82, 0.40, 0.41)
262.50: (-0.80, 0.31, 0.51)
262.57: (-0.80, 0.30, 0.52)
262.57: (-0.48, 0.71, -0.51): 2
262.62: (-0.80, 0.30, 0.52)
262.73: (-0.81, 0.31, 0.50)
262.85: (-0.81, 0.31, 0.50)
262.97: (-0.81, 0.31, 0.50)
263.07: (-0.81, 0.31, 0.50)
263.18: (-0.81, 0.31, 0.50)
263.30: (-0.80, 0.32, 0.50)
263.42: (-0.80, 0.32, 0.50)
263.53: (-0.26, 0.63, 0.73)
263.63: (0.08, 0.61, 0.79)
263.73: (0.16, 0.57, 0.80)
263.83: (0.37, 0.51, 0.78)
263.95: (0.57, 0.43, 0.70)
264.07: (0.57, 0.44, 0.69)
264.17: (0.57, 0.44, 0.69)
264.28: (0.51, 0.52, 0.69)
264.40: (0.74, 0.34, 0.58)
264.50: (0.95, -0.32, -0.02)
264.60: (0.77, -0.51, -0.39)
264.72: (0.76, -0.51, -0.41)
264.82: (0.50, -0.36, -0.79)
264.93: (0.26, 0.29, -0.92)
265.05: (0.19, 0.98, -0.03)
265.17: (0.35, 0.66, 0.67)
265.28: (0.27, 0.30, 0.92)
265.38: (0.27, 0.30, 0.92)
265.48: (0.27, 0.17, 0.95)
265.60: (0.48, -0.44, 0.76)
265.72: (0.25, -0.82, 0.51)
265.83: (-0.15, -0.96, 0.22)
265.93: (-0.41, -0.91, -0.05)
266.05: (-0.83, -0.28, -0.48)
266.17: (-0.83, -0.20, -0.52)
266.27: (-0.83, -0.20, -0.52)
266.38: (-0.78, -0.18, -0.60)
266.48: (-0.42, 0.24, -0.88)
266.60: (-0.27, 0.61, -0.74)
266.72: (-0.11, 0.90, -0.42)
266.83: (-0.36, 0.78, -0.51)
266.93: (-0.53, 0.64, -0.55)
266.97: (-0.53, 0.64, -0.55)
266.97: (0.79, 0.59, 0.16): 1
267.05: (-0.53, 0.64, -0.55)
267.17: (-0.53, 0.66, -0.54)
267.27: (-0.52, 0.66, -0.54)
267.38: (-0.52, 0.66, -0.54)
267.50: (-0.37, 0.88, -0.31)
267.62: (-0.69, 0.72, 0.04)
267.73: (-0.61, -0.36, -0.71)
267.83: (0.04, -0.72, -0.69)
267.95: (0.20, -0.92, -0.33)
268.07: (0.49, -0.86, 0.09)
268.18: (0.85, -0.53, -0.01)
268.28: (0.85, -0.53, -0.01)
268.40: (0.85, -0.53, -0.01)
268.52: (0.81, 0.59, 0.04)
268.63: (0.15, 0.96, -0.22)
268.73: (-0.13, 0.93, -0.35)
268.85: (0.41, 0.89, -0.18)
268.97: (0.58, 0.81, -0.03)
269.08: (0.63, 0.77, 0.03)
269.18: (0.78, 0.62, 0.07)
269.30: (0.82, 0.57, 0.08)
269.35: (0.82, 0.56, 0.10)
269.35: (0.26, 0.89, -0.38): 2
269.42: (0.83, 0.56, 0.08)
269.53: (0.83, 0.55, 0.07)
269.65: (0.83, 0.55, 0.07)
269.77: (0.71, 0.70, -0.07)
269.87: (0.20, 0.95, -0.24)
269.98: (0.14, 0.96, -0.24)
270.08: (0.19, 0.95, -0.24)
270.20: (0.29, 0.88, -0.38)
270.22: (0.29, 0.88, -0.38)
270.22: (0.28, 0.00, 0.96): 0
270.32: (0.28, 0.87, -0.41)
270.43: (0.28, 0.87, -0.41)
270.55: (0.28, 0.87, -0.41)
270.67: (0.28, 0.87, -0.41)
270.78: (0.28, 0.87, -0.41)
270.90: (0.28, 0.87, -0.41)
271.02: (0.46, 0.88, -0.11)
271.13: (0.70, 0.54, 0.47)
271.25: (0.67, 0.26, 0.69)
271.37: (0.57, 0.03, 0.82)
271.47: (0.43, -0.17, 0.89)
271.58: (0.25, -0.07, 0.97)
271.70: (0.20, 0.01, 0.98)
271.73: (0.20, 0.01, 0.98)
271.73: (0.31, 0.95, 0.00): 0
271.80: (0.19, 0.01, 0.98)
271.92: (0.20, 0.01, 0.98)
272.02: (0.20, 0.01, 0.98)
272.12: (0.20, 0.01, 0.98)
272.23: (0.20, 0.01, 0.98)
272.35: (0.20, 0.01, 0.98)
272.47: (0.22, 0.01, 0.98)
272.57: (0.07, -0.05, 1.00)
272.68: (-0.44, -0.33, 0.83)
272.80: (-0.69, -0.40, 0.61)
272.92: (-0.75, -0.49, 0.44)
273.02: (-0.75, -0.49, 0.44)
273.13: (-0.75, -0.49, 0.44)
273.25: (-0.79, -0.60, 0.13)
273.35: (-0.49, -0.22, -0.84)
273.45: (-0.12, 0.02, -0.99)
273.55: (-0.12, 0.02, -0.99)
273.67: (-0.46, -0.22, -0.86)
273.77: (-0.83, -0.50, 0.25)
273.88: (-0.05, -0.44, 0.90)
273.98: (-0.02, -0.44, 0.90)
274.08: (-0.02, -0.44, 0.90)
274.20: (-0.13, -0.54, 0.83)
274.32: (0.56, -0.01, 0.83)
274.43: (0.82, 0.57, -0.05)
274.53: (0.69, 0.52, -0.51)
274.63: (0.69, 0.52, -0.51)
274.75: (0.83, 0.52, -0.21)
274.87: (0.36, 0.88, 0.31)
274.98: (0.29, 0.92, 0.27)
275.10: (0.30, 0.95, 0.00)
275.22: (0.29, 0.95, -0.11)
275.22: (-0.03, -0.22, -0.97): 1
275.22: (0.29, 0.95, -0.11)
275.33: (0.29, 0.95, -0.11)
275.43: (0.29, 0.95, -0.11)
275.53: (0.29, 0.95, -0.11)
275.65: (0.21, 0.96, -0.16)
275.77: (-0.65, 0.69, 0.31)
275.88: (-0.79, 0.23, 0.56)
275.98: (-0.94, -0.09, 0.32)
276.10: (-0.97, 0.03, -0.25)
276.22: (-0.69, 0.61, -0.38)
276.33: (-0.58, 0.74, -0.35)
276.45: (-0.74, 0.25, -0.62)
276.57: (-0.80, 0.24, -0.55)
276.68: (-0.80, 0.28, -0.53)
276.80: (-0.54, -0.53, -0.65)
276.92: (0.15, -0.97, -0.19)
277.03: (0.26, -0.85, -0.45)
277.13: (0.00, -0.47, -0.88)
277.23: (-0.23, 0.04, -0.97)
277.35: (-0.36, 0.30, -0.88)
277.47: (-0.15, -0.08, -0.98)
277.58: (-0.12, -0.20, -0.97)
277.63: (-0.12, -0.20, -0.97)
277.63: (0.57, -0.81, -0.14): 1
277.70: (-0.11, -0.19, -0.97)
277.81: (-0.10, -0.18, -0.98)
277.93: (-0.08, -0.17, -0.98)
278.03: (-0.11, -0.12, -0.99)
278.15: (-0.33, 0.30, -0.89)
278.27: (-0.09, 0.61, -0.79)
278.38: (0.32, 0.07, -0.94)
278.50: (0.32, 0.07, -0.94)
278.61: (0.32, 0.07, -0.94)
278.73: (0.47, 0.18, -0.86)
278.85: (0.90, 0.09, -0.44)
278.96: (0.93, -0.29, -0.24)
279.07: (1.00, -0.05, 0.07)
279.17: (0.90, 0.42, 0.13)
279.28: (1.00, -0.05, 0.03)
279.40: (0.83, -0.55, -0.07)
279.51: (0.57, -0.82, -0.06)
279.63: (0.56, -0.82, -0.08)
279.66: (0.56, -0.82, -0.09)
279.66: (0.66, 0.75, 0.08): 2
279.73: (0.56, -0.82, -0.09)
279.85: (0.56, -0.82, -0.09)
279.96: (0.59, -0.80, -0.09)
280.08: (0.60, -0.80, -0.10)
280.18: (0.60, -0.80, -0.10)
280.30: (0.60, -0.80, -0.10)
280.41: (0.57, -0.65, -0.50)
280.53: (0.82, -0.19, -0.54)
280.65: (0.94, -0.04, -0.35)
280.76: (0.77, 0.64, 0.01)
280.88: (0.03, 0.89, 0.45)
281.00: (0.19, 0.84, 0.51)
281.11: (0.69, 0.69, 0.20)
281.23: (0.68, 0.71, 0.16)
281.33: (0.63, 0.77, 0.12)
281.36: (0.63, 0.77, 0.12)
281.36: (-0.41, 0.91, -0.08): 2
281.45: (0.63, 0.77, 0.12)
281.56: (0.62, 0.78, 0.13)
281.68: (0.59, 0.79, 0.16)
281.78: (0.58, 0.80, 0.17)
281.90: (0.58, 0.80, 0.17)
282.01: (0.40, 0.83, 0.40)
282.13: (-0.40, 0.39, 0.83)
282.25: (-0.63, -0.04, 0.78)
282.35: (-0.84, -0.08, 0.54)
282.46: (-0.93, -0.38, -0.04)
282.58: (-0.53, -0.75, -0.41)
282.68: (-0.53, -0.77, -0.35)
282.78: (-0.73, -0.68, 0.02)
282.90: (-0.61, -0.58, 0.54)
283.01: (-0.27, -0.14, 0.95)
283.13: (0.08, 0.05, 1.00)
283.25: (0.18, -0.68, 0.71)
283.36: (-0.35, -0.83, -0.43)
283.48: (-0.55, -0.50, -0.68)
283.58: (-0.55, -0.50, -0.68)
283.70: (-0.55, -0.50, -0.68)
283.81: (-0.61, 0.03, -0.79)
283.93: (-0.33, 0.84, -0.43)
284.03: (0.01, 0.98, -0.18)
284.13: (0.18, 0.98, 0.08)
284.25: (-0.24, 0.96, -0.12)
284.36: (-0.38, 0.92, -0.11)
284.43: (-0.39, 0.91, -0.10)
284.43: (0.86, 0.04, 0.51): 1
284.46: (-0.39, 0.91, -0.10)
284.58: (-0.39, 0.92, -0.10)
284.68: (-0.39, 0.92, -0.09)
284.80: (-0.38, 0.92, -0.07)
284.91: (-0.61, 0.72, 0.33)
285.03: (-0.86, 0.21, 0.46)
285.15: (-0.75, -0.25, -0.61)
285.26: (0.23, -0.07, -0.97)
285.38: (0.27, -0.23, -0.93)
285.48: (0.00, -0.83, -0.55)
285.60: (-0.59, -0.72, -0.37)
285.71: (-0.59, -0.72, -0.37)
285.83: (-0.61, -0.72, -0.32)
285.95: (0.15, -0.98, -0.11)
286.06: (0.78, -0.60, -0.14)
286.18: (0.98, -0.17, -0.08)
286.30: (0.93, 0.20, -0.32)
286.41: (0.79, 0.44, -0.43)
286.53: (0.59, 0.80, 0.16)
286.63: (0.88, -0.26, 0.39)
286.73: (0.81, -0.59, -0.01)
286.85: (0.81, -0.59, -0.01)
286.95: (0.83, -0.55, 0.11)
287.06: (0.86, -0.25, 0.45)
287.16: (0.84, -0.17, 0.51)
287.26: (0.85, -0.06, 0.52)
287.38: (0.84, 0.02, 0.54)
287.45: (0.84, 0.02, 0.54)
287.45: (0.99, -0.10, -0.07): 1
287.48: (0.84, 0.02, 0.54)
287.58: (0.84, 0.02, 0.54)
287.70: (0.85, 0.01, 0.53)
287.81: (0.97, -0.03, 0.23)
287.93: (0.89, -0.31, -0.33)
288.05: (0.92, -0.28, -0.27)
288.15: (0.99, -0.10, -0.01)
288.26: (0.99, 0.04, 0.15)
288.38: (0.99, 0.04, 0.13)
288.48: (1.00, -0.09, -0.03)
288.58: (0.99, -0.12, -0.07)
288.58: (-0.97, -0.08, -0.21): 0
288.60: (0.99, -0.12, -0.07)
288.71: (0.99, -0.12, -0.07)
288.83: (0.99, -0.12, -0.07)
288.93: (0.98, 0.13, -0.12)
289.05: (0.54, 0.78, -0.32)
289.16: (0.53, 0.23, -0.82)
289.28: (0.72, -0.41, -0.56)
289.40: (0.79, -0.59, -0.17)
289.50: (0.86, -0.51, 0.01)
289.61: (0.32, -0.63, 0.71)
289.73: (0.30, -0.25, 0.92)
289.83: (0.54, 0.07, 0.84)
289.95: (0.20, 0.25, 0.95)
290.06: (-0.66, -0.42, 0.63)
290.16: (-0.54, -0.83, -0.16)
290.28: (-0.54, -0.83, -0.16)
290.40: (-0.65, -0.75, -0.11)
290.51: (-0.87, -0.49, 0.03)
290.61: (-0.94, -0.33, 0.05)
290.73: (-0.95, -0.29, -0.08)
290.85: (-0.94, -0.15, -0.32)
290.96: (-0.95, -0.02, -0.31)
290.96: (0.52, -0.49, -0.70): 1
290.96: (-0.95, -0.02, -0.31)
291.06: (-0.95, -0.02, -0.31)
291.18: (-0.98, -0.11, -0.18)
291.30: (-0.97, -0.13, -0.19)
291.40: (-0.95, -0.29, -0.09)
291.51: (-0.33, -0.22, 0.92)
291.63: (-0.17, 0.36, 0.92)
291.75: (0.79, 0.13, 0.60)
291.86: (0.79, 0.13, 0.60)
291.96: (0.79, 0.13, 0.60)
292.08: (0.97, 0.13, 0.19)
292.18: (0.85, -0.29, -0.44)
292.30: (0.67, -0.52, -0.53)
292.41: (0.62, -0.55, -0.56)
292.53: (0.58, -0.46, -0.67)
292.65: (0.56, -0.46, -0.69)
292.75: (0.51, -0.48, -0.71)
292.75: (0.84, -0.24, -0.49): 2
292.76: (0.51, -0.48, -0.71)
292.86: (0.51, -0.49, -0.71)
292.98: (0.51, -0.49, -0.71)
293.10: (0.73, -0.23, -0.65)
293.21: (0.85, -0.21, -0.48)
293.33: (0.79, -0.37, -0.49)
293.38: (0.79, -0.37, -0.49)
293.38: (-0.82, -0.56, -0.14): 1
293.43: (0.79, -0.37, -0.49)
293.55: (0.81, -0.34, -0.48)
293.65: (0.86, -0.25, -0.45)
293.76: (0.87, -0.24, -0.44)
293.88: (0.94, 0.35, 0.03)
294.00: (0.58, 0.36, 0.73)
294.11: (0.71, 0.68, -0.21)
294.21: (-0.02, -0.17, -0.99)
294.33: (-0.19, -0.43, -0.88)
294.45: (-0.10, -0.76, -0.64)
294.55: (0.67, -0.69, -0.26)
294.66: (0.99, -0.13, -0.01)
294.78: (0.96, -0.26, -0.03)
294.90: (0.30, -0.94, -0.18)
295.01: (-0.04, -0.97, -0.22)
295.11: (-0.37, -0.92, -0.09)
295.23: (-0.49, -0.87, -0.03)
295.35: (-0.24, -0.90, -0.37)
295.46: (-0.24, -0.90, -0.37)
295.58: (-0.48, -0.84, -0.25)
295.69: (-0.81, -0.57, 0.10)
295.79: (-0.84, -0.54, 0.11)
295.91: (-0.83, -0.55, -0.07)
296.01: (-0.82, -0.56, -0.09)
296.01: (0.52, 0.10, 0.85): 0
296.03: (-0.82, -0.56, -0.09)
296.15: (-0.81, -0.58, -0.10)
296.26: (-0.62, -0.77, -0.16)
296.38: (-0.60, -0.73, 0.32)
296.49: (-0.90, -0.18, 0.40)
296.61: (-1.00, -0.01, 0.01)
296.71: (-0.91, -0.03, -0.42)
296.83: (-0.52, -0.10, -0.85)
296.94: (0.14, -0.66, -0.74)
297.06: (0.49, -0.77, -0.41)
297.16: (0.84, -0.54, -0.06)
297.28: (0.95, -0.18, -0.25)
297.39: (-0.11, -0.05, -0.99)
297.49: (-0.74, -0.19, -0.65)
297.61: (-0.96, -0.16, -0.25)
297.73: (-0.89, -0.33, -0.32)
297.84: (-0.89, -0.33, -0.32)
297.96: (-0.99, -0.11, -0.12)
298.08: (-0.69, 0.14, 0.71)
298.19: (-0.16, 0.60, 0.78)
298.29: (0.26, 0.86, 0.44)
298.39: (0.73, 0.67, 0.16)
298.51: (0.94, 0.35, 0.01)
298.63: (0.84, 0.06, 0.54)
298.74: (0.51, -0.03, 0.86)
298.86: (0.44, -0.11, 0.89)
298.98: (0.51, -0.02, 0.86)
299.08: (0.56, 0.06, 0.83)
299.09: (0.56, 0.07, 0.83)
299.09: (-0.99, 0.12, 0.01): 0
299.19: (0.57, 0.07, 0.82)
299.31: (0.56, 0.07, 0.83)
299.43: (0.54, 0.09, 0.84)
299.54: (0.44, 0.14, 0.89)
299.66: (-0.35, 0.77, 0.54)
299.76: (-0.67, 0.74, 0.01)
299.88: (-0.79, 0.60, -0.12)
299.99: (-0.93, 0.37, -0.05)
300.11: (-0.96, -0.08, 0.28)
300.21: (-0.94, -0.11, 0.33)
300.33: (-0.98, -0.01, 0.21)
300.44: (-1.00, 0.07, 0.06)
300.53: (-1.00, 0.08, 0.03)
300.53: (0.56, 0.71, -0.43): 0
300.56: (-1.00, 0.08, 0.03)
300.68: (-1.00, 0.08, 0.02)
300.78: (-1.00, 0.08, 0.03)
300.89: (-1.00, 0.05, 0.02)
301.01: (-0.98, -0.11, 0.14)
301.13: (-0.77, -0.30, 0.56)
301.24: (-0.24, -0.43, 0.87)
301.36: (-0.35, -0.83, 0.43)
301.48: (-0.75, -0.61, -0.27)
301.58: (-0.75, -0.61, -0.27)
301.69: (-0.81, -0.56, -0.18)
301.81: (-0.58, 0.47, -0.67)
301.93: (0.11, 0.87, -0.47)
302.03: (0.55, 0.83, -0.09)
302.13: (0.85, 0.41, 0.33)
302.24: (0.83, 0.55, -0.05)
302.36: (0.66, 0.68, -0.33)
302.46: (0.66, 0.70, -0.27)
302.58: (0.67, 0.71, -0.24)
302.69: (0.66, 0.70, -0.28)
302.79: (0.62, 0.66, -0.42)
302.86: (0.60, 0.67, -0.44)
302.86: (-0.95, 0.28, -0.16): 1
302.91: (0.60, 0.67, -0.44)
303.03: (0.60, 0.67, -0.44)
303.14: (0.52, 0.74, -0.42)
303.24: (0.10, 0.99, -0.14)
303.36: (-0.01, 0.90, 0.45)
303.48: (-0.49, 0.66, 0.57)
303.59: (-0.98, -0.01, 0.18)
303.69: (-0.81, -0.52, -0.26)
303.81: (-0.82, -0.57, -0.03)
303.93: (-0.99, 0.08, -0.10)
304.03: (-0.94, 0.29, -0.17)
304.14: (-0.91, 0.35, -0.22)
304.18: (-0.91, 0.34, -0.22)
304.18: (0.82, -0.22, 0.53): 0
304.26: (-0.91, 0.35, -0.22)
304.38: (-0.93, 0.32, -0.19)
304.48: (-0.94, -0.10, -0.31)
304.59: (-0.94, -0.09, -0.33)
304.69: (-0.94, -0.09, -0.33)
304.81: (-0.91, -0.36, 0.21)
304.93: (-0.52, -0.23, 0.82)
305.04: (-0.11, 0.17, 0.98)
305.14: (0.26, 0.25, 0.93)
305.26: (0.48, -0.27, 0.83)
305.38: (-0.08, -0.85, 0.52)
305.49: (-0.33, -0.84, 0.42)
305.59: (0.32, -0.67, 0.67)
305.69: (0.68, -0.32, 0.67)
305.81: (0.71, -0.26, 0.65)
305.91: (0.73, -0.29, 0.62)
306.03: (0.78, -0.29, 0.55)
306.04: (0.78, -0.29, 0.55)
306.04: (-0.26, -0.45, 0.85): 1
306.14: (0.79, -0.29, 0.55)
306.24: (0.75, -0.20, 0.64)
306.36: (0.75, -0.20, 0.64)
306.48: (0.90, 0.17, 0.39)
306.59: (0.71, -0.62, 0.33)
306.71: (-0.03, -0.94, 0.35)
306.81: (-0.44, -0.82, 0.36)
306.93: (-0.75, -0.54, 0.38)
307.04: (-0.46, -0.44, 0.77)
307.16: (-0.35, -0.44, 0.83)
307.28: (-0.33, -0.46, 0.83)
307.28: (-0.64, -0.09, -0.76): 0
307.28: (-0.33, -0.46, 0.83)
307.38: (-0.33, -0.46, 0.83)
307.49: (-0.29, -0.44, 0.85)
307.61: (0.01, -0.47, 0.88)
307.73: (0.10, 0.05, 0.99)
307.83: (-0.34, 0.44, 0.83)
307.94: (-0.79, 0.18, 0.58)
308.04: (-0.72, -0.52, 0.46)
308.16: (-0.24, -0.89, 0.39)
308.28: (0.22, -0.91, 0.34)
308.39: (0.73, -0.66, 0.20)
308.51: (1.00, -0.04, 0.02)
308.61: (0.88, 0.37, -0.29)
308.73: (0.36, 0.17, -0.92)
308.83: (0.15, 0.12, -0.98)
308.94: (0.31, -0.85, -0.42)
309.06: (0.41, -0.91, 0.00)
309.18: (0.41, -0.91, 0.00)
309.29: (0.48, -0.88, -0.01)
309.39: (-0.06, -0.89, 0.45)
309.49: (-0.81, -0.58, -0.03)
309.59: (-0.29, -0.54, -0.79)
309.71: (0.61, -0.52, -0.60)
309.83: (0.73, -0.51, -0.46)
309.94: (-0.42, -0.44, -0.79)
310.06: (-0.66, -0.31, -0.68)
310.18: (-0.59, -0.27, -0.76)
310.28: (-0.58, -0.03, -0.81)
310.29: (-0.58, -0.03, -0.81)
310.29: (-0.91, -0.32, -0.25): 1
310.39: (-0.58, 0.00, -0.82)
310.51: (-0.57, -0.01, -0.82)
310.63: (-0.96, 0.03, -0.29)
310.73: (-0.95, -0.21, 0.23)
310.83: (-0.95, -0.21, 0.23)
310.94: (-0.96, -0.19, 0.21)
311.06: (-0.95, -0.30, -0.06)
311.17: (-0.92, -0.33, -0.20)
311.27: (-0.93, -0.28, -0.23)
311.27: (0.99, 0.12, -0.10): 1
311.29: (-0.93, -0.28, -0.23)
311.39: (-0.93, -0.29, -0.24)
311.51: (-0.93, -0.36, -0.07)
311.62: (-0.57, -0.31, 0.76)
311.73: (-0.22, 0.19, 0.96)
311.84: (0.24, 0.00, 0.97)
311.96: (-0.02, -0.36, 0.93)
312.07: (-0.28, -0.71, 0.65)
312.17: (-0.54, -0.81, 0.23)
312.29: (-0.63, -0.78, -0.03)
312.39: (-0.75, -0.45, -0.49)
312.51: (-0.66, -0.21, -0.72)
312.61: (-0.21, 0.56, -0.80)
312.73: (0.56, 0.82, -0.12)
312.84: (0.64, 0.74, 0.22)
312.96: (0.63, 0.75, 0.21)
313.06: (0.60, 0.61, 0.52)
313.17: (0.10, -0.31, 0.94)
313.29: (-0.21, -0.70, 0.68)
313.41: (-0.46, -0.89, -0.03)
313.52: (-0.46, -0.89, -0.03)
313.64: (-0.47, -0.88, -0.07)
313.76: (0.05, -0.46, -0.89)
313.86: (0.40, -0.26, -0.88)
313.97: (0.76, 0.02, -0.65)
314.09: (0.74, 0.61, -0.29)
314.19: (0.49, 0.86, -0.15)
314.31: (0.49, 0.86, -0.15)
314.41: (0.56, 0.81, -0.17)
314.52: (0.92, 0.37, -0.09)
314.64: (0.93, 0.36, -0.11)
314.76: (0.98, 0.19, -0.09)
314.86: (0.99, 0.10, -0.11)
314.94: (0.99, 0.10, -0.11)
314.94: (-0.63, 0.03, 0.78): 0
314.97: (0.99, 0.10, -0.11)
315.09: (0.99, 0.12, -0.08)
315.19: (0.99, 0.12, -0.08)
315.31: (0.93, 0.01, -0.37)
315.41: (-0.06, -0.14, -0.99)
315.52: (-0.68, -0.14, -0.72)
315.64: (-0.83, -0.04, -0.56)
315.76: (-0.83, -0.04, -0.56)
315.87: (-0.84, -0.02, -0.54)
315.99: (-0.93, 0.11, 0.35)
316.09: (-0.53, 0.29, 0.80)
316.21: (-0.55, 0.25, 0.79)
316.32: (-0.76, 0.08, 0.64)
316.42: (-0.76, 0.08, 0.64)
316.54: (-0.69, 0.11, 0.72)
316.66: (-0.64, 0.05, 0.77)
316.66: (-0.21, 0.73, 0.65): 0
316.66: (-0.64, 0.05, 0.77)
316.77: (-0.64, 0.05, 0.77)
316.89: (-0.35, -0.14, 0.93)
317.01: (0.31, 0.12, 0.94)
317.12: (0.01, 0.48, 0.88)
317.24: (-0.11, 0.53, 0.84)
317.36: (-0.19, 0.55, 0.81)
317.47: (-0.12, 0.64, 0.76)
317.57: (-0.14, 0.72, 0.68)
317.59: (-0.14, 0.73, 0.67)
317.59: (-0.37, 0.91, -0.18): 2
317.69: (-0.14, 0.73, 0.67)
317.79: (-0.24, 0.73, 0.63)
317.89: (-0.48, 0.80, 0.37)
317.99: (-0.48, 0.80, 0.37)
318.11: (-0.40, 0.87, 0.29)
318.22: (-0.33, 0.92, -0.21)
318.34: (-0.34, 0.92, -0.21)
318.46: (-0.38, 0.91, -0.19)
318.46: (0.89, 0.35, 0.29): 0
318.46: (-0.38, 0.91, -0.19)
318.57: (-0.38, 0.91, -0.19)
318.69: (-0.39, 0.90, -0.18)
318.81: (-0.62, 0.51, -0.59)
318.92: (-0.20, -0.03, -0.98)
319.04: (0.07, 0.39, -0.92)
319.14: (-0.18, 0.78, -0.60)
319.24: (-0.18, 0.78, -0.60)
319.36: (-0.08, 0.79, -0.61)
319.46: (0.59, 0.81, -0.06)
319.57: (0.97, 0.20, -0.15)
319.69: (0.95, -0.20, -0.24)
319.79: (0.95, 0.22, 0.24)
319.91: (0.76, 0.44, 0.48)
320.02: (0.77, 0.46, 0.43)
320.14: (0.92, 0.32, 0.22)
320.19: (0.92, 0.32, 0.22)
320.19: (-0.03, 0.78, 0.63): 2
320.26: (0.92, 0.32, 0.22)
320.37: (0.90, 0.35, 0.26)
320.47: (0.51, 0.46, 0.73)
320.59: (-0.16, 0.89, 0.43)
320.71: (-0.16, 0.89, 0.43)
320.82: (-0.17, 0.86, 0.48)
320.94: (-0.25, 0.80, 0.54)
321.06: (-0.14, 0.77, 0.62)
321.17: (-0.06, 0.77, 0.63)
321.19: (-0.06, 0.77, 0.63)
321.19: (0.98, 0.14, -0.15): 2
321.27: (-0.06, 0.77, 0.63)
321.39: (-0.03, 0.77, 0.64)
321.51: (-0.19, 0.57, 0.80)
321.61: (-0.50, 0.27, 0.82)
321.72: (-0.36, -0.12, 0.93)
321.82: (-0.30, -0.17, 0.94)
321.94: (-0.41, -0.31, 0.86)
322.04: (-0.10, -0.60, 0.80)
322.16: (0.66, -0.04, 0.75)
322.27: (-0.07, 0.62, 0.78)
322.37: (-0.61, -0.53, 0.58)
322.49: (-0.50, -0.87, 0.02)
322.61: (-0.50, -0.87, 0.02)
322.72: (-0.42, -0.91, 0.03)
322.84: (0.25, -0.96, -0.14)
322.94: (0.70, -0.62, -0.36)
323.06: (0.78, -0.15, -0.61)
323.17: (0.33, 0.55, -0.77)
323.29: (-0.33, 0.64, -0.69)
323.39: (-0.33, 0.64, -0.69)
323.51: (0.23, 0.50, -0.84)
323.62: (0.60, 0.28, -0.75)
323.74: (0.63, 0.28, -0.72)
323.86: (0.83, 0.25, -0.49)
323.97: (1.00, 0.02, -0.09)
324.07: (1.00, -0.02, -0.08)
324.19: (0.97, 0.04, -0.23)
324.27: (0.96, 0.13, -0.26)
324.27: (-1.00, -0.02, -0.03): 2
324.31: (0.96, 0.13, -0.25)
324.41: (0.95, 0.15, -0.26)
324.52: (0.93, 0.30, -0.22)
324.64: (0.95, 0.24, -0.20)
324.76: (0.95, 0.24, -0.20)
324.87: (0.97, 0.23, 0.04)
324.99: (0.79, 0.48, 0.39)
325.11: (0.39, 0.64, 0.66)
325.22: (0.04, 0.95, 0.29)
325.34: (-0.28, 0.96, -0.01)
325.46: (-0.70, 0.71, -0.11)
325.56: (-0.69, 0.40, -0.60)
325.67: (-0.69, 0.40, -0.60)
325.79: (-0.75, 0.42, -0.51)
325.89: (-0.83, -0.20, -0.52)
326.01: (-0.71, -0.65, -0.28)
326.12: (-0.75, -0.66, -0.07)
326.22: (-0.97, -0.22, 0.06)
326.34: (-0.99, 0.15, -0.02)
326.44: (-0.98, 0.18, 0.01)
326.56: (-1.00, 0.05, 0.00)
326.67: (-1.00, -0.10, 0.00)
326.71: (-0.99, -0.10, 0.00)
326.71: (0.98, 0.18, 0.07): 2
326.77: (-0.99, -0.10, 0.00)
326.89: (-1.00, -0.10, 0.00)
327.01: (-1.00, -0.09, 0.00)
327.12: (-0.99, -0.02, 0.11)
327.24: (-0.99, -0.07, 0.13)
327.34: (-0.86, -0.03, 0.52)
327.46: (-0.67, 0.29, 0.68)
327.57: (-0.67, 0.29, 0.68)
327.69: (-0.57, 0.35, 0.74)
327.81: (-0.11, 0.63, 0.77)
327.92: (0.64, 0.74, 0.23)
328.04: (0.85, 0.40, -0.34)
328.15: (0.86, 0.39, -0.33)
328.26: (0.90, 0.39, -0.20)
328.37: (0.94, 0.28, 0.18)
328.49: (0.97, 0.16, 0.17)
328.59: (0.99, 0.10, 0.06)
328.59: (-0.98, 0.10, 0.14): 0
328.59: (0.99, 0.10, 0.06)
328.71: (0.99, 0.10, 0.06)
328.82: (0.99, 0.11, 0.06)
328.94: (0.92, 0.22, 0.33)
329.05: (0.71, -0.38, 0.59)
329.15: (0.76, -0.62, 0.20)
329.25: (0.80, -0.60, -0.08)
329.37: (0.80, -0.60, -0.08)
329.47: (0.76, -0.64, -0.13)
329.59: (0.24, -0.97, 0.00)
329.70: (-0.24, -0.93, -0.29)
329.82: (-0.28, -0.89, -0.37)
329.94: (-0.42, -0.76, -0.50)
330.04: (-0.57, -0.77, -0.29)
330.15: (-0.33, -0.66, 0.67)
330.27: (-0.23, -0.59, 0.78)
330.37: (-0.13, -0.69, 0.71)
330.49: (-0.13, -0.69, 0.71)
330.59: (-0.14, -0.66, 0.73)
330.69: (-0.69, -0.56, 0.46)
330.80: (-0.90, -0.03, -0.43)
330.92: (-0.63, 0.05, -0.78)
331.04: (-0.35, -0.11, -0.93)
331.15: (-0.52, -0.10, -0.85)
331.27: (-1.00, -0.06, -0.02)
331.39: (-1.00, -0.09, 0.04)
331.49: (-1.00, 0.01, -0.04)
331.60: (-0.98, 0.12, 0.13)
331.67: (-0.98, 0.12, 0.14)
331.67: (-0.90, -0.16, -0.41): 0
331.72: (-0.98, 0.12, 0.14)
331.82: (-0.98, 0.12, 0.13)
331.94: (-0.97, -0.07, 0.25)
332.05: (-0.92, -0.36, -0.17)
332.17: (-0.93, -0.16, -0.33)
332.29: (-0.96, -0.10, -0.25)
332.35: (-0.96, -0.11, -0.25)
332.35: (-0.33, -0.94, -0.03): 2
332.39: (-0.96, -0.11, -0.25)
332.49: (-0.96, -0.12, -0.26)
332.60: (-0.94, -0.16, -0.30)
332.70: (-0.76, -0.08, -0.65)
332.82: (-0.26, 0.00, -0.97)
332.92: (0.22, -0.09, -0.97)
333.04: (0.83, 0.44, 0.33)
333.14: (0.74, 0.47, 0.48)
333.24: (0.74, 0.47, 0.48)
333.35: (0.86, 0.44, 0.28)
333.45: (0.67, 0.60, 0.44)
333.55: (-0.40, 0.35, 0.85)
333.67: (-0.69, -0.47, 0.54)
333.79: (-0.67, -0.56, 0.50)
333.90: (-0.65, -0.47, 0.60)
334.00: (-0.61, -0.69, 0.39)
334.12: (-0.21, -0.89, -0.40)
334.24: (-0.24, -0.91, -0.33)
334.35: (-0.35, -0.93, 0.07)
334.47: (-0.41, -0.89, 0.19)
334.57: (-0.39, -0.92, 0.07)
334.67: (-0.34, -0.94, -0.04)
334.77: (-0.33, -0.94, -0.05)
334.77: (0.88, -0.46, -0.11): 2
334.79: (-0.33, -0.94, -0.05)
334.90: (-0.33, -0.94, -0.05)
335.02: (0.02, -0.69, -0.72)
335.14: (0.36, -0.14, -0.92)
335.25: (0.52, -0.04, -0.85)
335.35: (0.43, -0.14, -0.89)
335.47: (0.31, -0.36, -0.88)
335.59: (0.68, 0.03, -0.73)
335.70: (0.71, 0.63, -0.32)
335.80: (0.71, 0.64, -0.29)
335.92: (0.61, 0.79, -0.08)
336.02: (0.24, 0.84, 0.49)
336.14: (0.21, 0.84, 0.51)
336.25: (0.22, 0.84, 0.50)
336.37: (0.14, 0.75, 0.65)
336.47: (-0.36, 0.29, 0.89)
336.59: (-0.79, 0.03, 0.61)
336.70: (-0.99, -0.12, -0.01)
336.80: (-0.76, -0.34, -0.55)
336.92: (-0.43, -0.53, -0.73)
337.04: (-0.42, -0.77, -0.48)
337.15: (-0.54, -0.83, -0.13)
337.25: (-0.51, -0.86, 0.02)
337.35: (-0.34, -0.91, 0.25)
337.47: (0.31, -0.95, 0.05)
337.59: (0.67, -0.74, 0.01)
337.70: (0.67, -0.74, 0.01)
337.82: (0.67, -0.74, 0.01)
337.92: (0.74, -0.67, -0.06)
338.04: (0.85, -0.51, -0.13)
338.15: (0.91, -0.41, -0.12)
338.22: (0.91, -0.39, -0.12)
338.22: (0.68, 0.63, 0.38): 2
338.27: (0.91, -0.39, -0.12)
338.39: (0.92, -0.38, -0.13)
338.50: (0.93, -0.26, -0.27)
338.60: (0.85, 0.02, -0.52)
338.72: (0.50, 0.50, -0.71)
338.82: (-0.26, 0.74, -0.61)
338.92: (-0.69, 0.66, -0.30)
339.04: (-0.86, 0.50, -0.11)
339.15: (-0.86, 0.50, -0.11)
339.27: (-0.88, 0.46, -0.10)
339.39: (-0.97, -0.09, 0.22)
339.50: (-0.58, -0.59, 0.56)
339.62: (0.06, -0.82, 0.57)
339.74: (0.40, -0.84, 0.37)
339.84: (0.67, -0.73, 0.14)
339.95: (0.99, -0.01, -0.15)
340.07: (0.99, -0.01, -0.14)
340.17: (1.00, -0.05, -0.09)
340.27: (0.98, -0.04, -0.21)
340.39: (0.15, -0.32, -0.94)
340.50: (-0.25, -0.13, -0.96)
340.60: (-0.41, -0.03, -0.91)
340.72: (-0.79, 0.12, -0.60)
340.84: (-0.77, -0.22, -0.60)
340.95: (-0.77, -0.21, -0.61)
341.05: (-0.80, 0.37, -0.47)
341.17: (-0.90, -0.43, 0.08)
341.27: (-0.79, -0.58, 0.22)
341.39: (-0.54, -0.80, 0.26)
341.50: (-0.02, -0.96, 0.26)
341.60: (0.24, -0.79, 0.56)
341.70: (-0.07, -0.48, 0.87)
341.82: (-0.31, -0.39, 0.87)
341.94: (-0.37, -0.39, 0.84)
342.05: (-0.37, -0.44, 0.82)
342.17: (-0.53, -0.61, 0.59)
342.29: (0.27, -0.61, 0.74)
342.40: (0.79, 0.16, 0.60)
342.52: (0.81, 0.21, 0.55)
342.64: (0.81, 0.21, 0.55)
342.75: (0.78, 0.19, 0.59)
342.85: (0.66, 0.67, 0.33)
342.95: (0.60, 0.76, 0.24)
343.07: (0.59, 0.78, 0.22)
343.19: (0.63, 0.72, 0.30)
343.30: (0.64, 0.70, 0.32)
343.35: (0.64, 0.70, 0.33)
343.35: (0.54, 0.34, 0.77): 1
343.40: (0.64, 0.70, 0.33)
343.50: (0.63, 0.70, 0.32)
343.62: (0.59, 0.73, 0.35)
343.74: (0.48, 0.41, 0.78)
343.85: (0.50, 0.25, 0.83)
343.95: (0.50, 0.25, 0.83)
343.95: (-0.78, 0.48, 0.40): 1
343.97: (0.50, 0.26, 0.83)
344.07: (0.50, 0.25, 0.83)
344.19: (0.47, 0.25, 0.84)
344.30: (0.34, 0.12, 0.93)
344.42: (0.73, 0.12, 0.67)
344.52: (0.93, 0.15, -0.34)
344.64: (0.75, 0.00, -0.66)
344.75: (0.84, -0.33, -0.43)
344.87: (0.55, -0.83, 0.11)
344.97: (0.14, -0.63, 0.77)
345.07: (-0.27, 0.16, 0.95)
345.19: (-0.34, 0.83, 0.44)
345.30: (-0.34, 0.83, 0.44)
345.42: (-0.34, 0.83, 0.44)
345.53: (-0.38, 0.82, 0.42)
345.65: (-0.59, 0.62, 0.51)
345.77: (-0.73, 0.48, 0.48)
345.88: (-0.79, 0.47, 0.40)
345.88: (-0.07, 0.26, -0.96): 0
345.88: (-0.79, 0.47, 0.40)
345.98: (-0.79, 0.47, 0.38)
346.09: (-0.79, 0.56, 0.24)
346.20: (-0.47, 0.82, -0.33)
346.32: (-0.22, 0.81, -0.54)
346.43: (0.53, 0.06, -0.84)
346.53: (0.58, -0.27, -0.77)
346.65: (0.08, 0.10, -0.99)
346.77: (0.00, 0.20, -0.98)
346.83: (0.00, 0.20, -0.98)
346.83: (-0.99, 0.08, 0.07): 2
346.87: (0.00, 0.20, -0.98)
346.98: (0.01, 0.20, -0.98)
347.10: (0.00, 0.30, -0.95)
347.22: (0.04, 0.93, -0.35)
347.33: (0.66, 0.72, -0.23)
347.43: (0.83, 0.53, -0.18)
347.53: (0.77, 0.56, 0.31)
347.65: (-0.10, 0.60, 0.79)
347.77: (0.03, 0.31, 0.95)
347.88: (0.51, -0.03, 0.86)
347.98: (0.94, -0.16, 0.30)
348.10: (0.72, 0.27, -0.64)
348.22: (-0.24, 0.71, -0.66)
348.32: (-0.66, 0.75, -0.01)
348.43: (-0.82, 0.37, 0.43)
348.53: (-0.77, -0.31, 0.56)
348.65: (-0.78, -0.55, 0.31)
348.75: (-0.97, 0.20, 0.14)
348.87: (-0.94, 0.33, 0.02)
348.98: (-1.00, 0.06, 0.07)
349.10: (-0.98, -0.14, 0.16)
349.22: (-0.98, -0.14, 0.16)
349.32: (-1.00, 0.06, 0.04)
349.43: (-0.99, 0.16, -0.03)
349.45: (-0.99, 0.16, -0.03)
349.45: (0.52, -0.49, 0.70): 0
349.55: (-0.99, 0.16, -0.03)
349.65: (-0.99, 0.13, -0.01)
349.77: (-1.00, 0.07, 0.03)
349.87: (-0.63, 0.77, 0.13)
349.98: (-0.63, 0.77, 0.13)
350.08: (-0.63, 0.77, 0.13)
350.20: (-0.64, 0.76, 0.13)
350.32: (-0.82, 0.56, -0.09)
350.43: (-0.50, 0.18, -0.85)
350.55: (-0.41, 0.10, -0.91)
350.65: (-0.17, -0.42, -0.89)
350.77: (0.30, -0.65, -0.70)
350.88: (0.23, 0.17, -0.96)
351.00: (0.23, 0.17, -0.96)
351.10: (0.25, -0.02, -0.97)
351.22: (0.80, -0.10, -0.59)
351.33: (0.98, 0.02, -0.19)
351.45: (0.89, 0.44, -0.15)
351.55: (0.57, 0.81, -0.15)
351.65: (-0.19, 0.97, -0.17)
351.77: (-0.70, 0.69, -0.19)
351.88: (-0.70, 0.69, -0.19)
351.98: (-0.55, 0.83, -0.11)
352.10: (0.13, 0.85, 0.52)
352.22: (0.70, 0.53, 0.48)
352.33: (0.93, 0.16, 0.34)
352.45: (0.97, -0.20, -0.09)
352.57: (0.97, -0.20, -0.09)
352.68: (0.97, -0.25, -0.06)
352.78: (0.80, -0.14, 0.59)
352.88: (0.34, 0.35, 0.87)
353.00: (-0.20, 0.59, 0.78)
353.12: (0.03, 0.15, 0.99)
353.23: (0.48, -0.29, 0.83)
353.33: (0.60, -0.30, 0.74)
353.45: (0.55, -0.42, 0.72)
353.57: (0.46, -0.58, 0.68)
353.62: (0.46, -0.58, 0.67)
353.62: (-0.98, -0.14, 0.10): 1
353.68: (0.46, -0.58, 0.67)
353.78: (0.46, -0.58, 0.67)
353.90: (0.59, -0.36, 0.72)
354.02: (-0.12, -0.29, 0.95)
354.12: (-0.63, -0.67, 0.39)
354.23: (-0.86, -0.49, 0.17)
354.35: (-0.62, 0.72, 0.30)
354.47: (-0.62, 0.72, 0.30)
354.58: (-0.66, 0.71, 0.27)
354.70: (-0.95, 0.07, 0.29)
354.80: (-0.97, -0.05, 0.25)
354.92: (-0.99, -0.07, 0.15)
355.02: (-0.99, -0.10, 0.08)
355.02: (-0.83, 0.25, 0.50): 1
355.03: (-0.99, -0.09, 0.08)
355.15: (-0.99, -0.11, 0.08)
355.27: (-0.87, -0.49, 0.03)
355.38: (-0.89, -0.31, 0.32)
355.50: (-0.94, 0.13, 0.33)
355.62: (-0.94, 0.13, 0.33)
355.72: (-0.88, 0.12, 0.45)
355.82: (-0.84, 0.27, 0.47)
355.83: (-0.84, 0.27, 0.47)
355.83: (-0.98, -0.18, -0.11): 1
355.93: (-0.84, 0.27, 0.47)
356.03: (-0.84, 0.26, 0.47)
356.15: (-0.98, -0.02, 0.21)
356.27: (-0.98, -0.17, -0.03)
356.38: (-0.98, -0.17, -0.03)
356.50: (-0.98, -0.17, -0.03)
356.50: (0.98, -0.14, 0.10): 1
356.50: (-0.98, -0.17, -0.03)
356.62: (-0.98, -0.17, -0.03)
356.72: (-0.98, -0.17, -0.03)
356.83: (-0.98, -0.17, -0.05)
356.93: (-0.89, -0.37, -0.26)
357.05: (-0.66, -0.59, -0.48)
357.17: (-0.75, -0.11, -0.65)
357.28: (-0.75, 0.47, -0.47)
357.38: (-0.75, 0.47, -0.47)
357.50: (-0.59, 0.18, -0.78)
357.62: (0.06, 0.83, -0.56)
357.73: (0.36, 0.91, -0.20)
357.85: (0.66, 0.56, -0.50)
357.97: (0.57, -0.09, -0.81)
358.07: (0.19, -0.40, -0.89)
358.18: (-0.49, -0.54, -0.68)
358.30: (-0.99, -0.09, -0.06)
358.40: (-0.99, -0.09, -0.06)
358.52: (-1.00, -0.03, -0.01)
358.62: (-0.34, 0.39, 0.86)
358.73: (0.60, 0.48, 0.64)
358.85: (0.90, 0.43, 0.04)
358.95: (0.92, 0.35, -0.17)
359.07: (0.92, 0.35, -0.17)
359.18: (0.96, 0.21, -0.17)
359.30: (1.00, -0.01, -0.09)
359.40: (1.00, -0.04, -0.05)
359.52: (0.99, -0.10, 0.04)
359.60: (0.99, -0.13, 0.11)
359.60: (-0.14, 0.94, -0.31): 2
359.63: (0.99, -0.13, 0.11)
359.75: (0.99, -0.13, 0.10)
359.87: (0.81, -0.58, -0.02)
359.98: (0.57, -0.77, 0.27)
360.10: (0.54, 0.41, 0.74)
360.20: (0.08, 0.92, 0.38)
360.32: (-0.01, 0.18, 0.98)
360.43: (0.43, -0.14, 0.89)
360.55: (0.43, -0.14, 0.89)
360.67: (0.18, 0.61, 0.78)
360.78: (0.02, 0.78, 0.62)
360.90: (0.00, 0.87, 0.48)
361.00: (0.05, 0.92, 0.39)
361.12: (-0.13, 0.99, 0.05)
361.23: (-0.18, 0.97, -0.17)
361.33: (-0.18, 0.97, -0.18)
361.43: (-0.09, 0.97, -0.24)
361.45: (-0.09, 0.97, -0.24)
361.45: (0.99, -0.11, 0.05): 0
361.55: (-0.09, 0.97, -0.24)
361.67: (-0.32, 0.86, -0.41)
361.78: (-0.81, 0.49, -0.32)
361.90: (-0.81, 0.49, -0.32)
362.00: (-0.82, 0.49, -0.30)
362.12: (-1.00, -0.01, 0.09)
362.23: (-0.65, 0.07, 0.75)
362.35: (-0.29, 0.43, 0.85)
362.46: (0.11, 0.97, 0.22)
362.56: (0.11, 0.97, 0.22)
362.68: (0.16, 0.97, 0.20)
362.80: (0.68, 0.36, -0.64)
362.90: (0.41, -0.35, -0.84)
363.01: (0.52, -0.46, -0.72)
363.13: (0.51, -0.43, -0.75)
363.23: (0.51, -0.43, -0.74)
363.35: (0.35, -0.92, -0.20)
363.46: (0.16, -0.85, 0.50)
363.58: (0.81, -0.37, 0.46)
363.68: (0.74, 0.46, -0.49)
363.80: (0.36, 0.56, -0.75)
363.91: (0.62, 0.48, -0.62)
364.01: (0.98, 0.20, -0.05)
364.13: (0.98, 0.18, 0.02)
364.25: (1.00, 0.05, -0.05)
364.36: (0.97, -0.21, 0.11)
364.48: (0.98, -0.17, 0.11)
364.60: (0.99, -0.13, 0.10)
364.70: (0.99, -0.13, 0.10)
364.71: (0.99, -0.13, 0.10)
364.71: (-0.50, -0.86, 0.09): 0
364.81: (0.99, -0.13, 0.10)
364.93: (0.96, -0.26, -0.05)
365.05: (0.16, 0.51, -0.85)
365.16: (0.73, 0.67, -0.12)
365.28: (0.98, -0.04, -0.20)
365.40: (0.88, -0.46, -0.16)
365.50: (0.39, -0.90, 0.18)
365.61: (-0.90, -0.44, -0.06)
365.73: (-0.90, -0.44, -0.06)
365.83: (-0.90, -0.44, -0.06)
365.95: (-0.66, -0.75, -0.04)
366.06: (-0.46, -0.89, 0.01)
366.16: (-0.50, -0.87, 0.05)
366.28: (-0.59, -0.80, 0.13)
366.28: (0.86, 0.34, 0.39): 0
366.28: (-0.59, -0.80, 0.13)
366.40: (-0.60, -0.79, 0.13)
366.51: (-0.73, -0.65, -0.23)
366.61: (-0.81, 0.29, -0.50)
366.71: (-0.38, 0.86, -0.34)
366.83: (-0.13, 0.73, -0.67)
366.95: (0.32, 0.84, -0.45)
367.06: (0.71, 0.70, 0.02)
367.16: (0.88, 0.36, 0.29)
367.28: (0.81, -0.13, 0.57)
367.38: (0.76, -0.16, 0.63)
367.50: (0.85, 0.20, 0.48)
367.60: (0.86, 0.25, 0.44)
367.68: (0.87, 0.28, 0.41)
367.68: (-0.14, -0.99, 0.02): 2
367.71: (0.87, 0.28, 0.41)
367.83: (0.87, 0.24, 0.43)
367.95: (0.74, -0.32, 0.59)
368.06: (0.25, -0.63, 0.73)
368.18: (-0.01, -0.73, 0.68)
368.28: (-0.23, -0.87, 0.44)
368.38: (-0.52, -0.83, 0.20)
368.50: (-0.69, -0.72, -0.05)
368.60: (-0.48, -0.87, -0.12)
368.71: (-0.24, -0.97, 0.01)
368.83: (-0.20, -0.98, 0.08)
368.88: (-0.20, -0.98, 0.09)
368.88: (0.82, -0.28, 0.50): 1
368.95: (-0.20, -0.98, 0.09)
369.06: (-0.14, -0.99, 0.06)
369.18: (0.48, -0.87, -0.05)
369.30: (0.69, -0.68, -0.26)
369.41: (0.61, -0.52, -0.60)
369.53: (0.23, -0.44, -0.87)
369.63: (-0.49, -0.50, -0.71)
369.75: (-0.99, -0.15, -0.07)
369.85: (-0.99, -0.15, -0.07)
369.96: (-0.99, -0.15, -0.07)
370.08: (-0.99, -0.13, 0.04)
370.20: (-0.49, 0.00, 0.87)
370.31: (0.13, -0.05, 0.99)
370.43: (0.91, 0.03, 0.41)
370.55: (0.95, 0.08, 0.29)
370.65: (0.95, 0.08, 0.29)
370.76: (0.83, -0.27, 0.49)
370.88: (0.77, -0.36, 0.52)
370.93: (0.77, -0.37, 0.52)
370.93: (-0.99, 0.05, -0.13): 2
371.00: (0.77, -0.37, 0.52)
371.11: (0.77, -0.37, 0.52)
371.21: (0.65, -0.68, 0.34)
371.31: (0.33, -0.94, 0.09)
371.43: (-0.27, -0.82, -0.51)
371.55: (-0.04, -0.28, -0.96)
371.66: (-0.04, -0.28, -0.96)
371.78: (-0.04, -0.28, -0.96)
371.90: (0.09, 0.06, -0.99)
372.01: (0.29, 0.84, -0.45)
372.13: (-0.32, 0.94, -0.05)
372.25: (-0.87, 0.46, 0.18)
372.36: (-0.98, 0.18, 0.04)
372.46: (-0.98, 0.18, 0.04)
372.56: (-0.99, 0.13, 0.07)
372.66: (-0.99, -0.08, -0.07)
372.78: (-0.99, -0.08, -0.09)
372.90: (-0.99, -0.03, -0.13)
373.01: (-0.99, 0.04, -0.16)
373.03: (-0.99, 0.04, -0.16)
373.03: (0.73, -0.65, -0.21): 2
373.11: (-0.99, 0.04, -0.16)
373.23: (-0.99, 0.05, -0.16)
373.35: (-0.87, -0.37, -0.34)
373.46: (0.23, -0.80, -0.55)
373.58: (0.67, -0.39, -0.63)
373.68: (0.67, -0.39, -0.63)
373.80: (0.67, -0.39, -0.63)
373.91: (0.80, -0.44, -0.40)
374.03: (0.78, -0.49, -0.38)
374.15: (0.59, -0.73, -0.35)
374.26: (0.71, -0.69, -0.12)
374.38: (0.72, -0.68, -0.13)
374.43: (0.74, -0.66, -0.14)
374.43: (0.81, 0.55, 0.21): 0
374.48: (0.74, -0.66, -0.14)
374.58: (0.74, -0.66, -0.14)
374.70: (0.92, -0.35, -0.18)
374.81: (0.67, 0.69, 0.28)
374.93: (0.50, -0.14, 0.85)
375.05: (0.61, -0.54, 0.58)
375.16: (0.82, -0.06, 0.57)
375.28: (0.89, 0.18, 0.42)
375.38: (0.90, 0.23, 0.37)
375.48: (0.88, 0.37, 0.29)
375.60: (0.76, 0.64, 0.13)
375.71: (0.73, 0.67, 0.12)
375.71: (1.00, -0.03, -0.01): 2
375.71: (0.73, 0.67, 0.12)
375.81: (0.73, 0.67, 0.10)
375.93: (0.76, 0.61, 0.21)
376.05: (0.92, 0.19, 0.36)
376.16: (0.99, -0.11, 0.00)
376.28: (1.00, -0.06, -0.03)
376.38: (1.00, 0.04, 0.00)
376.38: (0.90, -0.09, -0.43): 0
376.40: (1.00, 0.04, 0.00)
376.50: (1.00, 0.04, -0.01)
376.61: (0.99, 0.03, -0.10)
376.73: (0.88, -0.17, -0.45)
376.83: (0.86, -0.17, -0.49)
376.85: (0.86, -0.17, -0.49)
376.85: (-0.33, -0.58, -0.75): 1
376.95: (0.86, -0.17, -0.49)
377.06: (0.89, -0.01, -0.46)
377.18: (0.83, 0.09, -0.55)
377.30: (0.76, 0.32, -0.56)
377.40: (0.75, 0.34, -0.56)
377.51: (0.56, 0.60, -0.58)
377.63: (0.36, 0.86, -0.36)
377.75: (0.11, 0.99, -0.04)
377.86: (-0.12, 0.97, 0.22)
377.98: (-0.30, 0.84, 0.45)
378.08: (-0.50, 0.67, 0.55)
378.18: (-0.74, 0.36, 0.57)
378.30: (-0.80, -0.09, 0.59)
378.40: (-0.66, -0.46, 0.59)
378.51: (-0.41, -0.82, 0.39)
378.63: (-0.08, -1.00, -0.02)
378.75: (0.01, -0.93, -0.38)
378.85: (0.15, -0.73, -0.67)
378.96: (-0.05, -0.56, -0.82)
379.08: (-0.05, -0.56, -0.82)
379.19: (-0.05, -0.56, -0.82)
379.29: (-0.25, -0.63, -0.74)
379.40: (-0.33, -0.64, -0.69)
379.51: (-0.35, -0.62, -0.70)
379.51: (0.98, 0.06, 0.16): 0
379.51: (-0.35, -0.62, -0.70)
379.63: (-0.35, -0.62, -0.70)
379.74: (-0.35, -0.62, -0.70)
379.86: (-0.31, -0.48, -0.82)
379.98: (-0.37, -0.38, -0.85)
380.08: (-0.81, 0.02, -0.59)
380.19: (-0.93, 0.34, -0.14)
380.30: (-0.75, 0.61, 0.23)
380.41: (-0.17, 0.74, 0.65)
380.53: (0.29, 0.57, 0.77)
380.64: (0.73, 0.14, 0.67)
380.76: (0.89, -0.43, 0.14)
380.88: (0.89, -0.44, 0.14)
380.99: (0.89, -0.44, 0.14)
381.09: (0.98, 0.00, 0.22)
381.21: (0.93, 0.25, 0.26)
381.31: (0.94, 0.22, 0.25)
381.43: (0.98, 0.05, 0.20)
381.43: (0.60, 0.79, -0.10): 0
381.43: (0.98, 0.05, 0.20)
381.54: (0.98, 0.04, 0.20)
381.66: (0.98, 0.03, 0.20)
381.78: (0.80, 0.10, 0.59)
381.88: (0.21, 0.04, 0.98)
381.99: (-0.72, -0.26, 0.65)
382.11: (-0.85, -0.31, -0.43)
382.21: (-0.63, -0.31, -0.71)
382.33: (-0.64, -0.32, -0.70)
382.44: (-0.64, -0.32, -0.70)
382.56: (-0.58, -0.31, -0.75)
382.68: (0.55, 0.20, -0.81)
382.79: (0.91, 0.40, -0.05)
382.91: (0.80, 0.48, 0.36)
383.03: (0.79, 0.60, 0.10)
383.14: (0.79, 0.60, 0.10)
383.26: (0.64, 0.75, -0.13)
383.38: (0.53, 0.81, -0.24)
383.41: (0.53, 0.81, -0.24)
383.41: (-0.89, -0.16, -0.42): 0
383.48: (0.53, 0.81, -0.24)
383.59: (0.53, 0.81, -0.24)
383.71: (0.53, 0.81, -0.24)
383.81: (0.53, 0.81, -0.24)
383.93: (0.73, 0.33, 0.60)
384.04: (0.57, -0.42, 0.70)
384.14: (0.65, -0.40, 0.65)
384.26: (0.65, -0.40, 0.65)
384.38: (0.67, -0.41, 0.62)
384.49: (0.09, -0.80, 0.59)
384.59: (-0.25, -0.91, 0.34)
384.71: (-0.58, -0.81, 0.07)
384.81: (-0.67, -0.75, -0.03)
384.93: (-0.79, -0.60, -0.12)
385.04: (-0.98, 0.02, 0.20)
385.14: (-0.75, 0.33, 0.57)
385.24: (-0.98, 0.10, 0.18)
385.36: (-0.97, -0.17, -0.15)
385.48: (-0.94, -0.25, -0.25)
385.59: (-0.94, -0.21, -0.28)
385.69: (-0.93, -0.19, -0.30)
385.69: (0.22, -0.69, -0.69): 1
385.69: (-0.93, -0.19, -0.30)
385.79: (-0.93, -0.20, -0.31)
385.91: (-0.91, -0.33, -0.24)
386.01: (-0.91, -0.33, -0.24)
386.13: (-0.91, -0.33, -0.24)
386.24: (-0.98, -0.17, -0.12)
386.36: (-0.85, 0.03, 0.53)
386.48: (-0.65, 0.02, 0.76)
386.59: (-0.17, 0.18, 0.97)
386.71: (0.57, 0.03, 0.82)
386.83: (0.78, -0.32, 0.54)
386.93: (0.77, -0.55, 0.33)
387.04: (0.78, -0.61, -0.13)
387.16: (0.50, -0.66, -0.55)
387.28: (0.28, -0.59, -0.76)
387.39: (0.03, -0.39, -0.92)
387.51: (0.02, -0.57, -0.82)
387.61: (0.10, -0.70, -0.71)
387.73: (0.22, -0.73, -0.64)
387.79: (0.27, -0.72, -0.63)
387.79: (0.83, -0.54, -0.14): 0
387.84: (0.26, -0.73, -0.63)
387.94: (0.25, -0.74, -0.63)
388.06: (0.24, -0.74, -0.63)
388.18: (0.25, -0.76, -0.60)
388.29: (0.36, -0.92, -0.13)
388.41: (0.63, -0.67, 0.38)
388.53: (0.83, -0.30, 0.47)
388.64: (0.95, -0.32, 0.03)
388.76: (0.78, -0.59, -0.23)
388.86: (0.72, -0.64, -0.26)
388.86: (0.00, 0.86, 0.52): 2
388.86: (0.72, -0.64, -0.26)
388.98: (0.74, -0.62, -0.25)
389.09: (0.83, -0.55, -0.11)
389.21: (0.83, -0.55, -0.10)
389.33: (0.83, -0.55, -0.10)
389.43: (0.83, -0.55, -0.10)
389.54: (0.97, -0.24, 0.03)
389.64: (0.85, 0.42, 0.33)
389.76: (0.45, 0.84, 0.31)
389.88: (0.12, 0.92, 0.38)
389.98: (0.00, 0.90, 0.44)
390.09: (0.01, 0.87, 0.50)
390.11: (0.01, 0.87, 0.50)
390.11: (-0.62, -0.38, 0.69): 2
390.21: (0.00, 0.87, 0.50)
390.33: (0.00, 0.87, 0.50)
390.44: (0.00, 0.87, 0.50)
390.56: (0.00, 0.87, 0.50)
390.68: (0.00, 0.87, 0.50)
390.78: (0.00, 0.87, 0.50)
390.89: (0.00, 0.87, 0.50)
391.01: (0.00, 0.87, 0.50)
391.11: (0.26, 0.74, 0.62)
391.23: (0.51, 0.25, 0.83)
391.34: (0.16, -0.18, 0.97)
391.46: (-0.07, -0.47, 0.88)
391.56: (-0.02, -0.62, 0.78)
391.68: (0.07, -0.67, 0.74)
391.78: (-0.36, -0.58, 0.74)
391.89: (-0.53, -0.42, 0.74)
392.01: (-0.55, -0.42, 0.72)
392.03: (-0.55, -0.42, 0.72)
392.03: (-0.98, -0.17, 0.03): 0
392.13: (-0.55, -0.42, 0.72)
392.23: (-0.55, -0.42, 0.72)
392.34: (-0.57, -0.38, 0.73)
392.46: (-1.00, -0.08, -0.03)
392.58: (-0.96, 0.07, -0.27)
392.69: (-0.98, 0.03, -0.19)
392.81: (-1.00, -0.06, 0.04)
392.88: (-1.00, -0.06, 0.04)
392.88: (0.50, 0.56, 0.66): 1
392.93: (-1.00, -0.06, 0.04)
393.03: (-1.00, -0.06, 0.04)
393.14: (-1.00, -0.06, 0.04)
393.26: (-1.00, -0.06, 0.04)
393.38: (-0.98, -0.17, 0.14)
393.49: (-0.70, -0.37, 0.61)
393.61: (-0.37, -0.36, 0.86)
393.73: (-0.11, -0.29, 0.95)
393.84: (0.14, -0.24, 0.96)
393.94: (0.30, -0.22, 0.93)
394.06: (0.52, -0.18, 0.84)
394.18: (0.80, -0.08, 0.59)
394.29: (0.98, 0.09, 0.18)
394.39: (0.97, 0.18, -0.15)
394.51: (0.85, 0.26, -0.46)
394.61: (0.64, 0.31, -0.70)
394.71: (0.42, 0.30, -0.85)
394.83: (0.29, 0.28, -0.91)
394.94: (0.11, 0.29, -0.95)
395.06: (-0.15, 0.26, -0.95)
395.16: (-0.31, 0.25, -0.92)
395.28: (-0.46, 0.16, -0.88)
395.39: (-0.42, -0.15, -0.89)
395.51: (-0.18, -0.57, -0.80)
395.61: (-0.05, -0.75, -0.66)
395.71: (-0.03, -0.83, -0.55)
395.81: (0.02, -0.93, -0.36)
395.93: (0.15, -0.98, -0.15)
396.04: (0.19, -0.98, -0.01)
396.14: (0.21, -0.94, 0.26)
396.26: (0.38, -0.69, 0.61)
396.37: (0.55, -0.62, 0.56)
396.49: (0.55, -0.62, 0.56)
396.59: (0.55, -0.62, 0.56)
396.71: (0.71, -0.43, 0.56)
396.82: (0.86, -0.11, 0.51)
396.94: (0.95, 0.14, 0.28)
397.06: (0.88, 0.47, -0.09)
397.16: (0.69, 0.65, -0.32)
397.26: (0.47, 0.70, -0.53)
397.37: (0.07, 0.67, -0.74)
397.49: (-0.43, 0.48, -0.76)
397.61: (-0.79, 0.27, -0.55)
397.72: (-0.99, -0.10, -0.10)
397.84: (-0.97, -0.23, 0.10)
397.94: (-0.97, -0.23, 0.10)
398.06: (-0.91, -0.35, 0.20)
398.17: (-0.21, -0.81, 0.54)
398.29: (-0.07, -0.78, 0.62)
398.41: (-0.42, -0.67, 0.61)
398.52: (-0.75, -0.63, 0.21)
398.62: (-0.44, -0.70, -0.56)
398.74: (0.04, 0.50, -0.87)
398.86: (0.26, 0.97, 0.04)
398.97: (0.04, 0.99, 0.15)
399.07: (0.04, 0.99, 0.15)
399.19: (0.01, 0.86, 0.51)
399.29: (-0.11, 0.12, 0.99)
399.41: (0.04, -0.46, 0.89)
399.51: (0.17, -0.37, 0.91)
399.62: (0.32, 0.33, 0.89)
399.74: (0.33, 0.39, 0.86)
399.86: (0.35, 0.49, 0.80)
399.97: (0.45, 0.57, 0.68)
400.01: (0.47, 0.58, 0.67)
400.01: (0.57, 0.65, -0.49): 0
400.09: (0.47, 0.58, 0.67)
400.19: (0.45, 0.56, 0.70)
400.31: (0.44, 0.56, 0.70)
400.41: (0.44, 0.56, 0.70)
400.51: (0.60, 0.19, 0.78)
400.62: (0.38, -0.73, 0.57)
400.74: (0.86, -0.50, 0.06)
400.86: (0.98, -0.19, 0.07)
400.97: (0.80, -0.04, 0.59)
401.09: (0.66, 0.46, 0.60)
401.19: (0.68, 0.59, 0.44)
401.31: (0.63, 0.75, 0.22)
401.41: (0.41, 0.91, -0.03)
401.52: (0.27, 0.92, -0.29)
401.64: (0.54, 0.84, 0.03)
401.76: (0.63, 0.75, -0.19)
401.87: (0.62, 0.69, -0.37)
401.99: (0.56, 0.67, -0.49)
401.99: (-0.52, -0.79, 0.32): 2
401.99: (0.56, 0.67, -0.49)
402.09: (0.56, 0.67, -0.49)
402.21: (0.56, 0.50, -0.66)
402.32: (0.80, -0.23, -0.56)
402.44: (0.92, -0.31, -0.24)
402.56: (0.92, -0.31, -0.24)
402.66: (0.91, -0.31, -0.26)
402.77: (0.80, -0.46, -0.39)
402.87: (0.39, -0.76, -0.51)
402.97: (0.06, -0.84, -0.54)
403.09: (-0.28, -0.89, -0.35)
403.21: (-0.37, -0.92, -0.11)
403.31: (-0.12, -0.89, 0.43)
403.42: (0.16, -0.53, 0.83)
403.54: (-0.28, -0.71, 0.65)
403.66: (-0.41, -0.81, 0.42)
403.77: (-0.42, -0.82, 0.40)
403.87: (-0.42, -0.82, 0.39)
403.87: (0.57, -0.73, -0.37): 0
403.87: (-0.42, -0.82, 0.39)
403.99: (-0.42, -0.82, 0.39)
404.11: (-0.42, -0.82, 0.39)
404.22: (-0.52, -0.68, 0.51)
404.34: (-0.62, 0.09, 0.78)
404.44: (-0.41, 0.13, 0.90)
404.56: (-0.41, 0.13, 0.90)
404.67: (-0.46, 0.09, 0.89)
404.79: (0.03, 0.30, 0.95)
404.91: (0.41, 0.52, 0.75)
405.01: (0.33, 0.85, 0.41)
405.12: (0.08, 0.97, 0.23)
405.24: (-0.20, 0.98, 0.08)
405.36: (-0.45, 0.89, -0.03)
405.46: (-0.63, 0.77, -0.08)
405.57: (-0.84, 0.54, -0.07)
405.67: (-0.96, 0.29, -0.02)
405.79: (-0.89, -0.36, 0.29)
405.89: (-0.65, -0.39, 0.65)
406.01: (-0.65, -0.39, 0.65)
406.12: (-0.68, -0.52, 0.52)
406.24: (-0.63, -0.71, -0.31)
406.34: (-0.45, -0.35, -0.83)
406.46: (-0.52, 0.41, -0.75)
406.57: (-0.50, 0.77, -0.41)
406.69: (-0.45, 0.86, 0.22)
406.81: (-0.34, 0.63, 0.70)
406.91: (-0.19, 0.30, 0.94)
407.02: (0.10, 0.39, 0.92)
407.12: (0.33, 0.66, 0.67)
407.22: (0.27, 0.96, -0.04)
407.34: (-0.91, 0.07, -0.41)
407.46: (-0.91, 0.07, -0.41)
407.57: (-0.91, 0.12, -0.39)
407.69: (-0.89, 0.02, -0.45)
407.81: (-0.55, -0.57, -0.61)
407.92: (-0.05, -0.82, -0.57)
408.04: (0.52, -0.81, -0.26)
408.14: (0.72, -0.69, 0.05)
408.26: (0.69, -0.72, -0.11)
408.37: (0.49, -0.76, -0.43)
408.49: (0.55, -0.74, -0.40)
408.61: (0.65, -0.70, -0.29)
408.62: (0.65, -0.70, -0.29)
408.62: (0.03, 0.83, -0.56): 0
408.72: (0.66, -0.70, -0.28)
408.84: (0.67, -0.66, -0.34)
408.94: (0.82, -0.17, -0.56)
409.06: (0.95, 0.32, -0.03)
409.17: (0.94, 0.23, 0.24)
409.29: (0.87, 0.18, 0.46)
409.41: (0.59, 0.79, 0.15)
409.52: (0.53, 0.82, -0.22)
409.64: (0.53, 0.82, -0.22)
409.76: (0.38, 0.88, -0.29)
409.87: (-0.09, 0.77, -0.64)
409.99: (-0.09, 0.77, -0.63)
410.11: (0.07, 0.86, -0.51)
410.17: (0.09, 0.86, -0.50)
410.17: (0.29, 0.64, 0.71): 2
410.22: (0.09, 0.86, -0.49)
410.32: (0.09, 0.87, -0.49)
410.44: (0.09, 0.87, -0.49)
410.56: (-0.17, 0.73, -0.66)
410.66: (-0.38, 0.17, -0.91)
410.77: (-0.47, -0.58, -0.67)
410.89: (-0.47, -0.58, -0.67)
411.01: (-0.46, -0.58, -0.67)
411.12: (-0.79, -0.38, -0.48)
411.24: (-0.98, -0.08, -0.20)
411.35: (-1.00, 0.03, -0.09)
411.46: (-0.96, 0.24, 0.10)
411.57: (-0.74, 0.61, 0.29)
411.67: (-0.19, 0.85, 0.49)
411.77: (-0.19, 0.88, 0.44)
411.89: (-0.19, 0.88, 0.44)
412.01: (-0.08, 0.90, 0.43)
412.12: (0.22, 0.76, 0.62)
412.24: (0.23, 0.75, 0.62)
412.27: (0.23, 0.75, 0.62)
412.27: (-0.77, -0.23, -0.60): 1
412.36: (0.24, 0.75, 0.62)
412.46: (0.24, 0.73, 0.64)
412.57: (0.16, 0.16, 0.97)
412.69: (0.48, -0.27, 0.84)
412.80: (0.15, -0.60, 0.79)
412.92: (-0.07, -0.80, 0.60)
413.02: (-0.19, -0.91, 0.36)
413.14: (-0.68, -0.73, -0.03)
413.25: (-0.99, -0.15, -0.05)
413.36: (-0.96, 0.29, 0.03)
413.47: (-0.94, 0.17, -0.29)
413.59: (-0.86, -0.26, -0.44)
413.70: (-0.81, -0.39, -0.45)
413.82: (-0.79, -0.28, -0.55)
413.92: (-0.78, -0.21, -0.59)
413.92: (-0.34, 0.94, -0.03): 1
413.94: (-0.78, -0.21, -0.59)
414.04: (-0.82, -0.20, -0.53)
414.15: (-0.89, -0.17, -0.43)
414.25: (-0.89, -0.17, -0.43)
414.37: (-0.89, -0.16, -0.42)
414.47: (-0.85, -0.01, -0.52)
414.59: (-0.29, 0.50, -0.81)
414.69: (0.13, 0.48, -0.87)
414.80: (0.31, 0.09, -0.95)
414.90: (0.29, -0.01, -0.96)
415.02: (0.23, -0.41, -0.88)
415.12: (0.10, -0.70, -0.70)
415.24: (0.03, -0.96, -0.29)
415.34: (0.02, -1.00, 0.06)
415.44: (0.18, -0.98, 0.07)
415.55: (0.89, -0.45, 0.04)
415.67: (0.82, 0.47, -0.33)
415.77: (0.91, 0.40, 0.08)
415.87: (0.86, -0.29, 0.43)
415.99: (0.23, -0.95, 0.21)
416.10: (0.23, -0.95, 0.21)
416.22: (0.24, -0.95, 0.21)
416.32: (0.25, -0.92, 0.31)
416.44: (-0.48, -0.42, 0.77)
416.55: (-0.83, 0.26, 0.50)
416.67: (-0.78, 0.40, 0.49)
416.77: (-0.71, 0.67, 0.20)
416.89: (-0.72, 0.13, -0.68)
417.00: (-0.70, -0.08, -0.71)
417.12: (-0.70, -0.08, -0.71)
417.22: (-0.64, 0.44, -0.63)
417.34: (-0.55, 0.66, -0.50)
417.45: (-0.44, 0.82, -0.36)
417.55: (-0.31, 0.95, -0.01)
417.67: (-0.24, 0.97, 0.06)
417.67: (0.93, -0.28, -0.25): 1
417.67: (-0.24, 0.97, 0.06)
417.79: (-0.23, 0.97, 0.05)
417.90: (-0.28, 0.96, -0.04)
418.02: (0.01, 0.99, -0.17)
418.14: (0.66, 0.74, -0.11)
418.24: (0.99, -0.12, -0.07)
418.34: (0.64, -0.76, 0.12)
418.45: (0.23, -0.84, 0.48)
418.57: (0.63, -0.71, 0.32)
418.69: (0.93, -0.34, -0.11)
418.80: (0.94, -0.31, -0.14)
418.90: (0.94, -0.31, -0.15)
418.92: (0.94, -0.30, -0.16)
418.92: (0.88, 0.39, 0.26): 0
419.02: (0.94, -0.29, -0.17)
419.12: (0.95, -0.07, -0.31)
419.24: (0.95, -0.06, -0.32)
419.35: (0.94, -0.07, -0.34)
419.47: (1.00, -0.04, -0.03)
419.59: (0.94, 0.17, 0.31)
419.70: (0.91, 0.22, 0.34)
419.72: (0.91, 0.23, 0.34)
419.72: (0.50, 0.41, -0.76): 2
419.82: (0.91, 0.25, 0.33)
419.94: (0.90, 0.37, 0.22)
420.05: (0.94, 0.27, -0.20)
420.17: (0.81, 0.11, -0.57)
420.27: (0.50, -0.09, -0.86)
420.39: (0.45, -0.11, -0.88)
420.50: (0.63, 0.28, -0.73)
420.59: (0.63, 0.28, -0.72)
420.59: (-0.97, -0.22, -0.05): 1
420.62: (0.63, 0.28, -0.72)
420.74: (0.63, 0.28, -0.72)
420.85: (0.55, 0.33, -0.77)
420.95: (0.30, 0.19, -0.94)
421.07: (0.07, 0.09, -0.99)
421.19: (0.25, 0.45, -0.86)
421.30: (0.61, 0.74, -0.29)
421.42: (0.54, 0.78, 0.32)
421.54: (-0.03, 0.84, 0.55)
421.64: (-0.43, 0.81, 0.40)
421.75: (-0.67, 0.48, 0.57)
421.85: (-0.47, -0.13, 0.87)
421.97: (0.41, -0.71, 0.58)
422.09: (0.79, -0.57, -0.22)
422.19: (0.56, -0.59, -0.58)
422.30: (0.17, -0.67, -0.72)
422.42: (0.05, -0.72, -0.69)
422.54: (0.05, -0.72, -0.69)
422.65: (0.05, -0.72, -0.69)
422.75: (0.05, -0.72, -0.69)
422.87: (-0.19, -0.75, -0.64)
422.97: (-0.59, -0.61, -0.53)
423.09: (-0.72, -0.70, -0.02)
423.19: (-0.33, -0.81, 0.48)
423.30: (-0.09, -0.72, 0.69)
423.40: (-0.22, -0.62, 0.76)
423.52: (-0.73, -0.59, 0.34)
423.64: (-0.79, -0.59, 0.18)
423.75: (-0.96, -0.28, -0.07)
423.87: (-0.99, -0.08, -0.14)
423.97: (-0.99, -0.08, -0.14)
424.09: (-0.98, -0.18, -0.03)
424.20: (-0.98, -0.20, -0.03)
424.22: (-0.98, -0.20, -0.03)
424.22: (0.92, 0.36, -0.14): 0
424.32: (-0.98, -0.20, -0.03)
424.42: (-0.98, -0.20, -0.03)
424.54: (-0.97, -0.20, -0.11)
424.65: (-0.92, -0.23, -0.30)
424.77: (-0.80, -0.36, -0.47)
424.87: (-0.60, -0.57, -0.56)
424.99: (-0.42, -0.74, -0.53)
425.10: (-0.26, -0.87, -0.42)
425.22: (-0.13, -0.97, -0.21)
425.34: (0.03, -1.00, 0.07)
425.45: (0.09, -0.95, 0.31)
425.57: (0.13, -0.85, 0.52)
425.69: (0.14, -0.60, 0.78)
425.80: (0.13, -0.36, 0.92)
425.90: (0.10, -0.04, 0.99)
426.02: (0.01, 0.31, 0.95)
426.14: (-0.10, 0.62, 0.78)
426.25: (-0.27, 0.78, 0.56)
426.35: (-0.46, 0.86, 0.21)
426.47: (-0.59, 0.80, -0.13)
426.59: (-0.69, 0.46, -0.56)
426.70: (-0.52, -0.42, -0.75)
426.82: (-0.52, -0.42, -0.74)
426.92: (-0.52, -0.42, -0.74)
427.04: (-0.28, -0.54, -0.80)
427.15: (0.43, -0.73, -0.53)
427.25: (0.72, -0.69, -0.09)
427.37: (0.78, -0.55, 0.31)
427.49: (0.76, -0.39, 0.52)
427.60: (0.68, -0.26, 0.69)
427.72: (0.45, -0.11, 0.89)
427.82: (0.14, -0.16, 0.98)
427.94: (-0.27, -0.61, 0.75)
428.04: (-0.40, -0.90, 0.16)
428.15: (-0.30, -0.76, -0.57)
428.27: (-0.06, -0.19, -0.98)
428.37: (0.20, 0.45, -0.87)
428.49: (0.51, 0.84, -0.20)
428.60: (0.71, 0.63, 0.31)
428.72: (0.88, 0.08, 0.47)
428.82: (0.92, -0.35, 0.17)
428.94: (0.96, -0.26, -0.14)
429.05: (0.96, 0.21, -0.19)
429.17: (0.90, 0.41, -0.14)
429.25: (0.87, 0.48, -0.13)
429.25: (0.95, -0.13, -0.28): 1
429.27: (0.87, 0.48, -0.13)
429.39: (0.86, 0.49, -0.14)
429.50: (0.86, 0.48, -0.19)
429.62: (0.28, 0.67, -0.69)
429.74: (-0.02, 0.43, -0.90)
429.85: (0.54, 0.14, -0.83)
429.97: (0.89, 0.04, -0.45)
430.08: (0.96, 0.03, -0.29)
430.20: (0.94, -0.06, -0.34)
430.23: (0.93, -0.07, -0.35)
430.23: (-0.05, -0.50, 0.86): 2
430.30: (0.93, -0.07, -0.35)
430.40: (0.93, -0.09, -0.36)
430.52: (0.75, -0.34, -0.56)
430.63: (0.20, -0.82, -0.53)
430.75: (-0.12, -0.99, 0.03)
430.87: (-0.28, -0.85, 0.45)
430.98: (-0.51, -0.66, 0.55)
431.10: (-0.69, -0.46, 0.56)
431.22: (-0.45, -0.47, 0.76)
431.33: (-0.22, -0.49, 0.84)
431.45: (-0.04, -0.56, 0.83)
431.45: (0.88, -0.16, 0.44): 2
431.45: (-0.04, -0.56, 0.83)
431.57: (-0.04, -0.56, 0.83)
431.68: (-0.13, -0.43, 0.89)
431.78: (-0.52, -0.16, 0.84)
431.88: (-0.80, 0.02, 0.60)
432.00: (-1.00, 0.09, 0.00)
432.12: (-0.84, -0.14, -0.52)
432.23: (-0.15, -0.47, -0.87)
432.33: (0.46, -0.61, -0.64)
432.45: (0.77, -0.63, 0.04)
432.57: (0.64, -0.45, 0.62)
432.67: (0.42, -0.22, 0.88)
432.77: (0.54, -0.13, 0.83)
432.88: (0.77, -0.12, 0.63)
433.00: (0.88, -0.10, 0.47)
END