3/30/2023 7:03:33 PM
Mode: Mono
White time (s): [1.483215, 0.6328125, 3.116089, 7.315369, 1.91626, 1.932922, 4.249329, 1.966187, 0.5501709, 1.599609, 0.8164063, 2.183167, 2.399536, 3.382996, 1.23291, 3.732422, 2.049744, 1.399841, 2.38269, 2.416077, 3.266296, 0.6003418, 2.099182, 2.649475, 1.516357, 1.46637, 2.51593, 4.399414, 0.4998779, 2.782959]
Shot time (s): [1.599915, 0.6497192, 1.782898, 1.266235, 0.5998535, 1.366577, 0.9163208, 2.349304, 0.4832764, 0.6497192, 5.931641, 1.199768, 1.116089, 0.7827759, 1.749695, 5.049194, 3.866394, 0.5661011, 6.881958, 2.949463, 1.649658, 1.999512, 2.799805, 4.08252, 1.932861, 4.065674, 1.249939, 0.6662598, 0.9330444, 2.499268]
Step time (s): [2.599609, 2.599487, 1.949463, 3.915833, 1.633057, 2.266541, 1.133057, 4.199097, 2.266235, 1.599915, 0.5502319, 1.333191, 3.882568, 2.433105, 2.399597, 1.083008, 1.633057, 0.5661011, 0.4664917, 1.533203, 3.849304, 8.798035, 4.782227, 4.332825, 4.34906, 3.715698, 3.6828, 1.282959, 2.666138, 5.499207]
White horz (deg): [172.0198, 36.54248, 428.0522, 1087.345, 171.7849, 225.8348, 624.8647, 282.7049, 13.62999, 171.1974, 42.06499, 156.5099, 223.6023, 264.1398, 166.3799, 394.9172, 92.12004, 145.5824, 249.9223, 377.2922, 428.4046, 36.89498, 160.505, 331.8198, 212.9098, 105.8675, 338.6348, 378.1145, 2.937498, 273.7749]
Shot horz (deg): [99.75746, 25.37998, 170.3748, 72.2625, 13.04249, 266.9599, 81.07497, 264.8448, 7.989995, 47.93997, 834.1317, 112.8, 164.7349, 37.59999, 197.6349, 608.2968, 470.3522, 21.50249, 686.5513, 452.9622, 261.6723, 219.8424, 309.9648, 462.7147, 252.7423, 358.3744, 91.64996, 34.07499, 38.06998, 255.0923]
Step horz (deg): [319.4823, 345.9199, 110.3325, 402.6719, 126.195, 173.0774, 91.06247, 404.5522, 209.2673, 138.0624, 32.19498, 147.9324, 469.2948, 308.4373, 198.2224, 29.60998, 232.1798, 7.167496, 13.27749, 98.46496, 288.9321, 796.0609, 477.2845, 529.1016, 467.532, 307.6149, 203.8624, 179.3048, 264.8447, 446.1471]
White vert (deg): [52.52248, 18.91749, 180.4798, 789.2466, 71.08749, 120.3199, 290.1074, 85.18751, 19.62249, 52.7575, 21.38499, 112.6824, 158.1549, 198.2223, 23.73499, 430.4022, 136.4174, 64.50748, 166.7324, 188.5874, 238.0548, 14.45249, 168.1423, 261.7898, 30.31498, 161.4449, 62.03999, 293.2798, 10.33999, 135.7124]
Shot vert (deg): [70.85248, 14.92249, 91.17998, 41.71249, 15.50999, 50.05499, 16.68499, 177.0724, 12.45499, 16.91999, 460.2474, 68.97247, 38.77499, 24.90998, 169.3174, 578.5694, 383.4024, 16.68499, 728.9698, 186.4724, 58.75, 56.28248, 310.4346, 204.5674, 58.16248, 339.5749, 18.79999, 19.97499, 21.61999, 60.15999]
Step vert (deg): [132.0699, 191.6424, 85.53999, 437.4522, 141.8224, 91.29752, 41.00749, 258.5, 157.3324, 95.05744, 26.08498, 32.42999, 359.9023, 167.0848, 140.4125, 24.67498, 133.8324, 5.757497, 13.86499, 143.1149, 325.9448, 961.5013, 330.8798, 293.75, 357.5523, 338.6346, 272.0123, 26.55499, 148.4024, 348.0349]

Time in sec: camera forward versor
Time in sec: target versor: sound type (0 = White, 1 = Shot, 2 = Step)
START
811.91: (0.59, 0.67, 0.45): 0
811.91: (0.40, -0.35, -0.85)
812.03: (0.40, -0.35, -0.85)
812.14: (0.40, -0.35, -0.85)
812.24: (0.38, -0.36, -0.85)
812.36: (0.44, -0.26, -0.86)
812.48: (0.58, 0.24, -0.78)
812.58: (0.58, 0.67, -0.47)
812.69: (0.23, 0.96, 0.12)
812.81: (0.01, 0.85, 0.53)
812.93: (0.01, 0.83, 0.56)
813.03: (0.41, 0.82, 0.39)
813.14: (0.48, 0.80, 0.36)
813.24: (0.51, 0.76, 0.40)
813.34: (0.57, 0.72, 0.41)
813.39: (0.59, 0.70, 0.40)
813.39: (-0.03, 0.79, 0.62): 0
813.46: (0.59, 0.70, 0.40)
813.58: (0.58, 0.71, 0.40)
813.69: (0.46, 0.75, 0.47)
813.81: (0.04, 0.79, 0.62)
813.93: (0.00, 0.77, 0.64)
814.03: (0.02, 0.76, 0.65)
814.03: (-1.00, 0.00, 0.00): 1
814.04: (0.02, 0.76, 0.65)
814.14: (0.02, 0.76, 0.65)
814.26: (0.02, 0.76, 0.65)
814.38: (0.00, 0.76, 0.65)
814.49: (-0.14, 0.73, 0.67)
814.61: (-0.19, 0.78, 0.60)
814.71: (-0.33, 0.73, 0.59)
814.83: (-0.67, 0.57, 0.47)
814.94: (-0.85, 0.22, 0.48)
815.06: (-0.84, -0.21, 0.50)
815.16: (-0.83, -0.24, 0.50)
815.28: (-0.97, -0.16, 0.17)
815.38: (-0.99, -0.13, 0.05)
815.49: (-0.99, -0.10, 0.06)
815.61: (-1.00, 0.05, 0.05)
815.62: (-1.00, 0.07, 0.04)
815.62: (0.57, -0.10, 0.81): 0
815.72: (-1.00, 0.08, 0.03)
815.84: (-1.00, 0.05, 0.03)
815.96: (-0.98, -0.20, 0.06)
816.07: (-0.87, -0.49, 0.01)
816.19: (-0.88, -0.48, -0.01)
816.31: (-0.88, -0.48, -0.01)
816.42: (-0.97, -0.18, 0.18)
816.54: (-0.60, 0.64, 0.48)
816.66: (-0.14, 0.86, 0.49)
816.77: (0.38, 0.84, 0.38)
816.89: (0.45, 0.82, 0.35)
817.01: (0.68, 0.72, 0.09)
817.11: (0.91, 0.40, -0.14)
817.22: (0.95, -0.10, -0.31)
817.34: (0.86, -0.20, -0.47)
817.44: (0.71, -0.34, -0.61)
817.54: (0.71, -0.47, -0.53)
817.66: (0.71, -0.62, -0.33)
817.77: (0.76, -0.64, -0.08)
817.89: (0.71, -0.65, 0.26)
818.01: (0.66, -0.51, 0.55)
818.12: (0.71, 0.22, 0.67)
818.24: (0.45, 0.68, 0.57)
818.36: (0.56, 0.43, 0.71)
818.46: (0.62, 0.11, 0.77)
818.57: (0.67, -0.12, 0.74)
818.69: (0.63, -0.16, 0.76)
818.74: (0.62, -0.15, 0.77)
818.74: (-0.87, 0.38, 0.31): 0
818.81: (0.61, -0.15, 0.77)
818.92: (0.61, -0.14, 0.78)
819.04: (0.68, 0.01, 0.74)
819.16: (0.72, 0.03, 0.69)
819.27: (0.72, 0.03, 0.69)
819.37: (0.71, 0.20, 0.68)
819.49: (0.64, 0.65, 0.41)
819.61: (0.56, 0.82, 0.05)
819.72: (0.56, 0.80, -0.22)
819.82: (0.65, 0.68, -0.34)
819.94: (0.93, 0.17, -0.33)
820.06: (0.78, -0.62, -0.01)
820.16: (0.38, -0.90, 0.22)
820.27: (0.14, -0.86, 0.49)
820.39: (0.18, -0.90, 0.39)
820.49: (0.36, -0.89, 0.27)
820.61: (0.71, -0.43, 0.56)
820.72: (0.76, 0.31, 0.57)
820.82: (0.54, 0.70, 0.47)
820.94: (0.47, 0.82, 0.33)
821.04: (0.71, 0.61, -0.35)
821.16: (0.21, -0.40, -0.89)
821.27: (-0.49, -0.81, -0.32)
821.37: (-0.69, -0.71, 0.17)
821.49: (-0.62, -0.72, 0.31)
821.61: (-0.62, -0.72, 0.31)
821.71: (-0.63, -0.72, 0.29)
821.82: (-0.66, -0.48, 0.58)
821.94: (-0.47, -0.13, 0.87)
822.04: (-0.23, 0.15, 0.96)
822.16: (0.05, 0.35, 0.93)
822.27: (0.34, 0.39, 0.85)
822.39: (0.53, 0.31, 0.79)
822.51: (0.72, 0.15, 0.68)
822.62: (0.89, 0.13, 0.44)
822.74: (0.95, 0.23, 0.21)
822.84: (0.97, 0.03, -0.24)
822.96: (0.67, -0.01, -0.74)
823.07: (0.57, -0.13, -0.81)
823.19: (0.50, -0.38, -0.78)
823.31: (0.39, -0.74, -0.54)
823.42: (0.38, -0.92, 0.12)
823.52: (0.31, -0.63, 0.72)
823.64: (-0.08, -0.59, 0.81)
823.76: (-0.34, -0.48, 0.81)
823.87: (-0.14, 0.21, 0.97)
823.99: (0.19, 0.74, 0.65)
824.11: (0.41, 0.90, -0.12)
824.21: (0.37, 0.92, -0.14)
824.32: (0.37, 0.92, -0.14)
824.44: (0.48, 0.85, -0.20)
824.56: (0.81, 0.15, -0.56)
824.66: (0.75, -0.49, -0.46)
824.76: (0.60, -0.74, -0.32)
824.87: (0.44, -0.88, -0.19)
824.99: (0.03, -0.99, 0.12)
825.11: (-0.72, -0.64, 0.26)
825.22: (-0.97, 0.21, -0.09)
825.34: (-0.93, 0.32, -0.17)
825.46: (-0.93, 0.32, -0.17)
825.57: (-0.93, 0.33, -0.13)
825.67: (-0.87, 0.42, 0.25)
825.79: (-0.80, 0.46, 0.38)
825.91: (-0.82, 0.44, 0.37)
826.02: (-0.89, 0.33, 0.31)
826.06: (-0.90, 0.32, 0.31)
826.06: (-0.73, 0.15, 0.66): 1
826.12: (-0.89, 0.32, 0.32)
826.24: (-0.89, 0.32, 0.32)
826.34: (-0.89, 0.32, 0.33)
826.46: (-0.77, 0.23, 0.59)
826.57: (-0.70, 0.23, 0.68)
826.69: (-0.68, 0.17, 0.71)
826.71: (-0.68, 0.16, 0.71)
826.71: (0.63, -0.74, -0.23): 1
826.81: (-0.68, 0.16, 0.71)
826.92: (-0.70, 0.15, 0.69)
827.02: (-0.70, 0.15, 0.70)
827.14: (-0.74, 0.15, 0.65)
827.26: (-0.60, -0.15, 0.78)
827.37: (-0.05, -0.50, 0.86)
827.47: (0.21, -0.55, 0.81)
827.59: (0.61, -0.54, 0.58)
827.69: (0.89, -0.42, 0.17)
827.81: (0.98, -0.19, -0.01)
827.92: (0.96, -0.17, -0.21)
828.02: (0.87, -0.41, -0.29)
828.14: (0.79, -0.54, -0.30)
828.26: (0.77, -0.59, -0.23)
828.36: (0.72, -0.68, -0.16)
828.47: (0.67, -0.73, -0.14)
828.49: (0.67, -0.73, -0.14)
828.49: (0.22, -0.32, -0.92): 1
828.57: (0.68, -0.71, -0.15)
828.69: (0.69, -0.71, -0.18)
828.81: (0.71, -0.64, -0.28)
828.91: (0.72, -0.50, -0.48)
829.02: (0.72, -0.21, -0.67)
829.14: (0.74, -0.33, -0.58)
829.26: (0.74, -0.33, -0.58)
829.36: (0.60, -0.29, -0.74)
829.47: (0.48, -0.24, -0.84)
829.59: (0.40, -0.23, -0.89)
829.71: (0.34, -0.27, -0.90)
829.76: (0.32, -0.27, -0.91)
829.76: (-0.41, 0.90, 0.17): 0
829.82: (0.32, -0.27, -0.91)
829.94: (0.32, -0.27, -0.91)
830.06: (0.29, -0.21, -0.93)
830.17: (0.12, -0.11, -0.99)
830.29: (-0.15, 0.07, -0.99)
830.41: (-0.32, 0.33, -0.89)
830.52: (-0.21, 0.13, -0.97)
830.64: (-0.21, 0.13, -0.97)
830.76: (-0.33, 0.37, -0.87)
830.86: (-0.47, 0.70, -0.54)
830.97: (-0.51, 0.80, -0.32)
831.09: (-0.51, 0.82, -0.25)
831.21: (-0.47, 0.88, 0.05)
831.31: (-0.35, 0.85, 0.39)
831.42: (-0.34, 0.85, 0.40)
831.54: (-0.38, 0.87, 0.32)
831.65: (-0.41, 0.90, 0.15)
831.67: (-0.41, 0.90, 0.14)
831.67: (-0.03, -0.74, -0.67): 0
831.77: (-0.41, 0.90, 0.14)
831.89: (-0.41, 0.90, 0.15)
832.00: (-0.42, 0.89, 0.16)
832.12: (-0.34, 0.90, 0.26)
832.22: (-0.29, 0.87, 0.40)
832.32: (-0.22, 0.90, 0.37)
832.44: (0.01, 0.98, 0.19)
832.55: (0.21, 0.95, -0.22)
832.67: (0.22, 0.68, -0.70)
832.79: (0.03, 0.07, -1.00)
832.90: (-0.23, -0.44, -0.87)
833.02: (-0.53, -0.77, -0.35)
833.14: (-0.53, -0.83, -0.16)
833.25: (-0.31, -0.85, -0.43)
833.37: (-0.15, -0.80, -0.58)
833.49: (-0.08, -0.77, -0.63)
833.60: (-0.06, -0.74, -0.67)
833.60: (-0.98, 0.19, 0.01): 0
833.60: (-0.06, -0.74, -0.67)
833.70: (-0.06, -0.74, -0.67)
833.82: (-0.09, -0.76, -0.64)
833.94: (-0.12, -0.83, -0.55)
834.05: (-0.12, -0.98, -0.14)
834.17: (-0.10, -0.85, 0.52)
834.29: (-0.13, -0.84, 0.53)
834.40: (-0.13, -0.84, 0.53)
834.52: (-0.11, -0.85, 0.52)
834.64: (-0.05, -0.56, 0.83)
834.74: (0.04, -0.18, 0.98)
834.85: (0.08, 0.03, 1.00)
834.97: (0.15, 0.42, 0.89)
835.09: (0.15, 0.66, 0.74)
835.20: (-0.07, 0.82, 0.57)
835.30: (-0.16, 0.98, 0.11)
835.42: (-0.36, 0.91, -0.20)
835.54: (-0.60, 0.80, 0.04)
835.65: (-0.61, 0.38, 0.69)
835.75: (-0.18, -0.15, 0.97)
835.87: (0.42, -0.63, 0.65)
835.99: (0.57, -0.70, 0.43)
836.10: (0.52, -0.71, 0.47)
836.20: (0.52, -0.71, 0.47)
836.32: (0.74, -0.63, 0.23)
836.44: (0.93, -0.29, -0.22)
836.54: (0.82, -0.03, -0.58)
836.65: (0.54, 0.17, -0.82)
836.77: (0.61, 0.13, -0.79)
836.87: (0.61, 0.13, -0.79)
836.99: (0.48, 0.22, -0.85)
837.10: (-0.11, 0.51, -0.85)
837.22: (-0.64, 0.58, -0.50)
837.34: (-0.79, 0.62, -0.05)
837.45: (-0.82, 0.49, 0.28)
837.57: (-0.93, 0.26, 0.25)
837.67: (-0.98, 0.11, 0.14)
837.79: (-0.99, 0.12, 0.01)
837.85: (-0.99, 0.13, -0.01)
837.85: (1.00, -0.02, 0.07): 2
837.89: (-0.99, 0.13, -0.01)
838.00: (-0.99, 0.12, 0.00)
838.12: (-0.99, 0.14, 0.04)
838.22: (-0.97, 0.23, 0.06)
838.34: (-0.97, 0.25, 0.03)
838.44: (-0.96, 0.26, -0.03)
838.55: (-0.96, 0.28, -0.02)
838.67: (-0.95, 0.32, -0.01)
838.79: (-0.84, 0.53, -0.15)
838.90: (-0.14, 0.89, -0.43)
839.00: (0.13, 0.94, -0.31)
839.10: (0.07, 0.97, -0.23)
839.22: (-0.37, 0.75, -0.55)
839.34: (-0.65, 0.37, -0.66)
839.45: (-0.68, 0.30, -0.67)
839.55: (-0.21, 0.69, -0.69)
839.67: (0.55, 0.78, -0.30)
839.79: (0.82, 0.57, 0.00)
839.90: (0.80, 0.59, -0.06)
840.02: (0.79, 0.61, -0.09)
840.14: (0.84, 0.54, -0.03)
840.25: (0.99, 0.11, 0.13)
840.35: (0.99, -0.03, 0.11)
840.45: (0.99, -0.13, 0.10)
840.45: (-0.96, 0.14, 0.24): 2
840.47: (0.99, -0.13, 0.10)
840.59: (0.99, -0.13, 0.10)
840.70: (0.99, -0.13, 0.10)
840.82: (0.97, -0.23, 0.11)
840.94: (0.78, -0.57, 0.26)
841.05: (0.76, -0.60, 0.24)
841.15: (0.76, -0.60, 0.24)
841.27: (0.77, -0.56, 0.30)
841.39: (0.46, -0.88, 0.15)
841.50: (0.17, -0.95, -0.27)
841.62: (0.09, -0.86, -0.50)
841.74: (0.16, -0.75, -0.64)
841.84: (0.29, -0.65, -0.70)
841.95: (0.66, -0.47, -0.58)
842.07: (0.99, 0.11, 0.01)
842.19: (0.75, 0.34, 0.57)
842.29: (0.30, 0.38, 0.87)
842.40: (-0.24, 0.43, 0.87)
842.52: (-0.77, 0.40, 0.50)
842.62: (-0.92, 0.32, 0.23)
842.74: (-0.99, 0.07, -0.09)
842.85: (-1.00, 0.06, 0.00)
842.95: (-0.98, 0.11, 0.13)
843.05: (-0.96, 0.15, 0.23)
843.05: (0.12, -0.74, 0.66): 2
843.07: (-0.96, 0.15, 0.23)
843.19: (-0.96, 0.15, 0.22)
843.30: (-0.97, 0.15, 0.20)
843.40: (-0.98, 0.14, 0.13)
843.52: (-0.99, 0.10, 0.08)
843.64: (-1.00, 0.04, 0.03)
843.75: (-1.00, -0.07, 0.00)
843.87: (-0.97, -0.22, 0.06)
843.97: (-0.92, -0.36, 0.13)
844.09: (-0.82, -0.51, 0.26)
844.20: (-0.67, -0.60, 0.43)
844.32: (-0.47, -0.64, 0.61)
844.42: (-0.18, -0.61, 0.77)
844.52: (0.10, -0.45, 0.89)
844.64: (0.18, -0.42, 0.89)
844.75: (0.10, -0.56, 0.82)
844.87: (0.09, -0.65, 0.76)
844.99: (0.11, -0.68, 0.72)
845.00: (0.11, -0.68, 0.72)
845.00: (0.96, 0.17, -0.24): 0
845.10: (0.11, -0.68, 0.72)
845.20: (0.11, -0.68, 0.72)
845.30: (0.10, -0.68, 0.73)
845.42: (0.05, -0.71, 0.71)
845.54: (-0.23, -0.78, 0.57)
845.65: (-0.60, -0.75, 0.29)
845.77: (-0.92, -0.37, -0.08)
845.87: (-0.85, -0.14, -0.52)
845.99: (-0.67, 0.05, -0.74)
846.10: (-0.51, 0.32, -0.80)
846.22: (-0.12, 0.42, -0.90)
846.34: (0.27, 0.34, -0.90)
846.45: (0.82, 0.19, -0.54)
846.57: (1.00, 0.07, 0.04)
846.69: (0.99, 0.05, 0.14)
846.80: (0.99, 0.10, -0.03)
846.92: (0.97, 0.15, -0.19)
846.97: (0.97, 0.16, -0.20)
846.97: (0.90, -0.09, -0.43): 1
847.02: (0.97, 0.16, -0.20)
847.14: (0.97, 0.15, -0.20)
847.24: (0.97, 0.15, -0.20)
847.35: (0.92, 0.08, -0.38)
847.47: (0.89, -0.02, -0.45)
847.57: (0.89, -0.06, -0.46)
847.57: (0.10, 0.86, -0.50): 2
847.57: (0.89, -0.06, -0.46)
847.67: (0.89, -0.06, -0.46)
847.79: (0.89, -0.07, -0.45)
847.90: (0.88, -0.07, -0.47)
848.02: (0.88, -0.13, -0.46)
848.14: (0.89, -0.18, -0.42)
848.25: (0.80, -0.12, -0.59)
848.37: (0.46, -0.24, -0.85)
848.47: (0.13, -0.36, -0.92)
848.57: (-0.22, -0.36, -0.91)
848.68: (-0.48, -0.32, -0.82)
848.80: (-0.72, -0.18, -0.67)
848.90: (-0.90, 0.37, -0.24)
849.02: (-0.25, 0.89, 0.39)
849.12: (0.07, 0.88, 0.48)
849.22: (0.08, 0.78, 0.62)
849.34: (-0.21, 0.50, 0.84)
849.45: (-0.50, 0.14, 0.86)
849.57: (-0.61, -0.05, 0.79)
849.68: (-0.72, 0.02, 0.69)
849.80: (-0.95, 0.26, 0.14)
849.92: (-0.80, 0.42, -0.44)
850.03: (-0.65, 0.43, -0.62)
850.13: (-0.53, 0.48, -0.70)
850.25: (-0.15, 0.83, -0.54)
850.37: (0.48, 0.79, 0.37)
850.47: (0.56, 0.21, 0.80)
850.58: (0.54, 0.19, 0.82)
850.70: (0.46, 0.72, 0.51)
850.82: (0.40, 0.89, 0.22)
850.93: (0.45, 0.88, 0.14)
851.05: (0.42, 0.91, 0.01)
851.17: (0.28, 0.90, -0.32)
851.28: (0.12, 0.84, -0.53)
851.40: (0.11, 0.85, -0.51)
851.48: (0.12, 0.87, -0.48)
851.48: (-1.00, 0.05, -0.02): 2
851.52: (0.12, 0.87, -0.48)
851.63: (0.12, 0.87, -0.48)
851.73: (0.12, 0.87, -0.49)
851.85: (0.08, 0.94, -0.33)
851.95: (0.08, 0.94, -0.33)
852.05: (0.08, 0.94, -0.33)
852.17: (0.01, 0.93, -0.36)
852.28: (-0.64, 0.63, -0.45)
852.40: (-0.95, -0.32, -0.02)
852.52: (-0.74, -0.67, 0.07)
852.63: (-0.79, -0.61, 0.04)
852.75: (-0.95, -0.30, -0.02)
852.85: (-0.98, -0.20, -0.04)
852.97: (-0.99, -0.12, -0.05)
853.08: (-1.00, 0.01, -0.06)
853.12: (-1.00, 0.03, -0.05)
853.12: (0.98, 0.07, -0.18): 1
853.20: (-1.00, 0.04, -0.05)
853.32: (-1.00, 0.04, -0.06)
853.43: (-0.99, -0.03, -0.11)
853.53: (-0.93, 0.01, -0.38)
853.65: (-0.61, 0.04, -0.79)
853.77: (0.44, 0.25, -0.86)
853.87: (0.84, 0.25, -0.49)
853.98: (0.82, 0.20, 0.53)
854.10: (0.75, 0.14, 0.65)
854.20: (0.93, 0.13, 0.34)
854.32: (1.00, 0.10, -0.01)
854.43: (0.99, 0.10, -0.12)
854.48: (0.99, 0.09, -0.12)
854.48: (-0.75, -0.58, 0.31): 2
854.55: (0.99, 0.09, -0.12)
854.65: (0.99, 0.09, -0.12)
854.77: (0.99, 0.09, -0.11)
854.88: (0.98, 0.03, 0.17)
855.00: (0.97, -0.05, 0.24)
855.12: (0.77, -0.19, 0.60)
855.23: (0.29, -0.13, 0.95)
855.35: (0.30, 0.05, 0.95)
855.45: (0.30, 0.05, 0.95)
855.57: (0.30, 0.03, 0.95)
855.68: (0.25, -0.22, 0.94)
855.78: (-0.02, -0.36, 0.93)
855.90: (-0.11, -0.45, 0.88)
856.02: (-0.01, -0.55, 0.84)
856.13: (-0.02, -0.66, 0.76)
856.23: (-0.43, -0.59, 0.68)
856.35: (-0.65, -0.53, 0.55)
856.47: (-0.65, -0.57, 0.50)
856.57: (-0.64, -0.61, 0.46)
856.68: (-0.67, -0.62, 0.40)
856.75: (-0.68, -0.62, 0.39)
856.75: (0.42, -0.75, 0.51): 1
856.80: (-0.68, -0.62, 0.39)
856.92: (-0.68, -0.62, 0.40)
857.02: (-0.62, -0.62, 0.47)
857.13: (-0.24, -0.76, 0.60)
857.25: (0.17, -0.80, 0.58)
857.35: (0.46, -0.77, 0.44)
857.47: (0.54, -0.74, 0.39)
857.58: (0.48, -0.77, 0.43)
857.67: (0.47, -0.76, 0.45)
857.67: (0.91, 0.27, -0.30): 2
857.68: (0.47, -0.76, 0.45)
857.78: (0.47, -0.76, 0.45)
857.90: (0.45, -0.77, 0.45)
858.02: (0.73, -0.58, 0.38)
858.13: (0.83, -0.44, 0.33)
858.25: (0.94, -0.10, 0.32)
858.37: (0.97, 0.20, 0.16)
858.48: (0.94, 0.34, -0.01)
858.58: (0.93, 0.31, -0.22)
858.70: (0.92, 0.29, -0.28)
858.80: (0.90, 0.30, -0.32)
858.80: (-0.99, -0.15, -0.03): 1
858.80: (0.90, 0.30, -0.32)
858.92: (0.90, 0.30, -0.32)
859.03: (0.90, 0.30, -0.31)
859.15: (0.88, 0.35, -0.32)
859.27: (0.90, 0.35, -0.26)
859.38: (0.90, 0.35, -0.26)
859.50: (0.96, 0.13, -0.25)
859.62: (0.85, -0.53, 0.06)
859.73: (0.43, -0.67, 0.61)
859.85: (0.27, -0.39, 0.88)
859.97: (0.18, -0.04, 0.98)
860.07: (0.04, 0.27, 0.96)
860.18: (-0.08, 0.43, 0.90)
860.30: (-0.12, 0.65, 0.75)
860.40: (-0.26, 0.81, 0.53)
860.50: (-0.54, 0.81, 0.20)
860.62: (-0.76, 0.65, -0.07)
860.73: (-0.93, 0.31, -0.18)
860.85: (-0.94, -0.12, -0.31)
860.97: (-0.96, -0.26, -0.10)
861.08: (-0.98, -0.19, -0.02)
861.15: (-0.98, -0.18, 0.00)
861.15: (-0.07, 0.99, -0.09): 2
861.20: (-0.98, -0.18, -0.01)
861.30: (-0.98, -0.19, -0.01)
861.42: (-0.98, -0.20, -0.01)
861.53: (-0.99, -0.08, 0.09)
861.65: (-0.93, 0.21, 0.31)
861.77: (-0.82, 0.37, 0.43)
861.88: (-0.74, 0.46, 0.49)
861.98: (-0.58, 0.59, 0.57)
862.08: (-0.26, 0.69, 0.68)
862.20: (0.12, 0.67, 0.74)
862.32: (0.38, 0.58, 0.72)
862.43: (0.53, 0.52, 0.67)
862.55: (0.72, 0.45, 0.53)
862.67: (0.86, 0.39, 0.34)
862.77: (0.89, 0.28, 0.37)
862.88: (0.90, 0.08, 0.43)
862.98: (0.87, -0.10, 0.49)
863.10: (0.86, -0.15, 0.49)
863.22: (0.75, -0.20, 0.63)
863.33: (0.26, -0.21, 0.94)
863.45: (0.04, -0.18, 0.98)
863.55: (0.08, -0.23, 0.97)
863.67: (0.27, -0.36, 0.89)
863.78: (0.44, -0.45, 0.78)
863.90: (0.50, -0.52, 0.69)
864.00: (0.41, -0.75, 0.53)
864.12: (0.29, -0.90, 0.32)
864.22: (0.28, -0.94, 0.18)
864.33: (0.33, -0.94, -0.09)
864.45: (0.27, -0.84, -0.46)
864.57: (0.36, -0.55, -0.76)
864.68: (0.36, -0.16, -0.92)
864.80: (0.28, 0.36, -0.89)
864.91: (0.18, 0.78, -0.60)
865.03: (0.11, 0.90, -0.43)
865.15: (0.10, 0.96, -0.26)
865.25: (0.03, 0.98, -0.20)
865.35: (-0.06, 0.99, -0.15)
865.35: (0.14, 0.99, -0.03): 1
865.36: (-0.07, 0.99, -0.15)
865.48: (-0.08, 0.99, -0.15)
865.60: (-0.08, 0.99, -0.15)
865.71: (0.00, 1.00, -0.07)
865.83: (0.12, 0.99, -0.02)
865.83: (-0.36, 0.02, -0.93): 2
865.83: (0.12, 0.99, -0.02)
865.95: (0.12, 0.99, -0.02)
866.07: (0.12, 0.99, -0.03)
866.18: (0.13, 0.99, -0.05)
866.30: (0.12, 0.99, -0.09)
866.41: (0.11, 0.98, -0.17)
866.53: (0.10, 0.97, -0.23)
866.65: (0.17, 0.87, -0.45)
866.76: (0.33, 0.15, -0.93)
866.86: (0.34, -0.38, -0.86)
866.98: (0.41, -0.59, -0.69)
867.10: (0.29, -0.84, -0.46)
867.20: (0.03, -0.99, -0.15)
867.31: (-0.10, -0.99, 0.10)
867.43: (-0.27, -0.95, -0.18)
867.55: (-0.35, -0.70, -0.62)
867.66: (-0.32, -0.34, -0.88)
867.78: (-0.27, -0.23, -0.94)
867.90: (-0.29, -0.17, -0.94)
868.01: (-0.34, -0.10, -0.93)
868.10: (-0.36, -0.06, -0.93)
868.10: (0.86, 0.44, 0.27): 2
868.11: (-0.36, -0.06, -0.93)
868.23: (-0.37, -0.04, -0.93)
868.33: (-0.37, -0.04, -0.93)
868.43: (-0.36, -0.02, -0.93)
868.55: (-0.32, 0.06, -0.94)
868.66: (-0.10, 0.17, -0.98)
868.76: (0.17, 0.18, -0.97)
868.88: (0.78, -0.04, -0.62)
869.00: (0.92, -0.24, -0.32)
869.11: (0.93, -0.36, -0.06)
869.23: (0.92, -0.29, 0.28)
869.35: (0.95, -0.01, 0.30)
869.45: (0.95, 0.23, 0.23)
869.56: (0.91, 0.35, 0.21)
869.68: (0.89, 0.37, 0.27)
869.70: (0.89, 0.37, 0.27)
869.70: (1.00, -0.02, -0.03): 1
869.80: (0.89, 0.37, 0.26)
869.91: (0.90, 0.37, 0.24)
870.03: (0.98, 0.12, -0.15)
870.13: (0.97, -0.03, -0.24)
870.25: (0.98, -0.06, -0.17)
870.35: (1.00, -0.06, -0.04)
870.35: (0.91, 0.16, -0.39): 0
870.36: (1.00, -0.06, -0.04)
870.46: (1.00, -0.06, -0.04)
870.58: (1.00, -0.06, -0.05)
870.70: (0.96, 0.04, -0.27)
870.81: (0.91, 0.14, -0.39)
870.90: (0.91, 0.14, -0.39)
870.90: (-0.95, -0.28, 0.14): 0
870.91: (0.91, 0.14, -0.39)
871.03: (0.91, 0.14, -0.38)
871.15: (0.92, 0.13, -0.38)
871.26: (0.93, 0.16, -0.34)
871.38: (0.90, 0.18, -0.41)
871.48: (0.60, 0.04, -0.80)
871.60: (0.12, -0.09, -0.99)
871.71: (-0.53, -0.29, -0.80)
871.81: (-0.74, -0.34, -0.58)
871.93: (-0.77, -0.31, -0.56)
872.05: (-0.86, -0.29, -0.43)
872.15: (-0.97, -0.22, -0.08)
872.26: (-0.98, -0.19, 0.03)
872.38: (-0.97, -0.20, 0.15)
872.50: (-0.95, -0.21, 0.24)
872.50: (-0.41, -0.57, 0.71): 0
872.50: (-0.95, -0.21, 0.24)
872.60: (-0.95, -0.22, 0.24)
872.71: (-0.95, -0.23, 0.24)
872.83: (-0.87, -0.34, 0.37)
872.93: (-0.61, -0.41, 0.68)
873.05: (-0.51, -0.42, 0.75)
873.16: (-0.50, -0.43, 0.75)
873.26: (-0.44, -0.50, 0.74)
873.31: (-0.43, -0.51, 0.74)
873.31: (0.85, 0.51, -0.14): 0
873.38: (-0.43, -0.51, 0.74)
873.48: (-0.43, -0.51, 0.74)
873.60: (-0.43, -0.51, 0.74)
873.71: (-0.34, -0.54, 0.77)
873.83: (-0.21, -0.75, 0.63)
873.93: (-0.21, -0.75, 0.63)
874.05: (-0.21, -0.75, 0.63)
874.16: (-0.21, -0.75, 0.63)
874.28: (-0.21, -0.75, 0.63)
874.38: (-0.17, -0.73, 0.67)
874.50: (0.15, -0.37, 0.92)
874.61: (0.41, 0.03, 0.91)
874.71: (0.51, 0.31, 0.80)
874.83: (0.54, 0.56, 0.63)
874.95: (0.42, 0.75, 0.51)
875.06: (0.39, 0.90, 0.21)
875.18: (0.64, 0.77, -0.05)
875.30: (0.80, 0.57, -0.16)
875.40: (0.83, 0.54, -0.14)
875.50: (0.85, 0.51, -0.11)
875.50: (-0.50, 0.87, 0.02): 1
875.50: (0.85, 0.51, -0.11)
875.61: (0.85, 0.51, -0.12)
875.73: (0.85, 0.48, -0.22)
875.83: (0.88, 0.46, -0.07)
875.93: (0.88, 0.46, -0.07)
876.05: (0.86, 0.49, -0.08)
876.15: (0.77, 0.33, -0.55)
876.26: (0.49, 0.04, -0.87)
876.38: (0.30, -0.12, -0.95)
876.50: (0.30, -0.18, -0.94)
876.60: (0.27, -0.23, -0.94)
876.71: (0.08, -0.46, -0.88)
876.83: (0.00, -0.59, -0.81)
876.95: (0.00, -0.67, -0.74)
877.06: (0.12, -0.68, -0.72)
877.18: (0.12, -0.68, -0.72)
877.30: (0.08, -0.74, -0.67)
877.41: (-0.40, -0.87, -0.29)
877.53: (-0.57, -0.82, -0.08)
877.65: (-0.77, -0.59, 0.25)
877.76: (-0.79, -0.11, 0.60)
877.88: (-0.64, 0.28, 0.72)
877.98: (-0.33, 0.64, 0.69)
878.10: (0.10, 0.91, 0.39)
878.21: (0.30, 0.93, 0.23)
878.33: (0.37, 0.92, 0.08)
878.45: (0.59, 0.79, -0.18)
878.56: (0.42, -0.52, -0.74)
878.68: (0.04, -0.87, -0.50)
878.80: (0.06, -0.86, -0.50)
878.91: (0.18, -0.87, -0.46)
879.03: (0.42, -0.86, -0.27)
879.15: (0.56, -0.83, 0.07)
879.26: (0.69, -0.60, 0.40)
879.38: (0.81, -0.18, 0.55)
879.50: (0.84, 0.26, 0.47)
879.61: (0.84, 0.50, 0.22)
879.73: (0.77, 0.63, -0.09)
879.85: (0.84, 0.42, -0.33)
879.96: (0.84, -0.17, -0.52)
880.06: (0.34, -0.80, -0.50)
880.18: (-0.44, -0.89, -0.15)
880.30: (-0.89, -0.42, 0.15)
880.41: (-0.96, -0.10, 0.25)
880.53: (-0.98, 0.00, 0.22)
880.63: (-0.95, 0.30, 0.03)
880.75: (-0.48, 0.80, -0.35)
880.86: (0.21, 0.77, -0.60)
880.98: (0.28, 0.73, -0.62)
881.10: (-0.16, 0.91, -0.38)
881.21: (-0.47, 0.88, -0.05)
881.33: (-0.48, 0.88, -0.03)
881.43: (-0.48, 0.88, -0.02)
881.43: (-0.56, 0.52, -0.64): 1
881.44: (-0.48, 0.88, -0.02)
881.55: (-0.48, 0.88, -0.02)
881.66: (-0.49, 0.87, -0.04)
881.76: (-0.48, 0.88, -0.03)
881.88: (-0.60, 0.78, 0.17)
881.99: (-0.82, 0.28, 0.50)
882.11: (-0.96, 0.10, 0.27)
882.21: (-0.95, 0.27, -0.14)
882.33: (-0.71, 0.49, -0.51)
882.44: (-0.54, 0.55, -0.64)
882.56: (-0.51, 0.56, -0.65)
882.63: (-0.51, 0.57, -0.65)
882.63: (-0.39, -0.68, 0.62): 0
882.68: (-0.52, 0.56, -0.64)
882.79: (-0.52, 0.56, -0.65)
882.91: (-0.57, 0.51, -0.64)
883.03: (-0.60, 0.53, -0.60)
883.14: (-0.26, 0.73, -0.63)
883.26: (0.17, 0.88, -0.43)
883.38: (0.51, 0.86, -0.06)
883.48: (0.73, 0.65, 0.21)
883.59: (0.79, 0.48, 0.39)
883.69: (0.81, 0.50, 0.31)
883.81: (0.81, 0.50, 0.31)
883.93: (0.71, 0.49, 0.50)
884.04: (0.61, 0.08, 0.79)
884.16: (0.52, -0.09, 0.85)
884.28: (0.38, -0.25, 0.89)
884.39: (0.07, -0.33, 0.94)
884.51: (-0.34, -0.36, 0.87)
884.63: (-0.60, -0.42, 0.68)
884.74: (-0.62, -0.55, 0.56)
884.86: (-0.47, -0.67, 0.57)
884.96: (-0.36, -0.72, 0.60)
885.03: (-0.33, -0.73, 0.59)
885.03: (-0.96, 0.02, 0.29): 0
885.08: (-0.33, -0.73, 0.60)
885.18: (-0.32, -0.73, 0.60)
885.29: (-0.31, -0.73, 0.60)
885.41: (-0.32, -0.73, 0.60)
885.53: (-0.36, -0.75, 0.56)
885.64: (-0.46, -0.78, 0.42)
885.76: (-0.41, -0.85, 0.34)
885.88: (-0.35, -0.93, 0.12)
885.99: (-0.35, -0.94, -0.08)
886.09: (-0.29, -0.91, -0.29)
886.21: (-0.18, -0.89, -0.42)
886.31: (-0.18, -0.89, -0.42)
886.43: (-0.18, -0.89, -0.42)
886.53: (-0.21, -0.85, -0.48)
886.64: (-0.04, -0.68, -0.73)
886.76: (0.09, -0.59, -0.80)
886.88: (0.12, -0.43, -0.90)
886.98: (0.15, -0.25, -0.96)
887.09: (0.19, -0.04, -0.98)
887.21: (-0.06, 0.04, -1.00)
887.31: (-0.27, 0.29, -0.92)
887.43: (-0.55, 0.66, -0.51)
887.54: (-0.49, 0.87, 0.06)
887.64: (-0.39, 0.85, 0.34)
887.74: (-0.45, 0.80, 0.40)
887.86: (-0.73, 0.54, 0.42)
887.98: (-0.92, 0.10, 0.37)
888.09: (-0.95, -0.27, 0.14)
888.19: (-0.96, -0.25, 0.14)
888.31: (-0.97, -0.12, 0.20)
888.41: (-0.97, -0.05, 0.24)
888.41: (0.56, -0.64, -0.53): 0
888.43: (-0.97, -0.05, 0.24)
888.54: (-0.97, -0.04, 0.24)
888.66: (-0.97, -0.04, 0.24)
888.76: (-0.97, -0.06, 0.23)
888.88: (-0.94, -0.33, -0.04)
888.99: (-0.76, -0.54, -0.37)
889.09: (-0.33, -0.66, -0.67)
889.21: (0.30, -0.66, -0.69)
889.33: (0.64, -0.55, -0.54)
889.44: (0.74, -0.48, -0.47)
889.56: (0.60, -0.59, -0.54)
889.64: (0.52, -0.64, -0.56)
889.64: (0.00, 0.95, -0.33): 0
889.68: (0.52, -0.64, -0.56)
889.78: (0.51, -0.65, -0.57)
889.89: (0.59, -0.60, -0.53)
890.01: (0.80, -0.39, -0.46)
890.13: (0.93, -0.07, -0.35)
890.24: (0.93, 0.36, -0.04)
890.36: (0.74, 0.65, 0.19)
890.48: (0.39, 0.82, 0.42)
890.58: (0.15, 0.85, 0.50)
890.69: (-0.29, 0.76, 0.58)
890.79: (-0.49, 0.67, 0.56)
890.89: (-0.70, 0.52, 0.49)
891.01: (-0.88, 0.25, 0.40)
891.13: (-0.96, 0.00, 0.27)
891.23: (-0.96, -0.25, 0.10)
891.34: (-0.92, -0.38, -0.10)
891.44: (-0.83, -0.46, -0.33)
891.54: (-0.68, -0.43, -0.59)
891.66: (-0.43, -0.27, -0.86)
891.78: (-0.22, -0.09, -0.97)
891.89: (-0.06, 0.02, -1.00)
892.01: (0.07, 0.14, -0.99)
892.13: (0.07, 0.46, -0.89)
892.24: (-0.42, 0.34, -0.84)
892.36: (-0.81, -0.56, -0.19)
892.48: (-0.35, -0.89, 0.30)
892.58: (-0.56, -0.83, -0.06)
892.69: (-0.84, 0.03, -0.55)
892.81: (-0.60, 0.55, -0.58)
892.93: (-0.43, 0.72, -0.54)
893.04: (-0.31, 0.83, -0.46)
893.16: (-0.17, 0.91, -0.38)
893.28: (-0.03, 0.93, -0.35)
893.38: (0.01, 0.94, -0.35)
893.38: (-0.59, 0.80, -0.10): 2
893.39: (0.02, 0.94, -0.35)
893.51: (0.00, 0.93, -0.36)
893.63: (-0.07, 0.92, -0.38)
893.73: (-0.44, 0.87, -0.22)
893.84: (-0.59, 0.80, -0.11)
893.93: (-0.59, 0.80, -0.08)
893.93: (-0.03, -0.87, -0.48): 0
893.94: (-0.59, 0.80, -0.08)
894.06: (-0.58, 0.81, -0.09)
894.18: (-0.57, 0.81, -0.12)
894.29: (-0.63, 0.77, -0.11)
894.41: (-0.84, 0.53, 0.03)
894.51: (-0.95, 0.23, 0.20)
894.63: (-0.93, -0.06, 0.35)
894.73: (-0.88, -0.26, 0.40)
894.84: (-0.80, -0.49, 0.34)
894.94: (-0.76, -0.62, 0.21)
895.06: (-0.70, -0.72, 0.03)
895.18: (-0.56, -0.80, -0.22)
895.29: (-0.44, -0.84, -0.31)
895.39: (-0.42, -0.85, -0.32)
895.51: (-0.37, -0.87, -0.34)
895.63: (-0.22, -0.92, -0.33)
895.74: (-0.13, -0.93, -0.35)
895.86: (-0.10, -0.91, -0.41)
895.96: (-0.07, -0.88, -0.47)
895.98: (-0.06, -0.87, -0.48)
895.98: (-0.42, 0.34, -0.84): 2
896.08: (-0.04, -0.87, -0.50)
896.19: (-0.01, -0.86, -0.51)
896.31: (0.07, -0.84, -0.53)
896.43: (0.03, -0.65, -0.76)
896.54: (-0.06, -0.41, -0.91)
896.66: (-0.38, 0.20, -0.90)
896.78: (-0.58, 0.69, -0.44)
896.89: (-0.60, 0.66, -0.45)
897.01: (-0.60, 0.66, -0.45)
897.11: (-0.56, 0.59, -0.58)
897.23: (-0.47, 0.37, -0.80)
897.31: (-0.44, 0.33, -0.83)
897.31: (-0.69, 0.61, 0.38): 1
897.33: (-0.44, 0.33, -0.83)
897.44: (-0.44, 0.33, -0.83)
897.56: (-0.46, 0.37, -0.81)
897.66: (-0.49, 0.57, -0.66)
897.78: (-0.58, 0.79, -0.18)
897.89: (-0.25, 0.79, 0.56)
898.01: (-0.07, 0.53, 0.85)
898.11: (-0.27, 0.59, 0.76)
898.23: (-0.56, 0.63, 0.54)
898.34: (-0.67, 0.64, 0.37)
898.43: (-0.72, 0.62, 0.31)
898.43: (-0.69, 0.41, -0.59): 2
898.46: (-0.73, 0.61, 0.31)
898.58: (-0.71, 0.62, 0.32)
898.69: (-0.66, 0.66, 0.36)
898.79: (-0.55, 0.74, 0.38)
898.91: (-0.46, 0.76, 0.47)
899.02: (-0.34, 0.76, 0.56)
899.12: (-0.22, 0.73, 0.65)
899.23: (0.03, 0.46, 0.89)
899.34: (0.22, 0.26, 0.94)
899.46: (0.38, 0.30, 0.88)
899.57: (0.55, 0.12, 0.82)
899.69: (0.61, -0.25, 0.75)
899.79: (0.53, -0.49, 0.69)
899.89: (0.17, -0.67, 0.73)
900.01: (-0.44, -0.66, 0.61)
900.12: (-0.86, -0.42, 0.29)
900.24: (-0.99, -0.15, 0.01)
900.36: (-1.00, 0.01, -0.04)
900.46: (-0.98, 0.16, 0.08)
900.56: (-0.75, 0.51, 0.41)
900.67: (-0.10, 0.58, 0.81)
900.79: (0.47, 0.09, 0.88)
900.89: (0.63, -0.42, 0.65)
901.01: (0.56, -0.79, 0.26)
901.11: (0.43, -0.90, 0.04)
901.22: (0.40, -0.92, -0.03)
901.34: (0.31, -0.93, -0.18)
901.44: (0.15, -0.79, -0.60)
901.56: (-0.09, -0.24, -0.97)
901.67: (-0.20, 0.48, -0.85)
901.77: (-0.26, 0.68, -0.69)
901.87: (-0.32, 0.65, -0.69)
901.99: (-0.45, 0.60, -0.66)
902.11: (-0.56, 0.53, -0.64)
902.22: (-0.62, 0.47, -0.63)
902.31: (-0.62, 0.47, -0.63)
902.31: (-0.33, -0.95, -0.02): 0
902.34: (-0.62, 0.47, -0.63)
902.44: (-0.62, 0.47, -0.63)
902.56: (-0.62, 0.47, -0.63)
902.66: (-0.62, 0.47, -0.63)
902.77: (-0.62, 0.47, -0.63)
902.87: (-0.78, 0.33, -0.54)
902.99: (-0.88, 0.14, -0.45)
903.11: (-0.78, -0.51, -0.38)
903.22: (-0.27, -0.95, -0.14)
903.34: (0.13, -0.99, 0.09)
903.44: (0.04, -0.99, 0.11)
903.54: (-0.28, -0.96, 0.01)
903.66: (-0.31, -0.95, -0.01)
903.71: (-0.34, -0.94, -0.04)
903.71: (0.63, -0.35, -0.69): 2
903.77: (-0.33, -0.94, -0.05)
903.89: (-0.34, -0.94, -0.03)
904.01: (-0.33, -0.94, -0.02)
904.12: (-0.27, -0.96, 0.01)
904.24: (-0.20, -0.98, -0.05)
904.36: (0.09, -0.99, -0.12)
904.47: (0.66, -0.75, 0.01)
904.59: (0.94, -0.34, 0.07)
904.69: (1.00, 0.09, 0.01)
904.81: (0.84, 0.50, -0.22)
904.91: (0.66, 0.66, -0.37)
905.02: (0.44, 0.68, -0.59)
905.14: (0.07, 0.55, -0.83)
905.26: (-0.25, 0.25, -0.94)
905.36: (-0.10, -0.09, -0.99)
905.47: (0.34, -0.58, -0.74)
905.59: (0.67, -0.71, -0.22)
905.69: (0.75, -0.66, -0.01)
905.81: (0.76, -0.57, -0.30)
905.92: (0.78, -0.45, -0.43)
906.04: (0.71, -0.41, -0.58)
906.14: (0.63, -0.42, -0.65)
906.14: (0.99, 0.01, -0.10): 1
906.14: (0.63, -0.42, -0.65)
906.26: (0.64, -0.41, -0.65)
906.37: (0.64, -0.41, -0.65)
906.49: (0.76, -0.34, -0.55)
906.61: (0.93, -0.16, -0.32)
906.72: (0.97, -0.10, -0.20)
906.84: (0.99, -0.06, -0.13)
906.92: (0.99, -0.05, -0.09)
906.92: (0.42, 0.89, 0.17): 2
906.96: (0.99, -0.05, -0.09)
907.06: (0.99, -0.05, -0.09)
907.17: (0.99, -0.05, -0.09)
907.27: (1.00, -0.04, -0.07)
907.39: (1.00, -0.05, -0.05)
907.49: (1.00, -0.05, -0.04)
907.61: (1.00, -0.07, 0.03)
907.72: (0.85, -0.15, 0.50)
907.84: (0.44, -0.22, 0.87)
907.94: (0.20, -0.28, 0.94)
908.06: (-0.15, -0.38, 0.91)
908.17: (-0.33, -0.35, 0.88)
908.29: (-0.30, -0.07, 0.95)
908.41: (-0.10, 0.29, 0.95)
908.52: (-0.04, 0.59, 0.80)
908.62: (-0.05, 0.82, 0.57)
908.74: (-0.21, 0.94, 0.25)
908.84: (-0.32, 0.93, 0.17)
908.96: (-0.08, 0.97, 0.23)
909.06: (0.11, 0.95, 0.27)
909.17: (0.32, 0.90, 0.30)
909.29: (0.38, 0.88, 0.28)
909.32: (0.39, 0.88, 0.27)
909.32: (0.92, -0.22, 0.32): 0
909.41: (0.39, 0.88, 0.27)
909.51: (0.39, 0.88, 0.27)
909.61: (0.37, 0.88, 0.28)
909.72: (0.33, 0.84, 0.42)
909.84: (0.33, 0.84, 0.42)
909.96: (0.19, 0.84, 0.50)
910.07: (-0.40, 0.78, 0.48)
910.17: (-0.78, 0.56, 0.29)
910.29: (-0.87, 0.45, 0.19)
910.41: (-0.92, 0.36, 0.12)
910.52: (-0.94, 0.20, 0.28)
910.64: (-0.79, -0.04, 0.62)
910.76: (-0.32, 0.02, 0.95)
910.86: (0.11, 0.00, 0.99)
910.97: (0.55, -0.02, 0.83)
911.07: (0.80, 0.12, 0.58)
911.19: (0.89, 0.38, 0.24)
911.31: (0.97, 0.23, 0.11)
911.42: (0.99, -0.02, 0.12)
911.52: (0.97, -0.13, 0.20)
911.64: (0.92, -0.20, 0.33)
911.71: (0.91, -0.21, 0.37)
911.71: (0.19, -0.98, -0.03): 1
911.74: (0.91, -0.21, 0.36)
911.86: (0.91, -0.21, 0.36)
911.97: (0.94, -0.14, 0.32)
912.09: (0.96, -0.01, 0.27)
912.21: (0.84, 0.43, 0.33)
912.32: (0.40, 0.89, 0.23)
912.42: (0.07, 0.98, -0.18)
912.54: (-0.23, 0.85, -0.46)
912.66: (-0.23, 0.78, -0.59)
912.76: (-0.12, 0.39, -0.91)
912.87: (-0.07, -0.35, -0.94)
912.97: (-0.05, -0.68, -0.73)
913.07: (0.04, -0.93, -0.37)
913.19: (0.09, -0.98, -0.15)
913.31: (0.11, -0.99, -0.08)
913.42: (0.19, -0.98, -0.03)
913.46: (0.21, -0.98, -0.02)
913.46: (-0.87, 0.06, 0.48): 1
913.54: (0.21, -0.98, -0.01)
913.64: (0.22, -0.98, -0.02)
913.76: (0.20, -0.98, -0.01)
913.87: (0.09, -0.99, 0.05)
913.99: (-0.18, -0.98, 0.08)
914.11: (-0.56, -0.83, 0.02)
914.21: (-0.78, -0.63, -0.04)
914.32: (-0.90, -0.40, -0.15)
914.44: (-0.87, -0.04, -0.50)
914.56: (-0.67, 0.24, -0.70)
914.67: (-0.36, 0.42, -0.83)
914.79: (0.05, 0.51, -0.86)
914.91: (0.44, 0.54, -0.72)
915.01: (0.76, 0.40, -0.52)
915.11: (0.93, -0.02, -0.37)
915.22: (0.66, -0.66, -0.37)
915.34: (0.02, -0.90, -0.43)
915.44: (-0.32, -0.85, -0.41)
915.56: (-0.42, -0.82, -0.39)
915.67: (-0.60, -0.63, -0.50)
915.79: (-0.78, -0.30, -0.55)
915.90: (-0.76, -0.23, -0.60)
916.01: (-0.18, -0.47, -0.87)
916.12: (0.87, -0.40, -0.27)
916.24: (0.75, 0.30, 0.59)
916.34: (0.36, 0.51, 0.78)
916.45: (0.30, 0.52, 0.80)
916.57: (0.35, 0.61, 0.71)
916.69: (0.34, 0.94, -0.03)
916.79: (0.22, 0.73, -0.64)
916.89: (0.25, 0.42, -0.87)
917.00: (0.48, 0.25, -0.84)
917.10: (0.71, 0.02, -0.71)
917.22: (0.69, -0.25, -0.67)
917.34: (0.53, -0.52, -0.67)
917.44: (0.30, -0.76, -0.58)
917.55: (-0.11, -0.91, -0.39)
917.65: (-0.46, -0.85, -0.27)
917.77: (-0.74, -0.66, -0.13)
917.89: (-0.88, -0.47, -0.03)
918.00: (-0.99, -0.04, 0.12)
918.10: (-0.87, 0.36, 0.32)
918.22: (-0.79, 0.44, 0.43)
918.32: (-0.81, 0.31, 0.49)
918.44: (-0.85, 0.16, 0.51)
918.50: (-0.85, 0.11, 0.52)
918.50: (-0.03, -0.39, 0.92): 0
918.55: (-0.85, 0.09, 0.51)
918.67: (-0.86, 0.10, 0.50)
918.79: (-0.86, 0.12, 0.49)
918.89: (-0.91, 0.09, 0.40)
919.00: (-0.98, -0.19, 0.08)
919.12: (-0.86, -0.42, -0.30)
919.24: (-0.68, -0.34, -0.65)
919.35: (-0.37, -0.15, -0.92)
919.45: (-0.08, 0.02, -1.00)
919.57: (0.20, 0.18, -0.96)
919.67: (0.41, 0.24, -0.88)
919.79: (0.72, 0.25, -0.65)
919.90: (0.99, 0.03, -0.16)
920.02: (0.81, -0.35, 0.47)
920.12: (0.06, -0.68, 0.73)
920.24: (-0.76, -0.57, 0.32)
920.35: (-0.87, -0.46, 0.16)
920.47: (-0.71, -0.55, 0.45)
920.59: (-0.39, -0.53, 0.75)
920.70: (-0.30, -0.48, 0.83)
920.82: (-0.21, -0.44, 0.87)
920.92: (-0.08, -0.42, 0.90)
920.92: (-0.53, -0.63, 0.57): 2
920.92: (-0.08, -0.42, 0.90)
921.04: (-0.08, -0.43, 0.90)
921.15: (-0.14, -0.56, 0.82)
921.27: (-0.14, -0.56, 0.82)
921.39: (-0.14, -0.56, 0.82)
921.49: (-0.14, -0.56, 0.82)
921.59: (-0.22, -0.54, 0.81)
921.70: (-0.39, -0.57, 0.72)
921.82: (-0.51, -0.59, 0.62)
921.94: (-0.53, -0.63, 0.56)
922.00: (-0.55, -0.65, 0.53)
922.00: (-0.24, 0.89, 0.38): 0
922.05: (-0.53, -0.66, 0.53)
922.17: (-0.53, -0.65, 0.55)
922.29: (-0.50, -0.64, 0.59)
922.39: (-0.46, -0.61, 0.65)
922.50: (-0.11, -0.58, 0.81)
922.62: (0.50, -0.37, 0.78)
922.74: (0.68, 0.06, 0.73)
922.85: (0.79, 0.38, 0.48)
922.95: (0.86, 0.48, 0.15)
923.05: (0.89, 0.45, 0.01)
923.17: (0.88, 0.34, -0.34)
923.27: (0.65, 0.07, -0.76)
923.39: (-0.01, -0.30, -0.95)
923.50: (-0.35, -0.52, -0.78)
923.62: (-0.41, -0.64, -0.65)
923.72: (-0.51, -0.66, -0.54)
923.84: (-0.72, -0.63, -0.30)
923.95: (-0.78, -0.63, 0.01)
924.05: (-0.75, -0.62, 0.23)
924.17: (-0.72, -0.39, 0.57)
924.29: (-0.57, 0.09, 0.82)
924.40: (-0.25, 0.39, 0.89)
924.52: (0.15, 0.53, 0.84)
924.64: (0.32, 0.59, 0.74)
924.75: (0.05, 0.81, 0.58)
924.87: (-0.27, 0.87, 0.41)
924.99: (-0.38, 0.86, 0.34)
925.10: (-0.32, 0.88, 0.34)
925.20: (-0.26, 0.89, 0.37)
925.27: (-0.25, 0.88, 0.40)
925.27: (0.86, 0.21, 0.47): 2
925.32: (-0.25, 0.88, 0.40)
925.42: (-0.25, 0.88, 0.40)
925.54: (-0.26, 0.86, 0.44)
925.65: (-0.43, 0.73, 0.53)
925.77: (-0.64, 0.38, 0.67)
925.89: (-0.46, -0.26, 0.85)
926.00: (-0.04, -0.79, 0.62)
926.12: (0.38, -0.89, 0.24)
926.24: (0.83, -0.55, -0.09)
926.34: (0.96, -0.29, 0.02)
926.44: (0.94, -0.24, 0.25)
926.55: (0.82, -0.09, 0.57)
926.67: (0.71, 0.16, 0.69)
926.79: (0.77, 0.25, 0.59)
926.90: (0.86, 0.24, 0.45)
926.90: (0.81, 0.22, 0.54): 2
926.90: (0.86, 0.24, 0.45)
927.02: (0.86, 0.25, 0.45)
927.14: (0.84, 0.26, 0.47)
927.25: (0.83, 0.20, 0.52)
927.37: (0.82, 0.18, 0.54)
927.47: (0.82, 0.18, 0.54)
927.47: (1.00, -0.01, -0.01): 0
927.49: (0.82, 0.18, 0.54)
927.59: (0.82, 0.18, 0.54)
927.70: (0.82, 0.18, 0.54)
927.82: (0.94, 0.10, 0.33)
927.94: (1.00, -0.05, -0.01)
928.04: (1.00, -0.07, -0.05)
928.07: (1.00, -0.06, -0.05)
928.07: (-0.52, -0.18, 0.84): 0
928.14: (1.00, -0.06, -0.05)
928.25: (1.00, -0.06, -0.05)
928.37: (1.00, -0.08, -0.02)
928.49: (0.98, -0.17, -0.01)
928.59: (0.95, -0.33, -0.02)
928.70: (0.81, -0.58, 0.01)
928.82: (0.59, -0.81, -0.03)
928.92: (0.21, -0.97, -0.16)
929.04: (-0.15, -0.95, -0.27)
929.15: (-0.41, -0.84, -0.35)
929.27: (-0.63, -0.67, -0.40)
929.39: (-0.75, -0.61, -0.26)
929.50: (-0.73, -0.68, 0.09)
929.62: (-0.66, -0.56, 0.50)
929.74: (-0.42, -0.34, 0.84)
929.85: (-0.14, -0.20, 0.97)
929.95: (-0.19, -0.24, 0.95)
930.07: (-0.38, -0.28, 0.88)
930.17: (-0.46, -0.25, 0.85)
930.17: (0.50, 0.57, 0.65): 1
930.17: (-0.46, -0.25, 0.85)
930.29: (-0.46, -0.24, 0.85)
930.40: (-0.45, -0.24, 0.86)
930.52: (-0.34, -0.21, 0.92)
930.64: (0.25, -0.19, 0.95)
930.74: (0.80, -0.15, 0.58)
930.85: (0.99, 0.09, -0.14)
930.97: (0.80, 0.30, -0.52)
931.09: (0.64, 0.42, -0.65)
931.20: (0.51, 0.45, -0.74)
931.32: (0.07, 0.49, -0.87)
931.42: (-0.38, 0.43, -0.82)
931.54: (-0.83, 0.31, -0.47)
931.64: (-0.99, 0.13, -0.09)
931.75: (-0.97, -0.04, 0.25)
931.85: (-0.87, -0.16, 0.46)
931.97: (-0.74, -0.26, 0.62)
932.08: (-0.52, -0.38, 0.77)
932.20: (-0.33, -0.49, 0.81)
932.30: (-0.20, -0.73, 0.65)
932.42: (-0.07, -0.99, 0.13)
932.54: (0.06, -0.93, -0.36)
932.65: (0.14, -0.82, -0.56)
932.77: (0.16, -0.77, -0.62)
932.88: (0.12, -0.72, -0.68)
932.98: (0.10, -0.65, -0.75)
933.10: (0.03, -0.66, -0.75)
933.22: (-0.15, -0.99, 0.02)
933.32: (-0.31, -0.60, 0.74)
933.42: (-0.32, 0.11, 0.94)
933.53: (-0.20, 0.66, 0.73)
933.65: (-0.05, 0.80, 0.60)
933.75: (0.19, 0.80, 0.56)
933.87: (0.45, 0.64, 0.62)
933.97: (0.51, 0.53, 0.68)
934.04: (0.51, 0.52, 0.69)
934.04: (0.52, 0.79, 0.32): 1
934.09: (0.50, 0.52, 0.69)
934.20: (0.51, 0.51, 0.69)
934.32: (0.53, 0.52, 0.67)
934.43: (0.48, 0.71, 0.52)
934.55: (0.40, 0.83, 0.40)
934.60: (0.40, 0.83, 0.40)
934.60: (0.41, 0.70, 0.59): 2
934.67: (0.40, 0.83, 0.40)
934.78: (0.41, 0.82, 0.40)
934.88: (0.47, 0.78, 0.42)
935.00: (0.48, 0.65, 0.59)
935.07: (0.47, 0.63, 0.62)
935.07: (-0.80, -0.60, -0.03): 2
935.12: (0.47, 0.63, 0.62)
935.22: (0.46, 0.62, 0.63)
935.33: (0.43, 0.63, 0.65)
935.45: (0.41, 0.65, 0.64)
935.55: (0.33, 0.50, 0.80)
935.67: (0.08, 0.03, 1.00)
935.78: (-0.30, -0.33, 0.89)
935.88: (-0.52, -0.49, 0.69)
936.00: (-0.71, -0.49, 0.50)
936.10: (-0.87, -0.36, 0.34)
936.22: (-0.99, -0.01, 0.12)
936.33: (-0.99, -0.11, -0.01)
936.45: (-0.91, -0.41, 0.00)
936.55: (-0.87, -0.49, 0.04)
936.60: (-0.86, -0.50, 0.04)
936.60: (0.09, -0.56, -0.83): 1
936.67: (-0.86, -0.52, 0.04)
936.78: (-0.81, -0.59, 0.01)
936.88: (-0.81, -0.59, 0.01)
937.00: (-0.80, -0.60, 0.02)
937.12: (-0.90, -0.44, 0.07)
937.22: (-0.96, -0.05, 0.27)
937.33: (-0.74, 0.26, 0.62)
937.43: (-0.34, 0.53, 0.78)
937.55: (-0.07, 0.66, 0.74)
937.67: (0.07, 0.71, 0.70)
937.78: (0.28, 0.72, 0.64)
937.88: (0.46, 0.51, 0.73)
938.00: (0.62, 0.15, 0.77)
938.10: (0.72, -0.07, 0.69)
938.22: (0.74, -0.37, 0.56)
938.33: (0.58, -0.70, 0.42)
938.45: (0.31, -0.92, 0.25)
938.57: (-0.11, -0.99, 0.11)
938.67: (-0.66, -0.75, 0.07)
938.77: (-0.98, -0.21, 0.05)
938.88: (-0.85, 0.52, -0.02)
939.00: (-0.34, 0.94, -0.08)
939.10: (-0.12, 0.99, -0.06)
939.22: (0.09, 0.97, 0.22)
939.33: (0.25, 0.76, 0.60)
939.43: (0.33, 0.42, 0.85)
939.55: (0.33, 0.07, 0.94)
939.67: (0.33, -0.17, 0.93)
939.78: (0.29, -0.46, 0.84)
939.90: (0.34, -0.73, 0.59)
940.00: (0.60, -0.77, 0.22)
940.10: (0.86, -0.49, -0.14)
940.22: (0.93, -0.08, -0.36)
940.33: (0.89, 0.09, -0.45)
940.45: (0.73, 0.35, -0.58)
940.57: (0.61, 0.53, -0.60)
940.68: (0.48, 0.64, -0.60)
940.78: (0.30, 0.73, -0.62)
940.90: (-0.22, 0.81, -0.55)
941.02: (-0.76, 0.62, -0.18)
941.13: (-0.91, 0.39, 0.13)
941.25: (-0.92, 0.40, -0.01)
941.37: (-0.92, 0.40, -0.01)
941.47: (-0.92, 0.40, -0.01)
941.58: (-0.92, 0.40, -0.01)
941.70: (-0.92, 0.40, -0.01)
941.80: (-0.92, 0.40, -0.01)
941.92: (-0.83, 0.53, 0.18)
942.03: (-0.47, 0.72, 0.51)
942.15: (0.10, 0.69, 0.72)
942.25: (0.53, 0.46, 0.71)
942.37: (0.88, -0.02, 0.48)
942.48: (0.89, -0.46, 0.03)
942.60: (0.59, -0.68, -0.44)
942.70: (0.18, -0.68, -0.71)
942.82: (-0.29, -0.57, -0.76)
942.93: (-0.49, -0.50, -0.71)
943.03: (-0.40, -0.52, -0.76)
943.15: (-0.18, -0.53, -0.83)
943.27: (-0.08, -0.54, -0.84)
943.38: (0.02, -0.54, -0.84)
943.48: (0.09, -0.54, -0.83)
943.48: (0.97, 0.24, 0.00): 2
943.50: (0.09, -0.55, -0.83)
943.60: (0.07, -0.55, -0.83)
943.72: (0.07, -0.55, -0.83)
943.83: (0.05, -0.55, -0.83)
943.95: (-0.04, -0.53, -0.84)
944.05: (-0.05, -0.60, -0.80)
944.15: (-0.15, -0.87, -0.46)
944.27: (-0.26, -0.84, 0.47)
944.38: (-0.23, -0.32, 0.92)
944.50: (-0.15, -0.33, 0.93)
944.62: (-0.15, -0.33, 0.93)
944.72: (-0.15, -0.33, 0.93)
944.83: (-0.15, -0.06, 0.99)
944.95: (-0.02, 0.53, 0.85)
945.05: (0.14, 0.91, 0.40)
945.17: (0.15, 0.94, 0.32)
945.27: (0.04, 0.93, 0.37)
945.38: (-0.47, 0.83, 0.31)
945.50: (-0.90, 0.43, -0.03)
945.62: (-0.93, -0.02, -0.36)
945.72: (-0.77, -0.35, -0.52)
945.83: (-0.46, -0.68, -0.57)
945.95: (-0.15, -0.87, -0.48)
946.07: (0.21, -0.91, -0.36)
946.18: (0.15, -0.94, -0.31)
946.28: (0.15, -0.94, -0.31)
946.40: (0.15, -0.94, -0.31)
946.52: (0.16, -0.95, -0.28)
946.63: (0.61, -0.79, -0.07)
946.73: (0.90, -0.42, 0.13)
946.85: (0.95, -0.21, 0.21)
946.97: (0.96, -0.17, 0.22)
947.08: (0.99, -0.03, 0.15)
947.18: (0.99, 0.14, 0.01)
947.28: (0.99, 0.15, -0.01)
947.33: (0.99, 0.16, -0.02)
947.33: (-0.21, -0.84, 0.50): 1
947.40: (0.99, 0.16, -0.02)
947.52: (0.99, 0.16, -0.02)
947.63: (0.99, 0.16, -0.02)
947.75: (0.97, 0.23, -0.06)
947.87: (0.81, 0.28, -0.52)
947.98: (0.19, 0.33, -0.93)
948.10: (-0.33, 0.32, -0.89)
948.20: (-0.86, 0.19, -0.47)
948.32: (-0.92, -0.15, 0.36)
948.43: (-0.16, -0.35, 0.92)
948.55: (0.51, -0.33, 0.79)
948.67: (0.84, -0.19, 0.51)
948.77: (0.94, -0.09, 0.33)
948.88: (0.95, -0.08, 0.29)
949.00: (1.00, -0.02, -0.08)
949.12: (0.89, -0.02, -0.46)
949.23: (0.80, -0.24, -0.55)
949.35: (0.53, -0.51, -0.68)
949.45: (0.20, -0.68, -0.70)
949.56: (-0.16, -0.83, -0.53)
949.68: (-0.45, -0.85, -0.27)
949.80: (-0.62, -0.78, -0.07)
949.90: (-0.68, -0.72, 0.11)
950.02: (-0.63, -0.70, 0.33)
950.12: (-0.32, -0.81, 0.49)
950.23: (-0.12, -0.83, 0.54)
950.28: (-0.11, -0.83, 0.54)
950.28: (-1.00, 0.02, 0.00): 0
950.35: (-0.11, -0.83, 0.54)
950.46: (-0.13, -0.83, 0.55)
950.58: (-0.13, -0.83, 0.54)
950.70: (0.00, -0.90, 0.44)
950.81: (0.24, -0.97, 0.00)
950.93: (0.39, -0.67, -0.63)
951.03: (0.30, -0.16, -0.94)
951.15: (0.17, 0.26, -0.95)
951.26: (0.12, 0.43, -0.89)
951.36: (0.04, 0.63, -0.78)
951.48: (-0.01, 0.82, -0.57)
951.60: (0.21, 0.88, -0.42)
951.71: (0.43, 0.88, -0.21)
951.83: (0.63, 0.75, 0.20)
951.93: (0.80, 0.32, 0.51)
952.05: (0.84, -0.23, 0.49)
952.16: (0.56, -0.79, 0.24)
952.26: (0.08, -0.99, -0.07)
952.38: (-0.34, -0.91, -0.26)
952.50: (-0.82, -0.44, -0.37)
952.60: (-0.96, 0.03, -0.29)
952.71: (-0.97, 0.19, -0.15)
952.83: (-0.99, 0.14, -0.02)
952.93: (-1.00, 0.08, 0.01)
952.93: (0.95, -0.33, 0.01): 1
952.93: (-1.00, 0.08, 0.01)
953.03: (-1.00, 0.08, -0.01)
953.15: (-1.00, 0.08, -0.01)
953.26: (-1.00, -0.03, -0.05)
953.38: (-0.96, -0.21, -0.18)
953.50: (-0.83, -0.54, -0.12)
953.60: (-0.30, -0.94, -0.17)
953.71: (0.15, -0.98, -0.09)
953.83: (0.59, -0.80, 0.07)
953.93: (0.93, -0.34, 0.16)
954.05: (0.94, 0.32, 0.12)
954.16: (0.91, 0.41, 0.05)
954.28: (0.99, 0.12, 0.05)
954.38: (0.99, -0.11, 0.05)
954.50: (0.95, -0.30, 0.04)
954.58: (0.91, -0.41, 0.03)
954.58: (-1.00, 0.01, -0.01): 1
954.60: (0.91, -0.41, 0.03)
954.71: (0.91, -0.41, 0.03)
954.83: (0.92, -0.39, 0.03)
954.93: (0.96, -0.29, 0.05)
955.03: (1.00, -0.02, -0.02)
955.15: (0.87, 0.47, -0.14)
955.26: (0.70, 0.70, 0.09)
955.38: (0.32, 0.94, 0.11)
955.50: (0.12, 0.99, 0.03)
955.60: (-0.09, 0.99, -0.10)
955.71: (-0.06, 0.99, -0.13)
955.83: (-0.06, 0.99, -0.13)
955.93: (-0.06, 0.99, -0.13)
956.05: (-0.46, 0.88, -0.11)
956.16: (-0.84, 0.52, -0.17)
956.28: (-0.99, 0.03, -0.16)
956.40: (-0.99, -0.07, -0.16)
956.50: (-0.99, 0.05, -0.10)
956.58: (-0.99, 0.09, -0.07)
956.58: (0.98, 0.17, 0.01): 0
956.61: (-0.99, 0.09, -0.08)
956.73: (-0.99, 0.06, -0.08)
956.83: (-1.00, 0.03, -0.09)
956.95: (-0.94, -0.34, -0.08)
957.06: (-0.46, -0.89, -0.01)
957.16: (0.21, -0.97, 0.14)
957.28: (0.66, -0.75, 0.03)
957.38: (0.66, -0.75, 0.03)
957.50: (0.66, -0.75, 0.03)
957.61: (0.65, -0.75, 0.13)
957.73: (0.94, -0.30, 0.13)
957.85: (0.99, 0.15, 0.09)
957.95: (0.97, 0.22, 0.11)
958.06: (0.98, 0.18, 0.12)
958.10: (0.98, 0.18, 0.11)
958.10: (-0.26, -0.42, -0.87): 0
958.18: (0.98, 0.17, 0.10)
958.28: (0.98, 0.17, 0.10)
958.40: (0.98, 0.17, 0.03)
958.51: (0.90, 0.42, -0.14)
958.63: (0.40, 0.89, -0.23)
958.75: (0.06, 0.97, -0.25)
958.86: (0.01, 0.81, -0.59)
958.96: (-0.01, 0.22, -0.97)
959.08: (-0.11, -0.34, -0.93)
959.20: (-0.10, -0.68, -0.72)
959.30: (-0.14, -0.75, -0.64)
959.41: (-0.27, -0.60, -0.75)
959.53: (-0.23, -0.50, -0.84)
959.56: (-0.23, -0.50, -0.84)
959.56: (0.81, -0.58, -0.08): 1
959.63: (-0.23, -0.50, -0.84)
959.75: (-0.23, -0.50, -0.84)
959.86: (-0.23, -0.49, -0.84)
959.98: (-0.23, -0.26, -0.94)
960.10: (-0.17, 0.27, -0.95)
960.20: (-0.03, 0.76, -0.65)
960.31: (0.11, 0.99, -0.12)
960.43: (0.23, 0.92, 0.31)
960.55: (0.32, 0.79, 0.53)
960.65: (0.36, 0.69, 0.64)
960.76: (0.29, 0.74, 0.60)
960.86: (-0.01, 0.98, 0.17)
960.98: (-0.39, 0.77, -0.51)
961.10: (-0.86, 0.25, -0.45)
961.20: (-0.99, 0.01, -0.10)
961.31: (-0.96, -0.18, 0.23)
961.43: (-0.54, -0.52, 0.66)
961.55: (0.14, -0.64, 0.75)
961.66: (0.70, -0.52, 0.49)
961.78: (0.94, -0.26, 0.20)
961.90: (1.00, -0.06, 0.03)
962.00: (0.99, -0.13, 0.01)
962.11: (0.93, -0.34, -0.10)
962.21: (0.90, -0.43, -0.10)
962.31: (0.84, -0.53, -0.05)
962.36: (0.82, -0.58, -0.04)
962.36: (-0.03, -0.94, 0.34): 2
962.43: (0.82, -0.58, -0.04)
962.55: (0.82, -0.57, -0.04)
962.66: (0.87, -0.49, -0.04)
962.78: (0.93, -0.36, 0.05)
962.90: (0.95, -0.18, 0.25)
963.01: (0.89, 0.17, 0.43)
963.13: (0.63, 0.59, 0.51)
963.25: (0.24, 0.78, 0.58)
963.36: (-0.21, 0.82, 0.54)
963.48: (-0.51, 0.73, 0.45)
963.60: (-0.69, 0.61, 0.39)
963.70: (-0.83, 0.46, 0.32)
963.80: (-0.95, 0.26, 0.18)
963.91: (-1.00, -0.02, -0.08)
964.03: (-0.94, 0.09, -0.33)
964.15: (-0.43, 0.56, -0.71)
964.26: (0.34, 0.67, -0.66)
964.38: (0.88, 0.38, -0.27)
964.50: (0.98, -0.04, 0.19)
964.61: (0.79, -0.33, 0.52)
964.73: (0.67, -0.42, 0.61)
964.83: (0.65, -0.38, 0.66)
964.93: (0.54, -0.18, 0.82)
965.05: (0.25, 0.20, 0.95)
965.15: (-0.07, 0.52, 0.85)
965.26: (-0.26, 0.71, 0.66)
965.38: (-0.38, 0.82, 0.43)
965.48: (-0.47, 0.84, 0.28)
965.60: (-0.55, 0.83, 0.12)
965.71: (-0.61, 0.79, -0.08)
965.81: (-0.61, 0.75, -0.26)
965.93: (-0.56, 0.67, -0.48)
966.05: (-0.45, 0.55, -0.70)
966.16: (-0.26, 0.30, -0.92)
966.28: (-0.08, -0.05, -1.00)
966.39: (0.14, -0.33, -0.93)
966.50: (0.23, -0.43, -0.87)
966.61: (0.37, -0.47, -0.80)
966.73: (0.60, -0.53, -0.60)
966.84: (0.85, -0.44, -0.28)
966.96: (1.00, -0.09, 0.02)
967.06: (0.95, 0.26, 0.19)
967.16: (0.77, 0.53, 0.34)
967.28: (0.45, 0.77, 0.46)
967.39: (0.18, 0.87, 0.47)
967.51: (-0.17, 0.91, 0.38)
967.63: (-0.59, 0.77, 0.25)
967.74: (-0.85, 0.53, 0.05)
967.84: (-0.94, 0.33, -0.09)
967.96: (-0.97, 0.10, -0.24)
968.08: (-0.94, -0.12, -0.31)
968.18: (-0.84, -0.40, -0.37)
968.29: (-0.52, -0.72, -0.46)
968.41: (-0.12, -0.90, -0.41)
968.53: (0.20, -0.92, -0.33)
968.64: (0.50, -0.82, -0.28)
968.76: (0.73, -0.61, -0.31)
968.88: (0.85, -0.26, -0.47)
968.99: (0.83, 0.15, -0.54)
969.11: (0.62, 0.39, -0.68)
969.23: (0.32, 0.55, -0.77)
969.34: (0.06, 0.62, -0.78)
969.46: (-0.16, 0.61, -0.78)
969.56: (-0.40, 0.54, -0.74)
969.68: (-0.62, 0.52, -0.59)
969.79: (-0.83, 0.45, -0.33)
969.89: (-0.94, 0.34, -0.02)
970.01: (-0.89, 0.12, 0.44)
970.13: (-0.59, -0.12, 0.80)
970.24: (-0.09, -0.34, 0.94)
970.36: (0.36, -0.49, 0.79)
970.48: (0.73, -0.51, 0.46)
970.59: (0.85, -0.51, 0.12)
970.69: (0.70, -0.69, 0.15)
970.81: (0.38, -0.90, 0.23)
970.93: (0.21, -0.93, 0.28)
971.03: (0.16, -0.94, 0.30)
971.14: (0.05, -0.94, 0.34)
971.16: (0.04, -0.94, 0.35)
971.16: (0.99, -0.11, 0.06): 0
971.26: (0.04, -0.94, 0.35)
971.36: (0.04, -0.94, 0.34)
971.48: (0.02, -0.97, 0.24)
971.58: (-0.34, -0.93, -0.11)
971.69: (-0.78, -0.37, -0.51)
971.81: (-0.80, 0.12, -0.59)
971.93: (-0.87, 0.05, -0.50)
972.04: (-0.87, 0.05, -0.50)
972.16: (-0.87, 0.05, -0.50)
972.28: (-0.85, 0.09, -0.51)
972.38: (-0.79, 0.40, -0.47)
972.48: (-0.55, 0.75, -0.37)
972.59: (-0.21, 0.96, -0.19)
972.71: (0.20, 0.98, 0.06)
972.83: (0.57, 0.75, 0.33)
972.94: (0.79, 0.40, 0.47)
973.06: (0.87, -0.02, 0.49)
973.18: (0.85, -0.28, 0.45)
973.28: (0.81, -0.39, 0.43)
973.39: (0.90, -0.19, 0.39)
973.51: (0.98, -0.13, 0.18)
973.63: (0.99, -0.15, 0.03)
973.68: (0.99, -0.15, 0.03)
973.68: (-0.09, -0.32, 0.94): 0
973.74: (0.99, -0.15, 0.03)
973.86: (0.99, -0.15, 0.03)
973.96: (0.99, -0.15, 0.03)
974.08: (0.94, -0.33, 0.07)
974.18: (0.54, -0.84, 0.06)
974.29: (-0.18, -0.98, -0.08)
974.41: (-0.81, -0.56, -0.15)
974.51: (-0.99, -0.05, -0.11)
974.63: (-0.92, 0.38, -0.08)
974.74: (-0.73, 0.68, -0.06)
974.84: (-0.46, 0.89, -0.04)
974.96: (-0.06, 1.00, 0.01)
975.08: (0.36, 0.93, 0.08)
975.18: (0.61, 0.78, 0.14)
975.29: (0.82, 0.54, 0.17)
975.41: (0.91, 0.37, 0.16)
975.53: (0.96, 0.27, -0.04)
975.63: (0.94, 0.19, -0.28)
975.74: (0.83, 0.12, -0.55)
975.86: (0.66, 0.08, -0.75)
975.96: (0.44, 0.07, -0.90)
976.08: (0.20, 0.05, -0.98)
976.19: (-0.05, 0.03, -1.00)
976.31: (-0.30, 0.01, -0.95)
976.43: (-0.56, 0.01, -0.83)
976.54: (-0.78, 0.00, -0.63)
976.64: (-0.90, -0.05, -0.44)
976.76: (-0.98, -0.14, -0.17)
976.88: (-0.98, -0.18, 0.11)
976.99: (-0.93, -0.19, 0.31)
977.11: (-0.84, -0.17, 0.51)
977.23: (-0.74, -0.15, 0.66)
977.34: (-0.60, -0.14, 0.79)
977.44: (-0.49, -0.14, 0.86)
977.56: (-0.47, -0.17, 0.87)
977.68: (-0.41, -0.22, 0.88)
977.79: (-0.34, -0.23, 0.91)
977.89: (-0.27, -0.24, 0.93)
978.01: (-0.20, -0.28, 0.94)
978.08: (-0.16, -0.30, 0.94)
978.08: (-1.00, 0.00, 0.02): 2
978.13: (-0.15, -0.30, 0.94)
978.24: (-0.20, -0.30, 0.93)
978.36: (-0.26, -0.29, 0.92)
978.48: (-0.26, -0.29, 0.92)
978.59: (-0.26, -0.29, 0.92)
978.69: (-0.24, -0.30, 0.92)
978.81: (-0.18, -0.35, 0.92)
978.93: (-0.08, -0.65, 0.76)
979.04: (0.02, -0.93, 0.37)
979.16: (0.11, -0.99, -0.01)
979.28: (0.20, -0.91, -0.37)
979.39: (0.28, -0.72, -0.64)
979.51: (0.30, -0.53, -0.79)
979.61: (0.35, -0.32, -0.88)
979.73: (0.28, 0.19, -0.94)
979.84: (0.02, 0.77, -0.64)
979.96: (-0.18, 0.98, -0.03)
980.08: (-0.27, 0.92, 0.29)
980.19: (-0.31, 0.85, 0.42)
980.31: (-0.32, 0.73, 0.61)
980.41: (-0.36, 0.39, 0.85)
980.53: (-0.32, -0.11, 0.94)
980.64: (-0.17, -0.52, 0.84)
980.76: (-0.03, -0.79, 0.61)
980.86: (0.10, -0.92, 0.37)
980.98: (0.18, -0.97, 0.15)
981.09: (0.25, -0.97, 0.06)
981.21: (0.58, -0.82, 0.04)
981.33: (0.92, -0.39, 0.07)
981.44: (0.98, 0.11, 0.18)
981.54: (0.83, 0.49, 0.28)
981.66: (0.53, 0.80, 0.28)
981.76: (0.23, 0.94, 0.25)
981.86: (-0.09, 0.99, 0.15)
981.98: (-0.43, 0.90, 0.07)
982.08: (-0.70, 0.72, 0.03)
982.19: (-0.86, 0.51, -0.01)
982.31: (-0.97, 0.25, -0.02)
982.41: (-1.00, -0.06, -0.06)
982.53: (-0.95, -0.28, -0.11)
982.64: (-0.97, -0.23, -0.07)
982.76: (-1.00, -0.09, -0.01)
982.86: (-1.00, -0.06, -0.01)
982.86: (0.47, -0.71, -0.52): 1
982.88: (-1.00, -0.05, -0.01)
982.98: (-1.00, -0.05, -0.01)
983.09: (-1.00, -0.05, -0.01)
983.19: (-1.00, -0.06, -0.01)
983.29: (-1.00, 0.06, -0.08)
983.41: (-1.00, 0.06, -0.08)
983.53: (-1.00, 0.06, -0.08)
983.64: (-1.00, 0.06, -0.08)
983.76: (-0.99, 0.06, -0.12)
983.87: (-0.86, 0.07, -0.50)
983.99: (-0.38, 0.15, -0.91)
984.11: (0.27, 0.21, -0.94)
984.21: (0.80, 0.20, -0.56)
984.31: (0.99, 0.09, 0.05)
984.42: (0.82, -0.05, 0.57)
984.54: (0.51, -0.12, 0.85)
984.66: (0.08, -0.23, 0.97)
984.77: (-0.39, -0.29, 0.88)
984.89: (-0.73, -0.28, 0.62)
984.99: (-0.89, -0.25, 0.37)
985.11: (-0.98, -0.19, 0.11)
985.22: (-0.98, -0.14, -0.13)
985.34: (-0.94, -0.06, -0.33)
985.46: (-0.87, 0.01, -0.50)
985.57: (-0.67, 0.13, -0.73)
985.69: (-0.48, 0.23, -0.85)
985.81: (-0.39, 0.12, -0.91)
985.91: (-0.27, -0.17, -0.95)
986.02: (-0.07, -0.58, -0.81)
986.14: (0.10, -0.89, -0.45)
986.26: (0.25, -0.97, -0.03)
986.37: (0.38, -0.89, 0.25)
986.49: (0.46, -0.88, 0.08)
986.61: (0.52, -0.84, -0.13)
986.71: (0.51, -0.82, -0.27)
986.82: (0.50, -0.77, -0.40)
986.92: (0.50, -0.73, -0.47)
986.94: (0.49, -0.73, -0.48)
986.94: (0.48, 0.73, 0.49): 1
987.04: (0.50, -0.72, -0.48)
987.14: (0.50, -0.73, -0.48)
987.26: (0.62, -0.63, -0.46)
987.37: (0.80, -0.38, -0.46)
987.49: (0.89, -0.17, -0.42)
987.61: (0.93, 0.07, -0.37)
987.72: (0.78, 0.58, -0.24)
987.82: (0.31, 0.95, 0.00)
987.94: (-0.29, 0.93, 0.22)
988.06: (-0.67, 0.69, 0.28)
988.17: (-0.69, 0.66, 0.28)
988.29: (-0.36, 0.90, 0.26)
988.39: (-0.20, 0.92, 0.33)
988.51: (-0.05, 0.88, 0.47)
988.62: (0.17, 0.81, 0.57)
988.72: (0.38, 0.78, 0.50)
988.84: (0.43, 0.77, 0.47)
988.87: (0.43, 0.77, 0.46)
988.87: (-0.21, 0.00, -0.98): 1
988.94: (0.43, 0.78, 0.46)
989.04: (0.43, 0.77, 0.47)
989.16: (0.27, 0.81, 0.52)
989.27: (-0.06, 0.80, 0.60)
989.39: (-0.49, 0.57, 0.66)
989.51: (-0.60, 0.59, 0.54)
989.62: (-0.60, 0.59, 0.54)
989.72: (-0.60, 0.59, 0.54)
989.84: (-0.60, 0.59, 0.54)
989.96: (-0.69, 0.41, 0.60)
990.07: (-0.91, -0.08, 0.40)
990.19: (-0.68, -0.70, -0.21)
990.29: (-0.29, -0.79, -0.54)
990.39: (0.23, -0.69, -0.69)
990.51: (0.71, -0.40, -0.58)
990.62: (0.88, -0.16, -0.46)
990.74: (0.94, -0.11, -0.34)
990.86: (0.98, -0.19, -0.09)
990.97: (0.90, -0.34, 0.26)
991.07: (0.72, -0.48, 0.50)
991.17: (0.43, -0.56, 0.71)
991.29: (0.01, -0.55, 0.83)
991.41: (-0.39, -0.44, 0.81)
991.52: (-0.62, -0.29, 0.73)
991.64: (-0.81, -0.13, 0.57)
991.74: (-0.92, 0.02, 0.39)
991.86: (-0.97, 0.20, 0.11)
991.97: (-0.94, 0.33, -0.12)
992.09: (-0.86, 0.40, -0.32)
992.19: (-0.75, 0.45, -0.49)
992.31: (-0.60, 0.48, -0.64)
992.42: (-0.31, 0.52, -0.80)
992.54: (-0.04, 0.50, -0.86)
992.66: (-0.01, 0.32, -0.95)
992.77: (-0.12, 0.16, -0.98)
992.89: (-0.21, 0.01, -0.98)
992.94: (-0.21, 0.00, -0.98)
992.94: (0.56, -0.12, -0.82): 2
993.01: (-0.21, 0.00, -0.98)
993.11: (-0.20, 0.01, -0.98)
993.22: (-0.21, -0.02, -0.98)
993.32: (-0.23, -0.21, -0.95)
993.44: (-0.26, -0.28, -0.92)
993.56: (-0.26, -0.28, -0.92)
993.67: (-0.32, -0.45, -0.83)
993.79: (-0.38, -0.79, -0.48)
993.89: (-0.36, -0.91, -0.21)
994.01: (-0.13, -0.86, 0.49)
994.11: (0.29, -0.19, 0.94)
994.22: (0.50, 0.65, 0.56)
994.32: (0.38, 0.92, -0.01)
994.44: (0.17, 0.85, -0.49)
994.56: (-0.05, 0.61, -0.79)
994.67: (-0.23, 0.27, -0.93)
994.79: (-0.38, -0.11, -0.92)
994.91: (-0.50, -0.50, -0.70)
995.02: (-0.51, -0.78, -0.36)
995.14: (-0.44, -0.90, -0.04)
995.24: (-0.40, -0.91, 0.14)
995.34: (-0.39, -0.86, 0.33)
995.46: (-0.40, -0.68, 0.62)
995.57: (-0.45, -0.42, 0.79)
995.69: (-0.60, -0.14, 0.79)
995.81: (-0.74, 0.12, 0.66)
995.92: (-0.85, 0.33, 0.42)
996.04: (-0.86, 0.49, 0.17)
996.16: (-0.79, 0.61, -0.01)
996.26: (-0.67, 0.72, -0.19)
996.36: (-0.43, 0.80, -0.41)
996.47: (-0.12, 0.78, -0.61)
996.59: (0.12, 0.67, -0.73)
996.71: (0.37, 0.51, -0.78)
996.82: (0.57, 0.28, -0.77)
996.94: (0.69, 0.07, -0.72)
997.04: (0.73, -0.09, -0.67)
997.16: (0.65, -0.14, -0.75)
997.27: (0.62, -0.13, -0.78)
997.27: (0.02, -1.00, -0.03): 2
997.27: (0.62, -0.13, -0.78)
997.39: (0.61, -0.14, -0.78)
997.51: (0.59, -0.16, -0.79)
997.62: (0.49, -0.29, -0.82)
997.74: (0.05, -0.47, -0.88)
997.84: (-0.36, -0.50, -0.79)
997.96: (-0.83, -0.42, -0.36)
998.06: (-0.94, -0.28, 0.20)
998.16: (-0.78, -0.05, 0.62)
998.27: (-0.42, 0.22, 0.88)
998.39: (-0.04, 0.44, 0.90)
998.49: (0.37, 0.56, 0.74)
998.59: (0.75, 0.54, 0.39)
998.71: (0.95, 0.31, -0.08)
998.82: (0.89, 0.07, -0.45)
998.94: (0.70, -0.21, -0.68)
999.06: (0.39, -0.47, -0.79)
999.17: (0.09, -0.60, -0.80)
999.29: (-0.16, -0.54, -0.83)
999.39: (-0.33, -0.29, -0.90)
999.51: (-0.47, 0.08, -0.88)
999.62: (-0.49, 0.43, -0.76)
999.72: (-0.42, 0.73, -0.54)
999.84: (-0.21, 0.95, -0.22)
999.95: (-0.04, 0.99, 0.12)
1000.07: (0.14, 0.92, 0.38)
1000.17: (0.26, 0.75, 0.61)
1000.27: (0.33, 0.54, 0.77)
1000.39: (0.42, 0.32, 0.85)
1000.51: (0.46, 0.09, 0.88)
1000.62: (0.45, -0.17, 0.88)
1000.74: (0.44, -0.39, 0.81)
1000.84: (0.42, -0.53, 0.74)
1000.96: (0.38, -0.71, 0.59)
1001.07: (0.36, -0.84, 0.40)
1001.17: (0.34, -0.92, 0.19)
1001.29: (0.28, -0.96, -0.03)
1001.41: (0.19, -0.97, -0.14)
1001.51: (0.13, -0.99, -0.10)
1001.62: (0.11, -0.99, -0.06)
1001.62: (0.22, -0.97, 0.10): 0
1001.62: (0.11, -0.99, -0.06)
1001.74: (0.11, -0.99, -0.06)
1001.84: (0.09, -0.99, -0.06)
1001.96: (0.11, -0.99, 0.03)
1002.06: (0.15, -0.98, 0.10)
1002.12: (0.15, -0.98, 0.10)
1002.12: (0.97, -0.08, -0.23): 2
1002.17: (0.15, -0.98, 0.10)
1002.27: (0.15, -0.98, 0.10)
1002.39: (0.17, -0.98, 0.12)
1002.50: (0.20, -0.97, 0.17)
1002.61: (0.25, -0.93, 0.25)
1002.72: (0.41, -0.75, 0.51)
1002.82: (0.50, -0.48, 0.72)
1002.94: (0.50, -0.14, 0.86)
1003.05: (0.38, 0.30, 0.87)
1003.17: (0.21, 0.65, 0.73)
1003.29: (0.04, 0.86, 0.51)
1003.39: (-0.09, 0.96, 0.27)
1003.50: (-0.26, 0.97, -0.03)
1003.62: (-0.41, 0.82, -0.39)
1003.72: (-0.47, 0.62, -0.63)
1003.84: (-0.45, 0.32, -0.84)
1003.95: (-0.37, 0.06, -0.93)
1004.05: (-0.30, -0.17, -0.94)
1004.17: (-0.20, -0.43, -0.88)
1004.27: (-0.13, -0.63, -0.77)
1004.37: (-0.19, -0.76, -0.63)
1004.49: (-0.64, -0.69, -0.35)
1004.60: (-0.94, -0.28, 0.17)
1004.72: (-0.78, 0.23, 0.58)
1004.84: (-0.42, 0.51, 0.75)
1004.95: (-0.19, 0.63, 0.75)
1005.05: (-0.02, 0.72, 0.70)
1005.17: (0.27, 0.77, 0.57)
1005.29: (0.61, 0.71, 0.35)
1005.40: (0.86, 0.50, 0.11)
1005.52: (0.96, 0.27, -0.06)
1005.64: (0.97, 0.04, -0.24)
1005.75: (0.95, -0.05, -0.32)
1005.84: (0.95, -0.05, -0.32)
1005.84: (0.39, 0.92, 0.02): 2
1005.87: (0.95, -0.05, -0.32)
1005.97: (0.95, -0.07, -0.30)
1006.09: (0.95, -0.07, -0.30)
1006.20: (0.95, -0.07, -0.30)
1006.32: (0.95, -0.07, -0.30)
1006.44: (0.94, -0.07, -0.33)
1006.55: (0.93, -0.08, -0.35)
1006.65: (0.94, -0.28, -0.18)
1006.77: (0.85, -0.51, 0.15)
1006.89: (0.69, -0.62, 0.37)
1007.00: (0.54, -0.65, 0.53)
1007.12: (0.29, -0.67, 0.68)
1007.24: (-0.01, -0.64, 0.77)
1007.34: (-0.24, -0.56, 0.80)
1007.45: (-0.55, -0.38, 0.74)
1007.57: (-0.76, -0.20, 0.62)
1007.69: (-0.88, -0.06, 0.48)
1007.80: (-0.93, 0.13, 0.33)
1007.92: (-0.95, 0.29, 0.12)
1008.04: (-0.92, 0.38, -0.04)
1008.14: (-0.89, 0.44, -0.12)
1008.25: (-0.83, 0.53, -0.18)
1008.37: (-0.64, 0.77, -0.03)
1008.49: (-0.19, 0.94, 0.27)
1008.60: (0.21, 0.84, 0.50)
1008.72: (0.56, 0.54, 0.63)
1008.84: (0.71, 0.25, 0.66)
1008.95: (0.68, 0.39, 0.62)
1009.07: (0.63, 0.65, 0.43)
1009.17: (0.61, 0.72, 0.34)
1009.27: (0.56, 0.78, 0.27)
1009.37: (0.45, 0.88, 0.16)
1009.49: (0.37, 0.93, 0.09)
1009.52: (0.36, 0.93, 0.09)
1009.52: (-0.75, 0.61, -0.25): 1
1009.60: (0.36, 0.93, 0.09)
1009.72: (0.39, 0.92, 0.06)
1009.84: (0.39, 0.92, 0.06)
1009.95: (0.39, 0.92, 0.06)
1010.07: (0.39, 0.92, 0.06)
1010.19: (0.22, 0.97, 0.14)
1010.29: (-0.08, 1.00, -0.02)
1010.40: (-0.47, 0.87, -0.15)
1010.52: (-0.75, 0.63, -0.20)
1010.64: (-0.82, 0.52, -0.22)
1010.74: (-0.81, 0.54, -0.23)
1010.77: (-0.80, 0.55, -0.23)
1010.77: (0.72, -0.69, -0.08): 2
1010.85: (-0.80, 0.55, -0.23)
1010.97: (-0.81, 0.55, -0.23)
1011.09: (-0.88, 0.40, -0.25)
1011.20: (-0.96, -0.05, -0.27)
1011.32: (-0.78, -0.56, -0.27)
1011.44: (-0.32, -0.93, -0.21)
1011.55: (0.19, -0.98, -0.09)
1011.65: (0.45, -0.89, 0.02)
1011.77: (0.69, -0.71, 0.14)
1011.89: (0.75, -0.65, 0.12)
1011.99: (0.76, -0.65, -0.03)
1012.05: (0.73, -0.67, -0.10)
1012.05: (0.97, -0.03, -0.26): 1
1012.10: (0.73, -0.67, -0.11)
1012.22: (0.74, -0.67, -0.11)
1012.34: (0.80, -0.60, -0.08)
1012.45: (0.96, -0.28, -0.07)
1012.57: (0.98, -0.13, -0.16)
1012.69: (0.98, -0.08, -0.21)
1012.72: (0.97, -0.07, -0.22)
1012.72: (0.05, -0.10, 0.99): 2
1012.79: (0.97, -0.06, -0.22)
1012.90: (0.98, -0.02, -0.20)
1013.02: (0.98, 0.13, -0.13)
1013.12: (0.96, 0.25, -0.07)
1013.24: (0.84, 0.54, 0.02)
1013.35: (0.56, 0.81, 0.14)
1013.47: (0.19, 0.95, 0.23)
1013.57: (-0.06, 0.96, 0.29)
1013.69: (-0.43, 0.82, 0.37)
1013.80: (-0.76, 0.55, 0.36)
1013.92: (-0.95, 0.15, 0.26)
1014.02: (-0.96, -0.21, 0.17)
1014.12: (-0.89, -0.45, 0.09)
1014.22: (-0.73, -0.68, 0.04)
1014.34: (-0.55, -0.84, 0.00)
1014.44: (-0.46, -0.89, 0.01)
1014.55: (-0.38, -0.90, 0.20)
1014.65: (-0.28, -0.82, 0.51)
1014.77: (-0.08, -0.59, 0.81)
1014.89: (0.12, -0.22, 0.97)
1015.00: (0.27, 0.08, 0.96)
1015.12: (0.31, 0.17, 0.94)
1015.24: (0.21, 0.08, 0.97)
1015.34: (0.17, 0.00, 0.99)
1015.39: (0.15, -0.03, 0.99)
1015.39: (0.31, 0.88, -0.37): 0
1015.44: (0.15, -0.04, 0.99)
1015.55: (0.15, -0.04, 0.99)
1015.67: (0.16, -0.03, 0.99)
1015.79: (0.34, -0.07, 0.94)
1015.89: (0.52, -0.16, 0.84)
1016.00: (0.66, -0.21, 0.72)
1016.12: (0.81, -0.35, 0.47)
1016.24: (0.88, -0.46, 0.08)
1016.35: (0.82, -0.47, -0.34)
1016.47: (0.62, -0.35, -0.70)
1016.59: (0.33, -0.19, -0.93)
1016.69: (-0.01, -0.02, -1.00)
1016.80: (-0.35, 0.15, -0.92)
1016.90: (-0.55, 0.25, -0.80)
1017.02: (-0.76, 0.32, -0.57)
1017.14: (-0.89, 0.32, -0.34)
1017.24: (-0.92, 0.34, -0.21)
1017.35: (-0.84, 0.52, -0.16)
1017.47: (-0.64, 0.75, -0.18)
1017.59: (-0.35, 0.91, -0.22)
1017.70: (-0.04, 0.97, -0.25)
1017.80: (0.24, 0.94, -0.22)
1017.92: (0.44, 0.88, -0.19)
1018.04: (0.39, 0.88, -0.25)
1018.15: (0.35, 0.89, -0.28)
1018.17: (0.35, 0.89, -0.29)
1018.17: (0.03, 0.95, -0.31): 1
1018.25: (0.35, 0.89, -0.29)
1018.37: (0.35, 0.89, -0.29)
1018.49: (0.25, 0.80, -0.55)
1018.60: (0.20, 0.77, -0.61)
1018.72: (0.20, 0.77, -0.61)
1018.83: (0.22, 0.87, -0.45)
1018.95: (0.18, 0.91, -0.38)
1019.05: (0.11, 0.93, -0.35)
1019.10: (0.09, 0.94, -0.33)
1019.10: (-0.91, 0.39, -0.17): 2
1019.15: (0.10, 0.94, -0.32)
1019.27: (0.10, 0.94, -0.32)
1019.38: (0.07, 0.96, -0.29)
1019.48: (-0.06, 0.99, -0.15)
1019.58: (-0.13, 0.99, -0.03)
1019.70: (-0.22, 0.87, 0.43)
1019.80: (-0.21, 0.60, 0.78)
1019.92: (-0.18, 0.33, 0.93)
1020.03: (-0.17, 0.07, 0.98)
1020.13: (-0.11, -0.19, 0.98)
1020.23: (0.00, -0.54, 0.84)
1020.35: (0.09, -0.75, 0.65)
1020.47: (0.16, -0.86, 0.48)
1020.58: (0.22, -0.95, 0.24)
1020.68: (0.27, -0.96, 0.02)
1020.78: (0.30, -0.94, -0.17)
1020.90: (0.33, -0.85, -0.40)
1021.00: (0.32, -0.75, -0.58)
1021.12: (0.28, -0.56, -0.78)
1021.23: (0.27, -0.44, -0.86)
1021.33: (0.36, -0.42, -0.83)
1021.45: (0.63, -0.18, -0.76)
1021.57: (0.77, 0.06, -0.64)
1021.68: (0.87, 0.22, -0.44)
1021.78: (0.93, 0.29, -0.23)
1021.90: (0.95, 0.32, 0.00)
1022.00: (0.92, 0.33, 0.20)
1022.12: (0.83, 0.35, 0.43)
1022.23: (0.69, 0.35, 0.63)
1022.33: (0.52, 0.34, 0.78)
1022.45: (0.34, 0.30, 0.89)
1022.57: (0.17, 0.24, 0.96)
1022.68: (0.00, 0.17, 0.98)
1022.80: (-0.20, 0.08, 0.98)
1022.92: (-0.40, 0.00, 0.92)
1023.03: (-0.59, -0.14, 0.80)
1023.13: (-0.72, -0.24, 0.65)
1023.23: (-0.80, -0.34, 0.49)
1023.35: (-0.86, -0.39, 0.34)
1023.47: (-0.87, -0.46, 0.16)
1023.58: (-0.81, -0.58, -0.03)
1023.68: (-0.72, -0.66, -0.19)
1023.80: (-0.59, -0.73, -0.35)
1023.92: (-0.59, -0.69, -0.42)
1024.03: (-0.76, -0.45, -0.47)
1024.15: (-0.91, -0.03, -0.41)
1024.27: (-0.90, 0.22, -0.36)
1024.38: (-0.87, 0.41, -0.27)
1024.48: (-0.88, 0.44, -0.19)
1024.58: (-0.90, 0.41, -0.14)
1024.60: (-0.90, 0.41, -0.14)
1024.60: (0.62, -0.79, -0.04): 1
1024.70: (-0.90, 0.41, -0.14)
1024.82: (-0.98, 0.16, -0.12)
1024.93: (-0.98, 0.16, -0.12)
1025.05: (-0.98, 0.16, -0.12)
1025.15: (-0.98, 0.16, -0.12)
1025.27: (-0.98, 0.16, -0.12)
1025.38: (-0.99, 0.12, -0.08)
1025.50: (-0.94, 0.32, 0.05)
1025.62: (-0.83, 0.49, 0.26)
1025.73: (-0.61, 0.64, 0.46)
1025.85: (-0.34, 0.71, 0.61)
1025.97: (0.00, 0.73, 0.69)
1026.08: (0.35, 0.65, 0.67)
1026.20: (0.76, 0.42, 0.50)
1026.32: (0.99, 0.03, 0.14)
1026.43: (0.96, -0.27, -0.11)
1026.53: (0.78, -0.49, -0.39)
1026.65: (0.60, -0.60, -0.53)
1026.77: (0.68, -0.65, -0.33)
1026.88: (0.71, -0.68, -0.19)
1027.00: (0.68, -0.72, -0.14)
1027.10: (0.67, -0.74, -0.11)
END