3/30/2023 3:48:48 PM
Mode: Stereo
White time (s): [0.5499573, 1.066895, 2.916107, 2.383148, 2.882996, 1.616302, 0.7161865, 0.4165344, 1.000214, 1.333038, 0.8665771, 0.5832825, 0.5663147, 0.8665161, 0.6498413, 0.9328003, 3.69928, 6.148621, 1.016479, 1.733032, 1.4328, 1.016174, 0.5164795, 1.233154, 2.583008, 1.615967, 0.7498779, 1.74939, 2.649414, 1.333069]
Shot time (s): [3.915558, 0.7167664, 1.283081, 3.482483, 1.199707, 2.282654, 1.83316, 3.549347, 2.082947, 1.199738, 0.4333496, 2.482727, 1.099731, 2.249817, 2.999146, 1.699707, 1.632996, 1.116516, 1.049927, 4.19928, 0.666626, 2.699036, 1.316528, 2.133118, 0.6998901, 1.366882, 4.39917, 1.099792, 1.083557, 0.9664917]
Step time (s): [2.199768, 3.282257, 1.299469, 0.7330627, 1.349731, 2.466461, 1.449463, 2.682617, 2.516174, 2.199585, 1.683319, 1.316437, 3.199066, 1.449615, 1.433014, 0.416687, 1.883026, 2.832703, 6.282166, 5.432251, 2.016663, 2.09967, 2.133179, 2.316223, 1.91626, 1.949463, 1.699829, 2.366028, 3.882813, 1.016235]
White horz (deg): [5.299997, 22.25998, 211.8674, 232.0074, 395.6448, 162.0474, 72.74245, 9.274993, 107.8549, 198.6174, 93.67742, 21.33249, 18.01999, 61.21497, 13.64749, 137.7999, 477.3973, 717.3547, 111.5649, 189.0774, 209.2173, 170.9249, 32.32998, 169.9974, 360.2673, 89.56991, 61.21496, 144.5574, 375.9022, 30.60747]
Shot horz (deg): [406.6425, 49.68747, 142.3049, 382.5275, 116.8649, 278.1173, 210.5424, 350.8599, 137.27, 43.06246, 3.444998, 282.0924, 171.72, 437.3822, 510.5223, 173.4424, 192.9199, 131.9699, 188.9449, 529.7347, 50.34997, 299.5823, 152.5074, 260.3623, 76.71743, 87.58243, 546.8275, 165.3599, 112.0949, 100.9649]
Step horz (deg): [202.7249, 415.1222, 62.80497, 34.31747, 146.9424, 260.3623, 149.8574, 303.4249, 342.3799, 151.7124, 145.3525, 119.6474, 269.9025, 173.045, 114.8774, 16.29749, 181.2599, 412.7374, 724.3776, 660.9094, 221.54, 175.6949, 211.6024, 338.8024, 170.395, 162.1799, 138.1975, 232.5374, 549.2123, 97.12244]
White vert (deg): [15.23749, 154.0974, 263.8075, 150.9174, 260.2299, 103.7474, 48.09747, 20.53749, 49.02497, 97.12242, 33.52248, 38.68998, 30.73998, 44.38747, 57.90246, 67.97245, 237.5726, 557.8251, 58.56495, 110.9024, 65.98495, 68.23745, 9.009994, 102.4224, 265.6624, 171.8524, 36.03997, 124.5499, 227.7675, 155.2899]
Shot vert (deg): [430.3598, 18.28498, 73.93493, 392.7298, 65.18994, 203.1224, 147.6049, 230.8149, 201.1349, 158.2049, 27.42748, 229.6224, 29.41498, 221.0099, 265.7948, 125.8749, 81.22243, 83.47494, 39.08746, 288.5852, 9.142493, 240.3549, 99.77242, 176.3574, 47.69997, 121.2374, 318.3975, 70.88744, 99.10989, 59.22745]
Step vert (deg): [104.0124, 138.1974, 120.7074, 54.72247, 104.6749, 164.1674, 101.7599, 267.5173, 164.6974, 137.005, 59.22746, 41.33997, 229.8874, 97.38741, 87.31742, 5.034997, 82.9449, 281.2975, 596.1174, 393.1275, 158.3374, 169.3349, 182.055, 162.1799, 135.5474, 116.7324, 142.5699, 143.3649, 320.5175, 74.72993]

Time in sec: camera forward versor
Time in sec: target versor: sound type (0 = White, 1 = Shot, 2 = Step)
START
439.72: (0.50, -0.30, 0.81): 2
439.72: (-0.44, -0.13, -0.89)
439.83: (-0.45, -0.14, -0.88)
439.93: (-0.45, -0.14, -0.88)
440.05: (-0.59, -0.16, -0.79)
440.15: (-0.72, -0.18, -0.66)
440.25: (-0.72, -0.03, -0.69)
440.37: (-0.72, -0.02, -0.69)
440.48: (-0.81, 0.07, -0.58)
440.58: (-0.99, 0.13, -0.10)
440.68: (-0.96, 0.09, 0.25)
440.80: (-0.95, 0.00, 0.32)
440.90: (-0.95, 0.00, 0.32)
441.02: (-0.95, 0.00, 0.32)
441.13: (-0.73, -0.13, 0.67)
441.25: (-0.39, -0.41, 0.83)
441.37: (-0.04, -0.61, 0.79)
441.48: (0.36, -0.69, 0.62)
441.60: (0.44, -0.60, 0.67)
441.70: (0.37, -0.45, 0.81)
441.82: (0.43, -0.35, 0.84)
441.92: (0.55, -0.28, 0.79)
441.92: (0.52, -0.44, 0.73): 0
441.93: (0.55, -0.27, 0.79)
442.03: (0.55, -0.27, 0.79)
442.15: (0.55, -0.28, 0.79)
442.27: (0.55, -0.29, 0.79)
442.38: (0.51, -0.47, 0.72)
442.47: (0.49, -0.53, 0.69)
442.47: (-0.69, -0.71, -0.12): 1
442.50: (0.49, -0.53, 0.69)
442.62: (0.49, -0.53, 0.69)
442.72: (0.49, -0.52, 0.70)
442.82: (0.49, -0.52, 0.70)
442.93: (0.42, -0.50, 0.76)
443.05: (-0.25, -0.30, 0.92)
443.17: (-0.62, -0.12, 0.78)
443.28: (-0.76, 0.07, 0.65)
443.40: (-0.88, 0.29, 0.36)
443.52: (-0.91, 0.39, 0.13)
443.62: (-0.76, 0.53, -0.38)
443.73: (-0.27, 0.66, -0.70)
443.85: (0.25, 0.76, -0.60)
443.97: (0.61, 0.46, -0.65)
444.08: (0.61, 0.46, -0.65)
444.20: (0.60, 0.46, -0.65)
444.32: (0.83, 0.44, -0.35)
444.42: (0.98, -0.03, 0.20)
444.53: (0.92, -0.22, 0.32)
444.65: (0.91, -0.23, 0.33)
444.77: (0.91, -0.23, 0.34)
444.88: (0.91, -0.23, 0.33)
445.00: (0.92, -0.22, 0.31)
445.12: (0.83, -0.50, -0.26)
445.23: (-0.03, -0.56, -0.83)
445.35: (-0.03, -0.56, -0.83)
445.47: (-0.01, -0.56, -0.83)
445.58: (-0.70, -0.02, -0.72)
445.70: (-0.93, 0.36, -0.11)
445.81: (-0.88, 0.42, 0.20)
445.93: (-0.99, 0.02, 0.14)
446.05: (-0.95, -0.29, 0.09)
446.15: (-0.87, -0.50, 0.02)
446.26: (-0.75, -0.65, -0.16)
446.38: (-0.74, -0.66, -0.17)
446.38: (0.24, -0.95, -0.19): 0
446.38: (-0.74, -0.66, -0.17)
446.50: (-0.74, -0.65, -0.17)
446.61: (-0.74, -0.65, -0.17)
446.71: (-0.74, -0.67, -0.12)
446.81: (-0.07, -0.97, -0.24)
446.93: (0.54, -0.78, -0.30)
447.05: (0.84, -0.50, -0.22)
447.16: (0.64, -0.75, -0.15)
447.28: (0.20, -0.97, -0.14)
447.38: (0.17, -0.97, -0.14)
447.45: (0.17, -0.97, -0.14)
447.45: (0.73, 0.57, -0.37): 2
447.50: (0.17, -0.97, -0.14)
447.61: (0.18, -0.97, -0.16)
447.73: (0.16, -0.96, -0.21)
447.85: (0.16, -0.96, -0.21)
447.96: (0.16, -0.96, -0.21)
448.06: (0.16, -0.97, -0.19)
448.18: (0.19, -0.92, -0.34)
448.28: (0.22, -0.78, -0.59)
448.38: (0.03, -0.11, -0.99)
448.50: (-0.13, 0.40, -0.91)
448.61: (-0.23, 0.76, -0.61)
448.73: (-0.28, 0.89, -0.35)
448.83: (-0.33, 0.93, -0.17)
448.95: (-0.31, 0.94, 0.13)
449.06: (-0.25, 0.82, 0.51)
449.18: (-0.15, 0.54, 0.83)
449.30: (-0.14, 0.32, 0.94)
449.40: (-0.49, 0.25, 0.83)
449.51: (-0.85, 0.28, 0.45)
449.61: (-0.92, 0.40, 0.03)
449.71: (-0.75, 0.56, -0.36)
449.83: (-0.54, 0.57, -0.62)
449.95: (-0.35, 0.56, -0.75)
450.06: (-0.30, 0.55, -0.78)
450.18: (-0.08, 0.51, -0.86)
450.28: (0.15, 0.46, -0.87)
450.40: (0.36, 0.49, -0.80)
450.51: (0.53, 0.61, -0.59)
450.63: (0.70, 0.52, -0.49)
450.73: (0.77, 0.45, -0.46)
450.73: (0.99, -0.04, -0.15): 1
450.75: (0.77, 0.45, -0.46)
450.85: (0.77, 0.45, -0.45)
450.95: (0.77, 0.47, -0.44)
451.06: (0.86, 0.38, -0.34)
451.18: (1.00, -0.07, -0.04)
451.30: (0.99, -0.11, -0.13)
451.41: (0.99, -0.03, -0.17)
451.45: (0.99, -0.03, -0.17)
451.45: (0.21, 0.98, 0.07): 2
451.53: (0.98, -0.04, -0.18)
451.65: (0.98, -0.05, -0.18)
451.76: (0.98, -0.04, -0.17)
451.88: (0.99, -0.03, -0.17)
451.98: (0.99, -0.03, -0.17)
452.10: (0.99, 0.03, -0.15)
452.21: (0.74, 0.68, -0.04)
452.33: (0.22, 0.97, 0.10)
452.45: (-0.20, 0.95, 0.24)
452.56: (-0.06, 0.99, 0.15)
452.68: (0.22, 0.98, 0.03)
452.75: (0.24, 0.97, 0.01)
452.75: (0.75, 0.59, -0.28): 0
452.80: (0.24, 0.97, 0.01)
452.90: (0.24, 0.97, 0.01)
453.01: (0.25, 0.97, 0.02)
453.11: (0.25, 0.97, 0.02)
453.23: (0.19, 0.98, 0.09)
453.33: (-0.15, 0.82, 0.56)
453.45: (-0.27, 0.67, 0.70)
453.56: (-0.36, 0.37, 0.85)
453.66: (-0.38, 0.13, 0.91)
453.78: (-0.40, -0.10, 0.91)
453.90: (-0.39, -0.40, 0.83)
454.01: (-0.33, -0.64, 0.69)
454.13: (-0.30, -0.78, 0.55)
454.23: (-0.18, -0.95, 0.24)
454.35: (-0.04, -1.00, 0.02)
454.46: (0.16, -0.99, -0.03)
454.56: (0.47, -0.88, 0.04)
454.68: (0.47, -0.88, 0.04)
454.78: (0.49, -0.83, 0.28)
454.90: (0.86, -0.24, 0.46)
455.00: (0.91, -0.01, 0.41)
455.11: (0.91, 0.22, 0.36)
455.23: (0.78, 0.51, 0.35)
455.35: (0.80, 0.57, 0.20)
455.46: (0.88, 0.47, -0.08)
455.58: (0.82, 0.57, -0.09)
455.66: (0.79, 0.61, -0.11)
455.66: (-0.97, -0.23, 0.12): 0
455.68: (0.78, 0.61, -0.11)
455.80: (0.76, 0.63, -0.12)
455.91: (0.77, 0.60, -0.21)
456.03: (0.78, 0.59, -0.20)
456.15: (0.84, 0.36, -0.39)
456.26: (0.86, 0.00, -0.51)
456.38: (0.87, -0.07, -0.49)
456.50: (0.88, -0.17, -0.45)
456.60: (0.69, -0.19, -0.69)
456.71: (0.44, 0.11, -0.89)
456.83: (0.01, 0.58, -0.81)
456.95: (0.03, 0.62, -0.78)
457.05: (0.03, 0.62, -0.78)
457.15: (-0.14, 0.74, -0.66)
457.26: (-0.47, 0.88, -0.06)
457.38: (-0.56, 0.77, 0.29)
457.48: (-0.68, 0.59, 0.43)
457.60: (-0.79, 0.52, 0.31)
457.71: (-0.88, 0.31, 0.35)
457.81: (-0.92, -0.02, 0.40)
457.93: (-0.95, -0.20, 0.22)
458.03: (-0.96, -0.21, 0.18)
458.05: (-0.96, -0.21, 0.18)
458.05: (-0.26, -0.72, 0.65): 1
458.15: (-0.96, -0.21, 0.18)
458.26: (-0.96, -0.21, 0.20)
458.36: (-0.99, -0.10, -0.07)
458.48: (-0.91, -0.02, -0.42)
458.60: (-0.90, -0.34, -0.28)
458.71: (-0.12, -0.88, 0.46)
458.83: (-0.01, -0.83, 0.56)
458.93: (-0.01, -0.83, 0.56)
459.05: (-0.01, -0.80, 0.60)
459.16: (-0.21, -0.76, 0.62)
459.28: (-0.24, -0.73, 0.64)
459.33: (-0.27, -0.72, 0.64)
459.33: (0.39, -0.82, -0.42): 1
459.38: (-0.27, -0.72, 0.64)
459.50: (-0.26, -0.72, 0.65)
459.61: (-0.26, -0.71, 0.65)
459.71: (-0.25, -0.71, 0.65)
459.83: (-0.25, -0.71, 0.65)
459.95: (0.29, -0.59, 0.75)
460.06: (0.68, -0.29, 0.67)
460.18: (0.88, -0.02, 0.48)
460.30: (0.94, 0.24, 0.26)
460.41: (0.80, 0.60, 0.04)
460.51: (0.57, 0.82, -0.09)
460.63: (0.25, 0.96, -0.11)
460.75: (-0.22, 0.92, 0.33)
460.85: (-0.29, 0.75, 0.60)
460.96: (-0.28, 0.47, 0.84)
461.08: (-0.53, 0.26, 0.81)
461.20: (-0.81, 0.06, 0.58)
461.31: (-0.89, -0.05, 0.45)
461.43: (-0.57, 0.03, 0.82)
461.55: (-0.08, 0.34, 0.94)
461.65: (0.40, 0.56, 0.73)
461.75: (0.68, 0.60, 0.43)
461.86: (0.85, 0.53, -0.02)
461.98: (0.89, 0.35, -0.29)
462.10: (0.85, 0.08, -0.51)
462.21: (0.73, -0.24, -0.64)
462.33: (0.70, -0.53, -0.48)
462.45: (0.78, -0.57, -0.26)
462.55: (0.62, -0.66, -0.43)
462.66: (0.38, -0.76, -0.53)
462.78: (0.32, -0.84, -0.44)
462.81: (0.31, -0.86, -0.40)
462.81: (-0.26, -0.87, -0.42): 2
462.89: (0.32, -0.88, -0.37)
463.01: (0.35, -0.86, -0.36)
463.13: (0.04, -0.90, -0.43)
463.24: (-0.40, -0.82, -0.42)
463.34: (-0.43, -0.82, -0.39)
463.46: (-0.36, -0.86, -0.36)
463.54: (-0.27, -0.89, -0.37)
463.54: (-1.00, 0.00, 0.02): 2
463.58: (-0.26, -0.89, -0.37)
463.69: (-0.26, -0.89, -0.38)
463.81: (-0.40, -0.79, -0.47)
463.91: (-0.52, -0.63, -0.58)
464.03: (-0.50, -0.25, -0.83)
464.13: (-0.49, 0.06, -0.87)
464.24: (-0.44, 0.30, -0.85)
464.36: (-0.93, 0.21, -0.30)
464.46: (-0.99, 0.00, 0.12)
464.58: (-0.92, -0.15, 0.35)
464.69: (-0.98, -0.09, 0.20)
464.81: (-1.00, 0.02, -0.04)
464.89: (-1.00, 0.02, -0.05)
464.89: (0.67, 0.47, 0.58): 2
464.93: (-1.00, 0.03, -0.04)
465.04: (-1.00, 0.02, -0.03)
465.16: (-1.00, -0.03, -0.08)
465.28: (-1.00, -0.03, -0.08)
465.38: (-1.00, -0.03, -0.08)
465.49: (-1.00, -0.05, -0.06)
465.61: (-0.85, -0.36, 0.38)
465.73: (-0.63, -0.18, 0.76)
465.84: (-0.47, 0.27, 0.84)
465.96: (-0.50, 0.61, 0.61)
466.08: (-0.51, 0.80, 0.31)
466.19: (-0.56, 0.81, 0.13)
466.31: (-0.68, 0.73, 0.05)
466.43: (-0.49, 0.49, 0.72)
466.54: (-0.11, 0.22, 0.97)
466.66: (0.23, 0.11, 0.97)
466.78: (0.55, 0.01, 0.83)
466.88: (0.66, -0.02, 0.75)
466.98: (0.61, 0.25, 0.75)
467.09: (0.49, 0.47, 0.73)
467.21: (0.49, 0.47, 0.74)
467.33: (0.61, 0.43, 0.66)
467.36: (0.62, 0.43, 0.66)
467.36: (-0.90, 0.06, 0.43): 1
467.44: (0.62, 0.43, 0.65)
467.56: (0.62, 0.43, 0.66)
467.68: (0.62, 0.44, 0.66)
467.79: (0.65, 0.54, 0.54)
467.91: (0.05, 0.84, 0.54)
468.03: (-0.43, 0.67, 0.61)
468.14: (-0.72, 0.49, 0.49)
468.26: (-0.94, 0.28, 0.21)
468.38: (-0.91, 0.17, 0.38)
468.48: (-0.84, 0.09, 0.53)
468.56: (-0.84, 0.08, 0.54)
468.56: (-0.17, -0.17, -0.97): 1
468.59: (-0.84, 0.08, 0.53)
468.71: (-0.86, 0.07, 0.51)
468.83: (-0.87, 0.06, 0.48)
468.94: (-0.92, 0.00, 0.38)
469.06: (-0.80, -0.47, -0.37)
469.18: (-0.59, -0.63, -0.49)
469.28: (-0.59, -0.63, -0.49)
469.39: (-0.58, -0.61, -0.55)
469.49: (0.09, -0.81, -0.58)
469.61: (0.56, -0.80, -0.24)
469.73: (0.65, -0.75, 0.09)
469.84: (0.66, -0.69, 0.31)
469.96: (0.25, -0.95, 0.20)
470.06: (-0.18, -0.96, -0.20)
470.18: (-0.02, -0.67, -0.74)
470.29: (0.27, -0.31, -0.91)
470.41: (0.39, -0.16, -0.91)
470.53: (-0.06, -0.23, -0.97)
470.64: (-0.26, -0.32, -0.91)
470.74: (-0.25, -0.27, -0.93)
470.84: (-0.21, -0.22, -0.95)
470.84: (0.69, -0.19, 0.69): 0
470.86: (-0.21, -0.22, -0.95)
470.98: (-0.20, -0.25, -0.95)
471.08: (-0.22, -0.24, -0.95)
471.19: (-0.20, 0.26, -0.94)
471.29: (0.30, 0.41, -0.86)
471.41: (0.65, 0.11, -0.75)
471.51: (0.80, -0.16, -0.57)
471.63: (0.85, -0.51, -0.14)
471.74: (0.61, -0.73, 0.30)
471.86: (0.19, -0.93, 0.31)
471.98: (-0.14, -0.96, 0.26)
472.09: (-0.14, -0.96, 0.26)
472.19: (-0.19, -0.94, 0.29)
472.31: (-0.75, -0.65, -0.10)
472.43: (-0.98, -0.01, -0.18)
472.54: (-0.85, 0.51, -0.13)
472.64: (-0.74, 0.67, 0.03)
472.74: (-0.72, 0.57, 0.39)
472.86: (-0.56, 0.60, 0.57)
472.98: (-0.17, 0.60, 0.78)
473.08: (0.05, 0.33, 0.94)
473.19: (0.25, 0.31, 0.92)
473.31: (0.25, 0.31, 0.92)
473.43: (0.28, 0.31, 0.91)
473.53: (0.63, -0.04, 0.78)
473.64: (0.76, -0.17, 0.62)
473.73: (0.77, -0.20, 0.61)
473.73: (-0.82, 0.52, -0.25): 2
473.76: (0.77, -0.20, 0.61)
473.88: (0.72, -0.14, 0.68)
473.99: (0.64, -0.13, 0.76)
474.11: (0.64, -0.13, 0.76)
474.23: (0.28, -0.29, 0.91)
474.34: (-0.05, -0.55, 0.84)
474.44: (-0.60, -0.56, 0.57)
474.56: (-0.83, -0.43, 0.35)
474.68: (-0.95, -0.24, 0.21)
474.79: (-0.99, 0.01, 0.11)
474.91: (-0.94, 0.35, 0.03)
475.03: (-0.86, 0.49, -0.15)
475.14: (-0.83, 0.47, -0.29)
475.18: (-0.83, 0.47, -0.30)
475.18: (0.45, 0.36, 0.81): 1
475.26: (-0.83, 0.47, -0.31)
475.38: (-0.81, 0.54, -0.23)
475.48: (-0.83, 0.55, -0.12)
475.59: (-0.83, 0.55, -0.12)
475.71: (-0.83, 0.55, -0.12)
475.83: (-0.42, 0.76, -0.50)
475.94: (0.08, 0.32, -0.95)
476.06: (0.18, -0.12, -0.98)
476.18: (0.44, -0.25, -0.86)
476.28: (0.82, -0.25, -0.52)
476.39: (0.98, -0.21, -0.03)
476.51: (0.92, -0.04, 0.39)
476.61: (0.74, 0.21, 0.64)
476.73: (0.48, 0.50, 0.72)
476.84: (0.46, 0.51, 0.73)
476.96: (0.52, 0.38, 0.76)
477.01: (0.53, 0.36, 0.77)
477.01: (-0.44, 0.09, -0.89): 1
477.08: (0.53, 0.36, 0.77)
477.19: (0.52, 0.35, 0.78)
477.31: (0.56, 0.19, 0.81)
477.41: (0.58, 0.07, 0.81)
477.53: (0.64, -0.31, 0.71)
477.64: (0.60, -0.56, 0.58)
477.76: (0.53, -0.74, 0.41)
477.88: (0.50, -0.85, 0.12)
477.98: (0.49, -0.87, -0.09)
478.08: (0.48, -0.77, -0.41)
478.19: (0.48, -0.63, -0.61)
478.31: (0.42, -0.45, -0.79)
478.41: (0.35, -0.26, -0.90)
478.53: (0.29, 0.00, -0.96)
478.64: (0.21, 0.24, -0.95)
478.76: (0.12, 0.43, -0.89)
478.86: (0.09, 0.56, -0.83)
478.97: (0.07, 0.78, -0.63)
479.07: (0.08, 0.94, -0.33)
479.19: (0.32, 0.92, -0.21)
479.29: (0.60, 0.67, -0.44)
479.41: (0.79, 0.25, -0.56)
479.52: (0.75, 0.04, -0.66)
479.62: (0.48, 0.05, -0.88)
479.74: (0.13, 0.26, -0.96)
479.84: (-0.06, 0.40, -0.92)
479.96: (-0.38, 0.48, -0.79)
480.07: (-0.46, 0.24, -0.85)
480.17: (-0.41, -0.12, -0.90)
480.29: (-0.41, -0.12, -0.90)
480.39: (-0.41, -0.11, -0.90)
480.49: (-0.46, 0.09, -0.88)
480.56: (-0.48, 0.15, -0.87)
480.56: (-0.81, -0.58, 0.09): 0
480.61: (-0.47, 0.15, -0.87)
480.72: (-0.34, 0.17, -0.92)
480.84: (-0.34, 0.17, -0.92)
480.94: (-0.34, 0.17, -0.92)
481.06: (-0.34, 0.17, -0.92)
481.16: (-0.44, -0.19, -0.88)
481.26: (-0.30, -0.73, -0.62)
481.37: (-0.20, -0.95, -0.26)
481.49: (-0.07, -0.99, 0.08)
481.61: (-0.05, -0.95, 0.32)
481.71: (-0.27, -0.78, 0.56)
481.82: (-0.61, -0.51, 0.61)
481.94: (-0.85, -0.35, 0.38)
482.06: (-0.81, -0.56, 0.17)
482.16: (-0.77, -0.63, 0.10)
482.17: (-0.77, -0.63, 0.10)
482.17: (0.12, 0.92, 0.37): 2
482.27: (-0.77, -0.63, 0.10)
482.39: (-0.82, -0.56, 0.15)
482.51: (-0.95, -0.27, 0.13)
482.62: (-0.99, 0.13, 0.07)
482.74: (-0.93, 0.37, 0.01)
482.84: (-0.91, 0.40, 0.02)
482.96: (-0.72, 0.44, 0.55)
483.07: (-0.60, 0.49, 0.63)
483.17: (-0.25, 0.50, 0.83)
483.29: (0.13, 0.31, 0.94)
483.39: (0.31, 0.12, 0.94)
483.51: (0.49, -0.20, 0.85)
483.62: (0.56, -0.44, 0.70)
483.74: (0.55, -0.61, 0.57)
483.84: (0.47, -0.74, 0.49)
483.96: (0.19, -0.84, 0.50)
484.07: (-0.17, -0.71, 0.68)
484.17: (-0.28, -0.18, 0.94)
484.29: (0.15, 0.35, 0.92)
484.39: (0.57, 0.50, 0.65)
484.51: (0.73, 0.57, 0.36)
484.62: (0.47, 0.83, 0.30)
484.74: (0.13, 0.91, 0.38)
484.86: (-0.02, 0.91, 0.41)
484.86: (-0.92, -0.19, 0.34): 2
484.86: (-0.02, 0.91, 0.41)
484.96: (-0.01, 0.91, 0.41)
485.07: (0.02, 0.92, 0.39)
485.19: (-0.10, 0.96, 0.26)
485.29: (-0.17, 0.96, 0.23)
485.41: (-0.25, 0.87, 0.43)
485.52: (0.30, 0.56, 0.77)
485.64: (0.34, 0.89, 0.30)
485.76: (-0.43, 0.88, -0.20)
485.87: (-0.75, 0.46, -0.48)
485.99: (-0.68, -0.01, -0.74)
486.09: (-0.55, -0.36, -0.76)
486.21: (-0.49, -0.63, -0.60)
486.32: (-0.46, -0.80, -0.39)
486.42: (-0.43, -0.86, -0.27)
486.54: (-0.43, -0.90, 0.01)
486.64: (-0.47, -0.86, 0.20)
486.76: (-0.55, -0.77, 0.32)
486.87: (-0.73, -0.64, 0.23)
486.99: (-0.88, -0.47, 0.01)
487.09: (-0.93, -0.35, -0.12)
487.21: (-0.96, -0.21, 0.20)
487.32: (-0.94, -0.20, 0.29)
487.37: (-0.93, -0.21, 0.29)
487.37: (-0.60, 0.32, 0.73): 2
487.42: (-0.93, -0.21, 0.29)
487.54: (-0.93, -0.20, 0.30)
487.64: (-0.93, -0.20, 0.30)
487.76: (-0.93, -0.21, 0.30)
487.86: (-0.93, -0.21, 0.30)
487.97: (-0.93, -0.21, 0.30)
488.09: (-0.93, -0.21, 0.30)
488.19: (-0.93, -0.21, 0.29)
488.31: (-0.79, -0.56, 0.26)
488.42: (-0.40, -0.80, 0.44)
488.54: (0.01, -0.85, 0.53)
488.64: (0.27, -0.63, 0.73)
488.74: (0.18, -0.30, 0.94)
488.86: (0.18, -0.30, 0.94)
488.97: (0.09, -0.21, 0.97)
489.09: (-0.45, 0.17, 0.87)
489.21: (-0.74, 0.19, 0.65)
489.32: (-0.87, 0.07, 0.49)
489.44: (-0.73, 0.25, 0.64)
489.54: (-0.66, 0.30, 0.68)
489.57: (-0.66, 0.30, 0.69)
489.57: (0.87, 0.24, -0.44): 2
489.66: (-0.66, 0.30, 0.69)
489.77: (-0.66, 0.30, 0.69)
489.89: (-0.65, 0.31, 0.70)
489.99: (-0.65, 0.31, 0.70)
490.11: (-0.64, 0.32, 0.70)
490.22: (-0.45, 0.50, 0.74)
490.34: (-0.01, 0.78, 0.62)
490.46: (0.30, 0.83, 0.46)
490.57: (0.59, 0.73, 0.35)
490.67: (0.87, 0.50, 0.02)
490.79: (0.90, 0.40, -0.18)
490.91: (0.81, 0.39, -0.43)
491.01: (0.75, 0.36, -0.56)
491.12: (0.74, 0.34, -0.57)
491.24: (0.87, 0.31, -0.39)
491.26: (0.87, 0.31, -0.39)
491.26: (1.00, 0.02, 0.08): 0
491.36: (0.87, 0.31, -0.39)
491.47: (0.87, 0.31, -0.39)
491.59: (0.79, 0.61, 0.02)
491.69: (0.79, 0.43, 0.44)
491.81: (0.96, 0.13, 0.24)
491.92: (0.98, 0.16, 0.07)
491.97: (0.98, 0.16, 0.07)
491.97: (-0.85, -0.48, 0.23): 1
492.04: (0.98, 0.16, 0.07)
492.16: (0.98, 0.13, 0.12)
492.27: (0.93, -0.11, 0.34)
492.39: (0.75, -0.36, 0.56)
492.51: (0.46, -0.45, 0.76)
492.61: (0.29, -0.48, 0.83)
492.72: (0.03, -0.48, 0.88)
492.84: (-0.07, -0.45, 0.89)
492.96: (-0.35, -0.45, 0.82)
493.06: (-0.47, -0.29, 0.83)
493.17: (-0.47, -0.29, 0.83)
493.29: (-0.47, -0.29, 0.83)
493.41: (-0.70, 0.04, 0.71)
493.52: (-0.93, 0.27, 0.26)
493.64: (-0.99, 0.08, -0.15)
493.74: (-0.93, -0.37, 0.04)
493.86: (-0.83, -0.46, 0.31)
493.97: (-0.82, -0.47, 0.33)
494.06: (-0.83, -0.46, 0.31)
494.06: (-0.87, -0.48, -0.04): 0
494.09: (-0.83, -0.46, 0.31)
494.21: (-0.83, -0.46, 0.31)
494.32: (-0.86, -0.46, 0.22)
494.44: (-0.89, -0.45, -0.07)
494.47: (-0.89, -0.46, -0.07)
494.47: (-0.69, 0.72, -0.03): 2
494.54: (-0.89, -0.46, -0.07)
494.66: (-0.89, -0.46, -0.07)
494.77: (-0.86, -0.47, -0.21)
494.89: (-0.80, -0.53, -0.29)
495.01: (-0.80, -0.53, -0.29)
495.12: (-0.80, -0.53, -0.28)
495.24: (-0.91, -0.18, -0.38)
495.35: (-0.59, 0.72, -0.37)
495.46: (-0.43, 0.83, -0.35)
495.57: (-0.39, 0.89, -0.25)
495.69: (-0.66, 0.75, -0.10)
495.79: (-0.70, 0.71, -0.11)
495.79: (-0.34, -0.91, -0.24): 0
495.80: (-0.70, 0.71, -0.11)
495.92: (-0.71, 0.70, -0.10)
496.02: (-0.71, 0.70, -0.11)
496.14: (-0.79, 0.62, -0.03)
496.26: (-0.98, -0.05, -0.17)
496.37: (-0.70, -0.61, -0.37)
496.49: (-0.59, -0.63, -0.51)
496.59: (-0.49, -0.71, -0.51)
496.70: (-0.44, -0.87, -0.24)
496.79: (-0.42, -0.88, -0.22)
496.79: (0.26, 0.18, -0.95): 2
496.81: (-0.42, -0.88, -0.22)
496.92: (-0.42, -0.88, -0.22)
497.04: (-0.42, -0.88, -0.22)
497.15: (-0.41, -0.89, -0.20)
497.27: (-0.41, -0.89, -0.20)
497.39: (-0.41, -0.89, -0.20)
497.49: (-0.40, -0.89, -0.20)
497.60: (0.07, -0.91, 0.41)
497.70: (0.05, -0.85, 0.53)
497.80: (0.05, -0.85, 0.53)
497.92: (-0.10, -0.75, 0.66)
498.04: (-0.47, -0.45, 0.76)
498.14: (-0.40, -0.26, 0.88)
498.25: (-0.06, -0.06, 1.00)
498.37: (0.28, -0.08, 0.96)
498.49: (0.62, -0.05, 0.78)
498.60: (0.87, -0.17, 0.45)
498.72: (0.89, -0.41, 0.20)
498.84: (0.58, -0.82, 0.04)
498.94: (0.26, -0.97, -0.01)
499.05: (0.13, -0.97, -0.19)
499.17: (0.23, -0.86, -0.45)
499.27: (0.23, -0.86, -0.45)
499.39: (0.31, -0.60, -0.74)
499.50: (0.47, -0.22, -0.85)
499.62: (0.54, -0.14, -0.83)
499.74: (0.35, -0.02, -0.94)
499.84: (0.31, 0.06, -0.95)
499.95: (0.32, 0.09, -0.94)
499.99: (0.32, 0.10, -0.94)
499.99: (1.00, -0.02, -0.03): 2
500.05: (0.32, 0.10, -0.94)
500.17: (0.33, 0.12, -0.94)
500.29: (0.32, 0.23, -0.92)
500.40: (0.25, 0.59, -0.77)
500.52: (-0.07, 0.66, -0.74)
500.62: (-0.21, 0.47, -0.86)
500.72: (0.24, -0.24, -0.94)
500.84: (0.46, -0.47, -0.75)
500.94: (0.68, -0.53, -0.52)
501.05: (0.82, -0.51, -0.25)
501.15: (0.89, -0.45, -0.12)
501.27: (0.98, -0.17, -0.03)
501.39: (0.99, -0.01, -0.11)
501.44: (0.99, -0.01, -0.11)
501.44: (0.56, 0.66, 0.50): 0
501.49: (0.99, -0.01, -0.11)
501.60: (0.99, 0.01, -0.10)
501.70: (0.98, 0.07, -0.20)
501.82: (0.61, 0.34, -0.72)
501.94: (0.32, 0.46, -0.83)
502.05: (0.37, 0.66, -0.65)
502.17: (0.58, 0.81, -0.04)
502.29: (0.89, 0.33, 0.31)
502.40: (0.95, -0.09, 0.31)
502.50: (0.92, 0.24, 0.32)
502.62: (0.74, 0.52, 0.42)
502.74: (0.67, 0.62, 0.41)
502.77: (0.67, 0.62, 0.41)
502.77: (-0.42, 0.14, 0.90): 2
502.85: (0.66, 0.63, 0.41)
502.97: (0.65, 0.63, 0.42)
503.09: (0.58, 0.72, 0.39)
503.19: (0.23, 0.95, 0.22)
503.30: (0.12, 0.93, 0.36)
503.40: (0.07, 0.85, 0.53)
503.52: (0.14, 0.65, 0.75)
503.64: (0.14, 0.39, 0.91)
503.75: (0.08, 0.11, 0.99)
503.87: (-0.03, -0.07, 1.00)
503.97: (-0.25, 0.01, 0.97)
504.09: (-0.38, 0.13, 0.92)
504.20: (-0.48, 0.18, 0.86)
504.20: (-0.47, 0.83, -0.30): 0
504.20: (-0.48, 0.18, 0.86)
504.30: (-0.50, 0.18, 0.85)
504.42: (-0.55, 0.28, 0.79)
504.54: (-0.46, 0.53, 0.71)
504.65: (-0.39, 0.86, 0.34)
504.77: (-0.36, 0.93, -0.07)
504.89: (-0.39, 0.86, -0.33)
504.99: (-0.45, 0.82, -0.35)
505.07: (-0.49, 0.83, -0.28)
505.07: (0.77, -0.61, 0.20): 1
505.10: (-0.49, 0.83, -0.28)
505.22: (-0.49, 0.83, -0.28)
505.32: (-0.45, 0.86, -0.23)
505.44: (-0.24, 0.97, -0.07)
505.55: (0.08, 0.99, -0.10)
505.67: (0.43, 0.89, -0.13)
505.79: (0.83, 0.54, -0.12)
505.89: (1.00, 0.09, 0.01)
505.99: (0.97, -0.21, 0.12)
506.10: (0.85, -0.43, 0.31)
506.22: (0.77, -0.51, 0.38)
506.27: (0.76, -0.53, 0.37)
506.27: (0.81, -0.59, -0.03): 2
506.34: (0.76, -0.53, 0.37)
506.45: (0.81, -0.52, 0.26)
506.57: (0.82, -0.52, 0.22)
506.67: (0.82, -0.56, 0.09)
506.69: (0.82, -0.56, 0.09)
506.69: (0.98, 0.08, 0.19): 0
506.79: (0.83, -0.56, 0.07)
506.90: (0.83, -0.56, 0.07)
507.00: (0.87, -0.49, 0.04)
507.12: (0.97, -0.07, 0.22)
507.24: (0.98, 0.11, 0.17)
507.27: (0.98, 0.11, 0.17)
507.27: (-0.02, -0.51, -0.86): 2
507.34: (0.98, 0.12, 0.17)
507.45: (0.96, 0.22, 0.19)
507.57: (0.89, 0.39, 0.24)
507.67: (0.84, 0.44, 0.31)
507.79: (0.81, 0.44, 0.38)
507.89: (0.81, 0.50, 0.32)
508.00: (0.71, 0.49, -0.51)
508.12: (0.51, 0.26, -0.82)
508.22: (0.45, 0.05, -0.89)
508.34: (0.36, -0.02, -0.93)
508.45: (0.11, -0.09, -0.99)
508.57: (0.11, -0.10, -0.99)
508.67: (0.24, -0.02, -0.97)
508.79: (-0.07, -0.44, -0.90)
508.89: (-0.13, -0.54, -0.83)
509.00: (-0.11, -0.59, -0.80)
509.12: (0.06, -0.52, -0.85)
509.15: (0.06, -0.52, -0.85)
509.15: (-0.19, -0.03, -0.98): 0
509.24: (0.06, -0.52, -0.85)
509.34: (0.06, -0.52, -0.85)
509.44: (0.15, -0.55, -0.82)
509.55: (0.00, -0.14, -0.99)
509.67: (-0.02, -0.10, -0.99)
509.72: (-0.02, -0.10, -0.99)
509.72: (-0.75, 0.50, 0.42): 2
509.79: (-0.02, -0.10, -0.99)
509.90: (-0.14, -0.07, -0.99)
510.02: (-0.16, -0.15, -0.98)
510.14: (-0.23, -0.29, -0.93)
510.24: (-0.26, -0.52, -0.81)
510.34: (-0.30, -0.44, -0.85)
510.45: (0.21, -0.09, -0.97)
510.55: (0.39, -0.27, -0.88)
510.67: (0.61, -0.55, -0.58)
510.79: (0.93, -0.32, -0.17)
510.89: (0.90, -0.40, 0.20)
511.00: (0.21, -0.94, 0.26)
511.12: (0.10, -0.99, -0.04)
511.24: (0.81, -0.58, -0.03)
511.35: (1.00, -0.07, 0.01)
511.45: (0.93, 0.36, 0.09)
511.57: (0.69, 0.73, 0.02)
511.69: (0.32, 0.95, 0.07)
511.80: (0.20, 0.97, 0.11)
511.92: (0.24, 0.97, 0.11)
512.02: (-0.08, 0.98, 0.16)
512.14: (-0.48, 0.87, 0.09)
512.25: (-0.75, 0.66, -0.03)
512.37: (-0.87, 0.48, 0.10)
512.48: (-0.77, 0.51, 0.38)
512.55: (-0.74, 0.53, 0.41)
512.55: (-0.99, -0.12, -0.08): 0
512.60: (-0.74, 0.53, 0.41)
512.70: (-0.74, 0.53, 0.42)
512.82: (-0.78, 0.45, 0.44)
512.92: (-0.87, 0.31, 0.39)
513.02: (-0.93, 0.05, 0.37)
513.13: (-0.88, -0.24, 0.41)
513.25: (-0.96, -0.21, 0.18)
513.37: (-0.99, -0.05, -0.11)
513.42: (-0.99, -0.04, -0.13)
513.42: (-0.97, -0.09, 0.22): 1
513.47: (-0.99, -0.04, -0.13)
513.59: (-0.99, -0.04, -0.13)
513.70: (-1.00, -0.05, -0.05)
513.82: (-0.95, -0.04, 0.32)
513.85: (-0.94, -0.03, 0.34)
513.85: (-0.21, -0.47, 0.86): 1
513.92: (-0.94, -0.03, 0.34)
514.03: (-0.94, -0.03, 0.34)
514.15: (-0.88, 0.01, 0.48)
514.27: (-0.88, -0.22, 0.41)
514.38: (-0.75, -0.59, 0.29)
514.50: (-0.41, -0.88, 0.23)
514.60: (-0.05, -1.00, -0.06)
514.72: (-0.05, -1.00, -0.06)
514.82: (-0.05, -1.00, -0.06)
514.93: (-0.25, -0.96, -0.16)
515.05: (-0.87, -0.45, -0.20)
515.17: (-1.00, 0.06, -0.07)
515.28: (-0.93, 0.37, -0.08)
515.40: (-0.81, 0.58, -0.11)
515.52: (-0.72, 0.70, 0.01)
515.62: (-0.62, 0.56, 0.54)
515.73: (-0.43, -0.05, 0.90)
515.85: (-0.23, -0.52, 0.82)
515.97: (0.13, -0.52, 0.85)
516.08: (0.00, -0.50, 0.87)
516.20: (-0.12, -0.47, 0.87)
516.32: (-0.23, -0.45, 0.87)
516.33: (-0.23, -0.44, 0.87)
516.33: (0.79, 0.59, 0.17): 2
516.43: (-0.23, -0.45, 0.86)
516.55: (-0.20, -0.52, 0.83)
516.67: (-0.13, -0.83, 0.55)
516.77: (0.04, -0.99, 0.11)
516.88: (0.21, -0.97, -0.16)
516.98: (0.27, -0.90, -0.34)
517.10: (0.59, -0.77, -0.25)
517.20: (0.74, -0.39, 0.55)
517.30: (0.74, -0.39, 0.55)
517.42: (0.73, -0.33, 0.60)
517.53: (0.53, -0.09, 0.84)
517.65: (0.39, -0.15, 0.91)
517.77: (0.23, -0.03, 0.97)
517.88: (0.10, 0.04, 0.99)
518.00: (-0.05, 0.15, 0.99)
518.10: (-0.26, 0.40, 0.88)
518.22: (-0.45, 0.55, 0.70)
518.33: (-0.57, 0.70, 0.43)
518.45: (-0.71, 0.70, 0.09)
518.57: (-0.76, 0.64, -0.12)
518.68: (-0.80, 0.55, -0.24)
518.80: (-0.90, 0.32, -0.30)
518.90: (-0.95, 0.19, -0.25)
519.02: (-0.99, 0.05, -0.11)
519.13: (-1.00, -0.09, 0.05)
519.25: (-0.97, -0.26, 0.02)
519.37: (-0.82, -0.38, -0.43)
519.48: (-0.56, 0.01, -0.83)
519.60: (-0.37, 0.27, -0.89)
519.72: (-0.68, 0.40, -0.61)
519.83: (-0.95, 0.25, -0.18)
519.95: (-0.90, 0.34, 0.29)
520.07: (-0.72, 0.53, 0.45)
520.18: (-0.55, 0.80, 0.24)
520.28: (-0.24, 0.76, -0.60)
520.40: (-0.23, 0.73, -0.64)
520.52: (-0.23, 0.74, -0.64)
520.63: (0.17, 0.22, -0.96)
520.75: (0.28, -0.31, -0.91)
520.87: (0.27, -0.58, -0.77)
520.98: (0.15, -0.74, -0.66)
521.10: (0.00, -0.85, -0.53)
521.22: (-0.09, -0.93, -0.35)
521.33: (-0.22, -0.97, -0.10)
521.45: (-0.12, -0.90, 0.41)
521.57: (0.08, -0.70, 0.71)
521.68: (0.36, -0.38, 0.85)
521.80: (0.46, 0.00, 0.89)
521.90: (0.46, 0.00, 0.89)
522.02: (0.46, 0.00, 0.89)
522.12: (0.69, 0.27, 0.67)
522.23: (0.81, 0.56, 0.14)
522.35: (0.79, 0.57, -0.23)
522.47: (0.81, 0.57, -0.16)
522.58: (0.86, 0.49, 0.12)
522.62: (0.86, 0.49, 0.12)
522.62: (-0.02, -0.67, 0.74): 1
522.68: (0.86, 0.49, 0.12)
522.80: (0.86, 0.49, 0.12)
522.92: (0.79, 0.61, 0.10)
523.02: (0.75, 0.66, 0.05)
523.13: (0.68, 0.08, 0.73)
523.23: (0.32, -0.34, 0.88)
523.35: (-0.07, -0.60, 0.80)
523.47: (-0.41, -0.69, 0.59)
523.58: (-0.08, -0.66, 0.75)
523.70: (0.00, -0.65, 0.76)
523.72: (0.00, -0.65, 0.76)
523.72: (-0.63, 0.38, -0.68): 1
523.80: (0.01, -0.65, 0.76)
523.90: (0.02, -0.65, 0.76)
524.02: (0.24, -0.56, 0.79)
524.13: (0.93, 0.02, 0.37)
524.25: (0.92, -0.36, 0.16)
524.37: (0.47, -0.87, 0.14)
524.48: (0.00, -0.99, 0.14)
524.60: (-0.41, -0.90, 0.18)
524.72: (-0.02, -1.00, 0.00)
524.82: (0.79, -0.59, -0.19)
524.93: (0.99, 0.09, 0.12)
525.05: (0.71, 0.56, 0.43)
525.17: (-0.08, 0.90, 0.42)
525.28: (-0.83, 0.56, 0.00)
525.40: (-0.87, 0.47, -0.18)
525.52: (-0.87, 0.47, -0.18)
525.63: (-0.84, 0.48, -0.26)
525.73: (-0.76, 0.46, -0.46)
525.85: (-0.70, 0.41, -0.58)
525.97: (-0.64, 0.37, -0.67)
525.97: (0.93, -0.34, -0.12): 1
525.97: (-0.64, 0.37, -0.67)
526.08: (-0.64, 0.37, -0.67)
526.20: (-0.64, 0.36, -0.68)
526.32: (-0.47, 0.63, -0.61)
526.43: (-0.23, 0.91, -0.35)
526.55: (0.03, 0.61, -0.79)
526.67: (0.03, -0.24, -0.97)
526.78: (-0.08, -0.77, -0.64)
526.88: (-0.08, -0.77, -0.64)
527.00: (-0.07, -0.82, -0.57)
527.12: (-0.03, -0.97, 0.24)
527.23: (-0.05, -0.63, 0.78)
527.33: (0.03, -0.48, 0.88)
527.45: (0.17, -0.14, 0.98)
527.57: (-0.31, 0.74, 0.60)
527.68: (-0.40, 0.78, 0.48)
527.78: (-0.40, 0.78, 0.48)
527.90: (-0.61, 0.70, 0.38)
528.02: (-0.64, 0.74, -0.19)
528.13: (-0.61, 0.58, -0.55)
528.25: (-0.11, 0.39, -0.91)
528.35: (0.29, 0.16, -0.94)
528.47: (0.68, -0.11, -0.73)
528.58: (0.84, -0.27, -0.46)
528.70: (0.88, -0.45, -0.14)
528.82: (0.88, -0.46, -0.09)
528.93: (0.91, -0.36, -0.21)
528.97: (0.91, -0.36, -0.21)
528.97: (0.98, 0.17, -0.02): 0
529.05: (0.91, -0.36, -0.21)
529.16: (0.91, -0.37, -0.20)
529.28: (0.99, 0.07, -0.15)
529.38: (0.93, 0.35, -0.08)
529.48: (0.98, 0.22, 0.00)
529.60: (0.99, 0.12, -0.01)
529.61: (0.99, 0.12, -0.01)
529.61: (-0.71, 0.68, -0.18): 1
529.71: (0.99, 0.11, 0.00)
529.83: (0.99, 0.12, 0.00)
529.93: (0.90, 0.22, -0.37)
530.05: (0.59, 0.22, -0.78)
530.16: (0.59, 0.22, -0.78)
530.28: (0.59, 0.22, -0.78)
530.40: (0.66, 0.41, -0.63)
530.50: (0.51, 0.84, -0.21)
530.61: (0.26, 0.97, -0.05)
530.73: (-0.05, 1.00, -0.08)
530.85: (-0.42, 0.88, -0.20)
530.95: (-0.70, 0.58, -0.41)
531.05: (-0.79, 0.40, -0.46)
531.16: (-0.75, 0.62, -0.24)
531.28: (-0.66, 0.74, -0.14)
531.31: (-0.66, 0.74, -0.14)
531.31: (0.77, 0.46, 0.45): 1
531.38: (-0.66, 0.74, -0.13)
531.50: (-0.55, 0.80, -0.24)
531.61: (-0.54, 0.81, -0.24)
531.73: (-0.54, 0.81, -0.24)
531.85: (-0.69, 0.69, -0.22)
531.96: (-0.28, 0.90, 0.33)
532.08: (0.48, 0.65, 0.58)
532.20: (0.87, 0.23, 0.45)
532.30: (0.92, -0.05, 0.38)
532.41: (0.92, -0.04, 0.39)
532.53: (0.82, 0.28, 0.49)
532.65: (0.62, 0.58, 0.53)
532.76: (0.62, 0.57, 0.54)
532.88: (0.71, 0.50, 0.50)
532.95: (0.76, 0.48, 0.43)
532.95: (-0.16, 0.70, 0.70): 2
533.00: (0.77, 0.48, 0.42)
533.10: (0.78, 0.47, 0.41)
533.21: (0.78, 0.47, 0.41)
533.33: (0.78, 0.47, 0.41)
533.45: (0.78, 0.48, 0.39)
533.56: (0.78, 0.48, 0.39)
533.68: (0.78, 0.49, 0.39)
533.80: (0.51, 0.85, 0.08)
533.91: (0.23, 0.92, -0.32)
534.01: (0.03, 0.85, -0.52)
534.13: (-0.09, 0.73, -0.67)
534.25: (-0.16, 0.46, -0.87)
534.36: (-0.36, 0.03, -0.93)
534.48: (-0.57, -0.30, -0.77)
534.60: (-0.63, -0.54, -0.56)
534.71: (-0.66, -0.70, -0.26)
534.83: (-0.65, -0.76, 0.01)
534.95: (-0.57, -0.78, 0.27)
535.05: (-0.42, -0.76, 0.50)
535.16: (-0.15, -0.63, 0.76)
535.28: (0.14, -0.43, 0.89)
535.40: (0.35, -0.13, 0.93)
535.50: (0.55, 0.21, 0.81)
535.61: (0.77, 0.25, 0.58)
535.73: (0.77, 0.25, 0.58)
535.85: (0.77, 0.25, 0.58)
535.96: (0.77, 0.25, 0.58)
536.08: (0.78, 0.45, 0.42)
536.18: (0.71, 0.68, 0.17)
536.30: (0.54, 0.83, -0.11)
536.41: (0.47, 0.86, -0.21)
536.53: (0.36, 0.87, -0.32)
536.65: (0.23, 0.87, -0.43)
536.76: (0.04, 0.82, -0.57)
536.88: (-0.18, 0.65, -0.73)
536.98: (-0.39, 0.37, -0.85)
537.10: (-0.53, 0.01, -0.85)
537.21: (-0.64, -0.43, -0.64)
537.33: (-0.64, -0.65, -0.42)
537.45: (-0.36, -0.75, -0.56)
537.55: (0.32, -0.22, -0.92)
537.66: (0.52, 0.56, -0.65)
537.78: (0.29, 0.90, -0.34)
537.90: (0.13, 0.99, -0.01)
538.01: (0.02, 0.95, 0.31)
538.13: (-0.07, 0.86, 0.50)
538.23: (-0.14, 0.70, 0.70)
538.35: (-0.14, 0.70, 0.70)
538.38: (-0.14, 0.70, 0.70)
538.38: (-0.99, 0.07, -0.10): 2
538.46: (-0.14, 0.70, 0.70)
538.58: (-0.14, 0.70, 0.70)
538.70: (-0.27, 0.52, 0.81)
538.80: (-0.35, 0.32, 0.88)
538.91: (-0.11, -0.41, 0.91)
539.01: (-0.10, -0.45, 0.89)
539.13: (-0.10, -0.45, 0.89)
539.25: (-0.11, -0.59, 0.80)
539.36: (-0.25, -0.86, 0.44)
539.46: (-0.34, -0.93, -0.13)
539.58: (-0.37, -0.77, -0.53)
539.68: (-0.36, -0.53, -0.77)
539.78: (-0.46, -0.26, -0.85)
539.90: (-0.67, 0.09, -0.74)
540.01: (-0.84, 0.33, -0.43)
540.13: (-0.91, 0.36, -0.23)
540.25: (-0.94, 0.29, -0.15)
540.35: (-0.99, 0.06, -0.10)
540.40: (-0.99, 0.06, -0.10)
540.40: (0.97, 0.22, 0.01): 2
540.46: (-0.99, 0.06, -0.10)
540.58: (-0.99, 0.06, -0.10)
540.70: (-0.99, 0.06, 0.13)
540.81: (-0.93, 0.18, 0.33)
540.93: (-0.72, 0.43, 0.54)
541.03: (-0.57, 0.56, 0.60)
541.15: (-0.47, 0.71, 0.53)
541.26: (-0.22, 0.95, 0.23)
541.36: (0.10, 0.99, 0.13)
541.48: (0.25, 0.97, -0.06)
541.58: (0.25, 0.97, -0.06)
541.70: (0.25, 0.97, -0.06)
541.81: (0.39, 0.92, -0.04)
541.93: (0.63, 0.66, -0.41)
542.05: (0.73, 0.38, -0.56)
542.16: (0.75, 0.05, -0.66)
542.26: (0.76, -0.04, -0.64)
542.36: (0.96, 0.18, -0.22)
542.48: (0.98, 0.18, -0.10)
542.50: (0.98, 0.18, -0.10)
542.50: (0.62, -0.52, -0.59): 0
542.60: (0.98, 0.18, -0.10)
542.71: (0.98, 0.21, 0.03)
542.83: (0.96, 0.07, 0.28)
542.93: (0.91, -0.36, 0.21)
543.05: (0.67, -0.60, -0.44)
543.16: (0.38, -0.42, -0.82)
543.28: (0.38, -0.38, -0.85)
543.40: (0.61, -0.53, -0.58)
543.43: (0.61, -0.53, -0.58)
543.43: (-0.10, -0.27, 0.96): 0
543.50: (0.61, -0.53, -0.58)
543.61: (0.61, -0.53, -0.58)
543.73: (0.45, -0.73, -0.50)
543.85: (0.35, -0.90, -0.25)
543.96: (0.45, -0.83, 0.33)
544.08: (0.51, -0.67, 0.54)
544.20: (0.60, -0.29, 0.75)
544.30: (0.65, -0.08, 0.76)
544.41: (0.67, 0.23, 0.70)
544.51: (0.76, 0.45, 0.48)
544.61: (0.89, 0.44, 0.10)
544.73: (0.95, 0.27, -0.15)
544.85: (0.98, -0.06, -0.21)
544.96: (0.92, -0.33, -0.21)
545.08: (0.81, -0.56, -0.17)
545.20: (0.64, -0.77, -0.06)
545.31: (0.35, -0.93, 0.10)
545.43: (-0.04, -0.96, 0.29)
545.55: (-0.34, -0.83, 0.43)
545.66: (-0.57, -0.64, 0.52)
545.78: (-0.57, -0.64, 0.52)
545.90: (-0.59, -0.63, 0.50)
546.01: (-0.81, -0.28, 0.52)
546.13: (-0.82, 0.31, 0.47)
546.24: (-0.62, 0.59, 0.52)
546.36: (-0.35, 0.86, 0.37)
546.48: (-0.10, 0.97, 0.22)
546.59: (-0.13, 0.76, 0.64)
546.71: (-0.08, 0.54, 0.84)
546.83: (-0.12, 0.10, 0.99)
546.93: (-0.13, -0.15, 0.98)
547.04: (-0.11, -0.31, 0.95)
547.13: (-0.10, -0.31, 0.94)
547.13: (0.16, -0.69, -0.71): 1
547.16: (-0.10, -0.31, 0.94)
547.28: (-0.11, -0.31, 0.95)
547.38: (-0.10, -0.34, 0.94)
547.49: (0.13, -0.61, 0.78)
547.61: (-0.18, -0.98, 0.09)
547.71: (-0.37, -0.87, -0.34)
547.83: (-0.35, -0.78, -0.53)
547.95: (-0.48, -0.52, -0.70)
548.06: (0.10, -0.65, -0.76)
548.18: (0.17, -0.71, -0.68)
548.24: (0.18, -0.71, -0.68)
548.24: (-0.72, 0.27, -0.64): 0
548.29: (0.18, -0.71, -0.68)
548.41: (0.17, -0.71, -0.68)
548.53: (-0.11, -0.61, -0.79)
548.63: (-0.12, -0.60, -0.79)
548.75: (-0.12, -0.60, -0.79)
548.86: (0.02, -0.55, -0.84)
548.98: (0.49, 0.16, -0.86)
549.09: (0.62, 0.50, -0.61)
549.21: (0.64, 0.60, -0.47)
549.33: (0.56, 0.79, -0.25)
549.44: (0.46, 0.89, 0.01)
549.56: (0.56, 0.77, 0.30)
549.68: (0.72, 0.51, 0.47)
549.79: (0.82, 0.25, 0.51)
549.91: (0.77, -0.12, 0.63)
550.03: (0.70, -0.39, 0.60)
550.13: (0.60, -0.59, 0.54)
550.24: (0.46, -0.80, 0.37)
550.36: (0.22, -0.96, 0.17)
550.48: (0.30, -0.95, -0.05)
550.58: (0.31, -0.95, -0.05)
550.69: (0.31, -0.95, -0.05)
550.81: (0.35, -0.92, -0.17)
550.93: (-0.07, -0.74, -0.67)
551.04: (-0.19, -0.46, -0.87)
551.16: (-0.18, -0.23, -0.96)
551.28: (-0.13, 0.28, -0.95)
551.39: (0.03, 0.69, -0.73)
551.49: (0.29, 0.85, -0.43)
551.61: (0.62, 0.76, -0.19)
551.71: (0.73, 0.65, -0.21)
551.83: (0.70, 0.46, -0.54)
551.94: (0.61, 0.32, -0.72)
552.06: (0.50, 0.22, -0.84)
552.18: (0.52, -0.05, -0.85)
552.29: (0.51, -0.37, -0.77)
552.41: (0.39, -0.61, -0.69)
552.51: (0.29, -0.74, -0.61)
552.63: (0.10, -0.88, -0.47)
552.74: (-0.12, -0.95, -0.29)
552.86: (-0.32, -0.95, -0.07)
552.96: (-0.48, -0.87, 0.15)
553.08: (-0.66, -0.62, 0.43)
553.18: (-0.71, -0.29, 0.64)
553.29: (-0.61, 0.09, 0.79)
553.41: (-0.44, 0.26, 0.86)
553.53: (-0.44, 0.26, 0.86)
553.64: (-0.44, 0.26, 0.86)
553.76: (-0.71, 0.53, 0.47)
553.88: (-0.70, 0.63, -0.34)
553.99: (-0.38, 0.55, -0.75)
554.09: (-0.09, 0.40, -0.91)
554.21: (-0.43, 0.33, -0.84)
554.33: (-0.71, 0.31, -0.63)
554.39: (-0.73, 0.30, -0.61)
554.39: (-0.36, 0.16, 0.92): 0
554.43: (-0.73, 0.30, -0.61)
554.54: (-0.73, 0.30, -0.61)
554.64: (-0.76, 0.21, -0.61)
554.76: (-0.79, -0.16, -0.60)
554.88: (-0.98, -0.17, 0.05)
554.98: (-0.91, -0.12, 0.39)
555.09: (-0.80, -0.04, 0.60)
555.19: (-0.62, 0.04, 0.78)
555.31: (-0.50, 0.11, 0.86)
555.41: (-0.36, 0.27, 0.89)
555.41: (-0.17, 0.89, -0.43): 0
555.43: (-0.35, 0.28, 0.89)
555.54: (-0.31, 0.31, 0.90)
555.64: (-0.09, 0.28, 0.96)
555.76: (-0.06, -0.08, 1.00)
555.86: (-0.26, -0.31, 0.91)
555.98: (-0.54, -0.49, 0.68)
556.09: (-0.70, -0.60, 0.39)
556.21: (-0.79, -0.53, 0.30)
556.33: (-0.80, -0.51, 0.32)
556.43: (-0.80, -0.51, 0.32)
556.54: (-0.82, -0.50, 0.28)
556.66: (-0.94, 0.00, -0.33)
556.78: (-0.70, 0.43, -0.57)
556.89: (-0.52, 0.62, -0.59)
556.99: (-0.30, 0.79, -0.54)
557.11: (-0.22, 0.85, -0.48)
557.14: (-0.22, 0.86, -0.46)
557.14: (-0.93, -0.31, 0.17): 1
557.23: (-0.23, 0.87, -0.44)
557.34: (-0.22, 0.86, -0.45)
557.46: (-0.12, 0.83, -0.54)
557.58: (-0.03, 0.79, -0.61)
557.69: (-0.79, 0.52, -0.31)
557.79: (-0.98, -0.17, 0.07)
557.91: (-0.67, -0.66, 0.35)
558.03: (-0.59, -0.71, 0.38)
558.14: (-0.88, -0.45, 0.17)
558.19: (-0.88, -0.45, 0.17)
558.19: (0.99, -0.05, -0.13): 0
558.24: (-0.88, -0.45, 0.17)
558.36: (-0.88, -0.45, 0.17)
558.48: (-0.88, -0.45, 0.17)
558.58: (-0.88, -0.45, 0.17)
558.69: (-0.69, -0.64, 0.34)
558.81: (0.56, -0.55, 0.62)
558.93: (0.55, -0.51, 0.66)
559.03: (0.55, -0.51, 0.66)
559.14: (0.54, -0.56, 0.63)
559.26: (0.97, -0.09, 0.21)
559.38: (0.91, 0.34, -0.25)
559.48: (0.93, 0.25, -0.27)
559.59: (0.99, -0.07, -0.09)
559.63: (0.99, -0.07, -0.09)
559.63: (0.10, 0.61, 0.78): 2
559.69: (0.99, -0.07, -0.09)
559.81: (0.99, -0.07, -0.10)
559.93: (0.98, -0.08, -0.18)
560.04: (0.98, -0.09, -0.20)
560.16: (0.98, -0.09, -0.20)
560.26: (0.98, -0.09, -0.20)
560.38: (0.91, -0.37, -0.16)
560.49: (0.50, -0.87, 0.02)
560.61: (0.15, -0.99, 0.00)
560.73: (-0.35, -0.93, 0.03)
560.84: (-0.67, -0.73, 0.10)
560.96: (-0.89, -0.37, 0.27)
561.06: (-0.83, 0.14, 0.54)
561.18: (-0.59, 0.44, 0.68)
561.28: (-0.31, 0.66, 0.69)
561.38: (0.03, 0.77, 0.64)
561.49: (0.26, 0.72, 0.65)
561.61: (0.15, 0.59, 0.80)
561.73: (0.07, 0.54, 0.84)
561.76: (0.06, 0.53, 0.84)
561.76: (-0.80, -0.42, 0.43): 0
561.83: (0.06, 0.52, 0.85)
561.94: (0.04, 0.51, 0.86)
562.06: (-0.30, 0.31, 0.90)
562.18: (-0.77, -0.09, 0.63)
562.29: (-0.91, -0.37, -0.18)
562.41: (-0.92, -0.18, -0.36)
562.53: (-0.97, -0.12, -0.19)
562.64: (-0.86, -0.28, 0.43)
562.74: (-0.80, -0.31, 0.51)
562.77: (-0.80, -0.31, 0.51)
562.77: (-0.10, 0.99, -0.12): 2
562.86: (-0.80, -0.30, 0.51)
562.97: (-0.82, -0.31, 0.48)
563.09: (-0.94, -0.33, -0.09)
563.19: (-0.71, -0.36, -0.60)
563.31: (-0.32, -0.35, -0.88)
563.42: (0.08, -0.30, -0.95)
563.54: (0.28, -0.23, -0.93)
563.64: (0.70, 0.03, -0.72)
563.74: (0.83, 0.05, -0.55)
563.86: (0.94, -0.09, -0.33)
563.97: (1.00, 0.07, 0.05)
564.09: (0.74, 0.57, 0.36)
564.19: (0.62, 0.73, 0.29)
564.31: (0.56, 0.75, 0.35)
564.41: (0.56, 0.75, 0.35)
564.51: (0.58, 0.75, 0.32)
564.62: (0.10, 0.93, 0.34)
564.74: (-0.30, 0.90, 0.32)
564.84: (-0.51, 0.78, 0.36)
564.96: (-0.11, 0.99, -0.03)
565.07: (-0.01, 0.99, -0.14)
565.09: (-0.01, 0.99, -0.14)
565.09: (0.93, 0.08, 0.37): 2
565.17: (-0.01, 0.99, -0.14)
565.29: (-0.02, 0.99, -0.14)
565.41: (-0.15, 0.98, -0.16)
565.52: (-0.23, 0.96, -0.17)
565.64: (-0.24, 0.95, -0.17)
565.74: (-0.25, 0.95, -0.17)
565.86: (0.34, 0.83, -0.45)
565.97: (0.59, 0.68, -0.43)
566.09: (0.79, 0.41, -0.45)
566.21: (0.93, -0.13, -0.36)
566.32: (0.84, -0.30, -0.45)
566.44: (0.74, -0.48, -0.47)
566.54: (0.88, -0.40, -0.26)
566.66: (1.00, -0.03, -0.02)
566.77: (0.97, 0.24, 0.06)
566.87: (0.98, 0.14, 0.15)
566.99: (0.95, -0.11, 0.31)
567.01: (0.95, -0.10, 0.31)
567.01: (-0.66, -0.58, 0.49): 1
567.09: (0.95, -0.08, 0.31)
567.21: (0.95, -0.04, 0.31)
567.32: (0.96, 0.09, 0.26)
567.42: (0.97, 0.24, -0.08)
567.52: (0.83, 0.21, -0.52)
567.64: (0.81, -0.55, 0.21)
567.74: (0.39, -0.62, 0.68)
567.84: (0.24, -0.46, 0.86)
567.96: (0.11, -0.17, 0.98)
568.07: (-0.01, 0.07, 1.00)
568.19: (-0.04, 0.25, 0.97)
568.31: (0.02, 0.49, 0.87)
568.42: (0.00, 0.70, 0.72)
568.54: (-0.14, 0.81, 0.57)
568.66: (-0.35, 0.86, 0.38)
568.77: (-0.62, 0.78, 0.12)
568.89: (-0.76, 0.64, -0.11)
569.01: (-0.84, 0.43, -0.33)
569.11: (-0.87, 0.23, -0.44)
569.22: (-0.84, -0.08, -0.54)
569.34: (-0.72, -0.35, -0.59)
569.46: (-0.56, -0.55, -0.62)
569.57: (-0.35, -0.61, -0.71)
569.69: (-0.13, -0.56, -0.82)
569.81: (0.07, -0.31, -0.95)
569.92: (0.10, -0.04, -0.99)
570.04: (0.01, 0.22, -0.98)
570.14: (-0.17, 0.41, -0.90)
570.26: (-0.41, 0.61, -0.68)
570.37: (-0.63, 0.62, -0.47)
570.47: (-0.80, 0.54, -0.27)
570.59: (-0.89, 0.45, -0.07)
570.71: (-0.97, 0.23, 0.12)
570.82: (-0.95, -0.02, 0.32)
570.92: (-0.86, -0.24, 0.45)
571.02: (-0.76, -0.41, 0.51)
571.12: (-0.68, -0.55, 0.48)
571.21: (-0.64, -0.60, 0.48)
571.21: (-0.91, -0.40, 0.08): 0
571.24: (-0.64, -0.60, 0.48)
571.34: (-0.64, -0.60, 0.48)
571.46: (-0.62, -0.62, 0.48)
571.57: (-0.70, -0.65, 0.31)
571.69: (-0.86, -0.50, 0.05)
571.72: (-0.87, -0.49, 0.04)
571.72: (-0.82, 0.17, -0.55): 1
571.79: (-0.87, -0.48, 0.04)
571.89: (-0.88, -0.48, 0.05)
572.01: (-0.88, -0.48, 0.04)
572.12: (-0.90, -0.44, 0.01)
572.24: (-0.89, -0.02, -0.45)
572.36: (-0.82, 0.14, -0.55)
572.39: (-0.82, 0.14, -0.55)
572.39: (-0.44, -0.76, -0.48): 2
572.47: (-0.82, 0.14, -0.55)
572.59: (-0.82, 0.14, -0.55)
572.71: (-0.82, 0.14, -0.55)
572.81: (-0.82, 0.14, -0.55)
572.92: (-0.82, 0.14, -0.55)
573.04: (-0.82, 0.14, -0.55)
573.16: (-0.95, -0.04, -0.31)
573.27: (-0.84, -0.49, 0.25)
573.39: (-0.61, -0.69, 0.39)
573.51: (-0.44, -0.78, 0.44)
573.62: (-0.22, -0.86, 0.46)
573.72: (0.01, -0.91, 0.41)
573.84: (0.19, -0.98, 0.02)
573.96: (0.08, -0.87, -0.49)
574.07: (-0.10, -0.72, -0.69)
574.19: (-0.32, -0.71, -0.63)
574.31: (-0.44, -0.78, -0.45)
574.34: (-0.45, -0.78, -0.43)
574.34: (-0.14, -0.98, 0.17): 2
574.42: (-0.44, -0.78, -0.44)
574.54: (-0.43, -0.76, -0.48)
574.66: (-0.46, -0.69, -0.56)
574.77: (-0.42, -0.56, -0.71)
574.89: (-0.08, -0.42, -0.90)
575.01: (0.30, -0.29, -0.91)
575.12: (0.64, -0.32, -0.69)
575.22: (0.85, -0.45, -0.29)
575.34: (0.77, -0.62, 0.12)
575.46: (0.59, -0.73, 0.35)
575.57: (0.40, -0.82, 0.42)
575.69: (0.20, -0.88, 0.43)
575.79: (0.13, -0.92, 0.38)
575.89: (0.08, -0.96, 0.27)
576.01: (-0.17, -0.96, 0.20)
576.04: (-0.21, -0.96, 0.20)
576.04: (0.16, 0.80, -0.58): 2
576.12: (-0.22, -0.95, 0.20)
576.24: (-0.19, -0.94, 0.27)
576.36: (-0.22, -0.88, 0.41)
576.47: (-0.23, -0.86, 0.45)
576.57: (-0.23, -0.86, 0.46)
576.69: (-0.23, -0.86, 0.46)
576.81: (-0.25, -0.80, 0.54)
576.92: (-0.35, -0.07, 0.93)
577.04: (-0.29, 0.34, 0.89)
577.14: (-0.37, 0.37, 0.85)
577.24: (-0.74, 0.30, 0.60)
577.34: (-0.87, 0.31, 0.39)
577.46: (-0.68, 0.67, 0.31)
577.56: (-0.23, 0.95, 0.22)
577.67: (0.13, 0.97, 0.23)
577.79: (0.40, 0.92, 0.00)
577.91: (0.42, 0.79, -0.46)
578.02: (0.08, 0.78, -0.62)
578.14: (-0.08, 0.76, -0.64)
578.26: (-0.05, 0.77, -0.64)
578.37: (0.12, 0.78, -0.61)
578.41: (0.13, 0.78, -0.61)
578.41: (-1.00, 0.03, 0.04): 0
578.49: (0.13, 0.78, -0.61)
578.61: (0.26, 0.82, -0.50)
578.71: (0.41, 0.84, -0.35)
578.82: (0.42, 0.90, 0.12)
578.94: (0.01, 0.71, 0.70)
579.06: (-0.33, 0.46, 0.83)
579.17: (-0.60, 0.22, 0.77)
579.29: (-0.80, -0.02, 0.60)
579.40: (-0.91, -0.26, 0.32)
579.51: (-0.97, -0.25, 0.08)
579.62: (-1.00, 0.09, 0.02)
579.64: (-0.99, 0.11, 0.02)
579.64: (0.99, 0.11, 0.06): 0
579.74: (-0.99, 0.13, 0.03)
579.84: (-1.00, 0.03, 0.04)
579.96: (-0.93, -0.33, 0.18)
580.07: (-0.76, -0.58, 0.29)
580.17: (-0.56, -0.70, 0.45)
580.29: (-0.31, -0.76, 0.57)
580.39: (-0.13, -0.77, 0.62)
580.50: (0.13, -0.71, 0.69)
580.60: (0.32, -0.59, 0.74)
580.72: (0.50, -0.31, 0.81)
580.82: (0.57, -0.01, 0.82)
580.94: (0.54, 0.40, 0.74)
581.06: (0.15, 0.86, 0.50)
581.17: (-0.33, 0.91, 0.25)
581.29: (-0.55, 0.79, 0.29)
581.40: (-0.61, 0.52, 0.59)
581.52: (0.02, 0.35, 0.94)
581.64: (0.78, 0.03, 0.63)
581.75: (0.96, -0.24, 0.14)
581.87: (0.88, -0.40, -0.26)
581.97: (0.83, -0.42, -0.37)
582.09: (0.95, -0.22, -0.20)
582.20: (0.98, 0.10, 0.20)
582.22: (0.97, 0.11, 0.22)
582.22: (-0.96, -0.27, -0.04): 2
582.32: (0.97, 0.11, 0.22)
582.44: (0.98, 0.13, 0.14)
582.55: (0.97, 0.24, -0.06)
582.65: (0.89, 0.41, -0.18)
582.77: (0.71, 0.57, -0.41)
582.87: (0.56, 0.52, -0.65)
582.99: (0.32, 0.35, -0.88)
583.10: (0.20, 0.22, -0.95)
583.22: (0.15, -0.28, -0.95)
583.34: (0.11, -0.72, -0.69)
583.45: (-0.03, -0.94, -0.33)
583.55: (-0.17, -0.98, -0.08)
583.67: (-0.27, -0.95, 0.11)
583.79: (-0.32, -0.92, 0.23)
583.90: (-0.45, -0.77, 0.45)
584.02: (-0.46, -0.62, 0.64)
584.12: (-0.50, -0.35, 0.79)
584.22: (-0.47, 0.07, 0.88)
584.34: (-0.34, 0.48, 0.81)
584.45: (-0.14, 0.71, 0.69)
584.57: (0.08, 0.76, 0.65)
584.69: (0.33, 0.73, 0.60)
584.80: (0.66, -0.02, 0.75)
584.92: (0.41, -0.63, 0.66)
585.04: (0.13, -0.86, 0.50)
585.15: (0.24, -0.82, 0.52)
585.25: (0.24, -0.91, 0.35)
585.37: (-0.18, -0.98, -0.06)
585.49: (-0.88, -0.44, -0.19)
585.60: (-1.00, 0.04, -0.03)
585.72: (-0.99, 0.05, 0.14)
585.82: (-0.93, -0.34, 0.14)
585.94: (-0.93, -0.35, 0.12)
586.04: (-0.97, -0.24, 0.05)
586.10: (-0.98, -0.20, 0.01)
586.10: (0.62, 0.20, -0.76): 1
586.15: (-0.98, -0.20, 0.01)
586.27: (-0.97, -0.22, 0.04)
586.39: (-0.83, -0.39, 0.40)
586.50: (-0.71, -0.13, 0.69)
586.62: (-0.64, -0.06, 0.77)
586.74: (-0.63, -0.06, 0.77)
586.85: (-0.63, -0.06, 0.77)
586.97: (-0.61, -0.01, 0.79)
587.09: (-0.35, 0.61, 0.71)
587.20: (0.06, 0.83, 0.55)
587.32: (0.18, 0.90, 0.39)
587.44: (0.25, 0.97, -0.05)
587.54: (0.20, 0.82, -0.54)
587.64: (0.01, 0.56, -0.83)
587.75: (-0.18, 0.25, -0.95)
587.87: (-0.64, -0.20, -0.74)
587.99: (-0.65, -0.20, -0.73)
588.10: (-0.65, -0.20, -0.74)
588.22: (-0.26, -0.34, -0.90)
588.34: (0.39, -0.08, -0.92)
588.45: (0.56, 0.33, -0.76)
588.57: (0.54, 0.55, -0.63)
588.69: (0.59, 0.35, -0.73)
588.79: (0.59, 0.27, -0.76)
588.80: (0.59, 0.27, -0.76)
588.80: (0.22, -0.77, 0.60): 1
588.90: (0.59, 0.27, -0.76)
589.00: (0.59, 0.26, -0.77)
589.12: (0.72, 0.09, -0.69)
589.22: (0.90, -0.27, -0.35)
589.32: (0.64, -0.77, 0.03)
589.44: (0.03, -0.99, 0.15)
589.55: (-0.27, -0.96, 0.07)
589.67: (-0.30, -0.95, 0.05)
589.79: (-0.01, -0.89, 0.46)
589.89: (0.07, -0.84, 0.54)
590.00: (0.09, -0.83, 0.56)
590.10: (0.20, -0.79, 0.58)
590.12: (0.21, -0.79, 0.58)
590.12: (-0.45, -0.02, 0.89): 1
590.22: (0.21, -0.79, 0.58)
590.34: (0.43, -0.83, 0.36)
590.44: (0.44, -0.83, 0.33)
590.55: (0.44, -0.83, 0.33)
590.65: (0.42, -0.88, 0.21)
590.77: (-0.21, -0.87, 0.44)
590.89: (-0.65, -0.69, 0.32)
591.00: (-0.74, -0.57, 0.36)
591.12: (-0.89, -0.19, 0.41)
591.22: (-0.98, 0.00, 0.21)
591.34: (-0.93, 0.33, -0.14)
591.45: (-0.87, 0.49, -0.07)
591.57: (-0.70, 0.61, 0.37)
591.69: (-0.70, 0.00, 0.71)
591.79: (-0.45, -0.38, 0.81)
591.89: (-0.17, -0.49, 0.85)
592.00: (-0.30, -0.24, 0.92)
592.12: (-0.46, -0.09, 0.88)
592.22: (-0.57, -0.05, 0.82)
592.25: (-0.57, -0.05, 0.82)
592.25: (0.95, 0.26, 0.16): 0
592.34: (-0.57, -0.05, 0.82)
592.45: (-0.54, -0.05, 0.84)
592.57: (-0.19, -0.15, 0.97)
592.69: (0.21, -0.26, 0.94)
592.80: (0.56, -0.07, 0.82)
592.90: (0.76, 0.20, 0.62)
593.02: (0.41, 0.53, 0.74)
593.12: (0.32, 0.51, 0.80)
593.24: (0.32, 0.51, 0.80)
593.34: (0.33, 0.46, 0.83)
593.45: (0.60, 0.51, 0.61)
593.57: (0.73, 0.47, 0.50)
593.69: (0.86, 0.39, 0.32)
593.80: (0.96, 0.25, 0.10)
593.87: (0.97, 0.22, 0.07)
593.87: (0.93, -0.35, 0.13): 1
593.92: (0.97, 0.22, 0.07)
594.04: (0.99, 0.12, -0.01)
594.15: (0.89, -0.39, -0.23)
594.27: (0.68, -0.73, -0.01)
594.37: (0.75, -0.65, 0.15)
594.49: (0.87, -0.47, 0.14)
594.57: (0.88, -0.45, 0.11)
594.57: (1.00, 0.00, -0.02): 0
594.60: (0.88, -0.45, 0.11)
594.72: (0.89, -0.45, 0.11)
594.84: (0.84, -0.55, -0.04)
594.95: (0.99, 0.02, -0.14)
595.07: (0.98, 0.21, -0.02)
595.19: (0.99, 0.17, -0.03)
595.29: (1.00, -0.06, -0.05)
595.32: (1.00, -0.06, -0.05)
595.32: (-0.72, -0.23, -0.66): 1
595.40: (1.00, -0.06, -0.05)
595.52: (1.00, -0.08, -0.05)
595.62: (0.96, -0.19, -0.19)
595.74: (0.78, -0.49, -0.39)
595.85: (0.40, -0.57, -0.71)
595.97: (0.24, -0.35, -0.91)
596.09: (0.00, -0.32, -0.95)
596.20: (-0.24, -0.37, -0.90)
596.32: (-0.45, -0.47, -0.76)
596.43: (-0.53, -0.56, -0.64)
596.54: (-0.60, -0.42, -0.68)
596.65: (-0.64, -0.32, -0.70)
596.69: (-0.65, -0.31, -0.70)
596.69: (0.05, -0.31, 0.95): 0
596.77: (-0.64, -0.32, -0.70)
596.89: (-0.63, -0.32, -0.71)
597.00: (-0.64, -0.31, -0.71)
597.12: (-0.50, -0.39, -0.78)
597.23: (-0.35, -0.46, -0.82)
597.34: (-0.35, -0.46, -0.82)
597.45: (-0.35, -0.46, -0.82)
597.57: (-0.65, -0.57, -0.50)
597.68: (-0.87, -0.50, 0.00)
597.80: (-0.86, -0.36, 0.37)
597.92: (-0.70, -0.23, 0.68)
598.03: (-0.38, -0.03, 0.92)
598.15: (0.07, -0.05, 1.00)
598.27: (0.07, -0.32, 0.95)
598.38: (-0.01, -0.36, 0.93)
598.43: (-0.02, -0.35, 0.93)
598.43: (0.98, -0.13, 0.16): 2
598.48: (-0.02, -0.35, 0.93)
598.60: (0.01, -0.30, 0.96)
598.72: (0.11, -0.10, 0.99)
598.82: (0.42, 0.19, 0.89)
598.93: (0.79, 0.30, 0.54)
599.03: (0.95, 0.20, 0.25)
599.15: (1.00, -0.10, 0.02)
599.27: (0.96, -0.24, 0.13)
599.38: (0.96, -0.23, 0.16)
599.45: (0.98, -0.15, 0.16)
599.45: (-0.96, -0.14, -0.26): 0
599.50: (0.98, -0.14, 0.16)
599.62: (0.99, -0.07, 0.15)
599.72: (0.99, 0.14, 0.08)
599.83: (0.91, 0.28, -0.30)
599.95: (0.60, 0.23, -0.76)
600.07: (0.25, -0.01, -0.97)
600.18: (-0.11, -0.43, -0.90)
600.30: (-0.28, -0.70, -0.65)
600.42: (-0.26, -0.89, -0.37)
600.53: (-0.15, -0.99, -0.04)
600.65: (0.03, -0.92, 0.39)
600.77: (0.31, -0.75, 0.58)
600.88: (0.61, -0.57, 0.55)
601.00: (0.83, -0.44, 0.35)
601.12: (0.95, -0.32, -0.05)
601.22: (0.90, -0.25, -0.36)
601.33: (0.71, -0.16, -0.68)
601.45: (0.44, -0.09, -0.89)
601.57: (0.16, -0.08, -0.98)
601.68: (-0.16, -0.11, -0.98)
601.80: (-0.58, -0.17, -0.80)
601.92: (-0.87, -0.15, -0.47)
602.03: (-0.97, -0.11, -0.24)
602.10: (-0.97, -0.11, -0.23)
602.10: (0.88, -0.28, 0.38): 0
602.15: (-0.97, -0.12, -0.23)
602.27: (-0.97, -0.12, -0.23)
602.38: (-0.96, -0.27, -0.11)
602.50: (-0.76, -0.65, 0.09)
602.60: (-0.48, -0.82, 0.30)
602.72: (-0.15, -0.87, 0.47)
602.83: (0.16, -0.87, 0.46)
602.95: (0.40, -0.82, 0.42)
603.07: (0.58, -0.72, 0.38)
603.18: (0.74, -0.59, 0.33)
603.30: (0.87, -0.39, 0.32)
603.42: (0.88, -0.28, 0.39)
603.43: (0.87, -0.27, 0.40)
603.43: (-0.95, -0.31, -0.08): 1
603.52: (0.86, -0.29, 0.41)
603.62: (0.86, -0.29, 0.42)
603.73: (0.85, -0.24, 0.46)
603.85: (0.83, 0.05, 0.55)
603.97: (0.71, 0.62, 0.33)
604.08: (0.70, 0.67, 0.25)
604.18: (0.70, 0.67, 0.25)
604.30: (0.70, 0.67, 0.25)
604.42: (0.62, 0.77, 0.13)
604.53: (0.04, 0.96, 0.28)
604.65: (-0.34, 0.76, 0.56)
604.75: (-0.50, 0.51, 0.70)
604.87: (-0.57, 0.27, 0.77)
604.97: (-0.57, -0.01, 0.82)
605.08: (-0.45, -0.32, 0.83)
605.20: (-0.28, -0.59, 0.76)
605.32: (-0.14, -0.78, 0.61)
605.43: (-0.03, -0.92, 0.39)
605.53: (0.01, -0.98, 0.20)
605.65: (0.09, -0.99, -0.13)
605.77: (0.38, -0.80, -0.46)
605.88: (0.75, -0.50, -0.43)
606.00: (0.76, -0.50, -0.41)
606.12: (0.76, -0.50, -0.41)
606.23: (0.87, -0.40, -0.30)
606.35: (0.90, -0.20, 0.40)
606.45: (0.41, -0.30, 0.86)
606.57: (-0.20, -0.35, 0.92)
606.67: (-0.38, -0.34, 0.86)
606.78: (-0.09, 0.06, 0.99)
606.88: (0.06, 0.34, 0.94)
607.00: (-0.54, 0.28, 0.80)
607.12: (-0.92, 0.07, 0.39)
607.22: (-1.00, -0.07, 0.06)
607.33: (-0.96, -0.23, -0.16)
607.45: (-0.95, -0.30, 0.04)
607.57: (-0.94, -0.30, 0.13)
607.68: (-0.94, -0.31, 0.13)
607.80: (-0.92, -0.37, -0.15)
607.83: (-0.91, -0.37, -0.16)
607.83: (-0.62, 0.30, 0.73): 1
607.92: (-0.92, -0.37, -0.15)
608.02: (-0.92, -0.38, -0.14)
608.13: (-0.88, -0.45, -0.13)
608.25: (-0.59, -0.80, -0.04)
608.37: (-0.53, -0.67, 0.52)
608.48: (-0.50, 0.14, 0.85)
608.58: (-0.28, 0.60, 0.75)
608.70: (-0.26, 0.69, 0.68)
608.82: (-0.58, 0.29, 0.76)
608.93: (-0.64, 0.18, 0.75)
608.93: (0.16, -0.95, 0.26): 1
608.93: (-0.64, 0.18, 0.75)
609.05: (-0.64, 0.19, 0.74)
609.17: (-0.63, 0.20, 0.75)
609.28: (-0.24, 0.28, 0.93)
609.40: (0.12, 0.13, 0.98)
609.52: (0.17, -0.42, 0.89)
609.62: (-0.02, -0.74, 0.67)
609.73: (-0.36, -0.84, 0.40)
609.85: (-0.33, -0.86, 0.39)
609.97: (-0.04, -0.92, 0.38)
610.02: (0.02, -0.93, 0.36)
610.02: (0.57, -0.17, 0.80): 1
610.07: (0.02, -0.93, 0.36)
610.18: (0.05, -0.93, 0.36)
610.30: (0.21, -0.95, 0.24)
610.42: (0.40, -0.90, 0.18)
610.53: (0.71, -0.60, 0.37)
610.65: (0.69, -0.15, 0.71)
610.77: (0.44, 0.10, 0.89)
610.88: (0.53, -0.10, 0.84)
610.98: (0.59, -0.16, 0.79)
END