3/30/2023 3:42:29 PM
Mode: Default
White time (s): [2.216331, 1.066086, 1.782936, 3.032799, 1.666039, 1.566429, 0.9332962, 0.9829636, 1.116493, 0.7995148, 0.7832642, 1.332809, 4.216064, 1.699783, 1.682632, 1.716385, 0.7161865, 1.049728, 0.7166748, 1.166351, 1.083206, 1.216736, 0.7162323, 1.382904, 2.932678, 1.233185, 1.916061, 1.749466, 1.449799, 1.650085]
Shot time (s): [1.449768, 1.432983, 1.84977, 3.082787, 0.4998398, 1.116348, 0.7164536, 3.065918, 1.433014, 1.233047, 1.282974, 8.664886, 2.032928, 2.216476, 1.416489, 0.5333405, 1.549255, 1.099976, 1.232956, 0.8164368, 3.266174, 1.283295, 1.516571, 1.449738, 1.149933, 1.383194, 1.866592, 0.7162781, 1.050079, 2.532913]
Step time (s): [3.232536, 2.182831, 0.8162003, 1.383278, 1.200119, 1.399673, 1.616699, 1.382889, 1.516655, 1.433411, 1.299805, 5.515778, 0.5166931, 1.433105, 1.883026, 1.499298, 1.4496, 1.9496, 2.74939, 1.266434, 1.316116, 1.399689, 1.550018, 1.632919, 1.283142, 1.549469, 2.032898, 1.649643, 1.233231, 0.6662445]
White horz (deg): [290.175, 99.50743, 197.5574, 622.8822, 181.1274, 155.0249, 82.54744, 74.99495, 119.3824, 72.74245, 80.42745, 107.0599, 730.3395, 294.8124, 152.6399, 184.5724, 41.07497, 142.0399, 52.07247, 78.30743, 111.8299, 62.67245, 38.55748, 127.9949, 377.7574, 101.3624, 252.8099, 211.3374, 254.0024, 229.3574]
Shot horz (deg): [146.4125, 175.0324, 141.775, 576.6401, 26.76499, 120.0449, 43.45997, 405.9798, 126.9349, 125.3449, 149.99, 1365.544, 170.7924, 244.1974, 161.6499, 28.22248, 233.8624, 98.04993, 122.6949, 42.00247, 432.8773, 140.3174, 124.0199, 143.3649, 122.8274, 142.5699, 250.4249, 25.43998, 119.1174, 338.0074]
Step horz (deg): [219.6849, 301.7024, 72.74245, 94.73743, 127.5974, 101.4949, 187.8849, 130.3799, 100.0374, 177.1524, 136.3424, 716.8247, 29.94498, 41.73746, 212.2649, 124.5499, 62.93746, 176.225, 216.7699, 125.2124, 87.84742, 107.4574, 153.9649, 164.8299, 96.59244, 144.16, 220.0824, 236.7775, 77.90994, 70.88744]
White vert (deg): [126.1399, 52.60247, 139.7874, 307.3999, 103.3499, 175.4299, 46.37496, 54.32496, 69.56245, 55.91497, 31.40247, 61.47997, 434.6, 75.65743, 154.4949, 92.74993, 24.90998, 44.91747, 43.85747, 75.12743, 48.09747, 76.18744, 43.98997, 57.23995, 195.835, 28.22248, 145.6174, 193.5824, 102.8199, 114.2149]
Shot vert (deg): [105.8674, 80.29492, 57.37246, 380.4073, 11.26249, 31.66747, 36.56998, 335.755, 129.4524, 71.41744, 46.50746, 1002.23, 99.10992, 113.2874, 107.5899, 12.58749, 88.11243, 100.6999, 44.38747, 63.46746, 239.9574, 64.26246, 82.41494, 69.03244, 89.03994, 69.42994, 190.535, 46.24247, 26.36747, 194.1124]
Step vert (deg): [143.0999, 136.2099, 21.72998, 88.50993, 41.47247, 80.02994, 105.0724, 109.5774, 122.6949, 82.54744, 103.8799, 625.532, 10.73249, 82.14993, 115.6724, 70.22495, 72.60994, 45.04996, 165.7574, 58.29996, 43.98997, 84.79993, 72.34493, 88.24492, 58.16747, 64.79247, 99.90491, 100.8324, 95.92992, 12.18999]

Time in sec: camera forward versor
Time in sec: target versor: sound type (0 = White, 1 = Shot, 2 = Step)
START
83.39: (0.83, 0.45, 0.34): 2
83.39: (-0.04, 0.00, 1.00)
83.50: (-0.04, 0.00, 1.00)
83.60: (-0.04, 0.00, 1.00)
83.72: (-0.05, 0.01, 1.00)
83.84: (-0.04, 0.01, 1.00)
83.94: (-0.04, 0.01, 1.00)
84.05: (-0.04, 0.01, 1.00)
84.17: (-0.06, -0.01, 1.00)
84.29: (-0.35, -0.01, 0.94)
84.39: (-0.49, 0.07, 0.87)
84.50: (-0.68, 0.23, 0.70)
84.62: (-0.47, 0.42, 0.78)
84.74: (-0.36, 0.41, 0.84)
84.85: (-0.24, 0.24, 0.94)
84.97: (-0.28, 0.00, 0.96)
85.09: (-0.30, -0.11, 0.95)
85.20: (-0.30, -0.13, 0.95)
85.32: (-0.30, -0.13, 0.95)
85.42: (-0.30, -0.13, 0.95)
85.54: (-0.30, -0.13, 0.95)
85.65: (-0.30, -0.12, 0.95)
85.77: (0.31, 0.44, 0.85)
85.89: (0.67, 0.54, 0.51)
86.00: (0.94, 0.33, -0.07)
86.12: (0.94, 0.32, -0.11)
86.24: (0.86, 0.33, 0.40)
86.35: (0.83, 0.29, 0.48)
86.47: (0.83, 0.39, 0.41)
86.59: (0.81, 0.45, 0.37)
86.62: (0.81, 0.46, 0.36)
86.62: (-1.00, 0.08, 0.02): 2
86.69: (0.81, 0.46, 0.37)
86.80: (0.81, 0.45, 0.37)
86.92: (0.90, 0.37, 0.25)
87.04: (0.98, 0.22, 0.02)
87.15: (1.00, -0.03, 0.04)
87.27: (0.94, 0.01, 0.34)
87.37: (0.20, 0.38, 0.90)
87.49: (0.09, 0.63, 0.77)
87.60: (0.01, 0.85, 0.53)
87.72: (0.01, 0.95, 0.31)
87.84: (0.15, 0.96, 0.22)
87.94: (-0.58, 0.81, 0.06)
88.04: (-0.99, 0.03, 0.10)
88.15: (-0.90, -0.43, 0.02)
88.27: (-0.88, -0.47, 0.03)
88.37: (-0.88, -0.47, 0.03)
88.49: (-1.00, -0.01, -0.04)
88.60: (-0.99, 0.14, -0.04)
88.72: (-1.00, 0.02, 0.04)
88.80: (-1.00, 0.00, 0.07)
88.80: (0.80, 0.52, 0.30): 1
88.84: (-1.00, 0.00, 0.07)
88.94: (-1.00, -0.01, 0.08)
89.05: (-1.00, 0.00, 0.08)
89.17: (-0.98, 0.13, 0.15)
89.29: (-0.74, 0.58, 0.35)
89.39: (-0.44, 0.76, 0.48)
89.50: (-0.26, 0.90, 0.34)
89.60: (0.27, 0.81, 0.53)
89.72: (0.42, 0.55, 0.72)
89.84: (0.76, 0.37, 0.53)
89.94: (0.72, 0.65, 0.26)
90.05: (0.71, 0.66, 0.23)
90.17: (0.83, 0.49, 0.29)
90.25: (0.83, 0.43, 0.36)
90.25: (-0.19, -0.87, -0.46): 1
90.29: (0.83, 0.43, 0.36)
90.40: (0.83, 0.42, 0.37)
90.52: (0.82, 0.45, 0.35)
90.64: (0.75, 0.55, 0.38)
90.74: (0.75, 0.55, 0.38)
90.85: (0.86, 0.42, 0.30)
90.97: (0.90, -0.27, -0.33)
91.09: (0.63, -0.57, -0.53)
91.20: (0.38, -0.85, -0.37)
91.30: (0.40, -0.92, -0.04)
91.42: (0.18, -0.96, -0.20)
91.54: (-0.11, -0.89, -0.45)
91.65: (-0.28, -0.80, -0.52)
91.69: (-0.30, -0.80, -0.52)
91.69: (-0.69, 0.06, 0.72): 0
91.77: (-0.29, -0.82, -0.49)
91.89: (-0.26, -0.85, -0.46)
91.99: (-0.09, -0.92, -0.38)
92.10: (-0.02, -0.95, -0.32)
92.20: (-0.04, -0.95, -0.30)
92.32: (-0.41, -0.84, -0.36)
92.44: (-0.90, -0.17, -0.39)
92.55: (-0.94, 0.11, -0.31)
92.65: (-0.94, 0.11, -0.31)
92.77: (-0.95, 0.12, -0.30)
92.89: (-0.63, 0.77, 0.06)
93.00: (-0.28, 0.59, 0.75)
93.10: (-0.28, 0.33, 0.90)
93.22: (-0.56, 0.04, 0.83)
93.32: (-0.83, 0.02, 0.55)
93.42: (-0.68, -0.09, 0.73)
93.54: (-0.43, -0.01, 0.90)
93.65: (-0.47, 0.01, 0.88)
93.75: (-0.61, -0.01, 0.79)
93.87: (-0.72, 0.02, 0.70)
93.90: (-0.72, 0.03, 0.70)
93.90: (-1.00, -0.05, 0.07): 2
93.98: (-0.72, 0.03, 0.70)
94.10: (-0.71, 0.04, 0.70)
94.22: (-0.75, 0.04, 0.66)
94.32: (-1.00, 0.03, 0.01)
94.43: (-0.98, -0.08, -0.17)
94.55: (-0.99, -0.11, 0.01)
94.67: (-0.99, -0.03, 0.13)
94.72: (-0.99, -0.02, 0.12)
94.72: (0.14, 0.54, 0.83): 2
94.78: (-0.99, -0.02, 0.12)
94.88: (-0.99, -0.03, 0.12)
95.00: (-0.99, -0.05, 0.10)
95.12: (-0.99, -0.05, 0.10)
95.22: (-0.99, -0.05, 0.10)
95.33: (-0.99, -0.05, 0.10)
95.43: (-0.99, -0.04, 0.10)
95.55: (-0.47, 0.59, 0.66)
95.67: (0.12, 0.68, 0.72)
95.78: (0.19, 0.69, 0.69)
95.90: (0.01, 0.46, 0.89)
96.02: (0.11, 0.46, 0.88)
96.10: (0.16, 0.48, 0.86)
96.10: (0.26, -0.97, -0.02): 1
96.12: (0.16, 0.48, 0.86)
96.22: (0.15, 0.48, 0.86)
96.33: (0.15, 0.48, 0.87)
96.45: (0.15, 0.48, 0.87)
96.57: (0.15, 0.48, 0.87)
96.67: (0.15, 0.48, 0.87)
96.78: (0.50, 0.23, 0.84)
96.90: (0.81, -0.21, 0.55)
97.02: (0.89, -0.37, 0.28)
97.12: (0.82, -0.56, -0.09)
97.23: (0.67, -0.69, -0.29)
97.35: (0.57, -0.73, -0.38)
97.47: (0.57, -0.73, -0.38)
97.58: (0.43, -0.86, -0.27)
97.68: (0.25, -0.95, -0.17)
97.80: (0.17, -0.98, -0.11)
97.90: (0.17, -0.98, 0.01)
97.95: (0.19, -0.98, 0.05)
97.95: (0.91, -0.39, 0.13): 0
98.02: (0.19, -0.98, 0.05)
98.13: (0.19, -0.98, 0.05)
98.23: (0.19, -0.98, 0.05)
98.35: (0.19, -0.98, 0.05)
98.47: (0.68, -0.66, 0.31)
98.58: (0.87, -0.19, 0.45)
98.70: (0.97, 0.04, 0.26)
98.80: (0.93, -0.36, 0.10)
98.90: (0.92, -0.38, 0.09)
99.02: (0.90, -0.39, 0.20)
99.02: (-0.37, -0.45, 0.81): 1
99.02: (0.90, -0.39, 0.20)
99.13: (0.90, -0.39, 0.20)
99.23: (0.90, -0.39, 0.20)
99.35: (0.91, -0.37, 0.19)
99.45: (0.91, -0.37, 0.19)
99.57: (0.90, -0.41, 0.16)
99.68: (0.98, -0.20, -0.07)
99.80: (0.83, 0.54, 0.15)
99.92: (0.56, 0.82, 0.11)
100.03: (0.37, 0.92, -0.11)
100.15: (0.85, 0.34, -0.40)
100.25: (0.93, -0.27, 0.25)
100.37: (0.42, 0.88, 0.20)
100.48: (-0.74, 0.62, -0.26)
100.60: (-0.78, 0.55, -0.30)
100.72: (-0.78, 0.55, -0.29)
100.83: (-0.94, -0.08, -0.33)
100.95: (-0.49, -0.85, -0.20)
101.07: (0.00, -0.96, 0.30)
101.18: (0.21, -0.84, 0.50)
101.30: (0.35, -0.90, -0.27)
101.42: (-0.25, -0.75, -0.61)
101.52: (-0.47, -0.87, -0.18)
101.63: (-0.23, -0.79, 0.57)
101.75: (-0.11, -0.63, 0.77)
101.87: (-0.16, -0.65, 0.74)
101.98: (-0.34, -0.49, 0.80)
102.10: (-0.39, -0.47, 0.79)
102.10: (-0.52, -0.10, -0.85): 0
102.10: (-0.39, -0.47, 0.79)
102.20: (-0.39, -0.47, 0.79)
102.32: (-0.39, -0.47, 0.79)
102.43: (-0.38, -0.47, 0.79)
102.53: (-0.38, -0.47, 0.80)
102.65: (-0.40, -0.47, 0.78)
102.75: (-0.78, -0.42, 0.46)
102.87: (-0.85, -0.53, 0.00)
102.98: (-0.80, -0.56, -0.22)
103.10: (-0.79, -0.53, -0.31)
103.20: (-0.88, 0.10, -0.46)
103.32: (-0.77, 0.64, 0.02)
103.42: (-0.77, 0.64, -0.03)
103.53: (-0.75, -0.17, -0.64)
103.65: (-0.67, -0.30, -0.68)
103.77: (-0.60, -0.13, -0.79)
103.88: (-0.49, -0.13, -0.86)
103.88: (-0.50, 0.78, 0.38): 2
103.88: (-0.49, -0.13, -0.86)
103.98: (-0.49, -0.13, -0.86)
104.10: (-0.53, -0.11, -0.84)
104.22: (-0.55, -0.12, -0.83)
104.32: (-0.56, -0.12, -0.82)
104.43: (-0.58, -0.11, -0.81)
104.55: (-0.58, -0.11, -0.81)
104.67: (-0.70, 0.67, -0.24)
104.77: (-0.39, 0.83, 0.41)
104.88: (-0.32, 0.80, 0.50)
105.00: (-0.58, 0.71, 0.40)
105.08: (-0.65, 0.66, 0.37)
105.08: (-0.34, 0.81, 0.48): 1
105.12: (-0.65, 0.66, 0.37)
105.23: (-0.63, 0.66, 0.40)
105.33: (-0.56, 0.71, 0.43)
105.45: (-0.42, 0.78, 0.47)
105.57: (-0.21, 0.81, 0.54)
105.58: (-0.21, 0.81, 0.54)
105.58: (-0.60, 0.08, 0.79): 0
105.67: (-0.22, 0.81, 0.55)
105.78: (-0.21, 0.81, 0.54)
105.90: (-0.21, 0.81, 0.55)
106.00: (-0.21, 0.81, 0.54)
106.10: (-0.21, 0.81, 0.55)
106.22: (-0.66, 0.69, 0.30)
106.33: (-0.88, 0.47, -0.04)
106.43: (-0.53, 0.69, -0.50)
106.55: (-0.42, 0.58, -0.69)
106.67: (-0.06, 0.97, 0.25)
106.78: (0.24, 0.77, 0.59)
106.88: (0.31, 0.73, 0.61)
107.00: (0.58, -0.13, 0.80)
107.12: (0.47, -0.42, 0.78)
107.23: (0.51, -0.74, 0.43)
107.33: (0.93, -0.36, -0.07)
107.43: (0.88, 0.45, 0.18)
107.55: (0.40, 0.77, 0.50)
107.65: (0.29, 0.88, 0.37)
107.75: (-0.21, 0.90, 0.37)
107.87: (-0.65, 0.19, 0.74)
107.98: (-0.71, -0.62, 0.33)
108.10: (-0.91, -0.39, -0.11)
108.22: (-0.68, 0.00, 0.73)
108.32: (-0.34, 0.15, 0.93)
108.43: (-0.44, 0.14, 0.89)
108.55: (-0.59, -0.01, 0.81)
108.62: (-0.60, -0.02, 0.80)
108.62: (0.72, 0.66, 0.23): 1
108.67: (-0.60, -0.02, 0.80)
108.78: (-0.60, -0.03, 0.80)
108.90: (-0.58, -0.08, 0.81)
109.02: (-0.53, -0.18, 0.83)
109.13: (-0.53, -0.18, 0.83)
109.23: (-0.53, -0.18, 0.83)
109.35: (0.29, 0.39, 0.88)
109.45: (0.70, 0.53, 0.48)
109.57: (0.76, 0.63, 0.15)
109.68: (0.74, 0.65, 0.19)
109.73: (0.74, 0.65, 0.20)
109.73: (0.07, 0.86, 0.51): 1
109.80: (0.74, 0.63, 0.22)
109.92: (0.73, 0.64, 0.22)
110.02: (0.74, 0.64, 0.22)
110.12: (0.59, 0.75, 0.30)
110.23: (0.00, 0.81, 0.58)
110.33: (0.00, 0.82, 0.57)
110.45: (0.07, 0.81, 0.58)
110.45: (0.98, -0.02, 0.19): 2
110.45: (0.07, 0.81, 0.58)
110.56: (0.13, 0.80, 0.59)
110.67: (0.15, 0.79, 0.59)
110.78: (0.16, 0.80, 0.58)
110.88: (0.15, 0.80, 0.58)
111.00: (0.18, 0.79, 0.59)
111.11: (0.20, 0.77, 0.61)
111.23: (0.40, 0.76, 0.51)
111.33: (0.82, 0.57, 0.11)
111.45: (0.87, 0.49, -0.02)
111.55: (0.96, 0.14, -0.24)
111.65: (1.00, -0.07, 0.04)
111.76: (0.94, -0.11, 0.32)
111.85: (0.94, -0.12, 0.32)
111.85: (-0.44, 0.90, 0.08): 2
111.88: (0.94, -0.12, 0.32)
111.98: (0.94, -0.12, 0.32)
112.10: (0.95, -0.10, 0.30)
112.20: (0.95, -0.10, 0.30)
112.30: (0.95, -0.10, 0.30)
112.41: (0.95, -0.11, 0.31)
112.53: (0.94, -0.12, 0.32)
112.65: (0.93, -0.09, 0.34)
112.76: (0.48, 0.56, 0.68)
112.88: (0.20, 0.64, 0.75)
112.98: (-0.15, 0.91, 0.39)
113.08: (-0.43, 0.86, 0.27)
113.20: (-0.90, 0.29, 0.32)
113.31: (-0.48, 0.87, 0.08)
113.43: (-0.31, 0.95, -0.04)
113.46: (-0.31, 0.95, -0.05)
113.46: (0.97, -0.24, 0.09): 0
113.53: (-0.31, 0.95, -0.04)
113.65: (-0.46, 0.89, 0.04)
113.76: (-0.49, 0.87, 0.11)
113.88: (-0.55, 0.81, 0.20)
114.00: (-0.13, 0.98, 0.13)
114.10: (0.64, 0.72, -0.26)
114.21: (0.72, 0.57, -0.39)
114.33: (0.72, 0.39, -0.57)
114.43: (0.82, -0.05, -0.57)
114.55: (0.85, -0.36, -0.38)
114.65: (0.88, -0.38, -0.28)
114.76: (0.88, -0.38, -0.28)
114.86: (0.90, -0.35, -0.26)
114.98: (0.95, -0.27, 0.16)
115.10: (0.93, -0.27, 0.25)
115.13: (0.93, -0.28, 0.25)
115.13: (-1.00, -0.08, -0.04): 0
115.21: (0.93, -0.27, 0.25)
115.33: (0.92, -0.32, 0.24)
115.45: (0.91, -0.33, 0.23)
115.55: (0.91, -0.33, 0.23)
115.65: (0.92, -0.32, 0.23)
115.76: (0.28, -0.94, 0.21)
115.88: (-0.21, -0.91, 0.36)
116.00: (-0.40, -0.91, 0.13)
116.11: (-0.70, -0.64, 0.32)
116.21: (-0.58, -0.40, 0.71)
116.33: (-0.29, -0.28, 0.92)
116.45: (-0.94, -0.23, 0.27)
116.56: (-0.98, -0.20, 0.08)
116.68: (-0.99, -0.16, -0.03)
116.70: (-0.99, -0.16, -0.04)
116.70: (-0.64, -0.67, 0.37): 0
116.78: (-0.99, -0.16, -0.03)
116.90: (-0.99, -0.14, -0.04)
117.01: (-0.98, -0.16, 0.07)
117.13: (-0.98, -0.17, 0.03)
117.23: (-0.65, -0.67, 0.37)
117.33: (-0.43, -0.76, 0.48)
117.45: (-0.42, -0.75, 0.51)
117.56: (-0.78, -0.53, 0.34)
117.63: (-0.75, -0.57, 0.34)
117.63: (0.96, -0.25, -0.11): 2
117.66: (-0.75, -0.57, 0.34)
117.78: (-0.73, -0.59, 0.34)
117.90: (-0.65, -0.66, 0.38)
118.01: (-0.65, -0.66, 0.38)
118.13: (-0.65, -0.66, 0.38)
118.25: (-0.40, -0.91, -0.09)
118.35: (0.40, -0.91, -0.11)
118.46: (0.55, -0.72, -0.43)
118.58: (0.72, -0.50, -0.49)
118.70: (0.90, -0.42, -0.11)
118.81: (0.89, -0.45, 0.10)
118.91: (0.96, -0.29, 0.02)
119.01: (0.97, -0.25, -0.03)
119.01: (0.44, -0.60, -0.67): 0
119.01: (0.97, -0.25, -0.03)
119.11: (0.97, -0.25, -0.03)
119.23: (0.95, -0.29, 0.05)
119.35: (0.95, -0.29, 0.05)
119.46: (0.95, -0.29, 0.05)
119.58: (0.87, -0.44, -0.22)
119.68: (0.24, -0.67, -0.71)
119.80: (0.20, -0.63, -0.75)
119.90: (0.42, -0.60, -0.68)
120.00: (0.48, -0.59, -0.65)
120.00: (-0.71, -0.70, -0.06): 2
120.01: (0.48, -0.59, -0.65)
120.13: (0.49, -0.59, -0.65)
120.23: (0.49, -0.59, -0.64)
120.35: (0.49, -0.59, -0.65)
120.45: (0.49, -0.59, -0.65)
120.56: (0.42, -0.64, -0.65)
120.68: (0.30, -0.78, -0.55)
120.80: (-0.23, -0.63, -0.75)
120.91: (-0.56, -0.42, -0.71)
121.03: (-0.64, -0.22, -0.74)
121.13: (-0.78, -0.23, -0.58)
121.23: (-0.78, -0.62, -0.13)
121.35: (-0.65, -0.75, 0.04)
121.46: (-0.73, -0.69, -0.06)
121.51: (-0.73, -0.68, -0.07)
121.51: (-0.95, -0.19, 0.27): 0
121.56: (-0.73, -0.68, -0.07)
121.66: (-0.73, -0.68, -0.07)
121.76: (-0.64, -0.75, -0.19)
121.88: (-0.45, -0.85, -0.27)
122.00: (-0.21, -0.86, -0.46)
122.11: (-0.21, -0.84, -0.49)
122.23: (-0.81, -0.58, -0.02)
122.35: (-0.96, -0.15, 0.22)
122.45: (-0.96, -0.07, 0.28)
122.56: (-0.93, -0.26, 0.26)
122.63: (-0.93, -0.30, 0.24)
122.63: (0.89, 0.43, -0.14): 1
122.66: (-0.93, -0.30, 0.24)
122.78: (-0.93, -0.30, 0.24)
122.90: (-0.93, -0.30, 0.24)
123.01: (-0.92, -0.30, 0.24)
123.11: (-0.93, -0.32, 0.19)
123.23: (-0.87, 0.03, -0.49)
123.35: (-0.51, 0.23, -0.83)
123.45: (-0.22, 0.34, -0.92)
123.56: (-0.08, 0.35, -0.93)
123.66: (-0.14, 0.11, -0.98)
123.78: (-0.35, -0.59, -0.72)
123.90: (-0.08, -0.85, -0.53)
124.00: (0.33, -0.83, -0.44)
124.11: (0.55, -0.84, -0.04)
124.23: (0.55, -0.84, -0.04)
124.33: (0.49, -0.84, 0.25)
124.45: (0.61, -0.29, 0.74)
124.55: (0.55, 0.13, 0.82)
124.66: (0.43, 0.60, 0.67)
124.76: (0.18, 0.85, 0.49)
124.88: (0.77, 0.63, -0.04)
125.00: (0.97, -0.03, 0.22)
125.10: (0.90, -0.09, 0.42)
125.21: (0.81, -0.23, 0.54)
125.33: (0.95, 0.27, 0.14)
125.45: (0.94, 0.32, 0.08)
125.56: (0.94, 0.35, 0.02)
125.68: (0.86, 0.48, -0.19)
125.70: (0.86, 0.48, -0.19)
125.70: (0.64, -0.72, 0.26): 1
125.78: (0.86, 0.48, -0.19)
125.90: (0.85, 0.49, -0.19)
126.01: (0.85, 0.48, -0.19)
126.13: (0.85, 0.48, -0.19)
126.25: (0.65, 0.73, 0.20)
126.36: (0.73, 0.28, 0.63)
126.46: (0.64, -0.09, 0.76)
126.56: (0.60, -0.20, 0.77)
126.68: (0.65, -0.63, 0.42)
126.80: (0.76, -0.64, 0.11)
126.91: (0.80, -0.57, 0.16)
127.03: (0.65, -0.67, 0.36)
127.13: (0.61, -0.65, 0.44)
127.13: (-0.59, -0.39, -0.71): 1
127.15: (0.61, -0.65, 0.45)
127.25: (0.62, -0.65, 0.44)
127.36: (0.61, -0.66, 0.43)
127.46: (0.61, -0.66, 0.43)
127.58: (0.62, -0.65, 0.43)
127.69: (0.12, -0.93, 0.34)
127.80: (-0.31, -0.94, 0.14)
127.91: (-0.47, -0.85, -0.26)
128.03: (-0.18, -0.82, -0.54)
128.15: (-0.41, -0.70, -0.58)
128.26: (-0.66, -0.44, -0.61)
128.36: (-0.64, -0.44, -0.63)
128.36: (1.00, -0.01, -0.02): 2
128.38: (-0.64, -0.44, -0.63)
128.48: (-0.62, -0.47, -0.62)
128.58: (-0.63, -0.48, -0.62)
128.69: (-0.63, -0.48, -0.61)
128.81: (-0.63, -0.48, -0.62)
128.91: (-0.63, -0.48, -0.62)
129.03: (-0.35, -0.77, -0.53)
129.14: (0.29, -0.95, 0.06)
129.26: (0.63, -0.77, -0.02)
129.38: (0.89, -0.45, 0.00)
129.48: (0.92, -0.11, 0.37)
129.59: (0.97, 0.07, 0.21)
129.71: (1.00, -0.01, -0.06)
129.79: (1.00, -0.03, -0.09)
129.79: (0.75, -0.65, 0.11): 0
129.81: (1.00, -0.03, -0.08)
129.93: (1.00, -0.06, -0.06)
130.04: (1.00, -0.06, -0.05)
130.16: (0.86, -0.51, 0.09)
130.28: (0.47, -0.87, 0.12)
130.39: (0.62, -0.78, 0.06)
130.49: (0.81, -0.58, 0.07)
130.59: (0.82, -0.57, 0.12)
130.59: (1.00, -0.04, 0.05): 0
130.61: (0.81, -0.57, 0.13)
130.71: (0.80, -0.58, 0.15)
130.83: (0.76, -0.63, 0.16)
130.93: (0.79, -0.59, 0.15)
131.04: (0.91, 0.34, 0.24)
131.16: (0.91, 0.36, 0.22)
131.28: (0.99, 0.11, 0.12)
131.38: (1.00, 0.04, 0.06)
131.38: (-0.22, 0.68, 0.70): 0
131.39: (1.00, 0.04, 0.06)
131.51: (1.00, 0.05, 0.06)
131.63: (1.00, 0.00, 0.09)
131.74: (0.98, 0.02, 0.18)
131.86: (0.56, 0.80, 0.19)
131.98: (0.10, 0.89, 0.44)
132.08: (0.10, 0.89, 0.44)
132.19: (0.10, 0.89, 0.44)
132.31: (-0.03, 0.76, 0.64)
132.41: (-0.07, 0.71, 0.70)
132.53: (-0.12, 0.72, 0.69)
132.64: (-0.26, 0.65, 0.71)
132.71: (-0.28, 0.60, 0.75)
132.71: (-0.88, -0.44, 0.18): 1
132.76: (-0.28, 0.60, 0.75)
132.88: (-0.28, 0.60, 0.75)
132.99: (-0.28, 0.60, 0.75)
133.11: (-0.28, 0.59, 0.75)
133.21: (-0.71, 0.46, 0.53)
133.33: (-1.00, 0.00, 0.07)
133.44: (-0.90, -0.35, -0.26)
133.56: (-0.73, -0.65, -0.19)
133.68: (-0.85, -0.46, 0.25)
133.78: (-0.85, -0.44, 0.28)
133.89: (-0.87, -0.45, 0.19)
133.99: (-0.88, -0.45, 0.14)
133.99: (-0.60, 0.21, -0.77): 0
134.01: (-0.88, -0.45, 0.13)
134.11: (-0.88, -0.46, 0.13)
134.23: (-0.87, -0.48, 0.11)
134.33: (-0.87, -0.48, 0.11)
134.43: (-0.87, -0.48, 0.11)
134.54: (-0.83, -0.54, 0.09)
134.66: (-0.43, -0.89, -0.15)
134.78: (0.21, -0.95, -0.23)
134.89: (0.83, -0.56, 0.06)
135.01: (0.83, -0.56, 0.06)
135.13: (0.82, -0.57, 0.01)
135.24: (0.72, -0.08, 0.69)
135.36: (0.14, -0.47, 0.87)
135.46: (0.17, -0.20, 0.96)
135.58: (0.56, 0.61, 0.56)
135.69: (0.71, 0.68, 0.21)
135.81: (0.38, 0.14, 0.91)
135.93: (-0.13, -0.31, 0.94)
136.04: (0.57, -0.61, 0.55)
136.16: (0.94, -0.32, 0.12)
136.28: (0.94, -0.20, -0.27)
136.39: (0.75, -0.50, -0.43)
136.51: (0.62, -0.64, -0.45)
136.63: (0.37, -0.82, -0.44)
136.74: (0.02, -0.98, -0.21)
136.86: (-0.31, -0.95, 0.06)
136.98: (-0.43, -0.82, 0.38)
137.08: (-0.41, -0.55, 0.72)
137.19: (-0.17, -0.26, 0.95)
137.31: (0.17, -0.04, 0.99)
137.43: (0.19, 0.44, 0.88)
137.53: (0.05, 0.84, 0.54)
137.64: (-0.09, 0.99, 0.13)
137.76: (-0.22, 0.94, -0.27)
137.86: (-0.36, 0.74, -0.56)
137.98: (-0.53, 0.34, -0.77)
138.09: (-0.55, 0.24, -0.80)
138.21: (-0.58, 0.27, -0.77)
138.21: (0.81, -0.59, 0.04): 0
138.21: (-0.58, 0.27, -0.77)
138.33: (-0.58, 0.28, -0.77)
138.43: (-0.57, 0.34, -0.75)
138.54: (-0.57, 0.34, -0.75)
138.66: (-0.58, 0.36, -0.73)
138.78: (-0.64, -0.10, -0.76)
138.89: (-0.30, -0.81, -0.50)
138.99: (-0.01, -1.00, -0.08)
139.11: (0.36, -0.83, 0.43)
139.23: (0.57, -0.33, 0.75)
139.33: (0.57, 0.02, 0.82)
139.44: (0.66, 0.26, 0.70)
139.56: (0.88, -0.32, 0.34)
139.68: (0.74, -0.64, 0.20)
139.79: (0.71, -0.69, 0.09)
139.91: (0.84, -0.54, 0.05)
139.91: (0.10, -0.75, 0.65): 2
139.91: (0.84, -0.54, 0.05)
140.03: (0.84, -0.54, 0.02)
140.13: (0.83, -0.56, 0.01)
140.24: (0.81, -0.59, 0.02)
140.36: (0.80, -0.60, 0.03)
140.46: (0.80, -0.60, 0.05)
140.56: (0.69, -0.66, 0.29)
140.68: (-0.44, -0.74, 0.51)
140.79: (-0.76, -0.58, 0.30)
140.89: (-0.45, -0.75, 0.49)
140.99: (0.09, -0.75, 0.65)
141.11: (0.10, -0.76, 0.64)
141.21: (0.07, -0.76, 0.65)
141.21: (0.88, -0.37, -0.29): 1
141.23: (0.07, -0.76, 0.65)
141.34: (0.06, -0.76, 0.65)
141.46: (0.06, -0.76, 0.65)
141.58: (0.06, -0.76, 0.65)
141.69: (0.20, -0.50, 0.84)
141.79: (0.44, 0.33, 0.84)
141.91: (0.47, 0.64, 0.61)
142.01: (0.51, 0.79, 0.34)
142.13: (0.65, 0.76, -0.07)
142.24: (0.67, 0.74, -0.06)
142.36: (0.69, 0.72, 0.01)
142.48: (0.64, 0.62, -0.46)
142.59: (-0.20, 0.70, -0.68)
142.69: (-0.34, 0.83, -0.44)
142.81: (-0.40, 0.87, -0.29)
142.91: (-0.77, 0.53, -0.36)
143.01: (-0.92, 0.12, -0.38)
143.13: (-0.95, 0.08, -0.30)
143.24: (-0.55, 0.81, 0.19)
143.34: (-0.27, 0.95, 0.16)
143.46: (-0.43, 0.79, -0.43)
143.56: (-0.40, 0.55, -0.73)
143.68: (0.03, 0.35, -0.94)
143.79: (0.62, 0.60, -0.51)
143.91: (0.61, 0.75, -0.26)
144.03: (0.14, 0.99, -0.02)
144.14: (-0.07, 0.99, 0.11)
144.26: (-0.37, 0.85, 0.36)
144.36: (-0.67, 0.73, 0.16)
144.48: (-0.78, 0.62, 0.04)
144.59: (-0.89, 0.45, -0.10)
144.71: (-0.97, 0.20, 0.15)
144.82: (-0.75, 0.01, 0.67)
144.94: (-0.31, 0.03, 0.95)
145.04: (-0.10, 0.38, 0.92)
145.16: (-0.49, 0.85, 0.22)
145.26: (-0.42, 0.88, -0.22)
145.37: (0.38, 0.92, -0.09)
145.49: (0.75, 0.38, 0.53)
145.61: (0.57, 0.11, 0.81)
145.71: (0.47, 0.16, 0.87)
145.81: (0.47, 0.16, 0.87)
145.92: (0.38, 0.10, 0.92)
146.04: (-0.19, 0.08, 0.98)
146.14: (-0.52, 0.25, 0.82)
146.26: (-0.71, 0.35, 0.61)
146.37: (-0.91, 0.17, 0.38)
146.49: (-0.82, 0.57, -0.01)
146.61: (-0.56, 0.81, -0.20)
146.72: (-0.54, 0.73, -0.42)
146.82: (-0.71, 0.44, -0.55)
146.92: (-0.91, 0.09, -0.41)
147.04: (-0.88, -0.47, -0.10)
147.14: (-0.48, -0.81, 0.34)
147.26: (-0.06, -0.73, 0.69)
147.37: (0.10, -0.38, 0.92)
147.47: (0.16, -0.14, 0.98)
147.59: (0.22, 0.06, 0.97)
147.71: (0.29, 0.61, 0.74)
147.82: (0.36, 0.89, 0.29)
147.92: (0.38, 0.92, -0.09)
148.04: (0.05, 0.43, -0.90)
148.14: (0.05, 0.43, -0.90)
148.24: (0.05, 0.43, -0.90)
148.36: (0.05, 0.42, -0.91)
148.47: (-0.37, -0.10, -0.92)
148.59: (-0.49, -0.45, -0.75)
148.71: (-0.43, -0.78, -0.45)
148.82: (-0.09, -0.99, -0.09)
148.94: (0.43, -0.87, 0.24)
149.06: (0.70, -0.56, 0.45)
149.17: (0.87, -0.03, 0.50)
149.29: (0.93, 0.18, 0.31)
149.39: (0.95, 0.27, 0.19)
149.51: (0.98, 0.20, -0.01)
149.62: (0.98, -0.10, -0.18)
149.74: (0.91, -0.35, -0.22)
149.84: (0.88, -0.41, -0.23)
149.87: (0.88, -0.41, -0.24)
149.87: (-0.78, 0.49, -0.40): 0
149.96: (0.87, -0.41, -0.27)
150.07: (0.88, -0.40, -0.26)
150.19: (0.89, -0.37, -0.25)
150.29: (0.80, -0.47, -0.38)
150.41: (0.25, -0.50, -0.83)
150.52: (0.51, 0.17, -0.85)
150.64: (0.56, 0.20, -0.80)
150.76: (0.56, 0.20, -0.80)
150.87: (0.44, 0.54, -0.72)
150.97: (0.07, 0.84, -0.54)
151.09: (-0.14, 0.88, -0.46)
151.21: (-0.43, 0.87, -0.22)
151.32: (-0.62, 0.74, -0.27)
151.44: (-0.74, 0.55, -0.39)
151.54: (-0.78, 0.47, -0.42)
151.56: (-0.78, 0.47, -0.42)
151.56: (-1.00, -0.03, 0.04): 1
151.66: (-0.78, 0.47, -0.42)
151.76: (-0.77, 0.47, -0.42)
151.87: (-0.77, 0.47, -0.42)
151.99: (-0.77, 0.49, -0.40)
152.09: (-0.84, 0.53, 0.14)
152.21: (-0.51, 0.56, 0.65)
152.32: (-0.42, 0.30, 0.85)
152.44: (-0.46, 0.25, 0.85)
152.54: (-0.46, 0.25, 0.85)
152.66: (-0.54, 0.26, 0.80)
152.77: (-0.95, 0.25, 0.20)
152.89: (-0.98, 0.21, -0.03)
152.99: (-0.99, -0.10, 0.08)
153.11: (-0.95, -0.26, 0.18)
153.22: (-0.97, -0.18, 0.19)
153.34: (-0.98, 0.10, 0.16)
153.46: (-0.98, 0.09, 0.16)
153.56: (-1.00, 0.02, 0.09)
153.59: (-1.00, 0.02, 0.07)
153.59: (1.00, 0.06, 0.04): 1
153.66: (-1.00, 0.02, 0.07)
153.77: (-1.00, 0.02, 0.07)
153.89: (-1.00, 0.03, 0.08)
154.01: (-0.99, 0.06, 0.08)
154.12: (-0.99, 0.06, 0.09)
154.24: (-0.95, 0.02, 0.31)
154.36: (-0.42, -0.30, 0.86)
154.47: (-0.08, -0.45, 0.89)
154.59: (0.24, -0.63, 0.74)
154.71: (0.46, -0.61, 0.64)
154.81: (0.46, -0.61, 0.64)
154.91: (0.46, -0.61, 0.64)
155.02: (0.92, -0.20, 0.33)
155.12: (0.94, 0.15, -0.32)
155.24: (0.90, 0.22, -0.38)
155.34: (1.00, -0.07, 0.06)
155.44: (0.97, -0.13, 0.22)
155.56: (0.98, -0.09, 0.18)
155.66: (0.99, -0.02, 0.12)
155.77: (1.00, 0.07, 0.06)
155.81: (1.00, 0.07, 0.05)
155.81: (-1.00, 0.02, -0.03): 0
155.89: (1.00, 0.08, 0.04)
156.01: (0.99, 0.09, 0.05)
156.12: (0.99, 0.09, 0.05)
156.24: (0.99, 0.14, 0.05)
156.34: (0.77, 0.51, -0.39)
156.44: (0.13, 0.80, -0.59)
156.56: (0.07, 0.63, -0.77)
156.67: (0.04, 0.40, -0.91)
156.79: (-0.50, 0.32, -0.80)
156.89: (-0.72, 0.39, -0.57)
157.01: (-0.72, 0.39, -0.57)
157.12: (-0.81, 0.24, -0.53)
157.22: (-0.99, -0.11, -0.02)
157.34: (-0.99, -0.10, 0.02)
157.44: (-0.99, 0.08, 0.11)
157.52: (-0.99, 0.09, 0.11)
157.52: (0.80, 0.60, 0.04): 2
157.56: (-0.99, 0.09, 0.11)
157.66: (-0.99, 0.10, 0.12)
157.77: (-0.99, 0.10, 0.12)
157.87: (-0.99, 0.10, 0.12)
157.99: (-0.99, 0.10, 0.13)
158.11: (-0.99, 0.10, 0.13)
158.22: (-0.99, 0.09, 0.13)
158.32: (-0.99, 0.09, 0.13)
158.44: (-0.99, 0.09, 0.13)
158.56: (-0.98, 0.10, 0.14)
158.67: (-0.68, -0.50, 0.55)
158.77: (-0.30, -0.69, 0.66)
158.89: (-0.36, -0.88, 0.30)
159.01: (-0.33, -0.93, -0.15)
159.11: (-0.30, -0.80, -0.53)
159.22: (-0.30, -0.63, -0.72)
159.34: (0.04, -0.58, -0.81)
159.44: (0.36, -0.69, -0.63)
159.56: (0.18, -0.98, -0.08)
159.67: (0.18, -0.98, -0.08)
159.77: (0.18, -0.98, -0.08)
159.87: (0.16, -0.99, 0.03)
159.99: (-0.68, -0.73, 0.01)
160.11: (-0.96, -0.13, -0.25)
160.22: (-0.82, 0.50, -0.29)
160.34: (-0.83, 0.34, 0.45)
160.44: (-0.38, 0.09, 0.92)
160.56: (0.06, -0.29, 0.96)
160.66: (-0.04, -0.33, 0.94)
160.77: (-0.04, -0.33, 0.94)
160.89: (0.11, -0.15, 0.98)
161.01: (0.03, 0.47, 0.88)
161.12: (-0.17, 0.72, 0.67)
161.24: (-0.39, 0.87, 0.31)
161.35: (-0.52, 0.85, -0.07)
161.47: (-0.62, 0.79, 0.04)
161.57: (-0.77, 0.11, 0.63)
161.69: (-0.59, -0.47, 0.66)
161.80: (-0.26, -0.69, 0.67)
161.90: (0.11, -0.75, 0.66)
162.02: (0.29, -0.79, 0.54)
162.14: (0.66, -0.71, 0.26)
162.25: (0.99, -0.12, -0.01)
162.37: (0.60, 0.75, 0.29)
162.49: (0.23, 0.82, 0.52)
162.59: (0.23, 0.82, 0.52)
162.70: (0.60, 0.70, 0.38)
162.82: (0.85, 0.52, 0.10)
162.92: (0.83, 0.55, 0.10)
163.04: (0.76, 0.63, 0.14)
163.04: (0.91, -0.01, 0.42): 0
163.04: (0.76, 0.63, 0.14)
163.15: (0.76, 0.63, 0.14)
163.27: (0.76, 0.63, 0.15)
163.39: (0.77, 0.61, 0.16)
163.50: (0.92, 0.02, 0.39)
163.60: (0.92, -0.08, 0.38)
163.72: (0.93, -0.05, 0.36)
163.75: (0.93, -0.05, 0.36)
163.75: (0.16, 0.80, 0.58): 1
163.84: (0.93, -0.05, 0.36)
163.95: (0.93, -0.05, 0.36)
164.07: (0.93, -0.05, 0.37)
164.17: (0.89, 0.02, 0.46)
164.27: (0.78, 0.14, 0.61)
164.39: (0.24, 0.97, 0.09)
164.50: (-0.28, 0.94, -0.22)
164.62: (-0.16, 0.98, -0.13)
164.72: (-0.16, 0.98, -0.13)
164.82: (0.06, 1.00, 0.05)
164.94: (0.21, 0.76, 0.62)
165.05: (0.21, 0.77, 0.60)
165.17: (0.08, 0.81, 0.58)
165.17: (0.95, -0.01, -0.33): 0
165.17: (0.08, 0.81, 0.58)
165.27: (0.08, 0.81, 0.58)
165.39: (0.08, 0.81, 0.58)
165.50: (0.07, 0.81, 0.58)
165.62: (0.24, 0.75, 0.62)
165.72: (0.80, 0.38, 0.46)
165.84: (0.97, -0.24, -0.08)
165.95: (0.87, -0.47, -0.15)
166.07: (0.97, -0.08, -0.24)
166.19: (0.96, 0.11, -0.27)
166.22: (0.96, 0.10, -0.27)
166.22: (0.88, -0.28, -0.37): 2
166.30: (0.97, 0.06, -0.24)
166.42: (0.97, 0.00, -0.24)
166.54: (0.97, -0.03, -0.25)
166.65: (0.83, -0.41, -0.37)
166.74: (0.83, -0.41, -0.37)
166.74: (1.00, 0.00, 0.00): 1
166.75: (0.83, -0.41, -0.37)
166.85: (0.84, -0.41, -0.36)
166.97: (0.84, -0.40, -0.36)
167.09: (0.95, -0.23, -0.18)
167.20: (0.99, -0.13, 0.02)
167.27: (0.99, -0.12, 0.03)
167.27: (-0.93, 0.27, 0.26): 1
167.32: (0.99, -0.11, 0.02)
167.42: (0.99, -0.11, 0.02)
167.54: (0.99, -0.11, 0.02)
167.65: (1.00, -0.07, 0.05)
167.77: (1.00, -0.07, 0.06)
167.89: (0.91, 0.31, 0.26)
168.00: (0.22, 0.84, 0.49)
168.12: (0.20, 0.86, 0.46)
168.22: (-0.26, 0.91, 0.33)
168.34: (-0.84, 0.43, -0.33)
168.45: (-0.98, 0.03, -0.20)
168.57: (-0.97, -0.22, 0.10)
168.67: (-0.95, 0.16, 0.27)
168.79: (-0.93, 0.29, 0.22)
168.82: (-0.93, 0.29, 0.22)
168.82: (-0.50, 0.83, -0.25): 1
168.89: (-0.93, 0.29, 0.22)
169.00: (-0.93, 0.29, 0.22)
169.10: (-0.93, 0.29, 0.22)
169.20: (-0.43, 0.79, -0.45)
169.32: (-0.15, 0.82, -0.55)
169.44: (-0.29, 0.86, -0.42)
169.55: (-0.67, 0.74, -0.04)
169.67: (-0.67, 0.74, -0.06)
169.79: (-0.58, 0.76, -0.28)
169.90: (-0.48, 0.78, -0.39)
169.92: (-0.48, 0.79, -0.39)
169.92: (0.97, 0.16, 0.16): 1
170.00: (-0.48, 0.79, -0.38)
170.12: (-0.48, 0.79, -0.37)
170.24: (-0.53, 0.80, -0.29)
170.35: (-0.55, 0.81, -0.21)
170.47: (0.13, 0.97, -0.21)
170.59: (0.39, 0.90, -0.18)
170.70: (0.61, 0.76, -0.22)
170.80: (0.72, 0.67, -0.18)
170.92: (0.93, 0.37, 0.07)
171.04: (0.96, 0.16, 0.21)
171.15: (0.98, 0.12, 0.18)
171.15: (0.85, 0.21, -0.49): 0
171.15: (0.98, 0.12, 0.18)
171.27: (0.97, 0.12, 0.19)
171.37: (0.97, 0.12, 0.19)
171.47: (0.95, 0.28, -0.16)
171.59: (0.71, 0.44, -0.56)
171.70: (0.72, 0.31, -0.62)
171.82: (0.80, 0.20, -0.56)
171.87: (0.81, 0.20, -0.55)
171.87: (0.37, 0.92, -0.13): 0
171.94: (0.81, 0.20, -0.55)
172.04: (0.82, 0.21, -0.54)
172.15: (0.81, 0.31, -0.50)
172.25: (0.56, 0.41, -0.72)
172.37: (0.56, 0.41, -0.72)
172.47: (0.54, 0.48, -0.69)
172.59: (0.12, 0.90, -0.41)
172.69: (0.24, 0.96, -0.15)
172.80: (0.42, 0.91, 0.02)
172.90: (0.42, 0.91, -0.04)
173.02: (0.33, 0.94, -0.12)
173.04: (0.33, 0.94, -0.12)
173.04: (-0.37, 0.90, -0.22): 1
173.12: (0.33, 0.94, -0.10)
173.24: (0.33, 0.94, -0.11)
173.35: (0.15, 0.93, -0.33)
173.47: (-0.36, 0.85, -0.39)
173.59: (-0.29, 0.93, -0.22)
173.70: (-0.29, 0.95, -0.14)
173.82: (-0.45, 0.88, -0.15)
173.85: (-0.46, 0.87, -0.16)
173.85: (0.17, 0.19, -0.97): 0
173.94: (-0.46, 0.87, -0.16)
174.05: (-0.46, 0.87, -0.16)
174.17: (-0.44, 0.89, -0.14)
174.27: (-0.15, 0.90, -0.41)
174.37: (0.50, 0.65, -0.57)
174.49: (0.66, 0.39, -0.65)
174.60: (0.68, 0.17, -0.72)
174.72: (0.46, 0.14, -0.88)
174.82: (0.25, 0.23, -0.94)
174.94: (0.25, 0.23, -0.94)
174.94: (0.94, 0.34, 0.06): 2
174.94: (0.25, 0.23, -0.94)
175.05: (0.25, 0.23, -0.94)
175.15: (0.24, 0.23, -0.94)
175.27: (0.25, 0.17, -0.95)
175.39: (0.26, 0.10, -0.96)
175.49: (0.26, 0.10, -0.96)
175.60: (0.32, 0.07, -0.95)
175.72: (0.60, 0.08, -0.80)
175.82: (0.85, 0.09, -0.53)
175.94: (0.94, 0.17, -0.29)
176.05: (0.97, 0.23, 0.04)
176.17: (0.97, 0.23, 0.12)
176.27: (0.97, 0.23, 0.12)
176.37: (0.96, 0.27, 0.08)
176.37: (-1.00, 0.00, 0.00): 2
176.39: (0.96, 0.28, 0.08)
176.50: (0.95, 0.28, 0.09)
176.60: (0.95, 0.28, 0.09)
176.72: (0.95, 0.28, 0.09)
176.84: (0.95, 0.28, 0.09)
176.95: (0.95, 0.28, 0.09)
177.07: (0.73, 0.66, -0.16)
177.19: (0.52, 0.76, -0.40)
177.30: (0.33, 0.76, -0.56)
177.42: (-0.18, 0.86, -0.48)
177.52: (-0.46, 0.83, -0.31)
177.64: (-0.82, 0.56, 0.14)
177.75: (-0.82, 0.00, 0.58)
177.87: (-0.92, -0.04, 0.40)
177.99: (-0.99, 0.08, 0.15)
178.10: (-0.99, 0.11, 0.01)
178.22: (-1.00, -0.07, 0.05)
178.25: (-1.00, -0.07, 0.05)
178.25: (0.10, -0.37, 0.92): 1
178.33: (-1.00, -0.07, 0.05)
178.45: (-1.00, -0.07, 0.05)
178.55: (-1.00, -0.01, 0.04)
178.67: (-1.00, 0.02, 0.03)
178.78: (-0.99, -0.16, 0.01)
178.90: (-0.14, -0.99, 0.08)
179.02: (0.08, -0.98, 0.17)
179.12: (0.27, -0.95, 0.18)
179.23: (0.59, -0.81, 0.04)
179.35: (0.58, -0.81, 0.04)
179.47: (0.43, -0.90, -0.10)
179.58: (0.00, -0.86, -0.51)
179.70: (-0.12, -0.79, -0.60)
179.82: (-0.31, -0.67, -0.67)
179.93: (-0.77, -0.39, -0.50)
180.03: (-0.72, -0.13, -0.69)
180.15: (-0.42, 0.10, -0.90)
180.27: (-0.25, 0.29, -0.93)
180.38: (-0.77, 0.58, -0.26)
180.48: (-0.92, 0.39, 0.04)
180.60: (-1.00, -0.02, 0.06)
180.72: (-0.96, -0.25, 0.14)
180.83: (-0.74, -0.50, 0.45)
180.93: (-0.67, -0.49, 0.56)
181.05: (-0.43, -0.64, 0.64)
181.15: (-0.12, -0.68, 0.72)
181.27: (-0.05, -0.58, 0.82)
181.38: (-0.05, -0.53, 0.85)
181.50: (0.13, -0.39, 0.91)
181.52: (0.13, -0.39, 0.91)
181.52: (0.87, -0.30, -0.40): 2
181.62: (0.12, -0.38, 0.91)
181.73: (0.13, -0.40, 0.91)
181.85: (0.13, -0.42, 0.90)
181.95: (0.09, -0.45, 0.89)
182.07: (0.09, -0.44, 0.89)
182.18: (0.35, -0.30, 0.89)
182.30: (0.85, 0.12, 0.51)
182.42: (0.94, 0.22, 0.27)
182.52: (0.97, 0.23, -0.02)
182.63: (0.95, 0.12, -0.29)
182.75: (0.82, -0.27, -0.51)
182.87: (0.81, -0.33, -0.48)
182.98: (0.89, -0.30, -0.34)
183.02: (0.89, -0.31, -0.34)
183.02: (-0.78, 0.57, -0.26): 1
183.10: (0.89, -0.30, -0.34)
183.20: (0.89, -0.31, -0.34)
183.32: (0.89, -0.32, -0.34)
183.43: (0.74, -0.23, -0.63)
183.55: (0.28, 0.27, -0.92)
183.67: (-0.14, 0.64, -0.76)
183.77: (-0.10, 0.77, -0.63)
183.88: (-0.34, 0.81, -0.49)
183.98: (-0.68, 0.57, -0.46)
184.10: (-0.74, 0.49, -0.46)
184.20: (-0.75, 0.53, -0.39)
184.30: (-0.78, 0.53, -0.33)
184.30: (-0.62, -0.60, -0.51): 2
184.30: (-0.78, 0.53, -0.33)
184.42: (-0.78, 0.53, -0.33)
184.53: (-0.79, 0.53, -0.32)
184.65: (-0.78, 0.50, -0.38)
184.77: (-0.78, 0.50, -0.38)
184.88: (-0.75, 0.51, -0.41)
185.00: (-0.72, 0.54, -0.44)
185.12: (-0.84, 0.23, -0.49)
185.22: (-0.84, -0.29, -0.46)
185.33: (-0.81, -0.48, -0.33)
185.45: (-0.78, -0.59, -0.21)
185.55: (-0.70, -0.59, -0.41)
185.67: (-0.66, -0.57, -0.48)
185.75: (-0.65, -0.59, -0.48)
185.75: (0.19, 0.22, 0.96): 2
185.78: (-0.64, -0.59, -0.48)
185.90: (-0.63, -0.60, -0.49)
186.00: (-0.63, -0.60, -0.50)
186.12: (-0.62, -0.60, -0.51)
186.22: (-0.62, -0.60, -0.51)
186.33: (-0.62, -0.60, -0.51)
186.45: (-0.62, -0.60, -0.51)
186.57: (-0.64, -0.72, 0.27)
186.68: (-0.47, -0.65, 0.59)
186.80: (-0.27, -0.43, 0.86)
186.92: (-0.01, -0.35, 0.94)
187.03: (-0.01, -0.35, 0.94)
187.15: (-0.03, -0.34, 0.94)
187.25: (0.09, -0.05, 1.00)
187.35: (0.22, 0.39, 0.90)
187.45: (0.22, 0.39, 0.89)
187.57: (0.17, 0.24, 0.96)
187.68: (0.16, 0.10, 0.98)
187.70: (0.16, 0.10, 0.98)
187.70: (-0.67, 0.62, -0.40): 2
187.80: (0.17, 0.10, 0.98)
187.92: (0.24, 0.17, 0.96)
188.02: (0.24, 0.18, 0.96)
188.13: (0.24, 0.17, 0.96)
188.23: (0.24, 0.17, 0.96)
188.35: (0.24, 0.16, 0.96)
188.47: (0.33, 0.13, 0.93)
188.58: (0.87, 0.01, 0.49)
188.70: (0.95, -0.11, 0.30)
188.80: (0.97, -0.24, 0.10)
188.92: (0.97, -0.18, -0.14)
189.02: (0.87, 0.07, -0.49)
189.13: (0.58, 0.33, -0.74)
189.23: (0.33, 0.55, -0.77)
189.35: (0.21, 0.63, -0.75)
189.47: (-0.01, 0.77, -0.64)
189.57: (-0.44, 0.82, -0.37)
189.68: (-0.86, 0.44, -0.25)
189.80: (-0.87, 0.38, -0.32)
189.90: (-0.87, 0.38, -0.32)
190.02: (-0.84, 0.42, -0.33)
190.13: (-0.69, 0.63, -0.36)
190.23: (-0.62, 0.68, -0.38)
190.35: (-0.66, 0.63, -0.40)
190.45: (-0.71, 0.58, -0.40)
190.45: (-0.05, -0.72, 0.69): 1
190.47: (-0.71, 0.58, -0.40)
190.58: (-0.71, 0.56, -0.42)
190.68: (-0.71, 0.56, -0.42)
190.80: (-0.71, 0.56, -0.42)
190.92: (-0.73, 0.52, -0.45)
191.03: (-0.98, 0.09, -0.19)
191.13: (-0.97, -0.25, 0.09)
191.25: (-0.89, -0.36, 0.27)
191.37: (-0.72, -0.52, 0.46)
191.48: (-0.42, -0.74, 0.52)
191.60: (-0.05, -0.81, 0.58)
191.72: (0.02, -0.72, 0.69)
191.83: (-0.02, -0.71, 0.70)
191.95: (-0.06, -0.71, 0.70)
191.97: (-0.06, -0.71, 0.70)
191.97: (-1.00, 0.06, -0.06): 2
192.05: (-0.06, -0.72, 0.70)
192.17: (-0.06, -0.72, 0.69)
192.28: (-0.02, -0.73, 0.69)
192.40: (-0.08, -0.74, 0.67)
192.52: (-0.08, -0.74, 0.67)
192.62: (-0.04, -0.74, 0.67)
192.73: (-0.43, -0.73, 0.53)
192.85: (-0.98, -0.21, -0.04)
192.95: (-0.96, 0.08, -0.28)
193.07: (-0.94, 0.18, -0.28)
193.17: (-1.00, 0.06, -0.03)
193.23: (-1.00, 0.06, -0.02)
193.23: (0.02, 0.90, -0.44): 2
193.28: (-1.00, 0.06, -0.02)
193.40: (-1.00, 0.05, -0.03)
193.50: (-1.00, 0.05, -0.03)
193.62: (-1.00, 0.05, -0.03)
193.73: (-1.00, 0.05, -0.03)
193.85: (-1.00, 0.05, -0.03)
193.95: (-1.00, 0.05, -0.05)
194.07: (-0.64, 0.34, -0.69)
194.17: (-0.25, 0.56, -0.79)
194.28: (-0.17, 0.64, -0.75)
194.40: (-0.02, 0.77, -0.64)
194.51: (0.08, 0.86, -0.50)
194.55: (0.08, 0.87, -0.48)
194.55: (0.42, 0.89, 0.17): 0
194.62: (0.08, 0.87, -0.48)
194.73: (0.08, 0.87, -0.48)
194.83: (0.08, 0.87, -0.48)
194.95: (0.07, 0.87, -0.48)
195.06: (0.07, 0.87, -0.48)
195.18: (0.24, 0.96, -0.12)
195.30: (0.52, 0.80, 0.30)
195.41: (0.72, 0.61, 0.34)
195.51: (0.62, 0.74, 0.24)
195.61: (0.45, 0.88, 0.15)
195.73: (0.40, 0.91, 0.11)
195.76: (0.39, 0.91, 0.11)
195.76: (-0.93, 0.04, -0.36): 1
195.83: (0.39, 0.91, 0.11)
195.95: (0.39, 0.91, 0.11)
196.06: (0.46, 0.89, 0.05)
196.16: (0.46, 0.89, 0.05)
196.28: (0.46, 0.88, 0.05)
196.40: (-0.17, 0.96, 0.22)
196.51: (-0.96, 0.26, 0.11)
196.63: (-0.99, 0.10, 0.12)
196.75: (-1.00, 0.06, 0.02)
196.85: (-0.91, 0.12, -0.39)
196.96: (-0.87, 0.06, -0.49)
197.06: (-0.91, -0.04, -0.42)
197.18: (-0.95, 0.02, -0.32)
197.21: (-0.95, 0.03, -0.31)
197.21: (0.14, 0.98, 0.12): 2
197.30: (-0.95, 0.03, -0.31)
197.41: (-0.95, 0.04, -0.32)
197.51: (-0.95, 0.03, -0.31)
197.63: (-0.95, 0.03, -0.31)
197.75: (-0.95, 0.03, -0.31)
197.86: (-0.93, 0.16, -0.34)
197.98: (-0.63, 0.78, 0.04)
198.10: (-0.31, 0.83, 0.47)
198.21: (-0.17, 0.82, 0.54)
198.31: (-0.05, 0.99, 0.10)
198.43: (0.10, 0.99, 0.00)
198.55: (0.09, 0.99, 0.08)
198.61: (0.10, 0.99, 0.11)
198.61: (-0.29, 0.87, 0.40): 0
198.65: (0.10, 0.99, 0.11)
198.76: (0.11, 0.99, 0.11)
198.88: (0.11, 0.99, 0.11)
199.00: (-0.35, 0.84, 0.42)
199.11: (-0.43, 0.76, 0.48)
199.23: (-0.38, 0.81, 0.45)
199.33: (-0.25, 0.92, 0.31)
199.33: (0.95, -0.30, 0.09): 2
199.33: (-0.25, 0.92, 0.31)
199.45: (-0.24, 0.92, 0.31)
199.55: (-0.24, 0.92, 0.31)
199.66: (-0.24, 0.92, 0.31)
199.78: (-0.24, 0.92, 0.31)
199.90: (-0.24, 0.92, 0.31)
200.00: (-0.24, 0.92, 0.31)
200.11: (0.55, 0.64, 0.53)
200.23: (0.67, 0.47, 0.57)
200.35: (0.79, 0.38, 0.49)
200.46: (0.98, -0.15, -0.10)
200.56: (0.85, -0.29, -0.44)
200.68: (0.94, -0.32, -0.14)
200.80: (0.95, -0.32, -0.03)
200.88: (0.95, -0.31, -0.01)
200.88: (-0.14, -0.99, -0.05): 0
200.91: (0.95, -0.31, -0.01)
201.03: (0.95, -0.31, -0.01)
201.15: (0.97, -0.24, 0.04)
201.26: (0.99, -0.11, 0.07)
201.38: (0.99, -0.10, 0.12)
201.50: (0.74, -0.66, -0.12)
201.60: (0.38, -0.90, -0.22)
201.71: (0.32, -0.92, -0.22)
201.83: (0.07, -1.00, 0.05)
201.95: (-0.33, -0.94, -0.10)
202.06: (-0.28, -0.93, -0.22)
202.16: (-0.13, -0.97, -0.19)
202.26: (-0.14, -0.98, -0.14)
202.26: (0.22, 0.19, 0.96): 2
202.28: (-0.14, -0.98, -0.14)
202.40: (-0.14, -0.98, -0.14)
202.51: (-0.14, -0.98, -0.14)
202.63: (0.13, -0.97, 0.21)
202.75: (0.23, -0.95, 0.19)
202.86: (0.19, -0.96, 0.19)
202.98: (0.45, -0.85, 0.27)
203.08: (0.68, -0.45, 0.58)
203.20: (0.65, -0.41, 0.64)
203.31: (0.68, -0.10, 0.72)
203.43: (0.75, 0.08, 0.66)
203.55: (0.64, 0.50, 0.59)
203.66: (0.37, 0.24, 0.90)
203.76: (0.23, 0.05, 0.97)
203.86: (0.22, 0.00, 0.97)
203.90: (0.22, 0.01, 0.98)
203.90: (0.93, -0.05, 0.37): 0
203.98: (0.23, 0.01, 0.97)
204.08: (0.24, 0.12, 0.96)
204.20: (0.22, 0.15, 0.96)
204.31: (0.23, 0.45, 0.86)
204.41: (0.19, 0.56, 0.81)
204.53: (-0.02, 0.59, 0.81)
204.65: (0.04, 0.24, 0.97)
204.75: (0.04, 0.24, 0.97)
204.86: (0.04, 0.14, 0.99)
204.96: (-0.10, -0.03, 0.99)
205.08: (-0.39, -0.21, 0.90)
205.20: (-0.38, 0.31, 0.87)
205.30: (-0.20, 0.49, 0.85)
205.41: (-0.17, 0.79, 0.59)
205.53: (-0.67, 0.66, 0.34)
205.63: (-0.75, 0.14, 0.65)
205.75: (-0.50, -0.37, 0.78)
205.86: (-0.16, -0.77, 0.62)
205.98: (0.17, -0.92, 0.36)
206.10: (0.51, -0.84, 0.16)
206.21: (0.73, -0.68, -0.01)
206.33: (0.88, -0.44, -0.17)
206.45: (0.98, -0.19, -0.04)
206.55: (0.99, 0.01, 0.11)
206.66: (0.96, 0.05, 0.29)
206.78: (0.94, 0.01, 0.34)
206.83: (0.94, 0.01, 0.34)
206.83: (0.52, 0.72, -0.47): 0
206.90: (0.94, 0.01, 0.34)
207.01: (0.94, 0.01, 0.34)
207.11: (0.94, 0.01, 0.35)
207.21: (0.89, 0.00, 0.45)
207.33: (0.89, 0.00, 0.45)
207.45: (0.96, 0.22, 0.15)
207.56: (0.59, 0.68, -0.44)
207.68: (0.45, 0.73, -0.51)
207.78: (0.44, 0.75, -0.49)
207.90: (0.55, 0.73, -0.41)
208.01: (0.49, 0.71, -0.51)
208.06: (0.48, 0.71, -0.52)
208.06: (1.00, 0.00, 0.00): 1
208.11: (0.48, 0.71, -0.52)
208.23: (0.46, 0.72, -0.51)
208.35: (0.46, 0.73, -0.51)
208.46: (0.46, 0.76, -0.46)
208.56: (0.80, 0.53, 0.28)
208.68: (0.72, -0.06, 0.69)
208.78: (0.75, -0.23, 0.62)
208.90: (0.99, 0.01, 0.14)
209.01: (1.00, 0.01, -0.04)
209.13: (1.00, 0.00, 0.04)
209.21: (1.00, 0.02, 0.08)
209.21: (0.16, -0.76, 0.63): 1
209.23: (1.00, 0.02, 0.08)
209.35: (1.00, 0.02, 0.08)
209.46: (1.00, 0.03, 0.09)
209.58: (1.00, 0.03, 0.09)
209.70: (0.91, -0.39, 0.10)
209.81: (0.44, -0.90, 0.04)
209.93: (0.01, -1.00, 0.01)
210.03: (-0.34, -0.94, 0.05)
210.15: (-0.34, -0.93, 0.11)
210.26: (-0.09, -0.79, 0.60)
210.36: (0.00, -0.75, 0.66)
210.48: (0.07, -0.74, 0.67)
210.60: (0.24, -0.78, 0.57)
210.60: (-0.97, -0.18, 0.19): 2
210.60: (0.24, -0.78, 0.57)
210.71: (0.26, -0.78, 0.57)
210.83: (0.25, -0.78, 0.57)
210.95: (0.25, -0.74, 0.62)
211.06: (0.24, -0.70, 0.67)
211.16: (0.24, -0.70, 0.67)
211.28: (-0.27, -0.58, 0.77)
211.39: (-0.75, 0.01, 0.66)
211.51: (-0.76, 0.08, 0.64)
211.63: (-0.85, -0.12, 0.51)
211.73: (-0.96, -0.21, 0.20)
211.83: (-0.96, -0.21, 0.20)
211.88: (-0.96, -0.20, 0.19)
211.88: (0.12, 0.93, -0.34): 2
211.93: (-0.96, -0.20, 0.19)
212.04: (-0.96, -0.20, 0.20)
212.15: (-0.94, -0.19, 0.28)
212.26: (-0.94, -0.19, 0.28)
212.38: (-0.94, -0.19, 0.28)
212.49: (-0.97, -0.18, 0.17)
212.61: (-0.61, 0.46, -0.65)
212.73: (-0.23, 0.61, -0.76)
212.84: (-0.15, 0.51, -0.85)
212.96: (0.17, 0.83, -0.53)
213.06: (0.24, 0.86, -0.44)
213.18: (0.16, 0.86, -0.49)
213.29: (0.14, 0.88, -0.46)
213.39: (0.19, 0.92, -0.33)
213.43: (0.20, 0.92, -0.33)
213.43: (-0.54, -0.46, 0.70): 2
213.51: (0.20, 0.92, -0.33)
213.61: (0.20, 0.93, -0.32)
213.73: (0.21, 0.93, -0.30)
213.84: (0.18, 0.94, -0.28)
213.96: (0.18, 0.94, -0.28)
214.08: (0.09, 0.95, -0.29)
214.19: (-0.65, 0.72, -0.22)
214.29: (-0.94, 0.29, -0.20)
214.41: (-0.96, 0.23, -0.13)
214.53: (-0.96, -0.06, 0.26)
214.64: (-0.76, -0.61, 0.23)
214.76: (-0.38, -0.87, 0.31)
214.88: (-0.38, -0.87, 0.31)
214.99: (-0.50, -0.80, 0.33)
215.09: (-0.71, -0.40, 0.58)
215.21: (-0.69, -0.39, 0.60)
215.33: (-0.58, -0.47, 0.67)
215.44: (-0.42, -0.49, 0.76)
215.46: (-0.42, -0.49, 0.76)
215.46: (0.99, -0.08, 0.12): 0
215.56: (-0.42, -0.49, 0.76)
215.66: (-0.42, -0.49, 0.76)
215.78: (-0.43, -0.50, 0.75)
215.89: (-0.32, -0.62, 0.71)
215.99: (0.29, -0.91, 0.30)
216.11: (0.56, -0.83, -0.04)
216.23: (0.47, -0.77, -0.42)
216.34: (0.26, -0.79, -0.55)
216.46: (0.27, -0.51, -0.82)
216.56: (0.35, -0.09, -0.93)
216.68: (0.46, 0.10, -0.88)
216.79: (0.89, 0.45, -0.07)
216.91: (0.87, 0.47, 0.14)
217.03: (0.89, 0.44, 0.11)
217.14: (0.98, 0.16, 0.09)
217.26: (0.99, -0.13, 0.09)
217.38: (0.99, -0.11, 0.12)
217.38: (-0.56, -0.45, 0.70): 1
217.38: (0.99, -0.11, 0.12)
217.49: (0.99, -0.11, 0.13)
217.59: (0.99, -0.11, 0.13)
217.69: (0.99, -0.11, 0.13)
217.81: (0.98, -0.08, 0.16)
217.93: (0.75, 0.66, 0.11)
218.04: (0.38, 0.91, -0.18)
218.16: (0.08, 0.91, -0.40)
218.26: (-0.21, 0.80, -0.55)
218.38: (-0.68, 0.70, 0.22)
218.49: (-0.12, 0.24, 0.96)
218.61: (-0.12, 0.24, 0.96)
218.71: (-0.14, 0.25, 0.96)
218.83: (-0.11, -0.39, 0.91)
218.94: (0.01, -0.71, 0.70)
219.04: (-0.24, -0.66, 0.71)
219.16: (-0.49, -0.47, 0.73)
219.24: (-0.49, -0.47, 0.73)
219.24: (-0.77, -0.54, 0.35): 1
219.26: (-0.49, -0.47, 0.73)
219.36: (-0.49, -0.47, 0.73)
219.48: (-0.49, -0.47, 0.73)
219.59: (-0.71, -0.44, 0.55)
219.71: (-0.83, -0.53, 0.19)
219.83: (-0.78, -0.56, 0.27)
219.94: (-0.69, -0.59, 0.41)
219.96: (-0.69, -0.59, 0.41)
219.96: (0.34, 0.89, 0.29): 2
220.06: (-0.69, -0.59, 0.41)
220.18: (-0.75, -0.53, 0.40)
220.29: (-0.75, -0.53, 0.40)
220.41: (-0.73, -0.65, 0.22)
220.53: (-0.66, -0.75, -0.01)
220.63: (-0.96, -0.28, -0.05)
220.73: (-0.94, 0.27, 0.20)
220.84: (-0.59, 0.63, 0.51)
220.96: (-0.06, 0.70, 0.71)
221.06: (0.57, 0.57, 0.59)
221.16: (0.78, 0.39, 0.49)
221.28: (0.48, 0.76, 0.45)
221.39: (0.36, 0.83, 0.42)
221.51: (0.37, 0.82, 0.43)
221.61: (0.39, 0.85, 0.36)
221.61: (-1.00, 0.05, -0.07): 1
221.63: (0.39, 0.85, 0.36)
221.73: (0.39, 0.85, 0.35)
221.83: (0.36, 0.79, 0.49)
221.94: (0.36, 0.79, 0.49)
222.04: (0.37, 0.80, 0.47)
222.16: (-0.02, 0.86, 0.50)
222.28: (-0.87, 0.39, 0.31)
222.39: (-0.97, 0.19, 0.18)
222.49: (-1.00, 0.04, 0.04)
222.61: (-1.00, 0.04, -0.02)
222.66: (-1.00, 0.04, -0.05)
222.66: (0.97, -0.16, 0.20): 0
222.73: (-1.00, 0.04, -0.05)
222.84: (-1.00, -0.03, -0.04)
222.94: (-1.00, -0.07, -0.02)
223.04: (-1.00, -0.07, -0.02)
223.16: (-1.00, -0.06, -0.04)
223.28: (-0.79, -0.25, -0.56)
223.39: (-0.19, -0.76, -0.61)
223.51: (0.17, -0.92, -0.35)
223.61: (0.37, -0.69, 0.62)
223.73: (0.12, -0.27, 0.96)
223.84: (0.12, -0.27, 0.96)
223.94: (0.21, -0.25, 0.95)
224.06: (0.87, -0.23, 0.44)
224.18: (0.92, -0.34, 0.19)
224.28: (0.93, -0.34, 0.16)
224.39: (0.96, -0.08, 0.26)
224.41: (0.96, -0.07, 0.26)
224.41: (-0.09, 0.29, 0.95): 2
224.49: (0.96, -0.07, 0.26)
224.61: (0.96, -0.07, 0.27)
224.73: (0.96, -0.04, 0.27)
224.84: (0.96, 0.01, 0.28)
224.96: (0.96, 0.03, 0.29)
225.06: (0.91, 0.20, 0.37)
225.18: (0.30, 0.73, 0.61)
225.29: (-0.10, 0.74, 0.67)
225.41: (-0.24, 0.54, 0.81)
225.53: (-0.13, 0.23, 0.97)
225.64: (-0.11, 0.21, 0.97)
225.64: (0.91, -0.35, -0.24): 1
225.64: (-0.11, 0.21, 0.97)
225.76: (-0.11, 0.21, 0.97)
225.86: (-0.11, 0.21, 0.97)
225.96: (-0.11, 0.21, 0.97)
226.08: (-0.03, 0.04, 1.00)
226.19: (0.23, -0.70, 0.68)
226.31: (0.31, -0.84, 0.44)
226.43: (0.34, -0.93, -0.12)
226.54: (0.25, -0.80, -0.55)
226.64: (0.13, -0.69, -0.71)
226.76: (0.07, -0.66, -0.75)
226.88: (-0.18, -0.63, -0.76)
226.99: (-0.39, -0.45, -0.80)
227.09: (-0.60, -0.27, -0.75)
227.21: (-0.79, -0.39, -0.47)
227.33: (-0.57, -0.81, 0.12)
227.44: (0.06, -0.97, 0.25)
227.54: (0.38, -0.93, 0.05)
227.66: (0.49, -0.81, -0.32)
227.78: (0.54, -0.64, -0.54)
227.88: (0.73, -0.40, -0.56)
227.99: (0.93, -0.27, -0.25)
228.11: (0.89, -0.40, -0.22)
228.18: (0.84, -0.46, -0.30)
228.18: (0.93, -0.16, 0.32): 2
228.23: (0.84, -0.45, -0.30)
228.34: (0.84, -0.46, -0.30)
228.46: (0.94, -0.33, -0.12)
228.57: (0.90, 0.06, 0.44)
228.67: (0.91, 0.00, 0.42)
228.79: (0.94, -0.18, 0.29)
228.84: (0.94, -0.20, 0.27)
228.84: (-0.16, 0.17, -0.97): 0
228.91: (0.94, -0.20, 0.27)
229.01: (0.93, -0.19, 0.31)
229.12: (0.90, -0.11, 0.43)
229.22: (0.75, 0.12, 0.65)
229.32: (0.77, 0.12, 0.62)
229.44: (0.58, -0.75, -0.32)
229.54: (0.26, -0.79, -0.56)
229.66: (-0.14, -0.55, -0.83)
229.76: (-0.48, -0.36, -0.80)
229.87: (-0.83, -0.28, -0.48)
229.99: (-0.71, -0.26, -0.65)
230.11: (-0.28, -0.07, -0.96)
230.22: (-0.20, 0.00, -0.98)
230.29: (-0.18, 0.01, -0.98)
230.29: (0.99, 0.08, -0.14): 0
230.32: (-0.18, 0.02, -0.98)
230.44: (-0.16, 0.08, -0.98)
230.56: (-0.16, 0.08, -0.98)
230.67: (0.00, 0.30, -0.95)
230.79: (0.57, -0.17, -0.80)
230.91: (0.59, -0.63, -0.50)
231.01: (0.50, -0.85, -0.16)
231.11: (0.47, -0.88, 0.02)
231.22: (0.46, -0.80, 0.39)
231.34: (0.74, -0.58, 0.33)
231.46: (0.94, -0.33, -0.06)
231.57: (0.85, -0.17, -0.49)
231.69: (0.87, -0.05, -0.49)
231.81: (0.98, 0.05, -0.17)
231.92: (0.99, 0.04, -0.16)
231.94: (0.99, 0.04, -0.16)
END