3/30/2023 3:54:25 PM
Mode: Mono
White time (s): [10.19794, 1.199341, 1.999695, 0.6664429, 0.8329468, 1.216492, 3.232727, 1.049805, 4.532593, 0.5995483, 1.716309, 2.649719, 2.76593, 1.99939, 3.599426, 0.4328613, 0.5, 3.316284, 0.3497314, 3.732544, 2.849121, 0.75, 3.049377, 0.866394, 0.750061, 1.566406, 3.016418, 1.582947, 1.749878, 1.732971]
Shot time (s): [1.133118, 2.999268, 1.966431, 3.516357, 5.132141, 1.266296, 3.516174, 0.9499512, 0.9329224, 2.216248, 2.066101, 0.5828247, 2.88269, 1.166443, 3.116089, 6.165649, 0.1832886, 1.666199, 4.015869, 1.916016, 2.949463, 2.115906, 1.300049, 0.866272, 1.616516, 2.24939, 2.166138, 0.8161011, 2.382813, 2.032898]
Step time (s): [9.914978, 0.5831909, 3.299683, 2.799072, 2.249573, 2.966431, 2.916077, 2.23291, 2.282715, 0.3999023, 2.332458, 2.999634, 0.7998657, 0.4833984, 1.450073, 1.199463, 0.8497925, 2.916321, 2.782959, 3.099609, 2.482666, 0.5999146, 1.200134, 3.282776, 1.183533, 2.69928, 3.415894, 0.5332031, 1.566589, 4.266113]
White horz (deg): [1163.939, 101.6024, 215.6024, 66.54745, 73.52994, 171.2849, 413.6771, 220.7324, 879.6517, 51.58496, 306.6598, 469.822, 549.0521, 179.2649, 637.6872, 29.63998, 31.34998, 403.9872, 17.66999, 525.2546, 481.2221, 42.74997, 551.4743, 66.68994, 68.25745, 187.1023, 406.4095, 190.9498, 231.5623, 315.0672]
Shot horz (deg): [71.67744, 224.1523, 142.9274, 603.2022, 761.6617, 222.8698, 512.8571, 85.21493, 149.1974, 321.6222, 323.9023, 20.51999, 585.6744, 98.60992, 326.0396, 1343.347, 6.839996, 373.6348, 702.0969, 333.1647, 437.7597, 252.7947, 220.4473, 72.81744, 221.0173, 258.3522, 363.0898, 53.72245, 269.4673, 299.2497]
Step horz (deg): [856.2817, 3.277498, 267.3298, 218.3098, 127.9649, 580.1169, 548.197, 266.3323, 289.9874, 6.839996, 344.9922, 470.1071, 73.38745, 51.44247, 254.7898, 232.7023, 124.2599, 213.4648, 328.3198, 613.0346, 413.8197, 91.62743, 132.5249, 452.5796, 130.1024, 588.5245, 482.2196, 19.66499, 217.3123, 575.6995]
White vert (deg): [834.6218, 152.6174, 123.1199, 63.83996, 70.53745, 84.64492, 386.1746, 66.68993, 672.4567, 70.82246, 171.7123, 326.4673, 359.8122, 251.6548, 619.7324, 39.89998, 23.93999, 329.7446, 21.23249, 393.5847, 473.5271, 69.68244, 430.3498, 64.69494, 80.36993, 238.1174, 329.7448, 158.3174, 189.5249, 169.1473]
Shot vert (deg): [34.48497, 90.6299, 71.24994, 424.0796, 590.5195, 136.5149, 366.6522, 116.5649, 185.2499, 306.8022, 266.1897, 67.82994, 414.2472, 175.9874, 415.8146, 1055.497, 3.134998, 159.7424, 552.4722, 97.61237, 210.0448, 188.9549, 92.62492, 61.41745, 130.6724, 174.8473, 158.3173, 111.4349, 93.62237, 186.5323]
Step vert (deg): [602.917, 16.10249, 90.48736, 196.3649, 108.4424, 303.6673, 330.4572, 234.1273, 147.0598, 20.80499, 232.4173, 506.4446, 65.26495, 22.37249, 139.7924, 154.7549, 59.13745, 229.7098, 211.6123, 398.1447, 203.9173, 31.06498, 121.9799, 461.8421, 48.16497, 394.7246, 248.9473, 13.82249, 68.68494, 473.3846]

Time in sec: camera forward versor
Time in sec: target versor: sound type (0 = White, 1 = Shot, 2 = Step)
START
747.60: (0.33, 0.60, -0.73): 1
747.60: (0.67, -0.24, -0.70)
747.72: (0.67, -0.23, -0.70)
747.84: (0.60, -0.19, -0.78)
747.95: (0.40, 0.02, -0.92)
748.07: (0.20, 0.22, -0.96)
748.19: (0.02, 0.34, -0.94)
748.30: (-0.04, 0.37, -0.93)
748.42: (0.08, 0.43, -0.90)
748.52: (0.32, 0.55, -0.77)
748.64: (0.32, 0.54, -0.78)
748.74: (0.31, 0.55, -0.77)
748.74: (-0.99, -0.16, -0.01): 2
748.75: (0.31, 0.56, -0.77)
748.87: (0.31, 0.56, -0.77)
748.99: (0.31, 0.56, -0.77)
749.10: (0.32, 0.57, -0.75)
749.20: (0.33, 0.58, -0.75)
749.30: (0.34, 0.57, -0.75)
749.42: (0.44, 0.49, -0.76)
749.54: (0.44, 0.49, -0.76)
749.64: (0.36, 0.59, -0.72)
749.74: (0.09, 0.77, -0.63)
749.85: (-0.31, 0.83, -0.46)
749.95: (-0.55, 0.80, -0.26)
750.07: (-0.71, 0.70, 0.00)
750.19: (-0.76, 0.62, 0.17)
750.30: (-0.76, 0.62, 0.17)
750.42: (-0.76, 0.62, 0.17)
750.52: (-0.81, 0.53, 0.25)
750.64: (-0.82, 0.36, 0.44)
750.75: (-0.76, 0.21, 0.61)
750.87: (-0.66, 0.05, 0.75)
750.99: (-0.41, -0.41, 0.81)
751.10: (-0.17, -0.72, 0.68)
751.22: (-0.17, -0.73, 0.67)
751.34: (-0.18, -0.72, 0.67)
751.44: (-0.14, -0.89, 0.44)
751.55: (-0.07, -0.97, 0.23)
751.67: (0.07, -1.00, 0.00)
751.79: (0.04, -0.99, -0.10)
751.89: (0.04, -0.95, -0.30)
752.00: (-0.05, -0.88, -0.47)
752.12: (-0.02, -0.79, -0.61)
752.22: (0.06, -0.78, -0.62)
752.34: (0.06, -0.78, -0.62)
752.45: (0.06, -0.78, -0.62)
752.55: (0.14, -0.68, -0.72)
752.67: (0.26, -0.46, -0.85)
752.79: (0.37, -0.16, -0.91)
752.89: (0.36, -0.01, -0.93)
753.00: (0.42, 0.25, -0.87)
753.12: (0.49, 0.30, -0.82)
753.22: (0.49, 0.30, -0.82)
753.34: (0.46, 0.30, -0.84)
753.45: (0.56, 0.50, -0.67)
753.55: (0.66, 0.62, -0.43)
753.65: (0.71, 0.70, -0.11)
753.77: (0.70, 0.68, 0.23)
753.89: (0.66, 0.51, 0.54)
754.00: (0.61, 0.23, 0.76)
754.12: (0.63, -0.17, 0.76)
754.24: (0.69, -0.51, 0.51)
754.34: (0.70, -0.67, 0.22)
754.45: (0.67, -0.74, 0.01)
754.57: (0.59, -0.79, -0.13)
754.67: (0.55, -0.82, -0.17)
754.79: (0.81, -0.59, 0.04)
754.90: (0.79, 0.03, 0.62)
755.02: (0.39, 0.50, 0.77)
755.14: (0.19, 0.69, 0.70)
755.25: (0.04, 0.88, 0.48)
755.35: (-0.23, 0.95, 0.20)
755.47: (-0.40, 0.91, -0.04)
755.57: (-0.46, 0.86, -0.23)
755.69: (-0.43, 0.79, -0.45)
755.80: (-0.36, 0.69, -0.63)
755.92: (-0.15, 0.59, -0.79)
756.04: (0.11, 0.37, -0.92)
756.15: (0.38, -0.01, -0.92)
756.27: (0.54, -0.22, -0.81)
756.37: (0.66, -0.37, -0.66)
756.49: (0.78, -0.46, -0.44)
756.60: (0.87, -0.48, -0.10)
756.72: (0.89, -0.41, 0.17)
756.84: (0.90, -0.32, 0.29)
756.94: (0.90, -0.18, 0.41)
757.05: (0.87, 0.06, 0.49)
757.17: (0.77, 0.30, 0.56)
757.29: (0.68, 0.39, 0.63)
757.40: (0.56, 0.46, 0.69)
757.52: (0.36, 0.53, 0.77)
757.64: (0.03, 0.47, 0.88)
757.74: (-0.44, 0.25, 0.86)
757.85: (-0.72, -0.03, 0.70)
757.97: (-0.85, -0.21, 0.48)
758.09: (-0.85, -0.21, 0.48)
758.20: (-0.84, -0.21, 0.50)
758.32: (-0.94, -0.18, 0.29)
758.44: (-0.97, -0.17, 0.14)
758.55: (-0.98, -0.16, 0.13)
758.65: (-0.98, -0.16, 0.09)
758.65: (-1.00, 0.03, 0.01): 2
758.65: (-0.98, -0.16, 0.09)
758.77: (-0.99, -0.15, 0.08)
758.89: (-0.99, -0.14, 0.08)
759.00: (-0.99, -0.14, 0.08)
759.10: (-1.00, -0.01, 0.03)
759.20: (-0.99, 0.10, 0.00)
759.24: (-1.00, 0.10, 0.00)
759.24: (0.29, 0.84, 0.46): 2
759.30: (-1.00, 0.10, 0.00)
759.42: (-0.99, 0.11, 0.00)
759.54: (-0.99, 0.11, 0.00)
759.65: (-1.00, 0.10, 0.00)
759.77: (-1.00, 0.08, 0.01)
759.89: (-0.94, -0.27, -0.22)
760.00: (-0.47, -0.67, -0.58)
760.12: (-0.31, -0.65, -0.70)
760.24: (-0.31, -0.65, -0.70)
760.35: (-0.31, -0.66, -0.69)
760.45: (0.15, -0.61, -0.78)
760.57: (0.52, -0.45, -0.73)
760.69: (0.64, -0.36, -0.68)
760.80: (0.55, -0.39, -0.74)
760.92: (0.55, -0.39, -0.74)
761.04: (0.61, -0.36, -0.71)
761.14: (0.91, 0.04, -0.42)
761.24: (0.92, 0.37, -0.14)
761.35: (0.88, 0.47, -0.11)
761.45: (0.88, 0.46, -0.11)
761.57: (0.87, 0.48, -0.10)
761.67: (0.71, 0.71, 0.04)
761.79: (0.54, 0.80, 0.28)
761.90: (0.54, 0.78, 0.31)
762.02: (0.45, 0.85, 0.29)
762.14: (0.30, 0.91, 0.27)
762.25: (0.28, 0.90, 0.33)
762.37: (0.37, 0.83, 0.41)
762.49: (0.38, 0.83, 0.41)
762.54: (0.38, 0.82, 0.43)
762.54: (0.50, -0.02, -0.87): 2
762.60: (0.39, 0.81, 0.43)
762.72: (0.38, 0.82, 0.43)
762.84: (0.38, 0.82, 0.43)
762.95: (0.38, 0.82, 0.43)
763.07: (0.38, 0.82, 0.43)
763.19: (0.38, 0.82, 0.43)
763.30: (0.22, 0.92, 0.31)
763.40: (-0.04, 0.99, 0.11)
763.50: (-0.30, 0.94, -0.14)
763.62: (-0.46, 0.85, -0.25)
763.74: (-0.44, 0.85, -0.29)
763.85: (-0.44, 0.85, -0.29)
763.97: (-0.53, 0.72, -0.44)
764.09: (-0.58, 0.00, -0.81)
764.20: (-0.50, -0.08, -0.86)
764.32: (-0.53, 0.01, -0.85)
764.42: (-0.38, 0.03, -0.92)
764.52: (0.17, 0.18, -0.97)
764.63: (0.81, 0.31, -0.49)
764.75: (0.94, 0.25, -0.25)
764.85: (0.77, 0.17, -0.61)
764.95: (0.41, 0.08, -0.91)
765.07: (0.20, 0.07, -0.98)
765.18: (0.41, 0.02, -0.91)
765.28: (0.52, -0.08, -0.85)
765.33: (0.52, -0.08, -0.85)
765.33: (-0.99, 0.16, 0.01): 2
765.38: (0.52, -0.07, -0.85)
765.50: (0.51, -0.09, -0.85)
765.62: (0.50, -0.04, -0.86)
765.72: (0.48, -0.04, -0.88)
765.83: (0.42, -0.02, -0.91)
765.95: (0.46, 0.22, -0.86)
766.05: (0.10, 0.69, -0.72)
766.15: (-0.17, 0.63, -0.76)
766.27: (-0.17, 0.63, -0.76)
766.38: (-0.17, 0.62, -0.76)
766.50: (-0.21, 0.66, -0.72)
766.62: (-0.70, 0.61, -0.36)
766.73: (-0.83, 0.46, -0.33)
766.85: (-0.83, 0.46, -0.33)
766.95: (-0.83, 0.46, -0.33)
767.07: (-0.96, 0.28, -0.01)
767.18: (-0.99, 0.13, 0.11)
767.28: (-0.99, 0.14, 0.08)
767.40: (-0.99, 0.16, 0.02)
767.52: (-0.98, 0.18, -0.06)
767.58: (-0.98, 0.19, -0.07)
767.58: (0.99, -0.02, 0.10): 1
767.63: (-0.98, 0.19, -0.07)
767.73: (-0.98, 0.19, -0.08)
767.83: (-0.98, 0.19, -0.08)
767.95: (-0.98, 0.17, -0.06)
768.07: (-0.99, 0.17, -0.04)
768.18: (-0.99, 0.16, 0.02)
768.30: (-0.97, -0.13, 0.18)
768.42: (-0.78, -0.55, 0.30)
768.52: (-0.67, -0.69, 0.30)
768.62: (-0.66, -0.71, 0.23)
768.73: (-0.66, -0.71, 0.23)
768.83: (-0.65, -0.72, 0.24)
768.95: (-0.21, -0.88, 0.42)
769.07: (0.23, -0.90, 0.38)
769.17: (0.17, -0.94, 0.30)
769.27: (0.17, -0.94, 0.30)
769.38: (0.22, -0.92, 0.32)
769.50: (0.65, -0.69, 0.31)
769.62: (0.82, -0.52, 0.23)
769.73: (0.81, -0.56, 0.20)
769.83: (0.81, -0.56, 0.20)
769.95: (0.94, -0.26, 0.22)
770.07: (0.98, -0.04, 0.18)
770.17: (0.98, -0.15, 0.16)
770.27: (0.95, -0.27, 0.14)
770.38: (0.96, -0.25, 0.14)
770.50: (0.99, -0.01, 0.13)
770.58: (0.99, 0.06, 0.14)
770.58: (0.57, 0.17, -0.80): 1
770.62: (0.99, 0.06, 0.15)
770.72: (0.99, 0.05, 0.14)
770.82: (0.99, 0.05, 0.14)
770.93: (0.99, 0.00, 0.11)
771.05: (0.99, -0.01, 0.10)
771.15: (0.99, 0.10, 0.06)
771.27: (1.00, -0.05, -0.04)
771.38: (0.94, -0.34, -0.07)
771.50: (0.84, -0.54, 0.00)
771.60: (0.90, -0.39, -0.16)
771.72: (0.90, 0.19, -0.40)
771.82: (0.53, 0.64, -0.56)
771.93: (0.54, 0.61, -0.57)
772.05: (0.54, 0.61, -0.57)
772.15: (0.52, 0.59, -0.61)
772.27: (0.52, 0.30, -0.80)
772.38: (0.53, 0.26, -0.80)
772.48: (0.54, 0.31, -0.78)
772.55: (0.54, 0.32, -0.78)
772.55: (-1.00, -0.05, -0.01): 0
772.60: (0.54, 0.32, -0.78)
772.72: (0.54, 0.31, -0.78)
772.83: (0.57, 0.19, -0.80)
772.95: (0.65, 0.07, -0.76)
773.07: (0.66, 0.10, -0.75)
773.18: (0.67, 0.04, -0.74)
773.28: (0.78, -0.42, -0.46)
773.40: (0.71, -0.66, -0.23)
773.52: (0.71, -0.66, -0.23)
773.63: (0.73, -0.65, -0.23)
773.75: (0.45, -0.88, 0.13)
773.85: (0.15, -0.86, 0.50)
773.97: (0.11, -0.89, 0.44)
774.08: (0.11, -0.89, 0.44)
774.18: (0.11, -0.89, 0.44)
774.30: (-0.16, -0.74, 0.65)
774.42: (-0.43, -0.34, 0.84)
774.53: (-0.47, -0.28, 0.84)
774.65: (-0.61, 0.20, 0.77)
774.75: (-0.61, 0.54, 0.58)
774.87: (-0.58, 0.65, 0.49)
774.98: (-0.58, 0.65, 0.49)
775.10: (-0.42, 0.87, 0.26)
775.20: (-0.46, 0.88, -0.12)
775.32: (-0.45, 0.67, -0.59)
775.43: (-0.10, 0.57, -0.82)
775.55: (0.32, 0.34, -0.89)
775.65: (0.54, -0.04, -0.84)
775.77: (0.72, -0.28, -0.63)
775.88: (0.73, -0.29, -0.62)
776.00: (0.73, -0.29, -0.62)
776.12: (0.74, -0.46, -0.49)
776.23: (0.66, -0.74, -0.10)
776.33: (0.40, -0.92, -0.03)
776.45: (0.22, -0.97, -0.09)
776.57: (0.16, -0.96, -0.22)
776.68: (0.27, -0.95, -0.15)
776.80: (0.78, -0.61, 0.13)
776.92: (0.92, -0.17, 0.37)
777.03: (0.85, 0.05, 0.52)
777.15: (0.85, 0.05, 0.52)
777.27: (0.86, 0.11, 0.49)
777.38: (0.78, 0.60, 0.15)
777.50: (0.65, 0.73, -0.22)
777.62: (0.57, 0.72, -0.39)
777.73: (0.42, 0.56, -0.72)
777.83: (0.27, 0.46, -0.85)
777.95: (0.11, 0.31, -0.94)
778.07: (-0.08, -0.15, -0.98)
778.18: (-0.19, -0.59, -0.79)
778.30: (-0.22, -0.90, -0.38)
778.42: (-0.02, -0.99, 0.14)
778.53: (0.06, -1.00, 0.07)
778.65: (0.06, -1.00, 0.07)
778.77: (-0.03, -0.98, 0.19)
778.88: (-0.03, -0.48, 0.87)
779.00: (0.07, -0.26, 0.96)
779.10: (0.33, -0.15, 0.93)
779.22: (0.58, 0.07, 0.81)
779.33: (0.64, 0.36, 0.68)
779.45: (0.50, 0.68, 0.54)
779.55: (0.51, 0.70, 0.49)
779.67: (0.51, 0.70, 0.49)
779.78: (0.54, 0.68, 0.50)
779.90: (0.21, 0.98, 0.05)
780.02: (0.01, 0.94, -0.35)
780.13: (0.08, 0.82, -0.57)
780.25: (0.10, 0.57, -0.81)
780.37: (-0.28, 0.12, -0.95)
780.47: (-0.47, 0.03, -0.88)
780.58: (-0.47, 0.03, -0.88)
780.70: (-0.47, 0.03, -0.88)
780.81: (-0.66, -0.47, -0.59)
780.91: (-0.45, -0.86, -0.23)
781.03: (-0.13, -0.91, -0.39)
781.15: (0.36, -0.82, -0.45)
781.25: (0.64, -0.55, -0.54)
781.36: (0.78, -0.34, -0.53)
781.48: (0.84, -0.02, -0.54)
781.58: (0.84, 0.23, -0.49)
781.70: (0.80, 0.43, -0.42)
781.81: (0.80, 0.17, -0.58)
781.93: (0.20, -0.76, -0.62)
782.05: (-0.75, -0.67, -0.02)
782.15: (-0.91, -0.34, 0.21)
782.26: (-0.92, -0.32, 0.21)
782.38: (-0.92, -0.32, 0.21)
782.50: (-0.97, -0.18, 0.17)
782.61: (-1.00, -0.04, 0.05)
782.73: (-1.00, -0.06, 0.01)
782.75: (-1.00, -0.06, 0.01)
782.75: (-0.50, 0.09, 0.86): 1
782.85: (-1.00, -0.06, 0.01)
782.96: (-1.00, -0.06, 0.01)
783.08: (-0.98, -0.15, -0.09)
783.20: (-0.47, -0.29, -0.83)
783.31: (0.47, 0.53, -0.70)
783.43: (0.67, 0.74, 0.01)
783.53: (0.67, 0.74, 0.01)
783.65: (0.67, 0.74, 0.00)
783.76: (0.47, 0.39, 0.79)
783.88: (0.04, -0.30, 0.95)
783.98: (0.04, -0.32, 0.95)
784.08: (0.05, -0.32, 0.95)
784.20: (-0.26, -0.80, 0.55)
784.31: (-0.17, -0.97, -0.17)
784.43: (0.54, -0.73, -0.43)
784.53: (0.83, -0.50, -0.26)
784.63: (0.86, -0.50, -0.07)
784.75: (0.46, -0.87, 0.17)
784.86: (-0.81, -0.58, 0.10)
784.98: (-1.00, -0.10, 0.02)
785.08: (-0.99, 0.17, -0.03)
785.20: (-0.94, 0.33, -0.01)
785.31: (-0.68, 0.54, 0.49)
785.43: (-0.02, 0.36, 0.93)
785.55: (0.50, -0.10, 0.86)
785.65: (0.61, -0.39, 0.69)
785.75: (0.22, -0.39, 0.90)
785.86: (-0.13, -0.19, 0.97)
785.98: (-0.43, -0.15, 0.89)
786.08: (-0.44, -0.10, 0.89)
786.20: (-0.44, 0.02, 0.90)
786.26: (-0.41, 0.10, 0.91)
786.26: (-0.98, 0.02, 0.19): 0
786.30: (-0.42, 0.10, 0.90)
786.41: (-0.44, 0.10, 0.89)
786.53: (-0.47, 0.08, 0.88)
786.65: (-0.94, -0.19, 0.28)
786.76: (-0.95, -0.13, -0.27)
786.88: (-0.83, 0.26, -0.50)
786.98: (-0.95, 0.28, -0.15)
787.10: (-0.93, -0.02, 0.36)
787.20: (-0.90, -0.05, 0.42)
787.31: (-0.91, -0.05, 0.41)
787.41: (-0.96, 0.00, 0.26)
787.46: (-0.99, 0.00, 0.14)
787.46: (0.84, 0.49, -0.23): 1
787.51: (-0.99, 0.00, 0.12)
787.63: (-0.99, 0.00, 0.12)
787.73: (-0.99, 0.00, 0.13)
787.85: (-0.99, -0.03, 0.15)
787.95: (-0.90, -0.42, 0.13)
788.05: (-0.35, -0.93, 0.06)
788.16: (-0.13, -0.99, 0.06)
788.28: (-0.17, -0.98, 0.06)
788.40: (-0.26, -0.96, 0.08)
788.51: (-0.34, -0.69, -0.64)
788.63: (-0.31, 0.08, -0.95)
788.75: (-0.63, 0.52, -0.58)
788.86: (-0.99, 0.16, 0.05)
788.98: (-0.62, -0.36, 0.69)
789.10: (-0.21, -0.64, 0.74)
789.21: (-0.09, -0.88, 0.46)
789.33: (0.03, -1.00, 0.07)
789.43: (0.25, -0.93, -0.25)
789.55: (0.01, -0.64, -0.76)
789.66: (-0.55, -0.27, -0.79)
789.76: (-0.90, 0.19, -0.38)
789.88: (-0.69, 0.63, 0.35)
790.00: (-0.04, 0.69, 0.72)
790.11: (0.63, 0.31, 0.72)
790.21: (0.75, 0.01, 0.66)
790.33: (0.75, -0.25, 0.62)
790.45: (0.46, -0.56, 0.68)
790.56: (0.23, -0.77, 0.60)
790.68: (0.04, -0.85, 0.53)
790.80: (-0.15, -0.93, 0.35)
790.91: (0.09, -1.00, -0.05)
791.03: (0.40, -0.89, -0.21)
791.15: (0.51, -0.62, -0.60)
791.26: (0.52, -0.43, -0.74)
791.38: (0.37, -0.47, -0.80)
791.50: (0.00, -0.50, -0.87)
791.61: (-0.24, -0.42, -0.87)
791.71: (-0.41, -0.35, -0.84)
791.83: (-0.42, -0.16, -0.89)
791.95: (-0.04, 0.12, -0.99)
792.06: (0.46, 0.44, -0.77)
792.18: (0.68, 0.53, -0.50)
792.30: (0.78, 0.59, -0.20)
792.41: (0.81, 0.58, -0.10)
792.53: (0.82, 0.52, -0.25)
792.60: (0.82, 0.50, -0.29)
792.60: (0.41, -0.72, 0.56): 0
792.63: (0.82, 0.50, -0.29)
792.75: (0.82, 0.50, -0.29)
792.86: (0.80, 0.51, -0.31)
792.98: (0.80, 0.51, -0.31)
793.10: (0.80, 0.51, -0.31)
793.21: (0.49, 0.70, -0.52)
793.33: (-0.24, 0.94, -0.25)
793.45: (-0.61, 0.75, 0.26)
793.56: (-0.61, 0.38, 0.69)
793.68: (-0.29, 0.13, 0.95)
793.78: (0.07, 0.03, 1.00)
793.90: (0.32, -0.10, 0.94)
794.01: (0.32, -0.11, 0.94)
794.11: (0.32, -0.11, 0.94)
794.23: (0.32, -0.11, 0.94)
794.35: (0.37, -0.43, 0.82)
794.46: (0.40, -0.67, 0.63)
794.58: (0.39, -0.68, 0.62)
794.60: (0.39, -0.68, 0.62)
794.60: (-0.78, 0.14, 0.61): 1
794.70: (0.40, -0.68, 0.62)
794.81: (0.38, -0.68, 0.63)
794.93: (0.00, -0.54, 0.84)
795.03: (-0.66, -0.15, 0.74)
795.15: (-0.84, 0.42, 0.35)
795.25: (-0.24, 0.96, 0.18)
795.36: (-0.24, 0.88, 0.40)
795.46: (-0.67, 0.29, 0.68)
795.58: (-0.68, 0.01, 0.73)
795.70: (-0.68, -0.06, 0.73)
795.80: (-0.79, 0.06, 0.61)
795.86: (-0.81, 0.12, 0.57)
795.86: (0.87, -0.31, 0.39): 2
795.91: (-0.83, 0.16, 0.53)
796.03: (-0.82, 0.16, 0.55)
796.15: (-0.83, -0.29, 0.48)
796.26: (-0.52, -0.83, -0.20)
796.38: (0.22, -0.76, -0.61)
796.50: (0.58, -0.62, -0.53)
796.60: (0.54, -0.69, -0.48)
796.71: (0.54, -0.69, -0.48)
796.83: (0.78, -0.35, -0.52)
796.95: (0.79, 0.45, -0.41)
797.06: (0.42, 0.76, -0.49)
797.18: (-0.20, 0.67, -0.72)
797.30: (-0.53, 0.76, -0.38)
797.41: (-0.20, 0.95, -0.26)
797.53: (0.18, 0.74, -0.65)
797.64: (0.09, 0.66, -0.75)
797.76: (-0.38, 0.89, -0.24)
797.86: (-0.36, 0.82, 0.44)
797.98: (-0.11, 0.60, 0.79)
798.09: (0.34, 0.39, 0.85)
798.19: (0.47, -0.02, 0.88)
798.31: (0.49, -0.60, 0.63)
798.41: (0.66, -0.68, 0.32)
798.51: (0.90, -0.38, 0.22)
798.63: (0.89, -0.20, 0.40)
798.75: (0.86, -0.27, 0.42)
798.83: (0.84, -0.36, 0.40)
798.83: (0.91, -0.03, 0.42): 0
798.86: (0.83, -0.39, 0.40)
798.98: (0.82, -0.37, 0.44)
799.09: (0.47, -0.20, 0.86)
799.19: (0.30, -0.09, 0.95)
799.30: (0.74, -0.11, 0.67)
799.41: (0.79, -0.10, 0.61)
799.49: (0.85, -0.11, 0.51)
799.49: (0.81, -0.55, -0.21): 2
799.53: (0.84, -0.10, 0.53)
799.64: (0.86, -0.05, 0.51)
799.76: (0.82, 0.01, 0.58)
799.88: (0.59, 0.16, 0.79)
799.98: (0.25, 0.30, 0.92)
800.09: (-0.39, 0.70, 0.60)
800.21: (-0.16, 0.97, -0.17)
800.31: (-0.03, 0.88, -0.48)
800.41: (-0.04, 0.70, -0.72)
800.53: (-0.15, 0.40, -0.91)
800.64: (-0.17, -0.11, -0.98)
800.76: (-0.32, -0.59, -0.75)
800.88: (-0.66, -0.73, -0.15)
800.99: (-0.60, -0.41, 0.69)
801.11: (-0.14, 0.02, 0.99)
801.23: (0.03, 0.09, 1.00)
801.33: (0.03, 0.09, 1.00)
801.44: (0.03, 0.09, 1.00)
801.56: (0.20, 0.40, 0.89)
801.68: (0.47, 0.88, 0.01)
801.79: (0.61, 0.60, -0.52)
801.91: (0.92, 0.14, -0.37)
802.01: (0.87, -0.38, -0.31)
802.11: (0.63, -0.66, -0.41)
802.23: (0.61, -0.71, -0.35)
802.34: (0.82, -0.56, -0.11)
802.41: (0.84, -0.54, -0.06)
802.41: (-0.16, 0.69, -0.71): 2
802.46: (0.84, -0.54, -0.05)
802.56: (0.84, -0.54, -0.08)
802.68: (0.77, -0.57, -0.28)
802.79: (0.70, -0.63, -0.33)
802.89: (0.52, -0.81, -0.28)
803.01: (-0.10, -0.94, -0.33)
803.13: (-0.35, -0.90, -0.25)
803.23: (-0.35, -0.90, -0.25)
803.34: (-0.35, -0.90, -0.25)
803.46: (-0.68, -0.72, -0.14)
803.58: (-0.91, 0.39, 0.14)
803.69: (-0.71, 0.62, 0.34)
803.81: (-0.71, 0.62, 0.34)
803.93: (-0.41, 0.89, 0.18)
804.04: (0.22, 0.89, -0.40)
804.16: (0.30, 0.62, -0.73)
804.26: (0.32, 0.26, -0.91)
804.38: (-0.08, 0.47, -0.88)
804.49: (-0.23, 0.71, -0.67)
804.59: (-0.20, 0.78, -0.59)
804.64: (-0.19, 0.78, -0.60)
804.64: (-0.78, 0.62, -0.08): 0
804.71: (-0.18, 0.77, -0.61)
804.83: (-0.14, 0.72, -0.67)
804.94: (0.00, 0.62, -0.78)
805.04: (0.07, 0.80, -0.59)
805.14: (-0.51, 0.83, -0.22)
805.26: (-0.79, 0.62, 0.01)
805.38: (-0.79, 0.62, -0.01)
805.48: (-0.78, 0.62, -0.08)
805.48: (-0.31, 0.23, -0.92): 0
805.49: (-0.78, 0.62, -0.08)
805.61: (-0.78, 0.62, -0.09)
805.73: (-0.69, 0.65, -0.32)
805.83: (-0.30, 0.66, -0.69)
805.94: (-0.03, 0.61, -0.79)
806.06: (-0.74, 0.15, -0.65)
806.18: (-0.85, -0.30, -0.43)
806.29: (-0.66, 0.02, -0.75)
806.39: (-0.56, 0.10, -0.82)
806.51: (-0.52, 0.13, -0.84)
806.63: (-0.51, 0.12, -0.85)
806.69: (-0.43, 0.16, -0.89)
806.69: (0.48, 0.87, 0.05): 2
806.74: (-0.36, 0.21, -0.91)
806.86: (-0.32, 0.25, -0.91)
806.98: (-0.26, 0.35, -0.90)
807.09: (-0.26, 0.35, -0.90)
807.19: (-0.26, 0.35, -0.90)
807.31: (-0.52, 0.28, -0.80)
807.43: (-0.83, -0.56, -0.04)
807.54: (-0.46, -0.76, 0.46)
807.64: (-0.07, -0.77, 0.63)
807.76: (0.39, -0.47, 0.79)
807.86: (0.40, -0.28, 0.87)
807.98: (0.32, -0.05, 0.95)
808.08: (0.22, 0.19, 0.96)
808.19: (0.15, 0.33, 0.93)
808.31: (0.15, 0.42, 0.89)
808.41: (0.26, 0.62, 0.74)
808.53: (0.58, 0.68, 0.45)
808.64: (0.81, 0.56, 0.14)
808.76: (0.76, 0.64, 0.14)
808.88: (0.53, 0.84, 0.14)
808.98: (0.44, 0.90, 0.05)
808.98: (-0.72, 0.61, -0.33): 0
808.99: (0.44, 0.90, 0.04)
809.11: (0.44, 0.90, 0.02)
809.23: (0.54, 0.83, 0.13)
809.34: (0.69, 0.70, 0.20)
809.44: (0.93, 0.36, 0.00)
809.56: (0.97, -0.26, 0.02)
809.68: (0.65, -0.76, 0.08)
809.78: (0.52, -0.86, 0.00)
809.89: (0.58, -0.81, -0.08)
810.01: (0.64, -0.76, 0.05)
810.13: (0.64, -0.76, 0.05)
810.24: (0.39, -0.87, -0.30)
810.34: (-0.07, -0.64, -0.76)
810.46: (-0.39, -0.31, -0.87)
810.58: (-0.66, -0.33, -0.68)
810.69: (-0.73, -0.54, -0.43)
810.81: (-0.62, -0.78, -0.08)
810.93: (-0.13, -0.94, 0.32)
811.04: (0.34, -0.82, 0.45)
811.16: (0.17, -0.89, 0.41)
811.26: (-0.15, -0.99, 0.03)
811.38: (-0.40, -0.57, -0.72)
811.49: (-0.33, 0.16, -0.93)
811.59: (-0.19, 0.48, -0.85)
811.71: (-0.13, 0.65, -0.75)
811.83: (-0.26, 0.71, -0.65)
811.94: (-0.62, 0.58, -0.54)
812.06: (-0.59, 0.67, -0.46)
812.18: (-0.62, 0.73, -0.28)
812.21: (-0.66, 0.72, -0.23)
812.21: (-0.84, 0.44, -0.32): 2
812.29: (-0.69, 0.69, -0.22)
812.41: (-0.74, 0.62, -0.25)
812.53: (-0.78, 0.57, -0.27)
812.61: (-0.85, 0.42, -0.31)
812.61: (0.19, 0.62, 0.76): 1
812.63: (-0.87, 0.39, -0.31)
812.73: (-0.87, 0.37, -0.31)
812.84: (-0.89, 0.35, -0.30)
812.96: (-0.94, 0.32, -0.12)
813.08: (-0.86, 0.35, 0.36)
813.19: (-0.82, 0.42, 0.37)
813.29: (-0.82, 0.42, 0.37)
813.41: (-0.81, 0.46, 0.37)
813.53: (0.03, 0.06, 1.00)
813.64: (0.87, -0.34, 0.36)
813.74: (0.96, -0.25, 0.10)
813.86: (0.95, -0.03, -0.30)
813.98: (0.73, 0.13, -0.67)
814.08: (0.69, 0.22, -0.69)
814.19: (0.64, 0.46, -0.62)
814.31: (0.46, 0.76, -0.46)
814.41: (0.26, 0.94, -0.22)
814.51: (0.16, 0.93, -0.33)
814.63: (-0.06, 0.54, -0.84)
814.74: (-0.07, -0.32, -0.95)
814.86: (-0.03, -0.76, -0.65)
814.98: (0.10, -0.98, -0.16)
815.09: (0.44, -0.88, 0.18)
815.21: (0.52, -0.85, -0.06)
815.31: (0.52, -0.85, -0.06)
815.41: (0.50, -0.87, 0.00)
815.53: (0.23, -0.53, 0.82)
815.64: (0.08, 0.13, 0.99)
815.76: (0.34, 0.42, 0.84)
815.87: (0.13, 0.63, 0.77)
815.97: (0.01, 0.57, 0.82)
816.09: (0.05, 0.50, 0.87)
816.12: (0.06, 0.51, 0.86)
816.12: (-0.82, -0.07, 0.57): 1
816.21: (0.07, 0.51, 0.85)
816.31: (0.08, 0.54, 0.84)
816.42: (0.11, 0.57, 0.82)
816.53: (-0.13, 0.47, 0.87)
816.64: (-0.68, 0.09, 0.73)
816.76: (-0.79, -0.44, 0.42)
816.87: (-0.76, -0.57, 0.31)
816.97: (-0.80, -0.27, 0.54)
817.07: (-0.78, -0.09, 0.61)
817.07: (1.00, -0.08, -0.03): 0
817.09: (-0.78, -0.09, 0.61)
817.21: (-0.78, -0.09, 0.62)
817.31: (-0.72, -0.10, 0.69)
817.42: (-0.31, -0.28, 0.91)
817.54: (0.44, -0.41, 0.80)
817.66: (0.87, -0.20, 0.44)
817.76: (0.97, 0.22, -0.11)
817.87: (0.75, 0.54, -0.39)
817.99: (0.95, 0.20, -0.26)
818.11: (0.99, -0.14, 0.03)
818.12: (0.99, -0.15, 0.03)
818.12: (0.22, -0.63, 0.75): 0
818.22: (0.99, -0.15, 0.03)
818.34: (0.99, 0.09, -0.10)
818.44: (0.76, 0.42, -0.49)
818.56: (0.18, 0.66, -0.73)
818.67: (-0.75, 0.63, -0.23)
818.79: (-0.88, 0.28, 0.38)
818.89: (-0.84, 0.02, 0.55)
819.01: (-0.75, -0.52, 0.42)
819.12: (-0.41, -0.90, -0.17)
819.22: (0.00, -0.75, -0.66)
819.34: (0.28, -0.22, -0.94)
819.46: (0.39, 0.10, -0.91)
819.56: (0.26, 0.46, -0.85)
819.67: (0.04, 0.72, -0.69)
819.77: (-0.21, 0.79, -0.57)
819.89: (-0.95, 0.22, -0.23)
820.01: (-0.76, -0.65, 0.11)
820.12: (0.10, -0.98, 0.16)
820.24: (0.38, -0.91, -0.14)
820.34: (0.56, -0.69, -0.46)
820.46: (0.77, 0.09, -0.63)
820.57: (0.88, 0.37, -0.31)
820.69: (0.81, 0.34, 0.47)
820.81: (0.61, 0.61, 0.51)
820.92: (0.33, 0.94, 0.10)
821.02: (0.15, 0.95, -0.28)
821.14: (-0.19, 0.80, -0.57)
821.24: (-0.60, 0.68, -0.42)
821.36: (-0.45, 0.87, -0.21)
821.47: (-0.32, 0.92, -0.24)
821.59: (-0.19, 0.93, -0.30)
821.69: (-0.69, 0.71, 0.14)
821.81: (-0.77, 0.29, 0.56)
821.92: (-0.47, 0.20, 0.86)
822.04: (-0.12, 0.11, 0.99)
822.14: (0.34, 0.00, 0.94)
822.26: (0.61, -0.08, 0.79)
822.37: (0.43, -0.33, 0.84)
822.47: (0.17, -0.56, 0.81)
822.59: (0.21, -0.58, 0.78)
822.66: (0.28, -0.59, 0.75)
822.66: (-0.31, 0.46, -0.83): 2
822.69: (0.28, -0.59, 0.75)
822.81: (0.23, -0.59, 0.77)
822.92: (-0.16, -0.30, 0.94)
823.04: (-0.65, -0.28, 0.71)
823.16: (-0.57, -0.65, 0.50)
823.26: (-0.38, -0.85, 0.37)
823.37: (-0.11, -0.95, -0.27)
823.49: (0.18, -0.79, -0.59)
823.61: (0.44, -0.62, -0.65)
823.71: (0.76, -0.48, -0.44)
823.82: (0.98, -0.21, 0.00)
823.94: (0.90, 0.13, 0.41)
824.04: (0.86, 0.44, 0.28)
824.16: (0.47, 0.79, -0.40)
824.27: (0.53, 0.57, -0.63)
824.37: (0.53, 0.57, -0.63)
824.49: (0.53, 0.57, -0.63)
824.59: (0.48, 0.55, -0.68)
824.71: (-0.02, 0.61, -0.79)
824.82: (-0.11, 0.55, -0.83)
824.94: (-0.20, 0.44, -0.87)
824.99: (-0.28, 0.43, -0.86)
824.99: (1.00, 0.05, 0.07): 2
825.06: (-0.31, 0.45, -0.84)
825.17: (-0.39, 0.48, -0.78)
825.29: (-0.51, 0.40, -0.76)
825.41: (-0.66, -0.27, -0.70)
825.51: (-0.65, -0.60, -0.47)
825.62: (-0.26, -0.86, -0.45)
825.74: (0.52, -0.61, -0.61)
825.86: (0.65, -0.51, -0.57)
825.97: (-0.10, -0.67, -0.74)
826.07: (-0.77, -0.46, -0.44)
826.19: (-0.92, -0.23, 0.32)
826.31: (-0.38, 0.02, 0.93)
826.42: (0.13, 0.14, 0.98)
826.54: (0.24, 0.55, 0.80)
826.66: (-0.10, 0.94, 0.34)
826.77: (-0.36, 0.92, 0.12)
826.89: (-0.52, 0.82, 0.24)
827.01: (-0.72, 0.38, 0.59)
827.12: (-0.20, 0.04, 0.98)
827.24: (0.61, 0.14, 0.78)
827.34: (0.78, -0.01, 0.63)
827.46: (0.78, -0.01, 0.63)
827.57: (0.61, -0.10, 0.79)
827.69: (0.83, -0.22, 0.51)
827.79: (0.96, -0.05, 0.29)
827.91: (0.98, -0.05, 0.18)
827.99: (1.00, 0.03, 0.00)
827.99: (0.83, -0.54, -0.14): 0
828.01: (1.00, 0.04, -0.04)
828.12: (1.00, 0.04, -0.04)
828.24: (0.97, -0.22, -0.12)
828.36: (0.57, -0.79, -0.23)
828.47: (0.73, -0.67, -0.17)
828.59: (0.87, -0.48, -0.14)
828.59: (0.92, 0.22, -0.32): 2
828.59: (0.87, -0.48, -0.14)
828.69: (0.86, -0.48, -0.15)
828.81: (0.76, -0.64, -0.09)
828.91: (0.82, -0.57, 0.02)
829.02: (0.99, 0.06, -0.14)
829.14: (0.89, 0.39, -0.22)
829.26: (0.90, 0.38, -0.23)
829.37: (0.92, 0.27, -0.29)
829.39: (0.92, 0.24, -0.31)
829.39: (0.91, -0.14, 0.40): 2
829.47: (0.91, 0.20, -0.35)
829.59: (0.92, 0.17, -0.35)
829.71: (0.99, -0.09, 0.11)
829.82: (0.88, -0.15, 0.46)
829.87: (0.87, -0.14, 0.47)
829.87: (-0.16, 0.29, 0.94): 0
829.94: (0.87, -0.14, 0.47)
830.06: (0.92, -0.10, 0.37)
830.17: (0.89, -0.13, 0.43)
830.29: (0.65, -0.26, 0.72)
830.41: (-0.19, -0.58, 0.79)
830.52: (-0.58, -0.34, 0.74)
830.64: (-0.82, 0.09, 0.56)
830.74: (-0.83, 0.55, 0.08)
830.86: (-0.80, 0.51, -0.30)
830.96: (-0.87, 0.18, -0.47)
831.07: (-0.87, 0.49, 0.07)
831.17: (-0.34, 0.65, 0.68)
831.29: (-0.04, 0.60, 0.80)
831.41: (0.08, 0.48, 0.87)
831.52: (-0.10, 0.28, 0.95)
831.59: (-0.23, 0.19, 0.95)
831.59: (1.00, 0.00, 0.09): 2
831.62: (-0.24, 0.18, 0.95)
831.74: (-0.31, 0.22, 0.92)
831.85: (-0.80, 0.45, 0.39)
831.97: (-0.79, 0.37, -0.48)
832.09: (-0.07, 0.00, -1.00)
832.19: (0.52, -0.19, -0.83)
832.30: (0.70, -0.42, -0.58)
832.41: (0.73, -0.61, -0.30)
832.52: (0.73, -0.61, -0.30)
832.64: (0.73, -0.61, -0.31)
832.75: (0.98, -0.16, -0.08)
832.85: (1.00, 0.10, -0.02)
832.95: (1.00, -0.04, 0.05)
833.04: (0.97, -0.19, 0.14)
833.04: (-0.93, 0.20, 0.30): 1
833.06: (0.97, -0.19, 0.14)
833.17: (0.96, -0.21, 0.18)
833.29: (0.70, -0.20, 0.68)
833.40: (0.04, -0.23, 0.97)
833.52: (-0.69, -0.29, 0.66)
833.64: (-0.68, 0.22, 0.70)
833.74: (-0.31, 0.61, 0.73)
833.85: (-0.90, 0.33, 0.28)
833.97: (-0.98, 0.19, 0.12)
833.97: (0.91, -0.18, -0.38): 2
833.97: (-0.98, 0.19, 0.12)
834.07: (-0.97, 0.21, 0.12)
834.19: (-0.92, 0.30, 0.24)
834.30: (-0.91, 0.31, 0.28)
834.40: (-0.46, 0.20, 0.86)
834.52: (0.51, -0.30, 0.80)
834.64: (0.96, -0.02, 0.27)
834.75: (1.00, 0.08, -0.06)
834.87: (0.57, -0.44, -0.69)
834.99: (0.53, -0.67, -0.52)
835.10: (0.86, -0.33, -0.39)
835.17: (0.88, -0.29, -0.37)
835.17: (0.42, -0.91, 0.00): 0
835.20: (0.89, -0.29, -0.37)
835.30: (0.90, -0.27, -0.35)
835.42: (0.70, -0.53, -0.48)
835.54: (-0.37, -0.82, -0.43)
835.65: (-0.86, -0.51, -0.05)
835.77: (-0.98, 0.03, -0.21)
835.89: (-0.84, 0.47, -0.27)
835.99: (-0.55, 0.76, -0.35)
836.10: (-0.49, 0.87, -0.01)
836.20: (-0.31, 0.77, 0.56)
836.32: (-0.11, 0.35, 0.93)
836.42: (-0.01, -0.04, 1.00)
836.54: (0.08, -0.51, 0.86)
836.65: (-0.06, -0.44, 0.90)
836.75: (-0.08, -0.41, 0.91)
836.87: (-0.08, -0.41, 0.91)
836.99: (0.29, -0.76, 0.57)
837.09: (0.24, -0.97, 0.05)
837.20: (-0.52, -0.85, 0.08)
837.32: (-0.60, -0.80, 0.03)
837.44: (0.07, -0.99, 0.08)
837.54: (0.24, -0.96, 0.13)
837.65: (0.23, -0.97, 0.11)
837.77: (0.40, -0.92, -0.02)
837.82: (0.52, -0.86, -0.05)
837.82: (0.67, 0.74, 0.06): 2
837.89: (0.53, -0.84, -0.06)
838.00: (0.62, -0.73, -0.29)
838.12: (0.73, -0.50, -0.46)
838.24: (0.70, 0.47, -0.53)
838.35: (0.50, 0.81, -0.32)
838.45: (0.54, 0.84, 0.00)
838.57: (0.57, 0.81, 0.14)
838.67: (0.58, 0.80, 0.15)
838.67: (0.80, -0.29, 0.53): 0
838.69: (0.58, 0.80, 0.15)
838.80: (0.62, 0.78, 0.08)
838.92: (0.74, 0.66, -0.15)
839.04: (0.86, 0.22, -0.46)
839.15: (0.64, -0.60, -0.49)
839.27: (0.13, -0.97, 0.19)
839.37: (-0.14, -0.55, 0.82)
839.49: (-0.09, -0.17, 0.98)
839.60: (-0.19, 0.10, 0.98)
839.72: (-0.47, 0.44, 0.76)
839.84: (-0.54, 0.70, 0.47)
839.94: (-0.52, 0.86, -0.04)
840.05: (-0.68, 0.51, -0.53)
840.17: (-0.77, -0.27, -0.58)
840.29: (-0.55, -0.83, -0.13)
840.40: (-0.02, -0.94, 0.35)
840.52: (0.43, -0.75, 0.50)
840.64: (0.75, -0.62, 0.24)
840.74: (0.89, -0.34, -0.29)
840.85: (0.77, -0.32, -0.56)
840.95: (0.77, -0.32, -0.56)
841.05: (0.81, -0.58, 0.03)
841.17: (0.68, -0.61, 0.41)
841.29: (0.67, -0.53, 0.53)
841.40: (0.80, -0.29, 0.52)
841.44: (0.82, -0.22, 0.52)
841.44: (0.17, 0.78, -0.61): 1
841.52: (0.84, -0.17, 0.52)
841.64: (0.79, -0.39, 0.48)
841.75: (0.51, -0.71, 0.49)
841.87: (-0.18, -0.98, -0.01)
841.99: (-0.63, -0.70, -0.34)
842.09: (-0.86, -0.33, -0.39)
842.20: (-0.98, 0.02, -0.18)
842.32: (-0.91, 0.16, 0.38)
842.44: (-0.48, 0.27, 0.83)
842.55: (0.22, 0.12, 0.97)
842.65: (0.65, 0.19, 0.74)
842.75: (0.69, 0.48, 0.53)
842.87: (0.52, 0.86, 0.00)
842.99: (0.36, 0.85, -0.39)
843.10: (0.59, 0.49, -0.64)
843.20: (0.66, 0.28, -0.69)
843.32: (0.51, 0.45, -0.73)
843.44: (0.33, 0.57, -0.75)
843.55: (0.24, 0.65, -0.72)
843.65: (0.22, 0.72, -0.66)
843.65: (-0.79, -0.41, 0.46): 2
843.67: (0.22, 0.72, -0.66)
843.79: (0.24, 0.72, -0.65)
843.89: (0.28, 0.72, -0.64)
844.00: (0.35, 0.69, -0.64)
844.12: (0.35, 0.69, -0.64)
844.24: (0.38, 0.66, -0.65)
844.35: (0.65, 0.45, -0.61)
844.47: (0.83, 0.24, -0.50)
844.59: (0.95, -0.07, -0.32)
844.70: (0.77, -0.55, -0.33)
844.82: (0.63, -0.75, -0.19)
844.94: (0.67, -0.71, -0.21)
845.04: (0.67, -0.71, -0.21)
845.15: (0.52, -0.84, -0.19)
845.27: (-0.02, -0.98, -0.17)
845.37: (-0.29, -0.94, -0.16)
845.49: (-0.51, -0.86, 0.02)
845.60: (-0.59, -0.69, 0.42)
845.72: (-0.33, -0.53, 0.78)
845.82: (-0.15, -0.34, 0.93)
845.94: (0.04, -0.44, 0.90)
846.04: (0.04, -0.44, 0.90)
846.14: (0.04, -0.48, 0.88)
846.25: (-0.36, -0.65, 0.67)
846.35: (-0.58, -0.56, 0.59)
846.47: (-0.72, -0.43, 0.54)
846.57: (-0.76, -0.41, 0.51)
846.57: (-0.21, 0.84, 0.50): 0
846.59: (-0.76, -0.41, 0.51)
846.70: (-0.76, -0.41, 0.51)
846.82: (-0.74, -0.43, 0.53)
846.94: (-0.59, -0.57, 0.57)
847.04: (-0.71, -0.62, 0.34)
847.14: (-0.96, -0.22, -0.16)
847.25: (-0.88, 0.03, -0.47)
847.37: (-0.66, 0.05, -0.75)
847.47: (-0.40, 0.28, -0.87)
847.59: (-0.55, 0.51, -0.66)
847.69: (-0.72, 0.64, -0.26)
847.80: (-0.69, 0.70, 0.16)
847.92: (-0.35, 0.93, 0.14)
848.04: (0.05, 1.00, -0.08)
848.15: (0.00, 0.97, 0.25)
848.27: (-0.17, 0.80, 0.58)
848.38: (-0.26, 0.73, 0.63)
848.50: (-0.28, 0.79, 0.55)
848.57: (-0.26, 0.83, 0.49)
848.57: (0.60, -0.80, 0.06): 2
848.62: (-0.26, 0.83, 0.49)
848.72: (-0.26, 0.83, 0.50)
848.82: (-0.29, 0.71, 0.64)
848.92: (-0.49, 0.56, 0.67)
849.04: (-0.65, 0.47, 0.59)
849.15: (-0.65, 0.47, 0.59)
849.27: (-0.75, 0.44, 0.50)
849.38: (-0.42, 0.52, 0.75)
849.48: (-0.05, 0.55, 0.83)
849.60: (-0.32, 0.22, 0.92)
849.72: (-0.56, -0.09, 0.83)
849.83: (-0.60, -0.20, 0.77)
849.93: (-0.37, -0.34, 0.87)
850.05: (0.55, -0.30, 0.78)
850.15: (0.57, -0.46, 0.68)
850.27: (0.54, -0.72, 0.43)
850.38: (0.35, -0.70, 0.62)
850.50: (-0.23, -0.51, 0.83)
850.60: (-0.27, -0.45, 0.85)
850.70: (0.12, -0.76, 0.64)
850.82: (0.37, -0.85, 0.38)
850.93: (0.55, -0.82, 0.18)
851.05: (0.73, -0.68, -0.08)
851.17: (0.75, -0.66, -0.08)
851.27: (0.69, -0.72, -0.03)
851.35: (0.59, -0.81, -0.01)
851.35: (-0.68, 0.01, -0.73): 0
851.38: (0.58, -0.81, -0.01)
851.50: (0.58, -0.81, 0.02)
851.62: (0.63, -0.60, 0.49)
851.72: (0.65, -0.01, 0.76)
851.83: (0.53, 0.48, 0.70)
851.95: (0.33, 0.77, 0.55)
852.07: (0.10, 0.94, 0.31)
852.18: (-0.39, 0.91, 0.15)
852.30: (-0.73, 0.46, 0.51)
852.40: (-0.47, -0.07, 0.88)
852.52: (0.17, -0.67, 0.73)
852.63: (0.61, -0.79, 0.08)
852.75: (0.79, -0.49, -0.36)
852.87: (0.67, 0.35, -0.66)
852.97: (0.14, 0.93, -0.35)
853.08: (-0.49, 0.86, 0.18)
853.20: (-0.77, 0.49, 0.41)
853.32: (-0.86, -0.05, 0.52)
853.42: (-0.73, -0.53, 0.42)
853.53: (-0.44, -0.80, 0.40)
853.63: (0.01, -0.84, 0.54)
853.75: (0.52, -0.57, 0.64)
853.85: (0.52, -0.57, 0.64)
853.95: (0.50, -0.56, 0.66)
854.07: (0.46, -0.80, 0.39)
854.18: (0.29, -0.48, -0.83)
854.30: (-0.26, 0.16, -0.95)
854.42: (-0.76, -0.08, -0.65)
854.53: (-0.81, -0.54, -0.25)
854.65: (-0.81, -0.47, -0.36)
854.75: (-0.77, -0.26, -0.58)
854.87: (-0.76, -0.13, -0.64)
854.95: (-0.73, -0.04, -0.68)
854.95: (-0.98, 0.03, -0.19): 0
854.97: (-0.72, -0.01, -0.69)
855.08: (-0.68, 0.11, -0.72)
855.20: (-0.65, 0.20, -0.74)
855.32: (-0.88, 0.26, -0.39)
855.38: (-0.96, 0.12, -0.26)
855.38: (-0.97, 0.23, 0.11): 0
855.43: (-0.98, 0.04, -0.21)
855.53: (-0.99, -0.06, -0.16)
855.65: (-0.99, -0.05, -0.15)
855.75: (-0.98, 0.22, 0.01)
855.87: (-0.91, 0.38, 0.17)
855.88: (-0.91, 0.39, 0.16)
855.88: (-0.19, 0.46, 0.87): 0
855.98: (-0.91, 0.39, 0.17)
856.08: (-0.95, 0.26, 0.16)
856.20: (-0.97, 0.20, 0.14)
856.32: (-0.97, 0.19, 0.14)
856.43: (-0.99, 0.08, 0.07)
856.55: (-1.00, -0.09, -0.01)
856.67: (-0.95, -0.29, -0.08)
856.78: (-0.95, -0.31, -0.07)
856.88: (-0.91, -0.41, -0.07)
857.00: (-0.61, -0.76, -0.21)
857.10: (-0.19, -0.93, -0.31)
857.22: (0.40, -0.89, -0.23)
857.33: (0.83, -0.54, -0.15)
857.45: (0.96, -0.18, -0.21)
857.57: (0.87, -0.02, -0.49)
857.67: (0.62, 0.14, -0.77)
857.78: (0.08, 0.23, -0.97)
857.90: (-0.51, 0.22, -0.83)
858.02: (-0.88, 0.09, -0.47)
858.13: (-0.99, -0.13, 0.01)
858.25: (-0.83, -0.24, 0.50)
858.37: (-0.54, -0.13, 0.83)
858.48: (-0.12, 0.29, 0.95)
858.60: (0.27, 0.75, 0.61)
858.72: (0.23, 0.82, 0.53)
858.83: (0.04, 0.68, 0.73)
858.95: (-0.03, 0.59, 0.81)
859.07: (-0.09, 0.47, 0.88)
859.17: (-0.12, 0.41, 0.90)
859.20: (-0.12, 0.41, 0.90)
859.20: (-0.34, -0.72, 0.60): 1
859.28: (-0.12, 0.42, 0.90)
859.40: (-0.12, 0.42, 0.90)
859.52: (-0.43, 0.58, 0.69)
859.63: (-0.79, 0.62, -0.02)
859.73: (-0.73, 0.41, -0.54)
859.85: (-0.77, -0.05, -0.64)
859.97: (-0.85, -0.32, -0.42)
860.07: (-0.82, -0.57, 0.09)
860.18: (-0.29, -0.53, 0.80)
860.30: (0.46, 0.16, 0.87)
860.42: (0.55, 0.51, 0.66)
860.53: (0.35, 0.10, 0.93)
860.65: (0.08, -0.50, 0.86)
860.77: (-0.02, -0.63, 0.78)
860.88: (-0.22, -0.75, 0.62)
861.00: (-0.49, -0.79, 0.36)
861.12: (-0.50, -0.79, 0.35)
861.22: (-0.37, -0.74, 0.57)
861.27: (-0.33, -0.70, 0.63)
861.27: (-0.99, -0.14, 0.08): 2
861.33: (-0.32, -0.69, 0.65)
861.45: (-0.14, -0.58, 0.80)
861.57: (0.53, -0.11, 0.84)
861.68: (0.80, 0.49, 0.34)
861.80: (0.46, 0.84, -0.27)
861.92: (0.00, 0.70, -0.71)
862.03: (-0.22, 0.37, -0.90)
862.13: (-0.36, -0.02, -0.93)
862.25: (-0.45, -0.60, -0.66)
862.37: (-0.20, -0.95, -0.25)
862.48: (-0.07, -0.98, -0.20)
862.60: (-0.07, -0.98, -0.20)
862.70: (0.01, -0.93, -0.38)
862.82: (0.50, -0.83, -0.25)
862.92: (0.90, -0.40, 0.17)
863.03: (0.85, -0.21, 0.49)
863.15: (0.54, -0.40, 0.74)
863.25: (0.09, -0.52, 0.85)
863.37: (-0.45, -0.45, 0.77)
863.47: (-0.88, -0.19, 0.44)
863.58: (-0.93, 0.34, -0.11)
863.68: (-0.44, 0.73, -0.52)
863.80: (-0.41, 0.72, -0.56)
863.92: (-0.92, 0.36, -0.14)
864.02: (-0.99, 0.12, 0.06)
864.13: (-0.99, 0.09, 0.07)
864.25: (-0.98, -0.10, 0.16)
864.37: (-0.94, -0.24, 0.23)
864.37: (-0.99, 0.02, -0.14): 0
864.37: (-0.94, -0.24, 0.23)
864.48: (-0.94, -0.24, 0.23)
864.60: (-0.99, -0.12, 0.06)
864.72: (-0.98, 0.00, -0.17)
864.72: (-0.68, 0.20, 0.70): 2
864.72: (-0.98, 0.00, -0.17)
864.83: (-0.98, 0.02, -0.20)
864.95: (-0.92, 0.12, -0.36)
865.05: (-0.83, 0.27, -0.50)
865.15: (-0.68, 0.43, -0.59)
865.27: (-0.40, 0.73, -0.55)
865.38: (-0.26, 0.92, -0.28)
865.50: (-0.27, 0.96, 0.05)
865.61: (0.03, 0.87, 0.49)
865.73: (0.33, 0.35, 0.88)
865.83: (0.52, -0.25, 0.81)
865.95: (0.54, -0.68, 0.50)
866.06: (0.54, -0.67, 0.51)
866.18: (0.54, -0.67, 0.51)
866.30: (-0.09, 0.01, 1.00)
866.40: (-0.19, -0.08, 0.98)
866.51: (-0.17, -0.69, 0.70)
866.63: (-0.16, -0.82, 0.55)
866.75: (-0.57, -0.42, 0.70)
866.86: (-0.81, 0.20, 0.55)
866.96: (-0.83, 0.33, 0.44)
867.08: (-0.78, 0.32, 0.54)
867.18: (-0.69, 0.21, 0.69)
867.20: (-0.69, 0.20, 0.70)
867.20: (-0.44, 0.59, 0.68): 2
867.28: (-0.68, 0.20, 0.70)
867.40: (-0.62, 0.07, 0.78)
867.51: (-0.34, -0.35, 0.87)
867.63: (-0.38, 0.12, 0.92)
867.75: (-0.55, 0.51, 0.66)
867.80: (-0.55, 0.51, 0.66)
867.80: (-0.81, -0.19, 0.56): 2
867.86: (-0.56, 0.51, 0.66)
867.98: (-0.50, 0.53, 0.68)
868.10: (-0.15, 0.70, 0.70)
868.21: (0.09, 0.88, 0.47)
868.33: (-0.39, 0.85, 0.36)
868.45: (-0.58, 0.21, 0.79)
868.56: (-0.38, -0.11, 0.92)
868.66: (-0.34, -0.22, 0.92)
868.78: (-0.56, -0.19, 0.80)
868.90: (-0.78, -0.16, 0.61)
869.00: (-0.82, -0.16, 0.55)
869.00: (-0.53, -0.06, 0.85): 1
869.00: (-0.82, -0.16, 0.55)
869.11: (-0.82, -0.15, 0.55)
869.23: (-0.66, -0.14, 0.74)
869.35: (-0.24, 0.12, 0.96)
869.46: (-0.51, 0.02, 0.86)
869.58: (-0.60, -0.04, 0.80)
869.58: (-0.29, 0.45, -0.84): 0
869.58: (-0.60, -0.04, 0.80)
869.68: (-0.59, -0.04, 0.81)
869.80: (-0.39, -0.02, 0.92)
869.91: (-0.02, -0.03, 1.00)
870.03: (0.38, 0.03, 0.92)
870.13: (0.67, 0.03, 0.74)
870.23: (0.96, 0.03, 0.29)
870.35: (0.99, -0.04, -0.16)
870.46: (0.90, 0.07, -0.43)
870.58: (0.90, 0.07, -0.43)
870.70: (0.93, -0.04, -0.36)
870.81: (0.77, 0.61, -0.18)
870.91: (0.33, 0.93, 0.19)
871.03: (-0.24, 0.82, 0.52)
871.15: (-0.45, 0.48, 0.75)
871.26: (-0.40, -0.10, 0.91)
871.38: (0.01, -0.47, 0.88)
871.48: (0.33, -0.63, 0.70)
871.60: (0.44, -0.77, 0.46)
871.71: (0.33, -0.93, 0.17)
871.81: (0.04, -1.00, -0.02)
871.93: (-0.35, -0.94, -0.03)
872.05: (-0.72, -0.68, 0.09)
872.15: (-0.97, -0.25, 0.07)
872.25: (-1.00, 0.06, -0.02)
872.36: (-0.91, 0.32, -0.25)
872.48: (-0.70, 0.47, -0.54)
872.60: (-0.83, 0.27, -0.50)
872.70: (-0.92, 0.12, -0.38)
872.81: (-0.97, -0.01, -0.24)
872.93: (-0.84, 0.04, -0.54)
873.05: (-0.56, 0.19, -0.80)
873.16: (-0.39, 0.32, -0.87)
873.28: (-0.36, 0.37, -0.86)
873.31: (-0.33, 0.40, -0.86)
873.31: (0.98, -0.05, 0.20): 2
873.38: (-0.32, 0.42, -0.85)
873.48: (-0.29, 0.46, -0.84)
873.60: (0.08, 0.52, -0.85)
873.71: (0.40, 0.71, -0.58)
873.83: (0.39, 0.92, -0.02)
873.93: (0.46, 0.88, -0.13)
874.05: (0.70, 0.22, -0.68)
874.16: (0.60, -0.39, -0.70)
874.28: (0.42, -0.70, -0.58)
874.40: (0.13, -0.85, -0.51)
874.51: (-0.20, -0.80, -0.56)
874.63: (-0.42, -0.40, -0.82)
874.73: (-0.44, 0.07, -0.89)
874.85: (-0.40, 0.38, -0.84)
874.96: (-0.32, 0.75, -0.58)
875.08: (-0.20, 0.97, -0.17)
875.18: (0.02, 0.95, 0.30)
875.30: (0.09, 0.69, 0.72)
875.40: (-0.12, 0.53, 0.84)
875.51: (-0.45, 0.44, 0.78)
875.63: (-0.74, 0.32, 0.59)
875.75: (-0.58, 0.31, 0.76)
875.86: (0.00, 0.29, 0.96)
875.96: (0.58, 0.20, 0.79)
876.08: (0.98, -0.12, 0.18)
876.20: (0.81, -0.40, -0.43)
876.31: (0.81, -0.43, -0.40)
876.41: (0.97, -0.25, 0.00)
876.53: (0.95, -0.21, 0.24)
876.60: (0.94, -0.21, 0.25)
876.60: (-0.03, 1.00, 0.02): 1
876.65: (0.94, -0.21, 0.25)
876.76: (0.96, -0.24, 0.14)
876.86: (0.88, -0.45, -0.11)
876.98: (0.35, -0.89, -0.31)
877.10: (-0.14, -0.98, -0.14)
877.21: (-0.09, -0.87, 0.49)
877.33: (-0.06, -0.45, 0.89)
877.43: (-0.07, -0.28, 0.96)
877.55: (0.30, -0.23, 0.93)
877.65: (1.00, -0.02, -0.06)
877.76: (0.62, 0.16, -0.77)
877.86: (0.58, 0.20, -0.79)
877.98: (0.00, 0.01, -1.00)
878.10: (-0.45, -0.42, -0.79)
878.21: (-0.55, -0.81, -0.18)
878.31: (-0.32, -0.86, 0.40)
878.43: (0.05, -0.59, 0.81)
878.53: (-0.16, -0.27, 0.95)
878.63: (-0.55, 0.08, 0.83)
878.73: (-0.77, 0.45, 0.44)
878.85: (-0.70, 0.72, -0.06)
878.95: (-0.19, 0.94, -0.28)
879.06: (0.41, 0.91, -0.09)
879.16: (0.66, 0.74, 0.09)
879.28: (0.49, 0.85, 0.18)
879.38: (0.09, 0.99, 0.12)
879.48: (-0.09, 1.00, 0.01)
879.48: (0.81, 0.28, -0.51): 1
879.50: (-0.09, 1.00, 0.01)
879.60: (-0.09, 1.00, 0.01)
879.71: (0.01, 1.00, 0.07)
879.83: (0.22, 0.97, -0.10)
879.95: (0.32, 0.68, -0.66)
880.06: (0.18, 0.17, -0.97)
880.18: (-0.05, -0.37, -0.93)
880.28: (0.10, -0.45, -0.89)
880.40: (0.61, -0.05, -0.79)
880.51: (0.72, 0.20, -0.67)
880.63: (0.74, 0.36, -0.57)
880.65: (0.74, 0.37, -0.56)
880.65: (0.67, -0.55, 0.50): 2
880.73: (0.75, 0.38, -0.55)
880.85: (0.82, 0.30, -0.50)
880.96: (0.93, -0.01, -0.36)
881.08: (0.94, -0.33, -0.12)
881.18: (0.73, -0.68, 0.07)
881.30: (0.79, -0.59, -0.18)
881.40: (0.79, -0.59, -0.18)
881.50: (0.79, -0.59, -0.18)
881.61: (0.70, -0.66, 0.27)
881.73: (0.57, -0.65, 0.51)
881.83: (0.53, -0.63, 0.57)
881.83: (0.29, 0.95, 0.12): 0
881.83: (0.53, -0.63, 0.57)
881.95: (0.53, -0.63, 0.57)
882.06: (0.69, -0.48, 0.55)
882.18: (0.82, -0.14, 0.55)
882.30: (0.82, 0.31, 0.49)
882.41: (0.81, 0.59, 0.00)
882.51: (0.62, 0.46, -0.63)
882.63: (0.52, -0.08, -0.85)
882.75: (0.50, -0.83, -0.26)
882.86: (0.02, -0.90, 0.44)
882.98: (-0.55, -0.47, 0.69)
883.09: (-0.77, -0.15, 0.62)
883.21: (-0.92, -0.07, 0.39)
883.31: (-0.99, -0.13, 0.05)
883.43: (-0.84, -0.29, -0.46)
883.53: (-0.44, -0.46, -0.77)
883.63: (0.27, -0.55, -0.79)
883.74: (0.92, -0.19, -0.35)
883.86: (0.89, 0.42, 0.20)
883.98: (0.49, 0.77, 0.40)
884.09: (-0.15, 0.92, 0.35)
884.21: (-0.13, 0.98, 0.14)
884.33: (0.29, 0.96, -0.03)
884.43: (0.41, 0.91, -0.07)
884.54: (0.38, 0.93, 0.00)
884.64: (0.29, 0.95, 0.13)
884.68: (0.26, 0.95, 0.17)
884.68: (0.67, -0.12, 0.73): 1
884.74: (0.26, 0.95, 0.17)
884.86: (0.22, 0.96, 0.17)
884.98: (-0.11, 0.99, 0.07)
885.09: (-0.38, 0.92, -0.05)
885.19: (-0.23, 0.90, -0.36)
885.31: (0.24, 0.53, -0.81)
885.43: (0.47, -0.23, -0.86)
885.54: (0.29, -0.55, -0.78)
885.66: (0.17, -0.56, -0.81)
885.76: (0.17, -0.56, -0.81)
885.88: (0.17, -0.56, -0.81)
885.99: (0.25, -0.60, -0.76)
886.11: (-0.18, -0.88, -0.45)
886.23: (-0.22, -0.97, 0.05)
886.33: (-0.31, -0.95, 0.08)
886.44: (-0.61, -0.77, -0.20)
886.56: (-0.68, -0.16, -0.71)
886.68: (-0.45, 0.47, -0.76)
886.78: (-0.31, 0.86, -0.41)
886.89: (-0.28, 0.95, -0.15)
887.01: (-0.28, 0.95, -0.15)
887.11: (-0.27, 0.95, -0.17)
887.23: (0.08, 0.93, 0.36)
887.34: (0.57, 0.37, 0.74)
887.44: (0.63, 0.11, 0.77)
887.56: (0.41, -0.06, 0.91)
887.66: (0.42, -0.05, 0.91)
887.78: (0.66, -0.02, 0.75)
887.79: (0.68, -0.02, 0.73)
887.79: (0.14, -0.82, -0.55): 2
887.89: (0.69, -0.02, 0.73)
887.99: (0.62, -0.11, 0.78)
888.11: (0.28, -0.35, 0.89)
888.23: (-0.47, 0.13, 0.87)
888.34: (-0.67, 0.69, 0.29)
888.46: (-0.35, 0.93, -0.14)
888.58: (0.12, 0.95, -0.30)
888.69: (0.90, 0.44, 0.03)
888.81: (0.57, -0.52, 0.63)
888.91: (-0.29, -0.83, 0.48)
889.01: (-0.73, -0.67, 0.11)
889.13: (-0.91, -0.38, 0.15)
889.24: (-0.75, 0.45, 0.48)
889.36: (-0.21, 0.87, 0.45)
889.48: (0.18, 0.98, 0.13)
889.59: (0.22, 0.83, -0.51)
889.69: (0.02, 0.45, -0.89)
889.81: (-0.12, 0.01, -0.99)
889.91: (-0.19, -0.39, -0.90)
890.03: (-0.37, -0.78, -0.51)
890.14: (-0.51, -0.86, 0.00)
890.26: (-0.33, -0.94, -0.11)
890.38: (0.03, -0.91, -0.42)
890.49: (0.15, -0.87, -0.47)
890.49: (0.52, -0.42, -0.75): 0
890.49: (0.15, -0.87, -0.47)
890.59: (0.15, -0.87, -0.47)
890.71: (0.15, -0.84, -0.52)
890.83: (0.28, -0.70, -0.65)
890.93: (0.62, -0.26, -0.74)
891.04: (0.68, -0.11, -0.72)
891.16: (0.59, -0.38, -0.72)
891.24: (0.53, -0.47, -0.71)
891.24: (-0.26, -0.31, 0.91): 1
891.28: (0.53, -0.47, -0.71)
891.39: (0.55, -0.41, -0.73)
891.51: (0.56, -0.05, -0.83)
891.63: (0.48, 0.29, -0.83)
891.74: (0.09, 0.81, -0.58)
891.86: (-0.38, 0.92, 0.10)
891.96: (-0.79, 0.20, 0.58)
892.08: (-0.49, -0.85, 0.20)
892.19: (0.02, -0.76, -0.65)
892.29: (0.08, -0.21, -0.97)
892.39: (0.05, 0.47, -0.88)
892.51: (-0.02, 0.92, -0.38)
892.63: (0.00, 0.93, 0.36)
892.74: (0.34, 0.39, 0.85)
892.86: (0.83, -0.09, 0.55)
892.96: (0.95, -0.29, 0.14)
893.08: (0.79, -0.42, -0.44)
893.18: (0.40, -0.51, -0.76)
893.29: (0.27, -0.61, -0.74)
893.41: (0.17, -0.87, -0.47)
893.53: (0.17, -0.99, 0.03)
893.64: (0.44, -0.68, 0.59)
893.76: (0.72, 0.05, 0.69)
893.86: (0.64, 0.61, 0.46)
893.98: (0.37, 0.92, 0.11)
894.09: (-0.13, 0.81, -0.56)
894.21: (-0.36, 0.12, -0.93)
894.33: (-0.21, -0.62, -0.76)
894.44: (0.14, -0.92, -0.37)
894.54: (0.45, -0.89, 0.08)
894.66: (0.66, -0.59, 0.47)
894.78: (0.81, -0.05, 0.58)
894.89: (0.82, 0.48, 0.30)
895.01: (0.53, 0.80, -0.27)
895.13: (0.08, 0.80, -0.59)
895.23: (-0.36, 0.66, -0.66)
895.34: (-0.80, 0.35, -0.48)
895.46: (-0.97, 0.23, 0.09)
895.58: (-0.34, 0.40, 0.85)
895.69: (0.68, 0.39, 0.62)
895.81: (0.96, 0.21, -0.15)
895.93: (0.74, 0.06, -0.67)
896.03: (0.28, -0.04, -0.96)
896.14: (-0.38, -0.06, -0.92)
896.24: (-0.80, 0.03, -0.59)
896.34: (-0.96, 0.27, 0.01)
896.46: (-0.80, 0.57, 0.17)
896.58: (-0.80, 0.57, 0.17)
896.69: (-0.75, 0.59, 0.29)
896.79: (-0.57, 0.18, 0.81)
896.91: (-0.13, -0.24, 0.96)
897.03: (0.20, -0.45, 0.87)
897.14: (0.27, -0.48, 0.84)
897.24: (-0.01, -0.47, 0.88)
897.36: (-0.23, -0.43, 0.87)
897.41: (-0.30, -0.40, 0.87)
897.41: (1.00, 0.01, 0.03): 2
897.48: (-0.34, -0.38, 0.86)
897.59: (-0.39, -0.29, 0.87)
897.71: (-0.52, -0.04, 0.85)
897.83: (-0.63, 0.26, 0.73)
897.94: (-0.50, 0.21, 0.84)
898.04: (-0.19, -0.13, 0.97)
898.16: (0.14, -0.45, 0.88)
898.28: (0.51, -0.68, 0.53)
898.39: (0.44, -0.90, 0.01)
898.49: (0.28, -0.93, -0.24)
898.61: (-0.14, -0.89, -0.43)
898.73: (-0.52, -0.75, -0.40)
898.83: (-0.76, -0.50, -0.43)
898.94: (-0.71, -0.53, -0.47)
899.06: (-0.69, -0.56, -0.46)
899.16: (-0.69, -0.56, -0.46)
899.28: (-0.70, -0.50, -0.52)
899.39: (-0.67, 0.24, -0.70)
899.51: (-0.35, 0.82, -0.46)
899.61: (-0.20, 0.94, -0.26)
899.73: (0.04, 0.99, 0.14)
899.84: (0.17, 0.82, 0.54)
899.96: (0.25, 0.54, 0.80)
900.07: (0.51, 0.28, 0.82)
900.19: (0.74, 0.14, 0.66)
900.31: (0.86, 0.26, 0.45)
900.42: (0.85, 0.28, 0.45)
900.54: (0.85, 0.28, 0.45)
900.64: (0.88, 0.25, 0.39)
900.74: (0.99, -0.06, 0.14)
900.82: (0.98, -0.17, 0.05)
900.82: (-0.97, 0.01, 0.26): 0
900.86: (0.98, -0.17, 0.05)
900.97: (0.98, -0.15, 0.09)
901.09: (0.93, -0.05, 0.37)
901.19: (0.72, 0.21, 0.66)
901.29: (0.58, 0.32, 0.75)
901.41: (0.96, 0.08, 0.27)
901.52: (0.97, -0.16, -0.20)
901.64: (0.63, -0.64, -0.44)
901.76: (0.00, -0.98, -0.20)
901.87: (-0.43, -0.81, 0.41)
901.99: (-0.33, -0.76, 0.56)
902.11: (-0.29, -0.79, 0.54)
902.21: (-0.29, -0.79, 0.54)
902.32: (-0.23, -0.36, 0.90)
902.44: (0.37, 0.31, 0.88)
902.56: (0.80, 0.46, 0.38)
902.66: (1.00, 0.03, -0.03)
902.77: (0.66, -0.48, -0.57)
902.89: (-0.29, -0.74, -0.60)
903.01: (-0.75, -0.33, 0.56)
903.12: (-0.41, 0.04, 0.91)
903.24: (-0.41, 0.04, 0.91)
903.34: (-0.41, 0.04, 0.91)
903.46: (-0.73, 0.22, 0.64)
903.57: (-0.98, 0.13, 0.14)
903.69: (-1.00, -0.06, -0.04)
903.79: (-0.98, -0.16, 0.11)
903.87: (-0.97, -0.16, 0.18)
903.87: (-1.00, -0.07, 0.05): 1
903.91: (-0.97, -0.16, 0.18)
904.01: (-0.97, -0.09, 0.23)
904.06: (-0.97, -0.05, 0.22)
904.06: (-0.80, 0.59, 0.11): 0
904.12: (-0.96, 0.02, 0.27)
904.24: (-0.95, 0.16, 0.27)
904.36: (-0.98, 0.06, 0.18)
904.46: (-0.96, 0.27, -0.01)
904.57: (-0.74, 0.67, -0.05)
904.69: (-0.66, 0.74, -0.06)
904.79: (-0.69, 0.72, -0.02)
904.91: (-0.84, 0.52, 0.16)
904.92: (-0.85, 0.51, 0.16)
904.92: (-0.84, 0.18, -0.51): 1
905.02: (-0.84, 0.51, 0.17)
905.12: (-0.61, 0.76, 0.23)
905.24: (0.17, 0.84, 0.51)
905.36: (0.84, 0.23, 0.50)
905.47: (0.90, -0.33, 0.28)
905.59: (0.67, -0.73, 0.16)
905.69: (0.31, -0.95, 0.05)
905.81: (-0.19, -0.96, -0.22)
905.92: (-0.70, -0.53, -0.48)
906.04: (-0.83, 0.15, -0.54)
906.16: (-0.58, 0.74, -0.34)
906.27: (-0.57, 0.80, -0.19)
906.39: (-0.68, 0.66, -0.30)
906.51: (-0.75, 0.39, -0.53)
906.59: (-0.77, 0.31, -0.56)
906.59: (-0.99, -0.02, -0.10): 0
906.62: (-0.77, 0.31, -0.56)
906.74: (-0.85, 0.26, -0.46)
906.86: (-0.90, 0.22, -0.39)
906.96: (-0.98, 0.11, -0.16)
907.07: (-0.91, -0.16, 0.38)
907.17: (-0.90, -0.18, 0.40)
907.27: (-0.98, -0.10, 0.15)
907.34: (-0.97, 0.13, -0.19)
907.34: (0.44, 0.69, 0.58): 1
907.39: (-0.97, 0.16, -0.19)
907.51: (-0.99, 0.10, -0.14)
907.62: (-0.93, -0.26, 0.25)
907.74: (-0.60, -0.59, 0.54)
907.84: (-0.16, -0.62, 0.77)
907.96: (0.46, -0.57, 0.68)
908.07: (0.86, -0.37, 0.36)
908.17: (0.98, -0.18, -0.10)
908.29: (0.62, 0.04, -0.79)
908.41: (0.00, 0.09, -1.00)
908.52: (-0.59, 0.17, -0.79)
908.64: (-0.78, 0.44, -0.44)
908.76: (-0.65, 0.73, 0.20)
908.87: (-0.45, 0.56, 0.70)
908.99: (-0.42, 0.08, 0.90)
909.11: (-0.46, -0.45, 0.76)
909.22: (-0.49, -0.82, 0.30)
909.34: (-0.43, -0.87, -0.23)
909.46: (-0.29, -0.67, -0.68)
909.57: (-0.10, -0.50, -0.86)
909.69: (-0.47, -0.44, -0.77)
909.81: (-0.47, -0.44, -0.77)
909.92: (-0.55, -0.47, -0.70)
910.04: (-0.16, -0.28, -0.95)
910.16: (0.19, 0.29, -0.94)
910.27: (0.08, 0.78, -0.63)
910.39: (-0.17, 0.98, -0.10)
910.51: (0.11, 0.96, 0.24)
910.61: (0.62, 0.77, 0.14)
910.72: (0.82, 0.33, -0.46)
910.84: (0.88, 0.44, -0.17)
910.96: (0.75, 0.65, 0.16)
911.07: (0.67, 0.68, 0.30)
911.17: (0.60, 0.68, 0.42)
911.29: (0.38, 0.70, 0.61)
911.36: (0.33, 0.70, 0.64)
911.36: (-0.90, -0.35, -0.26): 0
911.39: (0.33, 0.70, 0.64)
911.51: (0.42, 0.72, 0.56)
911.61: (0.70, 0.69, 0.18)
911.72: (0.68, 0.17, -0.71)
911.84: (0.21, -0.27, -0.94)
911.94: (-0.12, -0.57, -0.81)
912.06: (-0.31, -0.84, -0.44)
912.17: (-0.41, -0.91, -0.06)
912.27: (-0.42, -0.88, 0.22)
912.39: (-0.41, -0.69, 0.60)
912.51: (-0.59, -0.75, 0.31)
912.62: (-0.70, -0.71, 0.07)
912.74: (-0.74, -0.65, -0.15)
912.86: (-0.85, -0.50, -0.14)
912.92: (-0.90, -0.42, -0.13)
912.92: (0.98, -0.02, -0.17): 1
912.97: (-0.90, -0.42, -0.12)
913.09: (-0.89, -0.40, -0.22)
913.21: (-0.84, -0.38, -0.38)
913.31: (-0.80, -0.36, -0.48)
913.42: (-0.80, -0.38, -0.47)
913.54: (-0.70, -0.26, -0.67)
913.64: (-0.56, 0.17, -0.81)
913.76: (-0.25, 0.65, -0.72)
913.87: (0.17, 0.87, -0.46)
913.97: (0.48, 0.85, -0.22)
914.09: (0.87, 0.48, 0.08)
914.21: (0.86, -0.29, 0.42)
914.32: (0.50, -0.78, 0.38)
914.44: (0.46, -0.87, 0.15)
914.54: (0.83, -0.55, 0.09)
914.66: (1.00, -0.06, -0.07)
914.77: (0.99, -0.02, -0.12)
914.84: (0.99, -0.03, -0.14)
914.84: (-0.53, -0.57, -0.63): 0
914.87: (0.99, -0.04, -0.15)
914.97: (0.99, -0.08, -0.15)
915.09: (0.81, -0.56, -0.17)
915.21: (-0.03, -0.98, -0.17)
915.32: (-0.46, -0.87, 0.19)
915.42: (-0.51, -0.75, 0.42)
915.54: (-0.35, -0.64, 0.69)
915.66: (-0.03, -0.60, 0.80)
915.77: (0.34, -0.53, 0.78)
915.89: (0.65, -0.42, 0.63)
916.01: (0.80, -0.33, 0.51)
916.12: (0.87, -0.24, 0.44)
916.22: (0.81, -0.31, 0.49)
916.34: (0.67, -0.32, 0.67)
916.45: (0.58, -0.13, 0.81)
916.55: (0.04, 0.15, 0.99)
916.67: (-0.39, 0.21, 0.90)
916.79: (-0.37, 0.18, 0.91)
916.89: (-0.37, 0.18, 0.91)
917.00: (-0.41, 0.17, 0.89)
917.12: (-0.94, 0.20, 0.27)
917.22: (-0.81, 0.05, -0.58)
917.32: (-0.58, -0.26, -0.77)
917.44: (-0.18, -0.70, -0.69)
917.56: (-0.05, -0.87, -0.50)
917.67: (-0.45, -0.74, -0.51)
917.79: (-0.49, -0.57, -0.66)
917.85: (-0.48, -0.53, -0.70)
917.85: (0.48, -0.73, 0.49): 0
917.90: (-0.48, -0.53, -0.70)
918.02: (-0.47, -0.54, -0.70)
918.12: (-0.51, -0.52, -0.69)
918.22: (-0.64, -0.33, -0.70)
918.34: (-0.87, 0.20, -0.46)
918.45: (-0.73, 0.66, 0.18)
918.55: (-0.56, 0.62, 0.56)
918.67: (-0.41, 0.57, 0.71)
918.79: (-0.16, 0.38, 0.91)
918.90: (0.11, -0.01, 0.99)
919.02: (0.34, -0.42, 0.84)
919.14: (0.54, -0.58, 0.61)
919.25: (0.60, -0.68, 0.43)
919.35: (0.44, -0.81, 0.38)
919.44: (0.38, -0.83, 0.41)
919.44: (-0.93, -0.10, 0.34): 1
919.47: (0.39, -0.83, 0.41)
919.59: (0.37, -0.84, 0.39)
919.70: (0.38, -0.87, 0.30)
919.80: (0.26, -0.97, 0.00)
919.92: (0.04, -0.86, -0.51)
920.04: (-0.07, -0.52, -0.85)
920.14: (-0.06, -0.25, -0.97)
920.25: (0.01, 0.03, -1.00)
920.37: (0.07, 0.28, -0.96)
920.49: (0.04, 0.52, -0.85)
920.60: (0.01, 0.82, -0.57)
920.72: (-0.09, 0.99, 0.06)
920.84: (-0.23, 0.97, 0.08)
920.94: (-0.23, 0.97, 0.07)
921.04: (-0.23, 0.97, 0.07)
921.15: (-0.31, 0.83, 0.46)
921.25: (-0.19, 0.22, 0.96)
921.37: (-0.13, -0.44, 0.89)
921.47: (-0.30, -0.76, 0.57)
921.59: (-0.71, -0.66, 0.24)
921.70: (-0.88, -0.46, -0.08)
921.82: (-0.84, -0.21, -0.50)
921.92: (-0.84, -0.08, -0.54)
922.02: (-0.98, -0.05, -0.18)
922.14: (-1.00, -0.09, -0.01)
922.25: (-0.99, -0.15, 0.08)
922.35: (-0.98, -0.14, 0.13)
922.39: (-0.97, -0.14, 0.18)
922.39: (0.45, -0.83, 0.33): 1
922.47: (-0.97, -0.13, 0.21)
922.59: (-0.95, -0.08, 0.29)
922.69: (-0.95, -0.07, 0.30)
922.80: (-0.96, -0.06, 0.28)
922.92: (-0.96, -0.04, 0.29)
923.04: (-0.95, 0.29, -0.08)
923.15: (-0.70, 0.45, -0.55)
923.27: (-0.80, 0.50, -0.33)
923.37: (-0.81, 0.50, -0.32)
923.49: (-0.82, 0.48, -0.31)
923.60: (-0.52, -0.12, -0.85)
923.70: (0.14, -0.54, -0.83)
923.82: (0.48, -0.66, -0.58)
923.94: (0.41, -0.91, -0.12)
924.05: (0.12, -0.95, 0.27)
924.17: (0.00, -0.70, 0.71)
924.29: (0.50, -0.70, 0.51)
924.40: (0.54, -0.77, 0.34)
924.50: (0.56, -0.79, 0.25)
924.50: (0.10, -0.98, 0.16): 2
924.52: (0.56, -0.79, 0.25)
924.62: (0.56, -0.79, 0.25)
924.74: (0.54, -0.80, 0.27)
924.85: (0.42, -0.85, 0.31)
924.97: (0.25, -0.94, 0.23)
925.04: (0.23, -0.96, 0.17)
925.04: (-0.48, 0.63, 0.61): 1
925.09: (0.22, -0.96, 0.17)
925.19: (0.22, -0.97, 0.13)
925.30: (0.11, -0.99, 0.01)
925.40: (-0.19, -0.95, -0.25)
925.52: (-0.65, -0.39, -0.65)
925.64: (-0.88, 0.25, -0.40)
925.75: (-0.78, 0.62, 0.08)
925.85: (-0.46, 0.77, 0.43)
925.97: (-0.08, 0.79, 0.60)
926.09: (-0.11, 0.72, 0.68)
926.20: (-0.36, 0.61, 0.70)
926.32: (-0.48, 0.63, 0.61)
926.34: (-0.49, 0.63, 0.60)
926.34: (0.68, 0.05, 0.73): 1
926.44: (-0.50, 0.64, 0.59)
926.55: (-0.36, 0.79, 0.49)
926.67: (-0.08, 0.82, 0.57)
926.79: (0.11, 0.65, 0.76)
926.90: (0.34, 0.44, 0.83)
927.02: (0.60, 0.17, 0.78)
927.14: (0.69, 0.10, 0.71)
927.20: (0.69, 0.09, 0.72)
927.20: (-1.00, 0.03, 0.01): 2
927.24: (0.69, 0.09, 0.72)
927.35: (0.74, 0.14, 0.66)
927.45: (0.88, 0.18, 0.43)
927.57: (0.99, 0.04, 0.12)
927.69: (0.98, -0.18, -0.12)
927.80: (0.92, -0.28, -0.29)
927.92: (0.78, -0.39, -0.49)
928.04: (0.40, -0.44, -0.80)
928.14: (-0.09, -0.37, -0.92)
928.25: (-0.52, -0.35, -0.78)
928.37: (-0.79, -0.35, -0.50)
928.49: (-0.85, -0.41, -0.34)
928.59: (-0.93, -0.27, -0.25)
928.70: (-0.99, -0.05, -0.12)
928.77: (-1.00, -0.03, -0.06)
928.77: (0.99, 0.01, -0.16): 1
928.82: (-1.00, -0.03, -0.06)
928.94: (-1.00, 0.07, -0.02)
929.05: (-0.93, 0.36, 0.05)
929.15: (-0.82, 0.53, 0.21)
929.27: (-0.63, 0.63, 0.46)
929.39: (-0.36, 0.59, 0.72)
929.50: (-0.20, 0.33, 0.92)
929.60: (-0.01, 0.13, 0.99)
929.72: (0.46, -0.05, 0.89)
929.84: (0.93, -0.04, 0.36)
929.95: (0.98, 0.16, -0.08)
930.05: (0.81, 0.49, -0.31)
930.17: (0.85, 0.45, -0.28)
930.27: (0.96, 0.24, -0.15)
930.37: (0.99, 0.08, -0.15)
930.39: (0.99, 0.07, -0.15)
930.39: (-0.36, 0.61, 0.70): 1
930.49: (0.99, 0.06, -0.15)
930.60: (0.98, 0.12, -0.13)
930.72: (0.98, 0.12, -0.13)
930.84: (0.98, 0.12, -0.13)
930.95: (0.95, 0.24, -0.22)
931.07: (0.28, 0.45, -0.85)
931.19: (-0.39, 0.35, -0.85)
931.29: (-0.68, 0.28, -0.67)
931.40: (-0.92, 0.22, -0.33)
931.52: (-0.96, 0.03, 0.28)
931.64: (-0.82, 0.05, 0.56)
931.75: (-0.72, 0.01, 0.69)
931.87: (-0.60, -0.24, 0.76)
931.99: (-0.53, -0.46, 0.71)
932.10: (-0.61, -0.30, 0.73)
932.20: (-0.66, 0.10, 0.74)
932.32: (-0.64, 0.23, 0.73)
932.42: (-0.60, 0.42, 0.68)
932.54: (-0.49, 0.61, 0.62)
932.64: (-0.42, 0.66, 0.63)
932.64: (1.00, -0.06, 0.07): 0
932.65: (-0.42, 0.66, 0.63)
932.77: (-0.43, 0.60, 0.68)
932.87: (-0.48, 0.53, 0.70)
932.97: (-0.69, 0.42, 0.60)
933.09: (-0.86, 0.48, 0.15)
933.20: (-0.68, 0.31, -0.67)
933.32: (-0.10, 0.19, -0.98)
933.43: (0.42, 0.06, -0.91)
933.54: (0.70, 0.00, -0.71)
933.65: (0.96, 0.12, -0.26)
933.77: (0.88, 0.42, 0.22)
933.88: (0.76, 0.55, 0.35)
934.00: (0.94, 0.30, 0.17)
934.10: (0.96, 0.23, 0.15)
934.22: (0.97, 0.17, 0.16)
934.32: (0.99, 0.00, 0.15)
934.38: (0.99, -0.09, 0.14)
934.38: (0.72, 0.36, -0.60): 1
934.43: (0.99, -0.10, 0.14)
934.55: (0.99, -0.09, 0.13)
934.67: (0.99, -0.09, 0.13)
934.78: (0.99, -0.08, 0.13)
934.88: (0.82, -0.17, 0.54)
934.98: (0.13, 0.01, 0.99)
935.10: (-0.07, 0.16, 0.98)
935.22: (-0.07, 0.16, 0.98)
935.32: (-0.26, 0.37, 0.89)
935.43: (-0.88, 0.47, 0.03)
935.55: (-0.73, 0.25, -0.64)
935.67: (-0.80, 0.40, -0.44)
935.78: (-0.80, 0.40, -0.44)
935.90: (-0.39, 0.27, -0.88)
936.02: (0.51, 0.13, -0.85)
936.13: (0.83, 0.12, -0.54)
936.23: (0.97, -0.09, -0.23)
936.33: (0.93, -0.02, -0.36)
936.43: (0.81, 0.19, -0.55)
936.55: (0.73, 0.35, -0.59)
936.55: (0.53, -0.25, -0.81): 1
936.55: (0.73, 0.35, -0.59)
936.65: (0.74, 0.34, -0.57)
936.77: (0.75, 0.30, -0.59)
936.88: (0.49, -0.31, -0.82)
937.00: (-0.02, -0.64, -0.77)
937.12: (0.03, -0.66, -0.75)
937.23: (0.38, -0.35, -0.86)
937.35: (0.43, -0.32, -0.84)
937.37: (0.43, -0.32, -0.84)
937.37: (-0.63, -0.46, 0.63): 1
937.45: (0.43, -0.32, -0.84)
937.57: (0.43, -0.32, -0.84)
937.68: (0.38, -0.47, -0.80)
937.80: (0.26, -0.83, -0.49)
937.92: (0.06, -1.00, -0.06)
938.03: (0.03, -0.98, 0.21)
938.15: (0.05, -0.94, 0.35)
938.25: (0.06, -0.77, 0.64)
938.37: (0.12, -0.67, 0.73)
938.47: (0.12, -0.67, 0.73)
938.57: (0.12, -0.67, 0.73)
938.68: (0.10, -0.66, 0.74)
938.80: (-0.11, -0.19, 0.97)
938.92: (-0.36, 0.26, 0.90)
939.03: (-0.44, 0.53, 0.72)
939.15: (-0.44, 0.62, 0.66)
939.27: (-0.53, 0.02, 0.85)
939.38: (-0.53, -0.29, 0.80)
939.50: (-0.53, -0.39, 0.75)
939.62: (-0.58, -0.42, 0.70)
939.73: (-0.61, -0.51, 0.61)
939.75: (-0.61, -0.51, 0.61)
939.75: (0.69, -0.70, -0.16): 2
939.85: (-0.60, -0.51, 0.62)
939.97: (-0.54, -0.45, 0.71)
940.08: (-0.42, -0.29, 0.86)
940.18: (-0.27, -0.05, 0.96)
940.30: (0.01, 0.41, 0.91)
940.42: (0.19, 0.75, 0.63)
940.52: (0.24, 0.93, 0.29)
940.63: (0.32, 0.93, -0.16)
940.75: (0.33, 0.94, -0.04)
940.85: (0.33, 0.94, -0.04)
940.97: (0.33, 0.94, -0.03)
941.08: (0.59, 0.73, -0.35)
941.20: (0.38, 0.01, -0.92)
941.32: (0.29, -0.20, -0.94)
941.42: (0.47, 0.11, -0.87)
941.53: (0.48, 0.13, -0.87)
941.65: (0.42, 0.02, -0.91)
941.77: (-0.17, -0.65, -0.74)
941.88: (-0.45, -0.84, -0.30)
941.98: (-0.70, -0.70, -0.14)
942.10: (-0.95, -0.07, -0.30)
942.22: (-0.87, 0.44, -0.24)
942.33: (-0.62, 0.78, -0.01)
942.43: (-0.51, 0.86, 0.07)
942.55: (-0.44, 0.82, 0.36)
942.67: (-0.57, 0.26, 0.78)
942.78: (-0.64, -0.07, 0.77)
942.88: (-0.79, 0.01, 0.61)
943.00: (-0.79, 0.01, 0.61)
943.12: (-0.79, 0.01, 0.61)
943.23: (-0.38, -0.42, 0.83)
943.35: (0.35, -0.74, 0.57)
943.45: (0.61, -0.70, 0.36)
943.57: (0.74, -0.66, 0.16)
943.68: (0.92, -0.39, -0.06)
943.80: (0.89, -0.44, -0.11)
943.90: (0.76, -0.63, -0.13)
944.02: (0.70, -0.70, -0.14)
944.02: (-0.53, -0.07, -0.84): 1
944.02: (0.70, -0.70, -0.14)
944.13: (0.69, -0.71, -0.15)
944.25: (0.69, -0.72, -0.07)
944.35: (0.71, -0.68, 0.17)
944.45: (0.72, -0.44, 0.53)
944.57: (0.40, 0.10, 0.91)
944.68: (-0.17, 0.25, 0.95)
944.80: (-0.60, -0.14, 0.79)
944.92: (-0.74, -0.64, 0.19)
945.03: (-0.66, -0.73, -0.18)
945.15: (-0.56, -0.68, -0.48)
945.25: (-0.24, -0.42, -0.88)
945.37: (0.23, -0.03, -0.97)
945.47: (0.51, 0.07, -0.86)
945.58: (0.25, 0.06, -0.97)
945.70: (-0.25, -0.19, -0.95)
945.82: (-0.48, -0.27, -0.84)
945.92: (-0.51, -0.26, -0.82)
946.03: (-0.52, -0.10, -0.85)
946.05: (-0.52, -0.09, -0.85)
946.05: (-0.94, -0.28, 0.20): 0
946.15: (-0.52, -0.09, -0.85)
946.25: (-0.43, -0.17, -0.88)
946.37: (0.28, -0.24, -0.93)
946.47: (0.85, -0.01, -0.53)
946.58: (0.92, 0.35, -0.16)
946.70: (0.60, 0.79, 0.14)
946.82: (0.38, 0.80, 0.46)
946.93: (0.19, 0.48, 0.86)
947.05: (-0.02, 0.01, 1.00)
947.17: (-0.40, -0.13, 0.91)
947.27: (-0.72, 0.05, 0.69)
947.38: (-0.91, -0.03, 0.42)
947.48: (-0.94, -0.29, 0.17)
947.60: (-0.90, -0.43, 0.09)
947.72: (-0.96, -0.23, 0.17)
947.78: (-0.97, -0.15, 0.19)
END