3/30/2023 12:33:40 PM
Mode: Mono
White time (s): [1.716187, 1.316406, 0.8831787, 1.016418, 2.615906, 2.616333, 2.516113, 0.9329834, 2.766174, 2.399536, 3.515747, 3.766052, 1.549866, 0.9663696, 2.499268, 1.349854, 1.766846, 5.931763, 0.6333008, 1.982727, 3.265991, 0.7832031, 3.616272, 4.365784, 1.766296, 3.749573, 2.566162, 2.432556, 0.9832764, 3.466003]
Shot time (s): [1.08313, 4.865723, 4.648987, 0.7998657, 1.433472, 2.365784, 0.9498291, 2.849304, 3.282959, 2.516479, 1.799255, 4.149353, 2.566162, 2.765991, 5.815491, 4.732422, 0.8666382, 3.61554, 0.866272, 5.482117, 1.933044, 1.716125, 0.7833862, 0.583252, 1.549744, 2.132935, 1.216431, 1.066711, 3.549194, 1.349915]
Step time (s): [1.632751, 3.532837, 2.599243, 1.14978, 1.199768, 1.049988, 2.666199, 1.366394, 1.099976, 5.615356, 1.682983, 0.7831421, 1.166321, 1.899719, 0.5499268, 1.266602, 0.666626, 2.165955, 2.332825, 7.215454, 4.999023, 2.13269, 7.432007, 1.650085, 1.582581, 3.46582, 2.516052, 4.332214, 1.449707, 1.083069]
White horz (deg): [99.53999, 58.43249, 57.855, 23.0475, 195.9825, 288.7499, 231.7351, 70.29751, 265.545, 211.89, 449.9774, 440.5275, 65.205, 43.83751, 264.915, 148.89, 162.3825, 579.6002, 23.31, 164.0625, 308.6476, 24.93749, 405.8775, 646.0649, 119.7525, 239.8725, 210.6825, 233.31, 33.6, 279.7726]
Shot horz (deg): [49.08749, 565.6874, 724.605, 33.7575, 27.50999, 166.11, 42.42, 311.1675, 399.0525, 267.0675, 103.2675, 309.2774, 194.25, 249.1125, 564.1652, 677.04, 30.0825, 615.3526, 36.3825, 601.4926, 120.54, 140.07, 45.93749, 10.4475, 163.4326, 290.5875, 122.325, 58.0125, 265.65, 109.7775]
Step horz (deg): [76.12499, 230.0025, 210.42, 36.8025, 60.53251, 46.41, 173.9325, 101.535, 17.01, 608.2121, 91.2975, 27.1425, 86.94001, 86.7825, 18.95249, 143.325, 26.9325, 319.8299, 135.1875, 743.9778, 484.7849, 151.4625, 804.2479, 189.9975, 74.12999, 309.225, 69.61497, 376.7925, 96.495, 44.46751]
White vert (deg): [89.24999, 128.0475, 20.73749, 47.0925, 90.6675, 206.01, 204.9599, 16.065, 174.6151, 131.67, 244.6501, 470.9775, 35.805, 25.82999, 108.99, 103.1625, 156.0825, 311.22, 7.507499, 110.04, 272.1599, 45.2025, 390.2848, 297.5175, 109.935, 254.3626, 139.2301, 179.9175, 13.7025, 290.9026]
Shot vert (deg): [32.13, 480.0076, 319.7774, 30.2925, 51.44999, 151.6201, 30.39749, 171.045, 209.7375, 141.9075, 146.2125, 412.4401, 198.0301, 333.4274, 676.725, 532.1396, 14.6475, 308.1749, 41.37, 413.6476, 266.7525, 136.3425, 34.01999, 2.9925, 121.0125, 116.1825, 59.5875, 74.9175, 170.7826, 76.12498]
Step vert (deg): [57.22501, 224.7525, 147.9975, 64.8375, 22.20749, 21.05249, 272.4226, 53.70749, 35.85749, 419.055, 34.33498, 27.56249, 43.1025, 46.56749, 12.6, 72.86998, 35.64749, 145.8976, 152.565, 651.735, 417.3224, 129.57, 597.0298, 78.33, 186.5325, 124.005, 146.4225, 367.7625, 110.775, 67.25252]

Time in sec: camera forward versor
Time in sec: target versor: sound type (0 = White, 1 = Shot, 2 = Step)
START
543.98: (0.97, -0.22, 0.01): 2
543.98: (0.34, -0.82, -0.45)
544.10: (0.34, -0.82, -0.45)
544.21: (0.34, -0.82, -0.45)
544.33: (0.41, -0.77, -0.49)
544.45: (0.51, -0.71, -0.49)
544.56: (0.69, -0.55, -0.48)
544.66: (0.76, -0.29, -0.58)
544.76: (0.77, -0.14, -0.62)
544.88: (0.78, -0.02, -0.63)
545.00: (0.85, 0.00, -0.53)
545.11: (0.93, -0.11, -0.34)
545.23: (0.95, -0.18, -0.27)
545.35: (0.95, -0.21, -0.22)
545.46: (0.97, -0.23, -0.12)
545.56: (0.97, -0.25, -0.03)
545.61: (0.97, -0.25, -0.02)
545.61: (-0.57, -0.72, 0.40): 0
545.68: (0.97, -0.25, -0.02)
545.79: (0.96, -0.26, -0.01)
545.91: (0.96, -0.26, -0.01)
546.03: (0.96, -0.28, -0.03)
546.14: (0.92, -0.37, -0.16)
546.26: (0.82, -0.49, -0.31)
546.36: (0.71, -0.58, -0.40)
546.48: (0.50, -0.72, -0.48)
546.59: (0.20, -0.85, -0.50)
546.71: (-0.06, -0.91, -0.41)
546.83: (-0.31, -0.94, -0.16)
546.93: (-0.50, -0.86, 0.08)
547.04: (-0.62, -0.75, 0.23)
547.16: (-0.61, -0.72, 0.32)
547.28: (-0.58, -0.71, 0.39)
547.33: (-0.58, -0.71, 0.39)
547.33: (-0.42, 0.56, -0.71): 2
547.38: (-0.58, -0.71, 0.39)
547.48: (-0.58, -0.71, 0.39)
547.58: (-0.59, -0.71, 0.39)
547.69: (-0.60, -0.71, 0.36)
547.81: (-0.51, -0.84, 0.19)
547.93: (-0.41, -0.91, 0.01)
548.03: (-0.34, -0.93, -0.14)
548.14: (-0.27, -0.93, -0.25)
548.26: (-0.14, -0.93, -0.34)
548.38: (-0.02, -0.92, -0.39)
548.48: (0.14, -0.92, -0.38)
548.59: (0.42, -0.85, -0.31)
548.71: (0.66, -0.71, -0.25)
548.81: (0.80, -0.57, -0.18)
548.93: (0.92, -0.38, -0.09)
549.04: (0.98, -0.18, -0.03)
549.14: (0.99, 0.06, -0.09)
549.26: (0.88, 0.34, -0.32)
549.36: (0.66, 0.49, -0.57)
549.48: (0.37, 0.47, -0.80)
549.59: (0.18, 0.24, -0.95)
549.71: (-0.14, -0.17, -0.98)
549.83: (-0.41, -0.32, -0.85)
549.93: (-0.43, -0.17, -0.89)
550.04: (-0.58, 0.24, -0.78)
550.16: (-0.51, 0.31, -0.81)
550.28: (-0.51, 0.31, -0.81)
550.39: (-0.51, 0.31, -0.81)
550.49: (-0.51, 0.30, -0.80)
550.61: (-0.50, 0.36, -0.78)
550.73: (-0.48, 0.48, -0.73)
550.84: (-0.44, 0.55, -0.71)
550.86: (-0.43, 0.56, -0.70)
550.86: (0.71, 0.68, 0.21): 2
550.96: (-0.43, 0.57, -0.70)
551.08: (-0.43, 0.59, -0.68)
551.19: (-0.41, 0.70, -0.59)
551.31: (-0.45, 0.79, -0.41)
551.41: (-0.54, 0.76, -0.35)
551.51: (-0.58, 0.72, -0.39)
551.61: (-0.57, 0.69, -0.45)
551.73: (-0.53, 0.61, -0.59)
551.84: (-0.50, 0.53, -0.69)
551.96: (-0.40, 0.42, -0.82)
552.08: (-0.22, 0.58, -0.78)
552.19: (0.14, 0.72, -0.68)
552.29: (0.50, 0.67, -0.55)
552.41: (0.77, 0.43, -0.46)
552.51: (0.87, 0.20, -0.45)
552.63: (0.91, -0.08, -0.42)
552.74: (0.94, -0.19, -0.27)
552.86: (0.97, 0.22, -0.06)
552.96: (0.82, 0.57, 0.05)
553.08: (0.62, 0.77, 0.12)
553.19: (0.60, 0.79, 0.16)
553.31: (0.70, 0.70, 0.14)
553.43: (0.72, 0.68, 0.13)
553.46: (0.72, 0.68, 0.13)
553.46: (-0.48, 0.33, -0.81): 0
553.54: (0.72, 0.68, 0.13)
553.66: (0.74, 0.67, 0.10)
553.78: (0.74, 0.67, -0.08)
553.89: (0.66, 0.59, -0.46)
554.01: (0.46, 0.37, -0.81)
554.13: (0.20, -0.01, -0.98)
554.24: (-0.06, -0.25, -0.97)
554.36: (-0.32, -0.15, -0.93)
554.48: (-0.43, 0.11, -0.89)
554.59: (-0.45, 0.29, -0.85)
554.71: (-0.46, 0.31, -0.84)
554.78: (-0.47, 0.31, -0.83)
554.78: (-0.97, 0.24, -0.04): 1
554.83: (-0.47, 0.31, -0.83)
554.93: (-0.47, 0.31, -0.82)
555.04: (-0.57, 0.39, -0.73)
555.14: (-0.64, 0.48, -0.60)
555.26: (-0.73, 0.55, -0.40)
555.36: (-0.83, 0.50, -0.23)
555.48: (-0.90, 0.40, -0.19)
555.59: (-0.91, 0.36, -0.19)
555.71: (-0.95, 0.30, -0.09)
555.83: (-0.97, 0.26, -0.05)
555.86: (-0.97, 0.26, -0.04)
555.86: (-0.57, -0.81, -0.14): 2
555.94: (-0.97, 0.25, -0.05)
556.06: (-0.98, 0.19, -0.03)
556.16: (-0.99, 0.06, 0.08)
556.28: (-0.96, -0.19, 0.19)
556.39: (-0.87, -0.48, 0.08)
556.51: (-0.77, -0.63, -0.09)
556.61: (-0.75, -0.65, -0.10)
556.73: (-0.73, -0.67, -0.08)
556.84: (-0.68, -0.73, -0.10)
556.96: (-0.61, -0.79, -0.11)
557.01: (-0.60, -0.79, -0.11)
557.01: (-0.64, -0.37, 0.67): 0
557.08: (-0.60, -0.80, -0.11)
557.18: (-0.56, -0.82, -0.13)
557.29: (-0.49, -0.86, -0.16)
557.41: (-0.52, -0.86, -0.04)
557.53: (-0.65, -0.69, 0.32)
557.63: (-0.66, -0.54, 0.53)
557.73: (-0.66, -0.43, 0.62)
557.84: (-0.67, -0.42, 0.61)
557.89: (-0.67, -0.42, 0.61)
557.89: (-1.00, 0.01, -0.01): 0
557.94: (-0.67, -0.42, 0.61)
558.04: (-0.68, -0.39, 0.62)
558.16: (-0.75, -0.28, 0.60)
558.28: (-0.84, -0.17, 0.51)
558.39: (-0.92, -0.12, 0.37)
558.51: (-0.98, 0.04, 0.19)
558.63: (-0.99, 0.08, 0.12)
558.74: (-0.99, 0.03, 0.10)
558.86: (-1.00, -0.01, 0.02)
558.91: (-1.00, -0.02, 0.02)
558.91: (-0.66, 0.21, 0.73): 2
558.96: (-1.00, -0.02, 0.02)
559.08: (-1.00, -0.06, -0.02)
559.19: (-0.99, -0.11, -0.08)
559.31: (-0.96, 0.04, 0.28)
559.43: (-0.82, 0.12, 0.56)
559.54: (-0.80, 0.10, 0.60)
559.64: (-0.79, 0.10, 0.60)
559.76: (-0.73, 0.17, 0.67)
559.88: (-0.65, 0.20, 0.73)
559.99: (-0.64, 0.21, 0.74)
560.09: (-0.64, 0.21, 0.74)
560.11: (-0.64, 0.21, 0.74)
560.11: (-1.00, 0.01, -0.01): 2
560.21: (-0.64, 0.21, 0.74)
560.33: (-0.65, 0.21, 0.73)
560.44: (-0.72, 0.18, 0.67)
560.54: (-0.87, 0.10, 0.49)
560.66: (-0.93, 0.06, 0.37)
560.78: (-0.98, -0.04, 0.19)
560.89: (-0.99, -0.09, 0.09)
561.01: (-1.00, -0.08, 0.05)
561.11: (-1.00, -0.04, 0.00)
561.16: (-1.00, -0.04, 0.00)
561.16: (-0.50, -0.76, 0.42): 0
561.23: (-1.00, -0.04, 0.00)
561.34: (-1.00, -0.04, -0.02)
561.46: (-1.00, -0.07, -0.07)
561.56: (-0.99, -0.10, -0.11)
561.68: (-0.96, -0.16, -0.21)
561.79: (-0.94, -0.21, -0.27)
561.91: (-0.89, -0.28, -0.35)
562.01: (-0.80, -0.37, -0.48)
562.11: (-0.71, -0.42, -0.56)
562.23: (-0.55, -0.52, -0.65)
562.34: (-0.39, -0.59, -0.70)
562.46: (-0.19, -0.66, -0.73)
562.57: (-0.02, -0.72, -0.69)
562.69: (0.18, -0.80, -0.57)
562.79: (0.36, -0.87, -0.35)
562.89: (0.21, -0.97, -0.11)
563.01: (-0.17, -0.98, 0.07)
563.11: (-0.48, -0.88, 0.02)
563.21: (-0.74, -0.67, 0.03)
563.33: (-0.66, -0.71, 0.24)
563.44: (-0.55, -0.76, 0.34)
563.56: (-0.52, -0.78, 0.35)
563.67: (-0.47, -0.78, 0.42)
563.77: (-0.48, -0.76, 0.44)
563.77: (0.03, 0.60, -0.80): 0
563.79: (-0.48, -0.76, 0.44)
563.89: (-0.48, -0.76, 0.43)
564.01: (-0.41, -0.82, 0.40)
564.12: (-0.32, -0.92, 0.21)
564.24: (-0.24, -0.96, -0.12)
564.34: (-0.08, -0.92, -0.38)
564.46: (0.16, -0.83, -0.53)
564.56: (0.28, -0.75, -0.60)
564.67: (0.43, -0.49, -0.76)
564.77: (0.59, -0.22, -0.77)
564.87: (0.80, 0.04, -0.60)
564.99: (0.92, 0.19, -0.34)
565.11: (0.93, 0.36, -0.01)
565.21: (0.83, 0.52, 0.19)
565.32: (0.63, 0.73, 0.28)
565.42: (0.42, 0.89, 0.17)
565.54: (0.24, 0.92, -0.32)
565.66: (0.18, 0.54, -0.82)
565.76: (0.17, -0.03, -0.99)
565.87: (0.09, -0.17, -0.98)
565.99: (0.06, 0.05, -1.00)
566.09: (0.09, 0.30, -0.95)
566.21: (0.14, 0.46, -0.88)
566.31: (0.15, 0.52, -0.84)
566.39: (0.15, 0.52, -0.84)
566.39: (-0.74, -0.26, -0.62): 2
566.42: (0.15, 0.52, -0.84)
566.54: (0.16, 0.55, -0.82)
566.66: (0.26, 0.61, -0.75)
566.77: (0.43, 0.65, -0.63)
566.89: (0.65, 0.62, -0.44)
567.01: (0.88, 0.40, -0.28)
567.12: (0.98, 0.08, -0.16)
567.24: (0.98, -0.17, -0.06)
567.36: (0.93, -0.37, 0.01)
567.47: (0.85, -0.52, 0.02)
567.59: (0.68, -0.73, -0.02)
567.69: (0.45, -0.89, 0.04)
567.79: (0.23, -0.96, 0.17)
567.91: (0.01, -0.93, 0.36)
568.02: (-0.16, -0.84, 0.52)
568.14: (-0.31, -0.74, 0.59)
568.26: (-0.54, -0.63, 0.57)
568.36: (-0.80, -0.47, 0.37)
568.47: (-0.97, -0.22, 0.07)
568.59: (-0.99, 0.05, -0.15)
568.69: (-0.89, 0.25, -0.37)
568.81: (-0.80, 0.04, -0.60)
568.92: (-0.80, -0.17, -0.58)
569.04: (-0.79, -0.21, -0.57)
569.06: (-0.79, -0.21, -0.57)
569.06: (0.96, -0.28, 0.01): 1
569.16: (-0.79, -0.21, -0.57)
569.27: (-0.80, -0.21, -0.56)
569.39: (-0.82, -0.33, -0.47)
569.51: (-0.72, -0.61, -0.33)
569.62: (-0.71, -0.70, -0.02)
569.74: (-0.82, -0.46, 0.33)
569.86: (-0.80, -0.17, 0.57)
569.96: (-0.65, 0.12, 0.75)
570.07: (-0.39, 0.35, 0.85)
570.17: (-0.03, 0.49, 0.87)
570.29: (0.40, 0.55, 0.74)
570.41: (0.52, 0.70, 0.49)
570.52: (0.33, 0.91, 0.26)
570.64: (0.01, 0.99, 0.14)
570.74: (-0.24, 0.96, 0.14)
570.86: (-0.59, 0.76, 0.27)
570.97: (-0.86, 0.42, 0.29)
571.09: (-0.99, 0.04, 0.12)
571.21: (-0.96, -0.20, -0.18)
571.31: (-0.89, -0.24, -0.40)
571.42: (-0.76, -0.27, -0.59)
571.54: (-0.65, -0.46, -0.60)
571.66: (-0.55, -0.80, -0.23)
571.76: (-0.45, -0.83, 0.31)
571.87: (-0.15, -0.48, 0.86)
571.99: (0.26, 0.04, 0.97)
572.11: (0.39, 0.53, 0.75)
572.21: (0.23, 0.89, 0.38)
572.32: (0.23, 0.89, 0.38)
572.44: (0.23, 0.89, 0.38)
572.56: (0.25, 0.90, 0.37)
572.67: (0.54, 0.84, -0.08)
572.77: (0.68, 0.58, -0.46)
572.89: (0.73, 0.20, -0.66)
573.01: (0.81, -0.23, -0.54)
573.12: (0.88, -0.47, -0.08)
573.24: (0.75, -0.50, 0.43)
573.36: (0.63, -0.43, 0.65)
573.46: (0.79, -0.39, 0.48)
573.57: (0.93, -0.30, 0.23)
573.69: (0.94, -0.31, 0.17)
573.79: (0.93, -0.34, 0.14)
573.91: (0.95, -0.32, 0.07)
573.92: (0.95, -0.32, 0.07)
573.92: (0.34, -0.41, 0.84): 0
574.02: (0.95, -0.32, 0.07)
574.14: (0.95, -0.30, 0.05)
574.24: (0.97, -0.23, -0.08)
574.36: (0.95, -0.10, -0.30)
574.47: (0.91, 0.08, -0.41)
574.59: (0.84, 0.27, -0.47)
574.71: (0.71, 0.39, -0.59)
574.82: (0.51, 0.52, -0.68)
574.94: (0.23, 0.62, -0.75)
575.06: (-0.13, 0.66, -0.74)
575.17: (-0.42, 0.66, -0.62)
575.29: (-0.71, 0.58, -0.40)
575.41: (-0.92, 0.39, -0.01)
575.52: (-0.84, 0.24, 0.48)
575.64: (-0.55, 0.09, 0.83)
575.76: (-0.19, -0.06, 0.98)
575.87: (0.22, -0.18, 0.96)
575.97: (0.50, -0.12, 0.86)
576.09: (0.52, -0.14, 0.84)
576.21: (0.48, -0.26, 0.83)
576.31: (0.46, -0.37, 0.81)
576.42: (0.43, -0.43, 0.79)
576.44: (0.43, -0.43, 0.79)
576.44: (0.90, -0.42, 0.14): 0
576.54: (0.43, -0.43, 0.79)
576.66: (0.29, -0.46, 0.84)
576.76: (0.23, -0.46, 0.86)
576.87: (0.56, -0.42, 0.72)
576.97: (0.71, -0.45, 0.54)
577.09: (0.86, -0.42, 0.30)
577.21: (0.89, -0.41, 0.21)
577.32: (0.89, -0.42, 0.17)
577.37: (0.89, -0.43, 0.16)
577.37: (-0.48, 0.86, 0.17): 0
577.44: (0.89, -0.43, 0.16)
577.56: (0.87, -0.42, 0.27)
577.67: (0.83, -0.46, 0.33)
577.77: (0.83, -0.46, 0.33)
577.89: (0.83, -0.46, 0.33)
577.99: (0.84, -0.44, 0.33)
578.11: (0.93, -0.26, 0.28)
578.22: (0.99, 0.08, 0.11)
578.34: (0.98, 0.22, 0.00)
578.46: (0.97, 0.20, -0.14)
578.57: (0.86, 0.10, -0.50)
578.69: (0.46, -0.02, -0.89)
578.79: (-0.03, 0.09, -1.00)
578.91: (-0.34, 0.37, -0.86)
579.02: (-0.39, 0.62, -0.68)
579.14: (-0.15, 0.85, -0.50)
579.25: (0.30, 0.91, -0.29)
579.36: (0.50, 0.86, -0.09)
579.47: (0.26, 0.96, 0.07)
579.59: (-0.23, 0.96, 0.19)
579.71: (-0.54, 0.80, 0.25)
579.82: (-0.60, 0.76, 0.25)
579.94: (-0.57, 0.78, 0.25)
580.05: (-0.52, 0.82, 0.23)
580.14: (-0.51, 0.83, 0.22)
580.14: (0.00, -0.53, -0.85): 1
580.17: (-0.51, 0.83, 0.22)
580.29: (-0.47, 0.86, 0.17)
580.40: (-0.30, 0.95, -0.05)
580.52: (-0.24, 0.92, -0.32)
580.64: (-0.04, 0.72, -0.69)
580.75: (0.30, 0.34, -0.89)
580.85: (0.64, 0.02, -0.77)
580.97: (0.93, -0.15, -0.35)
581.09: (0.99, -0.09, 0.05)
581.20: (0.87, -0.08, 0.49)
581.30: (0.61, -0.04, 0.79)
581.42: (0.24, 0.16, 0.96)
581.54: (-0.18, 0.37, 0.91)
581.65: (-0.49, 0.42, 0.77)
581.77: (-0.39, 0.45, 0.80)
581.87: (-0.39, 0.45, 0.80)
581.99: (-0.40, 0.47, 0.79)
582.10: (-0.67, 0.33, 0.67)
582.20: (-0.91, 0.13, 0.39)
582.32: (-0.99, 0.03, 0.12)
582.42: (-0.99, 0.01, -0.13)
582.54: (-0.90, 0.24, -0.37)
582.65: (-0.65, 0.73, -0.24)
582.77: (-0.25, 0.95, 0.19)
582.89: (0.17, 0.79, 0.58)
583.00: (0.50, 0.31, 0.81)
583.12: (0.62, -0.33, 0.71)
583.24: (0.52, -0.70, 0.49)
583.35: (0.52, -0.70, 0.49)
583.47: (0.52, -0.70, 0.49)
583.57: (0.52, -0.69, 0.50)
583.69: (0.43, -0.72, 0.55)
583.79: (0.14, -0.94, 0.32)
583.90: (-0.27, -0.95, -0.16)
584.02: (-0.47, -0.59, -0.65)
584.14: (-0.52, -0.01, -0.85)
584.25: (-0.51, 0.28, -0.82)
584.37: (-0.39, -0.05, -0.92)
584.49: (-0.13, -0.38, -0.92)
584.60: (-0.04, -0.49, -0.87)
584.72: (-0.02, -0.53, -0.85)
584.79: (-0.01, -0.53, -0.85)
584.79: (0.37, -0.32, -0.87): 1
584.84: (-0.01, -0.53, -0.85)
584.95: (-0.02, -0.56, -0.83)
585.07: (0.04, -0.67, -0.74)
585.19: (0.29, -0.58, -0.76)
585.29: (0.35, -0.49, -0.80)
585.40: (0.33, -0.41, -0.85)
585.52: (0.40, -0.28, -0.87)
585.59: (0.42, -0.26, -0.87)
585.59: (0.95, -0.32, -0.05): 2
585.62: (0.42, -0.27, -0.87)
585.74: (0.42, -0.27, -0.86)
585.84: (0.45, -0.31, -0.84)
585.95: (0.51, -0.35, -0.79)
586.07: (0.65, -0.41, -0.64)
586.19: (0.70, -0.59, -0.40)
586.30: (0.52, -0.85, -0.07)
586.42: (0.47, -0.87, 0.14)
586.52: (0.68, -0.72, 0.10)
586.64: (0.83, -0.55, -0.03)
586.75: (0.88, -0.47, -0.10)
586.87: (0.91, -0.40, -0.09)
586.95: (0.93, -0.37, -0.08)
586.95: (-0.75, -0.30, 0.58): 0
586.99: (0.93, -0.37, -0.08)
587.10: (0.94, -0.35, -0.04)
587.22: (0.96, -0.27, 0.04)
587.34: (0.97, -0.21, 0.12)
587.44: (0.98, -0.09, 0.18)
587.55: (0.94, 0.14, 0.30)
587.65: (0.85, 0.32, 0.43)
587.77: (0.71, 0.44, 0.55)
587.87: (0.54, 0.50, 0.67)
587.99: (0.29, 0.46, 0.84)
588.10: (0.06, 0.23, 0.97)
588.22: (-0.18, -0.17, 0.97)
588.34: (-0.42, -0.67, 0.62)
588.45: (-0.43, -0.90, -0.06)
588.57: (-0.51, -0.85, -0.13)
588.69: (-0.64, -0.76, 0.11)
588.80: (-0.68, -0.68, 0.28)
588.92: (-0.70, -0.58, 0.41)
589.04: (-0.74, -0.41, 0.53)
589.15: (-0.75, -0.38, 0.54)
589.27: (-0.75, -0.36, 0.55)
589.35: (-0.75, -0.32, 0.57)
589.35: (-0.73, 0.43, 0.53): 1
589.39: (-0.75, -0.32, 0.58)
589.50: (-0.72, -0.33, 0.61)
589.62: (-0.65, -0.32, 0.69)
589.74: (-0.64, -0.18, 0.75)
589.85: (-0.69, -0.06, 0.72)
589.95: (-0.69, -0.06, 0.72)
590.05: (-0.69, -0.06, 0.72)
590.17: (-0.69, -0.06, 0.72)
590.29: (-0.69, -0.09, 0.72)
590.39: (-0.71, 0.02, 0.70)
590.50: (-0.76, 0.22, 0.62)
590.62: (-0.74, 0.36, 0.57)
590.74: (-0.72, 0.42, 0.55)
590.79: (-0.72, 0.42, 0.55)
590.79: (0.21, -0.17, 0.96): 1
590.85: (-0.72, 0.42, 0.55)
590.97: (-0.72, 0.42, 0.55)
591.07: (-0.71, 0.52, 0.48)
591.19: (-0.68, 0.67, 0.28)
591.30: (-0.68, 0.73, 0.08)
591.42: (-0.64, 0.76, -0.11)
591.54: (-0.45, 0.83, -0.34)
591.65: (-0.23, 0.84, -0.50)
591.77: (0.14, 0.87, -0.47)
591.89: (0.48, 0.83, -0.29)
592.00: (0.75, 0.66, -0.05)
592.10: (0.87, 0.46, 0.18)
592.22: (0.87, 0.24, 0.44)
592.34: (0.79, 0.11, 0.61)
592.45: (0.67, 0.10, 0.74)
592.57: (0.48, 0.16, 0.86)
592.69: (0.28, 0.09, 0.96)
592.80: (0.27, -0.01, 0.96)
592.92: (0.27, -0.05, 0.96)
593.02: (0.20, -0.13, 0.97)
593.14: (0.18, -0.17, 0.97)
593.15: (0.17, -0.17, 0.97)
593.15: (0.53, -0.50, 0.69): 2
593.24: (0.17, -0.16, 0.97)
593.35: (0.17, -0.16, 0.97)
593.47: (0.17, -0.15, 0.97)
593.59: (0.30, -0.22, 0.93)
593.70: (0.52, -0.31, 0.79)
593.80: (0.54, -0.32, 0.78)
593.92: (0.47, -0.33, 0.82)
594.04: (0.47, -0.41, 0.78)
594.15: (0.49, -0.43, 0.76)
594.25: (0.50, -0.45, 0.74)
594.25: (-0.89, -0.43, 0.16): 0
594.25: (0.50, -0.45, 0.74)
594.37: (0.50, -0.45, 0.74)
594.49: (0.44, -0.36, 0.82)
594.59: (0.37, -0.20, 0.91)
594.70: (0.36, -0.09, 0.93)
594.82: (0.41, 0.08, 0.91)
594.94: (0.47, 0.56, 0.68)
595.04: (0.38, 0.82, 0.44)
595.14: (0.19, 0.96, 0.18)
595.25: (-0.10, 0.93, -0.35)
595.37: (-0.24, 0.54, -0.81)
595.49: (-0.16, 0.05, -0.99)
595.60: (0.05, -0.37, -0.93)
595.72: (0.48, -0.56, -0.68)
595.84: (0.79, -0.53, -0.32)
595.95: (0.78, -0.53, -0.33)
596.07: (0.78, -0.53, -0.33)
596.17: (0.78, -0.53, -0.33)
596.28: (0.81, -0.54, -0.25)
596.39: (0.77, -0.63, 0.10)
596.50: (0.52, -0.70, 0.49)
596.62: (0.43, -0.58, 0.70)
596.73: (0.16, -0.34, 0.93)
596.85: (-0.29, -0.29, 0.91)
596.97: (-0.79, -0.24, 0.57)
597.07: (-0.96, -0.14, 0.25)
597.18: (-0.98, 0.17, 0.10)
597.28: (-0.99, 0.09, 0.14)
597.40: (-0.97, -0.16, 0.16)
597.52: (-0.94, -0.30, 0.19)
597.63: (-0.89, -0.38, 0.25)
597.75: (-0.87, -0.43, 0.23)
597.77: (-0.87, -0.43, 0.23)
597.77: (-0.48, 0.02, -0.87): 0
597.87: (-0.87, -0.43, 0.23)
597.98: (-0.88, -0.40, 0.25)
598.08: (-0.89, -0.42, 0.19)
598.20: (-0.81, -0.59, 0.02)
598.32: (-0.57, -0.79, -0.23)
598.42: (-0.30, -0.86, -0.41)
598.53: (0.06, -0.88, -0.46)
598.65: (0.39, -0.87, -0.31)
598.77: (0.65, -0.76, -0.05)
598.88: (0.83, -0.54, 0.12)
599.00: (0.97, -0.23, 0.03)
599.12: (0.99, 0.14, 0.09)
599.23: (0.69, 0.42, 0.59)
599.35: (0.18, 0.42, 0.89)
599.45: (-0.36, 0.26, 0.90)
599.57: (-0.84, -0.15, 0.52)
599.68: (-0.72, -0.67, 0.15)
599.80: (-0.29, -0.93, 0.24)
599.92: (0.35, -0.94, 0.03)
600.03: (0.71, -0.69, -0.11)
600.15: (0.71, -0.70, -0.09)
600.27: (0.71, -0.70, -0.09)
600.38: (0.85, -0.53, 0.05)
600.48: (0.91, -0.31, -0.26)
600.58: (0.74, -0.01, -0.67)
600.70: (0.38, 0.23, -0.90)
600.82: (-0.13, 0.43, -0.89)
600.93: (-0.36, 0.66, -0.65)
601.03: (-0.40, 0.81, -0.42)
601.13: (-0.50, 0.66, -0.55)
601.25: (-0.59, 0.29, -0.75)
601.37: (-0.60, 0.03, -0.80)
601.48: (-0.61, 0.01, -0.79)
601.53: (-0.61, 0.01, -0.79)
601.53: (-0.98, -0.19, -0.04): 1
601.60: (-0.61, 0.01, -0.79)
601.72: (-0.60, 0.01, -0.80)
601.83: (-0.64, -0.05, -0.77)
601.95: (-0.89, -0.04, -0.46)
602.05: (-0.96, -0.04, -0.28)
602.15: (-0.97, -0.10, -0.23)
602.27: (-0.97, -0.18, -0.15)
602.38: (-0.97, -0.19, -0.13)
602.48: (-0.98, -0.19, -0.10)
602.48: (-0.34, 0.84, -0.43): 1
602.50: (-0.98, -0.19, -0.10)
602.62: (-0.98, -0.19, -0.06)
602.73: (-0.98, -0.11, 0.13)
602.85: (-0.94, -0.10, 0.34)
602.97: (-0.69, -0.14, 0.71)
603.08: (-0.34, -0.02, 0.94)
603.20: (-0.34, -0.02, 0.94)
603.32: (-0.34, -0.02, 0.94)
603.42: (-0.34, -0.02, 0.94)
603.53: (-0.39, 0.02, 0.92)
603.63: (-0.14, -0.11, 0.98)
603.75: (0.26, -0.42, 0.87)
603.87: (0.31, -0.61, 0.72)
603.98: (0.30, -0.85, 0.43)
604.10: (0.40, -0.91, 0.10)
604.20: (0.57, -0.80, -0.17)
604.32: (0.62, -0.55, -0.56)
604.43: (0.44, -0.30, -0.85)
604.55: (0.27, 0.09, -0.96)
604.67: (0.18, 0.51, -0.84)
604.78: (0.13, 0.83, -0.54)
604.90: (-0.20, 0.88, -0.42)
605.00: (-0.46, 0.78, -0.42)
605.12: (-0.46, 0.78, -0.42)
605.23: (-0.40, 0.81, -0.43)
605.33: (-0.35, 0.84, -0.42)
605.33: (0.37, -0.22, 0.90): 1
605.35: (-0.35, 0.84, -0.42)
605.47: (-0.29, 0.83, -0.48)
605.57: (-0.09, 0.64, -0.76)
605.68: (-0.08, 0.63, -0.77)
605.80: (0.10, 0.58, -0.81)
605.90: (0.37, 0.44, -0.82)
606.02: (0.71, 0.14, -0.69)
606.13: (0.90, -0.20, -0.38)
606.25: (0.87, -0.46, -0.21)
606.37: (0.70, -0.65, -0.31)
606.48: (0.42, -0.88, -0.21)
606.58: (0.13, -0.99, 0.01)
606.70: (0.21, -0.97, -0.06)
606.82: (0.22, -0.97, -0.07)
606.92: (0.27, -0.96, -0.06)
607.03: (0.12, -0.99, 0.07)
607.13: (-0.13, -0.96, 0.23)
607.25: (-0.36, -0.84, 0.41)
607.35: (-0.52, -0.58, 0.63)
607.47: (-0.57, -0.24, 0.79)
607.58: (-0.35, 0.03, 0.94)
607.70: (-0.27, 0.45, 0.85)
607.82: (-0.61, 0.53, 0.58)
607.92: (-0.54, 0.17, 0.83)
608.02: (-0.21, 0.04, 0.98)
608.13: (0.18, -0.21, 0.96)
608.25: (0.24, -0.22, 0.95)
608.37: (0.25, -0.20, 0.95)
608.47: (0.33, -0.19, 0.93)
608.58: (0.41, -0.21, 0.89)
608.62: (0.43, -0.22, 0.88)
608.62: (0.26, -0.59, -0.76): 2
608.68: (0.43, -0.22, 0.88)
608.80: (0.42, -0.22, 0.88)
608.92: (0.41, -0.21, 0.89)
609.03: (0.40, 0.07, 0.91)
609.15: (0.40, 0.48, 0.78)
609.27: (0.35, 0.74, 0.58)
609.38: (0.45, 0.84, 0.30)
609.50: (0.60, 0.80, 0.00)
609.60: (0.74, 0.64, -0.20)
609.70: (0.92, 0.29, -0.27)
609.82: (0.97, -0.15, -0.18)
609.93: (0.86, -0.52, -0.01)
610.03: (0.69, -0.72, 0.12)
610.15: (0.69, -0.69, 0.20)
610.27: (0.69, -0.69, 0.20)
610.38: (0.69, -0.69, 0.20)
610.48: (0.69, -0.69, 0.20)
610.60: (0.58, -0.74, 0.33)
610.72: (0.35, -0.80, 0.48)
610.83: (0.07, -0.79, 0.60)
610.95: (-0.20, -0.69, 0.69)
611.05: (-0.49, -0.54, 0.68)
611.17: (-0.84, -0.17, 0.51)
611.28: (-0.94, 0.25, 0.24)
611.40: (-0.81, 0.58, 0.00)
611.52: (-0.60, 0.79, -0.12)
611.63: (-0.32, 0.92, -0.24)
611.75: (-0.06, 0.97, -0.24)
611.85: (0.17, 0.97, -0.14)
611.97: (0.42, 0.91, 0.05)
612.08: (0.54, 0.75, 0.38)
612.18: (0.30, 0.55, 0.78)
612.30: (-0.38, 0.24, 0.89)
612.40: (-0.39, 0.24, 0.89)
612.52: (-0.40, 0.29, 0.87)
612.63: (-0.45, 0.52, 0.72)
612.75: (-0.55, 0.38, 0.74)
612.87: (-0.64, -0.15, 0.75)
612.98: (-0.53, -0.71, 0.47)
613.08: (-0.33, -0.94, -0.07)
613.20: (-0.05, -0.78, -0.62)
613.31: (0.06, -0.35, -0.93)
613.43: (0.02, -0.35, -0.94)
613.55: (0.02, -0.35, -0.94)
613.66: (0.00, -0.37, -0.93)
613.76: (0.09, -0.36, -0.93)
613.88: (0.19, -0.45, -0.87)
613.98: (0.23, -0.53, -0.82)
614.10: (0.21, -0.60, -0.77)
614.21: (0.21, -0.65, -0.73)
614.23: (0.21, -0.65, -0.73)
614.23: (-0.75, 0.01, 0.66): 1
614.33: (0.21, -0.64, -0.73)
614.45: (0.26, -0.64, -0.73)
614.55: (0.31, -0.63, -0.72)
614.66: (0.38, -0.44, -0.81)
614.78: (0.25, -0.02, -0.97)
614.90: (0.15, 0.45, -0.88)
615.00: (0.22, 0.77, -0.60)
615.11: (0.13, 0.95, -0.27)
615.23: (-0.22, 0.97, -0.12)
615.35: (-0.19, 0.96, -0.21)
615.45: (-0.19, 0.96, -0.21)
615.56: (-0.19, 0.96, -0.21)
615.66: (-0.21, 0.95, -0.22)
615.76: (-0.39, 0.92, -0.06)
615.88: (-0.69, 0.64, 0.34)
616.00: (-0.79, 0.10, 0.60)
616.11: (-0.64, -0.47, 0.60)
616.23: (-0.64, -0.52, 0.56)
616.35: (-0.75, -0.29, 0.59)
616.46: (-0.75, -0.16, 0.64)
616.58: (-0.74, -0.10, 0.67)
616.70: (-0.75, -0.01, 0.66)
616.75: (-0.76, 0.00, 0.65)
616.75: (-0.90, -0.11, -0.43): 1
616.80: (-0.76, 0.00, 0.65)
616.91: (-0.76, 0.00, 0.65)
617.03: (-0.72, -0.16, 0.67)
617.13: (-0.65, -0.35, 0.67)
617.25: (-0.49, -0.62, 0.62)
617.36: (-0.35, -0.76, 0.55)
617.48: (-0.35, -0.84, 0.41)
617.60: (-0.37, -0.92, 0.15)
617.70: (-0.39, -0.92, -0.10)
617.81: (-0.39, -0.81, -0.44)
617.93: (-0.44, -0.57, -0.70)
618.05: (-0.46, -0.31, -0.83)
618.15: (-0.54, -0.12, -0.83)
618.26: (-0.79, -0.10, -0.60)
618.38: (-0.90, -0.10, -0.43)
618.50: (-0.90, -0.10, -0.42)
618.55: (-0.90, -0.10, -0.42)
618.55: (-0.29, 0.76, 0.58): 2
618.61: (-0.90, -0.10, -0.42)
618.71: (-0.91, -0.06, -0.41)
618.83: (-0.92, 0.12, -0.38)
618.95: (-0.88, 0.28, -0.38)
619.06: (-0.83, 0.48, -0.28)
619.16: (-0.75, 0.64, -0.15)
619.28: (-0.71, 0.70, -0.08)
619.40: (-0.65, 0.76, 0.08)
619.50: (-0.53, 0.80, 0.30)
619.61: (-0.46, 0.79, 0.41)
619.73: (-0.46, 0.79, 0.41)
619.83: (-0.43, 0.76, 0.48)
619.93: (-0.41, 0.74, 0.53)
620.05: (-0.37, 0.75, 0.55)
620.16: (-0.31, 0.75, 0.58)
620.23: (-0.31, 0.75, 0.58)
620.23: (0.79, 0.42, 0.45): 0
620.26: (-0.31, 0.75, 0.58)
620.38: (-0.31, 0.75, 0.59)
620.50: (-0.27, 0.74, 0.61)
620.60: (-0.19, 0.72, 0.67)
620.71: (0.01, 0.65, 0.76)
620.83: (0.24, 0.62, 0.75)
620.93: (0.54, 0.49, 0.68)
621.05: (0.54, 0.48, 0.69)
621.15: (0.54, 0.48, 0.69)
621.26: (0.54, 0.48, 0.69)
621.36: (0.62, 0.50, 0.61)
621.48: (0.75, 0.41, 0.51)
621.60: (0.80, 0.37, 0.47)
621.70: (0.80, 0.37, 0.47)
621.78: (0.80, 0.37, 0.47)
621.78: (-0.42, -0.14, -0.90): 1
621.81: (0.80, 0.37, 0.47)
621.91: (0.80, 0.37, 0.47)
622.03: (0.83, 0.41, 0.38)
622.15: (0.87, 0.44, 0.20)
622.26: (0.91, 0.42, -0.04)
622.38: (0.87, 0.31, -0.37)
622.50: (0.74, 0.12, -0.66)
622.61: (0.53, -0.23, -0.82)
622.73: (0.30, -0.57, -0.76)
622.85: (0.08, -0.85, -0.52)
622.95: (-0.15, -0.94, -0.30)
623.05: (-0.37, -0.91, -0.16)
623.15: (-0.59, -0.80, -0.10)
623.26: (-0.80, -0.59, -0.11)
623.38: (-0.95, -0.29, -0.04)
623.50: (-0.98, 0.03, 0.20)
623.61: (-0.92, 0.33, 0.21)
623.73: (-0.76, 0.65, 0.03)
623.83: (-0.53, 0.84, -0.12)
623.95: (-0.46, 0.86, -0.23)
624.05: (-0.46, 0.86, -0.23)
624.15: (-0.46, 0.86, -0.23)
624.26: (-0.46, 0.86, -0.23)
624.36: (-0.46, 0.86, -0.22)
624.48: (-0.22, 0.96, -0.20)
624.60: (0.32, 0.92, -0.23)
624.71: (0.63, 0.59, -0.51)
624.83: (0.66, 0.20, -0.72)
624.93: (0.57, -0.23, -0.79)
625.05: (0.29, -0.55, -0.78)
625.16: (-0.16, -0.40, -0.90)
625.28: (-0.58, -0.15, -0.80)
625.40: (-0.58, -0.15, -0.80)
625.50: (-0.58, -0.15, -0.80)
625.61: (-0.57, -0.17, -0.81)
625.71: (-0.49, -0.19, -0.85)
625.83: (-0.39, -0.18, -0.90)
625.93: (-0.39, -0.18, -0.90)
625.93: (0.36, -0.38, -0.85): 0
625.95: (-0.39, -0.18, -0.90)
626.06: (-0.40, -0.17, -0.90)
626.16: (-0.31, -0.13, -0.94)
626.28: (0.13, -0.26, -0.96)
626.40: (0.20, -0.36, -0.91)
626.51: (0.18, -0.35, -0.92)
626.63: (0.21, -0.35, -0.91)
626.75: (0.34, -0.34, -0.88)
626.85: (0.37, -0.34, -0.87)
626.90: (0.37, -0.34, -0.86)
626.90: (-0.97, -0.10, 0.24): 0
626.96: (0.37, -0.34, -0.86)
627.08: (0.45, -0.37, -0.81)
627.20: (0.56, -0.44, -0.70)
627.30: (0.70, -0.44, -0.57)
627.41: (0.90, -0.35, -0.27)
627.53: (0.96, -0.16, 0.22)
627.65: (0.69, 0.24, 0.69)
627.76: (0.37, 0.54, 0.76)
627.88: (-0.06, 0.72, 0.69)
628.00: (-0.20, 0.77, 0.60)
628.11: (-0.20, 0.77, 0.60)
628.23: (-0.20, 0.77, 0.60)
628.33: (-0.20, 0.77, 0.60)
628.45: (-0.21, 0.75, 0.63)
628.56: (-0.37, 0.68, 0.63)
628.68: (-0.73, 0.54, 0.41)
628.80: (-0.90, 0.43, 0.12)
628.91: (-0.93, 0.32, -0.20)
629.03: (-0.99, 0.12, -0.11)
629.15: (-0.99, -0.01, 0.15)
629.25: (-0.97, -0.11, 0.20)
629.36: (-0.97, -0.11, 0.20)
629.40: (-0.97, -0.11, 0.20)
629.40: (-0.17, 0.98, -0.14): 1
629.48: (-0.97, -0.11, 0.20)
629.59: (-0.97, -0.11, 0.20)
629.70: (-0.98, -0.09, 0.18)
629.81: (-1.00, -0.02, 0.04)
629.93: (-0.96, 0.02, -0.28)
630.04: (-0.85, -0.06, -0.52)
630.16: (-0.64, -0.06, -0.76)
630.28: (-0.28, -0.11, -0.95)
630.38: (0.21, -0.30, -0.93)
630.49: (0.69, -0.33, -0.65)
630.59: (0.85, -0.10, -0.51)
630.71: (0.86, 0.30, -0.41)
630.83: (0.62, 0.67, -0.41)
630.93: (0.30, 0.90, -0.31)
631.04: (0.00, 1.00, -0.09)
631.16: (-0.31, 0.95, -0.02)
631.28: (-0.31, 0.95, -0.02)
631.39: (-0.31, 0.95, -0.03)
631.49: (-0.25, 0.96, -0.16)
631.61: (-0.14, 0.94, -0.31)
631.73: (-0.11, 0.96, -0.27)
631.84: (-0.11, 0.97, -0.21)
631.96: (-0.11, 0.98, -0.19)
631.96: (-0.87, 0.47, 0.10): 0
631.96: (-0.11, 0.98, -0.19)
632.08: (-0.11, 0.98, -0.19)
632.18: (-0.11, 0.98, -0.19)
632.29: (-0.25, 0.95, -0.18)
632.41: (-0.63, 0.77, -0.13)
632.53: (-0.94, 0.08, -0.33)
632.64: (-0.81, -0.44, -0.39)
632.74: (-0.92, -0.04, -0.40)
632.86: (-0.88, 0.24, -0.41)
632.98: (-0.83, 0.52, -0.20)
633.09: (-0.84, 0.55, -0.03)
633.21: (-0.86, 0.50, 0.04)
633.31: (-0.87, 0.49, 0.07)
633.31: (0.34, -0.58, -0.74): 1
633.33: (-0.87, 0.49, 0.07)
633.43: (-0.87, 0.49, 0.07)
633.53: (-0.89, 0.45, 0.09)
633.64: (-0.94, 0.30, 0.17)
633.76: (-0.99, -0.04, 0.13)
633.88: (-0.89, -0.44, -0.14)
633.99: (-0.70, -0.68, -0.20)
634.11: (-0.77, -0.63, 0.09)
634.23: (-0.82, -0.24, 0.52)
634.34: (-0.64, 0.38, 0.67)
634.44: (-0.42, 0.81, 0.40)
634.56: (-0.21, 0.97, -0.11)
634.68: (0.03, 0.73, -0.68)
634.79: (0.15, 0.20, -0.97)
634.91: (0.08, -0.35, -0.93)
635.03: (-0.05, -0.82, -0.57)
635.14: (-0.14, -0.98, -0.11)
635.24: (-0.16, -0.98, -0.13)
635.36: (-0.16, -0.98, -0.13)
635.48: (-0.21, -0.94, -0.27)
635.58: (-0.07, -0.87, -0.49)
635.69: (0.14, -0.74, -0.65)
635.81: (0.24, -0.74, -0.63)
635.93: (0.33, -0.68, -0.66)
636.04: (0.36, -0.62, -0.70)
636.08: (0.37, -0.61, -0.70)
636.08: (0.67, -0.71, -0.20): 2
636.16: (0.36, -0.61, -0.70)
636.28: (0.38, -0.59, -0.71)
636.39: (0.48, -0.56, -0.67)
636.51: (0.61, -0.67, -0.43)
636.63: (0.63, -0.70, -0.34)
636.74: (0.67, -0.69, -0.27)
636.84: (0.68, -0.69, -0.23)
636.86: (0.68, -0.69, -0.23)
636.86: (-0.60, 0.79, -0.08): 0
636.96: (0.68, -0.69, -0.23)
637.08: (0.67, -0.73, -0.15)
637.19: (0.54, -0.84, 0.07)
637.31: (0.29, -0.93, 0.21)
637.43: (-0.12, -0.98, 0.17)
637.54: (-0.60, -0.80, -0.02)
637.66: (-0.88, -0.42, -0.21)
637.76: (-0.95, -0.08, -0.30)
637.88: (-0.94, 0.25, -0.25)
637.98: (-0.83, 0.54, -0.12)
638.09: (-0.55, 0.83, 0.02)
638.19: (-0.37, 0.93, 0.07)
638.29: (-0.46, 0.89, 0.03)
638.41: (-0.57, 0.83, 0.00)
638.51: (-0.57, 0.82, 0.00)
638.63: (-0.60, 0.80, -0.03)
638.63: (0.63, 0.53, -0.57): 2
638.63: (-0.60, 0.80, -0.03)
638.74: (-0.60, 0.80, -0.04)
638.86: (-0.51, 0.81, -0.30)
638.98: (-0.21, 0.78, -0.59)
639.09: (0.24, 0.63, -0.74)
639.21: (0.53, 0.42, -0.73)
639.33: (0.53, 0.42, -0.73)
639.44: (0.53, 0.42, -0.73)
639.54: (0.56, 0.45, -0.69)
639.66: (0.59, 0.51, -0.62)
639.78: (0.60, 0.52, -0.61)
639.79: (0.60, 0.52, -0.61)
639.79: (-0.66, 0.20, -0.73): 0
639.89: (0.60, 0.52, -0.61)
640.01: (0.69, 0.43, -0.58)
640.13: (0.89, 0.17, -0.43)
640.24: (0.96, -0.11, -0.27)
640.34: (0.91, -0.38, -0.13)
640.46: (0.63, -0.77, 0.06)
640.56: (0.27, -0.93, 0.24)
640.68: (0.28, -0.93, 0.22)
640.78: (0.28, -0.93, 0.22)
640.88: (0.31, -0.92, 0.22)
640.99: (0.21, -0.91, 0.37)
641.11: (-0.16, -0.79, 0.59)
641.23: (-0.47, -0.51, 0.72)
641.34: (-0.62, -0.16, 0.76)
641.46: (-0.72, 0.25, 0.65)
641.58: (-0.75, 0.33, 0.57)
641.69: (-0.75, 0.33, 0.57)
641.79: (-0.75, 0.33, 0.57)
641.89: (-0.73, 0.38, 0.56)
642.01: (-0.72, 0.58, 0.37)
642.13: (-0.63, 0.77, 0.10)
642.24: (-0.44, 0.89, -0.15)
642.36: (-0.12, 0.93, -0.34)
642.48: (0.14, 0.91, -0.39)
642.59: (0.30, 0.90, -0.32)
642.69: (0.53, 0.81, -0.26)
642.81: (0.59, 0.73, -0.35)
642.93: (0.59, 0.73, -0.35)
643.03: (0.59, 0.74, -0.33)
643.14: (0.71, 0.57, -0.41)
643.26: (0.89, 0.05, -0.46)
643.38: (0.95, -0.14, -0.27)
643.49: (0.98, -0.16, -0.09)
643.61: (0.98, -0.09, 0.15)
643.71: (0.95, -0.06, 0.32)
643.83: (0.79, -0.49, 0.37)
643.93: (0.73, -0.61, 0.32)
644.04: (0.77, -0.58, 0.28)
644.16: (0.77, -0.58, 0.28)
644.28: (0.77, -0.58, 0.27)
644.39: (0.69, -0.72, 0.12)
644.51: (0.30, -0.94, -0.18)
644.63: (0.01, -0.88, -0.48)
644.74: (-0.08, -0.70, -0.71)
644.86: (-0.11, -0.37, -0.92)
644.96: (-0.06, -0.03, -1.00)
645.08: (0.06, 0.37, -0.93)
645.19: (-0.23, 0.40, -0.89)
645.29: (-0.49, 0.25, -0.84)
645.41: (-0.54, 0.17, -0.82)
645.53: (-0.57, 0.22, -0.79)
645.64: (-0.68, 0.25, -0.69)
645.73: (-0.70, 0.25, -0.66)
645.73: (-1.00, 0.00, -0.05): 2
645.76: (-0.70, 0.25, -0.66)
645.86: (-0.70, 0.25, -0.67)
645.98: (-0.72, 0.21, -0.66)
646.09: (-0.85, 0.09, -0.52)
646.21: (-0.94, -0.09, -0.33)
646.32: (-0.96, -0.06, -0.28)
646.44: (-0.88, -0.05, -0.48)
646.56: (-0.78, -0.01, -0.62)
646.66: (-0.83, 0.01, -0.55)
646.77: (-0.85, 0.04, -0.53)
646.89: (-0.85, 0.04, -0.53)
647.01: (-0.85, 0.02, -0.52)
647.11: (-0.88, 0.04, -0.48)
647.22: (-0.96, 0.12, -0.27)
647.34: (-0.97, 0.18, -0.16)
647.44: (-0.99, 0.10, -0.12)
647.56: (-1.00, 0.05, -0.07)
647.62: (-1.00, 0.04, -0.07)
647.62: (-0.80, 0.08, -0.60): 0
647.67: (-1.00, 0.03, -0.06)
647.79: (-1.00, 0.03, -0.08)
647.91: (-0.99, 0.01, -0.17)
648.01: (-0.90, 0.01, -0.43)
648.12: (-0.89, 0.05, -0.45)
648.24: (-0.89, 0.05, -0.45)
648.26: (-0.89, 0.05, -0.45)
648.26: (0.91, 0.18, 0.36): 0
648.36: (-0.88, 0.06, -0.48)
648.47: (-0.85, 0.08, -0.52)
648.59: (-0.85, 0.08, -0.52)
648.71: (-0.79, 0.11, -0.60)
648.82: (-0.60, 0.12, -0.79)
648.94: (-0.38, -0.08, -0.92)
649.06: (-0.21, 0.17, -0.96)
649.17: (0.15, 0.65, -0.75)
649.29: (0.56, 0.72, -0.42)
649.39: (0.89, 0.44, -0.12)
649.51: (0.99, 0.12, -0.01)
649.62: (0.99, 0.12, -0.01)
649.74: (0.99, 0.12, -0.01)
649.86: (1.00, 0.04, 0.00)
649.97: (0.98, 0.09, 0.15)
650.09: (0.96, 0.12, 0.27)
650.21: (0.93, 0.13, 0.33)
650.24: (0.93, 0.13, 0.34)
650.24: (0.87, -0.18, 0.45): 2
650.32: (0.93, 0.13, 0.34)
650.42: (0.91, 0.06, 0.41)
650.54: (0.85, -0.09, 0.51)
650.66: (0.89, -0.13, 0.45)
650.76: (0.90, -0.16, 0.41)
650.79: (0.90, -0.16, 0.41)
650.79: (0.67, 0.69, -0.27): 1
650.87: (0.90, -0.17, 0.41)
650.99: (0.87, -0.24, 0.43)
651.11: (0.81, -0.35, 0.47)
651.22: (0.73, -0.50, 0.46)
651.34: (0.60, -0.71, 0.36)
651.44: (0.41, -0.87, 0.28)
651.56: (-0.02, -0.90, 0.43)
651.66: (-0.27, -0.67, 0.69)
651.77: (-0.53, -0.28, 0.80)
651.89: (-0.77, -0.08, 0.63)
652.01: (-0.96, -0.06, 0.28)
652.12: (-0.95, -0.27, -0.12)
652.24: (-0.70, -0.58, -0.42)
652.36: (-0.38, -0.77, -0.51)
652.46: (-0.10, -0.87, -0.49)
652.57: (0.27, -0.91, -0.30)
652.69: (0.57, -0.82, -0.02)
652.81: (0.78, -0.51, 0.35)
652.92: (0.78, -0.08, 0.62)
653.04: (0.60, 0.29, 0.74)
653.14: (0.37, 0.56, 0.75)
653.24: (0.11, 0.75, 0.65)
653.36: (-0.23, 0.88, 0.41)
653.46: (-0.46, 0.86, 0.22)
653.57: (-0.67, 0.75, 0.00)
653.69: (-0.85, 0.51, -0.17)
653.81: (-0.90, 0.42, -0.13)
653.91: (-0.90, 0.42, -0.13)
654.01: (-0.90, 0.42, -0.13)
654.12: (-0.90, 0.42, -0.13)
654.24: (-0.99, 0.11, 0.01)
654.36: (-0.85, -0.52, 0.03)
654.47: (-0.44, -0.89, -0.10)
654.57: (-0.10, -0.99, -0.03)
654.69: (0.31, -0.91, 0.27)
654.79: (0.58, -0.71, 0.41)
654.89: (0.54, -0.73, 0.42)
654.99: (0.54, -0.73, 0.42)
655.11: (0.64, -0.71, 0.28)
655.22: (0.79, -0.51, -0.35)
655.34: (0.59, -0.29, -0.75)
655.46: (0.39, -0.04, -0.92)
655.57: (0.21, 0.27, -0.94)
655.69: (0.04, 0.62, -0.79)
655.79: (-0.17, 0.79, -0.59)
655.91: (-0.45, 0.79, -0.42)
656.02: (-0.22, 0.91, -0.34)
656.12: (0.22, 0.91, -0.36)
656.24: (0.56, 0.73, -0.40)
656.36: (0.71, 0.61, -0.36)
656.47: (0.71, 0.63, -0.33)
656.59: (0.69, 0.66, -0.29)
656.61: (0.69, 0.66, -0.29)
656.61: (-0.41, 0.68, -0.61): 1
656.69: (0.70, 0.66, -0.29)
656.81: (0.70, 0.64, -0.32)
656.92: (0.73, 0.56, -0.40)
657.04: (0.69, 0.48, -0.54)
657.16: (0.56, 0.28, -0.78)
657.27: (0.34, -0.01, -0.94)
657.39: (0.25, -0.39, -0.89)
657.51: (0.14, -0.67, -0.73)
657.61: (-0.01, -0.80, -0.60)
657.72: (-0.15, -0.93, -0.34)
657.84: (-0.17, -0.98, 0.10)
657.96: (-0.07, -0.81, 0.58)
658.06: (-0.17, -0.51, 0.84)
658.16: (-0.27, -0.19, 0.94)
658.27: (-0.49, 0.11, 0.86)
658.39: (-0.82, 0.20, 0.53)
658.51: (-0.99, 0.13, 0.06)
658.61: (-0.91, 0.03, -0.41)
658.72: (-0.52, -0.04, -0.85)
658.84: (0.03, -0.03, -1.00)
658.96: (0.52, -0.04, -0.85)
659.06: (0.84, -0.14, -0.53)
659.17: (0.96, -0.28, -0.02)
659.29: (0.82, -0.39, 0.42)
659.41: (0.52, -0.63, 0.57)
659.52: (0.09, -0.93, 0.36)
659.62: (-0.37, -0.93, 0.05)
659.74: (-0.76, -0.52, -0.38)
659.86: (-0.68, 0.07, -0.73)
659.97: (-0.07, 0.53, -0.85)
660.07: (0.61, 0.59, -0.53)
660.19: (0.95, 0.32, 0.01)
660.31: (0.91, 0.40, 0.02)
660.42: (0.74, 0.65, -0.14)
660.52: (0.54, 0.79, -0.29)
660.64: (0.43, 0.80, -0.42)
660.76: (0.34, 0.80, -0.49)
660.87: (0.10, 0.82, -0.56)
660.99: (-0.22, 0.77, -0.59)
661.11: (-0.34, 0.73, -0.59)
661.22: (-0.38, 0.70, -0.61)
661.34: (-0.40, 0.68, -0.61)
661.34: (-0.96, -0.06, 0.27): 0
661.34: (-0.40, 0.68, -0.61)
661.46: (-0.40, 0.68, -0.61)
661.57: (-0.27, 0.68, -0.68)
661.69: (-0.27, 0.68, -0.68)
661.79: (-0.27, 0.68, -0.68)
661.91: (-0.27, 0.68, -0.68)
662.02: (-0.20, 0.64, -0.74)
662.14: (-0.01, 0.47, -0.88)
662.26: (0.26, 0.14, -0.96)
662.37: (0.53, -0.15, -0.83)
662.49: (0.80, -0.23, -0.55)
662.59: (0.98, -0.11, -0.15)
662.71: (0.93, 0.13, 0.35)
662.81: (0.96, 0.08, 0.26)
662.91: (0.96, 0.08, 0.26)
663.02: (0.96, 0.09, 0.26)
663.12: (0.97, 0.16, 0.18)
663.24: (0.68, 0.52, 0.52)
663.35: (0.13, 0.51, 0.85)
663.47: (-0.27, 0.26, 0.93)
663.59: (-0.41, -0.24, 0.88)
663.70: (-0.24, -0.73, 0.64)
663.82: (0.06, -0.97, 0.24)
663.92: (-0.06, -0.99, 0.11)
664.04: (-0.46, -0.87, 0.19)
664.14: (-0.71, -0.66, 0.24)
664.25: (-0.84, -0.47, 0.28)
664.37: (-0.94, -0.19, 0.27)
664.49: (-0.95, -0.14, 0.28)
664.60: (-0.95, -0.14, 0.28)
664.60: (0.71, 0.05, 0.71): 2
664.60: (-0.95, -0.14, 0.28)
664.72: (-0.95, -0.14, 0.28)
664.84: (-0.93, -0.10, 0.35)
664.95: (-0.84, 0.06, 0.55)
665.07: (-0.57, 0.12, 0.81)
665.19: (-0.05, 0.02, 1.00)
665.29: (0.40, -0.10, 0.91)
665.40: (0.78, -0.26, 0.58)
665.52: (0.85, -0.22, 0.47)
665.62: (0.80, -0.07, 0.59)
665.74: (0.73, 0.02, 0.68)
665.85: (0.72, 0.06, 0.69)
665.87: (0.72, 0.06, 0.69)
665.87: (0.31, 0.31, 0.90): 2
665.97: (0.74, 0.11, 0.66)
666.09: (0.78, 0.27, 0.57)
666.20: (0.71, 0.38, 0.60)
666.30: (0.47, 0.34, 0.82)
666.42: (0.42, 0.31, 0.85)
666.54: (0.42, 0.35, 0.84)
666.54: (-0.90, 0.26, 0.35): 2
666.54: (0.42, 0.35, 0.84)
666.65: (0.40, 0.39, 0.83)
666.77: (0.27, 0.54, 0.80)
666.89: (0.20, 0.67, 0.71)
667.00: (0.20, 0.81, 0.55)
667.12: (0.24, 0.93, 0.28)
667.22: (0.38, 0.92, 0.06)
667.34: (0.71, 0.69, -0.15)
667.45: (0.93, 0.29, -0.22)
667.55: (0.96, -0.23, -0.18)
667.67: (0.69, -0.72, 0.08)
667.77: (0.26, -0.91, 0.33)
667.89: (-0.30, -0.85, 0.44)
667.99: (-0.76, -0.55, 0.36)
668.10: (-0.99, -0.06, 0.14)
668.22: (-0.93, 0.36, 0.01)
668.32: (-0.86, 0.52, 0.00)
668.44: (-0.89, 0.44, 0.10)
668.55: (-0.92, 0.32, 0.23)
668.67: (-0.90, 0.30, 0.32)
668.70: (-0.89, 0.31, 0.34)
668.70: (-0.83, 0.07, 0.56): 0
668.79: (-0.89, 0.31, 0.35)
668.90: (-0.80, 0.28, 0.53)
669.02: (-0.59, 0.23, 0.78)
669.14: (-0.67, 0.17, 0.73)
669.25: (-0.79, 0.16, 0.59)
669.37: (-0.80, 0.15, 0.58)
669.49: (-0.81, 0.13, 0.57)
669.49: (-0.89, 0.45, 0.04): 1
669.49: (-0.81, 0.13, 0.57)
669.60: (-0.82, 0.13, 0.56)
669.72: (-0.81, 0.12, 0.57)
669.84: (-0.86, 0.17, 0.48)
669.95: (-0.91, 0.32, 0.25)
670.07: (-0.91, 0.33, 0.23)
670.17: (-0.90, 0.40, 0.18)
670.29: (-0.89, 0.43, 0.14)
670.35: (-0.89, 0.43, 0.14)
670.35: (0.03, 0.53, -0.85): 0
670.40: (-0.89, 0.43, 0.14)
670.50: (-0.89, 0.43, 0.14)
670.62: (-0.86, 0.49, 0.15)
670.74: (-0.73, 0.62, 0.30)
670.85: (-0.51, 0.71, 0.48)
670.95: (-0.15, 0.80, 0.58)
671.07: (0.22, 0.80, 0.55)
671.17: (0.44, 0.69, 0.58)
671.27: (0.80, 0.42, 0.43)
671.39: (1.00, 0.04, -0.01)
671.49: (0.93, -0.34, -0.14)
671.60: (0.63, -0.78, 0.05)
671.72: (0.13, -0.87, 0.48)
671.82: (-0.33, -0.49, 0.81)
671.94: (-0.50, 0.36, 0.79)
672.05: (-0.18, 0.92, 0.34)
672.17: (0.30, 0.95, -0.06)
672.29: (0.72, 0.59, -0.36)
672.40: (0.85, -0.02, -0.52)
672.52: (0.81, -0.36, -0.47)
672.62: (0.81, -0.36, -0.47)
672.74: (0.81, -0.36, -0.47)
672.84: (0.81, -0.36, -0.47)
672.94: (0.80, -0.35, -0.49)
673.05: (0.64, -0.23, -0.73)
673.17: (0.37, -0.07, -0.93)
673.29: (0.15, 0.03, -0.99)
673.40: (0.02, 0.04, -1.00)
673.52: (-0.03, 0.18, -0.98)
673.64: (0.08, 0.30, -0.95)
673.75: (0.09, 0.37, -0.92)
673.87: (0.06, 0.48, -0.88)
673.97: (0.06, 0.53, -0.85)
673.97: (-1.00, -0.01, 0.01): 1
673.97: (0.06, 0.53, -0.85)
674.07: (0.06, 0.53, -0.85)
674.19: (0.13, 0.58, -0.81)
674.30: (0.14, 0.66, -0.74)
674.42: (0.21, 0.79, -0.57)
674.54: (0.47, 0.85, -0.25)
674.65: (0.75, 0.64, 0.19)
674.77: (0.76, 0.19, 0.63)
674.89: (0.57, -0.18, 0.80)
675.00: (0.37, -0.52, 0.77)
675.12: (0.11, -0.85, 0.51)
675.22: (-0.16, -0.98, 0.12)
675.34: (-0.37, -0.87, -0.32)
675.45: (-0.38, -0.63, -0.68)
675.57: (-0.16, -0.35, -0.92)
675.67: (0.18, -0.12, -0.98)
675.79: (0.64, 0.10, -0.76)
675.90: (0.93, 0.19, -0.32)
676.02: (0.97, 0.03, 0.23)
676.14: (0.64, -0.35, 0.69)
676.25: (-0.10, -0.72, 0.69)
676.37: (-0.78, -0.61, 0.16)
676.49: (-0.88, -0.03, -0.48)
676.59: (-0.52, 0.43, -0.73)
676.70: (-0.35, 0.61, -0.71)
676.82: (-0.49, 0.63, -0.60)
676.94: (-0.73, 0.54, -0.42)
677.05: (-0.89, 0.32, -0.33)
677.17: (-0.94, 0.13, -0.31)
677.29: (-0.98, 0.03, -0.21)
677.39: (-1.00, -0.02, -0.08)
677.50: (-1.00, -0.04, 0.00)
677.59: (-1.00, -0.04, 0.00)
677.59: (0.97, -0.02, -0.24): 2
677.62: (-1.00, -0.04, 0.00)
677.74: (-1.00, -0.06, -0.01)
677.84: (-0.99, -0.09, -0.13)
677.95: (-0.99, -0.09, -0.13)
678.05: (-0.99, -0.09, -0.13)
678.17: (-0.99, -0.09, -0.13)
678.27: (-0.99, -0.09, -0.13)
678.39: (-0.96, -0.15, -0.22)
678.50: (-0.83, -0.22, -0.51)
678.62: (-0.56, -0.21, -0.80)
678.74: (-0.32, -0.11, -0.94)
678.85: (-0.03, 0.08, -1.00)
678.97: (0.26, 0.29, -0.92)
679.09: (0.46, 0.42, -0.78)
679.20: (0.64, 0.48, -0.60)
679.32: (0.79, 0.46, -0.40)
679.44: (0.91, 0.38, -0.17)
679.55: (0.95, 0.30, 0.02)
679.65: (0.98, 0.19, 0.02)
679.77: (0.99, 0.04, -0.13)
679.88: (0.98, -0.05, -0.21)
679.92: (0.98, -0.05, -0.21)
679.92: (0.48, -0.44, 0.76): 0
680.00: (0.98, -0.05, -0.21)
680.12: (0.92, -0.09, -0.39)
680.22: (0.84, -0.10, -0.54)
680.34: (0.72, -0.17, -0.67)
680.45: (0.49, -0.34, -0.80)
680.57: (0.23, -0.49, -0.84)
680.69: (-0.06, -0.62, -0.79)
680.80: (-0.36, -0.68, -0.64)
680.92: (-0.62, -0.64, -0.47)
681.03: (-0.83, -0.48, -0.29)
681.15: (-0.97, -0.21, -0.08)
681.27: (-0.99, 0.07, 0.15)
681.38: (-0.90, 0.27, 0.34)
681.50: (-0.75, 0.42, 0.51)
681.62: (-0.49, 0.55, 0.67)
681.73: (-0.18, 0.59, 0.79)
681.85: (0.17, 0.61, 0.77)
681.95: (0.46, 0.64, 0.62)
682.07: (0.72, 0.60, 0.34)
682.18: (0.91, 0.42, 0.01)
682.30: (0.92, 0.07, -0.37)
682.42: (0.78, 0.01, -0.63)
682.52: (0.60, 0.22, -0.77)
682.63: (0.32, 0.60, -0.73)
682.75: (0.03, 0.88, -0.48)
682.87: (-0.19, 0.98, -0.01)
682.98: (-0.31, 0.82, 0.48)
683.10: (-0.43, 0.44, 0.79)
683.22: (-0.43, 0.02, 0.90)
683.33: (-0.29, -0.41, 0.86)
683.45: (-0.09, -0.75, 0.66)
683.55: (0.12, -0.91, 0.39)
683.67: (0.38, -0.92, 0.05)
683.78: (0.65, -0.76, 0.04)
683.90: (0.73, -0.62, 0.28)
684.00: (0.67, -0.54, 0.51)
684.12: (0.53, -0.49, 0.69)
684.23: (0.44, -0.44, 0.78)
684.28: (0.44, -0.44, 0.79)
684.28: (0.37, 0.10, -0.92): 0
684.33: (0.44, -0.44, 0.79)
684.45: (0.44, -0.41, 0.80)
684.55: (0.44, -0.25, 0.86)
684.67: (0.41, 0.05, 0.91)
684.78: (0.46, 0.38, 0.80)
684.90: (0.55, 0.61, 0.57)
685.02: (0.57, 0.71, 0.41)
685.12: (0.58, 0.78, 0.23)
685.23: (0.56, 0.83, -0.01)
685.35: (0.54, 0.82, -0.21)
685.47: (0.54, 0.77, -0.33)
685.58: (0.57, 0.69, -0.44)
685.68: (0.57, 0.53, -0.63)
685.78: (0.50, 0.37, -0.79)
685.90: (0.40, 0.19, -0.90)
686.02: (0.37, 0.12, -0.92)
686.05: (0.37, 0.12, -0.92)
686.05: (-0.98, 0.19, -0.03): 2
686.12: (0.37, 0.12, -0.92)
686.23: (0.37, 0.07, -0.93)
686.35: (0.39, -0.13, -0.91)
686.47: (0.39, -0.26, -0.89)
686.57: (0.34, -0.38, -0.86)
686.68: (0.33, -0.59, -0.74)
686.78: (0.35, -0.72, -0.60)
686.90: (0.41, -0.80, -0.44)
687.00: (0.48, -0.84, -0.25)
687.12: (0.59, -0.81, 0.06)
687.23: (0.67, -0.66, 0.34)
687.35: (0.70, -0.44, 0.56)
687.45: (0.68, -0.19, 0.71)
687.57: (0.61, 0.14, 0.78)
687.67: (0.49, 0.39, 0.78)
687.78: (0.28, 0.66, 0.69)
687.90: (0.04, 0.85, 0.53)
688.02: (-0.16, 0.94, 0.30)
688.13: (-0.28, 0.96, 0.03)
688.25: (-0.32, 0.92, -0.24)
688.35: (-0.31, 0.83, -0.47)
688.47: (-0.26, 0.70, -0.66)
688.58: (-0.15, 0.49, -0.86)
688.70: (-0.04, 0.19, -0.98)
688.80: (0.07, -0.04, -1.00)
688.92: (0.28, -0.29, -0.92)
689.03: (0.42, -0.52, -0.74)
689.15: (0.53, -0.65, -0.54)
689.27: (0.72, -0.68, -0.15)
689.38: (0.79, -0.58, 0.18)
689.48: (0.80, -0.35, 0.49)
689.60: (0.81, -0.28, 0.51)
689.70: (0.81, -0.28, 0.51)
689.82: (0.81, -0.28, 0.51)
689.93: (0.81, -0.28, 0.51)
690.03: (0.92, -0.11, 0.38)
690.15: (0.91, 0.39, -0.13)
690.27: (0.52, 0.76, -0.39)
690.38: (0.17, 0.91, -0.37)
690.50: (-0.19, 0.97, -0.15)
690.62: (-0.39, 0.88, 0.28)
690.72: (-0.34, 0.65, 0.68)
690.83: (-0.17, 0.15, 0.97)
690.95: (0.00, -0.37, 0.93)
691.05: (0.14, -0.64, 0.75)
691.17: (0.32, -0.80, 0.52)
691.28: (0.52, -0.81, 0.25)
691.40: (0.75, -0.65, 0.11)
691.52: (0.94, -0.31, 0.18)
691.62: (0.95, -0.01, 0.31)
691.73: (0.79, 0.41, 0.46)
691.85: (0.48, 0.69, 0.55)
691.97: (0.10, 0.77, 0.63)
692.07: (-0.21, 0.67, 0.72)
692.18: (-0.55, 0.41, 0.73)
692.30: (-0.80, 0.07, 0.60)
692.42: (-0.89, -0.25, 0.37)
692.53: (-0.89, -0.44, 0.09)
692.65: (-0.82, -0.54, -0.20)
692.75: (-0.75, -0.54, -0.38)
692.87: (-0.84, -0.32, -0.43)
692.98: (-0.95, -0.01, -0.31)
693.10: (-0.97, 0.13, -0.19)
693.22: (-0.99, 0.15, -0.05)
693.27: (-0.99, 0.16, -0.04)
693.27: (-0.78, 0.15, -0.61): 1
693.33: (-0.99, 0.16, -0.04)
693.45: (-0.99, 0.10, 0.01)
693.57: (-1.00, -0.03, 0.09)
693.68: (-0.99, -0.07, -0.13)
693.78: (-0.94, 0.04, -0.35)
693.90: (-0.87, 0.13, -0.48)
694.02: (-0.83, 0.15, -0.54)
694.13: (-0.80, 0.15, -0.59)
694.13: (0.81, 0.58, -0.11): 2
694.13: (-0.80, 0.15, -0.59)
694.23: (-0.75, 0.18, -0.63)
694.35: (-0.63, 0.24, -0.74)
694.47: (-0.49, 0.16, -0.86)
694.57: (-0.45, -0.06, -0.89)
694.68: (-0.49, -0.27, -0.83)
694.80: (-0.50, -0.51, -0.70)
694.92: (-0.32, -0.80, -0.51)
695.02: (-0.06, -0.95, -0.30)
695.12: (0.16, -0.98, -0.13)
695.23: (0.38, -0.92, 0.02)
695.35: (0.50, -0.86, 0.11)
695.45: (0.58, -0.79, 0.17)
695.57: (0.61, -0.73, 0.32)
695.68: (0.44, -0.65, 0.62)
695.80: (0.12, -0.52, 0.85)
695.90: (-0.14, -0.43, 0.89)
696.02: (-0.36, -0.30, 0.88)
696.13: (-0.60, -0.17, 0.78)
696.25: (-0.81, -0.04, 0.59)
696.35: (-0.94, 0.06, 0.34)
696.45: (-0.99, 0.13, 0.02)
696.57: (-0.94, 0.10, -0.32)
696.68: (-0.78, -0.02, -0.62)
696.80: (-0.61, -0.18, -0.77)
696.91: (-0.71, -0.22, -0.66)
697.03: (-0.97, -0.10, -0.22)
697.15: (-0.89, -0.06, 0.46)
697.26: (-0.44, -0.06, 0.89)
697.38: (0.08, 0.02, 1.00)
697.50: (0.43, -0.05, 0.90)
697.61: (0.67, -0.20, 0.71)
697.71: (0.83, -0.28, 0.48)
697.83: (0.94, -0.30, 0.14)
697.95: (0.96, -0.14, -0.23)
698.06: (0.97, -0.18, -0.19)
698.18: (0.97, -0.18, -0.19)
698.30: (0.97, -0.18, -0.19)
698.41: (0.97, 0.11, -0.22)
698.53: (0.96, 0.26, -0.13)
698.65: (0.94, 0.33, -0.08)
698.76: (0.90, 0.43, -0.06)
698.88: (0.87, 0.48, -0.10)
699.00: (0.84, 0.54, -0.10)
699.11: (0.81, 0.57, -0.10)
699.13: (0.81, 0.57, -0.10)
699.13: (-0.59, 0.38, -0.71): 0
699.23: (0.81, 0.57, -0.10)
699.33: (0.81, 0.58, -0.09)
699.45: (0.80, 0.59, -0.08)
699.56: (0.70, 0.71, -0.07)
699.68: (0.59, 0.80, 0.07)
699.78: (0.67, 0.65, 0.35)
699.90: (0.43, 0.64, 0.63)
700.01: (0.17, 0.56, 0.81)
700.13: (0.12, 0.28, 0.95)
700.23: (0.13, 0.17, 0.98)
700.33: (0.15, 0.10, 0.98)
700.45: (0.13, -0.09, 0.99)
700.55: (0.05, -0.26, 0.96)
700.65: (-0.01, -0.39, 0.92)
700.76: (-0.01, -0.59, 0.81)
700.88: (0.10, -0.77, 0.62)
700.98: (0.29, -0.87, 0.40)
701.10: (0.59, -0.81, 0.03)
701.21: (0.61, -0.79, 0.02)
701.33: (0.61, -0.79, 0.02)
701.43: (0.61, -0.79, 0.02)
701.55: (0.61, -0.79, 0.02)
701.66: (0.69, -0.72, 0.04)
701.78: (0.60, -0.79, -0.14)
701.88: (0.30, -0.89, -0.36)
702.00: (-0.14, -0.87, -0.47)
702.11: (-0.44, -0.67, -0.59)
702.23: (-0.61, -0.39, -0.69)
702.33: (-0.62, -0.18, -0.76)
702.45: (-0.68, -0.03, -0.74)
702.55: (-0.74, 0.19, -0.64)
702.65: (-0.71, 0.32, -0.63)
702.76: (-0.64, 0.38, -0.67)
702.86: (-0.64, 0.38, -0.67)
702.88: (-0.64, 0.38, -0.67)
702.88: (0.75, -0.57, 0.33): 2
702.98: (-0.64, 0.38, -0.67)
703.10: (-0.57, 0.39, -0.73)
703.21: (-0.38, 0.41, -0.83)
703.31: (-0.16, 0.38, -0.91)
703.43: (0.36, 0.29, -0.88)
703.55: (0.77, 0.18, -0.61)
703.66: (0.97, 0.12, -0.21)
703.76: (0.99, 0.06, 0.10)
703.86: (0.92, -0.05, 0.39)
703.98: (0.79, -0.20, 0.58)
704.10: (0.72, -0.33, 0.61)
704.20: (0.73, -0.36, 0.58)
704.31: (0.73, -0.36, 0.58)
704.43: (0.73, -0.36, 0.58)
704.53: (0.72, -0.37, 0.59)
704.65: (0.73, -0.41, 0.55)
704.75: (0.73, -0.47, 0.50)
704.86: (0.75, -0.55, 0.36)
704.98: (0.75, -0.57, 0.32)
705.01: (0.75, -0.57, 0.32)
705.01: (1.00, 0.03, -0.02): 1
705.08: (0.75, -0.57, 0.32)
705.20: (0.76, -0.56, 0.31)
705.31: (0.77, -0.56, 0.29)
705.43: (0.79, -0.56, 0.26)
705.53: (0.79, -0.56, 0.25)
705.65: (0.78, -0.59, 0.21)
705.76: (0.75, -0.65, 0.13)
705.86: (0.69, -0.72, 0.07)
705.98: (0.67, -0.75, 0.04)
706.08: (0.62, -0.78, -0.01)
706.20: (0.55, -0.82, -0.16)
706.31: (0.49, -0.79, -0.36)
706.43: (0.22, -0.70, -0.68)
706.55: (0.04, -0.49, -0.87)
706.66: (0.10, -0.10, -0.99)
706.76: (0.25, 0.35, -0.91)
706.88: (0.31, 0.75, -0.58)
707.00: (0.28, 0.92, -0.27)
707.11: (0.09, 0.98, -0.18)
707.23: (-0.21, 0.98, 0.04)
707.35: (-0.47, 0.80, 0.37)
707.46: (-0.48, 0.78, 0.40)
707.56: (-0.48, 0.78, 0.40)
707.68: (-0.48, 0.78, 0.40)
707.80: (-0.50, 0.77, 0.40)
707.91: (-0.69, 0.49, 0.53)
708.01: (-0.86, 0.10, 0.49)
708.13: (-0.96, -0.23, 0.17)
708.25: (-0.92, -0.30, -0.25)
708.36: (-0.76, -0.25, -0.59)
708.48: (-0.51, -0.14, -0.85)
708.60: (-0.20, 0.04, -0.98)
708.71: (0.15, 0.27, -0.95)
708.83: (0.37, 0.61, -0.70)
708.95: (0.43, 0.87, -0.22)
709.06: (0.52, 0.78, 0.36)
709.16: (0.50, 0.52, 0.69)
709.28: (0.03, 0.19, 0.98)
709.40: (-0.47, -0.19, 0.86)
709.51: (-0.55, -0.36, 0.75)
709.63: (-0.15, -0.12, 0.98)
709.73: (0.15, -0.01, 0.99)
709.85: (0.54, 0.03, 0.84)
709.96: (0.78, 0.05, 0.62)
710.06: (0.85, 0.09, 0.52)
710.16: (0.93, 0.13, 0.35)
710.28: (0.99, 0.06, 0.14)
710.40: (1.00, 0.01, 0.10)
710.50: (1.00, 0.01, 0.09)
710.50: (-0.99, 0.10, 0.02): 1
710.51: (1.00, 0.01, 0.09)
710.61: (1.00, -0.02, 0.00)
710.73: (1.00, 0.05, 0.04)
710.85: (0.94, 0.33, 0.08)
710.96: (0.67, 0.74, -0.10)
711.08: (0.31, 0.94, -0.17)
711.20: (-0.23, 0.96, -0.16)
711.31: (-0.80, 0.59, -0.07)
711.41: (-0.99, 0.14, 0.00)
711.53: (-0.90, -0.43, 0.09)
711.65: (-0.64, -0.76, 0.09)
711.76: (-0.81, -0.59, 0.08)
711.86: (-0.92, -0.40, 0.05)
711.96: (-0.96, -0.26, 0.01)
712.08: (-1.00, -0.07, -0.04)
712.20: (-1.00, 0.01, -0.04)
712.31: (-1.00, 0.03, -0.01)
712.43: (-1.00, 0.08, 0.05)
712.43: (0.90, -0.41, -0.16): 2
712.43: (-1.00, 0.08, 0.05)
712.55: (-1.00, 0.06, 0.06)
712.66: (-0.98, -0.05, 0.19)
712.78: (-0.89, -0.17, 0.42)
712.90: (-0.73, -0.19, 0.66)
713.00: (-0.56, -0.16, 0.81)
713.11: (-0.26, -0.10, 0.96)
713.23: (0.07, -0.04, 1.00)
713.33: (0.31, 0.00, 0.95)
713.45: (0.43, 0.03, 0.90)
713.56: (0.46, 0.05, 0.88)
713.68: (0.48, 0.08, 0.87)
713.79: (0.53, 0.10, 0.84)
713.90: (0.60, 0.17, 0.78)
714.01: (0.66, 0.25, 0.71)
714.13: (0.71, 0.33, 0.62)
714.24: (0.73, 0.35, 0.59)
714.36: (0.74, 0.38, 0.56)
714.48: (0.76, 0.41, 0.50)
714.59: (0.76, 0.46, 0.46)
714.71: (0.76, 0.52, 0.38)
714.83: (0.73, 0.67, 0.12)
714.93: (0.62, 0.73, -0.28)
715.03: (0.33, 0.60, -0.73)
715.14: (-0.05, 0.18, -0.98)
715.26: (-0.08, -0.16, -0.98)
715.38: (0.04, -0.53, -0.85)
715.49: (0.03, -0.84, -0.54)
715.61: (0.00, -0.99, -0.15)
715.73: (-0.11, -0.97, 0.23)
715.84: (-0.41, -0.79, 0.46)
715.96: (-0.75, -0.47, 0.46)
716.06: (-0.80, -0.41, 0.44)
716.18: (-0.80, -0.41, 0.44)
716.28: (-0.80, -0.41, 0.44)
716.39: (-0.80, -0.41, 0.44)
716.51: (-0.78, -0.36, 0.51)
716.63: (-0.63, -0.23, 0.74)
716.73: (-0.40, 0.06, 0.91)
716.83: (-0.14, 0.39, 0.91)
716.94: (0.15, 0.68, 0.72)
717.06: (0.31, 0.86, 0.41)
717.16: (0.29, 0.96, 0.01)
717.28: (0.03, 0.88, -0.47)
717.39: (-0.31, 0.58, -0.76)
717.51: (-0.63, 0.19, -0.76)
717.63: (-0.86, -0.07, -0.50)
717.74: (-0.99, -0.15, -0.07)
717.86: (-0.93, -0.10, 0.36)
717.98: (-0.69, 0.09, 0.72)
718.09: (-0.32, 0.28, 0.91)
718.19: (0.05, 0.39, 0.92)
718.31: (0.52, 0.47, 0.72)
718.43: (0.91, 0.36, 0.21)
718.54: (0.90, 0.14, -0.42)
718.64: (0.58, -0.07, -0.81)
718.76: (0.13, -0.12, -0.98)
718.88: (0.12, -0.09, -0.99)
718.99: (0.12, -0.09, -0.99)
719.11: (0.12, -0.09, -0.99)
719.23: (0.33, -0.18, -0.93)
719.34: (0.65, -0.44, -0.61)
719.46: (0.77, -0.50, -0.40)
719.58: (0.80, -0.51, -0.32)
719.68: (0.86, -0.45, -0.25)
719.79: (0.90, -0.40, -0.17)
719.86: (0.90, -0.40, -0.16)
719.86: (-0.56, 0.68, 0.48): 1
719.89: (0.90, -0.40, -0.16)
720.01: (0.91, -0.39, -0.15)
720.11: (0.95, -0.31, -0.09)
720.23: (1.00, -0.07, 0.05)
720.34: (0.92, 0.24, 0.31)
720.44: (0.65, 0.56, 0.51)
720.56: (0.16, 0.77, 0.62)
720.66: (-0.23, 0.66, 0.72)
720.78: (-0.46, 0.32, 0.83)
720.89: (-0.52, 0.06, 0.85)
721.01: (-0.58, 0.17, 0.80)
721.13: (-0.64, 0.30, 0.70)
721.24: (-0.63, 0.47, 0.62)
721.36: (-0.60, 0.60, 0.53)
721.48: (-0.59, 0.61, 0.53)
721.58: (-0.57, 0.64, 0.51)
721.58: (-0.87, 0.50, 0.05): 1
721.59: (-0.57, 0.64, 0.51)
721.69: (-0.55, 0.67, 0.49)
721.81: (-0.48, 0.79, 0.38)
721.91: (-0.47, 0.86, 0.20)
722.03: (-0.66, 0.74, 0.12)
722.14: (-0.79, 0.60, 0.10)
722.24: (-0.85, 0.51, 0.10)
722.36: (-0.89, 0.46, 0.06)
722.36: (0.96, -0.25, 0.11): 2
722.36: (-0.89, 0.46, 0.06)
722.46: (-0.89, 0.46, 0.05)
722.58: (-0.91, 0.40, -0.10)
722.68: (-0.89, 0.34, -0.30)
722.78: (-0.82, 0.33, -0.47)
722.89: (-0.57, 0.53, -0.63)
723.01: (-0.07, 0.73, -0.68)
723.11: (0.32, 0.72, -0.62)
723.23: (0.62, 0.61, -0.49)
723.34: (0.84, 0.48, -0.25)
723.46: (0.95, 0.29, 0.09)
723.58: (0.92, 0.03, 0.39)
723.69: (0.89, -0.14, 0.44)
723.79: (0.94, -0.18, 0.29)
723.91: (0.98, -0.14, 0.11)
724.01: (0.98, -0.15, 0.10)
724.01: (-0.97, 0.06, -0.25): 2
724.01: (0.98, -0.15, 0.10)
724.13: (0.98, -0.15, 0.10)
724.24: (0.99, -0.12, 0.13)
724.36: (0.98, 0.02, 0.20)
724.46: (0.88, 0.32, 0.34)
724.58: (0.57, 0.66, 0.50)
724.69: (0.16, 0.82, 0.55)
724.79: (-0.26, 0.82, 0.51)
724.91: (-0.69, 0.63, 0.36)
725.03: (-0.91, 0.40, 0.02)
725.14: (-0.89, 0.28, -0.37)
725.24: (-0.81, 0.21, -0.54)
725.36: (-0.85, 0.17, -0.50)
725.48: (-0.93, 0.11, -0.36)
725.59: (-0.94, 0.08, -0.33)
725.59: (0.89, 0.07, -0.45): 0
725.59: (-0.94, 0.08, -0.33)
725.71: (-0.95, 0.07, -0.31)
725.83: (-0.98, -0.04, -0.18)
725.94: (-0.97, -0.23, 0.06)
726.06: (-0.83, -0.48, 0.27)
726.18: (-0.59, -0.62, 0.52)
726.29: (-0.38, -0.55, 0.75)
726.39: (-0.11, -0.36, 0.92)
726.51: (0.27, -0.22, 0.94)
726.61: (0.48, -0.32, 0.82)
726.73: (0.66, -0.52, 0.55)
726.84: (0.72, -0.68, 0.15)
726.96: (0.67, -0.70, -0.25)
727.08: (0.59, -0.76, -0.27)
727.19: (0.59, -0.76, -0.27)
727.31: (0.59, -0.76, -0.27)
727.43: (0.59, -0.76, -0.27)
727.54: (0.76, -0.53, -0.37)
727.66: (0.90, -0.20, -0.38)
727.78: (0.93, -0.10, -0.36)
727.89: (0.92, -0.06, -0.39)
727.99: (0.91, 0.02, -0.43)
728.11: (0.89, 0.09, -0.45)
728.16: (0.89, 0.10, -0.45)
728.16: (0.87, -0.14, -0.46): 1
728.23: (0.89, 0.10, -0.45)
728.33: (0.89, 0.09, -0.45)
728.44: (0.88, 0.09, -0.46)
728.54: (0.88, 0.01, -0.47)
728.66: (0.88, -0.07, -0.46)
728.74: (0.88, -0.09, -0.47)
728.74: (-0.92, -0.20, -0.34): 0
728.78: (0.88, -0.09, -0.47)
728.89: (0.88, -0.09, -0.47)
729.01: (0.86, -0.14, -0.49)
729.13: (0.83, -0.26, -0.50)
729.23: (0.72, -0.56, -0.42)
729.34: (0.57, -0.81, -0.10)
729.46: (0.41, -0.85, 0.31)
729.58: (0.19, -0.62, 0.76)
729.68: (-0.14, -0.30, 0.94)
729.78: (-0.37, 0.00, 0.93)
729.89: (-0.57, 0.41, 0.72)
730.01: (-0.64, 0.66, 0.38)
730.13: (-0.76, 0.65, 0.01)
730.23: (-0.79, 0.54, -0.30)
730.34: (-0.86, 0.27, -0.43)
730.46: (-0.92, -0.02, -0.39)
730.57: (-0.92, -0.02, -0.39)
730.69: (-0.92, -0.02, -0.39)
730.81: (-0.93, -0.04, -0.36)
730.92: (-0.94, -0.14, -0.32)
731.04: (-0.93, -0.22, -0.29)
731.14: (-0.93, -0.22, -0.29)
731.17: (-0.93, -0.22, -0.29)
731.17: (0.83, 0.31, -0.46): 1
731.26: (-0.93, -0.22, -0.29)
731.36: (-0.92, -0.25, -0.29)
731.47: (-0.89, -0.38, -0.25)
731.59: (-0.77, -0.62, -0.15)
731.71: (-0.33, -0.92, -0.21)
731.82: (0.28, -0.87, -0.40)
731.94: (0.75, -0.44, -0.50)
732.06: (0.81, 0.05, -0.59)
732.17: (0.53, 0.37, -0.76)
732.29: (0.37, 0.43, -0.82)
732.39: (0.50, 0.42, -0.76)
732.51: (0.69, 0.37, -0.63)
732.62: (0.77, 0.32, -0.55)
732.72: (0.81, 0.29, -0.50)
732.72: (0.05, 0.94, 0.34): 1
732.74: (0.82, 0.29, -0.50)
732.86: (0.82, 0.29, -0.49)
732.97: (0.86, 0.22, -0.46)
733.09: (0.95, 0.03, -0.31)
733.21: (0.93, -0.29, -0.23)
733.32: (0.68, -0.69, -0.23)
733.42: (0.26, -0.94, -0.22)
733.54: (-0.31, -0.94, -0.12)
733.64: (-0.74, -0.67, -0.10)
733.76: (-0.98, -0.12, -0.16)
733.87: (-0.82, 0.54, -0.19)
733.97: (-0.41, 0.91, -0.12)
734.09: (0.22, 0.97, -0.03)
734.21: (0.24, 0.97, -0.05)
734.32: (0.24, 0.97, -0.05)
734.42: (0.23, 0.97, -0.05)
734.54: (0.14, 0.97, 0.19)
734.66: (0.05, 0.92, 0.38)
734.76: (0.05, 0.94, 0.34)
734.86: (0.04, 0.95, 0.30)
734.86: (0.71, 0.70, -0.10): 1
734.87: (0.04, 0.95, 0.30)
734.97: (0.04, 0.95, 0.30)
735.09: (-0.02, 0.98, 0.17)
735.21: (-0.19, 0.98, 0.03)
735.31: (-0.43, 0.89, -0.13)
735.42: (-0.65, 0.73, -0.21)
735.54: (-0.37, 0.87, -0.32)
735.66: (0.19, 0.96, -0.23)
735.77: (0.48, 0.87, -0.09)
735.89: (0.62, 0.78, -0.07)
736.01: (0.66, 0.74, -0.13)
736.07: (0.66, 0.73, -0.15)
736.07: (-0.07, 0.94, -0.32): 1
736.11: (0.66, 0.73, -0.15)
736.21: (0.70, 0.69, -0.17)
736.32: (0.83, 0.49, -0.27)
736.44: (0.73, 0.54, -0.41)
736.56: (0.44, 0.84, -0.31)
736.66: (0.18, 0.96, -0.21)
736.76: (0.02, 0.98, -0.18)
736.87: (-0.03, 0.97, -0.25)
736.99: (-0.04, 0.94, -0.34)
737.11: (-0.07, 0.93, -0.36)
737.14: (-0.08, 0.93, -0.36)
737.14: (1.00, -0.03, 0.00): 2
737.22: (-0.09, 0.93, -0.35)
737.34: (-0.16, 0.92, -0.36)
737.44: (-0.21, 0.89, -0.39)
737.54: (-0.31, 0.79, -0.54)
737.66: (-0.52, 0.52, -0.67)
737.76: (-0.69, 0.14, -0.70)
737.87: (-0.73, -0.27, -0.63)
737.99: (-0.66, -0.62, -0.43)
738.11: (-0.59, -0.80, -0.12)
738.22: (-0.54, -0.80, 0.27)
738.32: (-0.44, -0.73, 0.52)
738.44: (-0.32, -0.64, 0.70)
738.56: (-0.19, -0.45, 0.87)
738.67: (0.10, -0.09, 0.99)
738.79: (0.09, -0.07, 0.99)
738.89: (0.09, -0.07, 0.99)
739.01: (0.09, -0.07, 0.99)
739.12: (0.08, -0.06, 0.99)
739.24: (0.04, -0.07, 1.00)
739.36: (0.21, -0.08, 0.98)
739.47: (0.38, 0.02, 0.93)
739.59: (0.58, 0.09, 0.81)
739.69: (0.70, 0.14, 0.70)
739.81: (0.80, 0.18, 0.58)
739.92: (0.86, 0.19, 0.48)
740.04: (0.93, 0.09, 0.36)
740.16: (0.99, -0.04, 0.09)
740.27: (1.00, -0.07, -0.05)
740.39: (1.00, -0.07, -0.04)
740.51: (1.00, -0.04, 0.02)
740.61: (1.00, -0.03, 0.04)
740.61: (0.81, -0.04, -0.59): 0
740.62: (1.00, -0.03, 0.04)
740.72: (1.00, -0.03, 0.04)
740.84: (1.00, -0.03, 0.04)
740.96: (1.00, -0.03, -0.09)
741.06: (0.97, 0.00, -0.24)
741.16: (0.92, -0.03, -0.39)
741.27: (0.90, -0.05, -0.43)
741.39: (0.87, -0.06, -0.50)
741.51: (0.84, -0.05, -0.55)
741.59: (0.83, -0.06, -0.56)
741.59: (-0.48, -0.84, 0.26): 2
741.62: (0.83, -0.06, -0.56)
741.72: (0.82, -0.06, -0.56)
741.84: (0.82, -0.06, -0.57)
741.96: (0.70, -0.10, -0.70)
742.06: (0.64, -0.10, -0.76)
742.17: (0.63, -0.13, -0.76)
742.29: (0.63, -0.13, -0.76)
742.39: (0.63, -0.13, -0.76)
742.51: (0.63, -0.13, -0.76)
742.62: (0.64, -0.13, -0.76)
742.74: (0.66, -0.14, -0.74)
742.86: (0.67, -0.26, -0.70)
742.96: (0.65, -0.32, -0.69)
743.07: (0.42, -0.48, -0.77)
743.19: (0.15, -0.71, -0.69)
743.31: (-0.14, -0.89, -0.43)
743.42: (-0.34, -0.94, -0.05)
743.52: (-0.37, -0.90, 0.23)
743.64: (-0.37, -0.80, 0.48)
743.76: (-0.42, -0.77, 0.48)
743.87: (-0.44, -0.81, 0.38)
743.99: (-0.44, -0.84, 0.31)
744.11: (-0.44, -0.85, 0.29)
744.11: (-1.00, 0.03, -0.02): 1
744.11: (-0.44, -0.85, 0.29)
744.22: (-0.44, -0.85, 0.28)
744.32: (-0.44, -0.85, 0.28)
744.44: (-0.43, -0.85, 0.29)
744.54: (-0.39, -0.85, 0.36)
744.66: (-0.21, -0.79, 0.58)
744.77: (0.20, -0.62, 0.76)
744.87: (0.61, -0.38, 0.69)
744.99: (0.89, -0.20, 0.40)
745.11: (0.98, -0.16, 0.07)
745.22: (0.96, -0.24, -0.15)
745.34: (0.96, -0.24, -0.15)
745.46: (0.96, -0.24, -0.15)
745.57: (0.96, -0.24, -0.15)
745.69: (0.95, -0.26, -0.19)
745.79: (0.93, -0.20, -0.31)
745.91: (0.79, 0.15, -0.60)
746.01: (0.49, 0.38, -0.78)
746.12: (0.19, 0.49, -0.85)
746.24: (-0.09, 0.49, -0.87)
746.36: (-0.41, 0.48, -0.77)
746.47: (-0.65, 0.47, -0.60)
746.59: (-0.84, 0.41, -0.35)
746.69: (-0.85, 0.47, -0.25)
746.81: (-0.85, 0.47, -0.25)
746.91: (-0.85, 0.47, -0.25)
747.02: (-0.86, 0.45, -0.23)
747.14: (-0.95, 0.27, -0.17)
747.26: (-1.00, 0.09, 0.03)
747.37: (-1.00, 0.05, 0.05)
747.49: (-1.00, 0.03, 0.01)
747.60: (-1.00, 0.03, -0.03)
747.65: (-1.00, 0.03, -0.03)
747.65: (-0.44, 0.90, -0.06): 0
747.72: (-1.00, 0.03, -0.03)
747.84: (-1.00, 0.05, -0.04)
747.95: (-1.00, 0.06, -0.07)
748.07: (-0.99, -0.16, 0.05)
748.19: (-0.77, -0.58, 0.27)
748.30: (-0.47, -0.88, -0.13)
748.40: (-0.19, -0.91, -0.37)
748.52: (0.17, -0.91, -0.37)
748.64: (0.64, -0.77, -0.05)
748.75: (0.94, -0.34, 0.00)
748.87: (0.97, 0.09, -0.24)
748.99: (0.74, 0.48, -0.46)
749.10: (0.68, 0.52, -0.52)
749.22: (0.68, 0.52, -0.52)
749.32: (0.68, 0.52, -0.52)
749.44: (0.72, 0.49, -0.48)
749.55: (0.68, 0.63, -0.38)
749.67: (0.48, 0.80, -0.37)
749.79: (0.38, 0.83, -0.40)
749.90: (0.21, 0.83, -0.52)
750.00: (0.00, 0.76, -0.65)
750.12: (-0.19, 0.69, -0.70)
750.24: (-0.51, 0.59, -0.62)
750.35: (-0.78, 0.51, -0.36)
750.47: (-0.94, 0.34, -0.09)
750.59: (-0.86, 0.50, -0.07)
750.70: (-0.62, 0.78, -0.10)
750.80: (-0.50, 0.86, -0.08)
750.90: (-0.49, 0.87, -0.07)
751.02: (-0.47, 0.88, -0.05)
751.12: (-0.46, 0.89, -0.04)
751.12: (1.00, 0.02, 0.05): 1
751.12: (-0.46, 0.89, -0.04)
751.22: (-0.46, 0.89, -0.04)
751.34: (-0.45, 0.89, -0.06)
751.45: (-0.42, 0.90, -0.11)
751.57: (-0.28, 0.89, -0.35)
751.69: (-0.02, 0.81, -0.58)
751.80: (0.46, 0.63, -0.62)
751.92: (0.76, 0.43, -0.49)
752.04: (0.88, 0.30, -0.37)
752.15: (0.98, 0.04, -0.21)
752.25: (1.00, -0.02, -0.03)
752.37: (1.00, 0.05, 0.03)
752.47: (1.00, 0.07, 0.03)
752.47: (-0.48, -0.41, 0.77): 2
752.47: (1.00, 0.07, 0.03)
752.57: (1.00, 0.06, 0.03)
752.69: (0.99, 0.10, -0.05)
752.80: (0.94, 0.23, -0.25)
752.92: (0.86, 0.20, -0.48)
753.02: (0.75, 0.03, -0.66)
753.14: (0.49, -0.14, -0.86)
753.25: (0.27, -0.22, -0.94)
753.37: (-0.10, -0.42, -0.90)
753.49: (-0.56, -0.55, -0.63)
753.60: (-0.89, -0.36, -0.27)
753.72: (-1.00, -0.06, 0.04)
753.84: (-0.93, 0.20, 0.31)
753.94: (-0.81, 0.39, 0.44)
754.05: (-0.54, 0.73, 0.42)
754.17: (-0.14, 0.97, 0.20)
754.29: (-0.14, 0.97, 0.19)
754.39: (-0.14, 0.97, 0.19)
754.50: (-0.14, 0.97, 0.19)
754.62: (-0.15, 0.97, 0.18)
754.72: (-0.10, 0.97, 0.22)
754.84: (-0.04, 0.94, 0.33)
754.95: (0.12, 0.88, 0.46)
755.07: (0.36, 0.76, 0.54)
755.17: (0.60, 0.62, 0.51)
755.29: (0.84, 0.29, 0.45)
755.39: (0.92, -0.03, 0.40)
755.49: (0.87, -0.32, 0.38)
755.60: (0.63, -0.59, 0.50)
755.72: (0.30, -0.75, 0.59)
755.84: (-0.10, -0.75, 0.65)
755.95: (-0.49, -0.53, 0.69)
756.05: (-0.66, -0.15, 0.74)
756.17: (-0.60, -0.19, 0.78)
756.29: (-0.42, -0.43, 0.80)
756.40: (-0.38, -0.48, 0.79)
756.52: (-0.44, -0.45, 0.77)
756.64: (-0.49, -0.43, 0.76)
756.75: (-0.49, -0.42, 0.76)
756.80: (-0.49, -0.42, 0.76)
756.80: (-0.02, -0.99, 0.12): 2
756.85: (-0.49, -0.43, 0.76)
756.97: (-0.45, -0.45, 0.77)
757.09: (-0.29, -0.51, 0.81)
757.20: (0.05, -0.52, 0.85)
757.30: (0.41, -0.49, 0.77)
757.42: (0.66, -0.52, 0.54)
757.54: (0.48, -0.79, 0.38)
757.65: (0.07, -1.00, 0.04)
757.75: (-0.13, -0.99, -0.12)
757.87: (-0.12, -0.99, -0.08)
757.99: (0.01, -0.99, 0.12)
758.10: (0.02, -0.99, 0.13)
758.22: (-0.01, -0.99, 0.11)
758.25: (-0.01, -0.99, 0.10)
758.25: (0.71, -0.53, 0.47): 2
758.34: (-0.01, -0.99, 0.10)
758.44: (0.02, -1.00, 0.09)
758.54: (0.13, -0.99, 0.03)
758.65: (0.39, -0.92, -0.08)
758.75: (0.64, -0.75, -0.19)
758.87: (0.81, -0.59, 0.01)
758.99: (0.77, -0.58, 0.27)
759.10: (0.69, -0.61, 0.39)
759.22: (0.67, -0.59, 0.45)
759.34: (0.67, -0.56, 0.48)
END