3/30/2023 12:29:59 PM
Mode: Default
White time (s): [0.9996033, 1.816345, 2.882935, 2.516144, 2.632843, 0.8996277, 2.249847, 0.9503174, 2.816162, 2.082489, 2.249573, 1.516479, 2.199554, 0.9498291, 0.8164978, 4.749054, 0.8500366, 2.182922, 2.082947, 3.94931, 1.449341, 0.7499695, 1.066315, 1.999603, 1.449921, 1.816406, 0.6835327, 1.583008, 1.616272, 2.41626]
Shot time (s): [2.832581, 1.682983, 1.33316, 5.132172, 2.566437, 1.682709, 1.21637, 0.7001953, 2.432556, 2.083008, 1.066071, 2.399719, 3.365662, 2.36618, 2.066101, 1.366211, 2.516174, 4.46579, 1.799622, 3.899261, 2.082397, 1.849976, 0.6665344, 0.98349, 1.466034, 1.216309, 1.199402, 1.583008, 1.416504, 2.815796]
Step time (s): [2.182922, 1.849854, 1.149475, 2.199615, 0.7331848, 2.066193, 1.133301, 1.416229, 0.7664795, 4.399139, 5.365601, 1.016754, 1.133026, 3.4328, 4.849182, 0.866333, 0.7666016, 4.115723, 2.182922, 2.099548, 1.816284, 5.732208, 2.949402, 1.616791, 3.565979, 1.266235, 5.132324, 1.916443, 0.6830444, 0.6000366]
White horz (deg): [3.045, 115.3425, 222.8625, 136.8675, 183.6975, 32.76001, 227.325, 29.39999, 258.7725, 164.1675, 260.7675, 53.445, 212.9925, 43.99499, 47.56499, 554.7672, 32.0775, 202.7551, 197.2425, 537.1798, 164.4299, 38.79749, 43.1025, 129.5175, 154.77, 197.61, 14.9625, 128.6775, 24.20249, 266.7]
Shot horz (deg): [244.9125, 149.415, 34.2825, 472.4473, 147.7875, 148.155, 77.38499, 11.445, 147.7875, 153.93, 50.7675, 219.2925, 286.0725, 253.4175, 200.445, 80.745, 215.0925, 191.9926, 173.355, 336.8925, 123.7425, 196.56, 18.165, 42.5775, 114.87, 47.8275, 57.33001, 172.6201, 118.0725, 242.235]
Step horz (deg): [128.415, 160.7551, 45.88501, 148.785, 26.67, 184.6951, 19.4775, 89.45998, 26.6175, 411.6524, 567.735, 15.2775, 72.92249, 372.75, 460.5302, 28.19249, 8.924998, 387.24, 43.365, 212.9925, 111.1425, 677.5126, 266.595, 109.4625, 394.485, 94.5525, 660.2924, 107.4675, 20.8425, 16.065]
White vert (deg): [30.135, 69.82499, 123.1125, 119.385, 129.465, 28.5075, 68.19751, 21.05249, 157.605, 97.01998, 139.8075, 132.5625, 118.1775, 31.28999, 8.452496, 235.725, 36.3825, 111.5625, 67.46249, 266.4899, 83.3175, 24.77999, 9.502498, 147.525, 104.055, 59.64001, 21.315, 43.15501, 81.84751, 143.6925]
Shot vert (deg): [145.4775, 60.5325, 37.2225, 376.6351, 168.63, 44.57251, 45.465, 5.249999, 123.27, 56.75249, 20.57999, 89.45995, 242.8125, 179.6025, 97.70248, 67.41, 111.5625, 280.0349, 108.57, 127.05, 129.2025, 83.00251, 16.4325, 39.89999, 93.24001, 36.3825, 38.0625, 73.29, 52.55249, 155.5575]
Step vert (deg): [123.165, 69.7725, 60.2175, 52.8675, 10.4475, 116.655, 42.9975, 54.60001, 21.6825, 286.6501, 371.2274, 65.4675, 62.94748, 226.905, 349.2301, 37.06499, 36.96, 256.3576, 66.14999, 90.77252, 77.64749, 206.5875, 163.4326, 65.4675, 206.3775, 99.4875, 330.9074, 65.25751, 6.615, 9.450001]

Time in sec: camera forward versor
Time in sec: target versor: sound type (0 = White, 1 = Shot, 2 = Step)
START
350.93: (0.33, -0.94, 0.13): 0
350.93: (0.11, -0.94, -0.31)
351.03: (0.11, -0.94, -0.31)
351.15: (0.11, -0.94, -0.31)
351.27: (0.15, -0.96, -0.22)
351.38: (0.22, -0.97, -0.09)
351.50: (0.24, -0.97, -0.05)
351.60: (0.28, -0.96, 0.01)
351.72: (0.33, -0.94, 0.10)
351.83: (0.34, -0.93, 0.15)
351.93: (0.34, -0.93, 0.15)
351.93: (-1.00, -0.04, -0.06): 0
351.95: (0.34, -0.93, 0.15)
352.05: (0.34, -0.93, 0.15)
352.17: (0.34, -0.93, 0.16)
352.27: (0.38, -0.90, 0.20)
352.38: (0.43, -0.86, 0.28)
352.50: (0.42, -0.82, 0.38)
352.62: (0.29, -0.83, 0.48)
352.73: (0.06, -0.88, 0.48)
352.83: (-0.24, -0.87, 0.43)
352.95: (-0.55, -0.80, 0.23)
353.07: (-0.70, -0.71, 0.11)
353.18: (-0.83, -0.56, -0.02)
353.30: (-0.92, -0.38, -0.08)
353.42: (-0.98, -0.22, 0.01)
353.52: (-1.00, -0.08, 0.01)
353.63: (-1.00, -0.05, -0.05)
353.73: (-1.00, -0.06, -0.06)
353.75: (-1.00, -0.06, -0.06)
353.75: (0.62, -0.44, 0.65): 0
353.85: (-1.00, -0.06, -0.07)
353.95: (-1.00, -0.05, -0.06)
354.07: (-1.00, -0.04, -0.01)
354.18: (-0.98, -0.15, 0.15)
354.30: (-0.90, -0.30, 0.32)
354.40: (-0.78, -0.43, 0.45)
354.52: (-0.51, -0.65, 0.57)
354.63: (-0.21, -0.79, 0.58)
354.73: (0.03, -0.88, 0.48)
354.85: (0.19, -0.92, 0.34)
354.97: (0.37, -0.92, 0.13)
355.08: (0.58, -0.81, -0.12)
355.20: (0.74, -0.57, -0.36)
355.30: (0.75, -0.57, -0.34)
355.42: (0.75, -0.57, -0.34)
355.53: (0.75, -0.57, -0.34)
355.65: (0.77, -0.45, -0.45)
355.77: (0.84, -0.23, -0.50)
355.88: (0.91, -0.08, -0.40)
355.98: (0.95, -0.03, -0.30)
356.10: (1.00, 0.04, -0.03)
356.22: (0.98, -0.04, 0.21)
356.33: (0.86, -0.29, 0.42)
356.43: (0.78, -0.40, 0.47)
356.55: (0.75, -0.42, 0.51)
356.63: (0.72, -0.40, 0.57)
356.63: (-0.56, 0.73, -0.39): 1
356.67: (0.71, -0.40, 0.59)
356.78: (0.69, -0.40, 0.60)
356.88: (0.69, -0.40, 0.60)
357.00: (0.65, -0.37, 0.66)
357.12: (0.56, -0.23, 0.80)
357.23: (0.29, -0.10, 0.95)
357.35: (0.08, -0.21, 0.98)
357.47: (0.14, -0.13, 0.98)
357.57: (0.37, 0.13, 0.92)
357.68: (0.68, 0.36, 0.64)
357.80: (0.88, 0.45, 0.17)
357.92: (0.88, 0.43, -0.20)
358.03: (0.81, 0.38, -0.44)
358.15: (0.60, 0.28, -0.75)
358.27: (0.38, 0.42, -0.83)
358.37: (0.38, 0.43, -0.82)
358.48: (0.38, 0.43, -0.82)
358.60: (0.37, 0.43, -0.82)
358.72: (0.18, 0.50, -0.85)
358.83: (-0.22, 0.57, -0.79)
358.93: (-0.49, 0.54, -0.68)
359.05: (-0.67, 0.55, -0.49)
359.17: (-0.58, 0.71, -0.40)
359.28: (-0.51, 0.75, -0.41)
359.38: (-0.54, 0.72, -0.44)
359.47: (-0.58, 0.70, -0.41)
359.47: (-0.07, -0.26, 0.96): 0
359.50: (-0.58, 0.70, -0.41)
359.60: (-0.58, 0.71, -0.41)
359.72: (-0.55, 0.71, -0.44)
359.83: (-0.48, 0.71, -0.51)
359.93: (-0.41, 0.69, -0.60)
360.05: (-0.39, 0.64, -0.66)
360.17: (-0.46, 0.53, -0.71)
360.28: (-0.62, 0.47, -0.63)
360.38: (-0.73, 0.47, -0.49)
360.50: (-0.81, 0.54, -0.25)
360.60: (-0.87, 0.49, 0.07)
360.72: (-0.83, 0.37, 0.41)
360.83: (-0.75, 0.29, 0.60)
360.95: (-0.72, 0.12, 0.69)
361.07: (-0.69, -0.17, 0.70)
361.18: (-0.70, -0.17, 0.69)
361.30: (-0.70, -0.17, 0.69)
361.40: (-0.70, -0.17, 0.69)
361.52: (-0.67, -0.21, 0.72)
361.63: (-0.43, -0.31, 0.84)
361.75: (-0.17, -0.31, 0.93)
361.86: (-0.08, -0.28, 0.96)
361.98: (-0.06, -0.25, 0.97)
361.98: (0.74, 0.17, 0.65): 0
361.98: (-0.06, -0.25, 0.97)
362.10: (-0.06, -0.25, 0.97)
362.21: (-0.06, -0.25, 0.97)
362.33: (-0.09, -0.24, 0.97)
362.45: (-0.22, -0.13, 0.97)
362.56: (-0.28, 0.02, 0.96)
362.67: (-0.35, 0.12, 0.93)
362.78: (-0.46, 0.19, 0.87)
362.90: (-0.60, 0.21, 0.77)
363.01: (-0.75, 0.19, 0.64)
363.13: (-0.82, 0.05, 0.56)
363.25: (-0.71, -0.17, 0.69)
363.35: (-0.37, -0.31, 0.87)
363.46: (0.05, -0.34, 0.94)
363.58: (0.50, -0.34, 0.79)
363.68: (0.79, -0.29, 0.55)
363.80: (0.92, -0.20, 0.33)
363.90: (0.86, -0.18, 0.47)
364.01: (0.86, -0.18, 0.47)
364.13: (0.85, -0.17, 0.49)
364.25: (0.82, -0.05, 0.57)
364.36: (0.80, 0.06, 0.60)
364.46: (0.78, 0.15, 0.61)
364.58: (0.74, 0.19, 0.64)
364.61: (0.74, 0.19, 0.65)
364.61: (-1.00, -0.05, -0.07): 1
364.70: (0.74, 0.19, 0.65)
364.81: (0.69, 0.21, 0.69)
364.91: (0.65, 0.25, 0.72)
365.03: (0.60, 0.38, 0.70)
365.15: (0.47, 0.63, 0.61)
365.26: (0.20, 0.81, 0.54)
365.38: (-0.11, 0.83, 0.54)
365.50: (-0.42, 0.75, 0.52)
365.61: (-0.70, 0.57, 0.44)
365.71: (-0.87, 0.36, 0.35)
365.83: (-0.97, 0.10, 0.24)
365.95: (-0.99, -0.13, 0.07)
366.05: (-0.99, -0.14, -0.04)
366.16: (-0.99, -0.07, -0.08)
366.28: (-1.00, -0.01, -0.04)
366.30: (-1.00, -0.01, -0.04)
366.30: (-0.80, -0.05, 0.60): 1
366.38: (-1.00, -0.02, -0.04)
366.50: (-0.99, 0.07, 0.12)
366.61: (-0.97, 0.15, 0.19)
366.73: (-0.97, 0.15, 0.19)
366.83: (-0.97, 0.15, 0.19)
366.93: (-0.96, 0.20, 0.20)
367.05: (-0.92, 0.25, 0.31)
367.16: (-0.83, 0.20, 0.52)
367.28: (-0.81, 0.14, 0.56)
367.38: (-0.82, 0.08, 0.57)
367.50: (-0.80, 0.02, 0.60)
367.61: (-0.79, 0.00, 0.61)
367.63: (-0.79, 0.00, 0.61)
367.63: (0.80, -0.59, -0.10): 2
367.71: (-0.79, 0.00, 0.61)
367.81: (-0.78, -0.02, 0.63)
367.93: (-0.71, -0.09, 0.70)
368.05: (-0.61, -0.25, 0.75)
368.16: (-0.50, -0.42, 0.76)
368.28: (-0.43, -0.47, 0.78)
368.40: (-0.38, -0.47, 0.80)
368.51: (-0.27, -0.58, 0.77)
368.61: (-0.15, -0.74, 0.65)
368.73: (-0.07, -0.89, 0.46)
368.83: (0.01, -0.95, 0.30)
368.95: (0.09, -0.99, 0.11)
369.06: (0.21, -0.97, -0.12)
369.18: (0.34, -0.89, -0.32)
369.30: (0.46, -0.72, -0.52)
369.41: (0.55, -0.56, -0.62)
369.53: (0.61, -0.66, -0.45)
369.63: (0.68, -0.68, -0.28)
369.75: (0.74, -0.64, -0.19)
369.81: (0.75, -0.63, -0.18)
369.81: (-0.98, -0.08, -0.15): 1
369.86: (0.75, -0.63, -0.18)
369.96: (0.75, -0.63, -0.18)
370.08: (0.67, -0.73, -0.13)
370.20: (0.53, -0.84, -0.11)
370.31: (0.41, -0.90, -0.11)
370.43: (0.22, -0.97, -0.08)
370.53: (0.08, -1.00, -0.02)
370.65: (-0.09, -0.99, 0.12)
370.75: (-0.23, -0.93, 0.29)
370.86: (-0.33, -0.81, 0.48)
370.96: (-0.34, -0.67, 0.65)
371.06: (-0.35, -0.48, 0.81)
371.18: (-0.37, -0.29, 0.88)
371.30: (-0.38, -0.18, 0.91)
371.41: (-0.35, -0.38, 0.86)
371.53: (-0.20, -0.78, 0.59)
371.65: (-0.04, -0.94, 0.34)
371.76: (0.18, -0.98, -0.07)
371.88: (0.40, -0.83, -0.39)
372.00: (0.52, -0.59, -0.62)
372.10: (0.53, -0.48, -0.70)
372.21: (0.53, -0.48, -0.70)
372.33: (0.53, -0.48, -0.70)
372.43: (0.53, -0.48, -0.70)
372.55: (0.56, -0.31, -0.77)
372.65: (0.50, 0.02, -0.87)
372.76: (0.37, 0.24, -0.90)
372.88: (0.24, 0.38, -0.89)
373.00: (0.10, 0.56, -0.82)
373.10: (-0.04, 0.75, -0.66)
373.21: (-0.23, 0.91, -0.33)
373.33: (-0.40, 0.92, -0.01)
373.43: (-0.48, 0.85, 0.23)
373.55: (-0.53, 0.69, 0.50)
373.66: (-0.58, 0.47, 0.67)
373.78: (-0.60, 0.17, 0.78)
373.90: (-0.63, -0.11, 0.77)
374.01: (-0.69, -0.31, 0.66)
374.11: (-0.78, -0.50, 0.37)
374.23: (-0.81, -0.57, -0.14)
374.35: (-0.80, -0.38, -0.47)
374.46: (-0.86, 0.01, -0.51)
374.58: (-0.91, 0.10, -0.40)
374.70: (-0.98, 0.03, -0.21)
374.81: (-0.99, -0.02, -0.13)
374.93: (-0.98, -0.07, -0.16)
374.95: (-0.98, -0.07, -0.16)
374.95: (0.03, -1.00, 0.07): 1
375.05: (-0.98, -0.07, -0.16)
375.15: (-0.99, -0.01, -0.16)
375.26: (-0.97, 0.15, -0.18)
375.38: (-0.89, 0.39, -0.24)
375.48: (-0.76, 0.61, -0.23)
375.60: (-0.59, 0.77, -0.24)
375.71: (-0.45, 0.86, -0.22)
375.83: (-0.41, 0.89, -0.21)
375.95: (-0.57, 0.74, -0.34)
376.06: (-0.70, 0.46, -0.55)
376.18: (-0.84, 0.22, -0.49)
376.30: (-0.97, -0.04, -0.25)
376.40: (-0.96, -0.28, -0.05)
376.51: (-0.83, -0.56, -0.02)
376.63: (-0.63, -0.77, -0.11)
376.75: (-0.30, -0.94, -0.17)
376.85: (-0.28, -0.94, -0.16)
376.96: (-0.28, -0.94, -0.16)
377.08: (-0.29, -0.94, -0.16)
377.18: (-0.24, -0.97, -0.09)
377.30: (-0.06, -1.00, 0.04)
377.41: (-0.03, -1.00, 0.07)
377.51: (-0.03, -1.00, 0.07)
377.51: (-0.26, -0.65, 0.72): 0
377.51: (-0.03, -1.00, 0.07)
377.63: (-0.03, -1.00, 0.07)
377.73: (-0.02, -1.00, 0.09)
377.85: (-0.07, -0.98, 0.21)
377.96: (-0.18, -0.87, 0.46)
378.06: (-0.15, -0.81, 0.57)
378.18: (-0.16, -0.77, 0.62)
378.30: (-0.22, -0.72, 0.66)
378.41: (-0.26, -0.67, 0.69)
378.41: (-0.87, -0.48, -0.03): 2
378.41: (-0.26, -0.67, 0.69)
378.53: (-0.26, -0.67, 0.69)
378.64: (-0.27, -0.63, 0.73)
378.75: (-0.32, -0.50, 0.80)
378.86: (-0.40, -0.42, 0.81)
378.98: (-0.62, -0.33, 0.71)
379.09: (-0.80, -0.24, 0.55)
379.21: (-0.93, 0.07, 0.37)
379.33: (-0.90, 0.43, 0.08)
379.44: (-0.89, 0.46, -0.06)
379.56: (-0.96, 0.22, 0.16)
379.66: (-0.97, -0.05, 0.24)
379.78: (-0.96, -0.17, 0.23)
379.90: (-0.93, -0.32, 0.16)
380.01: (-0.92, -0.40, 0.05)
380.13: (-0.89, -0.45, -0.01)
380.24: (-0.89, -0.46, -0.02)
380.26: (-0.89, -0.46, -0.02)
380.26: (0.77, -0.25, 0.59): 1
380.36: (-0.89, -0.46, -0.02)
380.46: (-0.88, -0.47, -0.02)
380.56: (-0.87, -0.49, -0.02)
380.68: (-0.82, -0.56, -0.10)
380.78: (-0.71, -0.68, -0.18)
380.89: (-0.53, -0.83, -0.18)
380.99: (-0.36, -0.92, -0.13)
381.09: (-0.10, -0.99, -0.07)
381.21: (0.26, -0.96, 0.12)
381.33: (0.63, -0.65, 0.43)
381.44: (0.77, -0.25, 0.59)
381.56: (0.78, -0.11, 0.62)
381.68: (0.74, -0.19, 0.64)
381.79: (0.71, -0.25, 0.66)
381.91: (0.70, -0.27, 0.66)
381.94: (0.70, -0.27, 0.66)
381.94: (-0.45, 0.79, -0.42): 0
382.03: (0.70, -0.27, 0.66)
382.13: (0.70, -0.27, 0.66)
382.24: (0.60, -0.45, 0.66)
382.34: (0.43, -0.65, 0.63)
382.46: (0.24, -0.82, 0.51)
382.58: (0.07, -0.91, 0.41)
382.69: (-0.18, -0.94, 0.29)
382.81: (-0.40, -0.91, 0.02)
382.93: (-0.44, -0.80, -0.40)
383.04: (-0.45, -0.47, -0.76)
383.14: (-0.45, -0.15, -0.88)
383.26: (-0.34, 0.34, -0.88)
383.36: (-0.33, 0.28, -0.90)
383.46: (-0.33, 0.28, -0.90)
383.58: (-0.35, 0.29, -0.89)
383.69: (-0.39, 0.52, -0.76)
383.79: (-0.39, 0.67, -0.63)
383.91: (-0.40, 0.68, -0.62)
384.03: (-0.43, 0.73, -0.53)
384.14: (-0.41, 0.79, -0.46)
384.19: (-0.41, 0.79, -0.46)
384.19: (-0.99, 0.11, 0.11): 2
384.24: (-0.41, 0.79, -0.46)
384.36: (-0.43, 0.78, -0.46)
384.48: (-0.48, 0.79, -0.38)
384.59: (-0.67, 0.72, -0.20)
384.69: (-0.78, 0.59, -0.18)
384.79: (-0.84, 0.43, -0.33)
384.91: (-0.90, 0.24, -0.37)
385.03: (-0.97, 0.21, -0.11)
385.14: (-0.98, 0.19, 0.05)
385.24: (-0.98, 0.16, 0.07)
385.34: (-0.99, 0.15, 0.07)
385.34: (0.60, -0.78, 0.18): 2
385.36: (-0.99, 0.15, 0.07)
385.48: (-0.99, 0.15, 0.06)
385.58: (-0.99, 0.15, 0.06)
385.69: (-0.99, 0.13, 0.05)
385.81: (-0.99, 0.05, -0.14)
385.93: (-0.94, 0.01, -0.34)
386.04: (-0.90, -0.10, -0.43)
386.16: (-0.81, -0.28, -0.51)
386.26: (-0.65, -0.47, -0.60)
386.38: (-0.56, -0.51, -0.65)
386.48: (-0.56, -0.51, -0.65)
386.59: (-0.56, -0.51, -0.65)
386.69: (-0.56, -0.53, -0.64)
386.79: (-0.41, -0.71, -0.57)
386.91: (0.01, -0.92, -0.38)
387.03: (0.21, -0.95, -0.23)
387.13: (0.38, -0.92, -0.06)
387.24: (0.51, -0.85, 0.10)
387.36: (0.55, -0.83, 0.10)
387.46: (0.56, -0.82, 0.10)
387.54: (0.56, -0.82, 0.10)
387.54: (0.96, 0.21, -0.18): 1
387.58: (0.56, -0.82, 0.10)
387.68: (0.56, -0.82, 0.11)
387.79: (0.61, -0.78, 0.12)
387.89: (0.68, -0.73, 0.08)
388.01: (0.80, -0.60, -0.02)
388.13: (0.90, -0.43, 0.00)
388.23: (0.97, -0.25, -0.04)
388.34: (0.98, 0.21, -0.05)
388.46: (0.92, 0.37, -0.08)
388.58: (0.94, 0.30, -0.14)
388.69: (0.96, 0.22, -0.16)
388.76: (0.96, 0.21, -0.16)
388.76: (0.97, -0.05, -0.24): 2
388.81: (0.96, 0.21, -0.16)
388.91: (0.96, 0.21, -0.16)
389.03: (0.99, 0.11, -0.13)
389.14: (0.98, -0.09, -0.20)
389.26: (0.97, -0.09, -0.23)
389.38: (0.98, 0.02, -0.22)
389.49: (0.98, 0.02, -0.22)
389.49: (0.97, 0.22, -0.05): 1
389.49: (0.98, 0.02, -0.22)
389.61: (0.98, 0.02, -0.22)
389.71: (0.98, 0.02, -0.22)
389.83: (0.98, 0.07, -0.20)
389.93: (0.98, 0.17, -0.10)
390.04: (0.98, 0.17, -0.08)
390.16: (0.98, 0.17, -0.08)
390.19: (0.98, 0.18, -0.08)
390.19: (0.05, 0.05, 1.00): 1
390.28: (0.98, 0.18, -0.08)
390.39: (0.98, 0.18, -0.08)
390.51: (0.98, 0.18, -0.08)
390.63: (0.98, 0.16, -0.09)
390.74: (0.98, 0.11, -0.15)
390.84: (0.95, 0.12, -0.28)
390.96: (0.88, 0.20, -0.43)
391.08: (0.66, 0.42, -0.62)
391.19: (0.51, 0.78, -0.38)
391.31: (0.36, 0.92, 0.11)
391.43: (0.40, 0.79, 0.46)
391.53: (0.42, 0.52, 0.74)
391.64: (0.42, 0.12, 0.90)
391.74: (0.50, 0.13, 0.86)
391.86: (0.50, 0.13, 0.86)
391.98: (0.50, 0.13, 0.86)
392.09: (0.46, 0.06, 0.88)
392.21: (0.35, 0.05, 0.93)
392.33: (0.23, 0.03, 0.97)
392.44: (0.12, 0.04, 0.99)
392.54: (0.09, 0.05, 0.99)
392.63: (0.08, 0.05, 1.00)
392.63: (0.05, -0.93, 0.36): 2
392.66: (0.08, 0.05, 1.00)
392.76: (0.07, 0.06, 1.00)
392.88: (0.04, 0.15, 0.99)
392.99: (-0.04, 0.34, 0.94)
393.11: (-0.12, 0.54, 0.83)
393.23: (-0.18, 0.70, 0.70)
393.34: (-0.40, 0.67, 0.62)
393.46: (-0.67, 0.47, 0.58)
393.58: (-0.85, 0.24, 0.47)
393.69: (-0.96, -0.04, 0.29)
393.81: (-0.95, -0.27, 0.16)
393.93: (-0.78, -0.62, 0.08)
394.04: (-0.42, -0.90, 0.09)
394.16: (-0.03, -1.00, -0.02)
394.28: (0.15, -0.99, -0.06)
394.38: (0.05, -0.99, 0.12)
394.49: (-0.04, -0.95, 0.30)
394.59: (0.01, -0.94, 0.34)
394.69: (0.06, -0.94, 0.33)
394.69: (0.89, -0.13, -0.43): 1
394.71: (0.06, -0.94, 0.33)
394.81: (0.07, -0.94, 0.34)
394.93: (0.03, -0.90, 0.44)
395.04: (-0.09, -0.80, 0.59)
395.16: (-0.21, -0.71, 0.67)
395.26: (-0.21, -0.71, 0.67)
395.37: (-0.21, -0.71, 0.67)
395.49: (-0.21, -0.71, 0.67)
395.61: (-0.27, -0.64, 0.72)
395.72: (-0.25, -0.69, 0.68)
395.84: (0.02, -0.84, 0.54)
395.96: (0.40, -0.82, 0.41)
396.07: (0.73, -0.65, 0.20)
396.18: (0.86, -0.51, 0.02)
396.29: (0.94, -0.28, -0.21)
396.41: (0.94, -0.19, -0.29)
396.52: (0.93, -0.23, -0.30)
396.64: (0.91, -0.18, -0.38)
396.76: (0.87, -0.10, -0.48)
396.77: (0.87, -0.10, -0.48)
396.77: (0.96, -0.23, -0.18): 0
396.87: (0.87, -0.10, -0.48)
396.99: (0.88, -0.19, -0.43)
397.11: (0.88, -0.38, -0.28)
397.22: (0.87, -0.41, -0.26)
397.32: (0.86, -0.44, -0.24)
397.44: (0.89, -0.42, -0.19)
397.56: (0.92, -0.35, -0.19)
397.66: (0.93, -0.30, -0.21)
397.72: (0.93, -0.29, -0.21)
397.72: (0.66, -0.35, 0.67): 1
397.77: (0.93, -0.29, -0.21)
397.89: (0.92, -0.32, -0.21)
398.01: (0.91, -0.38, -0.18)
398.12: (0.89, -0.45, 0.03)
398.24: (0.85, -0.43, 0.30)
398.34: (0.83, -0.43, 0.36)
398.46: (0.78, -0.45, 0.43)
398.57: (0.72, -0.44, 0.54)
398.67: (0.69, -0.41, 0.59)
398.79: (0.69, -0.39, 0.61)
398.79: (0.41, 0.43, 0.81): 1
398.79: (0.69, -0.39, 0.61)
398.89: (0.68, -0.39, 0.61)
398.99: (0.62, -0.36, 0.70)
399.11: (0.53, -0.41, 0.74)
399.22: (0.42, -0.47, 0.77)
399.34: (0.22, -0.50, 0.84)
399.46: (-0.15, -0.44, 0.88)
399.57: (-0.41, -0.39, 0.82)
399.67: (-0.41, -0.39, 0.82)
399.79: (-0.40, -0.39, 0.83)
399.91: (-0.45, -0.35, 0.82)
400.02: (-0.60, -0.24, 0.76)
400.14: (-0.43, -0.20, 0.88)
400.26: (-0.05, -0.22, 0.97)
400.37: (0.43, -0.15, 0.89)
400.49: (0.77, -0.11, 0.63)
400.61: (0.90, -0.11, 0.43)
400.72: (0.70, 0.05, 0.71)
400.84: (0.50, 0.23, 0.84)
400.96: (0.47, 0.31, 0.83)
401.07: (0.46, 0.35, 0.82)
401.19: (0.40, 0.39, 0.83)
401.19: (-0.60, 0.74, 0.31): 0
401.19: (0.40, 0.39, 0.83)
401.31: (0.40, 0.39, 0.83)
401.42: (0.32, 0.26, 0.91)
401.54: (0.20, 0.07, 0.98)
401.66: (-0.06, -0.07, 1.00)
401.77: (-0.55, -0.16, 0.82)
401.89: (-0.80, -0.16, 0.57)
402.01: (-0.95, -0.14, 0.29)
402.12: (-1.00, 0.00, -0.02)
402.24: (-0.97, 0.18, -0.19)
402.36: (-0.84, 0.24, -0.48)
402.46: (-0.86, 0.23, -0.47)
402.57: (-0.86, 0.23, -0.47)
402.69: (-0.80, 0.33, -0.50)
402.81: (-0.52, 0.58, -0.62)
402.92: (-0.31, 0.71, -0.64)
403.04: (-0.16, 0.73, -0.66)
403.14: (0.05, 0.77, -0.63)
403.26: (0.10, 0.93, -0.36)
403.37: (0.04, 1.00, -0.06)
403.49: (-0.18, 0.97, 0.16)
403.59: (-0.44, 0.83, 0.34)
403.71: (-0.47, 0.81, 0.35)
403.82: (-0.51, 0.80, 0.31)
403.92: (-0.59, 0.74, 0.33)
404.01: (-0.60, 0.73, 0.33)
404.01: (0.85, -0.31, 0.43): 0
404.04: (-0.60, 0.73, 0.33)
404.16: (-0.61, 0.74, 0.29)
404.27: (-0.68, 0.73, 0.11)
404.39: (-0.63, 0.76, -0.12)
404.51: (-0.52, 0.76, -0.39)
404.62: (-0.34, 0.77, -0.54)
404.74: (0.01, 0.83, -0.55)
404.86: (0.37, 0.74, -0.56)
404.97: (0.72, 0.52, -0.45)
405.07: (0.88, 0.38, -0.30)
405.19: (0.88, 0.38, -0.30)
405.29: (0.87, 0.38, -0.30)
405.41: (0.91, 0.34, -0.23)
405.52: (1.00, 0.08, -0.06)
405.64: (0.98, -0.13, 0.13)
405.74: (0.92, -0.30, 0.26)
405.86: (0.89, -0.29, 0.36)
405.97: (0.87, -0.30, 0.40)
406.09: (0.85, -0.31, 0.44)
406.09: (0.54, 0.23, 0.81): 2
406.09: (0.85, -0.31, 0.44)
406.19: (0.85, -0.31, 0.44)
406.29: (0.85, -0.21, 0.48)
406.41: (0.81, -0.12, 0.57)
406.52: (0.83, -0.07, 0.55)
406.64: (0.79, 0.01, 0.61)
406.76: (0.69, 0.09, 0.72)
406.87: (0.66, 0.11, 0.75)
406.99: (0.56, 0.19, 0.80)
407.11: (0.52, 0.25, 0.82)
407.21: (0.52, 0.25, 0.82)
407.22: (0.52, 0.25, 0.82)
407.22: (0.63, 0.59, -0.51): 2
407.32: (0.52, 0.25, 0.82)
407.44: (0.52, 0.26, 0.82)
407.56: (0.53, 0.31, 0.79)
407.67: (0.48, 0.53, 0.70)
407.77: (0.43, 0.72, 0.54)
407.89: (0.48, 0.81, 0.33)
408.01: (0.53, 0.85, -0.03)
408.12: (0.47, 0.78, -0.41)
408.24: (0.48, 0.75, -0.45)
408.36: (0.58, 0.72, -0.39)
408.47: (0.64, 0.64, -0.41)
408.59: (0.64, 0.60, -0.49)
408.64: (0.64, 0.60, -0.49)
408.64: (0.47, 0.27, -0.84): 2
408.69: (0.64, 0.60, -0.49)
408.81: (0.69, 0.51, -0.51)
408.92: (0.70, 0.38, -0.60)
409.02: (0.58, 0.34, -0.74)
409.14: (0.51, 0.35, -0.78)
409.26: (0.51, 0.32, -0.80)
409.36: (0.51, 0.30, -0.81)
409.41: (0.50, 0.30, -0.81)
409.41: (0.86, -0.04, 0.51): 2
409.46: (0.50, 0.30, -0.81)
409.57: (0.53, 0.23, -0.82)
409.69: (0.56, 0.13, -0.82)
409.81: (0.58, 0.06, -0.81)
409.92: (0.64, -0.25, -0.73)
410.04: (0.55, -0.54, -0.64)
410.16: (0.44, -0.67, -0.60)
410.26: (0.52, -0.62, -0.59)
410.37: (0.86, -0.26, -0.44)
410.47: (0.95, 0.13, -0.28)
410.59: (0.87, 0.50, -0.03)
410.69: (0.61, 0.77, 0.17)
410.81: (0.41, 0.91, 0.05)
410.92: (0.21, 0.97, -0.11)
411.04: (-0.09, 0.98, -0.17)
411.16: (-0.29, 0.95, -0.13)
411.27: (-0.20, 0.97, -0.14)
411.37: (-0.20, 0.97, -0.14)
411.49: (-0.22, 0.97, -0.13)
411.59: (-0.49, 0.86, 0.11)
411.71: (-0.56, 0.75, 0.35)
411.82: (-0.53, 0.61, 0.59)
411.94: (-0.38, 0.50, 0.78)
412.05: (-0.19, 0.36, 0.91)
412.17: (-0.04, 0.10, 0.99)
412.29: (-0.01, -0.13, 0.99)
412.40: (0.05, -0.39, 0.92)
412.52: (0.22, -0.41, 0.88)
412.64: (0.40, -0.10, 0.91)
412.74: (0.39, 0.27, 0.88)
412.86: (0.12, 0.70, 0.71)
412.97: (0.02, 0.73, 0.69)
413.09: (0.35, 0.57, 0.74)
413.20: (0.67, 0.45, 0.59)
413.32: (0.83, 0.37, 0.42)
413.44: (0.86, 0.33, 0.39)
413.55: (0.86, 0.12, 0.49)
413.67: (0.86, -0.04, 0.51)
413.79: (0.87, -0.06, 0.49)
413.80: (0.87, -0.06, 0.49)
413.80: (0.79, -0.04, -0.61): 2
413.89: (0.87, -0.06, 0.49)
414.00: (0.87, -0.06, 0.49)
414.12: (0.85, -0.02, 0.53)
414.22: (0.77, 0.06, 0.63)
414.34: (0.57, 0.25, 0.78)
414.44: (0.35, 0.41, 0.84)
414.55: (0.13, 0.71, 0.69)
414.67: (0.03, 0.92, 0.39)
414.79: (0.03, 1.00, -0.04)
414.90: (0.00, 0.87, -0.50)
415.00: (-0.08, 0.62, -0.78)
415.10: (-0.23, 0.29, -0.93)
415.22: (-0.33, -0.17, -0.93)
415.34: (-0.36, -0.25, -0.90)
415.44: (-0.36, -0.25, -0.90)
415.55: (-0.36, -0.25, -0.90)
415.67: (-0.37, -0.23, -0.90)
415.79: (-0.39, -0.43, -0.82)
415.90: (-0.33, -0.83, -0.44)
416.02: (-0.22, -0.97, -0.12)
416.14: (-0.04, -0.96, 0.28)
416.25: (0.19, -0.74, 0.64)
416.37: (0.39, -0.36, 0.85)
416.49: (0.41, -0.04, 0.91)
416.59: (0.26, 0.12, 0.96)
416.70: (-0.01, 0.37, 0.93)
416.82: (-0.31, 0.51, 0.80)
416.94: (-0.58, 0.31, 0.76)
417.04: (-0.72, 0.02, 0.70)
417.15: (-0.76, -0.15, 0.63)
417.27: (-0.73, 0.08, 0.68)
417.39: (-0.41, 0.68, 0.61)
417.50: (-0.03, 0.95, 0.30)
417.62: (0.04, 1.00, 0.03)
417.74: (-0.08, 0.97, -0.25)
417.85: (-0.14, 0.95, -0.28)
417.97: (-0.14, 0.95, -0.28)
418.09: (-0.14, 0.95, -0.28)
418.19: (-0.16, 0.95, -0.26)
418.30: (0.01, 0.86, -0.51)
418.42: (0.22, 0.54, -0.81)
418.54: (0.33, 0.25, -0.91)
418.65: (0.41, -0.06, -0.91)
418.77: (0.51, -0.08, -0.86)
418.89: (0.72, 0.08, -0.69)
419.00: (0.76, 0.05, -0.64)
419.10: (0.75, -0.02, -0.66)
419.17: (0.75, -0.02, -0.66)
419.17: (0.97, 0.23, 0.12): 2
419.20: (0.75, -0.02, -0.66)
419.32: (0.76, -0.02, -0.65)
419.42: (0.83, 0.04, -0.56)
419.54: (0.92, 0.14, -0.37)
419.65: (0.95, 0.19, -0.23)
419.77: (0.96, 0.29, 0.01)
419.89: (0.93, 0.30, 0.22)
419.99: (0.94, 0.28, 0.22)
420.10: (0.96, 0.23, 0.12)
420.19: (0.97, 0.23, 0.11)
420.19: (-0.64, -0.72, 0.26): 1
420.22: (0.97, 0.23, 0.11)
420.34: (0.97, 0.23, 0.11)
420.45: (0.95, 0.29, 0.15)
420.57: (0.89, 0.38, 0.26)
420.69: (0.79, 0.48, 0.38)
420.80: (0.63, 0.61, 0.48)
420.90: (0.48, 0.68, 0.56)
421.02: (0.34, 0.63, 0.69)
421.14: (0.17, 0.54, 0.82)
421.25: (0.17, 0.34, 0.92)
421.37: (0.41, 0.04, 0.91)
421.49: (0.64, -0.41, 0.65)
421.60: (0.68, -0.74, 0.00)
421.72: (0.49, -0.60, -0.63)
421.84: (0.24, -0.37, -0.90)
421.95: (-0.06, -0.16, -0.98)
422.07: (-0.21, -0.02, -0.98)
422.19: (-0.20, -0.02, -0.98)
422.29: (-0.20, -0.02, -0.98)
422.39: (-0.20, -0.02, -0.98)
422.50: (-0.30, 0.04, -0.95)
422.62: (-0.62, 0.07, -0.78)
422.74: (-0.83, -0.04, -0.55)
422.85: (-0.92, -0.20, -0.33)
422.95: (-0.95, -0.28, -0.14)
423.07: (-0.93, -0.35, 0.03)
423.19: (-0.86, -0.49, 0.15)
423.30: (-0.75, -0.63, 0.20)
423.40: (-0.72, -0.67, 0.18)
423.52: (-0.68, -0.71, 0.19)
423.55: (-0.67, -0.72, 0.19)
423.55: (-0.85, 0.33, -0.42): 0
423.64: (-0.67, -0.72, 0.19)
423.75: (-0.61, -0.77, 0.18)
423.87: (-0.45, -0.89, 0.10)
423.99: (-0.25, -0.96, -0.11)
424.09: (-0.16, -0.90, -0.41)
424.20: (-0.14, -0.57, -0.81)
424.32: (-0.08, 0.01, -1.00)
424.44: (-0.10, 0.24, -0.97)
424.54: (-0.13, 0.17, -0.98)
424.65: (-0.13, 0.17, -0.98)
424.77: (-0.21, 0.16, -0.96)
424.89: (-0.30, 0.52, -0.80)
425.00: (-0.34, 0.86, -0.39)
425.10: (-0.36, 0.93, -0.08)
425.22: (-0.37, 0.91, 0.21)
425.34: (-0.60, 0.77, 0.22)
425.45: (-0.86, 0.51, -0.04)
425.57: (-0.91, 0.33, -0.26)
425.69: (-0.82, 0.36, -0.44)
425.79: (-0.79, 0.38, -0.48)
425.80: (-0.79, 0.38, -0.48)
425.80: (0.87, 0.13, -0.47): 0
425.90: (-0.79, 0.38, -0.48)
426.00: (-0.79, 0.38, -0.48)
426.12: (-0.74, 0.46, -0.49)
426.24: (-0.52, 0.63, -0.58)
426.35: (-0.19, 0.76, -0.62)
426.45: (0.18, 0.82, -0.55)
426.57: (0.52, 0.69, -0.50)
426.69: (0.75, 0.56, -0.35)
426.80: (0.88, 0.45, -0.15)
426.92: (0.95, 0.30, -0.12)
427.04: (0.95, 0.19, -0.26)
427.15: (0.93, 0.14, -0.35)
427.27: (0.86, 0.11, -0.50)
427.32: (0.84, 0.11, -0.53)
427.32: (-0.95, 0.10, 0.29): 1
427.37: (0.84, 0.11, -0.54)
427.49: (0.81, 0.13, -0.57)
427.60: (0.74, 0.22, -0.64)
427.72: (0.59, 0.38, -0.71)
427.84: (0.36, 0.55, -0.76)
427.95: (0.05, 0.75, -0.66)
428.07: (-0.18, 0.91, -0.38)
428.19: (-0.29, 0.95, 0.04)
428.30: (-0.18, 0.86, 0.48)
428.42: (0.07, 0.62, 0.79)
428.52: (0.15, 0.41, 0.90)
428.64: (-0.17, 0.48, 0.86)
428.75: (-0.63, 0.59, 0.51)
428.87: (-0.83, 0.56, 0.05)
428.97: (-0.83, 0.49, -0.28)
429.08: (-0.80, 0.37, -0.47)
429.19: (-0.90, 0.36, -0.23)
429.30: (-0.96, 0.29, 0.01)
429.42: (-0.97, 0.23, 0.08)
429.53: (-0.97, 0.18, 0.19)
429.65: (-0.95, 0.12, 0.28)
429.68: (-0.95, 0.12, 0.29)
429.68: (-0.42, 0.85, 0.32): 2
429.77: (-0.95, 0.12, 0.29)
429.88: (-0.93, 0.20, 0.30)
430.00: (-0.82, 0.41, 0.39)
430.10: (-0.61, 0.62, 0.50)
430.22: (-0.21, 0.71, 0.67)
430.33: (-0.09, 0.76, 0.64)
430.45: (-0.25, 0.80, 0.54)
430.57: (-0.35, 0.82, 0.46)
430.68: (-0.43, 0.82, 0.39)
430.80: (-0.47, 0.82, 0.33)
430.82: (-0.47, 0.82, 0.33)
430.82: (-0.44, -0.66, 0.61): 0
430.90: (-0.47, 0.82, 0.33)
431.02: (-0.39, 0.87, 0.29)
431.13: (-0.27, 0.92, 0.27)
431.25: (-0.03, 0.96, 0.26)
431.37: (0.26, 0.92, 0.31)
431.48: (0.56, 0.67, 0.49)
431.58: (0.69, 0.40, 0.60)
431.70: (0.77, 0.14, 0.62)
431.82: (0.79, -0.24, 0.57)
431.92: (0.68, -0.58, 0.44)
432.03: (0.71, -0.56, 0.43)
432.13: (0.71, -0.56, 0.43)
432.25: (0.71, -0.55, 0.45)
432.35: (0.43, -0.78, 0.46)
432.47: (-0.07, -0.93, 0.36)
432.57: (-0.36, -0.87, 0.34)
432.68: (-0.59, -0.71, 0.39)
432.80: (-0.56, -0.63, 0.54)
432.92: (-0.47, -0.63, 0.62)
433.02: (-0.43, -0.65, 0.63)
433.02: (0.42, -0.71, 0.56): 0
433.03: (-0.43, -0.65, 0.63)
433.15: (-0.43, -0.67, 0.61)
433.25: (-0.38, -0.76, 0.53)
433.37: (-0.15, -0.86, 0.49)
433.47: (0.09, -0.84, 0.54)
433.57: (0.14, -0.81, 0.57)
433.68: (0.24, -0.78, 0.58)
433.80: (0.38, -0.75, 0.53)
433.92: (0.42, -0.76, 0.50)
433.97: (0.42, -0.76, 0.50)
433.97: (0.92, -0.09, 0.38): 0
434.03: (0.42, -0.76, 0.50)
434.15: (0.45, -0.75, 0.49)
434.27: (0.64, -0.63, 0.44)
434.38: (0.84, -0.37, 0.40)
434.48: (0.86, -0.32, 0.40)
434.60: (0.91, -0.20, 0.37)
434.70: (0.92, -0.16, 0.36)
434.78: (0.93, -0.14, 0.35)
434.78: (-0.81, -0.50, -0.30): 2
434.82: (0.93, -0.14, 0.35)
434.93: (0.94, -0.08, 0.33)
435.05: (0.95, 0.01, 0.31)
435.17: (0.97, 0.07, 0.23)
435.27: (0.99, 0.16, -0.04)
435.38: (0.90, 0.29, -0.33)
435.50: (0.90, 0.25, -0.35)
435.60: (0.97, -0.14, -0.20)
435.72: (0.84, -0.55, 0.02)
435.83: (0.47, -0.83, 0.30)
435.93: (0.12, -0.81, 0.58)
436.05: (-0.20, -0.63, 0.75)
436.17: (-0.56, -0.43, 0.71)
436.28: (-0.81, -0.18, 0.56)
436.40: (-0.85, 0.05, 0.53)
436.52: (-0.75, 0.36, 0.56)
436.63: (-0.69, 0.61, 0.39)
436.75: (-0.71, 0.57, 0.41)
436.85: (-0.71, 0.57, 0.41)
436.97: (-0.71, 0.57, 0.41)
437.08: (-0.60, 0.80, 0.01)
437.20: (-0.53, 0.70, -0.49)
437.32: (-0.61, 0.41, -0.68)
437.42: (-0.67, 0.05, -0.74)
437.53: (-0.68, -0.40, -0.61)
437.65: (-0.57, -0.70, -0.43)
437.75: (-0.43, -0.81, -0.40)
437.87: (-0.64, -0.66, -0.40)
437.97: (-0.70, -0.60, -0.39)
438.08: (-0.75, -0.56, -0.35)
438.20: (-0.80, -0.53, -0.29)
438.22: (-0.80, -0.53, -0.29)
438.22: (0.98, 0.04, -0.17): 1
438.32: (-0.80, -0.53, -0.29)
438.43: (-0.85, -0.46, -0.27)
438.53: (-0.90, -0.35, -0.26)
438.65: (-0.96, -0.22, -0.19)
438.75: (-1.00, -0.06, -0.05)
438.87: (-0.99, 0.06, -0.13)
438.98: (-0.84, -0.13, -0.53)
439.10: (-0.28, -0.34, -0.90)
439.22: (0.08, -0.31, -0.95)
439.33: (0.06, -0.30, -0.95)
439.43: (0.05, -0.28, -0.96)
439.55: (0.30, -0.32, -0.90)
439.67: (0.78, -0.34, -0.53)
439.78: (0.90, -0.25, -0.36)
439.90: (0.94, -0.23, -0.25)
440.02: (0.96, -0.15, -0.22)
440.12: (0.99, -0.02, -0.15)
440.22: (0.99, 0.04, -0.11)
440.28: (0.99, 0.04, -0.11)
440.28: (0.31, -0.88, -0.36): 0
440.33: (0.99, 0.03, -0.12)
440.43: (0.99, 0.03, -0.12)
440.55: (0.99, 0.04, -0.14)
440.65: (0.97, 0.10, -0.20)
440.77: (0.85, 0.26, -0.47)
440.88: (0.63, 0.30, -0.72)
441.00: (0.31, 0.34, -0.89)
441.12: (0.00, 0.44, -0.90)
441.23: (-0.31, 0.45, -0.84)
441.33: (-0.64, 0.36, -0.67)
441.45: (-0.91, 0.20, -0.37)
441.55: (-0.91, 0.16, -0.37)
441.67: (-0.91, 0.16, -0.37)
441.77: (-0.91, 0.17, -0.38)
441.88: (-0.91, 0.20, -0.37)
442.00: (-0.96, 0.10, -0.25)
442.12: (-0.99, -0.11, 0.09)
442.23: (-0.94, -0.21, 0.27)
442.35: (-0.75, -0.38, 0.54)
442.45: (-0.46, -0.46, 0.76)
442.57: (-0.22, -0.47, 0.85)
442.68: (0.11, -0.41, 0.91)
442.78: (0.48, -0.34, 0.81)
442.88: (0.77, -0.25, 0.58)
443.00: (0.96, -0.16, 0.24)
443.12: (1.00, -0.03, -0.09)
443.22: (0.93, 0.08, -0.35)
443.33: (0.66, 0.19, -0.72)
443.43: (0.27, 0.22, -0.94)
443.55: (-0.11, 0.23, -0.97)
443.67: (-0.57, 0.23, -0.79)
443.78: (-0.69, 0.19, -0.70)
443.88: (-0.69, 0.19, -0.70)
444.00: (-0.69, 0.19, -0.70)
444.12: (-0.63, 0.18, -0.76)
444.22: (-0.41, -0.08, -0.91)
444.32: (-0.16, -0.43, -0.89)
444.42: (0.04, -0.58, -0.82)
444.53: (0.29, -0.59, -0.75)
444.65: (0.52, -0.64, -0.56)
444.75: (0.60, -0.71, -0.35)
444.87: (0.38, -0.84, -0.38)
444.98: (0.26, -0.87, -0.43)
445.03: (0.26, -0.87, -0.43)
445.03: (-0.28, -0.85, -0.45): 0
445.08: (0.26, -0.87, -0.43)
445.18: (0.26, -0.87, -0.43)
445.28: (0.20, -0.84, -0.51)
445.40: (-0.12, -0.75, -0.65)
445.50: (-0.19, -0.76, -0.62)
445.62: (-0.17, -0.85, -0.49)
445.73: (-0.23, -0.88, -0.41)
445.85: (-0.29, -0.87, -0.41)
445.88: (-0.29, -0.87, -0.41)
445.88: (-0.87, -0.40, 0.30): 1
445.96: (-0.29, -0.87, -0.41)
446.08: (-0.36, -0.81, -0.46)
446.20: (-0.49, -0.71, -0.50)
446.30: (-0.73, -0.51, -0.45)
446.41: (-0.93, -0.19, -0.31)
446.51: (-0.98, -0.09, -0.19)
446.63: (-0.97, -0.24, 0.02)
446.75: (-0.88, -0.38, 0.30)
446.85: (-0.85, -0.32, 0.41)
446.96: (-0.85, -0.32, 0.42)
447.08: (-0.86, -0.35, 0.36)
447.18: (-0.87, -0.36, 0.33)
447.25: (-0.87, -0.36, 0.33)
447.25: (-0.29, -0.90, -0.33): 2
447.30: (-0.87, -0.36, 0.32)
447.41: (-0.89, -0.36, 0.27)
447.53: (-0.95, -0.32, 0.07)
447.63: (-0.97, -0.23, -0.11)
447.75: (-0.91, -0.13, -0.40)
447.86: (-0.73, -0.07, -0.68)
447.96: (-0.64, -0.16, -0.75)
448.08: (-0.62, -0.15, -0.77)
448.20: (-0.57, -0.12, -0.81)
448.30: (-0.41, -0.15, -0.90)
448.41: (0.14, -0.20, -0.97)
448.53: (0.77, -0.17, -0.61)
448.65: (0.98, -0.17, -0.14)
448.75: (0.96, -0.16, -0.23)
448.86: (0.96, -0.16, -0.23)
448.98: (0.97, -0.14, -0.17)
449.10: (0.95, -0.13, 0.29)
449.20: (0.80, -0.18, 0.57)
449.31: (0.58, -0.24, 0.78)
449.41: (0.28, -0.22, 0.93)
449.53: (0.11, -0.16, 0.98)
449.65: (0.04, 0.01, 1.00)
449.76: (0.00, 0.29, 0.96)
449.88: (-0.03, 0.50, 0.86)
450.00: (-0.06, 0.68, 0.73)
450.10: (-0.07, 0.86, 0.51)
450.21: (-0.11, 0.99, 0.10)
450.33: (-0.24, 0.96, -0.14)
450.45: (-0.38, 0.91, -0.13)
450.56: (-0.68, 0.73, 0.05)
450.66: (-0.75, 0.54, 0.39)
450.78: (-0.57, 0.16, 0.81)
450.90: (-0.33, -0.25, 0.91)
451.01: (-0.26, -0.60, 0.76)
451.13: (-0.25, -0.60, 0.76)
451.25: (-0.25, -0.60, 0.76)
451.35: (-0.25, -0.60, 0.76)
451.45: (-0.33, -0.70, 0.63)
451.56: (-0.42, -0.90, 0.07)
451.68: (-0.41, -0.80, -0.43)
451.80: (-0.41, -0.72, -0.56)
451.91: (-0.38, -0.81, -0.46)
452.01: (-0.34, -0.85, -0.39)
452.10: (-0.32, -0.87, -0.37)
452.10: (-0.82, -0.56, 0.11): 2
452.13: (-0.32, -0.87, -0.37)
452.25: (-0.31, -0.89, -0.33)
452.36: (-0.28, -0.93, -0.24)
452.48: (-0.43, -0.90, -0.10)
452.60: (-0.63, -0.77, -0.08)
452.71: (-0.70, -0.71, -0.02)
452.81: (-0.74, -0.66, 0.09)
452.93: (-0.76, -0.64, 0.12)
452.96: (-0.76, -0.64, 0.12)
452.96: (0.95, 0.31, 0.03): 0
453.03: (-0.76, -0.64, 0.12)
453.13: (-0.77, -0.63, 0.13)
453.25: (-0.81, -0.54, 0.23)
453.36: (-0.80, -0.43, 0.42)
453.46: (-0.78, -0.36, 0.51)
453.58: (-0.85, -0.20, 0.49)
453.70: (-0.85, 0.12, 0.51)
453.80: (-0.67, 0.44, 0.60)
453.91: (-0.39, 0.62, 0.68)
454.03: (-0.06, 0.67, 0.74)
454.13: (0.29, 0.63, 0.72)
454.25: (0.70, 0.42, 0.58)
454.36: (0.93, 0.15, 0.32)
454.48: (0.99, -0.17, -0.01)
454.58: (1.00, -0.07, 0.00)
454.70: (0.99, 0.11, 0.05)
454.81: (0.98, 0.19, -0.02)
454.93: (0.97, 0.22, -0.06)
455.03: (0.96, 0.26, -0.05)
455.15: (0.96, 0.28, -0.04)
455.15: (0.98, -0.09, 0.17): 2
455.15: (0.96, 0.28, -0.04)
455.26: (0.96, 0.28, -0.04)
455.38: (0.99, 0.14, 0.09)
455.48: (0.96, -0.04, 0.29)
455.60: (0.96, -0.05, 0.29)
455.71: (0.98, 0.00, 0.21)
455.83: (0.98, -0.01, 0.19)
455.91: (0.99, -0.02, 0.17)
455.91: (-0.47, -0.80, 0.37): 2
455.95: (0.99, -0.02, 0.17)
456.06: (0.98, -0.06, 0.19)
456.18: (0.93, -0.16, 0.34)
456.30: (0.85, -0.14, 0.50)
456.40: (0.85, -0.14, 0.50)
456.51: (0.85, -0.14, 0.50)
456.63: (0.86, -0.13, 0.50)
456.75: (0.82, -0.18, 0.54)
456.86: (0.69, -0.39, 0.61)
456.98: (0.61, -0.61, 0.51)
457.08: (0.62, -0.75, 0.25)
457.20: (0.61, -0.78, -0.13)
457.30: (0.51, -0.72, -0.48)
457.41: (0.15, -0.44, -0.89)
457.53: (-0.39, 0.07, -0.92)
457.65: (-0.56, 0.22, -0.80)
457.76: (-0.56, 0.22, -0.80)
457.86: (-0.56, 0.22, -0.80)
457.98: (-0.56, 0.23, -0.80)
458.08: (-0.53, 0.47, -0.70)
458.20: (-0.54, 0.79, -0.30)
458.31: (-0.53, 0.84, 0.13)
458.41: (-0.54, 0.78, 0.31)
458.53: (-0.52, 0.61, 0.60)
458.63: (-0.52, 0.31, 0.79)
458.75: (-0.57, -0.14, 0.81)
458.86: (-0.33, -0.50, 0.80)
458.96: (0.02, -0.48, 0.88)
459.08: (0.34, -0.33, 0.88)
459.20: (0.34, -0.32, 0.89)
459.31: (0.10, -0.61, 0.78)
459.43: (-0.03, -0.83, 0.55)
459.55: (-0.08, -0.89, 0.45)
459.66: (-0.19, -0.89, 0.41)
459.78: (-0.29, -0.85, 0.45)
459.90: (-0.37, -0.81, 0.46)
460.01: (-0.43, -0.80, 0.41)
460.03: (-0.43, -0.80, 0.41)
460.03: (0.77, 0.63, -0.13): 1
460.11: (-0.44, -0.80, 0.41)
460.23: (-0.44, -0.80, 0.41)
460.35: (-0.44, -0.80, 0.40)
460.46: (-0.47, -0.79, 0.40)
460.56: (-0.52, -0.78, 0.36)
460.68: (-0.60, -0.79, 0.12)
460.80: (-0.76, -0.62, -0.17)
460.91: (-0.97, -0.16, -0.19)
461.03: (-0.97, 0.22, 0.02)
461.13: (-0.93, 0.30, 0.23)
461.25: (-0.77, 0.38, 0.50)
461.36: (-0.50, 0.52, 0.70)
461.46: (-0.13, 0.66, 0.74)
461.58: (0.24, 0.71, 0.66)
461.70: (0.19, 0.72, 0.67)
461.81: (0.19, 0.72, 0.67)
461.93: (0.26, 0.72, 0.65)
462.04: (0.57, 0.73, 0.37)
462.16: (0.66, 0.74, 0.08)
462.26: (0.71, 0.70, -0.10)
462.38: (0.71, 0.69, -0.12)
462.49: (0.74, 0.65, -0.14)
462.54: (0.75, 0.65, -0.14)
462.54: (-0.53, 0.28, -0.80): 1
462.61: (0.75, 0.65, -0.14)
462.71: (0.75, 0.65, -0.14)
462.83: (0.76, 0.64, -0.12)
462.94: (0.76, 0.64, -0.10)
463.05: (0.76, 0.64, -0.06)
463.16: (0.78, 0.60, 0.18)
463.28: (0.79, 0.45, 0.41)
463.39: (0.75, 0.27, 0.60)
463.51: (0.68, 0.06, 0.73)
463.63: (0.58, -0.16, 0.80)
463.73: (0.45, -0.31, 0.84)
463.84: (0.26, -0.50, 0.83)
463.96: (0.09, -0.66, 0.75)
464.06: (-0.01, -0.77, 0.64)
464.18: (-0.13, -0.85, 0.52)
464.28: (-0.24, -0.88, 0.41)
464.38: (-0.31, -0.89, 0.34)
464.48: (-0.35, -0.89, 0.29)
464.59: (-0.44, -0.87, 0.21)
464.71: (-0.59, -0.81, 0.07)
464.81: (-0.74, -0.66, -0.11)
464.93: (-0.80, -0.57, -0.16)
465.04: (-0.80, -0.57, -0.16)
465.16: (-0.80, -0.57, -0.16)
465.26: (-0.80, -0.57, -0.16)
465.38: (-0.80, -0.58, -0.17)
465.49: (-0.89, -0.41, -0.20)
465.61: (-0.94, -0.28, -0.19)
465.71: (-0.99, 0.03, -0.16)
465.81: (-0.94, 0.32, -0.11)
465.91: (-0.82, 0.57, -0.08)
466.03: (-0.59, 0.81, 0.00)
466.14: (-0.34, 0.93, 0.14)
466.26: (-0.45, 0.89, -0.04)
466.38: (-0.65, 0.64, -0.41)
466.49: (-0.66, 0.55, -0.50)
466.61: (-0.63, 0.54, -0.56)
466.71: (-0.55, 0.41, -0.73)
466.83: (-0.54, 0.38, -0.75)
466.94: (-0.55, 0.37, -0.75)
467.01: (-0.55, 0.37, -0.75)
467.01: (-0.95, 0.19, 0.25): 2
467.04: (-0.55, 0.37, -0.75)
467.16: (-0.56, 0.36, -0.75)
467.26: (-0.58, 0.34, -0.74)
467.38: (-0.63, 0.32, -0.71)
467.49: (-0.67, 0.31, -0.68)
467.61: (-0.69, 0.30, -0.66)
467.73: (-0.76, 0.25, -0.60)
467.84: (-0.80, 0.22, -0.56)
467.94: (-0.82, 0.21, -0.53)
468.04: (-0.83, 0.23, -0.51)
468.14: (-0.84, 0.30, -0.46)
468.26: (-0.89, 0.29, -0.35)
468.38: (-0.93, 0.26, -0.25)
468.49: (-0.93, 0.31, -0.22)
468.61: (-0.90, 0.39, -0.18)
468.73: (-0.88, 0.47, 0.00)
468.84: (-0.93, 0.37, 0.08)
468.96: (-0.96, 0.27, 0.11)
469.08: (-0.95, 0.22, 0.23)
469.18: (-0.94, 0.22, 0.25)
469.19: (-0.94, 0.22, 0.25)
469.19: (0.57, -0.48, -0.66): 2
469.29: (-0.94, 0.22, 0.25)
469.41: (-0.94, 0.22, 0.25)
469.51: (-0.93, 0.24, 0.26)
469.63: (-0.90, 0.32, 0.30)
469.74: (-0.82, 0.45, 0.36)
469.84: (-0.69, 0.61, 0.40)
469.96: (-0.58, 0.73, 0.37)
470.08: (-0.48, 0.79, 0.37)
470.19: (-0.02, 0.84, 0.54)
470.31: (0.47, 0.76, 0.45)
470.43: (0.84, 0.53, 0.07)
470.54: (1.00, 0.00, -0.05)
470.64: (0.98, -0.18, -0.09)
470.74: (0.87, -0.49, -0.04)
470.86: (0.80, -0.59, -0.12)
470.98: (0.68, -0.56, -0.47)
471.09: (0.63, -0.53, -0.56)
471.19: (0.62, -0.51, -0.60)
471.29: (0.60, -0.48, -0.64)
471.29: (-0.98, -0.02, 0.21): 0
471.31: (0.60, -0.48, -0.64)
471.43: (0.60, -0.48, -0.64)
471.54: (0.64, -0.44, -0.63)
471.66: (0.76, -0.38, -0.52)
471.76: (0.76, -0.38, -0.52)
471.88: (0.76, -0.38, -0.52)
471.98: (0.76, -0.38, -0.53)
472.09: (0.63, -0.53, -0.57)
472.21: (0.20, -0.68, -0.71)
472.31: (-0.25, -0.71, -0.66)
472.43: (-0.71, -0.66, -0.25)
472.53: (-0.86, -0.47, 0.18)
472.64: (-0.82, -0.09, 0.56)
472.74: (-0.85, 0.00, 0.53)
472.86: (-0.96, -0.08, 0.27)
472.98: (-0.98, -0.07, 0.18)
473.08: (-0.98, -0.02, 0.22)
473.19: (-0.96, 0.03, 0.27)
473.31: (-0.96, 0.01, 0.28)
473.38: (-0.96, 0.00, 0.28)
473.38: (0.54, 0.71, 0.44): 2
473.43: (-0.96, 0.00, 0.28)
473.53: (-0.96, 0.00, 0.28)
473.63: (-0.96, 0.01, 0.27)
473.73: (-0.95, -0.05, 0.32)
473.84: (-0.81, 0.08, 0.58)
473.96: (-0.56, 0.23, 0.79)
474.08: (-0.29, 0.05, 0.96)
474.19: (0.16, 0.42, 0.89)
474.31: (0.30, 0.78, 0.54)
474.43: (0.30, 0.77, 0.57)
474.54: (0.30, 0.77, 0.57)
474.66: (0.30, 0.77, 0.57)
474.78: (0.31, 0.77, 0.56)
474.88: (0.36, 0.78, 0.52)
474.99: (0.45, 0.77, 0.45)
475.11: (0.49, 0.76, 0.43)
475.19: (0.50, 0.75, 0.43)
475.19: (-0.45, -0.79, 0.40): 2
475.21: (0.50, 0.75, 0.43)
475.33: (0.53, 0.75, 0.41)
475.43: (0.61, 0.70, 0.37)
475.54: (0.78, 0.51, 0.35)
475.64: (0.91, 0.32, 0.28)
475.76: (0.96, 0.18, 0.22)
475.88: (0.91, -0.06, 0.40)
475.99: (0.52, -0.28, 0.81)
476.11: (-0.22, -0.29, 0.93)
476.23: (-0.50, -0.17, 0.85)
476.33: (-0.50, -0.17, 0.85)
476.43: (-0.50, -0.17, 0.85)
476.54: (-0.50, -0.17, 0.85)
476.66: (-0.60, -0.08, 0.79)
476.76: (-0.88, 0.06, 0.47)
476.88: (-0.98, 0.20, -0.01)
476.99: (-0.91, 0.22, -0.35)
477.11: (-0.73, 0.15, -0.66)
477.23: (-0.41, 0.05, -0.91)
477.34: (-0.44, 0.02, -0.90)
477.44: (-0.44, 0.02, -0.90)
477.54: (-0.44, 0.03, -0.90)
477.66: (-0.29, 0.04, -0.96)
477.78: (0.02, 0.01, -1.00)
477.89: (0.31, -0.01, -0.95)
478.01: (0.69, -0.12, -0.72)
478.13: (0.87, -0.14, -0.47)
478.23: (0.99, 0.01, -0.14)
478.34: (0.96, 0.26, 0.11)
478.46: (0.87, 0.36, 0.34)
478.58: (0.92, 0.33, 0.23)
478.68: (0.92, 0.33, 0.23)
478.79: (0.92, 0.33, 0.23)
478.89: (0.73, 0.34, 0.59)
479.01: (0.32, 0.26, 0.91)
479.11: (-0.07, 0.17, 0.98)
479.22: (-0.50, 0.05, 0.86)
479.34: (-0.77, -0.03, 0.63)
479.44: (-0.90, -0.14, 0.42)
479.56: (-0.89, -0.18, 0.43)
479.67: (-0.89, -0.18, 0.43)
479.79: (-0.89, -0.18, 0.43)
479.89: (-0.90, -0.33, 0.28)
479.99: (-0.80, -0.60, -0.02)
480.11: (-0.52, -0.75, -0.41)
480.22: (-0.32, -0.72, -0.62)
480.34: (-0.34, -0.84, -0.42)
480.46: (-0.51, -0.86, 0.01)
480.56: (-0.54, -0.82, 0.19)
480.67: (-0.54, -0.82, 0.22)
480.79: (-0.45, -0.81, 0.37)
480.91: (-0.45, -0.80, 0.40)
480.92: (-0.45, -0.80, 0.40)
480.92: (-0.95, 0.15, -0.27): 1
481.02: (-0.45, -0.80, 0.40)
481.12: (-0.45, -0.80, 0.40)
481.24: (-0.49, -0.77, 0.40)
481.36: (-0.64, -0.51, 0.57)
481.46: (-0.71, -0.05, 0.70)
481.57: (-0.77, 0.16, 0.62)
481.69: (-0.72, 0.55, 0.42)
481.81: (-0.44, 0.89, 0.10)
481.92: (-0.34, 0.93, -0.14)
482.02: (-0.65, 0.72, -0.22)
482.12: (-0.89, 0.42, -0.15)
482.24: (-0.98, 0.16, -0.10)
482.36: (-0.97, 0.19, -0.17)
482.47: (-0.93, 0.28, -0.25)
482.59: (-0.93, 0.25, -0.26)
482.71: (-0.94, 0.20, -0.27)
482.72: (-0.94, 0.20, -0.27)
482.72: (-0.86, -0.24, 0.45): 1
482.82: (-0.94, 0.20, -0.27)
482.92: (-0.94, 0.21, -0.28)
483.04: (-0.92, 0.22, -0.33)
483.16: (-0.80, 0.39, -0.46)
483.26: (-0.62, 0.62, -0.48)
483.37: (-0.51, 0.78, -0.36)
483.49: (-0.51, 0.78, -0.36)
483.61: (-0.51, 0.78, -0.36)
483.72: (-0.52, 0.77, -0.38)
483.82: (-0.40, 0.81, -0.42)
483.94: (-0.23, 0.88, -0.42)
484.04: (-0.04, 0.94, -0.35)
484.16: (0.10, 0.95, -0.29)
484.26: (0.20, 0.96, -0.21)
484.37: (0.45, 0.89, -0.03)
484.49: (0.59, 0.80, 0.10)
484.61: (0.63, 0.76, 0.14)
484.72: (0.71, 0.67, 0.20)
484.84: (0.81, 0.51, 0.28)
484.96: (0.89, 0.34, 0.31)
485.07: (0.92, 0.16, 0.36)
485.19: (0.92, -0.25, 0.29)
485.31: (0.82, -0.56, 0.11)
485.41: (0.70, -0.71, 0.08)
485.52: (0.48, -0.87, 0.06)
485.64: (0.04, -1.00, -0.07)
485.74: (-0.31, -0.95, -0.06)
485.84: (-0.64, -0.76, 0.09)
485.96: (-0.81, -0.58, 0.08)
486.07: (-0.90, -0.44, -0.04)
486.19: (-0.91, -0.40, 0.08)
486.31: (-0.91, -0.34, 0.24)
486.41: (-0.91, -0.29, 0.29)
486.52: (-0.91, -0.21, 0.37)
486.62: (-0.91, -0.19, 0.38)
486.62: (-0.85, -0.15, -0.51): 2
486.64: (-0.91, -0.19, 0.38)
486.76: (-0.91, -0.19, 0.38)
486.86: (-0.90, -0.19, 0.39)
486.97: (-0.86, -0.34, 0.39)
487.09: (-0.86, -0.34, 0.39)
487.21: (-0.86, -0.34, 0.39)
487.32: (-0.86, -0.34, 0.39)
487.42: (-0.84, -0.37, 0.40)
487.54: (-0.69, -0.38, 0.62)
487.64: (-0.55, -0.19, 0.81)
487.74: (-0.48, 0.20, 0.85)
487.86: (-0.41, 0.62, 0.67)
487.97: (-0.42, 0.83, 0.38)
488.09: (-0.47, 0.88, 0.03)
488.21: (-0.43, 0.84, -0.31)
488.32: (-0.36, 0.66, -0.66)
488.42: (-0.31, 0.45, -0.84)
488.54: (-0.23, 0.11, -0.97)
488.64: (-0.13, -0.17, -0.98)
488.76: (-0.06, -0.45, -0.89)
488.86: (0.01, -0.66, -0.75)
488.97: (-0.29, -0.51, -0.81)
489.07: (-0.49, -0.39, -0.78)
489.19: (-0.71, -0.31, -0.63)
489.31: (-0.79, -0.27, -0.55)
489.42: (-0.81, -0.24, -0.54)
489.54: (-0.84, -0.22, -0.50)
489.57: (-0.84, -0.22, -0.50)
489.57: (0.45, 0.63, -0.63): 0
489.64: (-0.84, -0.22, -0.50)
489.76: (-0.84, -0.12, -0.53)
489.87: (-0.88, 0.14, -0.45)
489.99: (-0.87, 0.43, -0.25)
490.09: (-0.69, 0.72, 0.01)
490.19: (-0.40, 0.91, 0.14)
490.31: (-0.01, 0.97, 0.24)
490.41: (0.34, 0.88, 0.34)
490.52: (0.68, 0.52, 0.51)
490.62: (0.77, 0.22, 0.60)
490.72: (0.79, 0.22, 0.58)
490.84: (0.57, 0.75, 0.34)
490.96: (0.03, 1.00, -0.01)
491.07: (-0.51, 0.81, -0.28)
491.19: (-0.84, 0.40, -0.36)
491.31: (-0.95, -0.05, -0.30)
491.42: (-0.91, -0.35, -0.23)
491.54: (-0.82, -0.54, -0.19)
491.64: (-0.65, -0.74, -0.17)
491.74: (-0.34, -0.93, -0.10)
491.86: (0.05, -1.00, -0.08)
491.97: (0.12, -0.89, -0.44)
492.09: (0.10, -0.59, -0.80)
492.19: (0.09, -0.38, -0.92)
492.31: (0.08, -0.25, -0.96)
492.42: (0.04, -0.06, -1.00)
492.54: (0.01, 0.17, -0.99)
492.64: (-0.08, 0.42, -0.90)
492.74: (-0.49, 0.42, -0.76)
492.86: (-0.59, 0.26, -0.76)
492.97: (-0.45, 0.34, -0.83)
493.09: (-0.08, 0.55, -0.83)
493.21: (0.23, 0.64, -0.73)
493.32: (0.40, 0.64, -0.66)
493.44: (0.40, 0.63, -0.66)
493.52: (0.39, 0.63, -0.67)
493.52: (-0.44, -0.58, -0.69): 2
493.54: (0.39, 0.63, -0.67)
493.64: (0.38, 0.62, -0.68)
493.76: (0.04, 0.49, -0.87)
493.87: (-0.01, 0.48, -0.88)
493.99: (-0.01, 0.48, -0.88)
494.11: (-0.13, 0.43, -0.89)
494.22: (-0.38, 0.18, -0.91)
494.34: (-0.62, -0.24, -0.75)
494.46: (-0.70, -0.46, -0.54)
494.56: (-0.72, -0.49, -0.49)
494.67: (-0.69, -0.50, -0.52)
494.79: (-0.57, -0.51, -0.64)
494.91: (-0.53, -0.53, -0.66)
495.01: (-0.48, -0.54, -0.69)
495.12: (-0.42, -0.55, -0.72)
495.14: (-0.42, -0.55, -0.72)
495.14: (0.96, 0.24, 0.13): 1
495.22: (-0.42, -0.55, -0.72)
495.34: (-0.42, -0.55, -0.72)
495.46: (-0.36, -0.70, -0.62)
495.57: (-0.30, -0.85, -0.44)
495.69: (-0.32, -0.89, -0.32)
495.80: (-0.27, -0.95, -0.14)
495.92: (0.08, -0.99, -0.11)
496.04: (0.50, -0.85, -0.17)
496.15: (0.84, -0.49, -0.24)
496.27: (0.95, 0.05, -0.32)
496.39: (0.94, 0.07, -0.34)
496.49: (0.94, 0.07, -0.34)
496.61: (0.94, 0.07, -0.34)
496.72: (0.94, 0.08, -0.33)
496.84: (0.99, 0.05, -0.15)
496.94: (1.00, 0.05, 0.03)
497.05: (0.99, 0.11, 0.06)
497.17: (0.98, 0.19, 0.06)
497.22: (0.98, 0.20, 0.06)
497.22: (-0.89, 0.31, 0.33): 1
497.27: (0.98, 0.20, 0.06)
497.39: (0.98, 0.17, 0.03)
497.50: (0.99, 0.14, -0.09)
497.62: (0.93, 0.23, -0.30)
497.74: (0.80, 0.33, -0.50)
497.84: (0.65, 0.48, -0.59)
497.95: (0.52, 0.59, -0.61)
498.07: (0.24, 0.71, -0.67)
498.17: (0.03, 0.76, -0.65)
498.29: (-0.31, 0.82, -0.49)
498.40: (-0.55, 0.83, -0.10)
498.52: (-0.72, 0.64, 0.26)
498.64: (-0.82, 0.21, 0.53)
498.75: (-0.83, 0.11, 0.54)
498.87: (-0.85, 0.28, 0.45)
498.97: (-0.87, 0.31, 0.39)
499.07: (-0.90, 0.29, 0.33)
499.07: (1.00, -0.04, -0.06): 0
499.09: (-0.90, 0.29, 0.33)
499.20: (-0.91, 0.28, 0.31)
499.32: (-0.96, 0.28, 0.07)
499.44: (-0.95, 0.25, -0.17)
499.55: (-0.80, 0.45, -0.39)
499.67: (-0.39, 0.75, -0.53)
499.79: (0.07, 0.85, -0.52)
499.89: (0.51, 0.77, -0.38)
500.00: (0.82, 0.55, -0.15)
500.12: (0.95, 0.29, 0.10)
500.24: (0.98, 0.11, 0.17)
500.34: (1.00, -0.01, 0.06)
500.45: (1.00, -0.02, -0.01)
500.52: (1.00, -0.02, -0.01)
500.52: (0.93, 0.04, 0.36): 1
500.57: (1.00, -0.02, -0.01)
500.67: (1.00, -0.02, -0.01)
500.79: (1.00, 0.08, -0.03)
500.90: (0.98, 0.13, 0.17)
501.00: (0.96, 0.09, 0.27)
501.12: (0.96, 0.07, 0.28)
501.19: (0.96, 0.07, 0.28)
501.19: (0.66, -0.72, 0.22): 1
501.22: (0.96, 0.07, 0.28)
501.34: (0.96, 0.07, 0.28)
501.45: (0.92, 0.08, 0.38)
501.57: (0.88, -0.20, 0.44)
501.69: (0.81, -0.50, 0.32)
501.79: (0.78, -0.57, 0.28)
501.90: (0.77, -0.58, 0.27)
502.02: (0.72, -0.65, 0.25)
502.14: (0.64, -0.73, 0.23)
502.17: (0.64, -0.73, 0.23)
502.17: (0.93, 0.23, 0.30): 1
502.25: (0.64, -0.73, 0.23)
502.37: (0.62, -0.73, 0.27)
502.49: (0.47, -0.81, 0.35)
502.60: (0.39, -0.83, 0.40)
502.72: (0.46, -0.63, 0.63)
502.82: (0.60, -0.30, 0.74)
502.94: (0.80, 0.17, 0.57)
503.05: (0.82, 0.53, 0.21)
503.15: (0.82, 0.55, 0.17)
503.27: (0.87, 0.34, 0.36)
503.39: (0.89, 0.21, 0.40)
503.50: (0.91, 0.21, 0.36)
503.62: (0.91, 0.27, 0.32)
503.64: (0.91, 0.27, 0.32)
503.64: (0.85, 0.06, 0.53): 0
503.72: (0.91, 0.27, 0.32)
503.84: (0.90, 0.33, 0.28)
503.94: (0.84, 0.43, 0.32)
504.05: (0.78, 0.20, 0.60)
504.17: (0.80, 0.07, 0.60)
504.27: (0.83, 0.12, 0.54)
504.39: (0.83, 0.12, 0.54)
504.39: (0.95, 0.24, -0.19): 0
504.39: (0.83, 0.12, 0.54)
504.50: (0.83, 0.12, 0.54)
504.62: (0.83, 0.10, 0.55)
504.74: (0.93, 0.14, 0.34)
504.85: (0.97, 0.23, 0.10)
504.95: (0.97, 0.23, 0.09)
505.07: (0.97, 0.24, 0.06)
505.17: (0.96, 0.27, -0.04)
505.29: (0.96, 0.27, -0.11)
505.40: (0.95, 0.27, -0.14)
505.45: (0.95, 0.27, -0.14)
505.45: (0.05, -0.73, 0.68): 2
505.50: (0.95, 0.27, -0.14)
505.62: (0.95, 0.27, -0.15)
505.74: (0.91, 0.30, -0.29)
505.85: (0.82, 0.33, -0.46)
505.95: (0.78, 0.29, -0.56)
506.07: (0.70, 0.13, -0.70)
506.17: (0.76, -0.12, -0.64)
506.27: (0.93, -0.34, -0.17)
506.39: (0.76, -0.18, 0.63)
506.50: (0.27, 0.29, 0.92)
506.62: (0.26, 0.31, 0.92)
506.72: (0.26, 0.31, 0.92)
506.84: (0.26, 0.31, 0.92)
506.95: (0.26, 0.31, 0.92)
507.07: (0.09, 0.45, 0.89)
507.19: (-0.41, 0.63, 0.65)
507.30: (-0.76, 0.63, 0.13)
507.40: (-0.84, 0.50, -0.22)
507.52: (-0.87, 0.23, -0.44)
507.64: (-0.79, -0.11, -0.60)
507.75: (-0.63, -0.49, -0.60)
507.85: (-0.55, -0.78, -0.30)
507.97: (-0.31, -0.94, 0.16)
508.09: (-0.31, -0.94, 0.16)
508.19: (-0.31, -0.94, 0.16)
508.30: (-0.31, -0.94, 0.16)
508.42: (-0.17, -0.96, 0.22)
508.54: (0.05, -0.89, 0.46)
508.65: (0.11, -0.77, 0.63)
508.77: (0.05, -0.73, 0.68)
508.89: (0.05, -0.72, 0.69)
509.00: (0.05, -0.72, 0.69)
509.02: (0.05, -0.72, 0.69)
509.02: (0.57, 0.75, -0.33): 0
509.10: (0.04, -0.73, 0.69)
509.22: (0.05, -0.72, 0.69)
509.34: (0.06, -0.73, 0.68)
509.45: (0.02, -0.86, 0.50)
509.57: (0.13, -0.97, 0.19)
509.67: (0.34, -0.94, -0.01)
509.79: (0.65, -0.73, -0.21)
509.90: (0.85, -0.27, -0.46)
510.02: (0.71, 0.24, -0.67)
510.14: (0.44, 0.56, -0.70)
510.25: (0.35, 0.63, -0.70)
510.35: (0.42, 0.62, -0.66)
510.47: (0.42, 0.62, -0.66)
510.59: (0.42, 0.62, -0.66)
510.70: (0.44, 0.70, -0.56)
510.82: (0.53, 0.76, -0.36)
510.94: (0.57, 0.76, -0.30)
511.02: (0.57, 0.76, -0.30)
511.02: (0.98, -0.06, 0.16): 0
511.05: (0.57, 0.76, -0.30)
511.17: (0.58, 0.77, -0.28)
511.27: (0.56, 0.82, -0.07)
511.37: (0.62, 0.78, 0.06)
511.49: (0.78, 0.62, 0.07)
511.59: (0.86, 0.47, -0.17)
511.70: (0.74, 0.33, -0.59)
511.82: (0.36, -0.02, -0.93)
511.94: (0.61, -0.03, -0.79)
512.05: (0.93, 0.04, -0.37)
512.17: (0.99, -0.01, -0.15)
512.27: (1.00, -0.06, 0.07)
512.39: (0.99, -0.10, 0.14)
512.47: (0.99, -0.10, 0.14)
512.47: (-0.03, 0.72, -0.69): 2
512.50: (0.99, -0.10, 0.14)
512.62: (0.99, -0.10, 0.13)
512.73: (0.99, 0.10, 0.13)
512.84: (0.93, 0.38, 0.00)
512.95: (0.77, 0.50, -0.38)
513.07: (0.57, 0.43, -0.70)
513.18: (0.35, 0.32, -0.88)
513.28: (0.18, 0.12, -0.98)
513.40: (0.15, 0.41, -0.90)
513.52: (0.09, 0.69, -0.72)
513.63: (0.05, 0.70, -0.71)
513.73: (0.04, 0.70, -0.71)
513.73: (0.03, -0.47, 0.88): 0
513.75: (0.04, 0.70, -0.71)
513.87: (0.03, 0.69, -0.72)
513.98: (-0.04, 0.66, -0.75)
514.10: (-0.21, 0.57, -0.80)
514.22: (-0.32, 0.35, -0.88)
514.33: (-0.26, 0.04, -0.97)
514.45: (-0.18, -0.32, -0.93)
514.57: (-0.09, -0.68, -0.72)
514.68: (0.03, -0.93, -0.36)
514.78: (0.16, -0.99, -0.02)
514.90: (0.30, -0.90, 0.32)
515.02: (0.37, -0.71, 0.60)
515.13: (0.34, -0.52, 0.79)
515.25: (0.19, -0.56, 0.81)
515.35: (0.08, -0.56, 0.83)
515.47: (0.01, -0.49, 0.87)
515.55: (0.00, -0.48, 0.88)
515.55: (0.02, 0.12, 0.99): 1
515.58: (0.00, -0.48, 0.88)
515.68: (0.03, -0.50, 0.87)
515.80: (0.20, -0.52, 0.83)
515.92: (0.28, -0.53, 0.80)
516.03: (0.28, -0.53, 0.80)
516.15: (0.29, -0.54, 0.79)
516.25: (0.27, -0.53, 0.80)
516.37: (0.13, -0.31, 0.94)
516.48: (-0.01, -0.09, 1.00)
516.60: (-0.02, 0.02, 1.00)
516.72: (-0.03, 0.09, 1.00)
516.77: (-0.03, 0.09, 1.00)
516.77: (0.21, -0.09, 0.97): 0
516.83: (-0.03, 0.09, 1.00)
516.95: (-0.03, 0.11, 0.99)
517.07: (0.11, 0.07, 0.99)
517.18: (0.23, -0.04, 0.97)
517.30: (0.16, -0.03, 0.99)
517.42: (0.13, -0.01, 0.99)
517.45: (0.13, -0.01, 0.99)
517.45: (-0.07, -0.83, 0.56): 1
517.53: (0.13, -0.01, 0.99)
517.65: (0.17, -0.04, 0.98)
517.77: (0.24, -0.08, 0.97)
517.87: (0.29, -0.14, 0.95)
517.97: (0.36, -0.37, 0.86)
518.08: (0.30, -0.59, 0.75)
518.20: (0.12, -0.60, 0.79)
518.32: (0.01, -0.62, 0.79)
518.42: (-0.01, -0.76, 0.65)
518.53: (-0.02, -0.80, 0.60)
518.65: (-0.03, -0.82, 0.58)
518.65: (0.90, 0.41, 0.16): 2
518.65: (-0.03, -0.82, 0.58)
518.77: (-0.03, -0.82, 0.58)
518.88: (-0.04, -0.87, 0.49)
519.00: (-0.10, -0.97, 0.22)
519.12: (-0.10, -0.99, -0.01)
519.23: (-0.09, -0.97, -0.23)
519.35: (-0.11, -0.88, -0.47)
519.47: (-0.08, -0.94, -0.34)
519.57: (-0.10, -0.98, 0.19)
519.68: (-0.19, -0.69, 0.70)
519.80: (-0.24, -0.29, 0.93)
519.92: (-0.07, 0.27, 0.96)
520.03: (0.09, 0.68, 0.73)
520.15: (0.20, 0.90, 0.39)
520.25: (0.24, 0.97, 0.06)
520.37: (0.17, 0.95, -0.26)
520.48: (0.07, 0.82, -0.56)
520.58: (0.03, 0.49, -0.87)
520.70: (0.00, 0.16, -0.99)
520.82: (0.03, -0.17, -0.99)
520.92: (0.15, -0.42, -0.89)
521.03: (0.45, -0.57, -0.69)
521.15: (0.64, -0.72, -0.27)
521.27: (0.59, -0.79, 0.16)
521.38: (0.63, -0.76, 0.14)
521.50: (0.63, -0.76, 0.14)
521.62: (0.63, -0.76, 0.14)
521.73: (0.30, -0.95, -0.02)
521.85: (-0.28, -0.91, -0.29)
521.97: (-0.60, -0.60, -0.53)
522.08: (-0.70, -0.29, -0.65)
522.20: (-0.56, -0.05, -0.82)
522.30: (-0.28, 0.10, -0.95)
522.40: (-0.02, 0.21, -0.98)
522.52: (0.27, 0.33, -0.90)
522.62: (0.24, 0.29, -0.93)
522.73: (0.24, 0.29, -0.93)
522.83: (0.24, 0.29, -0.93)
522.95: (0.46, 0.53, -0.71)
523.05: (0.75, 0.65, -0.15)
523.17: (0.75, 0.55, 0.37)
523.28: (0.63, 0.44, 0.64)
523.40: (0.74, 0.43, 0.51)
523.52: (0.82, 0.40, 0.41)
523.63: (0.84, 0.44, 0.32)
523.75: (0.87, 0.44, 0.23)
523.78: (0.87, 0.44, 0.23)
523.78: (-0.69, 0.12, -0.71): 1
523.85: (0.87, 0.44, 0.22)
523.97: (0.88, 0.44, 0.20)
524.08: (0.89, 0.44, 0.11)
524.20: (0.95, 0.30, -0.05)
524.32: (0.94, 0.12, -0.33)
524.43: (0.72, 0.21, -0.66)
524.55: (0.33, 0.44, -0.84)
524.65: (-0.15, 0.58, -0.80)
524.77: (-0.67, 0.50, -0.55)
524.88: (-0.91, 0.24, -0.34)
525.00: (-0.85, 0.18, -0.49)
525.12: (-0.74, 0.23, -0.63)
525.23: (-0.70, 0.22, -0.67)
525.35: (-0.68, 0.15, -0.72)
525.37: (-0.68, 0.14, -0.72)
525.37: (-0.95, 0.20, 0.25): 2
525.45: (-0.68, 0.14, -0.72)
525.57: (-0.64, 0.08, -0.76)
525.68: (-0.42, 0.07, -0.91)
525.80: (-0.35, 0.08, -0.93)
525.92: (-0.35, 0.08, -0.93)
526.02: (-0.35, 0.08, -0.93)
526.13: (-0.35, 0.08, -0.93)
526.25: (-0.29, 0.07, -0.96)
526.37: (-0.33, -0.08, -0.94)
526.47: (-0.48, -0.26, -0.84)
526.57: (-0.66, -0.25, -0.71)
526.68: (-0.85, -0.14, -0.50)
526.80: (-0.99, 0.01, -0.16)
526.90: (-0.99, 0.03, 0.12)
527.02: (-0.98, 0.04, 0.17)
527.12: (-0.98, 0.06, 0.17)
527.23: (-0.97, 0.12, 0.20)
527.28: (-0.97, 0.12, 0.20)
527.28: (-0.93, 0.19, 0.32): 2
527.35: (-0.97, 0.12, 0.20)
527.47: (-0.97, 0.11, 0.20)
527.58: (-0.95, 0.09, 0.30)
527.70: (-0.89, 0.08, 0.44)
527.82: (-0.90, 0.13, 0.41)
527.93: (-0.92, 0.17, 0.35)
527.97: (-0.92, 0.17, 0.35)
527.97: (0.28, 0.41, -0.87): 0
528.03: (-0.92, 0.17, 0.35)
528.15: (-0.92, 0.16, 0.36)
528.27: (-0.92, 0.14, 0.36)
528.38: (-0.94, 0.11, 0.33)
528.48: (-0.99, -0.01, 0.13)
528.60: (-0.94, -0.13, -0.31)
528.70: (-0.73, -0.06, -0.68)
528.80: (-0.15, 0.10, -0.98)
528.92: (0.03, 0.12, -0.99)
529.02: (0.03, 0.12, -0.99)
529.13: (0.03, 0.12, -0.99)
529.25: (0.07, 0.19, -0.98)
529.36: (0.25, 0.33, -0.91)
529.48: (0.29, 0.36, -0.89)
529.55: (0.29, 0.36, -0.89)
529.55: (-0.99, -0.10, 0.01): 1
529.60: (0.29, 0.36, -0.89)
529.70: (0.28, 0.36, -0.89)
529.81: (0.27, 0.45, -0.85)
529.92: (0.22, 0.51, -0.83)
530.03: (-0.17, 0.46, -0.87)
530.15: (-0.65, 0.32, -0.69)
530.26: (-0.93, 0.22, -0.29)
530.36: (-0.99, 0.10, -0.13)
530.48: (-0.98, 0.08, -0.20)
530.60: (-0.98, 0.06, -0.20)
530.71: (-1.00, -0.03, -0.05)
530.83: (-1.00, -0.05, 0.02)
530.95: (-0.99, -0.09, 0.08)
530.96: (-0.99, -0.09, 0.08)
530.96: (-0.28, -0.62, -0.74): 0
531.06: (-0.99, -0.10, 0.07)
531.16: (-0.99, -0.13, 0.00)
531.28: (-0.98, -0.19, -0.11)
531.38: (-0.94, -0.30, -0.18)
531.50: (-0.85, -0.38, -0.37)
531.61: (-0.72, -0.46, -0.52)
531.73: (-0.70, -0.47, -0.54)
531.85: (-0.70, -0.47, -0.54)
531.96: (-0.70, -0.48, -0.53)
532.08: (-0.56, -0.45, -0.70)
532.20: (-0.31, -0.54, -0.79)
532.30: (-0.25, -0.58, -0.78)
532.41: (-0.29, -0.61, -0.74)
532.51: (-0.31, -0.61, -0.73)
532.58: (-0.33, -0.61, -0.72)
532.58: (-0.99, 0.14, -0.02): 0
532.63: (-0.33, -0.61, -0.72)
532.75: (-0.32, -0.59, -0.74)
532.85: (-0.28, -0.52, -0.81)
532.96: (-0.23, -0.29, -0.93)
533.08: (-0.15, 0.07, -0.99)
533.20: (0.08, 0.54, -0.84)
533.31: (0.33, 0.82, -0.47)
533.43: (0.36, 0.80, -0.48)
533.53: (0.36, 0.80, -0.48)
533.65: (0.37, 0.79, -0.49)
533.76: (0.58, 0.77, -0.25)
533.88: (0.67, 0.68, 0.29)
534.00: (0.47, 0.59, 0.66)
534.11: (0.10, 0.51, 0.86)
534.23: (-0.31, 0.38, 0.87)
534.33: (-0.59, 0.21, 0.78)
534.45: (-0.82, 0.18, 0.55)
534.56: (-0.94, 0.26, 0.23)
534.68: (-0.96, 0.28, -0.01)
534.80: (-0.97, 0.24, -0.10)
534.91: (-0.99, 0.13, -0.03)
535.00: (-0.99, 0.12, -0.02)
535.00: (-1.00, 0.00, 0.07): 2
535.03: (-0.99, 0.12, -0.02)
535.15: (-0.99, 0.13, -0.01)
535.26: (-0.98, 0.21, 0.00)
535.38: (-0.99, 0.14, 0.07)
535.48: (-1.00, -0.01, 0.07)
535.60: (-1.00, -0.02, 0.07)
535.60: (0.98, -0.01, -0.17): 1
535.60: (-1.00, -0.02, 0.07)
535.71: (-1.00, -0.02, 0.07)
535.83: (-0.99, -0.07, 0.09)
535.95: (-0.98, -0.16, 0.15)
536.06: (-0.94, -0.20, 0.27)
536.18: (-0.88, -0.23, 0.42)
536.30: (-0.63, -0.48, 0.61)
536.41: (-0.37, -0.71, 0.60)
536.51: (-0.27, -0.81, 0.53)
536.63: (-0.30, -0.75, 0.58)
536.75: (-0.30, -0.75, 0.58)
536.86: (-0.30, -0.75, 0.58)
536.98: (-0.30, -0.76, 0.57)
537.10: (0.08, -0.94, 0.33)
537.21: (0.42, -0.91, 0.05)
537.33: (0.57, -0.79, -0.23)
537.45: (0.64, -0.54, -0.54)
537.56: (0.64, -0.13, -0.76)
537.68: (0.59, 0.21, -0.78)
537.80: (0.57, 0.48, -0.67)
537.90: (0.60, 0.64, -0.47)
538.01: (0.77, 0.53, -0.36)
538.13: (0.93, 0.24, -0.29)
538.25: (0.97, 0.04, -0.24)
538.36: (0.97, 0.00, -0.22)
538.41: (0.98, 0.00, -0.22)
END