3/30/2023 6:55:43 PM
Mode: Mono
White time (s): [2.29953, 2.016022, 1.199921, 2.465973, 3.432831, 1.549805, 4.815979, 0.8331909, 2.099213, 2.732941, 6.665161, 1.699646, 0.8832092, 1.065979, 1.649872, 1.499939, 7.682068, 1.099731, 4.78244, 1.550049, 1.016754, 1.816345, 2.799194, 0.916748, 1.616516, 2.015869, 1.199219, 1.216431, 1.133362, 4.315735]
Shot time (s): [5.982025, 1.516479, 5.615509, 1.966064, 3.482727, 0.8164368, 1.966461, 0.9831238, 0.7166138, 2.215942, 1.949615, 0.7666016, 3.59903, 3.848877, 1.983398, 1.849091, 2.549713, 0.5497437, 3.349335, 2.615875, 2.282898, 3.898926, 3.599121, 1.549774, 2.133118, 2.333252, 1.16626, 3.049438, 2.382629, 2.099609]
Step time (s): [3.415955, 5.865631, 2.19928, 4.516052, 2.966003, 2.383026, 0.8500671, 0.8161316, 4.232483, 2.282898, 3.199432, 3.032776, 2.082916, 2.049652, 2.7164, 3.032806, 6.599182, 0.6333008, 1.64975, 1.732971, 2.232758, 3.549225, 2.566193, 2.249084, 2.166168, 6.431915, 4.015747, 2.216064, 3.78302, 2.182922]
White horz (deg): [194.8, 183.45, 94.34999, 218.25, 409.95, 52.3, 465.6, 19.75, 166.7999, 156.75, 597.5503, 81.60002, 25.1, 48.7, 82.75002, 67.55, 627.5996, 24, 527.2, 21.6, 32.1, 31.65, 222.1, 32.05, 103.65, 59.55, 43.89999, 109.65, 41.40001, 251.65]
Shot horz (deg): [578.2498, 108.1, 746.6998, 133.8, 207.35, 26.85, 264.05, 38.05, 16.15, 150.7, 170.05, 12.1, 171.35, 301.7501, 64.49999, 115.1, 142.45, 3.55, 297.8, 170.55, 71.7, 196.15, 194.6, 81.30001, 55.6, 71.25, 27.65, 215.05, 183.85, 80.20001]
Step horz (deg): [332.55, 527.35, 151.45, 430.05, 287.3499, 213.85, 26.50001, 10.05, 392.2001, 113.7, 148.4, 118.05, 193.7, 123.6, 173.8501, 417.05, 624.85, 3.25, 174.4, 78.75, 102.55, 321.35, 257.45, 94.55002, 37.05, 688.7499, 241.4001, 85.99998, 345.5499, 194.05]
White vert (deg): [167.25, 174.45, 48.8, 245.4, 321.05, 118.65, 485.9999, 17.65, 226.35, 245.1499, 727.45, 178.45, 43.9, 23.05, 188.8, 188.75, 1015.649, 27.05, 608.8502, 54.95, 82.75001, 160.95, 293.8499, 29.34999, 170.1, 208.35, 35.65, 46.3, 32.55, 528.0999]
Shot vert (deg): [501.5999, 104.8, 569.3499, 137.25, 283.7, 6.749999, 109.05, 35.69999, 17.05, 74.45, 155.8, 24.9, 259.3499, 327.05, 175.75, 170.25, 187.55, 9.2, 332.7, 244.3, 264.15, 375.45, 438.3, 200.7, 224.65, 235.1, 36.1, 360.9499, 219, 133.45]
Step vert (deg): [218.7499, 355.0501, 144.95, 394.7, 229.45, 95.35001, 27.7, 28.5, 384.4001, 194.15, 307.1, 252.8, 66.49998, 176.3, 176.7, 317.5001, 545.2001, 15.5, 75.45002, 150.25, 194.55, 448.7, 204.4, 284.85, 222, 566.7999, 447.2501, 264.95, 361.3499, 214.55]

Time in sec: camera forward versor
Time in sec: target versor: sound type (0 = White, 1 = Shot, 2 = Step)
START
326.17: (-0.29, 0.92, 0.25): 1
326.17: (0.71, -0.65, 0.27)
326.29: (0.71, -0.65, 0.27)
326.41: (0.76, -0.60, 0.26)
326.52: (0.90, -0.39, 0.19)
326.64: (0.99, -0.13, 0.07)
326.76: (0.99, 0.13, -0.07)
326.87: (0.93, 0.31, -0.18)
326.97: (0.90, 0.36, -0.24)
327.07: (0.76, 0.36, -0.54)
327.19: (0.40, 0.20, -0.90)
327.31: (0.16, 0.00, -0.99)
327.41: (0.03, -0.15, -0.99)
327.52: (0.02, -0.25, -0.97)
327.62: (0.02, -0.26, -0.97)
327.72: (0.03, -0.22, -0.98)
327.84: (0.03, -0.15, -0.99)
327.96: (0.04, -0.15, -0.99)
328.06: (0.04, -0.16, -0.99)
328.17: (0.07, -0.19, -0.98)
328.29: (0.11, -0.22, -0.97)
328.41: (0.17, -0.31, -0.94)
328.52: (0.20, -0.55, -0.81)
328.64: (0.15, -0.87, -0.47)
328.75: (0.14, -0.99, 0.07)
328.86: (0.18, -0.85, 0.49)
328.97: (-0.13, -0.71, 0.69)
329.09: (-0.51, -0.67, 0.54)
329.19: (-0.70, -0.68, 0.23)
329.31: (-0.70, -0.68, -0.20)
329.42: (-0.58, -0.56, -0.59)
329.54: (-0.50, -0.34, -0.80)
329.64: (-0.34, 0.05, -0.94)
329.75: (-0.05, 0.36, -0.93)
329.87: (0.30, 0.58, -0.76)
329.97: (0.59, 0.66, -0.46)
330.09: (0.87, 0.44, -0.23)
330.19: (0.99, 0.14, -0.09)
330.30: (0.97, -0.24, 0.05)
330.42: (0.79, -0.62, 0.00)
330.54: (0.38, -0.87, -0.32)
330.65: (-0.06, -0.82, -0.58)
330.75: (-0.34, -0.63, -0.70)
330.87: (-0.58, -0.36, -0.73)
330.99: (-0.79, -0.04, -0.61)
331.09: (-0.89, 0.25, -0.39)
331.20: (-0.90, 0.41, -0.18)
331.32: (-0.82, 0.57, 0.06)
331.44: (-0.52, 0.74, 0.42)
331.54: (-0.18, 0.78, 0.60)
331.65: (-0.14, 0.82, 0.56)
331.75: (-0.23, 0.88, 0.40)
331.87: (-0.24, 0.89, 0.39)
331.99: (-0.25, 0.89, 0.38)
332.10: (-0.27, 0.92, 0.29)
332.15: (-0.27, 0.92, 0.29)
332.15: (0.79, 0.61, -0.10): 0
332.22: (-0.27, 0.92, 0.29)
332.34: (-0.24, 0.93, 0.27)
332.45: (-0.24, 0.93, 0.27)
332.55: (-0.24, 0.93, 0.27)
332.67: (-0.11, 0.97, 0.20)
332.77: (-0.05, 0.99, 0.15)
332.89: (-0.13, 0.85, 0.50)
333.00: (-0.05, 0.58, 0.81)
333.12: (-0.02, 0.33, 0.95)
333.22: (0.04, 0.15, 0.99)
333.34: (0.29, 0.04, 0.96)
333.45: (0.66, 0.02, 0.75)
333.55: (0.89, 0.10, 0.44)
333.67: (0.98, 0.18, -0.07)
333.77: (0.87, 0.15, -0.47)
333.89: (0.71, 0.12, -0.69)
334.00: (0.82, 0.31, -0.48)
334.12: (0.87, 0.43, -0.25)
334.24: (0.86, 0.46, -0.22)
334.34: (0.82, 0.54, -0.21)
334.45: (0.81, 0.56, -0.19)
334.45: (0.99, -0.12, -0.03): 1
334.45: (0.81, 0.56, -0.19)
334.57: (0.80, 0.56, -0.19)
334.69: (0.80, 0.57, -0.18)
334.80: (0.80, 0.59, -0.06)
334.92: (0.76, 0.59, 0.25)
335.02: (0.72, 0.43, 0.54)
335.12: (0.67, 0.05, 0.74)
335.24: (0.48, -0.43, 0.76)
335.35: (0.66, -0.44, 0.61)
335.47: (0.92, -0.24, 0.32)
335.57: (0.95, -0.24, 0.21)
335.67: (0.95, -0.26, 0.19)
335.77: (0.97, -0.20, 0.13)
335.89: (0.99, -0.12, 0.05)
335.97: (0.99, -0.11, 0.05)
335.97: (-0.74, 0.65, 0.15): 0
336.00: (0.99, -0.11, 0.05)
336.12: (0.99, -0.11, 0.05)
336.24: (0.98, -0.13, 0.14)
336.35: (0.84, -0.25, 0.47)
336.47: (0.64, -0.35, 0.69)
336.59: (0.31, -0.57, 0.76)
336.69: (0.10, -0.76, 0.64)
336.80: (-0.10, -0.94, 0.32)
336.90: (-0.22, -0.98, -0.03)
337.00: (-0.35, -0.88, -0.32)
337.12: (-0.58, -0.61, -0.54)
337.24: (-0.72, -0.28, -0.64)
337.35: (-0.88, 0.14, -0.45)
337.47: (-0.90, 0.44, -0.01)
337.57: (-0.83, 0.49, 0.25)
337.69: (-0.85, 0.50, 0.19)
337.80: (-0.82, 0.56, 0.12)
337.92: (-0.76, 0.62, 0.19)
337.99: (-0.75, 0.63, 0.20)
337.99: (0.52, 0.44, 0.73): 0
338.04: (-0.75, 0.63, 0.20)
338.15: (-0.75, 0.63, 0.21)
338.27: (-0.74, 0.61, 0.28)
338.37: (-0.65, 0.60, 0.47)
338.49: (-0.43, 0.50, 0.75)
338.60: (-0.19, 0.28, 0.94)
338.72: (0.09, 0.10, 0.99)
338.84: (0.25, 0.26, 0.93)
338.95: (0.40, 0.42, 0.82)
339.05: (0.51, 0.40, 0.76)
339.17: (0.53, 0.38, 0.76)
339.19: (0.53, 0.38, 0.76)
339.19: (-0.66, 0.73, 0.21): 1
339.29: (0.53, 0.37, 0.76)
339.40: (0.51, 0.37, 0.78)
339.50: (0.54, 0.27, 0.80)
339.62: (0.54, 0.27, 0.80)
339.74: (0.54, 0.27, 0.80)
339.85: (0.54, 0.27, 0.80)
339.97: (0.57, 0.26, 0.78)
340.09: (0.74, 0.55, 0.40)
340.20: (0.70, 0.70, 0.13)
340.30: (0.67, 0.73, -0.14)
340.42: (0.55, 0.64, -0.54)
340.52: (0.37, 0.43, -0.82)
340.64: (0.18, -0.03, -0.98)
340.75: (0.12, -0.54, -0.83)
340.87: (0.16, -0.88, -0.45)
340.99: (0.35, -0.93, -0.09)
341.10: (0.66, -0.75, 0.03)
341.20: (0.86, -0.51, -0.03)
341.32: (0.98, -0.14, -0.11)
341.44: (0.96, 0.26, -0.14)
341.55: (0.83, 0.56, -0.05)
341.67: (0.66, 0.75, 0.08)
341.79: (0.43, 0.87, 0.25)
341.89: (0.25, 0.82, 0.52)
342.00: (0.09, 0.55, 0.83)
342.12: (-0.03, 0.08, 1.00)
342.22: (-0.05, -0.31, 0.95)
342.34: (0.02, -0.63, 0.77)
342.45: (0.15, -0.86, 0.49)
342.57: (0.31, -0.94, 0.11)
342.67: (0.32, -0.90, -0.31)
342.79: (0.34, -0.64, -0.69)
342.90: (0.39, -0.30, -0.87)
343.00: (0.32, -0.04, -0.95)
343.12: (0.15, 0.31, -0.94)
343.24: (0.34, 0.55, -0.77)
343.35: (0.80, 0.44, -0.41)
343.45: (1.00, 0.02, -0.04)
343.57: (0.74, -0.58, 0.34)
343.69: (-0.13, -0.93, 0.34)
343.79: (-0.86, -0.51, -0.03)
343.90: (-0.94, 0.10, -0.33)
344.00: (-0.79, 0.43, -0.43)
344.12: (-0.59, 0.66, -0.46)
344.24: (-0.37, 0.82, -0.44)
344.35: (-0.46, 0.87, -0.20)
344.47: (-0.64, 0.76, 0.01)
344.57: (-0.67, 0.74, 0.06)
344.69: (-0.64, 0.76, 0.09)
344.80: (-0.64, 0.75, 0.16)
344.80: (0.48, -0.64, -0.60): 2
344.80: (-0.64, 0.75, 0.16)
344.92: (-0.64, 0.75, 0.16)
345.03: (-0.65, 0.75, 0.13)
345.14: (-0.70, 0.71, 0.08)
345.25: (-0.73, 0.69, 0.00)
345.37: (-0.73, 0.68, -0.08)
345.49: (-0.86, 0.49, -0.14)
345.60: (-0.98, 0.16, -0.10)
345.72: (-0.97, -0.22, -0.11)
345.82: (-0.82, -0.54, -0.18)
345.93: (-0.73, -0.66, -0.17)
346.04: (-0.77, -0.63, 0.07)
346.15: (-0.72, -0.58, 0.39)
346.27: (-0.63, -0.42, 0.65)
346.38: (-0.57, -0.17, 0.80)
346.48: (-0.58, 0.21, 0.79)
346.60: (-0.54, 0.69, 0.48)
346.72: (-0.44, 0.89, 0.06)
346.83: (-0.35, 0.85, -0.38)
346.95: (-0.28, 0.64, -0.71)
347.05: (-0.30, 0.41, -0.86)
347.15: (-0.39, 0.18, -0.90)
347.27: (-0.47, -0.09, -0.88)
347.38: (-0.47, -0.29, -0.83)
347.50: (-0.39, -0.50, -0.77)
347.62: (-0.13, -0.76, -0.64)
347.73: (0.17, -0.86, -0.49)
347.83: (0.27, -0.83, -0.49)
347.95: (0.30, -0.78, -0.55)
348.07: (0.40, -0.74, -0.53)
348.18: (0.47, -0.71, -0.52)
348.22: (0.47, -0.71, -0.52)
348.22: (0.96, 0.06, 0.27): 1
348.30: (0.47, -0.71, -0.52)
348.42: (0.47, -0.71, -0.53)
348.52: (0.46, -0.70, -0.54)
348.63: (0.44, -0.70, -0.56)
348.75: (0.18, -0.67, -0.72)
348.87: (-0.07, -0.43, -0.90)
348.98: (-0.11, -0.04, -0.99)
349.10: (-0.04, 0.35, -0.94)
349.20: (0.12, 0.58, -0.81)
349.30: (0.36, 0.66, -0.66)
349.42: (0.56, 0.65, -0.51)
349.53: (0.75, 0.56, -0.35)
349.65: (0.91, 0.40, -0.12)
349.75: (0.96, 0.24, 0.12)
349.87: (0.94, 0.13, 0.32)
349.98: (0.96, 0.13, 0.26)
350.10: (0.97, 0.12, 0.19)
350.18: (0.97, 0.12, 0.19)
350.18: (-0.19, 0.76, 0.62): 2
350.20: (0.97, 0.12, 0.19)
350.32: (0.97, 0.12, 0.19)
350.42: (0.98, 0.12, 0.18)
350.53: (0.93, 0.37, 0.02)
350.65: (0.74, 0.65, -0.18)
350.77: (0.69, 0.66, -0.31)
350.88: (0.69, 0.66, -0.31)
351.00: (0.63, 0.75, -0.21)
351.10: (0.56, 0.83, 0.04)
351.22: (0.61, 0.74, 0.29)
351.33: (0.73, 0.54, 0.42)
351.45: (0.82, 0.32, 0.48)
351.57: (0.88, 0.04, 0.46)
351.68: (0.89, -0.25, 0.37)
351.78: (0.93, -0.30, 0.22)
351.90: (0.97, -0.26, 0.01)
352.02: (0.98, -0.13, -0.14)
352.13: (0.98, -0.12, -0.15)
352.23: (0.98, -0.12, -0.15)
352.35: (0.98, -0.12, -0.15)
352.47: (0.98, -0.12, -0.15)
352.57: (0.98, -0.12, -0.15)
352.68: (0.99, 0.07, -0.15)
352.78: (1.00, -0.05, -0.02)
352.90: (0.91, -0.38, 0.16)
353.02: (0.69, -0.70, 0.16)
353.12: (0.49, -0.87, 0.05)
353.23: (0.26, -0.95, -0.16)
353.33: (0.11, -0.92, -0.38)
353.45: (-0.05, -0.82, -0.57)
353.57: (-0.13, -0.73, -0.67)
353.67: (-0.23, -0.62, -0.75)
353.78: (-0.40, -0.73, -0.55)
353.88: (-0.52, -0.81, -0.28)
354.00: (-0.53, -0.85, 0.02)
354.12: (-0.42, -0.86, 0.30)
354.23: (-0.31, -0.83, 0.46)
354.33: (-0.31, -0.83, 0.46)
354.45: (-0.28, -0.88, 0.38)
354.57: (0.08, -0.98, 0.16)
354.68: (0.79, -0.61, 0.00)
354.78: (0.99, -0.11, -0.12)
354.90: (0.92, 0.39, -0.11)
355.02: (0.64, 0.77, 0.04)
355.13: (0.33, 0.93, 0.18)
355.25: (0.03, 0.96, 0.28)
355.37: (-0.40, 0.86, 0.33)
355.47: (-0.64, 0.68, 0.35)
355.58: (-0.50, 0.74, 0.45)
355.70: (-0.37, 0.76, 0.53)
355.80: (-0.37, 0.76, 0.54)
355.92: (-0.30, 0.77, 0.56)
356.03: (-0.27, 0.78, 0.56)
356.05: (-0.27, 0.78, 0.56)
356.05: (-0.63, 0.69, -0.35): 1
356.13: (-0.26, 0.79, 0.56)
356.25: (-0.26, 0.79, 0.56)
356.37: (-0.38, 0.73, 0.57)
356.48: (-0.59, 0.54, 0.60)
356.60: (-0.70, 0.29, 0.65)
356.72: (-0.76, 0.01, 0.65)
356.83: (-0.79, -0.27, 0.55)
356.93: (-0.83, -0.44, 0.34)
357.05: (-0.86, -0.50, 0.02)
357.17: (-0.87, -0.42, -0.26)
357.27: (-0.90, -0.25, -0.36)
357.37: (-0.93, -0.06, -0.37)
357.47: (-0.93, 0.06, -0.36)
357.57: (-0.93, 0.06, -0.36)
357.68: (-0.93, 0.06, -0.36)
357.80: (-0.93, 0.06, -0.36)
357.92: (-0.93, 0.06, -0.36)
358.03: (-0.87, 0.04, -0.50)
358.13: (-0.63, -0.26, -0.74)
358.25: (-0.11, -0.54, -0.83)
358.37: (0.20, -0.69, -0.70)
358.48: (-0.02, -0.64, -0.77)
358.60: (-0.52, -0.37, -0.77)
358.70: (-0.62, -0.21, -0.75)
358.82: (-0.62, -0.10, -0.78)
358.93: (-0.60, 0.14, -0.79)
359.05: (-0.61, 0.34, -0.71)
359.17: (-0.57, 0.46, -0.67)
359.28: (-0.55, 0.63, -0.54)
359.40: (-0.61, 0.67, -0.42)
359.50: (-0.61, 0.67, -0.41)
359.53: (-0.61, 0.67, -0.41)
359.53: (0.48, -0.55, 0.68): 0
359.62: (-0.61, 0.67, -0.41)
359.73: (-0.61, 0.67, -0.41)
359.83: (-0.60, 0.64, -0.48)
359.95: (-0.52, 0.33, -0.79)
360.07: (-0.38, -0.08, -0.92)
360.18: (-0.24, -0.44, -0.86)
360.30: (-0.15, -0.77, -0.62)
360.42: (-0.06, -0.98, -0.17)
360.52: (-0.13, -0.98, 0.15)
360.62: (-0.30, -0.90, 0.32)
360.73: (-0.52, -0.78, 0.34)
360.85: (-0.66, -0.70, 0.29)
360.97: (-0.53, -0.78, 0.34)
361.08: (0.05, -0.89, 0.46)
361.20: (0.64, -0.65, 0.41)
361.30: (0.91, -0.33, 0.26)
361.42: (0.97, -0.19, 0.17)
361.53: (0.82, -0.40, 0.42)
361.65: (0.65, -0.46, 0.60)
361.75: (0.64, -0.46, 0.61)
361.86: (0.57, -0.55, 0.61)
361.98: (0.52, -0.60, 0.60)
362.00: (0.52, -0.60, 0.60)
362.00: (-0.50, 0.48, 0.72): 0
362.08: (0.52, -0.60, 0.60)
362.20: (0.56, -0.58, 0.59)
362.30: (0.81, -0.40, 0.43)
362.42: (0.98, -0.13, 0.11)
362.53: (0.98, 0.10, -0.18)
362.65: (0.94, 0.26, -0.23)
362.76: (0.84, 0.47, -0.28)
362.86: (0.64, 0.67, -0.38)
362.97: (0.27, 0.80, -0.54)
363.08: (-0.29, 0.68, -0.67)
363.20: (-0.66, 0.33, -0.67)
363.31: (-0.74, -0.01, -0.67)
363.43: (-0.64, -0.25, -0.73)
363.55: (-0.43, -0.44, -0.79)
363.66: (-0.17, -0.57, -0.80)
363.78: (0.08, -0.70, -0.71)
363.88: (0.28, -0.87, -0.41)
364.00: (0.40, -0.91, 0.06)
364.11: (0.15, -0.83, 0.54)
364.23: (-0.21, -0.73, 0.65)
364.35: (-0.52, -0.64, 0.56)
364.45: (-0.78, -0.47, 0.42)
364.56: (-0.95, -0.21, 0.24)
364.68: (-1.00, 0.05, 0.03)
364.80: (-0.95, 0.25, -0.15)
364.90: (-0.88, 0.44, -0.19)
365.01: (-0.79, 0.60, 0.10)
365.13: (-0.71, 0.54, 0.45)
365.25: (-0.61, 0.44, 0.66)
365.36: (-0.53, 0.37, 0.76)
365.43: (-0.53, 0.37, 0.76)
365.43: (-0.53, 0.40, 0.75): 1
365.48: (-0.53, 0.37, 0.76)
365.60: (-0.53, 0.37, 0.76)
365.71: (-0.57, 0.34, 0.75)
365.83: (-0.73, 0.23, 0.65)
365.95: (-0.69, 0.27, 0.67)
366.05: (-0.62, 0.32, 0.72)
366.16: (-0.59, 0.33, 0.74)
366.25: (-0.58, 0.33, 0.75)
366.25: (0.07, -0.87, 0.48): 1
366.28: (-0.58, 0.33, 0.75)
366.38: (-0.58, 0.33, 0.75)
366.50: (-0.61, 0.34, 0.72)
366.61: (-0.71, 0.46, 0.53)
366.73: (-0.70, 0.68, 0.22)
366.85: (-0.71, 0.69, -0.16)
366.96: (-0.74, 0.44, -0.51)
367.08: (-0.73, -0.14, -0.67)
367.18: (-0.54, -0.71, -0.46)
367.30: (-0.05, -1.00, 0.06)
367.41: (0.43, -0.72, 0.55)
367.53: (0.61, -0.30, 0.74)
367.63: (0.55, -0.39, 0.74)
367.75: (0.40, -0.59, 0.70)
367.85: (0.27, -0.69, 0.67)
367.95: (0.22, -0.74, 0.64)
368.06: (0.16, -0.79, 0.59)
368.18: (0.13, -0.82, 0.56)
368.21: (0.13, -0.82, 0.56)
368.21: (0.28, 0.88, -0.39): 2
368.30: (0.12, -0.82, 0.56)
368.41: (0.12, -0.82, 0.56)
368.53: (0.13, -0.83, 0.54)
368.65: (0.23, -0.85, 0.46)
368.76: (0.44, -0.79, 0.42)
368.88: (0.67, -0.61, 0.42)
368.98: (0.79, -0.45, 0.41)
369.10: (0.90, -0.14, 0.42)
369.21: (0.80, 0.31, 0.52)
369.31: (0.56, 0.62, 0.55)
369.43: (0.26, 0.85, 0.47)
369.55: (0.07, 0.95, 0.31)
369.66: (0.07, 1.00, -0.02)
369.78: (0.24, 0.87, -0.43)
369.90: (0.39, 0.64, -0.67)
370.00: (0.40, 0.62, -0.67)
370.11: (0.35, 0.77, -0.54)
370.23: (0.28, 0.85, -0.44)
370.35: (0.26, 0.87, -0.43)
370.41: (0.25, 0.87, -0.42)
370.41: (0.84, 0.46, -0.29): 1
370.46: (0.24, 0.88, -0.42)
370.56: (0.24, 0.88, -0.42)
370.66: (0.24, 0.90, -0.37)
370.78: (0.57, 0.73, -0.38)
370.90: (0.73, 0.55, -0.41)
371.01: (0.72, 0.58, -0.38)
371.11: (0.73, 0.61, -0.30)
371.23: (0.78, 0.56, -0.26)
371.33: (0.80, 0.54, -0.26)
371.40: (0.81, 0.53, -0.26)
371.40: (0.34, -0.59, -0.73): 2
371.45: (0.81, 0.53, -0.26)
371.55: (0.80, 0.54, -0.26)
371.66: (0.84, 0.50, -0.20)
371.76: (0.92, 0.37, -0.10)
371.88: (0.98, 0.15, 0.15)
371.98: (0.93, -0.03, 0.36)
372.08: (0.83, -0.27, 0.48)
372.20: (0.70, -0.57, 0.43)
372.31: (0.57, -0.79, 0.24)
372.41: (0.48, -0.87, 0.12)
372.53: (0.26, -0.97, 0.03)
372.65: (-0.15, -0.99, 0.01)
372.76: (-0.64, -0.75, 0.15)
372.88: (-0.83, -0.42, 0.37)
372.98: (-0.82, -0.18, 0.55)
373.10: (-0.74, 0.14, 0.65)
373.21: (-0.59, 0.40, 0.70)
373.33: (-0.27, 0.43, 0.86)
373.45: (0.07, 0.44, 0.89)
373.55: (0.38, 0.46, 0.80)
373.66: (0.65, 0.48, 0.60)
373.78: (0.73, 0.39, 0.57)
373.88: (0.73, 0.39, 0.57)
374.00: (0.73, 0.39, 0.57)
374.10: (0.73, 0.39, 0.57)
374.21: (0.73, 0.36, 0.58)
374.33: (0.71, 0.48, 0.52)
374.43: (0.49, 0.78, 0.39)
374.55: (0.05, 0.98, 0.21)
374.66: (-0.33, 0.94, 0.10)
374.78: (-0.75, 0.65, -0.07)
374.90: (-0.94, 0.22, -0.27)
375.01: (-0.90, -0.13, -0.41)
375.13: (-0.70, -0.41, -0.58)
375.25: (-0.32, -0.65, -0.69)
375.35: (0.00, -0.76, -0.65)
375.46: (0.30, -0.78, -0.55)
375.56: (0.34, -0.77, -0.54)
375.68: (0.29, -0.69, -0.67)
375.78: (0.32, -0.62, -0.72)
375.90: (0.34, -0.61, -0.72)
375.91: (0.34, -0.61, -0.72)
375.91: (-0.83, -0.30, 0.47): 2
376.01: (0.34, -0.61, -0.72)
376.13: (0.33, -0.61, -0.72)
376.25: (0.36, -0.58, -0.73)
376.36: (0.61, -0.46, -0.64)
376.46: (0.78, -0.40, -0.48)
376.56: (0.91, -0.35, -0.23)
376.68: (0.98, -0.19, 0.11)
376.80: (0.93, 0.04, 0.37)
376.90: (0.79, 0.24, 0.57)
377.01: (0.59, 0.25, 0.77)
377.13: (0.48, 0.03, 0.88)
377.25: (0.47, -0.46, 0.75)
377.35: (0.36, -0.83, 0.43)
377.46: (0.16, -0.98, 0.09)
377.58: (-0.08, -0.99, -0.11)
377.68: (-0.29, -0.93, -0.24)
377.80: (-0.51, -0.77, -0.40)
377.91: (-0.62, -0.54, -0.58)
378.03: (-0.74, -0.46, -0.49)
378.15: (-0.88, -0.34, -0.32)
378.26: (-0.97, -0.09, -0.23)
378.36: (-0.98, 0.15, -0.10)
378.48: (-0.98, 0.19, 0.10)
378.60: (-0.94, -0.05, 0.34)
378.70: (-0.89, -0.20, 0.41)
378.81: (-0.89, -0.21, 0.41)
378.88: (-0.89, -0.21, 0.41)
378.88: (-0.87, 0.34, 0.34): 1
378.93: (-0.89, -0.21, 0.41)
379.04: (-0.89, -0.21, 0.41)
379.15: (-0.89, -0.22, 0.40)
379.25: (-0.91, -0.11, 0.41)
379.36: (-0.91, 0.13, 0.40)
379.48: (-0.89, 0.17, 0.42)
379.59: (-0.90, 0.16, 0.41)
379.59: (-0.02, -0.93, 0.37): 1
379.59: (-0.90, 0.16, 0.41)
379.70: (-0.90, 0.20, 0.39)
379.81: (-0.90, 0.24, 0.37)
379.93: (-0.90, 0.23, 0.37)
380.04: (-0.93, 0.07, 0.36)
380.14: (-0.89, -0.26, 0.38)
380.26: (-0.84, -0.44, 0.30)
380.38: (-0.84, -0.44, 0.30)
380.48: (-0.84, -0.44, 0.30)
380.59: (-0.84, -0.44, 0.30)
380.71: (-0.84, -0.44, 0.30)
380.83: (-0.79, -0.57, 0.23)
380.94: (-0.47, -0.83, 0.32)
381.04: (0.04, -0.84, 0.55)
381.16: (0.50, -0.59, 0.64)
381.28: (0.40, -0.71, 0.58)
381.39: (0.22, -0.84, 0.50)
381.49: (0.17, -0.87, 0.46)
381.61: (0.13, -0.91, 0.40)
381.71: (0.09, -0.92, 0.37)
381.81: (0.09, -0.93, 0.37)
381.81: (-0.39, 0.05, 0.92): 1
381.83: (0.09, -0.93, 0.37)
381.94: (0.09, -0.93, 0.36)
382.04: (0.12, -0.92, 0.37)
382.16: (0.28, -0.88, 0.39)
382.28: (0.54, -0.73, 0.41)
382.38: (0.73, -0.52, 0.44)
382.49: (0.76, -0.19, 0.63)
382.59: (0.63, 0.24, 0.74)
382.71: (0.46, 0.64, 0.62)
382.83: (0.18, 0.86, 0.49)
382.94: (-0.09, 0.91, 0.42)
383.06: (-0.31, 0.86, 0.40)
383.18: (-0.51, 0.62, 0.60)
383.29: (-0.61, 0.28, 0.74)
383.41: (-0.60, 0.01, 0.80)
383.53: (-0.50, -0.02, 0.86)
383.64: (-0.37, 0.09, 0.93)
383.74: (-0.36, 0.09, 0.93)
383.76: (-0.36, 0.09, 0.93)
383.76: (-0.12, 0.88, 0.47): 2
383.84: (-0.36, 0.09, 0.93)
383.96: (-0.36, 0.09, 0.93)
384.08: (-0.35, 0.10, 0.93)
384.19: (-0.28, 0.07, 0.96)
384.31: (-0.15, 0.01, 0.99)
384.41: (-0.04, -0.10, 0.99)
384.53: (0.20, -0.35, 0.92)
384.63: (0.36, -0.54, 0.76)
384.74: (0.48, -0.66, 0.58)
384.86: (0.65, -0.60, 0.47)
384.98: (0.79, -0.40, 0.47)
385.09: (0.66, -0.06, 0.75)
385.21: (0.27, 0.23, 0.93)
385.31: (-0.14, 0.38, 0.91)
385.43: (-0.44, 0.49, 0.75)
385.54: (-0.57, 0.60, 0.56)
385.64: (-0.53, 0.67, 0.52)
385.76: (-0.34, 0.77, 0.54)
385.88: (-0.22, 0.84, 0.49)
385.99: (-0.10, 0.90, 0.42)
386.11: (-0.04, 0.91, 0.41)
386.14: (-0.04, 0.91, 0.41)
386.14: (-0.50, 0.66, 0.56): 1
386.23: (-0.04, 0.91, 0.41)
386.34: (-0.06, 0.90, 0.43)
386.44: (-0.24, 0.84, 0.49)
386.54: (-0.36, 0.77, 0.52)
386.66: (-0.37, 0.77, 0.52)
386.76: (-0.41, 0.74, 0.53)
386.88: (-0.45, 0.71, 0.54)
386.91: (-0.45, 0.71, 0.54)
386.91: (-0.60, 0.21, -0.77): 1
386.99: (-0.45, 0.71, 0.54)
387.11: (-0.45, 0.71, 0.54)
387.23: (-0.44, 0.68, 0.59)
387.34: (-0.50, 0.49, 0.71)
387.46: (-0.48, 0.26, 0.84)
387.58: (-0.45, -0.07, 0.89)
387.68: (-0.32, -0.34, 0.89)
387.78: (-0.08, -0.54, 0.84)
387.89: (0.25, -0.70, 0.66)
388.01: (0.50, -0.76, 0.41)
388.13: (0.62, -0.78, 0.12)
388.23: (0.67, -0.73, -0.13)
388.34: (0.71, -0.57, -0.40)
388.46: (0.74, -0.34, -0.58)
388.56: (0.64, -0.29, -0.71)
388.68: (0.45, -0.25, -0.86)
388.79: (0.26, -0.12, -0.96)
388.89: (0.10, 0.00, -0.99)
389.01: (-0.04, 0.12, -0.99)
389.13: (0.01, 0.28, -0.96)
389.24: (0.15, 0.29, -0.95)
389.36: (0.15, 0.29, -0.95)
389.48: (0.15, 0.29, -0.95)
389.59: (0.15, 0.29, -0.95)
389.71: (0.15, 0.29, -0.95)
389.83: (0.15, 0.29, -0.95)
389.94: (0.03, 0.27, -0.96)
390.06: (-0.19, 0.23, -0.96)
390.16: (-0.35, 0.21, -0.91)
390.28: (-0.47, 0.19, -0.86)
390.38: (-0.55, 0.16, -0.82)
390.48: (-0.57, 0.15, -0.81)
390.51: (-0.57, 0.15, -0.81)
390.51: (-0.50, 0.48, 0.72): 0
390.58: (-0.57, 0.15, -0.81)
390.69: (-0.58, 0.15, -0.80)
390.81: (-0.65, 0.16, -0.74)
390.93: (-0.81, 0.17, -0.56)
391.04: (-0.96, 0.10, -0.27)
391.16: (-0.99, -0.03, 0.10)
391.26: (-0.90, -0.11, 0.42)
391.38: (-0.80, -0.04, 0.59)
391.49: (-0.84, 0.17, 0.51)
391.61: (-0.78, 0.29, 0.56)
391.73: (-0.65, 0.31, 0.69)
391.84: (-0.56, 0.37, 0.74)
391.94: (-0.53, 0.41, 0.74)
392.06: (-0.54, 0.43, 0.72)
392.06: (-0.91, 0.04, 0.40): 2
392.06: (-0.54, 0.43, 0.72)
392.18: (-0.54, 0.43, 0.72)
392.29: (-0.56, 0.39, 0.73)
392.41: (-0.70, 0.18, 0.69)
392.51: (-0.82, 0.13, 0.56)
392.61: (-0.83, 0.15, 0.54)
392.73: (-0.86, 0.16, 0.49)
392.83: (-0.91, 0.07, 0.41)
392.91: (-0.91, 0.07, 0.41)
392.91: (-0.57, 0.24, 0.78): 2
392.94: (-0.91, 0.07, 0.41)
393.06: (-0.91, 0.07, 0.40)
393.18: (-0.88, 0.05, 0.47)
393.28: (-0.72, 0.09, 0.69)
393.39: (-0.67, 0.10, 0.74)
393.51: (-0.68, 0.11, 0.73)
393.63: (-0.65, 0.17, 0.74)
393.73: (-0.63, 0.20, 0.75)
393.73: (-0.91, 0.11, -0.41): 2
393.74: (-0.63, 0.20, 0.75)
393.86: (-0.63, 0.20, 0.75)
393.98: (-0.62, 0.20, 0.76)
394.09: (-0.54, 0.15, 0.83)
394.19: (-0.35, 0.01, 0.94)
394.31: (-0.06, -0.16, 0.98)
394.43: (0.29, -0.35, 0.89)
394.54: (0.55, -0.47, 0.69)
394.64: (0.67, -0.55, 0.50)
394.74: (0.64, -0.75, 0.16)
394.86: (0.42, -0.89, -0.18)
394.98: (0.15, -0.95, -0.27)
395.09: (-0.08, -0.96, -0.26)
395.21: (-0.08, -0.96, -0.26)
395.31: (-0.08, -0.96, -0.26)
395.43: (-0.08, -0.96, -0.26)
395.54: (-0.08, -0.96, -0.25)
395.66: (-0.12, -0.97, -0.23)
395.77: (-0.02, -0.83, -0.55)
395.89: (0.00, -0.42, -0.91)
395.99: (-0.03, -0.04, -1.00)
396.11: (0.03, 0.41, -0.91)
396.21: (0.16, 0.68, -0.72)
396.31: (0.31, 0.82, -0.48)
396.42: (0.64, 0.65, -0.41)
396.52: (0.77, 0.50, -0.39)
396.63: (0.79, 0.57, -0.22)
396.74: (0.73, 0.67, 0.12)
396.86: (0.50, 0.72, 0.48)
396.97: (-0.03, 0.74, 0.67)
397.09: (-0.63, 0.52, 0.57)
397.21: (-0.95, 0.19, 0.26)
397.32: (-0.99, -0.12, -0.11)
397.42: (-0.90, -0.27, -0.34)
397.54: (-0.85, -0.21, -0.48)
397.66: (-0.89, -0.03, -0.46)
397.77: (-0.89, 0.06, -0.46)
397.89: (-0.89, 0.11, -0.44)
397.96: (-0.89, 0.11, -0.44)
397.96: (0.96, -0.26, 0.08): 2
398.01: (-0.89, 0.11, -0.44)
398.12: (-0.88, 0.13, -0.45)
398.22: (-0.88, 0.16, -0.45)
398.32: (-0.88, 0.16, -0.45)
398.44: (-0.88, 0.16, -0.45)
398.56: (-0.88, 0.16, -0.45)
398.67: (-0.88, 0.16, -0.45)
398.77: (-0.87, 0.02, -0.49)
398.89: (-0.84, -0.24, -0.49)
398.99: (-0.79, -0.44, -0.43)
399.11: (-0.61, -0.72, -0.34)
399.22: (-0.17, -0.97, -0.15)
399.32: (0.33, -0.94, 0.06)
399.44: (0.74, -0.65, 0.19)
399.56: (0.96, -0.22, 0.17)
399.67: (0.99, 0.17, 0.03)
399.79: (1.00, 0.07, 0.03)
399.89: (1.00, -0.04, 0.05)
400.01: (0.99, -0.15, 0.08)
400.12: (0.97, -0.24, 0.09)
400.24: (0.96, -0.27, 0.09)
400.24: (-0.90, -0.43, -0.08): 0
400.24: (0.96, -0.27, 0.09)
400.36: (0.96, -0.27, 0.09)
400.46: (0.95, -0.29, 0.10)
400.56: (0.97, -0.23, 0.05)
400.67: (0.97, 0.12, -0.22)
400.79: (0.86, 0.39, -0.34)
400.89: (0.82, 0.48, -0.31)
400.99: (0.77, 0.62, -0.17)
401.11: (0.67, 0.73, 0.14)
401.22: (0.58, 0.64, 0.50)
401.34: (0.58, 0.34, 0.74)
401.44: (0.57, 0.09, 0.82)
401.56: (0.63, 0.22, 0.74)
401.67: (0.54, 0.76, 0.37)
401.79: (0.25, 0.96, -0.14)
401.91: (0.12, 0.83, -0.55)
402.01: (0.11, 0.60, -0.79)
402.12: (0.38, 0.24, -0.89)
402.22: (0.43, 0.21, -0.88)
402.34: (0.43, 0.21, -0.88)
402.44: (0.43, 0.21, -0.88)
402.56: (0.49, 0.19, -0.85)
402.67: (0.61, 0.10, -0.79)
402.79: (0.26, 0.21, -0.94)
402.91: (-0.24, 0.31, -0.92)
403.02: (-0.54, 0.45, -0.71)
403.14: (-0.74, 0.57, -0.35)
403.26: (-0.80, 0.59, 0.13)
403.37: (-0.65, 0.49, 0.59)
403.49: (-0.40, 0.29, 0.87)
403.61: (-0.21, -0.10, 0.97)
403.71: (-0.11, -0.53, 0.84)
403.82: (-0.02, -0.90, 0.43)
403.94: (-0.09, -1.00, -0.04)
404.06: (-0.33, -0.89, -0.31)
404.16: (-0.63, -0.68, -0.38)
404.27: (-0.89, -0.37, -0.27)
404.39: (-1.00, 0.00, -0.01)
404.51: (-0.99, 0.08, 0.12)
404.61: (-1.00, -0.10, 0.01)
404.72: (-0.98, -0.21, -0.02)
404.84: (-0.95, -0.30, 0.02)
404.96: (-0.92, -0.39, -0.04)
405.06: (-0.92, -0.40, -0.05)
405.06: (0.98, -0.13, 0.14): 2
405.06: (-0.92, -0.40, -0.05)
405.17: (-0.92, -0.40, -0.05)
405.29: (-0.92, -0.40, -0.05)
405.41: (-0.92, -0.35, -0.18)
405.52: (-0.80, -0.37, -0.47)
405.62: (-0.60, -0.52, -0.61)
405.74: (-0.30, -0.75, -0.59)
405.86: (0.02, -0.95, -0.30)
405.97: (0.16, -0.95, 0.28)
406.09: (0.20, -0.78, 0.60)
406.19: (0.11, -0.72, 0.69)
406.31: (-0.02, -0.74, 0.67)
406.42: (-0.02, -0.74, 0.67)
406.52: (-0.02, -0.74, 0.67)
406.64: (-0.02, -0.74, 0.67)
406.76: (-0.02, -0.74, 0.67)
406.87: (0.16, -0.78, 0.61)
406.99: (0.47, -0.76, 0.45)
407.09: (0.83, -0.48, 0.28)
407.21: (0.98, 0.18, -0.08)
407.31: (0.68, 0.68, -0.27)
407.41: (0.58, 0.76, -0.29)
407.52: (0.78, 0.57, -0.26)
407.64: (0.92, 0.36, -0.16)
407.76: (0.98, 0.19, -0.07)
407.86: (1.00, 0.09, -0.05)
407.97: (1.00, -0.01, 0.00)
408.09: (0.99, -0.09, 0.07)
408.21: (0.99, -0.12, 0.11)
408.26: (0.98, -0.13, 0.12)
408.26: (0.89, -0.30, 0.34): 0
408.32: (0.98, -0.13, 0.12)
408.42: (0.99, -0.13, 0.10)
408.54: (0.98, -0.13, 0.14)
408.64: (0.92, -0.22, 0.31)
408.76: (0.89, -0.27, 0.37)
408.86: (0.92, -0.26, 0.28)
408.97: (0.92, -0.25, 0.29)
409.09: (0.92, -0.25, 0.29)
409.09: (0.10, -0.98, -0.16): 0
409.09: (0.92, -0.25, 0.29)
409.21: (0.92, -0.25, 0.30)
409.32: (0.92, -0.24, 0.30)
409.44: (0.94, -0.24, 0.23)
409.56: (1.00, -0.01, 0.05)
409.67: (0.89, 0.45, 0.00)
409.77: (0.66, 0.75, 0.02)
409.89: (0.27, 0.96, -0.12)
410.01: (-0.11, 0.93, -0.34)
410.12: (-0.34, 0.73, -0.59)
410.24: (-0.25, 0.24, -0.94)
410.36: (0.03, -0.28, -0.96)
410.46: (0.08, -0.56, -0.83)
410.57: (-0.09, -0.80, -0.59)
410.69: (-0.27, -0.92, -0.29)
410.81: (-0.16, -0.98, -0.07)
410.92: (0.00, -1.00, -0.09)
411.04: (0.06, -0.99, -0.15)
411.16: (0.12, -0.98, -0.18)
411.19: (0.12, -0.98, -0.18)
411.19: (0.92, 0.39, -0.03): 0
411.26: (0.12, -0.98, -0.18)
411.37: (0.12, -0.98, -0.18)
411.47: (0.12, -0.98, -0.18)
411.59: (0.20, -0.94, -0.28)
411.69: (0.25, -0.91, -0.34)
411.81: (0.25, -0.91, -0.34)
411.92: (0.25, -0.91, -0.34)
412.02: (0.29, -0.88, -0.39)
412.14: (0.44, -0.79, -0.42)
412.26: (0.33, -0.94, -0.04)
412.37: (0.02, -0.95, 0.30)
412.47: (-0.22, -0.84, 0.50)
412.59: (-0.50, -0.57, 0.66)
412.69: (-0.65, -0.23, 0.73)
412.81: (-0.62, 0.19, 0.76)
412.92: (-0.24, 0.64, 0.73)
413.04: (0.31, 0.78, 0.54)
413.14: (0.66, 0.65, 0.38)
413.24: (0.86, 0.38, 0.35)
413.35: (0.91, 0.18, 0.37)
413.47: (0.94, 0.25, 0.24)
413.59: (0.96, 0.29, 0.05)
413.70: (0.96, 0.29, -0.02)
413.80: (0.95, 0.32, -0.04)
413.92: (0.94, 0.34, -0.04)
413.92: (-0.92, 0.39, 0.06): 2
413.92: (0.94, 0.34, -0.04)
414.02: (0.94, 0.34, -0.05)
414.14: (0.94, 0.34, -0.05)
414.25: (0.93, 0.29, -0.22)
414.35: (0.84, 0.21, -0.50)
414.47: (0.63, 0.19, -0.75)
414.57: (0.46, 0.16, -0.87)
414.69: (0.23, 0.11, -0.97)
414.80: (0.01, 0.11, -0.99)
414.92: (-0.07, 0.28, -0.96)
415.02: (-0.05, 0.46, -0.89)
415.12: (0.05, 0.54, -0.84)
415.24: (0.12, 0.53, -0.84)
415.34: (0.12, 0.53, -0.84)
415.44: (0.12, 0.53, -0.84)
415.55: (0.12, 0.53, -0.84)
415.67: (0.12, 0.53, -0.84)
415.79: (0.11, 0.52, -0.85)
415.89: (-0.02, 0.51, -0.86)
416.00: (-0.32, 0.46, -0.83)
416.12: (-0.71, 0.31, -0.64)
416.22: (-0.96, 0.14, -0.25)
416.34: (-0.95, -0.09, 0.29)
416.44: (-0.84, -0.11, 0.53)
416.54: (-0.89, 0.15, 0.44)
416.65: (-0.94, 0.28, 0.22)
416.77: (-0.92, 0.37, 0.08)
416.89: (-0.93, 0.37, 0.09)
416.95: (-0.93, 0.37, 0.09)
416.95: (0.99, 0.08, -0.06): 0
417.00: (-0.93, 0.37, 0.09)
417.10: (-0.93, 0.37, 0.09)
417.22: (-0.93, 0.34, 0.16)
417.32: (-0.86, 0.40, 0.32)
417.44: (-0.67, 0.59, 0.46)
417.55: (-0.50, 0.61, 0.61)
417.67: (-0.43, 0.52, 0.74)
417.79: (-0.44, 0.34, 0.83)
417.90: (-0.42, -0.03, 0.91)
418.02: (-0.31, -0.45, 0.83)
418.14: (-0.12, -0.80, 0.59)
418.24: (0.09, -0.96, 0.28)
418.35: (0.24, -0.97, 0.01)
418.47: (0.33, -0.91, -0.25)
418.59: (0.36, -0.78, -0.52)
418.69: (0.33, -0.63, -0.71)
418.80: (0.26, -0.44, -0.86)
418.90: (0.15, -0.26, -0.95)
419.02: (-0.02, 0.01, -1.00)
419.12: (-0.13, 0.26, -0.96)
419.24: (-0.18, 0.50, -0.84)
419.35: (-0.18, 0.73, -0.66)
419.47: (-0.16, 0.88, -0.45)
419.57: (-0.11, 0.97, -0.23)
419.69: (-0.05, 1.00, 0.00)
419.79: (-0.02, 0.99, 0.17)
419.90: (-0.07, 0.96, 0.26)
420.02: (-0.19, 0.91, 0.37)
420.14: (-0.26, 0.90, 0.33)
420.25: (-0.26, 0.90, 0.33)
420.37: (-0.26, 0.90, 0.33)
420.47: (-0.26, 0.90, 0.33)
420.59: (-0.26, 0.90, 0.33)
420.69: (-0.24, 0.85, 0.47)
420.80: (0.02, 0.61, 0.79)
420.92: (0.33, 0.13, 0.94)
421.04: (0.53, -0.30, 0.79)
421.15: (0.58, -0.66, 0.48)
421.25: (0.48, -0.87, 0.12)
421.35: (0.26, -0.92, -0.28)
421.47: (-0.09, -0.70, -0.71)
421.57: (-0.36, -0.34, -0.87)
421.69: (-0.56, 0.12, -0.82)
421.80: (-0.65, 0.49, -0.58)
421.92: (-0.75, 0.64, -0.20)
422.04: (-0.85, 0.49, 0.22)
422.15: (-0.88, 0.18, 0.43)
422.27: (-0.86, -0.22, 0.45)
422.37: (-0.77, -0.54, 0.34)
422.49: (-0.50, -0.86, 0.07)
422.59: (-0.18, -0.96, -0.24)
422.69: (0.21, -0.86, -0.46)
422.80: (0.54, -0.61, -0.58)
422.92: (0.77, -0.30, -0.56)
423.04: (0.95, -0.07, -0.30)
423.14: (1.00, 0.04, 0.02)
423.25: (0.99, 0.05, 0.10)
423.37: (1.00, 0.05, 0.08)
423.49: (0.99, 0.11, 0.03)
423.60: (0.99, 0.12, 0.02)
423.62: (0.99, 0.12, 0.02)
423.62: (-0.83, -0.56, -0.04): 2
423.70: (0.99, 0.12, 0.02)
423.82: (0.99, 0.12, 0.01)
423.94: (0.99, 0.13, 0.00)
424.04: (0.99, 0.09, -0.05)
424.15: (0.97, 0.06, -0.25)
424.25: (0.93, 0.06, -0.35)
424.37: (0.81, 0.01, -0.59)
424.49: (0.41, -0.07, -0.91)
424.60: (0.17, 0.03, -0.99)
424.72: (-0.18, 0.14, -0.97)
424.84: (-0.66, 0.14, -0.74)
424.95: (-0.91, 0.04, -0.40)
425.07: (-0.99, -0.05, -0.16)
425.19: (-1.00, -0.10, -0.02)
425.30: (-0.94, -0.30, -0.13)
425.42: (-0.84, -0.51, -0.17)
425.54: (-0.83, -0.56, -0.09)
425.65: (-0.84, -0.54, 0.00)
425.70: (-0.84, -0.54, 0.00)
425.70: (0.60, 0.21, -0.77): 0
425.77: (-0.85, -0.53, 0.00)
425.89: (-0.85, -0.53, 0.00)
426.00: (-0.81, -0.57, 0.12)
426.12: (-0.64, -0.71, 0.29)
426.24: (-0.38, -0.91, 0.16)
426.35: (0.00, -0.99, -0.13)
426.47: (0.41, -0.79, -0.46)
426.59: (0.66, -0.39, -0.64)
426.70: (0.73, 0.03, -0.68)
426.80: (0.65, 0.33, -0.69)
426.92: (0.58, 0.47, -0.67)
427.04: (0.57, 0.40, -0.72)
427.14: (0.58, 0.32, -0.75)
427.24: (0.58, 0.26, -0.77)
427.35: (0.59, 0.19, -0.79)
427.40: (0.59, 0.19, -0.79)
427.40: (0.53, -0.36, -0.77): 0
427.47: (0.59, 0.19, -0.79)
427.57: (0.59, 0.19, -0.79)
427.69: (0.65, 0.26, -0.72)
427.79: (0.70, 0.11, -0.70)
427.90: (0.71, -0.17, -0.68)
428.02: (0.64, -0.32, -0.70)
428.12: (0.56, -0.35, -0.75)
428.24: (0.51, -0.38, -0.77)
428.29: (0.51, -0.38, -0.77)
428.29: (-0.84, 0.12, 0.53): 2
428.35: (0.51, -0.37, -0.78)
428.47: (0.51, -0.37, -0.78)
428.57: (0.54, -0.33, -0.78)
428.68: (0.68, -0.12, -0.72)
428.80: (0.74, 0.22, -0.64)
428.90: (0.66, 0.49, -0.57)
429.02: (0.49, 0.74, -0.46)
429.12: (0.35, 0.87, -0.35)
429.24: (0.05, 0.98, -0.20)
429.35: (-0.33, 0.94, -0.07)
429.45: (-0.58, 0.82, 0.00)
429.57: (-0.80, 0.60, 0.07)
429.67: (-0.90, 0.38, 0.19)
429.78: (-0.93, 0.12, 0.34)
429.90: (-0.89, -0.09, 0.44)
430.02: (-0.86, -0.05, 0.51)
430.12: (-0.86, 0.01, 0.52)
430.23: (-0.86, 0.06, 0.50)
430.33: (-0.87, 0.08, 0.49)
430.33: (0.96, 0.27, -0.03): 2
430.35: (-0.87, 0.08, 0.49)
430.47: (-0.87, 0.08, 0.49)
430.57: (-0.86, 0.04, 0.50)
430.68: (-0.86, -0.19, 0.47)
430.79: (-0.81, -0.44, 0.38)
430.90: (-0.70, -0.64, 0.32)
431.02: (-0.53, -0.78, 0.33)
431.13: (-0.31, -0.88, 0.36)
431.25: (-0.10, -0.89, 0.44)
431.37: (0.09, -0.84, 0.54)
431.48: (0.24, -0.72, 0.65)
431.60: (0.40, -0.56, 0.73)
431.70: (0.52, -0.42, 0.74)
431.82: (0.65, -0.24, 0.72)
431.92: (0.75, -0.10, 0.65)
432.03: (0.87, -0.11, 0.47)
432.15: (0.97, -0.26, 0.01)
432.27: (0.87, -0.38, -0.32)
432.37: (0.80, -0.41, -0.44)
432.48: (0.87, -0.29, -0.39)
432.60: (0.93, -0.11, -0.35)
432.72: (0.95, 0.10, -0.29)
432.82: (0.96, 0.24, -0.16)
432.93: (0.97, 0.23, -0.09)
433.03: (0.98, 0.21, -0.06)
433.05: (0.98, 0.21, -0.06)
433.05: (-0.03, 0.36, 0.93): 1
433.15: (0.98, 0.21, -0.06)
433.27: (0.99, 0.15, -0.05)
433.38: (1.00, 0.07, -0.04)
433.50: (1.00, 0.07, -0.04)
433.62: (1.00, 0.07, -0.04)
433.72: (1.00, 0.07, -0.04)
433.83: (1.00, 0.07, -0.04)
433.95: (1.00, 0.07, -0.04)
434.07: (1.00, 0.02, -0.06)
434.17: (0.96, 0.23, -0.17)
434.28: (0.83, 0.53, -0.17)
434.38: (0.64, 0.73, -0.23)
434.50: (0.37, 0.85, -0.38)
434.60: (0.07, 0.83, -0.55)
434.72: (-0.28, 0.55, -0.79)
434.82: (-0.52, 0.05, -0.85)
434.93: (-0.56, -0.44, -0.71)
435.05: (-0.51, -0.63, -0.59)
435.17: (-0.31, -0.83, -0.46)
435.27: (-0.07, -0.90, -0.44)
435.38: (0.20, -0.82, -0.54)
435.50: (0.46, -0.61, -0.65)
435.62: (0.66, -0.36, -0.66)
435.73: (0.81, 0.00, -0.59)
435.85: (0.84, 0.40, -0.36)
435.95: (0.82, 0.58, -0.04)
436.07: (0.75, 0.52, 0.42)
436.18: (0.61, 0.30, 0.73)
436.28: (0.43, 0.12, 0.90)
436.40: (0.15, -0.10, 0.98)
436.50: (0.01, -0.09, 1.00)
436.62: (-0.01, 0.13, 0.99)
436.73: (-0.04, 0.27, 0.96)
436.85: (-0.06, 0.38, 0.92)
436.90: (-0.06, 0.38, 0.92)
436.90: (-0.44, -0.58, -0.69): 2
436.95: (-0.06, 0.38, 0.92)
437.07: (-0.08, 0.37, 0.92)
437.18: (-0.18, 0.16, 0.97)
437.30: (-0.29, -0.22, 0.93)
437.42: (-0.31, -0.60, 0.74)
437.53: (-0.23, -0.89, 0.40)
437.65: (-0.09, -0.99, 0.10)
437.77: (0.21, -0.98, -0.05)
437.88: (0.58, -0.80, -0.13)
438.00: (0.88, -0.43, -0.19)
438.10: (1.00, -0.07, -0.07)
438.20: (0.91, 0.30, 0.28)
438.30: (0.51, 0.58, 0.64)
438.40: (-0.01, 0.59, 0.81)
438.52: (-0.50, 0.55, 0.67)
438.63: (-0.80, 0.44, 0.40)
438.75: (-0.99, 0.12, 0.08)
438.87: (-0.91, -0.34, -0.25)
438.98: (-0.48, -0.77, -0.42)
439.10: (0.11, -0.93, -0.35)
439.22: (0.41, -0.87, -0.26)
439.33: (0.27, -0.86, -0.44)
439.43: (0.04, -0.79, -0.62)
439.55: (-0.16, -0.69, -0.71)
439.67: (-0.20, -0.70, -0.68)
439.78: (-0.29, -0.69, -0.66)
439.90: (-0.38, -0.63, -0.67)
439.93: (-0.38, -0.63, -0.67)
439.93: (0.98, 0.15, -0.12): 1
440.02: (-0.38, -0.63, -0.67)
440.13: (-0.39, -0.64, -0.66)
440.23: (-0.40, -0.69, -0.61)
440.35: (-0.40, -0.69, -0.61)
440.45: (-0.40, -0.69, -0.61)
440.55: (-0.40, -0.69, -0.61)
440.67: (-0.40, -0.69, -0.61)
440.78: (-0.40, -0.68, -0.61)
440.90: (-0.48, -0.55, -0.68)
441.02: (-0.38, -0.27, -0.88)
441.12: (-0.14, 0.03, -0.99)
441.23: (0.25, 0.35, -0.90)
441.35: (0.70, 0.52, -0.49)
441.45: (0.88, 0.47, -0.07)
441.57: (0.94, 0.28, 0.21)
441.68: (0.97, 0.21, 0.12)
441.78: (0.98, 0.16, -0.06)
441.88: (0.98, 0.16, -0.08)
441.92: (0.98, 0.16, -0.08)
441.92: (-0.99, -0.05, -0.09): 1
442.00: (0.98, 0.16, -0.08)
442.12: (0.98, 0.21, -0.08)
442.23: (0.92, 0.38, 0.01)
442.35: (0.81, 0.52, 0.28)
442.45: (0.63, 0.53, 0.57)
442.57: (0.28, 0.47, 0.84)
442.68: (-0.09, 0.35, 0.93)
442.78: (-0.35, 0.26, 0.90)
442.90: (-0.62, 0.27, 0.73)
443.02: (-0.83, 0.40, 0.39)
443.13: (-0.88, 0.42, 0.21)
443.25: (-0.94, 0.32, 0.08)
443.35: (-0.97, 0.15, -0.18)
443.47: (-0.97, -0.06, -0.22)
443.58: (-0.98, -0.13, -0.12)
443.70: (-0.99, -0.10, -0.11)
443.77: (-0.99, -0.09, -0.13)
443.77: (0.57, -0.81, -0.13): 2
443.82: (-0.99, -0.09, -0.13)
443.92: (-0.99, -0.09, -0.13)
444.03: (-0.98, 0.00, -0.21)
444.15: (-0.85, 0.21, -0.49)
444.27: (-0.58, 0.47, -0.67)
444.38: (-0.28, 0.60, -0.75)
444.50: (-0.07, 0.32, -0.94)
444.62: (0.02, -0.08, -1.00)
444.72: (0.02, -0.32, -0.95)
444.83: (-0.08, -0.54, -0.84)
444.93: (-0.28, -0.66, -0.70)
445.05: (-0.51, -0.69, -0.51)
445.16: (-0.69, -0.68, -0.23)
445.26: (-0.77, -0.63, 0.06)
445.37: (-0.77, -0.53, 0.36)
445.47: (-0.67, -0.35, 0.66)
445.58: (-0.51, -0.02, 0.86)
445.70: (-0.41, 0.40, 0.82)
445.81: (-0.40, 0.63, 0.66)
445.91: (-0.47, 0.73, 0.50)
446.03: (-0.55, 0.80, 0.22)
446.13: (-0.63, 0.78, -0.04)
446.25: (-0.70, 0.68, -0.23)
446.36: (-0.85, 0.43, -0.31)
446.48: (-0.86, 0.41, -0.31)
446.58: (-0.86, 0.41, -0.31)
446.70: (-0.86, 0.41, -0.31)
446.81: (-0.86, 0.41, -0.31)
446.92: (-0.86, 0.41, -0.31)
447.03: (-0.90, 0.37, -0.22)
447.15: (-0.90, 0.42, 0.11)
447.26: (-0.65, 0.66, 0.38)
447.38: (-0.08, 0.85, 0.52)
447.50: (0.45, 0.83, 0.33)
447.60: (0.73, 0.68, -0.02)
447.71: (0.64, 0.55, -0.54)
447.83: (0.13, 0.45, -0.88)
447.95: (-0.34, 0.31, -0.89)
448.06: (-0.70, 0.19, -0.68)
448.16: (-0.87, 0.10, -0.48)
448.28: (-0.99, 0.01, -0.15)
448.40: (-0.98, -0.03, 0.20)
448.51: (-0.87, -0.02, 0.49)
448.63: (-0.67, -0.04, 0.74)
448.75: (-0.39, -0.11, 0.91)
448.86: (-0.13, -0.24, 0.96)
448.98: (0.10, -0.42, 0.90)
449.08: (0.26, -0.51, 0.82)
449.20: (0.48, -0.58, 0.66)
449.30: (0.64, -0.57, 0.52)
449.41: (0.65, -0.56, 0.52)
449.53: (0.65, -0.56, 0.52)
449.65: (0.65, -0.56, 0.52)
449.76: (0.62, -0.65, 0.44)
449.88: (0.57, -0.81, 0.17)
450.00: (0.56, -0.83, 0.02)
450.10: (0.56, -0.83, 0.02)
450.21: (0.57, -0.82, 0.00)
450.31: (0.58, -0.81, -0.03)
450.36: (0.58, -0.81, -0.03)
450.36: (0.48, -0.76, -0.44): 0
450.43: (0.58, -0.81, -0.03)
450.55: (0.59, -0.80, -0.07)
450.65: (0.54, -0.74, -0.41)
450.76: (0.43, -0.77, -0.47)
450.88: (0.44, -0.85, -0.30)
451.00: (0.52, -0.81, -0.25)
451.11: (0.55, -0.80, -0.24)
451.21: (0.53, -0.79, -0.29)
451.33: (0.51, -0.78, -0.35)
451.43: (0.52, -0.78, -0.35)
451.43: (-1.00, -0.05, -0.01): 1
451.45: (0.52, -0.78, -0.35)
451.55: (0.52, -0.78, -0.36)
451.66: (0.50, -0.74, -0.45)
451.78: (0.46, -0.64, -0.62)
451.90: (0.44, -0.50, -0.75)
452.01: (0.40, -0.35, -0.84)
452.13: (0.17, -0.15, -0.97)
452.25: (-0.24, -0.12, -0.96)
452.36: (-0.62, -0.26, -0.75)
452.48: (-0.82, -0.49, -0.30)
452.60: (-0.76, -0.62, 0.20)
452.71: (-0.52, -0.60, 0.60)
452.81: (-0.54, -0.51, 0.67)
452.93: (-0.84, -0.32, 0.44)
453.05: (-0.89, -0.28, 0.37)
453.15: (-0.89, -0.28, 0.37)
453.26: (-0.89, -0.28, 0.37)
453.38: (-0.89, -0.28, 0.37)
453.50: (-0.89, -0.28, 0.35)
453.61: (-0.98, -0.09, 0.16)
453.73: (-1.00, -0.02, 0.09)
453.85: (-1.00, -0.04, 0.06)
453.95: (-1.00, -0.06, 0.01)
453.98: (-1.00, -0.06, 0.01)
453.98: (-0.95, -0.13, -0.30): 2
454.06: (-1.00, -0.06, 0.01)
454.18: (-1.00, -0.06, 0.02)
454.30: (-1.00, -0.04, 0.00)
454.40: (-0.98, -0.09, -0.17)
454.51: (-0.98, -0.09, -0.16)
454.61: (-0.98, -0.09, -0.15)
454.61: (-1.00, 0.02, -0.07): 1
454.61: (-0.98, -0.09, -0.15)
454.73: (-0.98, -0.09, -0.16)
454.85: (-0.98, -0.09, -0.16)
454.96: (-1.00, -0.05, -0.08)
455.06: (-1.00, -0.03, -0.04)
455.16: (-1.00, -0.01, -0.03)
455.16: (1.00, 0.00, -0.09): 2
455.18: (-1.00, -0.01, -0.03)
455.28: (-1.00, -0.01, -0.03)
455.40: (-1.00, -0.01, -0.03)
455.51: (-0.98, 0.18, -0.05)
455.63: (-0.83, 0.55, -0.06)
455.75: (-0.65, 0.75, 0.14)
455.86: (-0.33, 0.91, 0.26)
455.96: (0.10, 0.98, 0.19)
456.08: (0.60, 0.80, 0.04)
456.20: (0.80, 0.58, -0.15)
456.31: (0.88, 0.34, -0.34)
456.43: (0.92, 0.22, -0.32)
456.53: (0.98, 0.16, -0.10)
456.65: (1.00, 0.06, -0.02)
456.76: (1.00, 0.00, -0.04)
456.81: (1.00, -0.01, -0.05)
456.81: (-0.44, 0.75, -0.49): 1
456.88: (1.00, -0.01, -0.05)
457.00: (1.00, 0.00, -0.06)
457.11: (0.98, 0.22, 0.00)
457.23: (0.78, 0.59, 0.18)
457.33: (0.52, 0.80, 0.30)
457.45: (0.18, 0.89, 0.42)
457.56: (-0.17, 0.86, 0.48)
457.66: (-0.35, 0.81, 0.48)
457.78: (-0.24, 0.71, 0.66)
457.90: (-0.03, 0.43, 0.90)
458.01: (0.14, -0.07, 0.99)
458.13: (0.34, -0.54, 0.77)
458.23: (0.53, -0.71, 0.46)
458.35: (0.80, -0.58, 0.10)
458.46: (0.99, -0.17, -0.02)
458.58: (0.99, -0.14, -0.01)
458.70: (0.99, -0.14, -0.01)
458.81: (0.99, -0.14, -0.01)
458.91: (0.99, -0.12, 0.12)
459.03: (0.96, -0.25, 0.14)
459.13: (0.81, -0.50, -0.30)
459.25: (0.35, -0.61, -0.71)
459.36: (-0.13, -0.39, -0.91)
459.48: (-0.40, 0.08, -0.91)
459.60: (-0.35, 0.49, -0.80)
459.71: (-0.13, 0.66, -0.74)
459.81: (-0.14, 0.68, -0.72)
459.93: (-0.34, 0.71, -0.61)
460.05: (-0.39, 0.77, -0.51)
460.15: (-0.39, 0.77, -0.50)
460.16: (-0.39, 0.77, -0.50)
460.16: (0.56, -0.83, 0.01): 1
460.26: (-0.39, 0.77, -0.50)
460.38: (-0.39, 0.76, -0.52)
460.50: (-0.34, 0.68, -0.64)
460.61: (-0.34, 0.68, -0.65)
460.73: (-0.34, 0.68, -0.65)
460.83: (-0.34, 0.68, -0.65)
460.95: (-0.29, 0.71, -0.65)
461.06: (-0.62, 0.70, -0.35)
461.18: (-0.83, 0.55, 0.11)
461.28: (-0.82, 0.36, 0.46)
461.40: (-0.63, 0.13, 0.76)
461.51: (-0.31, -0.14, 0.94)
461.63: (-0.08, -0.51, 0.85)
461.75: (-0.01, -0.90, 0.44)
461.86: (0.02, -1.00, 0.00)
461.98: (0.00, -0.92, -0.40)
462.09: (-0.05, -0.76, -0.65)
462.21: (0.11, -0.86, -0.49)
462.33: (0.37, -0.90, -0.24)
462.44: (0.53, -0.83, -0.17)
462.56: (0.55, -0.82, -0.14)
462.66: (0.56, -0.83, 0.04)
462.78: (0.56, -0.82, 0.06)
462.78: (0.80, 0.05, -0.60): 1
462.78: (0.56, -0.82, 0.06)
462.88: (0.56, -0.82, 0.06)
462.98: (0.56, -0.83, 0.04)
463.09: (0.50, -0.87, -0.03)
463.20: (0.18, -0.98, -0.11)
463.31: (-0.16, -0.98, -0.11)
463.43: (-0.16, -0.98, -0.11)
463.53: (-0.16, -0.98, -0.11)
463.65: (-0.16, -0.98, -0.11)
463.76: (-0.49, -0.87, 0.06)
463.86: (-0.48, -0.88, -0.05)
463.98: (-0.01, -0.92, -0.40)
464.09: (0.47, -0.66, -0.59)
464.21: (0.82, -0.11, -0.56)
464.33: (0.83, 0.43, -0.36)
464.43: (0.69, 0.68, -0.24)
464.54: (0.76, 0.53, -0.37)
464.64: (0.79, 0.38, -0.49)
464.76: (0.80, 0.21, -0.56)
464.88: (0.80, 0.13, -0.59)
464.99: (0.79, 0.04, -0.62)
465.06: (0.78, 0.04, -0.62)
465.06: (-1.00, 0.05, 0.02): 0
465.09: (0.78, 0.04, -0.62)
465.21: (0.79, 0.04, -0.61)
465.33: (0.87, 0.25, -0.42)
465.43: (0.78, 0.58, -0.24)
465.54: (0.52, 0.84, -0.12)
465.66: (0.17, 0.98, 0.07)
465.78: (-0.26, 0.93, 0.25)
465.89: (-0.65, 0.68, 0.33)
466.01: (-0.87, 0.34, 0.34)
466.13: (-0.96, 0.00, 0.27)
466.23: (-0.99, -0.11, 0.08)
466.33: (-1.00, 0.05, 0.01)
466.44: (-1.00, 0.08, 0.00)
466.56: (-1.00, 0.08, 0.00)
466.68: (-1.00, 0.08, 0.00)
466.71: (-1.00, 0.08, 0.00)
466.71: (0.63, -0.68, -0.38): 2
466.79: (-1.00, 0.08, 0.00)
466.91: (-0.99, 0.15, -0.02)
467.03: (-0.99, 0.15, -0.02)
467.13: (-0.99, 0.15, -0.02)
467.24: (-0.99, 0.15, -0.02)
467.36: (-0.99, 0.15, -0.02)
467.48: (-1.00, -0.09, -0.04)
467.58: (-0.84, -0.54, -0.06)
467.69: (-0.32, -0.94, -0.10)
467.81: (0.15, -0.98, -0.11)
467.91: (0.52, -0.83, -0.20)
468.03: (0.76, -0.52, -0.40)
468.14: (0.71, -0.58, -0.40)
468.26: (0.65, -0.66, -0.37)
468.36: (0.65, -0.67, -0.37)
468.44: (0.65, -0.67, -0.37)
468.44: (-0.44, 0.87, 0.23): 0
468.48: (0.65, -0.67, -0.37)
468.58: (0.65, -0.67, -0.37)
468.69: (0.78, -0.52, -0.36)
468.81: (0.95, -0.17, -0.26)
468.93: (0.96, 0.27, -0.09)
469.03: (0.79, 0.62, 0.02)
469.13: (0.53, 0.84, 0.11)
469.24: (0.15, 0.97, 0.18)
469.36: (-0.21, 0.94, 0.28)
469.48: (-0.50, 0.78, 0.38)
469.59: (-0.63, 0.65, 0.42)
469.69: (-0.54, 0.77, 0.34)
469.81: (-0.44, 0.86, 0.26)
469.93: (-0.42, 0.88, 0.23)
469.94: (-0.42, 0.88, 0.23)
469.94: (0.02, -0.75, 0.66): 2
470.04: (-0.42, 0.88, 0.23)
470.14: (-0.37, 0.90, 0.22)
470.26: (-0.37, 0.90, 0.22)
470.38: (-0.37, 0.90, 0.22)
470.49: (-0.37, 0.90, 0.22)
470.61: (-0.37, 0.90, 0.22)
470.73: (-0.50, 0.84, 0.23)
470.83: (-0.68, 0.68, 0.27)
470.94: (-0.87, 0.35, 0.34)
471.06: (-0.94, -0.07, 0.33)
471.18: (-0.85, -0.45, 0.29)
471.29: (-0.61, -0.77, 0.17)
471.41: (-0.22, -0.97, -0.14)
471.53: (0.22, -0.93, -0.31)
471.64: (0.36, -0.93, -0.05)
471.76: (0.24, -0.89, 0.39)
471.88: (0.20, -0.84, 0.51)
471.99: (0.11, -0.82, 0.56)
472.09: (0.10, -0.76, 0.64)
472.18: (0.11, -0.75, 0.65)
472.18: (0.47, 0.74, 0.48): 1
472.21: (0.11, -0.75, 0.65)
472.33: (0.11, -0.75, 0.65)
472.44: (0.06, -0.77, 0.64)
472.56: (0.06, -0.77, 0.64)
472.66: (0.06, -0.77, 0.64)
472.78: (0.06, -0.77, 0.64)
472.89: (0.28, -0.75, 0.60)
473.01: (0.66, -0.59, 0.47)
473.13: (0.93, -0.33, 0.18)
473.23: (0.99, -0.04, -0.15)
473.34: (0.83, 0.28, -0.48)
473.44: (0.50, 0.48, -0.72)
473.56: (0.03, 0.55, -0.84)
473.68: (-0.34, 0.55, -0.77)
473.78: (-0.62, 0.46, -0.64)
473.89: (-0.84, 0.27, -0.48)
474.01: (-0.95, -0.01, -0.31)
474.11: (-0.96, -0.24, -0.17)
474.21: (-0.92, -0.40, 0.00)
474.33: (-0.88, -0.42, 0.24)
474.44: (-0.82, -0.25, 0.51)
474.56: (-0.70, 0.03, 0.72)
474.68: (-0.48, 0.35, 0.80)
474.79: (-0.17, 0.62, 0.76)
474.89: (0.13, 0.66, 0.74)
475.01: (0.11, 0.68, 0.72)
475.13: (0.11, 0.68, 0.72)
475.23: (0.11, 0.68, 0.72)
475.33: (0.11, 0.68, 0.72)
475.44: (0.11, 0.68, 0.72)
475.56: (0.07, 0.72, 0.69)
475.68: (0.15, 0.74, 0.65)
475.79: (0.29, 0.74, 0.61)
475.91: (0.37, 0.72, 0.58)
476.03: (0.41, 0.73, 0.54)
476.08: (0.41, 0.74, 0.54)
476.08: (-0.28, 0.88, -0.38): 0
476.14: (0.41, 0.74, 0.54)
476.24: (0.41, 0.74, 0.54)
476.36: (0.44, 0.76, 0.47)
476.48: (0.65, 0.73, 0.23)
476.58: (0.85, 0.52, 0.03)
476.69: (0.99, 0.10, -0.04)
476.81: (0.93, -0.36, -0.07)
476.91: (0.71, -0.71, -0.06)
477.01: (0.39, -0.92, -0.06)
477.11: (0.03, -0.99, -0.10)
477.23: (-0.39, -0.91, -0.16)
477.34: (-0.73, -0.66, -0.16)
477.46: (-0.95, -0.31, 0.01)
477.56: (-0.97, 0.06, 0.25)
477.68: (-0.79, 0.42, 0.45)
477.79: (-0.49, 0.66, 0.57)
477.91: (-0.13, 0.76, 0.63)
478.01: (0.21, 0.72, 0.67)
478.13: (0.50, 0.51, 0.70)
478.24: (0.60, 0.19, 0.78)
478.34: (0.53, -0.28, 0.80)
478.46: (0.40, -0.66, 0.63)
478.58: (0.12, -0.92, 0.38)
478.68: (-0.19, -0.98, 0.09)
478.79: (-0.46, -0.86, -0.21)
478.91: (-0.50, -0.84, -0.21)
479.02: (-0.50, -0.84, -0.21)
479.13: (-0.50, -0.84, -0.21)
479.23: (-0.50, -0.84, -0.21)
479.34: (-0.50, -0.85, -0.16)
479.46: (-0.32, -0.92, -0.23)
479.57: (0.05, -0.90, -0.44)
479.68: (0.40, -0.75, -0.52)
479.79: (0.83, -0.37, -0.42)
479.91: (0.98, 0.20, -0.06)
480.02: (0.68, 0.66, 0.32)
480.12: (0.26, 0.82, 0.52)
480.22: (-0.21, 0.77, 0.60)
480.34: (-0.68, 0.55, 0.49)
480.44: (-0.91, 0.31, 0.26)
480.56: (-0.99, 0.10, -0.13)
480.67: (-0.86, 0.01, -0.51)
480.79: (-0.64, 0.02, -0.77)
480.91: (-0.28, 0.08, -0.96)
481.02: (0.21, 0.11, -0.97)
481.14: (0.56, 0.09, -0.83)
481.26: (0.69, -0.04, -0.72)
481.37: (0.66, -0.32, -0.68)
481.47: (0.49, -0.58, -0.65)
481.59: (0.16, -0.81, -0.56)
481.71: (-0.19, -0.89, -0.40)
481.82: (-0.26, -0.92, -0.29)
481.94: (-0.26, -0.92, -0.29)
482.06: (-0.26, -0.92, -0.29)
482.17: (-0.26, -0.92, -0.29)
482.29: (-0.26, -0.92, -0.29)
482.41: (-0.26, -0.92, -0.29)
482.52: (-0.27, -0.91, -0.31)
482.62: (-0.26, -0.96, -0.09)
482.74: (-0.32, -0.82, 0.48)
482.84: (-0.30, -0.37, 0.88)
482.96: (-0.14, 0.42, 0.90)
483.07: (0.00, 0.90, 0.44)
483.19: (-0.13, 0.99, -0.05)
483.31: (-0.43, 0.87, -0.23)
483.41: (-0.51, 0.83, -0.21)
483.52: (-0.39, 0.88, -0.27)
483.62: (-0.31, 0.89, -0.32)
483.72: (-0.31, 0.89, -0.32)
483.76: (-0.31, 0.89, -0.32)
483.76: (-0.87, -0.28, 0.39): 1
483.82: (-0.31, 0.89, -0.32)
483.94: (-0.31, 0.90, -0.31)
484.06: (-0.28, 0.94, -0.20)
484.17: (-0.28, 0.94, -0.20)
484.29: (-0.28, 0.94, -0.20)
484.41: (-0.28, 0.94, -0.20)
484.52: (-0.29, 0.95, -0.11)
484.64: (-0.13, 0.91, -0.39)
484.76: (0.22, 0.55, -0.80)
484.87: (0.50, 0.00, -0.86)
484.99: (0.60, -0.52, -0.61)
485.09: (0.62, -0.76, -0.18)
485.19: (0.60, -0.76, 0.26)
485.31: (0.61, -0.50, 0.61)
485.42: (0.66, -0.05, 0.75)
485.54: (0.71, 0.34, 0.61)
485.64: (0.74, 0.33, 0.59)
485.76: (0.74, 0.33, 0.59)
485.87: (0.74, 0.33, 0.59)
485.97: (0.74, 0.33, 0.59)
486.09: (0.84, 0.21, 0.49)
486.21: (0.50, 0.39, 0.77)
486.31: (-0.05, 0.40, 0.91)
486.42: (-0.66, 0.18, 0.73)
486.54: (-0.95, -0.16, 0.26)
486.66: (-0.87, -0.42, -0.27)
486.77: (-0.78, -0.48, -0.41)
486.89: (-0.88, -0.47, -0.10)
486.99: (-0.88, -0.46, 0.11)
487.09: (-0.90, -0.40, 0.19)
487.21: (-0.90, -0.32, 0.29)
487.32: (-0.89, -0.30, 0.34)
487.36: (-0.89, -0.30, 0.34)
487.36: (0.16, -0.99, 0.00): 2
487.44: (-0.89, -0.30, 0.34)
487.54: (-0.90, -0.31, 0.30)
487.66: (-0.89, -0.45, -0.12)
487.76: (-0.68, -0.51, -0.53)
487.86: (-0.37, -0.46, -0.81)
487.97: (0.07, -0.30, -0.95)
488.09: (0.29, -0.04, -0.96)
488.21: (0.35, 0.49, -0.80)
488.32: (0.17, 0.92, -0.35)
488.42: (-0.05, 1.00, 0.06)
488.52: (-0.23, 0.88, 0.41)
488.64: (-0.52, 0.66, 0.54)
488.76: (-0.67, 0.61, 0.43)
488.86: (-0.67, 0.61, 0.43)
488.97: (-0.67, 0.61, 0.43)
489.09: (-0.67, 0.61, 0.43)
489.21: (-0.67, 0.58, 0.46)
489.32: (-0.37, 0.47, 0.80)
489.42: (0.16, 0.29, 0.94)
489.52: (0.61, 0.04, 0.79)
489.64: (0.95, -0.15, 0.28)
489.76: (0.96, -0.17, -0.22)
489.87: (0.86, -0.02, -0.52)
489.99: (0.84, 0.02, -0.54)
490.11: (0.73, -0.43, -0.53)
490.22: (0.31, -0.81, -0.50)
490.34: (-0.15, -0.86, -0.49)
490.46: (-0.38, -0.82, -0.42)
490.57: (-0.05, -0.96, -0.27)
490.69: (0.18, -0.98, -0.07)
490.81: (0.22, -0.97, 0.05)
490.91: (0.19, -0.98, 0.05)
490.91: (1.00, -0.05, 0.05): 2
490.91: (0.19, -0.98, 0.05)
491.02: (0.19, -0.98, 0.05)
491.14: (0.26, -0.96, 0.07)
491.24: (0.26, -0.96, 0.07)
491.36: (0.26, -0.96, 0.07)
491.46: (0.26, -0.96, 0.07)
491.57: (0.26, -0.96, 0.07)
491.69: (0.06, -1.00, 0.04)
491.81: (-0.38, -0.93, -0.04)
491.92: (-0.81, -0.59, -0.05)
492.02: (-0.98, -0.20, 0.04)
492.14: (-0.94, 0.24, 0.23)
492.26: (-0.68, 0.44, 0.59)
492.37: (-0.40, 0.35, 0.85)
492.49: (-0.12, 0.06, 0.99)
492.59: (0.14, -0.19, 0.97)
492.69: (0.38, -0.43, 0.82)
492.81: (0.73, -0.54, 0.43)
492.92: (0.94, -0.33, -0.03)
493.02: (0.98, 0.02, -0.19)
493.14: (0.99, 0.08, -0.14)
493.24: (1.00, -0.02, 0.00)
493.36: (1.00, -0.08, 0.05)
493.47: (1.00, -0.08, 0.05)
493.47: (0.78, 0.01, 0.63): 0
493.47: (1.00, -0.08, 0.05)
493.59: (1.00, -0.08, 0.05)
493.69: (0.99, -0.13, 0.04)
493.81: (0.99, -0.13, 0.04)
493.92: (0.99, -0.13, 0.04)
494.04: (0.99, -0.14, 0.07)
494.16: (0.98, -0.06, 0.21)
494.27: (0.93, -0.02, 0.37)
494.39: (0.87, -0.03, 0.48)
494.51: (0.81, -0.07, 0.58)
494.57: (0.81, -0.07, 0.58)
494.57: (-1.00, 0.03, 0.04): 1
494.62: (0.81, -0.07, 0.58)
494.74: (0.81, -0.07, 0.58)
494.84: (0.78, 0.01, 0.63)
494.94: (0.59, 0.31, 0.74)
495.06: (0.32, 0.59, 0.74)
495.16: (0.04, 0.79, 0.62)
495.27: (-0.31, 0.91, 0.26)
495.39: (-0.55, 0.82, -0.15)
495.50: (-0.68, 0.57, -0.46)
495.61: (-0.76, 0.30, -0.57)
495.72: (-0.88, -0.07, -0.47)
495.84: (-0.97, -0.13, -0.19)
495.95: (-1.00, 0.02, -0.03)
496.06: (-1.00, 0.07, -0.03)
496.12: (-1.00, 0.07, -0.03)
496.12: (-0.54, 0.17, 0.82): 0
496.17: (-1.00, 0.07, -0.03)
496.29: (-1.00, 0.08, -0.03)
496.39: (-0.99, 0.15, -0.03)
496.49: (-0.99, 0.15, -0.03)
496.60: (-0.99, 0.15, -0.03)
496.70: (-0.99, 0.15, -0.03)
496.82: (-0.99, 0.14, -0.04)
496.92: (-0.99, -0.13, -0.10)
497.02: (-0.85, -0.51, -0.14)
497.14: (-0.44, -0.89, -0.11)
497.25: (0.08, -0.99, -0.06)
497.37: (0.55, -0.84, -0.01)
497.49: (0.89, -0.45, 0.03)
497.59: (1.00, -0.07, 0.03)
497.70: (0.95, 0.29, -0.10)
497.82: (0.70, 0.56, -0.44)
497.92: (0.38, 0.62, -0.69)
498.04: (0.01, 0.48, -0.88)
498.15: (-0.24, 0.15, -0.96)
498.27: (-0.36, -0.29, -0.89)
498.39: (-0.30, -0.65, -0.70)
498.50: (-0.06, -0.83, -0.55)
498.62: (-0.08, -0.98, -0.20)
498.74: (-0.31, -0.94, 0.12)
498.84: (-0.61, -0.79, 0.12)
498.95: (-0.88, -0.47, -0.04)
499.05: (-0.96, -0.14, -0.25)
499.17: (-0.78, 0.17, -0.60)
499.29: (-0.30, 0.33, -0.90)
499.40: (0.28, 0.35, -0.90)
499.52: (0.76, 0.19, -0.62)
499.64: (1.00, -0.07, -0.02)
499.75: (0.80, -0.11, 0.58)
499.85: (0.43, -0.17, 0.89)
499.97: (-0.07, -0.38, 0.92)
500.07: (-0.42, -0.49, 0.76)
500.17: (-0.64, -0.53, 0.55)
500.29: (-0.86, -0.49, 0.16)
500.40: (-0.93, -0.31, 0.18)
500.50: (-0.84, -0.12, 0.54)
500.62: (-0.69, 0.01, 0.72)
500.72: (-0.60, 0.07, 0.80)
500.84: (-0.60, 0.07, 0.80)
500.90: (-0.60, 0.07, 0.80)
500.90: (0.05, -0.68, 0.73): 0
500.95: (-0.60, 0.07, 0.80)
501.07: (-0.60, 0.07, 0.80)
501.19: (-0.43, -0.06, 0.90)
501.29: (-0.33, -0.21, 0.92)
501.40: (-0.33, -0.21, 0.92)
501.50: (-0.33, -0.21, 0.92)
501.62: (-0.33, -0.21, 0.92)
501.72: (-0.33, -0.21, 0.92)
501.84: (-0.33, -0.21, 0.92)
501.95: (-0.30, -0.32, 0.90)
502.05: (-0.28, -0.42, 0.87)
502.17: (-0.21, -0.62, 0.76)
502.29: (-0.09, -0.70, 0.71)
502.39: (-0.07, -0.70, 0.71)
502.45: (-0.07, -0.70, 0.71)
502.45: (0.94, 0.00, -0.34): 2
502.49: (-0.07, -0.70, 0.71)
502.60: (-0.02, -0.70, 0.72)
502.72: (-0.02, -0.70, 0.72)
502.82: (-0.07, -0.60, 0.79)
502.94: (-0.27, -0.42, 0.87)
503.05: (-0.48, -0.30, 0.83)
503.17: (-0.74, 0.01, 0.67)
503.29: (-0.76, 0.50, 0.42)
503.40: (-0.42, 0.88, 0.20)
503.52: (-0.04, 1.00, 0.04)
503.64: (0.27, 0.95, -0.12)
503.75: (0.55, 0.77, -0.31)
503.87: (0.78, 0.42, -0.46)
503.99: (0.87, -0.05, -0.49)
504.10: (0.83, -0.44, -0.34)
504.20: (0.86, -0.37, -0.35)
504.32: (0.91, -0.13, -0.40)
504.44: (0.92, -0.01, -0.39)
504.55: (0.93, -0.01, -0.37)
504.67: (0.93, -0.01, -0.37)
504.70: (0.93, -0.01, -0.37)
504.70: (0.17, -0.90, -0.40): 2
504.77: (0.93, -0.01, -0.36)
504.89: (0.94, 0.01, -0.35)
504.99: (0.94, 0.11, -0.32)
505.10: (0.94, 0.11, -0.32)
505.22: (0.94, 0.11, -0.32)
505.32: (0.94, 0.11, -0.32)
505.44: (0.94, 0.11, -0.32)
505.55: (0.95, 0.07, -0.31)
505.67: (0.94, -0.09, -0.34)
505.77: (0.82, -0.46, -0.34)
505.87: (0.34, -0.90, -0.25)
505.99: (-0.35, -0.94, 0.03)
506.10: (-0.76, -0.62, 0.19)
506.22: (-0.63, -0.77, 0.01)
506.34: (-0.39, -0.91, -0.15)
506.45: (-0.21, -0.94, -0.25)
506.57: (-0.08, -0.95, -0.31)
506.69: (0.12, -0.92, -0.37)
506.80: (0.16, -0.91, -0.39)
506.87: (0.16, -0.91, -0.39)
506.87: (-0.59, -0.51, -0.63): 0
506.92: (0.16, -0.91, -0.38)
507.02: (0.16, -0.91, -0.38)
507.14: (0.07, -0.93, -0.37)
507.25: (-0.37, -0.84, -0.40)
507.37: (-0.66, -0.59, -0.46)
507.49: (-0.83, -0.38, -0.41)
507.59: (-0.74, -0.47, -0.48)
507.70: (-0.63, -0.52, -0.57)
507.80: (-0.60, -0.48, -0.64)
507.89: (-0.60, -0.48, -0.65)
507.89: (0.98, -0.17, 0.04): 2
507.92: (-0.60, -0.48, -0.65)
508.04: (-0.59, -0.48, -0.64)
508.15: (-0.59, -0.53, -0.61)
508.27: (-0.69, -0.63, -0.35)
508.37: (-0.70, -0.71, 0.08)
508.49: (-0.57, -0.71, 0.41)
508.59: (-0.52, -0.65, 0.55)
508.70: (-0.29, -0.47, 0.84)
508.82: (0.17, -0.19, 0.97)
508.94: (0.56, 0.06, 0.83)
509.05: (0.79, 0.36, 0.50)
509.15: (0.83, 0.55, 0.11)
509.27: (0.75, 0.63, -0.21)
509.39: (0.54, 0.81, -0.24)
509.49: (0.31, 0.95, -0.10)
509.60: (0.06, 0.99, 0.14)
509.72: (-0.23, 0.91, 0.35)
509.82: (-0.41, 0.73, 0.55)
509.92: (-0.49, 0.46, 0.75)
510.04: (-0.31, 0.03, 0.95)
510.15: (-0.04, -0.40, 0.92)
510.27: (0.20, -0.67, 0.71)
510.39: (0.34, -0.82, 0.46)
510.50: (0.36, -0.92, 0.16)
510.62: (0.26, -0.94, -0.23)
510.72: (0.06, -0.86, -0.50)
510.84: (-0.24, -0.70, -0.67)
510.95: (-0.51, -0.45, -0.73)
511.07: (-0.74, -0.11, -0.67)
511.19: (-0.83, 0.22, -0.52)
511.29: (-0.80, 0.48, -0.35)
511.40: (-0.65, 0.73, -0.22)
511.50: (-0.48, 0.87, -0.15)
511.60: (-0.34, 0.94, -0.08)
511.72: (-0.41, 0.91, 0.08)
511.82: (-0.48, 0.87, 0.11)
511.94: (-0.48, 0.87, 0.11)
512.05: (-0.48, 0.87, 0.11)
512.17: (-0.48, 0.87, 0.11)
512.27: (-0.48, 0.87, 0.11)
512.38: (-0.48, 0.87, 0.11)
512.48: (-0.48, 0.87, 0.11)
512.60: (-0.46, 0.85, 0.25)
512.72: (-0.21, 0.78, 0.59)
512.82: (-0.06, 0.68, 0.73)
512.93: (-0.19, 0.36, 0.91)
513.04: (-0.44, -0.29, 0.85)
513.15: (-0.34, -0.85, 0.41)
513.27: (0.06, -1.00, 0.07)
513.38: (0.56, -0.83, -0.06)
513.49: (0.84, -0.54, 0.02)
513.60: (0.90, -0.21, 0.39)
513.72: (0.67, 0.02, 0.75)
513.82: (0.73, -0.02, 0.69)
513.93: (0.89, -0.15, 0.42)
514.04: (0.95, -0.12, 0.29)
514.15: (0.98, -0.10, 0.15)
514.27: (0.99, -0.13, 0.07)
514.32: (0.99, -0.13, 0.07)
514.32: (0.42, 0.76, -0.49): 0
514.38: (0.99, -0.13, 0.07)
514.50: (0.99, -0.14, 0.06)
514.60: (0.96, -0.26, 0.05)
514.70: (0.96, -0.26, 0.05)
514.82: (0.96, -0.26, 0.05)
514.93: (0.96, -0.26, 0.05)
515.03: (0.96, -0.26, 0.05)
515.13: (0.99, -0.16, -0.01)
515.25: (0.98, 0.17, -0.11)
515.37: (0.76, 0.59, -0.28)
515.48: (0.33, 0.88, -0.35)
515.60: (-0.13, 0.95, -0.27)
515.72: (-0.14, 0.95, -0.27)
515.82: (0.07, 0.93, -0.35)
515.93: (0.36, 0.84, -0.40)
516.05: (0.41, 0.81, -0.42)
516.13: (0.41, 0.81, -0.42)
516.13: (0.95, -0.16, 0.28): 2
516.17: (0.41, 0.81, -0.42)
516.27: (0.41, 0.81, -0.42)
516.38: (0.37, 0.82, -0.43)
516.50: (0.03, 0.94, -0.34)
516.62: (-0.38, 0.90, -0.22)
516.73: (-0.65, 0.74, -0.18)
516.85: (-0.86, 0.50, -0.10)
516.97: (-0.99, 0.14, 0.04)
517.07: (-0.97, -0.17, 0.20)
517.18: (-0.83, -0.47, 0.30)
517.30: (-0.63, -0.69, 0.35)
517.40: (-0.40, -0.86, 0.33)
517.52: (-0.08, -0.98, 0.18)
517.62: (0.18, -0.97, -0.15)
517.73: (0.31, -0.78, -0.54)
517.85: (0.31, -0.51, -0.80)
517.95: (0.20, -0.27, -0.94)
518.07: (0.01, -0.09, -1.00)
518.17: (0.01, -0.09, -1.00)
518.27: (0.01, -0.09, -1.00)
518.38: (0.01, -0.09, -1.00)
518.50: (0.01, -0.09, -1.00)
518.60: (0.01, -0.09, -1.00)
518.72: (-0.17, -0.23, -0.96)
518.83: (-0.10, -0.22, -0.97)
518.95: (0.25, 0.15, -0.96)
519.07: (0.55, 0.59, -0.59)
519.17: (0.69, 0.71, -0.12)
519.28: (0.73, 0.57, 0.38)
519.40: (0.61, 0.30, 0.73)
519.52: (0.44, -0.01, 0.90)
519.63: (0.67, -0.18, 0.71)
519.75: (0.84, -0.15, 0.52)
519.87: (0.88, -0.11, 0.45)
519.98: (0.92, -0.11, 0.37)
520.10: (0.95, -0.15, 0.27)
520.15: (0.95, -0.15, 0.27)
520.15: (-0.92, -0.07, 0.38): 1
520.20: (0.95, -0.15, 0.27)
520.32: (0.95, -0.15, 0.27)
520.42: (0.95, -0.06, 0.29)
520.53: (0.96, -0.04, 0.29)
520.65: (0.96, -0.04, 0.29)
520.77: (0.96, -0.04, 0.29)
520.88: (0.96, -0.04, 0.29)
521.00: (0.90, -0.17, 0.41)
521.10: (0.67, -0.47, 0.57)
521.22: (0.18, -0.72, 0.67)
521.33: (-0.36, -0.78, 0.50)
521.45: (-0.82, -0.56, 0.12)
521.55: (-0.96, -0.21, -0.19)
521.67: (-0.95, 0.13, -0.28)
521.78: (-0.99, 0.13, 0.00)
521.90: (-0.97, 0.00, 0.24)
522.02: (-0.95, -0.14, 0.29)
522.12: (-0.94, -0.14, 0.30)
522.23: (-0.92, -0.13, 0.37)
522.28: (-0.91, -0.13, 0.38)
522.28: (-0.52, 0.06, -0.86): 0
522.35: (-0.91, -0.13, 0.39)
522.47: (-0.91, -0.15, 0.39)
522.58: (-0.88, -0.08, 0.47)
522.68: (-0.84, 0.23, 0.49)
522.78: (-0.78, 0.55, 0.31)
522.90: (-0.48, 0.87, 0.09)
523.02: (0.15, 0.99, 0.04)
523.13: (0.65, 0.74, 0.17)
523.25: (0.90, 0.26, 0.35)
523.37: (0.82, -0.25, 0.52)
523.47: (0.78, -0.28, 0.56)
523.57: (0.78, -0.28, 0.56)
523.68: (0.78, -0.28, 0.56)
523.80: (0.78, -0.28, 0.56)
523.92: (0.78, -0.28, 0.56)
524.03: (0.82, -0.44, 0.37)
524.15: (0.77, -0.63, -0.12)
524.27: (0.46, -0.63, -0.63)
524.38: (0.03, -0.28, -0.96)
524.50: (-0.30, 0.14, -0.94)
524.62: (-0.44, 0.45, -0.78)
524.73: (-0.52, 0.45, -0.73)
524.85: (-0.47, 0.22, -0.85)
524.97: (-0.45, 0.12, -0.88)
525.07: (-0.45, 0.11, -0.89)
525.08: (-0.45, 0.11, -0.89)
525.08: (-0.85, 0.09, -0.52): 0
525.18: (-0.45, 0.11, -0.89)
525.30: (-0.47, 0.10, -0.88)
525.40: (-0.74, 0.11, -0.66)
525.52: (-0.82, 0.08, -0.57)
525.63: (-0.74, 0.06, -0.67)
525.75: (-0.72, 0.05, -0.69)
525.87: (-0.76, 0.05, -0.64)
525.97: (-0.78, 0.05, -0.62)
526.00: (-0.78, 0.05, -0.62)
526.00: (0.97, 0.15, 0.21): 2
526.08: (-0.78, 0.05, -0.62)
526.20: (-0.75, -0.01, -0.66)
526.32: (-0.75, -0.01, -0.66)
526.43: (-0.75, -0.01, -0.66)
526.53: (-0.75, -0.01, -0.66)
526.65: (-0.75, -0.01, -0.66)
526.77: (-0.86, 0.18, -0.48)
526.88: (-0.87, 0.50, -0.02)
527.00: (-0.64, 0.57, 0.52)
527.12: (-0.24, 0.49, 0.84)
527.23: (0.10, 0.32, 0.94)
527.35: (0.49, -0.02, 0.87)
527.47: (0.78, -0.27, 0.57)
527.57: (0.91, -0.36, 0.20)
527.68: (0.89, -0.42, -0.19)
527.80: (0.97, -0.18, -0.15)
527.92: (1.00, 0.07, 0.04)
528.03: (0.99, 0.09, 0.11)
528.13: (0.98, 0.06, 0.17)
528.22: (0.98, 0.06, 0.19)
528.22: (-0.99, 0.12, -0.01): 1
528.23: (0.98, 0.06, 0.19)
528.35: (0.98, 0.06, 0.19)
528.47: (0.98, -0.01, 0.21)
528.57: (0.97, -0.06, 0.25)
528.68: (0.97, -0.06, 0.25)
528.80: (0.97, -0.06, 0.25)
528.90: (0.97, -0.06, 0.25)
529.02: (0.97, -0.06, 0.25)
529.13: (0.99, -0.08, 0.07)
529.25: (0.95, -0.11, -0.30)
529.37: (0.70, -0.14, -0.71)
529.47: (0.36, -0.09, -0.93)
529.58: (-0.09, 0.08, -0.99)
529.70: (-0.44, 0.34, -0.83)
529.82: (-0.66, 0.53, -0.54)
529.93: (-0.85, 0.49, -0.20)
530.05: (-0.96, 0.26, 0.11)
530.16: (-0.97, -0.05, 0.24)
530.27: (-0.99, -0.04, 0.12)
530.38: (-1.00, 0.02, 0.02)
530.50: (-1.00, 0.08, -0.02)
530.55: (-1.00, 0.08, -0.02)
530.55: (-0.86, -0.43, 0.29): 1
530.60: (-1.00, 0.08, -0.02)
530.72: (-1.00, 0.08, -0.04)
530.83: (-0.99, 0.11, -0.13)
530.93: (-0.99, 0.11, -0.13)
531.05: (-0.99, 0.11, -0.13)
531.16: (-0.99, 0.07, -0.12)
531.28: (-0.98, -0.18, -0.01)
531.40: (-0.91, -0.40, 0.10)
531.50: (-0.89, -0.44, 0.15)
531.61: (-0.90, -0.40, 0.19)
531.71: (-0.90, -0.40, 0.19)
531.71: (-0.45, 0.30, 0.84): 0
531.73: (-0.90, -0.40, 0.19)
531.85: (-0.90, -0.40, 0.19)
531.95: (-0.92, -0.36, 0.15)
532.06: (-0.95, -0.32, -0.05)
532.16: (-0.92, -0.31, -0.24)
532.28: (-0.79, -0.49, -0.38)
532.40: (-0.56, -0.81, -0.15)
532.51: (-0.42, -0.88, 0.22)
532.63: (-0.39, -0.70, 0.60)
532.75: (-0.37, -0.36, 0.86)
532.85: (-0.33, 0.01, 0.94)
532.96: (-0.24, 0.37, 0.90)
533.08: (-0.30, 0.42, 0.86)
533.18: (-0.46, 0.35, 0.81)
533.30: (-0.52, 0.32, 0.80)
533.33: (-0.52, 0.31, 0.80)
533.33: (0.97, -0.26, 0.00): 0
533.41: (-0.52, 0.31, 0.80)
533.53: (-0.56, 0.25, 0.79)
533.65: (-0.56, 0.25, 0.79)
533.76: (-0.56, 0.25, 0.79)
533.88: (-0.56, 0.25, 0.79)
534.00: (-0.57, 0.24, 0.79)
534.11: (-0.44, 0.34, 0.83)
534.23: (-0.01, 0.63, 0.77)
534.35: (0.41, 0.77, 0.48)
534.45: (0.67, 0.72, 0.18)
534.56: (0.78, 0.59, -0.18)
534.68: (0.79, 0.34, -0.51)
534.80: (0.77, -0.11, -0.63)
534.91: (0.82, -0.43, -0.39)
535.01: (0.93, -0.33, -0.19)
535.13: (0.99, -0.14, -0.05)
535.25: (0.99, -0.15, -0.04)
535.35: (0.98, -0.21, -0.01)
535.35: (-0.86, 0.17, -0.49): 2
535.36: (0.98, -0.21, -0.01)
535.48: (0.98, -0.21, -0.01)
535.58: (0.99, -0.16, 0.03)
535.70: (0.99, -0.16, 0.03)
535.81: (0.99, -0.16, 0.03)
535.93: (0.99, -0.16, 0.03)
536.05: (0.96, -0.26, 0.05)
536.16: (0.74, -0.66, 0.07)
536.28: (0.35, -0.92, 0.15)
536.40: (-0.04, -0.96, 0.28)
536.51: (-0.42, -0.83, 0.37)
536.63: (-0.80, -0.39, 0.45)
536.75: (-0.82, 0.33, 0.47)
536.86: (-0.53, 0.77, 0.35)
536.98: (-0.26, 0.93, 0.25)
537.10: (0.09, 0.96, 0.28)
537.21: (0.53, 0.79, 0.31)
537.33: (0.53, 0.78, 0.34)
537.43: (0.53, 0.78, 0.34)
537.55: (0.53, 0.78, 0.34)
537.66: (0.53, 0.78, 0.34)
537.78: (0.57, 0.79, 0.22)
537.90: (0.59, 0.74, -0.32)
538.01: (0.33, 0.30, -0.89)
538.13: (-0.28, -0.20, -0.94)
538.25: (-0.65, -0.48, -0.59)
538.36: (-0.82, -0.51, -0.25)
538.46: (-0.96, -0.16, -0.23)
538.58: (-0.89, 0.20, -0.41)
538.68: (-0.80, 0.25, -0.55)
538.78: (-0.82, 0.08, -0.57)
538.90: (-0.85, 0.04, -0.53)
539.01: (-0.86, 0.07, -0.51)
539.11: (-0.86, 0.12, -0.49)
539.13: (-0.86, 0.12, -0.49)
539.13: (-0.78, -0.48, -0.40): 0
539.23: (-0.86, 0.11, -0.50)
539.35: (-0.83, 0.11, -0.55)
539.46: (-0.83, 0.11, -0.55)
539.58: (-0.83, 0.11, -0.55)
539.70: (-0.71, -0.05, -0.70)
539.80: (-0.63, -0.37, -0.68)
539.91: (-0.69, -0.52, -0.51)
540.03: (-0.79, -0.42, -0.45)
540.15: (-0.79, -0.41, -0.45)
540.25: (-0.79, -0.42, -0.46)
540.33: (-0.78, -0.42, -0.46)
540.33: (-0.26, -0.89, 0.38): 0
540.36: (-0.78, -0.42, -0.46)
540.46: (-0.78, -0.42, -0.46)
540.58: (-0.75, -0.46, -0.47)
540.70: (-0.69, -0.67, -0.28)
540.81: (-0.52, -0.85, 0.05)
540.93: (-0.19, -0.87, 0.46)
541.05: (0.11, -0.75, 0.65)
541.15: (0.00, -0.83, 0.56)
541.26: (-0.07, -0.87, 0.50)
541.36: (-0.11, -0.88, 0.45)
541.48: (-0.17, -0.90, 0.41)
541.55: (-0.18, -0.90, 0.40)
541.55: (0.19, 0.29, -0.94): 2
541.58: (-0.18, -0.90, 0.40)
541.70: (-0.18, -0.91, 0.37)
541.81: (-0.18, -0.93, 0.33)
541.93: (-0.18, -0.93, 0.33)
542.03: (-0.18, -0.93, 0.33)
542.15: (-0.18, -0.93, 0.33)
542.26: (-0.12, -0.89, 0.44)
542.38: (0.03, -0.67, 0.75)
542.50: (0.32, -0.19, 0.93)
542.61: (0.54, 0.27, 0.80)
542.71: (0.60, 0.61, 0.52)
542.83: (0.46, 0.88, 0.08)
542.93: (0.23, 0.94, -0.27)
543.05: (-0.11, 0.72, -0.69)
543.16: (-0.35, 0.32, -0.88)
543.28: (-0.32, 0.30, -0.90)
543.40: (0.03, 0.49, -0.87)
543.51: (0.21, 0.48, -0.85)
543.63: (0.18, 0.36, -0.91)
543.73: (0.17, 0.34, -0.92)
543.73: (-0.19, 0.74, -0.64): 0
543.73: (0.17, 0.34, -0.92)
543.85: (0.17, 0.34, -0.92)
543.96: (0.23, 0.37, -0.90)
544.08: (0.23, 0.37, -0.90)
544.18: (0.23, 0.37, -0.90)
544.30: (0.23, 0.38, -0.90)
544.41: (-0.04, 0.61, -0.79)
544.53: (-0.30, 0.74, -0.60)
544.65: (-0.28, 0.75, -0.60)
544.76: (-0.21, 0.76, -0.62)
544.86: (-0.19, 0.75, -0.63)
544.86: (-0.07, -0.56, 0.83): 0
544.86: (-0.19, 0.75, -0.63)
544.98: (-0.19, 0.75, -0.63)
545.10: (-0.17, 0.77, -0.62)
545.21: (-0.10, 0.85, -0.52)
545.33: (-0.12, 0.97, -0.22)
545.43: (-0.30, 0.95, 0.04)
545.55: (-0.61, 0.79, 0.11)
545.65: (-0.83, 0.54, 0.10)
545.76: (-0.96, 0.24, 0.14)
545.88: (-0.98, -0.10, 0.15)
545.98: (-0.91, -0.39, 0.13)
546.10: (-0.73, -0.69, 0.05)
546.21: (-0.49, -0.86, -0.14)
546.33: (-0.12, -0.90, -0.41)
546.44: (0.35, -0.75, -0.56)
546.56: (0.70, -0.44, -0.56)
546.66: (0.85, -0.17, -0.50)
546.76: (0.89, 0.09, -0.45)
546.88: (0.72, 0.51, -0.47)
547.00: (0.35, 0.80, -0.48)
547.11: (-0.08, 0.88, -0.46)
547.21: (-0.21, 0.83, -0.52)
547.31: (-0.21, 0.83, -0.52)
547.43: (-0.21, 0.83, -0.52)
547.54: (-0.21, 0.83, -0.52)
547.66: (-0.21, 0.83, -0.52)
547.78: (-0.21, 0.83, -0.52)
547.89: (-0.32, 0.86, -0.39)
548.01: (-0.46, 0.88, -0.12)
548.13: (-0.55, 0.78, 0.29)
548.24: (-0.51, 0.38, 0.77)
548.36: (-0.24, -0.21, 0.95)
548.48: (0.06, -0.65, 0.76)
548.58: (0.27, -0.83, 0.49)
548.69: (0.34, -0.85, 0.41)
548.81: (0.23, -0.76, 0.60)
548.93: (0.09, -0.60, 0.80)
549.04: (-0.03, -0.56, 0.83)
549.16: (-0.07, -0.53, 0.84)
549.18: (-0.07, -0.53, 0.84)
549.18: (0.91, -0.04, 0.42): 1
549.28: (-0.07, -0.54, 0.84)
549.39: (-0.07, -0.54, 0.84)
549.51: (0.11, -0.76, 0.63)
549.63: (0.26, -0.96, 0.12)
549.73: (0.37, -0.87, -0.32)
549.84: (0.38, -0.67, -0.64)
549.94: (0.32, -0.51, -0.80)
550.06: (0.11, -0.26, -0.96)
550.18: (-0.33, 0.01, -0.94)
550.28: (-0.57, 0.04, -0.82)
550.39: (-0.57, 0.04, -0.82)
550.51: (-0.57, 0.04, -0.82)
550.63: (-0.57, 0.04, -0.82)
550.73: (-0.57, 0.04, -0.82)
550.84: (-0.57, 0.05, -0.82)
550.96: (-0.55, 0.47, -0.69)
551.06: (-0.28, 0.88, -0.40)
551.16: (0.01, 1.00, 0.06)
551.28: (0.45, 0.69, 0.56)
551.39: (0.67, 0.19, 0.71)
551.51: (0.63, -0.29, 0.72)
551.63: (0.41, -0.62, 0.67)
551.74: (0.59, -0.45, 0.67)
551.86: (0.75, -0.31, 0.59)
551.98: (0.84, -0.21, 0.49)
552.09: (0.89, -0.11, 0.43)
552.21: (0.90, -0.06, 0.43)
552.23: (0.90, -0.06, 0.44)
552.23: (0.12, 0.80, -0.58): 1
552.31: (0.89, -0.06, 0.44)
552.43: (0.89, -0.06, 0.45)
552.54: (0.80, -0.05, 0.59)
552.66: (0.54, -0.12, 0.84)
552.78: (0.28, -0.43, 0.86)
552.89: (0.01, -0.77, 0.64)
552.99: (-0.09, -0.91, 0.41)
553.11: (-0.10, -0.99, 0.14)
553.23: (0.02, -0.99, -0.16)
553.34: (0.25, -0.89, -0.38)
553.46: (0.45, -0.70, -0.55)
553.58: (0.53, -0.47, -0.71)
553.69: (0.56, -0.21, -0.80)
553.81: (0.61, 0.05, -0.79)
553.93: (0.66, 0.37, -0.65)
554.04: (0.61, 0.67, -0.43)
554.16: (0.45, 0.81, -0.37)
554.28: (0.24, 0.88, -0.41)
554.39: (0.15, 0.83, -0.53)
554.51: (0.10, 0.78, -0.62)
554.61: (0.11, 0.77, -0.63)
554.61: (-0.97, -0.20, 0.11): 1
554.63: (0.11, 0.77, -0.63)
554.73: (0.11, 0.77, -0.63)
554.84: (0.21, 0.75, -0.63)
554.96: (0.21, 0.75, -0.63)
555.08: (0.21, 0.75, -0.63)
555.18: (0.21, 0.75, -0.63)
555.29: (0.21, 0.75, -0.63)
555.41: (0.21, 0.75, -0.63)
555.53: (0.02, 0.72, -0.70)
555.64: (-0.45, 0.62, -0.64)
555.74: (-0.74, 0.45, -0.49)
555.86: (-0.92, 0.21, -0.34)
555.98: (-0.99, -0.12, -0.11)
556.09: (-0.91, -0.40, 0.13)
556.19: (-0.88, -0.43, 0.21)
556.31: (-0.96, -0.24, 0.12)
556.41: (-0.97, -0.21, 0.08)
556.53: (-0.97, -0.22, 0.07)
556.64: (-0.97, -0.22, 0.07)
556.71: (-0.97, -0.22, 0.07)
END