3/30/2023 4:27:33 PM
Mode: Default
White time (s): [1.866226, 1.749603, 2.199448, 1.51651, 1.749451, 1.04953, 1.266571, 1.416168, 0.7498169, 1.216675, 1.833038, 2.332611, 2.699463, 1.915894, 1.567017, 2.033295, 1.233276, 2.78244, 1.649902, 1.699341, 1.099762, 0.9498596, 0.4667053, 0.5495605, 0.8337708, 2.666412, 0.7165833, 0.5328979, 0.3500671, 1.099915]
Shot time (s): [1.299652, 0.6833191, 3.199158, 0.8997498, 2.049316, 1.083557, 0.7661743, 1.399933, 1.2164, 1.19986, 1.782928, 1.566376, 1.533142, 1.133179, 0.583252, 2.315948, 0.6500854, 1.432587, 1.366608, 1.166595, 0.532959, 1.083038, 0.4996338, 0.9996338, 1.549866, 3.265961, 0.4998779, 0.5665283, 1.049225, 1.166809]
Step time (s): [1.133331, 1.649948, 0.766449, 0.433075, 3.649475, 3.182892, 1.416412, 1.533173, 1.16629, 2.016418, 1.58316, 2.466217, 2.299255, 5.282227, 1.216583, 1.583038, 1.849823, 1.216064, 2.849335, 1.232758, 0.7332153, 0.7995605, 1.633423, 2.299347, 2.016541, 0.6836853, 1.19986, 1.916351, 1.09967, 1.549286]
White horz (deg): [281.8, 251, 375.7, 149.4, 212.4, 147.2, 165.35, 145, 33.1, 190.8, 184.35, 241.4, 297.5999, 290.3, 173.8, 367.7, 133.25, 422.55, 198.7, 249.85, 98.74999, 134.55, 44.25, 30, 59.55, 322.55, 60.25002, 6.599999, 3.75, 146.4]
Shot horz (deg): [103, 14.45, 593.5499, 120.35, 283.7, 104.9, 63.8, 292.95, 151.75, 113.65, 220.15, 207.25, 169.6501, 129.8, 22.95, 175.4, 54.6, 265.6501, 125.7, 86.2, 13.7, 103.25, 16.35, 108.15, 135.75, 326.2, 30.85, 33.25, 118.15, 185.6]
Step horz (deg): [134.95, 171.55, 39.55, 6.5, 584.95, 598.3999, 127.9, 203.35, 121.5, 148.8, 102, 315.1501, 281.65, 864, 139.55, 162.75, 177.8, 109.05, 404.5, 123.45, 38.2, 54.3, 171.95, 322.95, 210.05, 51.15, 112.55, 265.5, 81.15001, 168.15]
White vert (deg): [88.20002, 158, 92.74999, 121.3, 80, 29.5, 88.84999, 64.45, 48.05, 78.8, 75, 163.55, 312.5999, 162.45, 74.99998, 85.44999, 117.25, 196.4001, 45.89999, 96.35, 32.5, 72.89999, 9.550001, 32.6, 33.85, 299.9001, 22.4, 15.9, 9.6, 48.85]
Shot vert (deg): [54.55, 74.35001, 264.3, 32.2, 182.3, 46.90001, 20.95, 85.3, 71.85, 91.95, 73.7, 123.85, 69.55001, 54.35001, 29.3, 265.3501, 13.55, 112.05, 86, 40.6, 27.3, 74.29999, 15.7, 75.69999, 71, 272.45, 14.55, 19.85, 46.75, 26.3]
Step vert (deg): [79.74999, 33.09999, 43.3, 36.2, 169.05, 262.4999, 78.35001, 70.89999, 36.4, 107.8, 69.05001, 122.95, 150, 408.0001, 64.85, 78.05, 220.3, 47.85, 218.6499, 95.14999, 44.55, 30.3, 73.84998, 122.25, 119.3, 37.95, 51.2, 97.59998, 75.50001, 57.75]

Time in sec: camera forward versor
Time in sec: target versor: sound type (0 = White, 1 = Shot, 2 = Step)
START
237.21: (1.00, -0.03, -0.04): 1
237.21: (0.15, -0.87, 0.46)
237.32: (0.15, -0.87, 0.46)
237.44: (0.15, -0.87, 0.46)
237.54: (0.15, -0.87, 0.46)
237.66: (0.35, -0.75, 0.56)
237.77: (0.82, 0.10, 0.57)
237.89: (0.74, -0.06, 0.66)
238.01: (0.74, -0.06, 0.66)
238.12: (0.92, -0.15, 0.37)
238.24: (0.97, -0.25, 0.00)
238.36: (0.98, -0.20, -0.02)
238.46: (1.00, -0.03, -0.03)
238.51: (1.00, 0.02, -0.02)
238.51: (0.16, -0.78, -0.61): 0
238.56: (1.00, 0.02, -0.01)
238.67: (1.00, 0.02, 0.01)
238.79: (0.84, 0.54, 0.04)
238.91: (0.73, 0.69, 0.05)
239.02: (0.73, 0.69, 0.05)
239.14: (0.94, 0.30, 0.15)
239.24: (0.77, -0.63, 0.14)
239.36: (0.42, -0.89, 0.15)
239.47: (0.42, -0.89, 0.15)
239.59: (0.12, -0.99, 0.10)
239.71: (-0.44, -0.90, -0.03)
239.81: (-0.57, -0.81, -0.14)
239.92: (-0.59, -0.72, -0.36)
240.04: (-0.14, -0.84, -0.53)
240.16: (0.24, -0.82, -0.52)
240.27: (0.16, -0.79, -0.59)
240.37: (0.01, -0.75, -0.67)
240.37: (0.39, -0.11, 0.91): 2
240.39: (0.01, -0.75, -0.67)
240.51: (0.01, -0.74, -0.67)
240.61: (0.02, -0.77, -0.64)
240.72: (0.30, -0.95, -0.07)
240.82: (0.72, -0.54, 0.43)
240.94: (0.78, -0.26, 0.57)
241.06: (0.77, -0.29, 0.57)
241.16: (0.78, -0.23, 0.58)
241.27: (0.64, 0.20, 0.74)
241.39: (0.49, 0.06, 0.87)
241.49: (0.46, -0.01, 0.89)
241.51: (0.46, -0.02, 0.89)
241.51: (-0.95, 0.12, -0.28): 0
241.59: (0.46, -0.02, 0.89)
241.71: (0.46, -0.03, 0.89)
241.81: (0.49, -0.05, 0.87)
241.92: (0.73, -0.26, 0.63)
242.04: (0.81, -0.42, 0.40)
242.16: (0.44, -0.78, 0.44)
242.27: (-0.42, -0.67, 0.61)
242.39: (-0.73, -0.42, -0.55)
242.51: (-0.36, -0.16, -0.92)
242.61: (-0.36, -0.16, -0.92)
242.71: (-0.37, -0.17, -0.91)
242.82: (-0.81, -0.34, -0.47)
242.92: (-0.95, -0.20, -0.25)
243.04: (-0.98, -0.11, -0.18)
243.16: (-0.95, 0.01, -0.32)
243.25: (-0.95, 0.08, -0.29)
243.25: (-0.94, 0.34, 0.07): 1
243.27: (-0.95, 0.08, -0.29)
243.39: (-0.95, 0.08, -0.29)
243.49: (-0.93, -0.05, -0.36)
243.60: (-0.88, -0.25, -0.40)
243.71: (-0.98, 0.20, -0.09)
243.82: (-0.92, 0.40, 0.04)
243.92: (-0.89, 0.45, 0.06)
243.94: (-0.89, 0.44, 0.06)
243.94: (0.12, 0.87, 0.48): 1
244.04: (-0.90, 0.43, 0.05)
244.15: (-0.94, 0.33, 0.07)
244.25: (-0.87, -0.26, 0.42)
244.37: (-0.38, -0.71, 0.60)
244.47: (-0.40, -0.70, 0.59)
244.57: (-0.40, -0.70, 0.59)
244.69: (-0.40, -0.70, 0.59)
244.80: (0.21, -0.72, 0.66)
244.92: (0.85, -0.20, 0.49)
245.04: (0.81, -0.24, 0.53)
245.14: (0.88, -0.09, 0.47)
245.25: (0.64, 0.75, -0.16)
245.37: (0.68, 0.73, -0.10)
245.49: (0.64, 0.75, -0.18)
245.60: (0.37, 0.84, -0.41)
245.70: (0.28, 0.73, -0.63)
245.82: (0.77, 0.33, -0.55)
245.92: (0.90, -0.03, -0.44)
246.04: (0.95, -0.23, -0.21)
246.15: (0.94, -0.24, 0.25)
246.25: (0.74, -0.15, 0.66)
246.37: (0.16, 0.32, 0.93)
246.49: (-0.16, 0.88, 0.44)
246.60: (-0.74, 0.67, -0.07)
246.72: (-0.40, 0.92, 0.02)
246.84: (0.13, 0.93, 0.35)
246.94: (0.32, 0.81, 0.48)
247.05: (0.21, 0.84, 0.50)
247.14: (0.13, 0.86, 0.50)
247.14: (0.99, 0.01, 0.10): 1
247.15: (0.13, 0.86, 0.50)
247.27: (0.13, 0.86, 0.50)
247.39: (0.20, 0.84, 0.50)
247.50: (0.48, 0.67, 0.57)
247.60: (0.88, 0.16, 0.44)
247.72: (0.93, -0.34, 0.13)
247.84: (0.91, -0.41, 0.03)
247.95: (0.99, -0.13, -0.02)
248.04: (1.00, -0.03, 0.02)
248.04: (-1.00, -0.01, -0.07): 2
248.05: (1.00, -0.03, 0.02)
248.15: (1.00, -0.03, 0.02)
248.27: (1.00, -0.04, 0.02)
248.39: (0.97, -0.23, -0.12)
248.50: (0.81, -0.46, -0.37)
248.62: (0.81, -0.46, -0.37)
248.74: (0.73, -0.55, -0.41)
248.85: (0.28, -0.81, -0.52)
248.97: (-0.20, -0.85, -0.49)
249.09: (-0.46, -0.78, -0.43)
249.19: (-0.73, -0.61, -0.32)
249.30: (-0.83, -0.49, -0.27)
249.40: (-0.83, -0.49, -0.27)
249.50: (-0.90, -0.38, -0.20)
249.62: (-1.00, -0.08, -0.06)
249.69: (-1.00, -0.08, -0.06)
249.69: (-0.77, 0.34, -0.55): 2
249.74: (-1.00, -0.08, -0.06)
249.85: (-1.00, -0.08, -0.06)
249.97: (-0.99, -0.09, -0.07)
250.09: (-0.98, 0.13, -0.14)
250.19: (-0.78, 0.48, -0.41)
250.30: (-0.71, 0.48, -0.50)
250.40: (-0.77, 0.32, -0.55)
250.45: (-0.78, 0.29, -0.55)
250.45: (-0.97, 0.14, -0.18): 2
250.50: (-0.78, 0.29, -0.55)
250.62: (-0.78, 0.29, -0.55)
250.74: (-0.84, 0.27, -0.47)
250.85: (-0.99, 0.07, -0.09)
250.89: (-1.00, 0.03, -0.02)
250.89: (-0.05, -0.33, 0.94): 2
250.97: (-1.00, 0.03, -0.02)
251.09: (-1.00, 0.03, -0.02)
251.19: (-1.00, 0.03, -0.01)
251.30: (-0.99, -0.06, 0.09)
251.40: (-0.99, -0.08, 0.10)
251.52: (-0.98, -0.17, 0.10)
251.64: (-0.96, -0.27, 0.10)
251.75: (-0.74, -0.68, 0.01)
251.87: (-0.34, -0.93, -0.14)
251.99: (0.01, -0.97, -0.25)
252.10: (0.44, -0.84, -0.31)
252.20: (0.75, -0.57, -0.34)
252.32: (0.97, 0.02, -0.22)
252.44: (0.79, 0.62, -0.01)
252.54: (0.81, 0.59, -0.03)
252.64: (0.81, 0.59, -0.03)
252.75: (0.76, 0.64, 0.08)
252.87: (0.48, 0.73, 0.49)
252.99: (0.06, 0.76, 0.65)
253.10: (-0.32, 0.78, 0.54)
253.22: (-0.84, 0.50, 0.21)
253.34: (-0.95, 0.18, -0.27)
253.44: (-0.74, 0.30, -0.60)
253.55: (-0.20, 0.85, -0.49)
253.67: (0.03, 1.00, -0.09)
253.79: (0.20, 0.78, 0.59)
253.89: (0.17, 0.53, 0.83)
254.00: (0.06, 0.07, 1.00)
254.12: (-0.08, -0.43, 0.90)
254.24: (-0.15, -0.66, 0.73)
254.35: (-0.12, -0.50, 0.86)
254.45: (-0.11, -0.47, 0.88)
254.54: (-0.10, -0.41, 0.91)
254.54: (-0.93, 0.08, 0.37): 0
254.55: (-0.10, -0.41, 0.91)
254.67: (-0.09, -0.37, 0.92)
254.79: (-0.10, -0.37, 0.92)
254.90: (-0.14, -0.54, 0.83)
255.02: (-0.08, 0.12, 0.99)
255.14: (-0.04, 0.84, 0.55)
255.25: (-0.08, 0.99, 0.09)
255.37: (-0.14, 0.99, -0.02)
255.47: (-0.13, 0.99, 0.03)
255.59: (-0.27, 0.91, 0.32)
255.70: (-0.38, 0.50, 0.78)
255.82: (-0.43, -0.05, 0.90)
255.94: (-0.39, -0.47, 0.79)
256.04: (-0.33, -0.71, 0.62)
256.15: (-0.28, -0.87, 0.40)
256.25: (-0.34, -0.86, 0.38)
256.35: (-0.70, -0.28, 0.66)
256.47: (-0.73, 0.15, 0.66)
256.59: (-0.79, 0.16, 0.60)
256.70: (-0.89, 0.08, 0.44)
256.74: (-0.91, 0.09, 0.42)
256.74: (-0.36, -0.49, -0.79): 0
256.82: (-0.90, 0.09, 0.43)
256.94: (-0.81, 0.10, 0.58)
257.05: (-0.54, -0.05, 0.84)
257.15: (-0.26, -0.39, 0.88)
257.27: (0.15, -0.90, 0.42)
257.39: (0.16, -0.87, 0.47)
257.50: (0.14, -0.88, 0.46)
257.62: (-0.06, -0.99, 0.16)
257.74: (-0.26, -0.96, -0.09)
257.85: (-0.45, -0.86, -0.25)
257.95: (-0.56, -0.73, -0.40)
258.05: (-0.47, -0.65, -0.60)
258.17: (-0.37, -0.51, -0.77)
258.25: (-0.37, -0.51, -0.77)
258.25: (-0.90, -0.01, -0.44): 2
258.29: (-0.37, -0.51, -0.77)
258.40: (-0.37, -0.56, -0.75)
258.52: (-0.40, -0.91, -0.02)
258.62: (-0.20, -0.95, 0.25)
258.74: (-0.01, -0.61, 0.80)
258.84: (-0.06, -0.29, 0.95)
258.95: (-0.11, -0.32, 0.94)
259.05: (-0.15, -0.79, 0.59)
259.17: (-0.36, -0.87, 0.34)
259.27: (-0.54, -0.69, 0.48)
259.37: (-0.51, 0.00, 0.86)
259.49: (0.04, 0.77, 0.64)
259.60: (0.07, 0.77, 0.63)
259.72: (-0.04, 0.71, 0.70)
259.84: (0.02, 0.86, 0.50)
259.94: (0.17, 0.99, 0.01)
260.05: (0.11, 0.90, -0.42)
260.17: (0.08, 0.64, -0.76)
260.28: (0.34, 0.18, -0.92)
260.40: (0.76, 0.06, -0.64)
260.52: (0.96, 0.27, -0.03)
260.62: (0.86, 0.39, 0.32)
260.73: (0.66, 0.64, 0.38)
260.83: (0.43, 0.90, 0.12)
260.95: (-0.30, 0.91, -0.28)
261.05: (-0.59, 0.69, -0.41)
261.17: (-0.85, 0.30, -0.44)
261.28: (-0.91, 0.02, -0.42)
261.40: (-0.90, -0.03, -0.42)
261.44: (-0.90, -0.03, -0.42)
261.44: (0.17, 0.43, 0.89): 0
261.50: (-0.90, -0.03, -0.43)
261.62: (-0.91, -0.08, -0.40)
261.73: (-0.92, -0.06, -0.39)
261.83: (-0.92, -0.06, -0.39)
261.95: (-0.91, 0.11, -0.40)
262.07: (-0.42, 0.87, -0.25)
262.17: (0.40, 0.91, 0.13)
262.28: (0.72, 0.63, 0.31)
262.38: (0.72, 0.63, 0.31)
262.50: (0.74, 0.59, 0.31)
262.62: (0.88, 0.28, 0.39)
262.73: (0.83, 0.11, 0.54)
262.83: (0.64, 0.08, 0.76)
262.95: (0.37, 0.25, 0.89)
263.05: (0.22, 0.44, 0.87)
263.17: (0.11, 0.45, 0.88)
263.18: (0.11, 0.45, 0.89)
263.18: (0.62, -0.73, -0.30): 2
263.28: (0.14, 0.46, 0.88)
263.38: (0.26, 0.45, 0.85)
263.50: (0.32, 0.34, 0.88)
263.62: (0.21, 0.36, 0.91)
263.73: (0.20, 0.42, 0.88)
263.85: (0.27, 0.42, 0.87)
263.97: (0.46, -0.04, 0.89)
264.08: (0.47, -0.65, 0.60)
264.18: (0.47, -0.81, 0.36)
264.30: (0.51, -0.85, 0.09)
264.42: (0.57, -0.82, -0.11)
264.53: (0.65, -0.72, -0.23)
264.60: (0.67, -0.69, -0.29)
264.60: (0.52, 0.85, -0.07): 2
264.65: (0.67, -0.68, -0.29)
264.75: (0.65, -0.72, -0.26)
264.87: (0.70, -0.71, -0.08)
264.98: (0.80, -0.51, 0.31)
265.08: (0.82, -0.42, 0.39)
265.20: (0.81, -0.28, 0.52)
265.32: (0.74, -0.01, 0.67)
265.43: (0.61, 0.40, 0.69)
265.55: (0.41, 0.72, 0.56)
265.67: (0.22, 0.89, 0.39)
265.77: (-0.05, 0.99, 0.15)
265.88: (0.01, 1.00, 0.07)
265.98: (0.50, 0.86, 0.09)
266.10: (0.60, 0.80, 0.01)
266.13: (0.60, 0.80, 0.00)
266.13: (-0.85, 0.45, -0.27): 2
266.22: (0.60, 0.80, 0.00)
266.33: (0.59, 0.81, 0.01)
266.45: (0.31, 0.92, 0.23)
266.55: (-0.20, 0.96, 0.19)
266.67: (-0.20, 0.96, 0.19)
266.78: (-0.20, 0.96, 0.19)
266.90: (-0.62, 0.78, -0.05)
267.00: (-0.85, 0.44, -0.29)
267.12: (-0.87, 0.30, -0.38)
267.23: (-0.84, 0.46, -0.29)
267.30: (-0.83, 0.48, -0.28)
267.30: (1.00, 0.00, -0.09): 1
267.35: (-0.83, 0.48, -0.28)
267.47: (-0.85, 0.44, -0.29)
267.58: (-0.90, 0.30, -0.31)
267.68: (-0.90, 0.30, -0.31)
267.78: (-0.90, 0.30, -0.31)
267.90: (-0.80, 0.51, -0.30)
268.02: (-0.33, 0.88, -0.34)
268.13: (-0.01, 0.89, -0.46)
268.25: (0.33, 0.73, -0.60)
268.37: (0.70, 0.63, -0.34)
268.48: (0.78, 0.38, 0.49)
268.58: (0.15, 0.27, 0.95)
268.68: (0.09, 0.56, 0.82)
268.80: (0.36, 0.67, 0.64)
268.92: (0.81, 0.52, 0.26)
269.03: (0.97, 0.19, 0.12)
269.15: (0.99, 0.07, 0.15)
269.27: (1.00, -0.02, -0.05)
269.35: (0.97, -0.03, -0.25)
269.35: (0.07, -1.00, 0.05): 2
269.38: (0.97, -0.03, -0.25)
269.50: (0.97, -0.04, -0.24)
269.60: (0.98, -0.03, -0.20)
269.72: (0.99, 0.06, -0.11)
269.83: (0.91, 0.01, 0.40)
269.95: (0.63, 0.05, 0.78)
270.05: (0.63, 0.05, 0.78)
270.17: (0.63, 0.05, 0.78)
270.28: (0.63, 0.05, 0.78)
270.40: (0.50, -0.04, 0.87)
270.52: (0.21, -0.35, 0.91)
270.63: (-0.08, -0.49, 0.87)
270.75: (-0.20, -0.59, 0.78)
270.87: (-0.12, -0.77, 0.63)
270.98: (0.01, -0.87, 0.49)
271.10: (-0.13, -0.91, 0.39)
271.22: (-0.13, -0.97, 0.20)
271.33: (0.03, -1.00, 0.01)
271.37: (0.04, -1.00, 0.00)
271.37: (0.81, 0.13, -0.57): 2
271.45: (0.04, -1.00, -0.01)
271.57: (-0.03, -0.99, 0.11)
271.68: (0.06, -0.95, 0.31)
271.80: (0.06, -0.95, 0.31)
271.92: (0.06, -0.95, 0.31)
272.02: (0.06, -0.95, 0.31)
272.13: (0.23, -0.94, 0.25)
272.25: (0.83, -0.56, 0.03)
272.37: (0.97, -0.15, -0.17)
272.47: (0.99, -0.09, -0.14)
272.58: (0.99, -0.09, -0.14)
272.68: (0.97, -0.02, -0.26)
272.80: (0.88, 0.05, -0.47)
272.92: (0.82, 0.06, -0.56)
272.95: (0.82, 0.06, -0.57)
272.95: (-0.52, -0.83, 0.21): 0
273.03: (0.82, 0.07, -0.57)
273.15: (0.82, 0.07, -0.57)
273.27: (0.85, 0.07, -0.52)
273.37: (0.92, -0.25, -0.29)
273.48: (0.35, -0.94, 0.03)
273.60: (-0.32, -0.93, 0.19)
273.70: (-0.61, -0.77, 0.21)
273.82: (-0.66, -0.72, 0.21)
273.93: (-0.59, -0.77, 0.23)
274.00: (-0.57, -0.78, 0.24)
274.00: (-0.48, 0.64, 0.60): 1
274.03: (-0.57, -0.78, 0.24)
274.15: (-0.57, -0.78, 0.24)
274.25: (-0.56, -0.79, 0.24)
274.37: (-0.59, -0.76, 0.26)
274.48: (-0.93, 0.15, 0.35)
274.58: (-0.68, 0.57, 0.46)
274.70: (-0.68, 0.54, 0.50)
274.80: (-0.68, 0.54, 0.50)
274.92: (-0.54, 0.63, 0.55)
275.03: (-0.39, 0.69, 0.61)
275.08: (-0.39, 0.69, 0.61)
275.08: (0.24, 0.93, 0.28): 1
275.15: (-0.39, 0.69, 0.61)
275.27: (-0.39, 0.69, 0.61)
275.38: (-0.37, 0.71, 0.59)
275.50: (0.24, 0.95, 0.18)
275.60: (0.39, 0.91, 0.12)
275.72: (0.37, 0.91, 0.17)
275.83: (0.29, 0.92, 0.26)
275.85: (0.29, 0.92, 0.26)
275.85: (0.41, -0.91, -0.05): 0
275.93: (0.29, 0.92, 0.26)
276.05: (0.24, 0.90, 0.36)
276.17: (0.24, 0.90, 0.36)
276.27: (0.27, 0.91, 0.32)
276.38: (0.56, 0.83, 0.08)
276.50: (0.82, 0.01, -0.57)
276.62: (0.44, -0.44, -0.78)
276.73: (0.44, -0.44, -0.78)
276.83: (0.44, -0.44, -0.78)
276.95: (0.13, -0.73, -0.67)
277.06: (0.21, -0.97, -0.13)
277.12: (0.27, -0.96, -0.04)
277.12: (-0.84, 0.10, 0.53): 0
277.17: (0.30, -0.95, 0.01)
277.28: (0.41, -0.91, -0.08)
277.38: (0.41, -0.91, -0.08)
277.50: (0.39, -0.91, -0.11)
277.62: (0.38, -0.87, -0.31)
277.73: (0.38, -0.87, -0.31)
277.85: (0.37, -0.87, -0.34)
277.96: (-0.20, -0.98, -0.07)
278.08: (-0.70, -0.66, 0.28)
278.20: (-0.80, -0.35, 0.49)
278.31: (-0.77, 0.04, 0.63)
278.41: (-0.81, 0.22, 0.54)
278.51: (-0.83, 0.23, 0.51)
278.53: (-0.83, 0.23, 0.51)
278.53: (-0.81, -0.48, -0.35): 1
278.61: (-0.83, 0.23, 0.51)
278.73: (-0.82, 0.00, 0.57)
278.85: (-0.52, -0.71, 0.46)
278.95: (0.52, -0.82, -0.22)
279.05: (0.66, -0.59, -0.46)
279.15: (0.66, -0.59, -0.46)
279.26: (0.36, -0.79, -0.49)
279.36: (-0.29, -0.93, -0.21)
279.46: (-0.69, -0.73, 0.02)
279.58: (-0.89, -0.43, 0.12)
279.70: (-0.92, -0.39, 0.03)
279.80: (-0.83, -0.50, -0.24)
279.91: (-0.80, -0.48, -0.35)
279.93: (-0.80, -0.48, -0.35)
279.93: (-0.53, -0.10, -0.84): 0
280.01: (-0.80, -0.48, -0.35)
280.13: (-0.75, -0.55, -0.37)
280.25: (-0.62, -0.64, -0.46)
280.36: (-0.62, -0.39, -0.68)
280.46: (-0.66, -0.14, -0.74)
280.58: (-0.63, -0.07, -0.78)
280.68: (-0.52, -0.11, -0.85)
280.68: (-0.68, -0.71, 0.18): 1
280.70: (-0.52, -0.11, -0.85)
280.80: (-0.52, -0.11, -0.85)
280.91: (-0.52, -0.29, -0.80)
281.03: (-0.34, -0.49, -0.81)
281.15: (-0.76, -0.59, -0.29)
281.26: (-0.87, 0.02, 0.50)
281.36: (-0.86, -0.01, 0.51)
281.46: (-0.88, -0.11, 0.46)
281.58: (-0.81, -0.47, 0.35)
281.68: (-0.68, -0.68, 0.27)
281.80: (-0.66, -0.71, 0.25)
281.90: (-0.64, -0.74, 0.22)
281.90: (0.16, -0.97, 0.17): 2
281.91: (-0.64, -0.74, 0.22)
282.01: (-0.64, -0.74, 0.23)
282.13: (-0.64, -0.72, 0.27)
282.23: (-0.61, -0.73, 0.30)
282.35: (-0.57, -0.67, 0.48)
282.46: (-0.44, 0.00, 0.90)
282.58: (-0.35, 0.15, 0.93)
282.70: (-0.35, 0.15, 0.93)
282.81: (-0.35, 0.24, 0.91)
282.93: (-0.03, 0.78, 0.62)
283.05: (0.54, 0.82, -0.19)
283.16: (0.63, 0.72, -0.30)
283.28: (0.63, 0.72, -0.30)
283.40: (0.66, 0.65, -0.38)
283.51: (0.80, -0.06, -0.59)
283.61: (0.65, -0.66, -0.37)
283.71: (0.68, -0.65, -0.34)
283.83: (0.69, -0.64, -0.34)
283.95: (0.58, -0.76, -0.27)
284.06: (0.13, -0.99, -0.05)
284.16: (0.08, -1.00, 0.02)
284.26: (0.13, -0.99, 0.07)
284.36: (0.21, -0.96, 0.16)
284.36: (0.92, 0.39, -0.03): 1
284.38: (0.21, -0.96, 0.16)
284.50: (0.27, -0.95, 0.14)
284.60: (0.28, -0.95, 0.13)
284.70: (0.28, -0.95, 0.13)
284.81: (0.49, -0.87, -0.02)
284.93: (0.81, -0.49, -0.31)
285.05: (0.90, -0.05, -0.43)
285.16: (0.72, 0.64, -0.26)
285.28: (0.74, 0.62, -0.25)
285.40: (0.83, 0.51, -0.24)
285.51: (0.94, 0.34, -0.01)
285.56: (0.95, 0.32, 0.01)
285.56: (0.78, -0.47, 0.42): 2
285.61: (0.95, 0.32, 0.01)
285.73: (0.95, 0.31, 0.01)
285.85: (0.95, 0.30, -0.06)
285.95: (0.96, 0.21, -0.20)
286.06: (0.92, 0.15, -0.36)
286.18: (0.86, 0.13, -0.49)
286.30: (0.40, -0.40, -0.82)
286.40: (0.18, -0.37, -0.91)
286.51: (0.11, -0.06, -0.99)
286.63: (0.31, 0.32, -0.89)
286.73: (0.27, 0.47, -0.84)
286.83: (0.12, 0.66, -0.74)
286.95: (-0.08, 0.83, -0.56)
287.06: (-0.15, 0.94, -0.30)
287.16: (-0.04, 1.00, 0.02)
287.28: (0.51, 0.65, 0.56)
287.40: (0.82, 0.01, 0.57)
287.50: (0.82, 0.01, 0.57)
287.61: (0.82, 0.01, 0.57)
287.73: (0.80, -0.34, 0.50)
287.85: (0.74, -0.52, 0.42)
287.86: (0.74, -0.52, 0.42)
287.86: (-0.91, -0.39, 0.11): 1
287.96: (0.74, -0.52, 0.42)
288.08: (0.77, -0.49, 0.40)
288.20: (0.90, -0.35, 0.27)
288.30: (0.94, -0.31, 0.13)
288.41: (1.00, -0.09, 0.03)
288.53: (0.88, -0.48, 0.08)
288.65: (0.63, -0.78, 0.00)
288.75: (0.63, -0.78, 0.00)
288.86: (0.43, -0.90, 0.02)
288.98: (-0.26, -0.96, -0.03)
289.10: (-0.13, -0.99, -0.04)
289.21: (-0.29, -0.96, 0.03)
289.31: (-0.80, -0.60, 0.04)
289.43: (-0.92, -0.38, 0.02)
289.55: (-0.92, -0.40, 0.03)
289.65: (-0.88, -0.47, 0.08)
289.65: (0.89, -0.45, -0.06): 0
289.66: (-0.88, -0.47, 0.08)
289.78: (-0.88, -0.47, 0.07)
289.90: (-0.88, -0.48, 0.05)
290.00: (-0.88, -0.48, 0.05)
290.11: (-0.87, -0.49, 0.05)
290.21: (-0.34, -0.94, -0.01)
290.33: (0.89, -0.46, -0.03)
290.43: (0.99, 0.16, -0.03)
290.53: (0.99, 0.12, -0.09)
290.65: (1.00, 0.01, -0.06)
290.76: (0.93, -0.38, -0.01)
290.86: (0.87, -0.50, 0.00)
290.86: (0.00, -0.19, 0.98): 2
290.88: (0.87, -0.50, 0.00)
291.00: (0.87, -0.49, 0.00)
291.11: (0.87, -0.49, -0.03)
291.23: (0.86, -0.41, -0.31)
291.35: (0.97, 0.25, -0.06)
291.45: (0.60, 0.74, 0.31)
291.55: (0.56, 0.76, 0.32)
291.66: (0.64, 0.70, 0.33)
291.78: (1.00, 0.04, -0.05)
291.90: (0.66, -0.64, -0.40)
292.00: (0.25, -0.82, -0.51)
292.11: (-0.04, -0.83, -0.56)
292.23: (-0.03, -0.82, -0.57)
292.35: (-0.16, -0.84, -0.52)
292.46: (-0.87, -0.46, -0.15)
292.58: (-0.85, -0.50, -0.16)
292.68: (-0.85, -0.50, -0.16)
292.80: (-0.94, -0.34, 0.06)
292.91: (-0.86, 0.05, 0.51)
293.01: (-0.89, 0.02, 0.45)
293.13: (-0.89, 0.00, 0.46)
293.25: (-0.60, 0.55, 0.58)
293.36: (-0.15, 0.98, 0.12)
293.48: (-0.39, 0.85, -0.36)
293.58: (-0.41, 0.66, -0.63)
293.69: (-0.42, 0.38, -0.82)
293.81: (-0.81, 0.02, -0.58)
293.93: (-0.97, -0.22, -0.04)
294.03: (-0.93, -0.29, 0.23)
294.15: (-0.98, -0.10, 0.16)
294.26: (-0.70, 0.69, -0.18)
294.38: (-0.05, 0.93, -0.37)
294.49: (0.40, 0.85, -0.33)
294.61: (0.59, 0.61, -0.53)
294.71: (0.53, 0.31, -0.79)
294.81: (0.25, -0.18, -0.95)
294.93: (0.22, -0.12, -0.97)
295.04: (0.22, -0.12, -0.97)
295.16: (0.13, -0.58, -0.80)
295.28: (-0.12, -0.99, -0.09)
295.38: (-0.09, -0.97, -0.21)
295.48: (-0.09, -0.97, -0.21)
295.59: (-0.10, -0.98, 0.17)
295.71: (-0.22, -0.54, 0.82)
295.81: (-0.25, -0.47, 0.84)
295.93: (-0.25, -0.47, 0.84)
296.03: (-0.16, -0.41, 0.90)
296.14: (-0.01, -0.16, 0.99)
296.14: (0.48, 0.86, -0.15): 0
296.14: (-0.01, -0.16, 0.99)
296.26: (-0.03, -0.18, 0.98)
296.38: (-0.08, -0.39, 0.92)
296.48: (-0.26, -0.47, 0.84)
296.59: (-0.31, -0.46, 0.83)
296.69: (-0.31, -0.46, 0.83)
296.81: (-0.31, -0.46, 0.83)
296.93: (-0.19, -0.44, 0.88)
297.03: (-0.22, -0.27, 0.94)
297.14: (-0.42, 0.46, 0.79)
297.26: (-0.31, 0.91, 0.29)
297.36: (-0.31, 0.91, 0.29)
297.48: (-0.31, 0.91, 0.29)
297.59: (0.01, 1.00, -0.10)
297.71: (0.35, 0.86, -0.36)
297.83: (0.39, 0.88, -0.28)
297.93: (0.44, 0.88, -0.15)
297.98: (0.45, 0.89, -0.10)
297.98: (-0.97, -0.21, 0.15): 1
298.03: (0.45, 0.89, -0.10)
298.14: (0.43, 0.90, -0.08)
298.26: (0.32, 0.94, -0.09)
298.38: (0.27, 0.88, -0.38)
298.49: (-0.25, 0.94, 0.22)
298.59: (-0.45, 0.21, 0.87)
298.71: (-0.45, -0.01, 0.89)
298.83: (-0.45, -0.01, 0.89)
298.93: (-0.44, -0.03, 0.90)
299.04: (-0.72, -0.10, 0.69)
299.16: (-0.98, 0.15, 0.11)
299.28: (-1.00, 0.03, -0.07)
299.38: (-0.99, -0.14, 0.09)
299.49: (-0.94, -0.22, 0.25)
299.54: (-0.94, -0.21, 0.25)
299.54: (0.83, -0.42, 0.37): 1
299.61: (-0.94, -0.21, 0.25)
299.71: (-0.94, -0.22, 0.25)
299.81: (-0.97, -0.20, 0.13)
299.93: (-0.94, -0.34, 0.04)
300.04: (-0.40, -0.91, 0.13)
300.16: (-0.14, -0.99, 0.09)
300.28: (0.12, -0.99, 0.10)
300.39: (0.10, -0.99, 0.09)
300.49: (0.10, -0.99, 0.09)
300.61: (0.22, -0.96, 0.17)
300.73: (0.76, -0.46, 0.46)
300.84: (0.81, -0.26, 0.52)
300.94: (0.82, -0.35, 0.45)
301.06: (0.80, -0.50, 0.33)
301.08: (0.80, -0.50, 0.33)
301.08: (0.81, -0.10, -0.58): 0
301.18: (0.81, -0.50, 0.32)
301.29: (0.80, -0.52, 0.29)
301.39: (0.79, -0.54, 0.29)
301.51: (0.79, -0.54, 0.29)
301.63: (0.88, -0.39, 0.27)
301.74: (0.90, 0.43, 0.08)
301.86: (0.89, 0.45, 0.08)
301.96: (0.89, 0.45, 0.08)
302.06: (0.77, 0.61, 0.20)
302.16: (0.55, 0.58, 0.60)
302.28: (0.44, 0.51, 0.74)
302.38: (0.35, 0.38, 0.86)
302.49: (0.23, 0.23, 0.94)
302.61: (-0.02, 0.05, 1.00)
302.73: (0.19, -0.78, 0.59)
302.83: (0.40, -0.89, 0.22)
302.93: (0.40, -0.89, 0.22)
303.04: (0.70, -0.70, -0.12)
303.14: (0.80, -0.15, -0.58)
303.26: (0.81, -0.09, -0.58)
303.38: (0.82, -0.07, -0.57)
303.41: (0.82, -0.07, -0.57)
303.41: (0.93, 0.24, 0.29): 0
303.49: (0.82, -0.07, -0.57)
303.59: (0.83, -0.08, -0.55)
303.69: (0.87, -0.12, -0.49)
303.81: (0.94, -0.27, -0.21)
303.93: (0.67, -0.40, 0.63)
304.04: (0.14, -0.37, 0.92)
304.16: (0.08, -0.42, 0.90)
304.28: (0.08, -0.63, 0.77)
304.38: (0.43, -0.84, 0.33)
304.48: (0.56, -0.82, 0.03)
304.59: (0.73, -0.65, -0.21)
304.69: (0.80, -0.54, -0.27)
304.81: (0.81, -0.17, -0.57)
304.93: (0.56, -0.22, -0.80)
305.03: (0.23, -0.41, -0.88)
305.14: (-0.02, -0.45, -0.90)
305.26: (-0.12, -0.34, -0.93)
305.38: (-0.17, -0.22, -0.96)
305.48: (0.65, -0.14, -0.75)
305.58: (0.99, -0.06, 0.09)
305.69: (0.73, 0.01, 0.68)
305.79: (0.63, 0.05, 0.77)
305.91: (0.84, 0.20, 0.51)
306.03: (0.93, 0.26, 0.26)
306.11: (0.93, 0.27, 0.25)
306.11: (-0.45, 0.26, -0.85): 1
306.14: (0.93, 0.27, 0.25)
306.26: (0.92, 0.29, 0.26)
306.38: (0.90, 0.33, 0.29)
306.48: (0.90, 0.33, 0.29)
306.58: (0.86, 0.51, 0.10)
306.68: (0.12, 0.86, -0.49)
306.79: (0.05, 0.86, -0.51)
306.91: (0.05, 0.86, -0.51)
307.03: (-0.22, 0.60, -0.77)
307.14: (-0.44, 0.27, -0.85)
307.24: (-0.45, 0.27, -0.85)
307.24: (-1.00, -0.07, 0.06): 2
307.24: (-0.45, 0.27, -0.85)
307.34: (-0.45, 0.27, -0.85)
307.46: (-0.45, 0.28, -0.85)
307.58: (-0.33, 0.56, -0.76)
307.69: (-0.05, 0.83, -0.55)
307.81: (-0.11, 0.88, -0.46)
307.91: (-0.41, 0.79, -0.46)
308.03: (-0.91, 0.22, -0.35)
308.13: (-0.90, 0.26, -0.36)
308.23: (-0.90, 0.23, -0.37)
308.34: (-0.99, -0.11, 0.00)
308.44: (-0.99, -0.10, 0.08)
308.46: (-0.99, -0.10, 0.08)
308.46: (-0.94, -0.08, -0.33): 1
308.56: (-0.99, -0.10, 0.08)
308.68: (-0.99, -0.10, 0.09)
308.79: (-1.00, -0.06, 0.05)
308.91: (-0.93, -0.04, -0.37)
309.01: (-0.87, -0.05, -0.49)
309.04: (-0.88, -0.05, -0.48)
309.04: (-0.75, 0.08, 0.65): 1
309.13: (-0.88, -0.05, -0.48)
309.24: (-0.91, -0.05, -0.41)
309.34: (-0.95, -0.02, -0.32)
309.46: (-0.96, 0.05, -0.29)
309.58: (-0.97, -0.23, -0.10)
309.68: (-0.70, -0.69, 0.20)
309.79: (-0.77, -0.62, 0.16)
309.91: (-0.76, -0.64, 0.11)
310.03: (-0.61, -0.71, -0.34)
310.14: (-0.31, -0.55, -0.78)
310.24: (-0.21, -0.44, -0.87)
310.36: (-0.05, -0.53, -0.85)
310.48: (0.13, -0.71, -0.69)
310.59: (0.27, -0.41, -0.87)
310.71: (-0.45, -0.55, -0.70)
310.82: (-0.90, -0.42, 0.14)
310.93: (-0.84, -0.34, 0.43)
311.04: (-0.83, -0.30, 0.46)
311.16: (-0.86, -0.20, 0.47)
311.27: (-0.73, 0.16, 0.67)
311.36: (-0.69, 0.18, 0.70)
311.36: (-0.42, -0.52, 0.74): 1
311.39: (-0.69, 0.18, 0.70)
311.51: (-0.72, 0.18, 0.67)
311.61: (-0.72, 0.17, 0.68)
311.72: (-0.69, -0.03, 0.72)
311.84: (-0.35, -0.62, 0.70)
311.94: (-0.34, -0.61, 0.72)
312.01: (-0.34, -0.61, 0.72)
312.01: (-0.88, -0.21, -0.42): 2
312.04: (-0.34, -0.61, 0.72)
312.16: (-0.37, -0.57, 0.74)
312.26: (-0.37, -0.57, 0.74)
312.36: (-0.44, -0.50, 0.74)
312.47: (-0.70, -0.05, 0.71)
312.59: (-0.68, -0.04, 0.73)
312.71: (-0.62, -0.14, 0.77)
312.81: (-0.62, -0.14, 0.77)
312.92: (-0.80, 0.18, 0.57)
313.02: (-0.86, 0.49, 0.12)
313.14: (-0.90, 0.41, -0.16)
313.24: (-0.89, 0.29, -0.35)
313.36: (-0.77, 0.20, -0.61)
313.46: (-0.79, -0.02, -0.61)
313.56: (-0.91, -0.26, -0.32)
313.59: (-0.91, -0.27, -0.31)
313.59: (-0.82, 0.48, 0.32): 0
313.67: (-0.91, -0.27, -0.31)
313.79: (-0.91, -0.27, -0.32)
313.89: (-0.93, -0.17, -0.34)
314.01: (-0.89, 0.08, -0.46)
314.12: (-0.86, -0.50, 0.14)
314.24: (-0.51, -0.79, 0.33)
314.34: (-0.32, -0.92, 0.22)
314.46: (-0.12, -0.98, 0.13)
314.57: (-0.34, -0.89, -0.30)
314.69: (-0.42, -0.70, -0.58)
314.79: (-0.51, -0.39, -0.77)
314.91: (-0.75, 0.13, -0.65)
315.01: (-0.84, 0.50, -0.19)
315.12: (-0.60, 0.76, 0.25)
315.24: (-0.43, 0.79, 0.43)
315.36: (-0.66, 0.60, 0.45)
315.47: (-0.82, 0.46, 0.33)
315.51: (-0.82, 0.46, 0.33)
315.51: (0.62, -0.64, -0.46): 0
315.57: (-0.82, 0.46, 0.33)
315.67: (-0.82, 0.46, 0.33)
315.79: (-0.86, 0.38, 0.33)
315.91: (-0.86, 0.38, 0.33)
316.01: (-0.83, 0.46, 0.30)
316.12: (-0.96, 0.25, -0.10)
316.22: (-0.67, -0.49, -0.56)
316.34: (-0.74, -0.41, -0.53)
316.46: (-0.74, -0.41, -0.53)
316.57: (-0.45, -0.62, -0.65)
316.69: (0.14, -0.80, -0.58)
316.79: (0.38, -0.78, -0.50)
316.89: (0.44, -0.79, -0.43)
317.01: (0.58, -0.64, -0.50)
317.07: (0.64, -0.58, -0.51)
317.07: (-0.71, 0.36, 0.61): 1
317.11: (0.64, -0.58, -0.51)
317.22: (0.63, -0.60, -0.50)
317.34: (0.45, -0.73, -0.51)
317.46: (0.00, -0.82, -0.57)
317.57: (-0.64, -0.58, -0.50)
317.69: (-0.99, 0.14, -0.10)
317.81: (-0.36, 0.87, 0.33)
317.92: (0.01, 0.89, 0.45)
318.04: (-0.18, 0.80, 0.57)
318.16: (-0.69, 0.54, 0.48)
318.26: (-0.82, 0.40, 0.41)
318.37: (-0.80, 0.38, 0.46)
318.49: (-0.69, 0.40, 0.60)
318.51: (-0.70, 0.40, 0.60)
318.51: (-0.73, -0.65, 0.20): 2
318.61: (-0.70, 0.40, 0.59)
318.72: (-0.71, 0.39, 0.59)
318.84: (-0.84, 0.33, 0.42)
318.96: (-0.95, 0.30, 0.05)
319.07: (-0.90, 0.31, -0.30)
319.17: (-0.82, 0.24, -0.52)
319.29: (-0.56, 0.07, -0.82)
319.41: (-0.30, -0.05, -0.95)
319.52: (-0.02, -0.07, -1.00)
319.62: (0.26, -0.08, -0.96)
319.74: (0.41, -0.38, -0.83)
319.86: (-0.06, -0.98, -0.19)
319.97: (-0.66, -0.75, -0.05)
320.09: (-0.85, -0.53, -0.06)
320.19: (-0.85, -0.53, 0.01)
320.31: (-0.75, -0.64, 0.15)
320.36: (-0.73, -0.66, 0.13)
320.36: (0.28, -0.38, -0.88): 2
320.42: (-0.73, -0.67, 0.13)
320.54: (-0.74, -0.66, 0.12)
320.66: (-0.74, -0.66, 0.12)
320.77: (-0.74, -0.66, 0.12)
320.87: (-0.74, -0.67, 0.07)
320.99: (-0.69, -0.60, -0.40)
321.11: (-0.19, -0.07, -0.98)
321.22: (0.00, 0.11, -0.99)
321.32: (0.10, -0.03, -0.99)
321.44: (0.24, -0.33, -0.91)
321.56: (0.35, -0.41, -0.84)
321.57: (0.35, -0.41, -0.84)
321.57: (1.00, 0.06, 0.06): 0
321.67: (0.35, -0.41, -0.84)
321.77: (0.34, -0.40, -0.85)
321.89: (-0.07, -0.51, -0.86)
321.99: (-0.23, -0.57, -0.79)
322.11: (-0.31, -0.59, -0.75)
322.22: (-0.78, -0.63, -0.02)
322.32: (-0.45, -0.06, 0.89)
322.44: (-0.43, -0.03, 0.90)
322.56: (-0.39, -0.02, 0.92)
322.67: (0.34, 0.47, 0.82)
322.79: (0.52, 0.50, 0.69)
322.89: (0.45, 0.45, 0.77)
323.01: (0.70, 0.45, 0.56)
323.12: (0.88, 0.38, -0.28)
323.22: (0.77, 0.35, -0.54)
323.34: (0.77, 0.35, -0.54)
323.46: (0.97, 0.24, -0.05)
323.57: (0.98, 0.15, 0.16)
323.61: (0.98, 0.14, 0.16)
323.61: (0.56, -0.62, 0.55): 2
323.69: (0.98, 0.14, 0.16)
323.81: (0.97, 0.15, 0.17)
323.92: (0.87, 0.50, 0.03)
324.04: (0.78, 0.63, 0.03)
324.16: (0.78, 0.63, 0.03)
324.26: (0.65, 0.76, 0.05)
324.37: (0.19, 0.68, 0.71)
324.47: (-0.02, 0.37, 0.93)
324.59: (-0.15, 0.32, 0.93)
324.69: (-0.22, 0.57, 0.79)
324.81: (0.08, 0.99, 0.10)
324.91: (0.44, 0.66, -0.61)
325.02: (0.61, 0.26, -0.75)
325.12: (0.61, 0.26, -0.75)
325.24: (0.66, 0.22, -0.72)
325.36: (0.85, -0.17, -0.50)
325.47: (0.59, -0.72, -0.36)
325.57: (0.64, -0.66, -0.40)
325.69: (0.61, -0.72, -0.33)
325.81: (0.35, -0.93, 0.11)
325.92: (0.03, -0.92, 0.39)
326.04: (-0.34, -0.82, 0.46)
326.16: (0.25, -0.80, 0.54)
326.26: (0.55, -0.70, 0.45)
326.36: (0.63, -0.67, 0.39)
326.46: (0.63, -0.67, 0.39)
326.46: (-0.14, 0.45, -0.88): 2
326.46: (0.63, -0.67, 0.39)
326.57: (0.62, -0.67, 0.41)
326.69: (0.62, -0.67, 0.42)
326.79: (0.61, -0.67, 0.43)
326.91: (0.62, -0.73, 0.28)
327.01: (0.73, -0.66, 0.18)
327.12: (0.84, -0.53, 0.07)
327.24: (0.72, 0.36, -0.59)
327.35: (0.40, 0.37, -0.84)
327.47: (0.00, 0.51, -0.86)
327.59: (-0.25, 0.49, -0.83)
327.69: (-0.29, 0.46, -0.84)
327.69: (0.71, -0.06, 0.70): 0
327.70: (-0.29, 0.46, -0.84)
327.81: (-0.29, 0.46, -0.84)
327.92: (-0.29, 0.46, -0.84)
328.04: (-0.06, 0.43, -0.90)
328.14: (0.51, 0.21, -0.83)
328.25: (0.88, 0.03, -0.47)
328.37: (0.99, 0.11, -0.02)
328.49: (0.94, 0.11, 0.32)
328.59: (0.79, -0.16, 0.60)
328.70: (0.64, -0.34, 0.68)
328.82: (0.72, -0.09, 0.68)
328.92: (0.76, 0.02, 0.65)
328.92: (0.91, 0.40, -0.13): 2
328.94: (0.76, 0.02, 0.65)
329.05: (0.76, 0.02, 0.65)
329.15: (0.76, 0.02, 0.65)
329.27: (0.89, 0.01, 0.46)
329.37: (0.99, 0.04, 0.14)
329.49: (0.94, 0.30, -0.18)
329.60: (0.91, 0.37, -0.19)
329.65: (0.91, 0.38, -0.18)
329.65: (-0.50, -0.25, 0.83): 1
329.72: (0.91, 0.38, -0.17)
329.84: (0.91, 0.38, -0.17)
329.95: (0.91, 0.36, -0.18)
330.05: (0.96, 0.25, -0.16)
330.17: (0.99, -0.17, 0.02)
330.27: (0.88, -0.37, 0.30)
330.39: (0.45, -0.47, 0.76)
330.49: (0.09, -0.31, 0.95)
330.60: (-0.40, -0.46, 0.80)
330.72: (-0.40, -0.46, 0.80)
330.82: (-0.39, -0.45, 0.81)
330.94: (-0.43, -0.30, 0.85)
331.02: (-0.48, -0.25, 0.84)
331.02: (-0.05, 0.41, 0.91): 2
331.05: (-0.48, -0.25, 0.84)
331.17: (-0.48, -0.25, 0.84)
331.27: (-0.48, -0.32, 0.81)
331.39: (-0.28, -0.17, 0.95)
331.50: (0.05, 0.23, 0.97)
331.62: (0.03, 0.34, 0.94)
331.74: (-0.03, 0.33, 0.94)
331.82: (-0.05, 0.38, 0.92)
331.82: (0.99, 0.09, 0.12): 1
331.85: (-0.05, 0.38, 0.92)
331.97: (-0.03, 0.35, 0.94)
332.09: (-0.03, 0.34, 0.94)
332.19: (-0.03, 0.34, 0.94)
332.30: (-0.03, 0.34, 0.94)
332.42: (-0.01, 0.35, 0.94)
332.54: (0.54, 0.42, 0.73)
332.65: (0.91, 0.22, 0.35)
332.77: (1.00, 0.07, 0.05)
332.89: (0.99, 0.09, 0.09)
332.99: (0.99, 0.10, 0.11)
332.99: (-0.64, -0.37, -0.67): 2
333.00: (0.99, 0.10, 0.11)
333.10: (0.99, 0.10, 0.11)
333.22: (0.98, 0.12, 0.13)
333.34: (0.97, 0.15, 0.17)
333.44: (0.97, 0.15, 0.17)
333.54: (0.97, 0.15, 0.17)
333.65: (0.97, 0.15, 0.17)
333.77: (0.99, -0.08, -0.08)
333.87: (0.27, -0.25, -0.93)
333.99: (0.13, -0.30, -0.94)
334.10: (0.13, -0.30, -0.94)
334.22: (-0.03, -0.27, -0.96)
334.32: (-0.58, -0.29, -0.76)
334.44: (-0.71, -0.27, -0.65)
334.55: (-0.66, -0.31, -0.69)
334.62: (-0.64, -0.34, -0.69)
334.62: (-0.77, -0.58, 0.27): 2
334.65: (-0.64, -0.34, -0.69)
334.77: (-0.58, -0.37, -0.73)
334.89: (-0.58, -0.37, -0.73)
335.00: (-0.58, -0.37, -0.73)
335.12: (-0.58, -0.37, -0.73)
335.24: (-0.58, -0.36, -0.73)
335.34: (-0.75, -0.21, -0.62)
335.45: (-0.86, 0.48, 0.13)
335.57: (-0.73, 0.66, 0.18)
335.69: (-0.60, 0.77, 0.23)
335.79: (-0.23, 0.87, 0.44)
335.90: (-0.08, 0.96, 0.27)
336.02: (-0.16, 0.95, -0.26)
336.14: (-0.62, 0.19, -0.76)
336.25: (-0.61, -0.22, -0.77)
336.37: (-0.61, -0.39, -0.69)
336.49: (-0.56, -0.82, -0.10)
336.60: (-0.53, -0.84, 0.10)
336.70: (-0.50, -0.82, 0.30)
336.82: (-0.68, -0.67, 0.29)
336.92: (-0.73, -0.62, 0.30)
336.92: (-0.50, -0.86, 0.06): 1
336.92: (-0.73, -0.62, 0.30)
337.04: (-0.73, -0.62, 0.30)
337.14: (-0.73, -0.62, 0.30)
337.25: (-0.74, -0.65, 0.15)
337.37: (-0.56, -0.82, -0.08)
337.45: (-0.52, -0.85, -0.09)
337.45: (-0.09, 0.37, 0.92): 2
337.49: (-0.52, -0.85, -0.09)
337.60: (-0.52, -0.85, -0.08)
337.72: (-0.54, -0.84, -0.05)
337.84: (-0.60, -0.80, 0.02)
337.94: (-0.64, -0.75, 0.18)
338.05: (-0.64, -0.74, 0.18)
338.15: (-0.64, -0.74, 0.18)
338.25: (-0.25, -0.74, 0.63)
338.37: (0.16, -0.35, 0.92)
338.49: (0.15, -0.35, 0.93)
338.60: (0.38, -0.16, 0.91)
338.70: (0.75, 0.53, 0.40)
338.82: (0.68, 0.49, 0.55)
338.92: (0.68, 0.49, 0.55)
339.02: (0.55, 0.61, 0.57)
339.14: (-0.26, 0.73, 0.63)
339.25: (-0.32, 0.39, 0.86)
339.37: (-0.08, 0.38, 0.92)
339.47: (0.02, 0.40, 0.91)
339.47: (-0.96, 0.13, -0.24): 0
339.47: (0.02, 0.40, 0.91)
339.59: (0.01, 0.40, 0.92)
339.70: (0.08, 0.45, 0.89)
339.82: (0.08, 0.45, 0.89)
339.94: (0.12, 0.44, 0.89)
340.04: (0.25, 0.61, 0.75)
340.14: (0.25, 0.96, 0.14)
340.25: (-0.15, 0.74, -0.65)
340.37: (-0.15, 0.76, -0.63)
340.49: (-0.16, 0.75, -0.65)
340.59: (-0.35, 0.28, -0.89)
340.70: (-0.34, -0.50, -0.79)
340.82: (-0.34, -0.51, -0.79)
340.94: (-0.14, -0.37, -0.92)
341.05: (0.35, -0.03, -0.94)
341.17: (0.48, 0.09, -0.87)
341.29: (0.59, 0.26, -0.76)
341.40: (0.53, 0.55, -0.64)
341.52: (0.08, 0.95, -0.29)
341.64: (-0.38, 0.76, -0.52)
341.75: (-0.95, 0.17, -0.27)
341.85: (-0.95, 0.06, 0.29)
341.97: (-0.89, 0.03, 0.45)
342.09: (-0.98, 0.15, -0.15)
342.20: (-0.97, 0.19, -0.15)
342.25: (-0.97, 0.19, -0.15)
342.25: (0.69, -0.68, -0.23): 0
342.30: (-0.97, 0.19, -0.15)
342.40: (-0.97, 0.20, -0.15)
342.52: (-0.95, 0.17, -0.27)
342.64: (-0.95, 0.17, -0.27)
342.74: (-0.95, 0.17, -0.27)
342.85: (-0.84, 0.30, -0.44)
342.97: (-0.26, 0.31, -0.91)
343.09: (0.38, 0.00, -0.92)
343.20: (0.36, -0.04, -0.93)
343.32: (0.38, -0.03, -0.93)
343.43: (0.78, -0.30, -0.55)
343.53: (0.86, -0.51, 0.04)
343.64: (0.85, -0.52, -0.09)
343.74: (0.84, -0.51, -0.18)
343.85: (0.76, -0.63, -0.17)
343.90: (0.74, -0.64, -0.18)
343.90: (0.90, 0.22, -0.38): 1
343.97: (0.74, -0.64, -0.19)
344.09: (0.75, -0.62, -0.22)
344.20: (0.76, -0.55, -0.34)
344.30: (0.71, -0.58, -0.40)
344.42: (0.58, -0.40, -0.71)
344.53: (0.53, 0.23, -0.81)
344.64: (0.59, 0.43, -0.68)
344.75: (0.58, 0.61, -0.53)
344.87: (0.86, 0.26, -0.44)
344.98: (0.90, 0.15, -0.40)
344.98: (-0.87, -0.50, 0.05): 0
344.98: (0.90, 0.15, -0.40)
345.08: (0.90, 0.15, -0.40)
345.20: (0.89, 0.13, -0.44)
345.32: (0.83, -0.09, -0.55)
345.43: (0.80, -0.16, -0.57)
345.55: (0.71, -0.62, -0.34)
345.67: (0.24, -0.83, 0.50)
345.78: (0.00, -0.73, 0.68)
345.88: (0.00, -0.73, 0.68)
346.00: (-0.29, -0.54, 0.79)
346.12: (-0.77, -0.19, 0.60)
346.22: (-0.91, 0.01, 0.42)
346.33: (-0.96, 0.23, 0.15)
346.45: (-0.92, -0.33, 0.21)
346.57: (-0.81, -0.55, 0.19)
346.68: (-0.82, -0.54, 0.19)
346.68: (-0.97, 0.06, 0.25): 2
346.68: (-0.82, -0.54, 0.19)
346.78: (-0.83, -0.54, 0.17)
346.90: (-0.83, -0.53, 0.17)
347.02: (-0.74, -0.57, 0.37)
347.12: (-0.88, -0.07, 0.46)
347.22: (-0.93, 0.14, 0.34)
347.32: (-0.96, 0.08, 0.25)
347.37: (-0.97, 0.05, 0.23)
347.37: (-0.98, 0.17, -0.01): 1
347.43: (-0.97, 0.04, 0.23)
347.55: (-0.97, 0.04, 0.23)
347.67: (-0.97, 0.04, 0.24)
347.78: (-0.98, 0.17, 0.03)
347.87: (-0.98, 0.18, -0.06)
347.87: (0.05, -0.76, 0.64): 1
347.90: (-0.98, 0.18, -0.06)
348.00: (-0.98, 0.18, -0.05)
348.12: (-0.99, 0.17, 0.04)
348.23: (-0.99, 0.13, -0.02)
348.35: (-0.81, -0.41, 0.43)
348.47: (-0.28, -0.51, 0.81)
348.57: (-0.21, -0.36, 0.91)
348.68: (-0.06, -0.61, 0.79)
348.80: (0.09, -0.78, 0.62)
348.87: (0.08, -0.79, 0.60)
348.87: (-1.00, -0.06, -0.06): 1
348.92: (0.08, -0.79, 0.60)
349.03: (0.03, -0.79, 0.61)
349.13: (0.03, -0.79, 0.61)
349.25: (0.06, -0.78, 0.63)
349.37: (-0.28, -0.63, 0.72)
349.48: (-0.69, -0.17, 0.71)
349.58: (-0.81, 0.17, 0.57)
349.70: (-0.84, 0.54, 0.10)
349.82: (-0.87, 0.50, -0.01)
349.92: (-0.87, 0.50, -0.01)
350.03: (-0.94, 0.34, 0.00)
350.15: (-0.98, -0.09, -0.16)
350.25: (-0.98, -0.12, -0.16)
350.37: (-0.99, -0.03, -0.10)
350.42: (-1.00, -0.02, -0.08)
350.42: (0.99, 0.11, 0.11): 1
350.48: (-1.00, -0.02, -0.09)
350.58: (-0.99, 0.02, -0.14)
350.70: (-0.99, 0.02, -0.14)
350.82: (-0.99, 0.05, -0.12)
350.93: (-0.99, -0.03, -0.13)
351.05: (-0.96, -0.26, -0.11)
351.17: (-0.92, -0.35, -0.17)
351.28: (-0.79, -0.30, -0.54)
351.40: (0.00, 0.50, -0.86)
351.50: (-0.03, 0.52, -0.85)
351.62: (-0.03, 0.52, -0.85)
351.72: (0.11, 0.68, -0.72)
351.83: (0.63, 0.77, 0.12)
351.95: (0.59, 0.80, 0.04)
352.05: (0.58, 0.81, 0.04)
352.17: (0.46, 0.81, 0.36)
352.28: (0.19, 0.82, 0.54)
352.40: (-0.05, 0.78, 0.62)
352.52: (-0.32, 0.70, 0.64)
352.63: (-0.58, 0.56, 0.60)
352.75: (-0.80, 0.32, 0.50)
352.85: (-0.80, 0.19, 0.57)
352.97: (-0.10, 0.04, 0.99)
353.08: (0.49, 0.32, 0.81)
353.20: (0.82, 0.30, 0.49)
353.30: (0.96, -0.04, 0.27)
353.42: (0.96, 0.00, 0.27)
353.53: (0.96, 0.00, 0.27)
353.65: (0.99, 0.11, 0.12)
353.68: (0.99, 0.13, 0.11)
353.68: (0.10, -0.60, -0.79): 2
353.77: (0.99, 0.13, 0.11)
353.87: (0.99, 0.13, 0.11)
353.98: (0.99, 0.13, 0.11)
354.10: (0.99, 0.11, 0.11)
354.20: (0.96, -0.28, -0.01)
354.32: (0.49, -0.83, -0.26)
354.43: (0.49, -0.83, -0.26)
354.55: (0.30, -0.91, -0.29)
354.67: (0.04, -0.83, -0.55)
354.78: (0.15, -0.60, -0.79)
354.88: (0.20, -0.60, -0.77)
354.88: (-0.77, -0.34, -0.55): 0
354.90: (0.20, -0.60, -0.77)
355.00: (0.20, -0.61, -0.77)
355.12: (0.17, -0.59, -0.79)
355.23: (0.17, -0.58, -0.79)
355.33: (0.12, -0.60, -0.79)
355.45: (-0.46, -0.51, -0.73)
355.57: (-0.92, -0.29, -0.26)
355.67: (-0.94, -0.26, -0.22)
355.78: (-0.93, -0.28, -0.25)
355.90: (-0.81, -0.35, -0.48)
355.98: (-0.77, -0.37, -0.51)
355.98: (-1.00, -0.07, -0.05): 1
356.02: (-0.77, -0.37, -0.51)
356.12: (-0.77, -0.37, -0.51)
356.23: (-0.78, -0.37, -0.51)
356.35: (-0.97, -0.18, -0.15)
356.45: (-0.99, -0.15, -0.02)
356.48: (-0.99, -0.14, -0.03)
356.48: (0.85, 0.48, 0.22): 2
356.57: (-0.99, -0.14, -0.03)
356.68: (-0.99, -0.04, -0.10)
356.80: (-0.98, 0.18, 0.09)
356.90: (-0.98, 0.17, 0.07)
357.02: (-1.00, 0.05, 0.08)
357.12: (-0.89, -0.43, 0.14)
357.23: (-0.85, -0.02, 0.52)
357.35: (-0.35, 0.75, 0.56)
357.45: (-0.38, 0.74, 0.55)
357.57: (-0.38, 0.74, 0.55)
357.68: (0.03, 0.79, 0.61)
357.80: (0.57, 0.66, 0.50)
357.92: (0.26, 0.74, 0.62)
358.02: (0.34, 0.72, 0.60)
358.13: (0.72, 0.58, 0.38)
358.23: (0.79, 0.53, 0.31)
358.35: (0.81, 0.51, 0.30)
358.40: (0.82, 0.49, 0.28)
358.40: (1.00, 0.08, 0.03): 1
358.47: (0.82, 0.49, 0.28)
358.58: (0.79, 0.53, 0.29)
358.70: (0.79, 0.53, 0.29)
358.80: (0.94, 0.27, 0.20)
358.92: (1.00, 0.02, 0.04)
358.97: (1.00, 0.02, 0.04)
358.97: (-0.29, 0.93, 0.22): 0
359.03: (1.00, 0.03, 0.03)
359.13: (1.00, 0.04, 0.03)
359.25: (0.98, 0.21, -0.04)
359.37: (0.87, 0.46, 0.15)
359.48: (0.24, 0.83, 0.51)
359.58: (-0.40, 0.64, 0.66)
359.70: (-0.44, 0.66, 0.61)
359.82: (-0.30, 0.90, 0.32)
359.92: (-0.30, 0.93, 0.23)
359.92: (0.94, 0.11, 0.33): 2
359.92: (-0.30, 0.93, 0.23)
360.03: (-0.31, 0.92, 0.24)
360.13: (-0.28, 0.94, 0.21)
360.25: (-0.28, 0.94, 0.21)
360.37: (-0.12, 0.92, 0.38)
360.48: (0.41, 0.77, 0.48)
360.58: (0.92, 0.35, 0.19)
360.70: (0.94, 0.31, 0.12)
360.80: (0.94, 0.31, 0.12)
360.90: (0.98, 0.17, 0.14)
361.01: (0.96, 0.02, 0.27)
361.01: (1.00, -0.07, -0.01): 0
361.01: (0.96, 0.02, 0.27)
361.13: (0.96, 0.03, 0.28)
361.25: (0.89, 0.18, 0.41)
361.37: (0.99, 0.00, 0.15)
361.48: (0.99, -0.14, -0.03)
361.48: (0.85, 0.42, -0.33): 0
361.48: (0.99, -0.14, -0.03)
361.60: (0.99, -0.13, -0.03)
361.71: (0.99, 0.15, 0.05)
361.83: (0.98, 0.21, -0.06)
361.95: (0.92, 0.23, -0.32)
362.03: (0.88, 0.29, -0.37)
362.03: (0.17, 0.05, -0.98): 0
362.06: (0.88, 0.30, -0.38)
362.18: (0.82, 0.43, -0.39)
362.30: (0.81, 0.46, -0.36)
362.41: (0.79, 0.46, -0.41)
362.51: (0.50, 0.24, -0.83)
362.63: (0.27, 0.21, -0.94)
362.75: (0.20, 0.18, -0.96)
362.87: (0.16, 0.10, -0.98)
362.87: (0.16, -0.75, -0.65): 1
362.87: (0.16, 0.10, -0.98)
362.98: (0.17, 0.13, -0.98)
363.10: (0.29, 0.37, -0.88)
363.21: (0.43, 0.49, -0.76)
363.33: (0.41, 0.32, -0.85)
363.45: (-0.14, -0.37, -0.92)
363.56: (-0.07, -0.29, -0.96)
363.68: (-0.06, -0.30, -0.95)
363.80: (0.11, -0.66, -0.74)
363.91: (0.16, -0.74, -0.65)
363.91: (-0.96, -0.08, -0.26): 0
363.91: (0.16, -0.74, -0.65)
364.01: (0.16, -0.74, -0.65)
364.13: (0.02, -0.64, -0.77)
364.25: (-0.26, -0.37, -0.89)
364.36: (-0.51, -0.53, -0.68)
364.46: (-0.72, -0.69, -0.10)
364.58: (-0.72, -0.68, -0.14)
364.70: (-0.68, -0.73, -0.10)
364.81: (-0.24, -0.97, -0.02)
364.91: (0.02, -1.00, -0.08)
365.03: (0.14, -0.98, -0.17)
365.15: (0.34, -0.82, -0.45)
365.26: (0.67, -0.64, -0.38)
365.38: (0.80, -0.56, -0.20)
365.50: (0.07, -0.90, -0.44)
365.61: (-0.66, -0.68, -0.31)
365.73: (-0.79, -0.59, 0.18)
365.83: (-0.03, -0.42, 0.91)
365.95: (0.07, -0.39, 0.92)
366.06: (-0.04, -0.44, 0.90)
366.18: (-0.83, -0.48, 0.28)
366.30: (-0.94, -0.34, -0.09)
366.41: (-0.93, -0.34, -0.16)
366.51: (-0.95, -0.16, -0.26)
366.58: (-0.93, -0.10, -0.35)
366.58: (-0.88, 0.01, 0.47): 0
366.63: (-0.94, -0.09, -0.34)
366.75: (-0.97, -0.11, -0.21)
366.85: (-0.97, -0.11, -0.21)
366.95: (-0.97, -0.20, -0.11)
367.06: (-0.82, -0.12, 0.56)
367.18: (-0.84, -0.02, 0.54)
367.30: (-0.86, 0.01, 0.51)
367.30: (-0.82, -0.29, 0.50): 0
367.30: (-0.86, 0.01, 0.51)
367.41: (-0.86, 0.01, 0.50)
367.51: (-0.88, -0.05, 0.47)
367.63: (-0.88, -0.05, 0.47)
367.75: (-0.83, -0.25, 0.49)
367.83: (-0.83, -0.26, 0.49)
367.83: (-0.86, -0.05, -0.51): 1
367.86: (-0.83, -0.26, 0.48)
367.98: (-0.84, -0.26, 0.48)
368.10: (-0.85, -0.31, 0.43)
368.21: (-0.89, -0.35, 0.31)
368.31: (-0.85, -0.05, -0.52)
368.43: (0.01, 0.27, -0.96)
368.55: (-0.21, 0.29, -0.93)
368.66: (-0.73, 0.10, -0.68)
368.76: (-0.80, 0.04, -0.59)
368.88: (-0.82, 0.04, -0.58)
369.00: (-0.86, -0.02, -0.51)
369.00: (0.87, 0.37, 0.33): 2
369.00: (-0.86, -0.02, -0.51)
369.11: (-0.91, -0.04, -0.42)
369.23: (-0.91, -0.04, -0.41)
369.35: (-0.91, -0.04, -0.41)
369.46: (-0.91, -0.05, -0.40)
369.58: (-0.83, 0.21, -0.51)
369.68: (-0.16, 0.41, -0.90)
369.80: (0.70, 0.35, -0.62)
369.91: (0.75, 0.43, -0.50)
370.01: (0.75, 0.43, -0.50)
370.13: (0.75, 0.43, -0.50)
370.25: (0.91, 0.40, -0.11)
370.36: (0.90, 0.34, 0.29)
370.48: (0.88, 0.37, 0.30)
370.55: (0.87, 0.38, 0.30)
370.55: (0.94, 0.22, 0.26): 0
370.58: (0.87, 0.39, 0.30)
370.70: (0.87, 0.39, 0.30)
370.81: (0.90, 0.33, 0.29)
370.90: (0.94, 0.23, 0.24)
370.90: (-0.50, 0.27, -0.82): 0
370.93: (0.94, 0.23, 0.24)
371.05: (0.95, 0.22, 0.24)
371.16: (0.95, 0.20, 0.24)
371.28: (0.96, 0.20, 0.19)
371.40: (0.49, 0.62, -0.61)
371.50: (0.29, 0.56, -0.78)
371.61: (0.32, 0.53, -0.78)
371.73: (-0.09, 0.27, -0.96)
371.85: (-0.60, 0.16, -0.78)
371.95: (-0.57, 0.29, -0.77)
372.00: (-0.56, 0.31, -0.77)
END