3/30/2023 3:58:36 PM
Mode: Stereo
White time (s): [0.4664917, 1.466736, 6.515564, 2.899658, 1.466064, 3.633057, 1.566406, 1.032837, 0.4500732, 2.932495, 2.399658, 1.099487, 0.5665283, 1.549683, 4.148926, 7.631958, 2.466309, 1.599731, 1.800049, 2.715942, 0.4499512, 1.716553, 2.499634, 1.966553, 6.765015, 0.6503906, 5.08252, 2.832642, 1.516357, 4.665771]
Shot time (s): [1.316223, 0.333252, 0.5161743, 8.164795, 1.583374, 8.81488, 3.06604, 1.199768, 1.499756, 5.415649, 4.832092, 2.716187, 0.8831787, 1.532837, 1.966309, 1.599976, 0.4997559, 2.666016, 1.83313, 2.249756, 1.349976, 1.832886, 1.815796, 6.765259, 2.749268, 7.248047, 6.065552, 9.19812, 0.3334961, 1.482666]
Step time (s): [1.816406, 1.866211, 1.916687, 1.166443, 4.798889, 1.766235, 0.6334229, 1.49939, 1.083008, 1.966553, 1.25, 0.8664551, 0.8000488, 1.065918, 2.049561, 3.182373, 0.8499756, 6.898682, 2.449829, 2.015991, 1.549927, 4.082642, 6.048584, 5.266113, 0.7164307, 1.349243, 10.36462, 0.4833984, 1.666138, 2.966553]
White horz (deg): [41.03997, 111.0074, 657.6369, 318.3446, 235.6948, 450.5847, 175.8449, 30.92248, 25.79248, 477.5171, 183.5399, 76.66493, 12.39749, 170.8574, 478.3721, 961.3041, 283.7172, 143.9249, 138.3673, 237.8323, 10.25999, 130.9574, 239.1148, 195.0824, 595.3642, 38.18997, 525.8245, 445.7396, 148.6274, 651.082]
Shot horz (deg): [134.9474, 6.412496, 26.78998, 765.2249, 124.9724, 1070.316, 186.5323, 112.7174, 163.0199, 774.202, 644.9545, 324.3297, 98.18245, 141.2174, 189.3823, 184.2523, 20.09249, 313.7848, 170.5723, 200.2123, 156.1799, 272.8873, 111.0074, 542.9244, 230.4223, 920.8342, 753.5395, 1134.157, 9.689995, 164.3024]
Step horz (deg): [164.1599, 205.4848, 220.8748, 42.74997, 431.062, 133.9499, 15.38999, 182.9698, 122.8349, 142.3574, 109.7249, 35.48248, 41.32497, 57.56996, 186.8173, 264.0522, 42.17997, 474.382, 152.7598, 103.8824, 132.8099, 515.2794, 559.312, 656.9241, 10.54499, 132.6674, 1310.287, 27.21748, 109.1549, 285.9973]
White vert (deg): [8.264995, 58.42495, 462.982, 288.8471, 54.57744, 279.5848, 140.3624, 53.57996, 15.53249, 172.1398, 183.1124, 52.15496, 14.53499, 97.61242, 252.5096, 595.7919, 192.2323, 54.57746, 174.4198, 233.8423, 23.51249, 127.8224, 166.7249, 124.2599, 407.5491, 26.07749, 344.8495, 264.4798, 54.14996, 353.5421]
Shot vert (deg): [31.06498, 4.132497, 31.20748, 515.4223, 49.58994, 695.8268, 221.5873, 54.43494, 38.18996, 488.7745, 448.8743, 180.1198, 47.45246, 96.61492, 109.0124, 68.54243, 23.36999, 203.3473, 87.63743, 162.5924, 35.33997, 56.28746, 162.1649, 404.4145, 123.6899, 678.4418, 455.4296, 651.3667, 10.11749, 89.48991]
Step vert (deg): [37.33497, 59.42242, 26.78998, 38.90247, 295.1171, 60.70496, 49.01996, 67.40244, 21.94499, 81.36742, 57.14246, 20.09249, 14.67749, 13.82249, 96.75736, 174.7049, 20.51999, 612.1793, 115.5674, 120.5549, 85.2149, 275.8797, 479.227, 470.5345, 19.09499, 71.39242, 665.9019, 16.52999, 139.3649, 192.5173]

Time in sec: camera forward versor
Time in sec: target versor: sound type (0 = White, 1 = Shot, 2 = Step)
START
956.23: (0.99, -0.02, 0.10): 2
956.23: (-0.85, -0.37, -0.39)
956.35: (-0.83, -0.38, -0.41)
956.45: (-0.81, -0.39, -0.43)
956.56: (-0.72, -0.55, -0.43)
956.68: (-0.62, -0.64, -0.45)
956.80: (-0.61, -0.64, -0.47)
956.91: (-0.57, -0.66, -0.49)
957.01: (-0.30, -0.85, -0.42)
957.13: (0.13, -0.95, -0.28)
957.25: (0.62, -0.78, 0.06)
957.36: (0.80, -0.57, 0.20)
957.48: (0.90, -0.33, 0.27)
957.58: (0.94, -0.23, 0.26)
957.70: (0.96, -0.24, 0.16)
957.81: (0.96, -0.24, 0.12)
957.91: (0.97, -0.24, 0.11)
958.03: (0.97, 0.01, 0.23)
958.05: (0.98, 0.04, 0.21)
958.05: (-0.87, 0.26, -0.42): 2
958.15: (0.98, 0.05, 0.19)
958.26: (0.98, 0.03, 0.19)
958.38: (0.97, -0.15, 0.19)
958.50: (0.87, -0.43, 0.26)
958.61: (0.80, -0.55, 0.24)
958.71: (0.78, -0.58, 0.23)
958.83: (0.67, -0.72, 0.17)
958.95: (0.41, -0.91, 0.06)
959.06: (-0.01, -0.98, -0.18)
959.16: (-0.24, -0.94, -0.25)
959.28: (-0.42, -0.86, -0.28)
959.40: (-0.59, -0.69, -0.41)
959.51: (-0.77, -0.34, -0.53)
959.63: (-0.78, 0.23, -0.59)
959.75: (-0.76, 0.35, -0.54)
959.85: (-0.84, 0.25, -0.48)
959.91: (-0.86, 0.22, -0.46)
959.91: (0.72, 0.56, 0.41): 2
959.95: (-0.86, 0.22, -0.46)
960.06: (-0.85, 0.23, -0.47)
960.18: (-0.85, 0.22, -0.48)
960.30: (-0.83, 0.20, -0.52)
960.40: (-0.84, 0.14, -0.53)
960.51: (-0.74, -0.46, -0.49)
960.63: (-0.30, -0.93, -0.22)
960.75: (0.21, -0.98, 0.02)
960.85: (0.37, -0.92, 0.13)
960.96: (0.40, -0.90, 0.16)
961.08: (0.39, -0.91, 0.14)
961.18: (0.39, -0.91, 0.14)
961.30: (0.57, -0.75, 0.32)
961.41: (0.81, -0.27, 0.52)
961.51: (0.83, -0.03, 0.56)
961.63: (0.81, 0.20, 0.55)
961.75: (0.78, 0.39, 0.49)
961.83: (0.78, 0.42, 0.47)
961.83: (-0.60, -0.80, 0.07): 1
961.85: (0.78, 0.42, 0.46)
961.96: (0.78, 0.41, 0.46)
962.08: (0.80, 0.39, 0.45)
962.20: (0.83, 0.33, 0.45)
962.31: (0.85, -0.02, 0.52)
962.43: (0.69, -0.49, 0.53)
962.53: (0.36, -0.86, 0.37)
962.65: (0.17, -0.93, 0.31)
962.76: (-0.01, -0.96, 0.27)
962.88: (-0.20, -0.97, 0.17)
963.00: (-0.38, -0.92, 0.11)
963.11: (-0.48, -0.87, 0.08)
963.15: (-0.50, -0.86, 0.07)
963.15: (-0.26, -0.90, 0.36): 0
963.23: (-0.55, -0.84, 0.02)
963.35: (-0.56, -0.83, 0.02)
963.46: (-0.42, -0.89, 0.16)
963.58: (-0.15, -0.87, 0.46)
963.61: (-0.15, -0.87, 0.47)
963.61: (-0.14, -0.84, 0.52): 1
963.68: (-0.14, -0.87, 0.47)
963.80: (-0.18, -0.90, 0.40)
963.90: (-0.19, -0.91, 0.37)
963.95: (-0.19, -0.91, 0.38)
963.95: (0.87, 0.35, 0.33): 0
964.00: (-0.19, -0.90, 0.38)
964.11: (-0.13, -0.88, 0.46)
964.23: (-0.07, -0.82, 0.56)
964.33: (-0.07, -0.82, 0.57)
964.45: (0.06, -0.83, 0.55)
964.56: (0.06, -0.83, 0.55)
964.68: (0.06, -0.83, 0.55)
964.80: (0.06, -0.83, 0.55)
964.91: (0.29, -0.59, 0.75)
965.01: (0.65, -0.07, 0.76)
965.13: (0.70, 0.33, 0.64)
965.25: (0.74, 0.38, 0.55)
965.35: (0.91, 0.24, 0.33)
965.41: (0.93, 0.19, 0.31)
965.41: (0.92, 0.36, -0.15): 1
965.46: (0.93, 0.20, 0.31)
965.58: (0.91, 0.25, 0.33)
965.70: (0.83, 0.40, 0.38)
965.81: (0.84, 0.53, 0.10)
965.93: (0.90, 0.44, -0.07)
965.93: (0.56, 0.80, 0.23): 2
965.93: (0.90, 0.44, -0.07)
966.03: (0.90, 0.42, -0.08)
966.15: (0.90, 0.42, -0.08)
966.26: (0.89, 0.43, -0.13)
966.38: (0.86, 0.46, -0.22)
966.49: (0.76, 0.56, -0.32)
966.60: (0.73, 0.60, -0.33)
966.71: (0.70, 0.64, -0.33)
966.83: (0.57, 0.79, -0.25)
966.94: (0.55, 0.83, 0.10)
967.06: (0.54, 0.83, 0.12)
967.09: (0.54, 0.83, 0.12)
967.09: (0.85, -0.49, -0.20): 0
967.18: (0.54, 0.83, 0.12)
967.29: (0.55, 0.83, 0.12)
967.41: (0.63, 0.76, 0.15)
967.51: (0.68, 0.72, 0.17)
967.63: (0.72, 0.67, 0.20)
967.73: (0.77, 0.54, 0.33)
967.84: (0.79, 0.36, 0.50)
967.96: (0.73, 0.16, 0.67)
968.08: (0.57, -0.24, 0.79)
968.18: (0.37, -0.57, 0.73)
968.29: (0.15, -0.75, 0.64)
968.41: (0.02, -0.78, 0.62)
968.51: (-0.07, -0.79, 0.61)
968.63: (-0.20, -0.79, 0.59)
968.74: (-0.44, -0.78, 0.43)
968.86: (-0.64, -0.74, 0.20)
968.98: (-0.77, -0.63, -0.14)
969.09: (-0.71, -0.43, -0.56)
969.19: (-0.57, -0.27, -0.78)
969.31: (-0.39, -0.15, -0.91)
969.43: (-0.05, 0.14, -0.99)
969.53: (0.23, 0.35, -0.91)
969.64: (0.48, 0.54, -0.69)
969.76: (0.62, 0.64, -0.46)
969.88: (0.72, 0.68, -0.17)
969.98: (0.82, 0.56, 0.14)
970.08: (0.83, 0.41, 0.38)
970.19: (0.80, 0.13, 0.59)
970.31: (0.64, -0.33, 0.69)
970.43: (0.61, -0.45, 0.65)
970.54: (0.65, -0.42, 0.64)
970.66: (0.65, -0.42, 0.64)
970.78: (0.68, -0.34, 0.65)
970.89: (0.88, -0.17, 0.44)
970.99: (0.99, 0.14, 0.02)
971.11: (0.85, 0.40, -0.33)
971.23: (0.65, 0.53, -0.54)
971.33: (0.46, 0.57, -0.68)
971.44: (0.29, 0.57, -0.77)
971.56: (0.24, 0.74, -0.63)
971.68: (0.04, 0.92, -0.40)
971.79: (-0.12, 0.98, -0.15)
971.91: (-0.14, 0.99, -0.04)
972.03: (-0.13, 0.99, 0.06)
972.13: (-0.07, 0.99, 0.11)
972.24: (0.09, 0.98, 0.20)
972.36: (0.30, 0.82, 0.48)
972.48: (0.33, 0.73, 0.60)
972.59: (0.51, 0.61, 0.61)
972.71: (0.84, 0.54, 0.10)
972.83: (0.84, 0.19, -0.51)
972.94: (0.63, -0.14, -0.76)
973.06: (0.48, -0.27, -0.83)
973.18: (0.65, -0.31, -0.69)
973.28: (0.91, -0.30, -0.28)
973.39: (0.96, -0.27, -0.12)
973.49: (0.86, -0.47, -0.19)
973.61: (0.78, -0.57, -0.27)
973.61: (0.79, 0.56, 0.26): 2
973.61: (0.78, -0.57, -0.27)
973.73: (0.78, -0.57, -0.25)
973.84: (0.77, -0.60, -0.23)
973.96: (0.75, -0.64, -0.14)
974.08: (0.66, -0.75, 0.02)
974.18: (0.56, -0.82, 0.09)
974.29: (0.56, -0.82, 0.09)
974.41: (0.77, -0.63, -0.02)
974.53: (0.87, -0.01, -0.49)
974.64: (0.68, 0.45, -0.58)
974.74: (0.48, 0.71, -0.52)
974.86: (0.14, 0.90, -0.42)
974.98: (-0.29, 0.92, -0.25)
975.09: (-0.56, 0.82, -0.08)
975.21: (-0.73, 0.69, 0.04)
975.33: (-0.81, 0.54, 0.23)
975.43: (-0.84, 0.47, 0.27)
975.54: (-0.90, 0.29, 0.33)
975.66: (-0.92, 0.16, 0.37)
975.76: (-0.92, 0.27, 0.29)
975.88: (-0.78, 0.61, 0.09)
975.99: (-0.49, 0.87, -0.10)
976.11: (-0.16, 0.96, -0.21)
976.21: (0.13, 0.94, -0.31)
976.33: (0.43, 0.82, -0.36)
976.44: (0.57, 0.70, -0.43)
976.56: (0.66, 0.42, -0.63)
976.66: (0.57, 0.18, -0.81)
976.76: (0.37, 0.01, -0.93)
976.88: (0.19, -0.10, -0.98)
976.99: (0.00, -0.18, -0.98)
977.09: (-0.09, -0.27, -0.96)
977.21: (-0.22, -0.37, -0.90)
977.33: (-0.28, -0.41, -0.87)
977.44: (-0.23, -0.35, -0.91)
977.56: (0.17, -0.02, -0.99)
977.66: (0.52, 0.26, -0.81)
977.78: (0.69, 0.40, -0.60)
977.88: (0.78, 0.49, -0.40)
977.99: (0.83, 0.51, -0.24)
978.11: (0.87, 0.47, -0.16)
978.21: (0.88, 0.47, -0.07)
978.33: (0.83, 0.54, 0.13)
978.41: (0.81, 0.56, 0.20)
978.41: (-0.29, -0.45, 0.84): 1
978.44: (0.80, 0.56, 0.20)
978.56: (0.81, 0.56, 0.18)
978.68: (0.82, 0.56, 0.15)
978.78: (0.82, 0.56, 0.12)
978.89: (0.83, 0.56, 0.09)
978.99: (0.89, 0.46, 0.02)
979.11: (0.99, 0.13, -0.02)
979.23: (0.95, -0.33, 0.01)
979.34: (0.61, -0.79, -0.04)
979.46: (0.46, -0.88, -0.11)
979.58: (0.19, -0.97, -0.14)
979.68: (-0.05, -1.00, -0.08)
979.79: (-0.46, -0.89, -0.03)
979.91: (-0.80, -0.60, -0.07)
980.01: (-0.89, -0.43, -0.17)
980.13: (-0.90, -0.39, -0.20)
980.23: (-0.90, -0.39, -0.20)
980.34: (-0.92, -0.35, -0.20)
980.46: (-0.97, 0.22, -0.09)
980.58: (-0.54, 0.82, 0.20)
980.69: (-0.12, 0.91, 0.40)
980.81: (0.00, 0.88, 0.48)
980.91: (0.07, 0.85, 0.52)
981.03: (0.29, 0.80, 0.53)
981.14: (0.40, 0.77, 0.50)
981.26: (0.40, 0.81, 0.44)
981.38: (0.18, 0.97, -0.16)
981.48: (0.12, 0.88, -0.46)
981.59: (0.10, 0.78, -0.62)
981.71: (0.01, 0.66, -0.75)
981.83: (0.07, 0.71, -0.70)
981.94: (0.41, 0.76, -0.50)
982.04: (0.85, 0.48, -0.22)
982.16: (0.91, 0.40, -0.13)
982.28: (0.91, 0.40, -0.13)
982.39: (0.91, 0.41, -0.09)
982.51: (1.00, 0.05, 0.06)
982.61: (0.87, -0.44, 0.24)
982.73: (0.62, -0.72, 0.31)
982.83: (0.50, -0.81, 0.31)
982.94: (-0.10, -0.94, 0.32)
983.06: (-0.38, -0.90, 0.21)
983.17: (-0.54, -0.83, 0.17)
983.28: (-0.69, -0.72, 0.10)
983.39: (-0.81, -0.58, 0.02)
983.51: (-0.87, -0.48, -0.05)
983.61: (-0.90, -0.42, -0.07)
983.71: (-0.93, -0.36, -0.07)
983.83: (-0.96, -0.28, -0.07)
983.94: (-0.98, -0.19, -0.10)
984.06: (-0.99, -0.02, -0.14)
984.17: (-0.98, 0.13, -0.13)
984.29: (-0.96, 0.23, -0.18)
984.41: (-0.88, 0.42, -0.22)
984.51: (-0.77, 0.60, -0.23)
984.61: (-0.64, 0.74, -0.22)
984.72: (-0.57, 0.80, -0.20)
984.84: (-0.56, 0.80, -0.21)
984.96: (-0.47, 0.56, -0.68)
985.07: (-0.25, 0.00, -0.97)
985.19: (0.01, -0.24, -0.97)
985.31: (-0.13, -0.15, -0.98)
985.42: (-0.60, 0.31, -0.73)
985.54: (-0.76, 0.62, -0.22)
985.64: (-0.70, 0.70, 0.14)
985.76: (-0.58, 0.69, 0.43)
985.87: (-0.47, 0.63, 0.62)
985.97: (-0.42, 0.53, 0.74)
986.09: (-0.34, 0.38, 0.86)
986.21: (-0.25, 0.22, 0.94)
986.32: (-0.27, -0.20, 0.94)
986.44: (-0.35, -0.46, 0.82)
986.56: (-0.34, -0.51, 0.79)
986.57: (-0.34, -0.51, 0.79)
986.57: (-0.07, 0.02, -1.00): 1
986.66: (-0.34, -0.51, 0.79)
986.76: (-0.36, -0.50, 0.78)
986.87: (-0.43, -0.51, 0.74)
986.99: (-0.56, -0.61, 0.56)
987.11: (-0.62, -0.72, 0.32)
987.21: (-0.64, -0.76, 0.10)
987.32: (-0.63, -0.76, -0.14)
987.44: (-0.64, -0.62, -0.45)
987.56: (-0.65, -0.50, -0.57)
987.66: (-0.63, -0.44, -0.64)
987.76: (-0.59, -0.38, -0.71)
987.87: (-0.53, -0.30, -0.79)
987.99: (-0.29, -0.10, -0.95)
988.11: (-0.18, -0.10, -0.98)
988.16: (-0.18, -0.11, -0.98)
988.16: (-0.16, 0.45, 0.88): 1
988.22: (-0.18, -0.11, -0.98)
988.32: (-0.17, -0.09, -0.98)
988.44: (-0.12, -0.02, -0.99)
988.56: (-0.02, 0.14, -0.99)
988.67: (0.24, 0.30, -0.92)
988.79: (0.32, 0.33, -0.89)
988.91: (-0.05, 0.19, -0.98)
989.01: (-0.59, -0.06, -0.80)
989.11: (-0.87, -0.25, -0.43)
989.22: (-0.92, -0.36, 0.14)
989.34: (-0.73, -0.43, 0.54)
989.46: (-0.71, -0.44, 0.55)
989.57: (-0.71, -0.44, 0.55)
989.67: (-0.75, -0.44, 0.49)
989.79: (-0.16, -0.30, 0.94)
989.89: (0.37, -0.07, 0.92)
990.01: (0.74, 0.14, 0.65)
990.12: (0.89, 0.27, 0.36)
990.24: (0.93, 0.35, 0.13)
990.36: (0.92, 0.38, 0.05)
990.47: (0.87, 0.46, -0.20)
990.59: (0.59, 0.47, -0.66)
990.69: (0.41, 0.43, -0.80)
990.81: (0.25, 0.36, -0.90)
990.92: (0.01, 0.20, -0.98)
991.02: (-0.10, 0.10, -0.99)
991.14: (-0.09, 0.09, -0.99)
991.24: (-0.09, 0.09, -0.99)
991.36: (-0.22, -0.02, -0.97)
991.47: (-0.61, 0.02, -0.79)
991.59: (-0.70, 0.59, -0.41)
991.71: (-0.43, 0.90, 0.10)
991.82: (-0.35, 0.91, 0.22)
991.92: (-0.47, 0.82, 0.33)
992.04: (-0.84, 0.33, 0.43)
992.14: (-0.93, -0.19, 0.33)
992.26: (-0.70, -0.70, 0.15)
992.37: (-0.43, -0.90, -0.03)
992.49: (-0.27, -0.93, -0.26)
992.59: (-0.13, -0.71, -0.70)
992.71: (-0.09, -0.32, -0.94)
992.81: (-0.04, -0.05, -1.00)
992.91: (-0.05, -0.01, -1.00)
993.01: (-0.05, -0.01, -1.00)
993.12: (-0.05, -0.01, -1.00)
993.24: (0.07, 0.03, -1.00)
993.36: (0.44, 0.17, -0.88)
993.47: (0.84, 0.19, -0.51)
993.57: (0.93, 0.18, -0.31)
993.67: (0.98, 0.14, -0.16)
993.79: (0.99, -0.16, 0.06)
993.91: (0.73, -0.61, 0.31)
994.02: (0.33, -0.86, 0.38)
994.14: (-0.09, -0.93, 0.36)
994.24: (-0.42, -0.84, 0.35)
994.34: (-0.41, -0.77, 0.49)
994.46: (-0.51, -0.65, 0.57)
994.57: (-0.82, -0.37, 0.44)
994.69: (-1.00, 0.01, 0.06)
994.79: (-1.00, 0.02, -0.02)
994.91: (-1.00, 0.02, -0.02)
995.01: (-1.00, 0.01, -0.02)
995.12: (-0.89, 0.23, -0.39)
995.24: (-0.47, 0.62, -0.62)
995.36: (-0.11, 0.81, -0.58)
995.47: (0.19, 0.91, -0.37)
995.59: (0.50, 0.81, -0.30)
995.71: (0.70, 0.65, -0.29)
995.82: (0.89, 0.35, -0.28)
995.92: (0.95, 0.17, -0.27)
996.04: (0.99, -0.06, -0.14)
996.16: (0.95, -0.29, 0.13)
996.26: (0.88, -0.28, 0.38)
996.37: (0.64, -0.16, 0.75)
996.49: (0.32, 0.23, 0.92)
996.59: (0.29, 0.45, 0.85)
996.71: (0.19, 0.62, 0.76)
996.81: (-0.03, 0.60, 0.80)
996.92: (-0.22, 0.40, 0.89)
996.97: (-0.23, 0.38, 0.90)
996.97: (-0.92, -0.31, 0.24): 2
997.04: (-0.23, 0.38, 0.90)
997.16: (-0.22, 0.38, 0.90)
997.27: (-0.12, 0.46, 0.88)
997.39: (-0.01, 0.55, 0.84)
997.49: (-0.01, 0.55, 0.84)
997.61: (-0.03, 0.56, 0.83)
997.72: (-0.02, 0.60, 0.80)
997.82: (-0.09, 0.60, 0.79)
997.94: (-0.28, 0.57, 0.77)
998.06: (-0.50, 0.53, 0.68)
998.17: (-0.78, 0.33, 0.54)
998.29: (-0.95, 0.16, 0.25)
998.41: (-1.00, 0.00, -0.01)
998.52: (-0.98, -0.17, -0.10)
998.62: (-0.92, -0.33, 0.21)
998.74: (-0.87, -0.32, 0.38)
998.74: (0.93, -0.01, 0.37): 1
998.74: (-0.87, -0.32, 0.38)
998.84: (-0.87, -0.32, 0.38)
998.96: (-0.89, -0.31, 0.34)
999.07: (-0.89, -0.31, 0.34)
999.17: (-0.89, -0.31, 0.34)
999.29: (-0.89, -0.31, 0.34)
999.41: (-0.89, -0.31, 0.34)
999.52: (-0.91, -0.24, 0.35)
999.64: (-0.92, -0.06, 0.39)
999.75: (-0.80, 0.41, 0.43)
999.87: (-0.51, 0.81, 0.28)
999.97: (-0.30, 0.95, 0.13)
1000.09: (-0.13, 0.99, 0.03)
1000.19: (0.01, 1.00, -0.04)
1000.31: (0.09, 0.99, -0.05)
1000.42: (0.37, 0.93, 0.01)
1000.54: (0.56, 0.82, 0.12)
1000.64: (0.49, 0.79, 0.36)
1000.76: (0.40, 0.70, 0.59)
1000.87: (0.29, 0.58, 0.76)
1000.99: (0.03, 0.51, 0.86)
1001.11: (-0.13, 0.46, 0.88)
1001.21: (-0.03, 0.49, 0.87)
1001.32: (0.37, 0.59, 0.72)
1001.44: (0.72, 0.45, 0.53)
1001.56: (0.77, 0.40, 0.50)
1001.67: (0.82, 0.30, 0.48)
1001.79: (0.93, -0.05, 0.38)
1001.81: (0.93, -0.05, 0.37)
1001.81: (0.99, 0.04, -0.10): 2
1001.91: (0.93, -0.05, 0.37)
1002.01: (0.92, -0.05, 0.39)
1002.12: (0.89, 0.02, 0.46)
1002.22: (0.95, 0.09, 0.29)
1002.32: (0.99, 0.11, -0.03)
1002.44: (0.96, 0.05, -0.28)
1002.44: (-0.31, -0.88, -0.36): 2
1002.44: (0.96, 0.05, -0.28)
1002.56: (0.96, 0.05, -0.26)
1002.67: (1.00, -0.01, -0.07)
1002.79: (1.00, -0.01, -0.01)
1002.89: (0.99, -0.11, 0.04)
1002.99: (0.79, -0.61, 0.06)
1003.10: (0.62, -0.77, 0.13)
1003.22: (0.62, -0.77, 0.13)
1003.32: (0.58, -0.80, 0.14)
1003.44: (-0.17, -0.98, 0.03)
1003.55: (-0.65, -0.76, -0.06)
1003.65: (-0.80, -0.60, 0.01)
1003.77: (-0.53, -0.84, -0.15)
1003.89: (-0.26, -0.92, -0.29)
1003.94: (-0.24, -0.92, -0.30)
1003.94: (-0.99, 0.12, 0.00): 1
1004.00: (-0.24, -0.92, -0.31)
1004.10: (-0.26, -0.92, -0.30)
1004.22: (-0.24, -0.94, -0.24)
1004.34: (-0.10, -0.93, -0.35)
1004.44: (0.01, -0.90, -0.44)
1004.55: (-0.36, -0.67, -0.65)
1004.67: (-0.87, -0.18, -0.45)
1004.79: (-0.96, -0.07, -0.27)
1004.89: (-1.00, 0.04, -0.04)
1005.00: (-1.00, 0.06, 0.04)
1005.12: (-1.00, 0.05, -0.03)
1005.14: (-1.00, 0.05, -0.03)
1005.14: (-0.62, 0.66, 0.43): 2
1005.22: (-1.00, 0.05, -0.03)
1005.34: (-0.99, 0.13, 0.05)
1005.45: (-0.96, 0.21, 0.21)
1005.57: (-0.96, 0.21, 0.21)
1005.69: (-0.94, 0.25, 0.22)
1005.80: (-0.26, 0.85, 0.46)
1005.92: (-0.09, 0.88, 0.46)
1006.04: (-0.40, 0.77, 0.50)
1006.15: (-0.66, 0.61, 0.45)
1006.22: (-0.66, 0.61, 0.44)
1006.22: (-0.37, 0.77, -0.52): 0
1006.25: (-0.66, 0.61, 0.44)
1006.37: (-0.65, 0.62, 0.45)
1006.49: (-0.50, 0.72, 0.48)
1006.59: (-0.01, 0.86, 0.51)
1006.70: (0.33, 0.80, 0.50)
1006.82: (0.66, 0.56, 0.51)
1006.94: (0.76, 0.37, 0.53)
1007.05: (0.58, 0.43, 0.70)
1007.17: (0.27, 0.48, 0.83)
1007.27: (-0.20, 0.60, 0.78)
1007.37: (-0.43, 0.60, 0.68)
1007.49: (-0.63, 0.44, 0.63)
1007.60: (-0.80, 0.06, 0.60)
1007.72: (-0.70, -0.45, 0.56)
1007.84: (-0.48, -0.82, 0.32)
1007.95: (-0.42, -0.90, 0.10)
1008.05: (-0.55, -0.83, -0.14)
1008.17: (-0.74, -0.58, -0.33)
1008.29: (-0.96, -0.07, -0.25)
1008.40: (-0.90, 0.43, -0.04)
1008.50: (-0.67, 0.74, 0.06)
1008.62: (-0.45, 0.89, -0.03)
1008.72: (-0.46, 0.83, -0.32)
1008.84: (-0.51, 0.62, -0.59)
1008.94: (-0.51, 0.62, -0.59)
1009.04: (-0.49, 0.68, -0.54)
1009.12: (-0.44, 0.76, -0.48)
1009.12: (0.60, -0.79, 0.12): 1
1009.15: (-0.43, 0.77, -0.47)
1009.25: (-0.36, 0.81, -0.46)
1009.37: (-0.42, 0.81, -0.40)
1009.47: (-0.42, 0.81, -0.40)
1009.59: (-0.41, 0.82, -0.41)
1009.69: (0.11, 0.65, -0.75)
1009.80: (0.47, 0.28, -0.84)
1009.92: (0.60, 0.10, -0.80)
1010.04: (0.69, -0.26, -0.67)
1010.15: (0.70, -0.47, -0.54)
1010.27: (0.66, -0.69, -0.31)
1010.39: (0.59, -0.80, -0.09)
1010.49: (0.56, -0.83, -0.02)
1010.60: (0.61, -0.79, -0.04)
1010.62: (0.62, -0.79, -0.04)
1010.62: (0.67, 0.24, 0.70): 1
1010.72: (0.61, -0.79, -0.03)
1010.84: (0.60, -0.80, 0.08)
1010.95: (0.45, -0.84, 0.31)
1011.07: (0.11, -0.58, 0.81)
1011.17: (-0.13, -0.28, 0.95)
1011.29: (-0.13, -0.28, 0.95)
1011.40: (-0.13, -0.28, 0.95)
1011.52: (-0.34, 0.05, 0.94)
1011.62: (-0.59, 0.46, 0.66)
1011.74: (-0.67, 0.68, 0.29)
1011.85: (-0.67, 0.74, -0.02)
1011.95: (-0.67, 0.72, -0.20)
1012.07: (-0.56, 0.61, -0.56)
1012.19: (-0.46, 0.48, -0.75)
1012.30: (-0.41, 0.39, -0.82)
1012.42: (-0.19, 0.18, -0.97)
1012.54: (0.24, -0.24, -0.94)
1012.64: (0.30, -0.32, -0.90)
1012.75: (0.30, -0.30, -0.90)
1012.87: (-0.08, -0.47, -0.88)
1012.99: (-0.38, -0.93, 0.02)
1013.10: (-0.08, -0.93, 0.36)
1013.22: (0.59, -0.75, 0.30)
1013.34: (0.94, -0.33, -0.07)
1013.44: (0.81, -0.01, -0.59)
1013.54: (0.47, 0.43, -0.77)
1013.65: (0.45, 0.45, -0.77)
1013.77: (0.45, 0.45, -0.77)
1013.87: (0.35, 0.38, -0.86)
1013.99: (-0.07, 0.69, -0.72)
1014.10: (-0.34, 0.89, -0.30)
1014.22: (-0.45, 0.88, 0.14)
1014.34: (-0.42, 0.81, 0.41)
1014.44: (-0.55, 0.65, 0.53)
1014.55: (-0.79, 0.31, 0.52)
1014.67: (-0.89, 0.10, 0.44)
1014.77: (-0.92, -0.04, 0.39)
1014.87: (-0.40, -0.31, 0.86)
1014.99: (0.15, -0.36, 0.92)
1015.10: (0.15, -0.36, 0.92)
1015.22: (0.15, -0.36, 0.92)
1015.34: (0.68, -0.09, 0.73)
1015.45: (0.86, 0.49, 0.14)
1015.57: (0.67, 0.70, -0.24)
1015.69: (0.78, 0.59, 0.20)
1015.80: (0.69, 0.28, 0.67)
1015.92: (0.66, 0.22, 0.72)
1016.04: (0.66, 0.22, 0.72)
1016.04: (-1.00, 0.04, 0.04): 0
1016.04: (0.66, 0.22, 0.72)
1016.15: (0.66, 0.22, 0.72)
1016.27: (0.60, 0.29, 0.74)
1016.39: (0.17, 0.34, 0.93)
1016.50: (0.39, 0.42, 0.82)
1016.62: (0.62, 0.49, 0.61)
1016.74: (-0.21, 0.37, 0.91)
1016.84: (-0.85, 0.13, 0.50)
1016.95: (-0.99, -0.11, -0.13)
1017.07: (-0.98, -0.13, -0.15)
1017.19: (-0.98, -0.13, -0.15)
1017.30: (-0.99, -0.11, -0.10)
1017.42: (-1.00, 0.03, 0.00)
1017.50: (-1.00, 0.07, 0.04)
1017.50: (0.42, 0.08, 0.90): 0
1017.52: (-1.00, 0.07, 0.04)
1017.62: (-1.00, 0.07, 0.04)
1017.74: (-1.00, 0.04, -0.02)
1017.85: (-0.96, -0.11, -0.24)
1017.97: (-0.76, -0.24, -0.60)
1018.09: (-0.22, -0.48, -0.85)
1018.20: (0.08, -0.66, -0.74)
1018.32: (0.43, -0.69, -0.58)
1018.43: (0.81, -0.48, -0.34)
1018.54: (0.79, -0.47, -0.39)
1018.65: (0.79, -0.47, -0.39)
1018.75: (0.65, -0.57, -0.50)
1018.87: (0.91, -0.32, -0.25)
1018.98: (0.68, 0.73, 0.00)
1019.09: (0.32, 0.91, -0.26)
1019.20: (0.12, 0.99, -0.08)
1019.32: (-0.06, 1.00, 0.07)
1019.42: (-0.11, 0.97, 0.22)
1019.53: (-0.36, 0.89, 0.29)
1019.65: (-0.61, 0.78, 0.16)
1019.77: (-0.64, 0.76, -0.07)
1019.87: (-0.58, 0.73, -0.35)
1019.99: (-0.67, 0.70, -0.25)
1020.10: (-0.76, 0.59, 0.28)
1020.22: (-0.62, 0.68, 0.39)
1020.32: (-0.62, 0.68, 0.39)
1020.43: (-0.56, 0.72, 0.41)
1020.55: (-0.33, 0.51, 0.79)
1020.65: (-0.04, 0.35, 0.94)
1020.77: (0.33, 0.10, 0.94)
1020.87: (0.51, -0.23, 0.83)
1020.98: (0.50, -0.18, 0.85)
1021.10: (0.38, -0.03, 0.93)
1021.13: (0.38, -0.03, 0.93)
1021.13: (0.66, -0.65, 0.38): 1
1021.20: (0.38, -0.03, 0.93)
1021.32: (0.37, -0.03, 0.93)
1021.43: (0.32, -0.02, 0.95)
1021.55: (0.25, -0.30, 0.92)
1021.67: (-0.39, -0.92, -0.04)
1021.78: (-0.40, -0.87, -0.30)
1021.88: (-0.36, -0.93, -0.03)
1022.00: (-0.34, -0.94, -0.01)
1022.12: (-0.28, -0.96, -0.01)
1022.23: (-0.24, -0.94, 0.25)
1022.35: (-0.21, -0.83, 0.52)
1022.47: (-0.16, -0.57, 0.80)
1022.58: (-0.01, -0.01, 1.00)
1022.70: (-0.05, 0.14, 0.99)
1022.80: (-0.65, 0.30, 0.69)
1022.92: (-0.95, 0.27, -0.15)
1023.02: (-0.94, 0.28, -0.18)
1023.12: (-0.83, 0.23, 0.50)
1023.23: (-0.03, 0.12, 0.99)
1023.35: (0.37, 0.18, 0.91)
1023.47: (0.50, 0.23, 0.84)
1023.57: (0.53, 0.37, 0.77)
1023.68: (0.32, 0.85, 0.43)
1023.80: (0.00, 0.99, -0.15)
1023.92: (-0.30, 0.79, -0.53)
1024.03: (-0.38, 0.47, -0.79)
1024.15: (-0.40, 0.19, -0.90)
1024.27: (-0.37, 0.22, -0.90)
1024.38: (-0.35, 0.26, -0.90)
1024.50: (-0.35, -0.23, -0.91)
1024.62: (-0.29, -0.62, -0.73)
1024.73: (-0.14, -0.83, -0.53)
1024.85: (-0.09, -0.98, -0.15)
1024.97: (-0.11, -0.95, 0.28)
1025.07: (-0.23, -0.67, 0.71)
1025.18: (-0.37, -0.62, 0.69)
1025.28: (-0.36, -0.65, 0.67)
1025.38: (-0.32, -0.74, 0.60)
1025.50: (0.13, -0.87, 0.48)
1025.62: (0.32, -0.91, 0.26)
1025.73: (0.42, -0.86, 0.29)
1025.83: (0.56, -0.62, 0.55)
1025.95: (0.65, -0.56, 0.51)
1025.97: (0.66, -0.56, 0.51)
1025.97: (0.09, -0.27, 0.96): 0
1026.07: (0.66, -0.56, 0.50)
1026.18: (0.62, -0.70, 0.35)
1026.30: (0.61, -0.70, 0.36)
1026.42: (0.58, -0.66, 0.48)
1026.53: (0.29, -0.28, 0.92)
1026.65: (-0.13, 0.32, 0.94)
1026.75: (-0.46, 0.73, 0.51)
1026.87: (-0.47, 0.70, 0.54)
1026.98: (-0.44, 0.62, 0.65)
1027.10: (-0.24, 0.27, 0.93)
1027.22: (-0.20, 0.02, 0.98)
1027.32: (-0.15, -0.02, 0.99)
1027.43: (0.05, -0.19, 0.98)
1027.53: (0.18, -0.33, 0.93)
1027.53: (-0.96, -0.20, 0.21): 1
1027.55: (0.18, -0.33, 0.93)
1027.67: (0.18, -0.32, 0.93)
1027.78: (-0.08, -0.05, 1.00)
1027.88: (-0.34, 0.40, 0.85)
1027.98: (-0.44, 0.67, 0.60)
1028.10: (-0.52, 0.75, 0.42)
1028.22: (-0.55, 0.76, 0.35)
1028.33: (-0.55, 0.76, 0.34)
1028.45: (-0.60, 0.76, 0.25)
1028.57: (-0.61, 0.74, -0.29)
1028.67: (-0.21, 0.65, -0.73)
1028.77: (-0.01, 0.60, -0.80)
1028.88: (-0.04, 0.71, -0.70)
1029.00: (-0.04, 0.71, -0.70)
1029.12: (-0.03, 0.78, -0.63)
1029.23: (0.03, 0.74, -0.67)
1029.35: (0.06, 0.68, -0.73)
1029.47: (-0.20, 0.85, -0.49)
1029.58: (-0.62, 0.78, -0.01)
1029.70: (-0.85, 0.37, 0.37)
1029.82: (-0.89, -0.13, 0.44)
1029.93: (-0.81, -0.47, 0.34)
1030.05: (-0.79, -0.57, 0.21)
1030.17: (-0.93, -0.33, 0.16)
1030.25: (-0.94, -0.28, 0.20)
1030.25: (-0.62, -0.28, 0.74): 0
1030.28: (-0.94, -0.28, 0.20)
1030.40: (-0.94, -0.28, 0.20)
1030.52: (-0.97, -0.20, 0.15)
1030.63: (-0.98, -0.15, 0.11)
1030.75: (-0.99, -0.12, 0.09)
1030.87: (-0.99, -0.11, 0.08)
1030.98: (-0.85, -0.19, 0.49)
1031.10: (-0.69, -0.27, 0.68)
1031.22: (-0.55, -0.29, 0.78)
1031.28: (-0.54, -0.29, 0.79)
1031.28: (-0.92, 0.27, 0.29): 1
1031.33: (-0.54, -0.29, 0.79)
1031.45: (-0.56, -0.29, 0.78)
1031.57: (-0.67, -0.25, 0.70)
1031.67: (-0.80, -0.18, 0.57)
1031.78: (-0.89, 0.11, 0.44)
1031.90: (-0.77, 0.64, 0.04)
1032.02: (-0.83, 0.55, 0.06)
1032.13: (-0.91, 0.24, 0.33)
1032.17: (-0.91, 0.23, 0.35)
1032.17: (-0.97, 0.01, 0.24): 0
1032.25: (-0.91, 0.23, 0.35)
1032.37: (-0.91, 0.23, 0.33)
1032.48: (-0.94, 0.30, 0.17)
1032.60: (-0.98, -0.01, 0.20)
1032.62: (-0.98, -0.01, 0.20)
1032.62: (0.44, 0.59, -0.68): 1
1032.70: (-0.98, -0.01, 0.19)
1032.82: (-0.98, -0.01, 0.19)
1032.93: (-0.99, 0.14, 0.08)
1033.03: (-0.90, 0.43, -0.09)
1033.15: (-0.49, 0.80, -0.34)
1033.27: (-0.09, 0.97, -0.23)
1033.37: (-0.02, 0.99, -0.15)
1033.48: (0.24, 0.97, 0.05)
1033.60: (0.38, 0.92, 0.06)
1033.72: (0.33, 0.89, -0.33)
1033.83: (0.26, 0.80, -0.54)
1033.95: (0.26, 0.79, -0.56)
1034.07: (0.47, 0.58, -0.67)
1034.15: (0.52, 0.48, -0.71)
1034.15: (-0.16, 0.97, 0.17): 2
1034.18: (0.52, 0.47, -0.71)
1034.28: (0.53, 0.46, -0.71)
1034.40: (0.52, 0.53, -0.67)
1034.52: (0.52, 0.53, -0.67)
1034.63: (0.52, 0.53, -0.67)
1034.75: (0.58, 0.53, -0.62)
1034.87: (0.82, 0.30, -0.49)
1034.98: (0.94, 0.13, -0.32)
1035.08: (0.98, 0.08, -0.20)
1035.20: (0.97, 0.20, -0.10)
1035.32: (0.88, 0.47, -0.07)
1035.43: (0.60, 0.78, -0.19)
1035.53: (0.38, 0.90, -0.23)
1035.63: (0.26, 0.95, -0.20)
1035.75: (-0.16, 0.95, -0.26)
1035.87: (-0.22, 0.96, -0.20)
1035.98: (-0.20, 0.98, -0.02)
1036.08: (-0.21, 0.97, 0.08)
1036.12: (-0.21, 0.97, 0.09)
1036.12: (0.34, -0.46, -0.82): 0
1036.18: (-0.21, 0.97, 0.09)
1036.30: (-0.18, 0.98, 0.05)
1036.42: (0.10, 0.99, 0.06)
1036.53: (0.72, 0.68, 0.14)
1036.65: (0.98, 0.15, 0.11)
1036.76: (0.94, -0.33, 0.07)
1036.88: (0.85, -0.52, -0.07)
1037.00: (0.68, -0.71, -0.19)
1037.11: (0.50, -0.83, -0.25)
1037.23: (0.25, -0.94, -0.24)
1037.35: (-0.15, -0.97, -0.17)
1037.45: (-0.43, -0.89, -0.14)
1037.56: (-0.43, -0.89, -0.15)
1037.68: (-0.43, -0.89, -0.15)
1037.80: (-0.68, -0.71, -0.20)
1037.91: (-0.97, -0.13, -0.20)
1038.03: (-0.98, 0.18, -0.10)
1038.15: (-0.99, 0.09, -0.14)
1038.25: (-0.98, -0.20, -0.08)
1038.36: (-0.64, -0.71, -0.31)
1038.46: (-0.15, -0.77, -0.62)
1038.58: (0.53, -0.60, -0.61)
1038.70: (0.91, -0.17, -0.38)
1038.81: (0.75, -0.25, -0.61)
1038.93: (0.39, -0.48, -0.79)
1039.05: (0.38, -0.52, -0.77)
1039.05: (-0.82, 0.46, -0.34): 0
1039.05: (0.38, -0.52, -0.77)
1039.16: (0.38, -0.52, -0.77)
1039.28: (0.36, -0.51, -0.78)
1039.38: (0.17, -0.56, -0.81)
1039.50: (-0.07, -0.68, -0.73)
1039.60: (-0.17, -0.87, -0.47)
1039.71: (-0.14, -0.98, -0.09)
1039.81: (-0.15, -0.99, 0.05)
1039.93: (-0.20, -0.96, 0.18)
1040.05: (-0.24, -0.93, 0.28)
1040.16: (-0.26, -0.87, 0.42)
1040.28: (-0.19, -0.72, 0.67)
1040.38: (-0.14, -0.63, 0.77)
1040.50: (-0.19, -0.60, 0.78)
1040.60: (-0.59, -0.59, 0.55)
1040.71: (-0.81, -0.51, 0.28)
1040.83: (-0.96, -0.27, -0.01)
1040.95: (-0.86, 0.41, -0.29)
1041.05: (-0.77, 0.58, -0.27)
1041.16: (-0.77, 0.57, -0.27)
1041.28: (-0.80, 0.55, -0.24)
1041.40: (-0.83, 0.51, -0.22)
1041.45: (-0.86, 0.46, -0.22)
1041.45: (0.90, 0.44, -0.05): 2
1041.51: (-0.86, 0.46, -0.22)
1041.61: (-0.86, 0.46, -0.22)
1041.71: (-0.75, 0.61, -0.25)
1041.83: (-0.51, 0.83, -0.23)
1041.95: (-0.22, 0.95, -0.22)
1042.06: (0.31, 0.93, -0.22)
1042.18: (0.40, 0.91, -0.12)
1042.28: (0.40, 0.91, -0.12)
1042.40: (0.42, 0.90, -0.07)
1042.51: (0.83, 0.55, -0.10)
1042.63: (0.85, 0.52, -0.10)
1042.70: (0.84, 0.53, -0.10)
1042.70: (-0.79, 0.28, -0.55): 1
1042.73: (0.84, 0.53, -0.09)
1042.85: (0.86, 0.50, -0.10)
1042.96: (0.96, 0.29, 0.00)
1043.08: (1.00, 0.03, 0.08)
1043.20: (1.00, -0.02, 0.09)
1043.31: (0.99, -0.11, 0.11)
1043.41: (0.99, -0.07, 0.11)
1043.51: (0.90, 0.42, 0.14)
1043.63: (0.69, 0.72, 0.04)
1043.75: (0.30, 0.95, -0.09)
1043.86: (0.07, 0.98, -0.17)
1043.96: (-0.01, 0.98, -0.17)
1044.08: (-0.34, 0.90, -0.29)
1044.20: (-0.56, 0.74, -0.37)
1044.31: (-0.83, 0.37, -0.41)
1044.43: (-0.91, 0.24, -0.35)
1044.55: (-0.85, 0.23, -0.47)
1044.66: (-0.80, 0.23, -0.55)
1044.66: (-0.98, -0.14, 0.15): 0
1044.66: (-0.80, 0.23, -0.55)
1044.78: (-0.80, 0.23, -0.56)
1044.90: (-0.80, 0.18, -0.57)
1045.01: (-0.81, 0.15, -0.57)
1045.13: (-0.81, -0.06, -0.58)
1045.25: (-0.86, -0.36, -0.36)
1045.35: (-0.83, -0.52, -0.20)
1045.46: (-0.75, -0.64, -0.17)
1045.56: (-0.78, -0.60, -0.15)
1045.68: (-0.94, -0.34, 0.04)
1045.76: (-0.95, -0.29, 0.12)
1045.76: (-0.99, -0.08, -0.09): 0
1045.80: (-0.95, -0.29, 0.12)
1045.90: (-0.95, -0.29, 0.12)
1046.01: (-0.97, -0.24, -0.01)
1046.13: (-0.97, -0.22, -0.08)
1046.25: (-0.99, -0.12, -0.06)
1046.33: (-0.99, -0.10, -0.04)
1046.33: (0.41, -0.83, 0.39): 0
1046.36: (-0.99, -0.10, -0.04)
1046.48: (-0.99, -0.07, -0.09)
1046.58: (-0.98, -0.08, -0.19)
1046.70: (-0.98, -0.08, -0.20)
1046.80: (-0.91, 0.20, -0.37)
1046.91: (-0.71, 0.30, -0.63)
1047.03: (-0.74, -0.24, -0.63)
1047.13: (-0.42, -0.76, -0.50)
1047.23: (-0.14, -0.94, -0.31)
1047.35: (-0.01, -0.99, -0.10)
1047.46: (0.09, -0.99, 0.14)
1047.58: (0.01, -0.92, 0.40)
1047.70: (0.10, -0.89, 0.44)
1047.81: (0.28, -0.90, 0.35)
1047.88: (0.35, -0.86, 0.36)
1047.88: (-0.95, -0.31, -0.11): 1
1047.93: (0.35, -0.86, 0.36)
1048.05: (0.35, -0.85, 0.38)
1048.16: (0.33, -0.87, 0.37)
1048.28: (0.08, -0.96, 0.26)
1048.40: (-0.11, -0.99, 0.13)
1048.51: (-0.52, -0.73, -0.43)
1048.63: (-0.66, -0.34, -0.67)
1048.73: (-0.73, -0.21, -0.65)
1048.85: (-0.73, 0.07, -0.68)
1048.96: (-0.69, 0.31, -0.66)
1049.06: (-0.76, 0.30, -0.58)
1049.18: (-0.96, -0.05, -0.29)
1049.30: (-0.93, -0.33, -0.16)
1049.41: (-0.94, -0.30, -0.16)
1049.48: (-0.95, -0.26, -0.16)
1049.48: (-0.95, -0.27, 0.15): 1
1049.53: (-0.95, -0.25, -0.16)
1049.65: (-0.95, -0.25, -0.17)
1049.76: (-0.96, -0.16, -0.25)
1049.86: (-0.99, -0.14, -0.07)
1049.98: (-0.96, -0.23, 0.13)
1049.98: (-0.87, 0.37, -0.34): 2
1049.98: (-0.96, -0.23, 0.13)
1050.10: (-0.96, -0.24, 0.12)
1050.20: (-0.97, -0.22, 0.05)
1050.31: (-0.99, -0.09, -0.08)
1050.43: (-0.99, -0.01, -0.12)
1050.55: (-0.98, 0.01, -0.21)
1050.66: (-0.97, 0.12, -0.23)
1050.78: (-0.96, 0.21, -0.21)
1050.85: (-0.93, 0.27, -0.25)
1050.85: (-0.37, 0.02, 0.93): 0
1050.88: (-0.93, 0.27, -0.25)
1051.00: (-0.93, 0.27, -0.27)
1051.11: (-0.86, 0.33, -0.38)
1051.23: (-0.70, 0.46, -0.55)
1051.33: (-0.52, 0.50, -0.69)
1051.45: (-0.55, 0.25, -0.80)
1051.56: (-0.72, -0.15, -0.68)
1051.68: (-0.71, -0.67, -0.23)
1051.79: (-0.59, -0.80, 0.09)
1051.90: (-0.51, -0.83, 0.23)
1052.01: (-0.39, -0.85, 0.35)
1052.13: (-0.19, -0.89, 0.42)
1052.23: (0.00, -0.86, 0.51)
1052.33: (0.22, -0.77, 0.59)
1052.45: (0.33, -0.69, 0.64)
1052.55: (0.49, -0.46, 0.74)
1052.66: (0.63, -0.16, 0.76)
1052.78: (0.69, 0.14, 0.71)
1052.89: (0.66, 0.33, 0.68)
1053.00: (0.61, 0.37, 0.70)
1053.11: (0.49, -0.13, 0.86)
1053.23: (0.17, -0.68, 0.71)
1053.33: (-0.11, -0.82, 0.56)
1053.44: (-0.41, -0.77, 0.48)
1053.56: (-0.59, -0.67, 0.45)
1053.68: (-0.74, -0.52, 0.42)
1053.79: (-0.84, -0.40, 0.36)
1053.91: (-0.90, -0.31, 0.31)
1054.01: (-0.90, -0.30, 0.31)
1054.11: (-0.91, -0.31, 0.28)
1054.23: (-0.93, -0.24, 0.29)
1054.34: (-0.91, -0.05, 0.40)
1054.46: (-0.63, -0.20, 0.75)
1054.56: (-0.02, -0.33, 0.94)
1054.68: (0.38, -0.37, 0.85)
1054.79: (-0.06, -0.31, 0.95)
1054.91: (-0.15, -0.07, 0.99)
1054.99: (-0.21, 0.01, 0.98)
1054.99: (-0.75, -0.37, 0.54): 2
1055.03: (-0.21, 0.01, 0.98)
1055.13: (-0.24, 0.01, 0.97)
1055.24: (-0.29, -0.01, 0.96)
1055.36: (-0.36, -0.13, 0.93)
1055.48: (-0.53, -0.30, 0.79)
1055.59: (-0.61, -0.29, 0.74)
1055.69: (-0.64, -0.29, 0.71)
1055.79: (-0.71, -0.34, 0.62)
1055.79: (0.17, 0.10, 0.98): 0
1055.81: (-0.71, -0.35, 0.61)
1055.93: (-0.73, -0.39, 0.57)
1056.04: (-0.74, -0.41, 0.53)
1056.16: (-0.77, -0.51, 0.40)
1056.26: (-0.82, -0.52, 0.22)
1056.36: (-0.82, -0.57, -0.01)
1056.48: (-0.65, -0.69, -0.32)
1056.59: (-0.41, -0.74, -0.53)
1056.71: (-0.13, -0.70, -0.70)
1056.83: (0.06, -0.58, -0.82)
1056.94: (0.29, -0.37, -0.88)
1057.04: (0.40, -0.23, -0.89)
1057.16: (0.47, -0.10, -0.88)
1057.26: (0.47, -0.10, -0.88)
1057.38: (0.48, -0.12, -0.87)
1057.49: (0.67, -0.37, -0.64)
1057.61: (0.49, -0.86, -0.13)
1057.71: (0.13, -0.98, 0.14)
1057.83: (-0.37, -0.79, 0.48)
1057.93: (-0.49, -0.68, 0.55)
1058.03: (-0.38, -0.66, 0.65)
1058.14: (0.16, -0.73, 0.67)
1058.26: (0.63, -0.61, 0.48)
1058.38: (0.88, -0.45, 0.16)
1058.49: (0.88, -0.44, 0.15)
1058.61: (0.81, -0.56, 0.19)
1058.73: (0.87, -0.48, 0.08)
1058.84: (0.82, 0.31, -0.48)
1058.96: (0.40, 0.67, -0.62)
1059.08: (0.06, 0.65, -0.76)
1059.19: (-0.16, 0.36, -0.92)
1059.29: (-0.15, -0.10, -0.98)
1059.39: (-0.21, -0.32, -0.92)
1059.51: (-0.23, -0.35, -0.91)
1059.63: (-0.23, -0.35, -0.91)
1059.74: (-0.49, -0.55, -0.67)
1059.86: (-0.91, -0.42, -0.04)
1059.98: (-0.90, -0.01, 0.43)
1060.09: (-0.70, 0.59, 0.40)
1060.21: (-0.23, 0.97, 0.10)
1060.31: (0.22, 0.97, -0.03)
1060.43: (0.70, 0.69, 0.19)
1060.53: (0.74, 0.63, 0.21)
1060.63: (0.74, 0.63, 0.21)
1060.74: (0.74, 0.64, 0.21)
1060.86: (0.92, 0.25, 0.31)
1060.98: (0.89, -0.34, 0.30)
1061.08: (0.63, -0.74, 0.24)
1061.19: (0.41, -0.89, 0.22)
1061.31: (0.20, -0.89, 0.40)
1061.43: (-0.03, -0.90, 0.44)
1061.54: (-0.28, -0.88, 0.38)
1061.64: (-0.46, -0.84, 0.29)
1061.76: (-0.54, -0.78, 0.30)
1061.88: (-0.54, -0.78, 0.30)
1061.99: (-0.60, -0.74, 0.30)
1062.11: (-0.79, -0.60, -0.13)
1062.21: (-0.98, -0.12, -0.15)
1062.31: (-0.98, 0.20, -0.03)
1062.43: (-0.95, 0.29, 0.08)
1062.53: (-0.92, 0.34, 0.19)
1062.64: (-0.89, 0.36, 0.28)
1062.76: (-0.85, 0.40, 0.34)
1062.88: (-0.68, 0.38, 0.63)
1062.99: (-0.32, 0.27, 0.91)
1063.11: (-0.05, 0.10, 0.99)
1063.23: (0.15, -0.07, 0.99)
1063.34: (0.20, -0.10, 0.97)
1063.43: (0.18, -0.05, 0.98)
1063.43: (0.50, -0.61, 0.61): 1
1063.44: (0.16, -0.04, 0.99)
1063.56: (0.12, 0.01, 0.99)
1063.68: (0.11, 0.03, 0.99)
1063.79: (0.04, 0.01, 1.00)
1063.91: (-0.17, -0.25, 0.95)
1064.03: (-0.45, -0.84, 0.29)
1064.13: (-0.37, -0.93, -0.02)
1064.24: (-0.29, -0.95, -0.09)
1064.36: (-0.31, -0.85, -0.42)
1064.48: (-0.39, -0.79, -0.47)
1064.59: (-0.59, -0.49, -0.65)
1064.71: (-0.73, -0.12, -0.67)
1064.83: (-0.87, 0.06, -0.49)
1064.94: (-0.95, 0.17, -0.26)
1065.06: (-0.98, 0.16, 0.07)
1065.18: (-0.81, 0.03, 0.58)
1065.29: (-0.29, -0.10, 0.95)
1065.39: (-0.25, -0.27, 0.93)
1065.51: (-0.26, -0.46, 0.85)
1065.63: (0.12, -0.68, 0.73)
1065.74: (0.40, -0.76, 0.51)
1065.86: (0.40, -0.76, 0.51)
1065.96: (0.45, -0.76, 0.47)
1066.08: (0.62, -0.62, 0.48)
1066.09: (0.63, -0.61, 0.48)
1066.09: (0.54, -0.06, 0.84): 0
1066.18: (0.63, -0.61, 0.48)
1066.29: (0.62, -0.60, 0.51)
1066.41: (0.58, -0.61, 0.54)
1066.51: (0.44, -0.62, 0.65)
1066.61: (-0.10, -0.68, 0.73)
1066.73: (-0.71, -0.66, 0.24)
1066.84: (-0.82, -0.52, -0.25)
1066.96: (-0.80, -0.26, -0.54)
1067.08: (-0.72, 0.05, -0.69)
1067.19: (-0.58, 0.31, -0.75)
1067.31: (-0.46, 0.55, -0.70)
1067.41: (-0.45, 0.79, -0.41)
1067.53: (-0.48, 0.87, 0.13)
1067.63: (-0.49, 0.77, 0.41)
1067.74: (-0.47, 0.71, 0.53)
1067.86: (-0.45, 0.62, 0.64)
1067.98: (-0.45, 0.59, 0.67)
1068.09: (-0.27, 0.41, 0.87)
1068.21: (-0.05, 0.25, 0.97)
1068.33: (0.30, 0.03, 0.95)
1068.43: (0.40, -0.02, 0.91)
1068.53: (0.43, 0.02, 0.90)
1068.56: (0.44, 0.03, 0.90)
1068.56: (0.99, -0.14, 0.00): 1
1068.64: (0.44, 0.03, 0.90)
1068.76: (0.42, 0.02, 0.91)
1068.86: (0.42, 0.03, 0.91)
1068.98: (0.37, 0.09, 0.92)
1069.09: (0.32, 0.13, 0.94)
1069.19: (0.31, 0.13, 0.94)
1069.31: (0.22, 0.28, 0.93)
1069.43: (-0.15, 0.66, 0.73)
1069.54: (-0.25, 0.72, 0.65)
1069.64: (-0.08, 0.63, 0.77)
1069.76: (0.56, 0.18, 0.81)
1069.88: (0.89, -0.24, 0.38)
1069.99: (0.89, -0.43, 0.17)
1070.11: (0.89, -0.43, 0.17)
1070.21: (0.89, -0.43, 0.17)
1070.33: (0.99, -0.15, 0.00)
1070.39: (0.99, -0.08, -0.08)
1070.39: (0.71, 0.44, 0.56): 2
1070.44: (0.99, -0.07, -0.08)
1070.56: (0.99, -0.08, -0.08)
1070.67: (0.99, -0.09, -0.08)
1070.79: (0.99, -0.10, -0.06)
1070.89: (0.99, -0.10, -0.06)
1071.01: (0.99, -0.10, -0.06)
1071.12: (1.00, 0.00, 0.07)
1071.24: (0.78, 0.25, 0.57)
1071.36: (0.64, 0.34, 0.69)
1071.46: (0.61, 0.38, 0.69)
1071.46: (0.60, 0.66, -0.45): 0
1071.47: (0.61, 0.38, 0.69)
1071.57: (0.61, 0.38, 0.69)
1071.67: (0.61, 0.38, 0.69)
1071.79: (0.62, 0.38, 0.69)
1071.91: (0.76, 0.35, 0.55)
1072.02: (0.98, 0.20, -0.04)
1072.14: (0.91, 0.04, -0.42)
1072.26: (0.63, -0.12, -0.77)
1072.37: (0.56, -0.13, -0.82)
1072.47: (0.53, -0.12, -0.84)
1072.59: (0.52, 0.04, -0.85)
1072.71: (0.62, 0.36, -0.69)
1072.82: (0.62, 0.44, -0.64)
1072.92: (0.61, 0.49, -0.61)
1073.04: (0.60, 0.65, -0.46)
1073.06: (0.60, 0.65, -0.46)
1073.06: (0.03, -0.97, 0.26): 1
1073.14: (0.60, 0.65, -0.46)
1073.24: (0.65, 0.60, -0.47)
1073.36: (0.74, 0.40, -0.54)
1073.46: (0.74, 0.40, -0.54)
1073.57: (0.74, 0.40, -0.54)
1073.69: (0.74, 0.40, -0.54)
1073.81: (0.73, 0.35, -0.58)
1073.92: (0.62, 0.20, -0.76)
1074.04: (0.35, 0.43, -0.83)
1074.16: (-0.10, 0.74, -0.67)
1074.27: (-0.62, 0.70, -0.34)
1074.39: (-0.89, 0.36, -0.29)
1074.49: (-0.91, -0.09, -0.41)
1074.59: (-0.63, -0.60, -0.48)
1074.71: (-0.33, -0.85, -0.41)
1074.82: (-0.11, -0.94, -0.33)
1074.94: (0.01, -0.97, -0.22)
1075.06: (0.06, -0.99, -0.13)
1075.16: (0.01, -1.00, 0.07)
1075.27: (0.01, -0.96, 0.28)
1075.31: (0.03, -0.95, 0.32)
1075.31: (-0.99, -0.08, 0.09): 2
1075.37: (0.07, -0.94, 0.34)
1075.49: (0.08, -0.94, 0.34)
1075.61: (0.08, -0.96, 0.28)
1075.71: (0.07, -0.97, 0.23)
1075.82: (-0.04, -1.00, 0.03)
1075.94: (-0.17, -0.98, -0.14)
1076.06: (-0.23, -0.89, -0.40)
1076.16: (-0.42, -0.66, -0.62)
1076.27: (-0.63, -0.35, -0.69)
1076.37: (-0.71, -0.25, -0.65)
1076.47: (-0.82, -0.09, -0.56)
1076.59: (-0.89, 0.07, -0.46)
1076.71: (-0.83, 0.36, -0.42)
1076.82: (-0.83, 0.43, -0.37)
1076.92: (-0.98, 0.08, -0.19)
1077.04: (-0.96, -0.24, -0.10)
1077.16: (-0.95, -0.32, -0.04)
1077.27: (-0.98, -0.18, 0.01)
1077.36: (-1.00, -0.04, 0.06)
1077.36: (0.26, -0.96, -0.12): 0
1077.39: (-1.00, -0.04, 0.06)
1077.49: (-1.00, -0.03, 0.05)
1077.61: (-1.00, 0.01, 0.00)
1077.72: (-0.98, 0.11, -0.14)
1077.84: (-0.89, 0.22, -0.40)
1077.94: (-0.61, 0.25, -0.75)
1078.06: (-0.28, -0.17, -0.95)
1078.16: (-0.32, -0.45, -0.84)
1078.27: (-0.41, -0.66, -0.63)
1078.39: (-0.39, -0.86, -0.34)
1078.51: (-0.37, -0.92, -0.11)
1078.62: (-0.42, -0.90, 0.14)
1078.74: (-0.45, -0.83, 0.33)
1078.86: (-0.08, -0.93, 0.35)
1078.97: (0.10, -0.99, 0.06)
1079.07: (0.14, -0.99, -0.09)
1079.16: (0.15, -0.98, -0.11)
1079.16: (-0.47, 0.30, 0.83): 0
1079.19: (0.15, -0.98, -0.11)
1079.31: (0.15, -0.98, -0.12)
1079.42: (0.15, -0.98, -0.12)
1079.54: (-0.10, -0.99, -0.10)
1079.66: (-0.44, -0.90, 0.01)
1079.76: (-0.58, -0.81, 0.12)
1079.87: (-0.64, -0.77, 0.04)
1079.99: (-0.64, -0.77, 0.04)
1080.09: (-0.64, -0.77, 0.04)
1080.21: (-0.36, -0.93, 0.02)
1080.32: (0.41, -0.90, 0.17)
1080.42: (0.81, -0.54, 0.23)
1080.54: (0.93, -0.14, 0.34)
1080.64: (0.91, -0.27, 0.32)
1080.76: (0.91, -0.29, 0.31)
1080.87: (0.91, -0.20, 0.37)
1080.99: (0.87, 0.17, 0.47)
1081.11: (0.75, -0.07, 0.66)
1081.22: (0.21, -0.33, 0.92)
1081.34: (-0.41, -0.36, 0.84)
1081.46: (-0.67, -0.29, 0.68)
1081.57: (-0.72, -0.24, 0.65)
1081.69: (-0.56, 0.26, 0.78)
1081.79: (-0.46, 0.40, 0.79)
1081.87: (-0.46, 0.40, 0.79)
1081.87: (-0.69, -0.15, -0.70): 2
1081.91: (-0.46, 0.40, 0.80)
1082.02: (-0.44, 0.39, 0.81)
1082.14: (-0.36, 0.41, 0.84)
1082.26: (-0.13, 0.51, 0.85)
1082.37: (-0.02, 0.69, 0.72)
1082.47: (0.08, 0.83, 0.56)
1082.59: (0.25, 0.96, 0.14)
1082.71: (0.37, 0.93, -0.09)
1082.82: (0.41, 0.91, 0.01)
1082.92: (0.36, 0.93, 0.10)
1083.04: (0.41, 0.89, 0.19)
1083.16: (0.69, 0.62, 0.36)
1083.27: (0.88, 0.22, 0.43)
1083.37: (0.93, -0.04, 0.37)
1083.49: (0.93, -0.08, 0.35)
1083.61: (0.96, 0.27, 0.02)
1083.72: (0.77, 0.58, -0.25)
1083.84: (0.68, 0.56, -0.48)
1083.94: (0.54, 0.51, -0.67)
1084.06: (0.37, 0.39, -0.84)
1084.17: (0.31, 0.32, -0.89)
1084.27: (0.31, 0.32, -0.89)
1084.39: (0.31, 0.32, -0.89)
1084.51: (0.24, 0.30, -0.92)
1084.62: (-0.11, 0.10, -0.99)
1084.72: (-0.33, -0.05, -0.94)
1084.84: (-0.53, -0.26, -0.81)
1084.96: (-0.63, -0.25, -0.74)
1085.06: (-0.71, -0.17, -0.69)
1085.06: (0.42, 0.55, -0.72): 1
1085.07: (-0.71, -0.17, -0.69)
1085.19: (-0.70, -0.17, -0.69)
1085.31: (-0.70, -0.18, -0.69)
1085.42: (-0.85, -0.25, -0.46)
1085.54: (-0.91, -0.34, -0.24)
1085.66: (-0.91, -0.34, -0.24)
1085.77: (-0.89, -0.14, -0.43)
1085.89: (-0.48, 0.24, -0.84)
1086.01: (0.12, 0.43, -0.90)
1086.11: (0.40, 0.47, -0.79)
1086.22: (0.58, 0.49, -0.65)
1086.34: (0.53, 0.56, -0.64)
1086.41: (0.52, 0.56, -0.64)
1086.41: (0.53, 0.25, 0.81): 1
1086.44: (0.52, 0.57, -0.64)
1086.54: (0.52, 0.57, -0.64)
1086.66: (0.52, 0.57, -0.64)
1086.77: (0.49, 0.56, -0.66)
1086.89: (-0.07, 0.48, -0.88)
1087.00: (-0.48, 0.27, -0.84)
1087.10: (0.08, 0.54, -0.84)
1087.22: (0.59, 0.60, -0.53)
1087.34: (0.71, 0.62, -0.33)
1087.45: (0.75, 0.63, -0.20)
1087.55: (0.79, 0.61, -0.10)
1087.67: (0.89, 0.38, 0.26)
1087.77: (0.79, 0.01, 0.61)
1087.87: (0.56, -0.32, 0.76)
1087.99: (0.57, -0.16, 0.80)
1088.10: (0.61, 0.24, 0.76)
1088.22: (0.58, 0.33, 0.74)
1088.24: (0.58, 0.34, 0.74)
1088.24: (0.83, 0.51, 0.22): 2
1088.32: (0.59, 0.33, 0.74)
1088.44: (0.69, 0.22, 0.69)
1088.54: (0.71, 0.20, 0.68)
1088.65: (0.71, 0.22, 0.67)
1088.75: (0.76, 0.34, 0.56)
1088.87: (0.84, 0.44, 0.31)
1088.99: (0.84, 0.53, 0.13)
1089.09: (0.83, 0.54, 0.13)
1089.09: (-0.95, 0.03, 0.32): 2
1089.10: (0.83, 0.54, 0.13)
1089.22: (0.84, 0.53, 0.13)
1089.34: (0.86, 0.49, 0.14)
1089.44: (0.91, 0.35, 0.23)
1089.55: (0.91, 0.33, 0.24)
1089.67: (0.88, 0.43, 0.18)
1089.79: (0.73, 0.68, -0.07)
1089.90: (0.33, 0.76, -0.56)
1090.02: (0.22, 0.71, -0.67)
1090.14: (0.22, 0.73, -0.64)
1090.25: (0.56, 0.32, -0.76)
1090.35: (0.86, -0.22, -0.46)
1090.47: (0.78, -0.58, -0.25)
1090.59: (0.76, -0.61, -0.21)
1090.70: (0.77, -0.59, -0.25)
1090.80: (0.58, -0.17, -0.79)
1090.92: (0.38, 0.42, -0.82)
1091.04: (0.25, 0.75, -0.61)
1091.14: (0.12, 0.92, -0.38)
1091.25: (0.03, 0.95, -0.31)
1091.35: (-0.13, 0.90, -0.42)
1091.47: (-0.44, 0.66, -0.61)
1091.59: (-0.62, 0.44, -0.65)
1091.70: (-0.76, 0.01, -0.65)
1091.82: (-0.78, -0.32, -0.55)
1091.94: (-0.62, -0.65, -0.43)
1092.04: (-0.41, -0.85, -0.32)
1092.15: (-0.20, -0.94, -0.28)
1092.27: (-0.09, -0.95, -0.30)
1092.39: (-0.09, -0.95, -0.30)
1092.50: (-0.09, -0.95, -0.30)
1092.62: (0.00, -0.98, -0.19)
1092.72: (0.26, -0.96, 0.09)
1092.84: (0.38, -0.85, 0.36)
1092.95: (0.54, -0.65, 0.54)
1093.07: (0.60, -0.51, 0.62)
1093.19: (0.68, -0.46, 0.57)
1093.29: (0.82, -0.34, 0.47)
1093.40: (0.89, -0.31, 0.32)
1093.52: (0.99, -0.12, -0.12)
1093.64: (0.74, 0.14, -0.65)
1093.75: (0.51, 0.22, -0.83)
1093.85: (0.34, 0.26, -0.91)
1093.95: (0.10, 0.37, -0.92)
1094.07: (-0.10, 0.40, -0.91)
1094.19: (-0.22, 0.40, -0.89)
1094.29: (-0.21, 0.36, -0.91)
1094.40: (-0.01, 0.32, -0.95)
1094.52: (0.18, -0.01, -0.98)
1094.64: (-0.53, 0.32, -0.79)
1094.75: (-0.71, 0.42, -0.57)
1094.85: (-0.78, 0.42, -0.46)
1094.97: (-0.84, 0.44, -0.32)
1095.09: (-0.91, 0.38, -0.19)
1095.20: (-0.91, 0.39, -0.12)
1095.30: (-0.91, 0.39, -0.12)
1095.42: (-0.92, 0.37, -0.11)
1095.54: (-0.99, 0.16, 0.02)
1095.64: (-1.00, -0.05, 0.07)
1095.75: (-0.98, -0.12, 0.14)
1095.87: (-0.97, -0.05, 0.24)
1095.99: (-0.95, 0.03, 0.31)
1095.99: (-0.99, 0.14, -0.02): 0
1095.99: (-0.95, 0.03, 0.31)
1096.10: (-0.95, 0.05, 0.30)
1096.22: (-0.97, 0.01, 0.24)
1096.34: (-0.99, 0.12, -0.06)
1096.44: (-0.99, 0.15, -0.08)
1096.44: (0.69, 0.22, -0.68): 1
1096.44: (-0.99, 0.15, -0.08)
1096.55: (-0.99, 0.15, -0.06)
1096.67: (-0.98, 0.16, -0.14)
1096.79: (-0.93, 0.11, -0.34)
1096.90: (-0.83, 0.26, -0.50)
1097.00: (-0.67, 0.48, -0.56)
1097.12: (-0.61, 0.54, -0.58)
1097.24: (-0.62, 0.52, -0.59)
1097.35: (-0.62, 0.51, -0.60)
1097.47: (-0.52, 0.58, -0.63)
1097.59: (-0.05, 0.83, -0.56)
1097.70: (0.45, 0.72, -0.53)
1097.80: (0.81, 0.31, -0.50)
1097.92: (0.93, 0.05, -0.36)
1098.04: (0.93, 0.06, -0.36)
1098.15: (0.82, 0.24, -0.53)
1098.25: (0.71, 0.32, -0.63)
1098.25: (0.05, -0.98, 0.17): 2
1098.27: (0.71, 0.32, -0.63)
1098.37: (0.70, 0.34, -0.63)
1098.49: (0.71, 0.34, -0.62)
1098.60: (0.82, 0.30, -0.49)
1098.70: (0.84, 0.28, -0.46)
1098.82: (0.84, 0.28, -0.46)
1098.94: (0.84, 0.28, -0.46)
1099.05: (0.83, 0.28, -0.47)
1099.15: (0.77, 0.17, -0.61)
1099.27: (0.72, 0.00, -0.69)
1099.39: (0.65, -0.27, -0.71)
1099.50: (0.51, -0.53, -0.67)
1099.62: (0.40, -0.72, -0.57)
1099.74: (0.27, -0.86, -0.43)
1099.85: (0.26, -0.91, -0.33)
1099.97: (0.68, -0.74, 0.03)
1100.07: (0.80, -0.53, 0.29)
1100.19: (0.70, -0.63, 0.34)
1100.30: (0.61, -0.73, 0.32)
1100.42: (0.47, -0.85, 0.25)
1100.52: (0.34, -0.91, 0.23)
1100.64: (0.23, -0.95, 0.21)
1100.70: (0.14, -0.98, 0.16)
1100.70: (0.42, 0.14, -0.90): 1
1100.75: (0.12, -0.98, 0.14)
1100.87: (0.10, -0.99, 0.13)
1100.97: (0.07, -0.98, 0.16)
1101.07: (0.08, -0.98, 0.15)
1101.19: (0.08, -0.99, 0.08)
1101.30: (-0.38, -0.91, 0.17)
1101.42: (-0.42, -0.89, 0.16)
1101.54: (-0.42, -0.89, 0.16)
1101.65: (-0.47, -0.88, 0.07)
1101.77: (-0.67, -0.74, -0.10)
1101.89: (-0.69, -0.71, -0.12)
1102.00: (-0.74, -0.67, -0.09)
1102.12: (-0.85, -0.46, -0.24)
1102.22: (-0.87, -0.31, -0.38)
1102.34: (-0.87, -0.31, -0.38)
1102.44: (-0.87, -0.31, -0.38)
1102.55: (-0.90, -0.24, -0.36)
1102.67: (-0.91, -0.09, -0.41)
1102.79: (-0.81, 0.23, -0.54)
1102.90: (-0.64, 0.40, -0.66)
1103.02: (-0.46, 0.55, -0.69)
1103.13: (-0.31, 0.62, -0.72)
1103.25: (-0.14, 0.72, -0.68)
1103.37: (-0.16, 0.85, -0.50)
1103.48: (-0.15, 0.93, -0.33)
1103.60: (-0.08, 0.97, -0.24)
1103.72: (0.10, 0.99, -0.11)
1103.82: (0.41, 0.91, -0.06)
1103.92: (0.79, 0.61, -0.12)
1104.03: (0.96, 0.11, -0.25)
1104.15: (0.97, -0.17, -0.18)
1104.27: (0.97, -0.17, -0.18)
1104.38: (0.92, -0.13, -0.36)
1104.50: (0.48, -0.85, -0.22)
1104.60: (0.06, -1.00, 0.02)
1104.72: (-0.29, -0.95, 0.13)
1104.83: (-0.52, -0.82, 0.26)
1104.95: (-0.51, -0.80, 0.32)
1105.05: (-0.54, -0.76, 0.36)
1105.17: (-0.56, -0.59, 0.57)
1105.28: (-0.47, -0.22, 0.85)
1105.40: (-0.46, -0.13, 0.88)
1105.52: (-0.58, -0.01, 0.81)
1105.63: (-0.71, 0.14, 0.69)
1105.75: (-0.73, 0.25, 0.63)
1105.85: (-0.73, 0.26, 0.63)
1105.97: (-0.72, 0.24, 0.65)
1106.08: (-0.83, 0.33, 0.45)
1106.18: (-0.86, 0.46, 0.21)
1106.30: (-0.87, 0.47, -0.17)
1106.42: (-0.75, 0.49, -0.45)
1106.52: (-0.55, 0.48, -0.68)
1106.63: (-0.40, 0.41, -0.82)
1106.75: (-0.27, 0.39, -0.88)
1106.87: (-0.05, 0.33, -0.94)
1106.98: (0.28, 0.23, -0.93)
1107.08: (0.59, 0.29, -0.75)
1107.20: (0.59, 0.29, -0.75)
1107.32: (0.53, 0.28, -0.80)
1107.43: (0.42, 0.22, -0.88)
1107.47: (0.38, 0.19, -0.91)
1107.47: (0.62, 0.20, 0.76): 0
1107.55: (0.38, 0.19, -0.91)
1107.65: (0.38, 0.19, -0.90)
1107.77: (0.44, 0.17, -0.88)
1107.87: (0.44, 0.17, -0.88)
1107.98: (0.30, 0.40, -0.87)
1108.10: (0.22, 0.80, -0.56)
1108.22: (0.29, 0.94, -0.16)
1108.33: (0.33, 0.91, 0.24)
1108.43: (0.30, 0.89, 0.36)
1108.55: (0.20, 0.83, 0.51)
1108.65: (0.09, 0.78, 0.62)
1108.75: (-0.02, 0.66, 0.75)
1108.87: (0.13, 0.44, 0.89)
1108.98: (0.65, 0.25, 0.72)
1109.10: (0.65, 0.23, 0.73)
1109.18: (0.65, 0.19, 0.74)
1109.18: (-0.88, 0.07, 0.46): 2
1109.20: (0.65, 0.19, 0.74)
1109.32: (0.65, 0.19, 0.73)
1109.43: (0.64, 0.26, 0.73)
1109.53: (0.64, 0.27, 0.72)
1109.65: (0.64, 0.27, 0.72)
1109.77: (0.64, 0.27, 0.72)
1109.88: (0.64, 0.27, 0.72)
1110.00: (0.67, 0.28, 0.69)
1110.12: (0.34, 0.34, 0.88)
1110.23: (-0.18, 0.46, 0.87)
1110.35: (-0.29, 0.43, 0.86)
1110.45: (-0.31, 0.23, 0.92)
1110.57: (-0.27, -0.28, 0.92)
1110.68: (-0.37, -0.34, 0.87)
1110.80: (-0.49, -0.36, 0.79)
1110.92: (-0.67, -0.38, 0.63)
1111.03: (-0.87, -0.13, 0.47)
1111.15: (-0.89, 0.06, 0.45)
1111.20: (-0.89, 0.06, 0.45)
1111.20: (-0.77, -0.64, -0.06): 2
1111.25: (-0.89, 0.06, 0.46)
1111.37: (-0.88, 0.08, 0.47)
1111.48: (-0.81, 0.17, 0.57)
1111.60: (-0.79, 0.26, 0.55)
1111.70: (-0.83, 0.45, 0.31)
1111.82: (-0.69, 0.72, -0.08)
1111.93: (-0.66, 0.70, -0.26)
1112.03: (-0.71, 0.60, -0.38)
1112.15: (-0.84, 0.43, -0.33)
1112.27: (-0.96, 0.18, -0.24)
1112.38: (-0.98, -0.12, -0.17)
1112.48: (-0.92, -0.37, -0.07)
1112.60: (-0.84, -0.55, 0.03)
1112.72: (-0.76, -0.64, -0.01)
1112.75: (-0.76, -0.65, -0.02)
1112.75: (-0.37, -0.38, 0.85): 1
1112.83: (-0.76, -0.65, -0.01)
1112.95: (-0.84, -0.54, 0.05)
1113.07: (-0.84, -0.53, 0.06)
1113.18: (-0.84, -0.53, 0.06)
1113.30: (-0.85, -0.53, 0.04)
1113.42: (-0.84, -0.53, -0.09)
1113.52: (-0.82, -0.48, -0.31)
1113.63: (-0.74, -0.47, -0.47)
1113.75: (-0.58, -0.54, -0.60)
1113.87: (-0.43, -0.65, -0.63)
1113.98: (-0.28, -0.92, -0.26)
1114.10: (-0.13, -0.97, 0.19)
1114.22: (-0.13, -0.97, 0.19)
1114.33: (-0.13, -0.97, 0.19)
1114.45: (0.00, -0.94, 0.35)
1114.57: (0.12, -0.65, 0.75)
1114.68: (0.21, -0.27, 0.94)
1114.80: (0.27, 0.11, 0.96)
1114.92: (0.25, 0.23, 0.94)
1115.03: (0.07, 0.22, 0.97)
1115.13: (-0.16, -0.16, 0.97)
1115.25: (-0.13, -0.21, 0.97)
1115.35: (-0.14, -0.23, 0.96)
1115.47: (-0.39, -0.34, 0.86)
1115.50: (-0.42, -0.38, 0.83)
1115.50: (0.05, 0.68, -0.73): 0
1115.58: (-0.43, -0.39, 0.81)
1115.68: (-0.43, -0.38, 0.82)
1115.80: (-0.39, -0.33, 0.86)
1115.92: (-0.39, -0.33, 0.86)
1116.02: (-0.39, -0.33, 0.86)
1116.13: (0.09, -0.24, 0.97)
1116.25: (0.46, 0.22, 0.86)
1116.35: (0.67, 0.28, 0.69)
1116.47: (0.93, 0.12, 0.34)
1116.57: (0.99, -0.02, 0.12)
1116.68: (0.96, -0.27, -0.02)
1116.80: (0.89, -0.45, -0.05)
1116.92: (0.93, -0.35, -0.13)
1117.03: (0.97, 0.13, -0.20)
1117.13: (0.92, 0.34, -0.19)
1117.25: (0.92, 0.34, -0.19)
1117.37: (0.92, 0.34, -0.19)
1117.48: (0.69, 0.64, -0.34)
1117.60: (0.09, 0.85, -0.51)
1117.72: (-0.32, 0.82, -0.47)
1117.83: (-0.28, 0.80, -0.53)
1117.95: (0.00, 0.70, -0.72)
1118.00: (0.07, 0.67, -0.74)
1118.00: (-0.36, 0.36, 0.86): 2
1118.07: (0.07, 0.66, -0.74)
1118.17: (0.07, 0.68, -0.73)
1118.27: (0.04, 0.74, -0.68)
1118.38: (-0.04, 0.81, -0.59)
1118.50: (-0.05, 0.81, -0.59)
1118.62: (-0.05, 0.81, -0.58)
1118.73: (-0.05, 0.81, -0.58)
1118.85: (-0.38, 0.83, -0.40)
1118.95: (-0.80, 0.59, -0.10)
1119.07: (-0.97, 0.26, 0.03)
1119.18: (-1.00, 0.06, -0.01)
1119.30: (-0.99, -0.14, -0.05)
1119.41: (-0.97, -0.24, -0.05)
1119.52: (-0.91, -0.40, -0.11)
1119.62: (-0.82, -0.58, -0.05)
1119.73: (-0.46, -0.73, 0.50)
1119.85: (0.01, -0.53, 0.85)
1119.95: (0.01, -0.53, 0.85)
1120.07: (0.01, -0.53, 0.85)
1120.18: (0.30, -0.33, 0.89)
1120.30: (0.66, 0.32, 0.68)
1120.40: (0.64, 0.74, 0.21)
1120.52: (0.43, 0.85, -0.31)
1120.63: (0.30, 0.74, -0.61)
1120.75: (0.28, 0.65, -0.70)
1120.86: (0.32, 0.66, -0.68)
1120.98: (0.33, 0.64, -0.70)
1121.08: (0.31, 0.61, -0.73)
1121.20: (0.39, 0.78, -0.48)
1121.31: (-0.01, 0.98, -0.21)
1121.43: (-0.15, 0.92, 0.36)
1121.55: (0.08, 0.71, 0.70)
1121.66: (0.17, 0.45, 0.88)
1121.76: (0.08, 0.04, 1.00)
1121.87: (-0.07, -0.10, 0.99)
1121.98: (-0.30, 0.38, 0.88)
1122.08: (-0.30, 0.51, 0.81)
1122.08: (-0.99, -0.05, -0.15): 1
1122.10: (-0.30, 0.51, 0.81)
1122.20: (-0.30, 0.51, 0.80)
1122.31: (-0.33, 0.30, 0.89)
1122.43: (-0.30, 0.02, 0.95)
1122.55: (-0.24, -0.30, 0.93)
1122.66: (-0.07, -0.83, 0.55)
1122.76: (0.01, -0.99, 0.15)
1122.88: (0.05, -0.96, -0.27)
1123.00: (0.01, -0.95, -0.32)
1123.11: (0.01, -0.95, -0.32)
1123.23: (0.01, -0.95, -0.32)
1123.35: (0.18, -0.79, -0.59)
1123.46: (0.14, -0.21, -0.97)
1123.58: (0.04, 0.30, -0.95)
1123.70: (0.00, 0.69, -0.72)
1123.81: (-0.03, 0.96, -0.28)
1123.91: (-0.05, 1.00, 0.05)
1124.03: (-0.11, 0.88, 0.47)
1124.15: (-0.10, 0.72, 0.69)
1124.25: (-0.09, 0.55, 0.83)
1124.35: (-0.09, 0.34, 0.94)
1124.46: (-0.08, 0.04, 1.00)
1124.56: (-0.11, -0.22, 0.97)
1124.68: (-0.13, -0.23, 0.96)
1124.80: (-0.13, -0.23, 0.96)
1124.91: (-0.13, -0.23, 0.96)
1125.03: (-0.13, -0.23, 0.97)
1125.15: (-0.04, -0.97, 0.22)
1125.25: (0.04, -0.90, -0.43)
1125.36: (0.13, -0.60, -0.79)
1125.48: (0.16, -0.30, -0.94)
1125.60: (0.22, -0.16, -0.96)
1125.70: (0.22, 0.21, -0.95)
1125.81: (0.21, 0.52, -0.83)
1125.91: (0.38, 0.50, -0.78)
1126.01: (0.66, 0.37, -0.65)
1126.13: (0.90, 0.12, -0.41)
1126.25: (0.97, -0.10, -0.20)
1126.36: (0.97, -0.25, 0.01)
1126.48: (0.85, -0.46, 0.25)
1126.58: (0.69, -0.61, 0.39)
1126.70: (0.42, -0.72, 0.55)
1126.81: (0.19, -0.88, 0.43)
1126.93: (-0.09, -0.99, 0.09)
1127.05: (-0.16, -0.99, -0.05)
1127.16: (0.26, -0.86, -0.45)
1127.28: (0.77, 0.03, -0.63)
1127.38: (0.59, 0.62, -0.52)
1127.50: (0.26, 0.92, -0.28)
1127.61: (-0.05, 1.00, -0.05)
1127.71: (-0.25, 0.96, 0.09)
1127.83: (-0.33, 0.94, -0.09)
1127.95: (0.04, 0.75, -0.66)
1128.06: (0.41, -0.03, -0.91)
1128.18: (0.56, -0.61, -0.56)
1128.30: (0.43, -0.90, 0.06)
1128.41: (0.18, -0.92, 0.36)
1128.53: (0.06, -0.95, 0.31)
1128.65: (-0.21, -0.97, 0.16)
1128.76: (-0.55, -0.83, -0.10)
1128.86: (-0.75, -0.57, -0.34)
1128.98: (-0.80, -0.29, -0.52)
1129.10: (-0.83, -0.26, -0.50)
1129.21: (-0.96, -0.20, -0.18)
1129.33: (-1.00, 0.03, -0.05)
1129.33: (1.00, 0.04, 0.03): 0
1129.33: (-1.00, 0.03, -0.05)
1129.43: (-0.99, 0.05, -0.10)
1129.55: (-0.97, -0.09, -0.21)
1129.65: (-0.96, -0.12, -0.25)
1129.76: (-0.96, -0.12, -0.25)
1129.88: (-0.96, -0.12, -0.25)
1130.00: (-0.96, -0.12, -0.25)
1130.11: (-0.96, -0.15, -0.21)
1130.23: (-0.81, -0.59, 0.01)
1130.35: (0.15, -0.99, 0.01)
1130.46: (0.46, -0.71, -0.54)
1130.58: (0.65, -0.31, -0.70)
1130.68: (0.70, -0.22, -0.68)
1130.80: (0.70, -0.22, -0.68)
1130.91: (0.66, -0.44, -0.61)
1131.03: (0.90, -0.30, -0.32)
1131.13: (0.98, -0.20, -0.09)
1131.25: (0.99, -0.13, 0.06)
1131.30: (0.99, -0.13, 0.08)
1131.30: (-0.26, -0.93, -0.27): 2
1131.36: (0.99, -0.13, 0.08)
1131.48: (0.99, -0.12, 0.08)
1131.58: (0.99, -0.12, 0.07)
1131.70: (0.99, -0.12, 0.07)
1131.80: (0.99, -0.12, 0.07)
1131.91: (0.99, -0.12, 0.07)
1132.03: (0.99, -0.12, 0.07)
1132.15: (0.82, -0.36, 0.45)
1132.26: (0.49, -0.56, 0.67)
1132.36: (0.41, -0.60, 0.69)
1132.48: (0.45, -0.62, 0.65)
1132.60: (0.52, -0.85, 0.05)
1132.71: (0.51, -0.79, -0.34)
1132.81: (0.44, -0.71, -0.55)
1132.93: (0.29, -0.61, -0.74)
1133.05: (0.11, -0.47, -0.87)
1133.16: (-0.31, -0.05, -0.95)
1133.28: (-0.62, 0.26, -0.74)
1133.38: (-0.74, 0.38, -0.55)
1133.50: (-0.81, 0.48, -0.35)
1133.60: (-0.82, 0.55, -0.16)
1133.71: (-0.76, 0.64, 0.13)
1133.83: (-0.68, 0.65, 0.33)
1133.95: (-0.62, 0.66, 0.42)
1134.06: (-0.46, 0.80, 0.40)
1134.18: (-0.21, 0.95, 0.25)
1134.28: (0.00, 0.96, 0.27)
1134.40: (0.08, 0.95, 0.31)
1134.51: (0.12, 0.94, 0.32)
1134.63: (0.18, 0.81, 0.55)
1134.75: (0.19, 0.38, 0.90)
1134.85: (0.21, 0.22, 0.95)
1134.96: (0.21, 0.22, 0.95)
1135.08: (0.14, 0.27, 0.95)
1135.20: (0.32, -0.40, 0.86)
1135.30: (0.43, -0.52, 0.74)
1135.41: (0.86, -0.06, 0.51)
1135.53: (0.94, 0.35, -0.02)
1135.64: (0.90, 0.15, -0.42)
1135.76: (0.77, 0.01, -0.63)
1135.86: (0.73, -0.13, -0.67)
1135.98: (0.58, -0.51, -0.63)
1136.09: (0.53, -0.64, -0.56)
1136.21: (0.53, -0.64, -0.56)
1136.33: (0.59, -0.59, -0.55)
1136.44: (-0.02, -0.51, -0.86)
1136.56: (-0.73, -0.24, -0.63)
1136.66: (-0.93, 0.04, -0.36)
1136.78: (-0.91, -0.17, -0.37)
1136.90: (-0.62, -0.60, -0.51)
1137.01: (-0.44, -0.74, -0.50)
1137.13: (-0.37, -0.82, -0.43)
1137.24: (-0.32, -0.90, -0.30)
1137.34: (-0.35, -0.92, -0.19)
1137.34: (0.83, -0.09, -0.55): 1
1137.36: (-0.35, -0.92, -0.19)
1137.46: (-0.35, -0.92, -0.19)
1137.58: (-0.34, -0.92, -0.20)
1137.68: (-0.34, -0.92, -0.21)
1137.79: (-0.34, -0.92, -0.21)
1137.91: (-0.34, -0.92, -0.21)
1138.01: (-0.34, -0.92, -0.21)
1138.13: (-0.17, -0.89, -0.42)
1138.24: (-0.04, -0.74, -0.67)
1138.36: (0.13, -0.52, -0.84)
1138.48: (0.27, 0.10, -0.96)
1138.58: (0.30, 0.46, -0.83)
1138.69: (0.30, 0.76, -0.58)
1138.79: (0.29, 0.91, -0.29)
1138.91: (0.29, 0.96, -0.01)
1139.03: (0.26, 0.93, 0.28)
1139.13: (0.24, 0.89, 0.38)
1139.24: (0.16, 0.82, 0.55)
1139.36: (0.07, 0.69, 0.72)
1139.48: (-0.06, 0.50, 0.86)
1139.58: (-0.10, 0.41, 0.91)
1139.69: (-0.12, 0.38, 0.92)
1139.81: (-0.10, 0.41, 0.91)
1139.91: (0.03, 0.53, 0.85)
1140.03: (0.32, 0.69, 0.65)
1140.13: (0.50, 0.66, 0.56)
1140.24: (0.77, 0.53, 0.35)
1140.36: (0.87, 0.49, 0.11)
1140.48: (0.82, 0.57, -0.07)
1140.59: (0.61, 0.76, -0.23)
1140.69: (0.24, 0.92, -0.32)
1140.81: (-0.28, 0.94, -0.21)
1140.93: (-0.55, 0.81, -0.21)
1141.04: (-0.84, 0.53, -0.15)
1141.16: (-0.90, 0.35, -0.28)
1141.28: (-0.70, 0.26, -0.66)
1141.39: (-0.37, -0.07, -0.93)
1141.51: (-0.15, -0.36, -0.92)
1141.63: (0.05, -0.65, -0.76)
1141.74: (0.27, -0.95, -0.17)
1141.86: (0.33, -0.92, 0.21)
1141.98: (0.33, -0.92, 0.21)
1142.09: (0.33, -0.92, 0.21)
1142.21: (0.24, -0.61, 0.76)
1142.33: (0.07, 0.06, 1.00)
1142.43: (0.54, 0.27, 0.79)
1142.54: (0.96, 0.20, 0.18)
1142.66: (0.88, 0.16, -0.44)
1142.76: (0.51, 0.17, -0.84)
1142.86: (0.21, 0.29, -0.93)
1142.98: (0.60, 0.10, -0.79)
1143.09: (0.89, -0.10, -0.43)
1143.19: (0.95, -0.12, -0.29)
1143.31: (0.94, -0.10, -0.32)
1143.41: (0.91, -0.05, -0.42)
1143.41: (-0.78, -0.20, -0.60): 2
1143.43: (0.90, -0.04, -0.42)
1143.53: (0.90, -0.03, -0.44)
1143.64: (0.86, -0.05, -0.50)
1143.76: (0.82, -0.09, -0.56)
1143.88: (0.83, -0.09, -0.56)
1143.99: (0.84, -0.08, -0.54)
1144.09: (0.84, -0.08, -0.54)
1144.21: (0.84, -0.08, -0.54)
1144.33: (0.84, -0.08, -0.54)
1144.43: (0.84, -0.07, -0.54)
1144.54: (0.57, 0.43, -0.70)
1144.66: (-0.05, 0.76, -0.65)
1144.78: (-0.07, 0.80, -0.59)
1144.89: (-0.07, 0.80, -0.59)
1145.01: (-0.07, 0.80, -0.59)
1145.13: (-0.56, 0.75, -0.35)
1145.23: (-0.88, 0.46, 0.07)
1145.34: (-0.91, 0.17, 0.39)
1145.46: (-0.86, 0.04, 0.51)
1145.58: (-0.75, -0.13, 0.65)
1145.69: (-0.59, -0.25, 0.77)
1145.79: (-0.26, -0.42, 0.87)
1145.91: (0.21, -0.10, 0.97)
1146.03: (0.72, 0.31, 0.62)
1146.14: (0.86, 0.30, 0.41)
1146.24: (0.70, -0.28, 0.66)
1146.36: (-0.04, -0.94, 0.34)
1146.48: (-0.39, -0.89, -0.23)
1146.59: (-0.29, -0.76, -0.59)
1146.71: (-0.05, -0.63, -0.78)
1146.83: (-0.05, -0.63, -0.78)
1146.94: (0.45, -0.44, -0.78)
1147.06: (0.88, 0.08, -0.47)
1147.18: (0.68, 0.72, 0.15)
1147.29: (0.60, 0.79, 0.10)
1147.41: (0.60, 0.79, 0.10)
1147.51: (0.68, 0.72, 0.10)
1147.63: (0.32, 0.79, 0.53)
1147.74: (-0.22, 0.58, 0.78)
1147.84: (-0.64, 0.45, 0.62)
1147.94: (-0.82, 0.35, 0.45)
1148.06: (-0.93, 0.33, 0.17)
1148.18: (-0.88, 0.41, -0.23)
1148.28: (-0.85, 0.40, -0.36)
1148.39: (-0.83, 0.27, -0.49)
1148.51: (-0.88, -0.18, -0.44)
1148.63: (-0.84, -0.29, -0.46)
1148.68: (-0.82, -0.27, -0.50)
1148.68: (-0.71, 0.28, 0.65): 0
1148.73: (-0.82, -0.27, -0.51)
1148.84: (-0.81, -0.26, -0.52)
1148.96: (-0.81, -0.27, -0.52)
1149.08: (-0.82, -0.24, -0.52)
1149.19: (-0.84, -0.18, -0.52)
1149.29: (-0.85, -0.15, -0.50)
1149.41: (-0.88, -0.13, -0.46)
1149.53: (-0.94, 0.09, -0.32)
1149.64: (-0.58, 0.78, 0.22)
1149.76: (-0.08, 0.87, 0.49)
1149.88: (0.30, 0.70, 0.65)
1149.98: (0.47, 0.57, 0.68)
1150.09: (0.67, 0.28, 0.69)
1150.19: (0.73, -0.03, 0.68)
1150.31: (0.72, -0.32, 0.62)
1150.41: (0.68, -0.50, 0.53)
1150.53: (0.56, -0.76, 0.33)
1150.64: (0.43, -0.89, 0.14)
1150.74: (0.32, -0.95, 0.02)
1150.86: (0.31, -0.95, 0.01)
1150.98: (0.31, -0.95, 0.01)
1151.09: (0.17, -0.97, -0.19)
1151.21: (0.27, -0.89, -0.36)
1151.31: (0.61, -0.62, -0.49)
1151.43: (0.69, -0.37, -0.62)
1151.54: (0.66, 0.03, -0.75)
1151.66: (0.62, 0.05, -0.78)
1151.76: (0.50, -0.44, -0.75)
1151.88: (0.35, -0.80, -0.49)
1151.99: (0.04, -0.97, -0.26)
1152.11: (-0.19, -0.98, -0.07)
1152.23: (-0.40, -0.91, 0.11)
1152.34: (-0.62, -0.78, 0.11)
1152.44: (-0.64, -0.70, -0.31)
1152.56: (-0.55, -0.49, -0.68)
1152.66: (-0.44, -0.35, -0.82)
1152.78: (-0.18, -0.11, -0.98)
1152.89: (-0.04, 0.11, -0.99)
1153.01: (-0.06, 0.36, -0.93)
1153.11: (-0.07, 0.63, -0.77)
1153.22: (-0.07, 0.81, -0.58)
1153.34: (-0.07, 0.92, -0.40)
1153.46: (-0.08, 0.96, -0.28)
1153.56: (-0.12, 0.99, -0.10)
1153.67: (-0.12, 0.99, 0.05)
1153.78: (-0.13, 0.97, 0.19)
1153.89: (-0.17, 0.91, 0.38)
1153.99: (-0.20, 0.87, 0.45)
1154.11: (-0.22, 0.82, 0.53)
1154.22: (-0.25, 0.71, 0.65)
1154.34: (-0.21, 0.55, 0.81)
1154.44: (-0.16, 0.46, 0.87)
1154.54: (-0.15, 0.46, 0.87)
1154.66: (-0.44, 0.51, 0.74)
1154.77: (-0.65, 0.49, 0.58)
1154.89: (-0.74, 0.44, 0.50)
1155.01: (-0.70, 0.61, 0.37)
1155.11: (-0.70, 0.61, 0.37)
1155.22: (-0.71, 0.56, 0.43)
1155.34: (-0.72, 0.39, 0.57)
1155.44: (-0.71, 0.33, 0.62)
1155.44: (-0.53, 0.55, 0.65): 2
1155.46: (-0.71, 0.33, 0.62)
1155.56: (-0.71, 0.33, 0.62)
1155.67: (-0.71, 0.33, 0.62)
1155.79: (-0.71, 0.38, 0.59)
1155.91: (-0.71, 0.38, 0.59)
1156.02: (-0.57, 0.47, 0.67)
1156.14: (-0.51, 0.54, 0.67)
1156.16: (-0.51, 0.54, 0.67)
1156.16: (-0.05, 0.99, 0.14): 0
1156.24: (-0.50, 0.54, 0.67)
1156.36: (-0.51, 0.54, 0.67)
1156.47: (-0.51, 0.54, 0.67)
1156.59: (-0.25, 0.89, 0.39)
1156.69: (-0.10, 0.98, 0.18)
1156.79: (-0.10, 0.98, 0.18)
1156.81: (-0.10, 0.98, 0.18)
1156.81: (0.72, -0.11, -0.69): 2
1156.91: (-0.11, 0.98, 0.18)
1157.02: (-0.13, 0.98, 0.18)
1157.14: (-0.04, 1.00, 0.05)
1157.26: (0.27, 0.94, -0.21)
1157.37: (0.36, 0.89, -0.27)
1157.47: (0.38, 0.88, -0.30)
1157.59: (0.40, 0.67, -0.62)
1157.69: (0.42, 0.32, -0.85)
1157.81: (0.36, -0.06, -0.93)
1157.91: (0.26, -0.31, -0.91)
1158.02: (0.52, -0.21, -0.82)
1158.14: (0.67, -0.15, -0.73)
1158.16: (0.67, -0.15, -0.73)
1158.16: (-1.00, -0.07, -0.02): 1
1158.24: (0.67, -0.16, -0.72)
1158.34: (0.67, -0.15, -0.73)
1158.46: (0.66, -0.15, -0.73)
1158.56: (0.63, -0.17, -0.76)
1158.67: (0.69, -0.09, -0.72)
1158.79: (0.63, 0.25, -0.74)
1158.89: (0.44, -0.13, -0.89)
1159.01: (0.07, -0.61, -0.79)
1159.12: (-0.25, -0.92, -0.30)
1159.22: (-0.36, -0.93, -0.03)
1159.32: (-0.44, -0.89, 0.13)
1159.44: (-0.43, -0.87, 0.23)
1159.56: (-0.16, -0.91, 0.37)
1159.67: (0.22, -0.82, 0.52)
1159.77: (0.36, -0.67, 0.65)
1159.89: (0.38, -0.59, 0.71)
1160.01: (-0.06, -0.46, 0.89)
1160.11: (-0.62, -0.16, 0.77)
1160.22: (-0.83, 0.23, 0.51)
1160.34: (-0.81, 0.43, 0.39)
1160.44: (-0.80, 0.51, 0.32)
1160.56: (-0.80, 0.51, 0.32)
1160.66: (-0.81, 0.49, 0.32)
1160.77: (-0.55, 0.79, 0.27)
1160.89: (0.04, 0.93, 0.36)
1160.99: (0.43, 0.85, 0.29)
1161.11: (0.79, 0.62, -0.06)
1161.22: (0.85, 0.48, -0.22)
1161.34: (0.86, 0.43, -0.28)
1161.46: (0.75, 0.32, -0.58)
1161.57: (0.36, 0.02, -0.93)
1161.67: (-0.10, -0.24, -0.97)
1161.79: (-0.45, -0.44, -0.78)
1161.91: (-0.49, -0.48, -0.73)
1162.02: (-0.49, -0.48, -0.73)
1162.14: (-0.48, -0.48, -0.74)
1162.26: (-0.57, -0.73, -0.38)
1162.37: (-0.60, -0.80, 0.00)
1162.49: (-0.51, -0.78, 0.36)
1162.61: (-0.32, -0.64, 0.69)
1162.72: (-0.12, -0.42, 0.90)
1162.84: (0.01, -0.22, 0.98)
1162.96: (0.07, -0.10, 0.99)
1163.07: (0.13, 0.01, 0.99)
1163.19: (0.21, 0.17, 0.96)
1163.31: (-0.21, 0.51, 0.83)
1163.42: (-0.63, 0.70, 0.33)
1163.54: (-0.65, 0.75, -0.11)
1163.66: (-0.67, 0.59, -0.45)
1163.77: (-0.53, 0.62, -0.58)
1163.89: (-0.12, 0.78, -0.61)
1164.01: (0.23, 0.84, -0.49)
1164.12: (0.20, 0.87, -0.46)
1164.24: (0.17, 0.88, -0.44)
1164.34: (0.36, 0.68, -0.64)
1164.46: (0.80, -0.07, -0.59)
1164.57: (0.87, -0.40, -0.29)
1164.67: (0.87, -0.40, -0.29)
1164.79: (0.87, -0.40, -0.29)
1164.91: (0.83, -0.48, -0.29)
1165.02: (0.49, -0.82, -0.30)
1165.12: (0.36, -0.87, -0.34)
1165.22: (0.33, -0.86, -0.39)
1165.34: (0.32, -0.84, -0.43)
1165.44: (0.32, -0.84, -0.43)
1165.56: (0.39, -0.70, -0.60)
1165.67: (0.45, -0.20, -0.87)
1165.79: (0.26, 0.13, -0.96)
1165.91: (-0.22, 0.44, -0.87)
1166.02: (-0.57, 0.60, -0.56)
1166.14: (-0.53, 0.62, -0.59)
1166.26: (-0.53, 0.62, -0.59)
1166.37: (-0.58, 0.64, -0.50)
1166.49: (-0.81, 0.58, 0.09)
1166.61: (-0.81, 0.42, 0.41)
1166.71: (-0.79, 0.25, 0.55)
1166.82: (-0.61, 0.09, 0.79)
1166.94: (-0.32, -0.01, 0.95)
1167.06: (-0.85, 0.03, 0.53)
1167.16: (-0.98, 0.05, 0.17)
1167.27: (-0.99, -0.03, -0.11)
1167.36: (-0.98, -0.11, -0.14)
1167.36: (-0.47, -0.72, -0.51): 0
1167.39: (-0.98, -0.12, -0.14)
1167.51: (-0.98, -0.12, -0.12)
1167.61: (-0.99, -0.12, -0.11)
1167.72: (-1.00, -0.08, -0.03)
1167.84: (-0.99, -0.06, 0.15)
1167.96: (-0.84, 0.21, 0.49)
1168.07: (-0.72, 0.41, 0.55)
1168.19: (-0.64, 0.68, 0.35)
1168.31: (-0.56, 0.82, 0.11)
1168.41: (-0.53, 0.84, -0.12)
1168.52: (-0.44, 0.83, -0.35)
1168.64: (-0.25, 0.80, -0.54)
1168.76: (-0.14, 0.66, -0.73)
1168.87: (-0.02, 0.48, -0.88)
1168.99: (0.09, 0.10, -0.99)
1169.10: (0.09, -0.19, -0.98)
1169.22: (0.05, -0.20, -0.98)
1169.34: (0.05, -0.20, -0.98)
1169.44: (0.06, -0.20, -0.98)
1169.56: (0.40, -0.59, -0.70)
1169.67: (0.62, -0.78, -0.12)
1169.77: (0.62, -0.77, 0.16)
1169.89: (0.53, -0.76, 0.37)
1170.01: (0.31, -0.73, 0.61)
1170.12: (0.26, -0.69, 0.68)
1170.24: (0.23, -0.58, 0.78)
1170.34: (0.26, -0.38, 0.89)
1170.45: (0.27, -0.24, 0.93)
1170.57: (0.25, -0.13, 0.96)
1170.69: (0.14, -0.08, 0.99)
1170.80: (-0.41, -0.34, 0.85)
1170.92: (-0.75, -0.52, 0.41)
1171.04: (-0.83, -0.56, 0.07)
1171.14: (-0.82, -0.56, 0.07)
1171.25: (-0.82, -0.56, 0.07)
1171.35: (-0.82, -0.57, 0.09)
1171.47: (-0.79, -0.09, -0.61)
1171.59: (-0.44, 0.47, -0.76)
1171.70: (-0.44, 0.52, -0.73)
1171.80: (-0.44, 0.52, -0.73)
1171.92: (-0.59, 0.25, -0.77)
1172.04: (-0.64, -0.50, -0.58)
1172.15: (-0.60, -0.48, -0.63)
1172.27: (-0.55, -0.58, -0.60)
1172.39: (-0.48, -0.75, -0.45)
1172.44: (-0.43, -0.82, -0.38)
1172.44: (-1.00, -0.02, 0.01): 2
1172.50: (-0.44, -0.82, -0.37)
1172.60: (-0.43, -0.80, -0.41)
1172.72: (-0.46, -0.74, -0.49)
1172.82: (-0.46, -0.74, -0.49)
1172.94: (-0.46, -0.74, -0.49)
1173.05: (-0.46, -0.74, -0.49)
1173.17: (-0.47, -0.73, -0.51)
1173.29: (-0.49, -0.58, -0.65)
1173.40: (-0.02, -0.24, -0.97)
1173.50: (0.29, 0.28, -0.91)
1173.62: (0.27, 0.81, -0.53)
1173.74: (0.07, 0.99, -0.12)
1173.85: (-0.19, 0.96, 0.18)
1173.95: (-0.44, 0.73, 0.52)
1174.07: (-0.60, 0.14, 0.78)
1174.19: (-0.57, -0.24, 0.78)
1174.30: (-0.07, -0.84, 0.54)
1174.42: (0.34, -0.92, -0.20)
1174.54: (0.33, -0.92, -0.20)
1174.65: (0.33, -0.92, -0.20)
1174.77: (0.21, -0.94, -0.27)
1174.89: (-0.15, -0.74, -0.65)
1175.00: (-0.25, -0.41, -0.88)
1175.10: (-0.31, 0.00, -0.95)
1175.22: (-0.40, 0.29, -0.87)
1175.34: (-0.30, 0.72, -0.62)
1175.45: (-0.18, 0.92, -0.35)
1175.57: (-0.22, 0.97, -0.12)
1175.67: (-0.27, 0.95, -0.18)
1175.79: (-0.27, 0.95, -0.18)
1175.90: (-0.44, 0.86, -0.26)
1176.02: (-0.51, 0.71, 0.48)
1176.12: (-0.30, 0.42, 0.85)
1176.24: (-0.05, -0.02, 1.00)
1176.35: (0.22, -0.33, 0.92)
1176.45: (0.34, -0.39, 0.86)
1176.57: (0.54, -0.37, 0.76)
1176.69: (0.76, -0.36, 0.54)
1176.79: (0.95, -0.25, 0.18)
1176.90: (0.97, -0.25, 0.02)
1177.02: (0.93, -0.36, -0.07)
1177.14: (0.82, -0.55, -0.14)
1177.25: (0.67, -0.72, -0.17)
1177.35: (0.55, -0.81, -0.18)
1177.47: (0.38, -0.92, -0.07)
1177.57: (0.30, -0.95, 0.01)
1177.69: (0.18, -0.97, 0.14)
1177.80: (-0.14, -0.90, 0.42)
1177.92: (-0.36, -0.69, 0.63)
1178.04: (-0.54, -0.31, 0.78)
1178.15: (-0.62, 0.11, 0.77)
1178.27: (-0.58, 0.49, 0.66)
1178.39: (-0.45, 0.75, 0.49)
1178.50: (-0.38, 0.83, 0.40)
1178.60: (-0.31, 0.92, 0.25)
1178.72: (-0.10, 0.99, -0.01)
1178.84: (0.11, 0.94, -0.31)
1178.94: (0.28, 0.79, -0.54)
1179.05: (0.47, 0.49, -0.73)
1179.17: (0.55, 0.15, -0.82)
1179.29: (0.55, -0.31, -0.77)
1179.40: (0.48, -0.65, -0.59)
1179.52: (0.37, -0.81, -0.45)
1179.62: (0.29, -0.90, -0.33)
1179.74: (0.17, -0.97, -0.16)
1179.85: (0.04, -1.00, 0.02)
1179.97: (-0.18, -0.92, 0.36)
1180.07: (-0.41, -0.64, 0.65)
1180.19: (-0.43, -0.49, 0.76)
1180.30: (-0.41, -0.51, 0.76)
1180.42: (-0.41, -0.51, 0.76)
1180.54: (-0.41, -0.51, 0.76)
1180.65: (-0.51, -0.44, 0.74)
1180.77: (-0.48, 0.36, 0.80)
1180.89: (-0.22, 0.79, 0.57)
1180.99: (-0.01, 0.98, 0.20)
1181.10: (0.19, 0.96, -0.21)
1181.22: (0.32, 0.80, -0.51)
1181.34: (0.43, 0.51, -0.74)
1181.45: (0.44, 0.26, -0.86)
1181.57: (0.42, 0.00, -0.91)
1181.69: (0.38, -0.26, -0.89)
1181.79: (0.22, -0.40, -0.89)
1181.90: (-0.10, -0.48, -0.87)
1182.02: (-0.46, -0.49, -0.74)
1182.12: (-0.69, -0.39, -0.61)
1182.24: (-0.82, -0.30, -0.49)
1182.35: (-0.88, -0.27, -0.39)
1182.47: (-0.94, -0.23, -0.27)
1182.59: (-0.97, -0.19, -0.17)
1182.69: (-0.98, -0.16, -0.10)
1182.80: (-0.99, -0.13, -0.06)
1182.80: (0.89, 0.24, -0.39): 0
1182.80: (-0.99, -0.13, -0.06)
1182.92: (-0.99, -0.13, -0.06)
1183.04: (-0.98, -0.15, -0.10)
1183.15: (-0.97, -0.20, -0.15)
1183.27: (-0.97, -0.20, -0.15)
1183.39: (-0.96, -0.20, -0.17)
1183.50: (-0.55, 0.09, -0.83)
1183.60: (-0.31, 0.24, -0.92)
1183.72: (-0.20, 0.57, -0.80)
1183.84: (-0.23, 0.92, -0.31)
1183.95: (0.11, 0.96, 0.26)
1184.07: (0.59, 0.67, 0.46)
1184.17: (0.91, -0.20, 0.38)
1184.29: (0.69, -0.72, 0.07)
1184.40: (0.70, -0.71, 0.06)
1184.52: (0.70, -0.67, -0.27)
1184.64: (0.08, -0.44, -0.89)
1184.75: (-0.43, -0.47, -0.77)
1184.87: (-0.23, -0.62, -0.75)
1184.99: (-0.16, -0.61, -0.78)
1185.10: (0.34, -0.43, -0.84)
1185.22: (0.85, -0.09, -0.53)
1185.32: (0.95, 0.05, -0.29)
1185.44: (0.98, 0.19, -0.08)
1185.55: (0.93, 0.22, -0.28)
1185.64: (0.89, 0.21, -0.41)
1185.64: (0.56, 0.28, 0.78): 0
1185.67: (0.89, 0.20, -0.42)
1185.79: (0.88, 0.21, -0.42)
1185.89: (0.88, 0.21, -0.42)
1186.00: (0.89, 0.21, -0.42)
1186.12: (0.89, 0.20, -0.42)
1186.24: (0.89, 0.20, -0.42)
1186.35: (0.89, 0.28, -0.37)
1186.47: (0.85, 0.49, -0.17)
1186.59: (0.68, 0.69, 0.25)
1186.69: (0.31, 0.68, 0.66)
1186.80: (-0.10, 0.62, 0.78)
1186.92: (-0.17, 0.59, 0.79)
1187.04: (0.43, 0.36, 0.83)
1187.15: (0.53, 0.24, 0.82)
1187.15: (0.88, -0.05, 0.47): 2
1187.15: (0.53, 0.24, 0.82)
1187.25: (0.53, 0.24, 0.82)
1187.37: (0.51, 0.25, 0.82)
1187.48: (0.63, 0.21, 0.75)
1187.60: (0.86, 0.02, 0.51)
1187.64: (0.86, 0.02, 0.51)
1187.64: (-0.91, 0.41, 0.02): 0
1187.70: (0.86, 0.01, 0.51)
1187.80: (0.85, 0.03, 0.53)
1187.92: (0.85, 0.03, 0.52)
1188.03: (0.97, 0.04, 0.24)
1188.15: (0.94, 0.25, -0.23)
1188.27: (0.57, 0.73, -0.38)
1188.38: (0.17, 0.87, -0.46)
1188.50: (-0.09, 0.74, -0.67)
1188.62: (-0.17, 0.42, -0.89)
1188.72: (0.10, 0.11, -0.99)
1188.82: (0.50, -0.08, -0.86)
1188.93: (0.81, -0.22, -0.55)
1189.03: (0.88, -0.25, -0.41)
1189.13: (0.79, -0.29, -0.54)
1189.25: (0.09, -0.56, -0.82)
1189.37: (-0.54, -0.61, -0.58)
1189.48: (-0.89, -0.46, 0.03)
1189.58: (-0.90, -0.41, 0.11)
1189.70: (-0.90, -0.41, 0.11)
1189.80: (-0.87, -0.46, 0.19)
1189.92: (-0.68, -0.26, 0.69)
1190.03: (-0.41, -0.02, 0.91)
1190.15: (0.27, 0.26, 0.93)
1190.27: (0.71, 0.37, 0.60)
1190.38: (0.71, 0.37, 0.60)
1190.50: (0.65, 0.35, 0.67)
1190.60: (0.82, 0.34, 0.47)
1190.72: (0.95, 0.26, -0.18)
1190.82: (0.78, 0.12, -0.62)
1190.93: (0.62, 0.02, -0.78)
1191.05: (0.38, -0.27, -0.89)
1191.15: (-0.05, -0.36, -0.93)
1191.27: (-0.53, -0.29, -0.80)
1191.38: (-0.58, -0.22, -0.78)
1191.48: (-0.58, -0.22, -0.78)
1191.60: (-0.67, -0.19, -0.72)
1191.72: (-0.98, -0.08, -0.16)
1191.82: (-1.00, -0.07, 0.05)
1191.93: (-0.98, -0.12, 0.17)
1192.05: (-0.94, -0.14, 0.30)
1192.15: (-0.95, 0.28, 0.13)
1192.27: (-0.94, 0.32, 0.09)
1192.30: (-0.94, 0.32, 0.09)
1192.30: (-0.44, 0.90, 0.08): 2
1192.38: (-0.95, 0.31, 0.09)
1192.50: (-0.94, 0.33, 0.10)
1192.62: (-0.94, 0.29, 0.15)
1192.73: (-0.95, 0.17, 0.25)
1192.85: (-0.89, 0.42, 0.16)
1192.97: (-0.84, 0.41, 0.34)
1193.08: (-0.54, 0.10, 0.83)
1193.20: (-0.17, 0.17, 0.97)
1193.30: (-0.18, 0.19, 0.96)
1193.42: (-0.26, 0.19, 0.95)
1193.53: (-0.32, 0.67, 0.67)
1193.65: (-0.43, 0.82, 0.38)
1193.75: (-0.43, 0.82, 0.38)
1193.87: (-0.35, 0.90, 0.25)
1193.97: (-0.40, 0.91, -0.02)
1193.97: (-0.26, 0.96, 0.10): 1
1193.98: (-0.41, 0.91, -0.04)
1194.08: (-0.41, 0.91, -0.03)
1194.20: (-0.40, 0.91, 0.07)
1194.30: (-0.33, 0.93, 0.18)
1194.30: (-0.83, -0.54, 0.13): 1
1194.32: (-0.32, 0.93, 0.18)
1194.43: (-0.31, 0.94, 0.17)
1194.55: (-0.23, 0.96, 0.18)
1194.67: (0.04, 0.86, 0.51)
1194.78: (0.08, 0.81, 0.58)
1194.90: (-0.29, 0.66, 0.70)
1195.02: (-0.73, 0.41, 0.54)
1195.12: (-0.93, 0.25, 0.27)
1195.23: (-1.00, -0.01, -0.06)
1195.35: (-0.99, -0.09, -0.14)
1195.45: (-0.91, -0.20, -0.36)
1195.55: (-0.86, -0.37, -0.36)
1195.67: (-0.89, -0.45, -0.07)
1195.78: (-0.88, -0.47, -0.04)
1195.78: (-0.85, 0.52, 0.07): 2
1195.78: (-0.88, -0.47, -0.04)
1195.90: (-0.87, -0.50, -0.02)
1196.02: (-0.84, -0.53, 0.05)
1196.13: (-0.83, -0.54, 0.16)
1196.25: (-0.74, -0.61, 0.27)
1196.37: (-0.61, -0.70, 0.37)
1196.48: (-0.61, -0.67, 0.42)
1196.58: (-0.52, -0.51, 0.68)
1196.70: (-0.21, -0.27, 0.94)
1196.82: (0.18, -0.21, 0.96)
1196.93: (0.48, -0.08, 0.87)
1197.03: (0.70, 0.02, 0.72)
1197.15: (0.87, 0.13, 0.48)
1197.27: (0.88, 0.17, 0.45)
1197.38: (0.88, 0.17, 0.45)
1197.50: (0.88, 0.19, 0.44)
1197.62: (0.90, 0.41, 0.17)
1197.72: (0.68, 0.60, -0.42)
1197.83: (0.36, 0.69, -0.63)
1197.95: (0.13, 0.80, -0.59)
1198.07: (-0.28, 0.85, -0.44)
1198.17: (-0.69, 0.69, -0.21)
1198.27: (-0.92, 0.39, 0.04)
1198.38: (-0.94, 0.26, 0.20)
1198.48: (-0.93, 0.33, 0.16)
1198.60: (-0.88, 0.47, 0.12)
1198.72: (-0.84, 0.53, 0.09)
1198.75: (-0.84, 0.53, 0.08)
END