3/30/2023 4:01:30 PM
Mode: Default
White time (s): [4.765625, 2.482666, 2.782471, 1.566284, 0.8999023, 0.9660645, 2.049805, 1.383057, 1.116455, 0.9334717, 1.316162, 1.949829, 1.266479, 2.566162, 1.283081, 2.032837, 2.266113, 0.4667969, 3.449097, 1.016479, 2.049438, 3.216553, 0.9499512, 0.4002686, 1.766479, 1.749512, 1.550171, 1.516113, 4.21582, 0.949585]
Shot time (s): [3.915527, 0.5167236, 2.74939, 2.16626, 1.416626, 1.649414, 0.7832031, 2.965942, 0.416626, 1.532959, 2.466431, 4.949341, 1.982788, 2.283081, 1.199829, 1.899658, 1.016479, 1.883179, 3.249023, 1.333008, 0.8494873, 1.450073, 3.532349, 1.266113, 1.532837, 1.616577, 0.6832275, 1.632935, 1.166626, 2.216309]
Step time (s): [1.849731, 4.232666, 0.8664551, 0.7663574, 1.033447, 2.366333, 1.899658, 0.583374, 1.349731, 0.6501465, 2.58252, 6.831787, 3.116211, 2.682373, 2.832886, 1.466187, 2.932495, 0.6165771, 0.3996582, 1.432983, 2.299316, 0.6000977, 2.73291, 0.6330566, 1.033447, 1.266235, 3.432739, 1.416138, 1.583008, 0.9165039]
White horz (deg): [435.4796, 151.9048, 372.2095, 114.7124, 43.31997, 68.39994, 241.3948, 51.15747, 48.30746, 45.88495, 117.5624, 172.5674, 125.9699, 291.9822, 80.36993, 111.5774, 208.1923, 14.53499, 475.0946, 78.37495, 187.2447, 293.9772, 23.93999, 5.272497, 181.9723, 144.2098, 218.1674, 105.1649, 363.2319, 81.65242]
Shot horz (deg): [232.8447, 12.11249, 340.5748, 202.3498, 120.8399, 88.06493, 34.19997, 319.6271, 15.67499, 113.0024, 237.5472, 515.2798, 141.7874, 141.2173, 92.1974, 148.9124, 74.52745, 192.2323, 222.4423, 144.9224, 110.2949, 177.9823, 315.7797, 70.53744, 112.4324, 135.3749, 8.692494, 120.4124, 88.49241, 236.8348]
Step horz (deg): [129.1049, 354.112, 22.37249, 42.17997, 95.04743, 190.5222, 125.8274, 16.52999, 29.49748, 44.31747, 185.5348, 632.2721, 128.6774, 132.0973, 170.1448, 114.2849, 151.0499, 9.547494, 8.549995, 107.7299, 183.6823, 35.05497, 245.6698, 19.80749, 54.71996, 91.34243, 304.8072, 121.9799, 170.2874, 114.5699]
White vert (deg): [405.4121, 135.8023, 178.4098, 113.1449, 35.62497, 74.52744, 124.1174, 110.5799, 73.81494, 49.44746, 52.86746, 97.89737, 57.71245, 201.2098, 42.17997, 181.9723, 169.4324, 10.25999, 193.9422, 28.07248, 126.5399, 214.7472, 53.72246, 22.08749, 71.67741, 104.0249, 87.06741, 170.1449, 260.7746, 58.42496]
Shot vert (deg): [391.5897, 47.59496, 191.6623, 145.3499, 85.92744, 103.3124, 34.34248, 219.7348, 18.23999, 56.71496, 137.3699, 235.6947, 126.5399, 181.8298, 77.51993, 116.1374, 52.86745, 87.06742, 184.8223, 94.19241, 36.76497, 79.65743, 153.1873, 63.98243, 72.81744, 72.38994, 22.94249, 127.8224, 64.55244, 111.8623]
Step vert (deg): [53.43745, 225.5772, 23.79749, 42.46497, 74.81244, 144.0673, 71.24992, 18.80999, 61.55995, 12.82499, 174.9899, 511.2893, 119.2724, 118.2748, 224.0098, 93.76491, 96.3299, 11.25749, 19.23749, 73.24493, 137.3698, 9.262495, 108.0149, 28.35748, 53.86497, 87.20994, 193.3723, 69.25494, 81.50993, 22.94249]

Time in sec: camera forward versor
Time in sec: target versor: sound type (0 = White, 1 = Shot, 2 = Step)
START
1204.78: (0.36, 0.52, 0.77): 1
1204.78: (-0.91, 0.40, 0.10)
1204.90: (-0.91, 0.40, 0.10)
1205.01: (-0.91, 0.40, 0.10)
1205.13: (-0.91, 0.40, 0.10)
1205.23: (-0.92, 0.38, 0.10)
1205.35: (-0.96, 0.27, 0.03)
1205.46: (-0.98, 0.13, -0.11)
1205.58: (-0.97, 0.04, -0.22)
1205.70: (-0.89, -0.07, -0.44)
1205.81: (-0.71, -0.21, -0.67)
1205.93: (-0.44, -0.38, -0.81)
1206.03: (-0.22, -0.49, -0.84)
1206.13: (-0.23, -0.49, -0.84)
1206.25: (-0.78, -0.23, -0.59)
1206.36: (-0.92, -0.10, -0.39)
1206.48: (-0.98, 0.18, -0.11)
1206.60: (-0.85, 0.46, 0.27)
1206.70: (-0.81, 0.45, 0.37)
1206.81: (-0.83, 0.40, 0.40)
1206.91: (-0.82, 0.33, 0.47)
1207.01: (-0.72, 0.07, 0.69)
1207.13: (-0.53, -0.29, 0.80)
1207.25: (-0.23, -0.71, 0.66)
1207.36: (-0.01, -0.85, 0.52)
1207.46: (0.16, -0.90, 0.40)
1207.58: (0.44, -0.83, 0.33)
1207.70: (0.80, -0.50, 0.34)
1207.81: (0.98, -0.05, 0.19)
1207.93: (0.86, 0.38, 0.34)
1208.03: (0.60, 0.66, 0.46)
1208.15: (0.28, 0.75, 0.60)
1208.26: (0.28, 0.68, 0.68)
1208.38: (0.43, 0.32, 0.84)
1208.48: (0.43, 0.32, 0.84)
1208.60: (0.42, 0.34, 0.84)
1208.70: (0.32, 0.49, 0.81)
1208.70: (0.21, 0.32, -0.92): 2
1208.71: (0.31, 0.51, 0.80)
1208.81: (0.31, 0.51, 0.80)
1208.93: (0.31, 0.51, 0.80)
1209.05: (0.33, 0.48, 0.82)
1209.15: (0.35, 0.45, 0.82)
1209.26: (0.36, 0.44, 0.82)
1209.38: (0.36, 0.44, 0.82)
1209.50: (0.49, 0.43, 0.75)
1209.61: (0.70, 0.57, 0.43)
1209.73: (0.74, 0.67, -0.05)
1209.85: (0.76, 0.57, -0.33)
1209.96: (0.76, 0.57, -0.33)
1210.08: (0.76, 0.57, -0.33)
1210.20: (0.67, 0.35, -0.66)
1210.31: (0.55, 0.39, -0.74)
1210.43: (0.37, 0.42, -0.83)
1210.53: (0.18, 0.28, -0.94)
1210.55: (0.17, 0.28, -0.95)
1210.55: (-0.87, 0.48, -0.01): 0
1210.65: (0.17, 0.28, -0.95)
1210.76: (0.17, 0.28, -0.95)
1210.88: (0.17, 0.28, -0.95)
1210.98: (0.17, 0.28, -0.95)
1211.10: (0.17, 0.28, -0.94)
1211.21: (0.17, 0.28, -0.94)
1211.33: (0.09, 0.29, -0.95)
1211.45: (0.07, 0.28, -0.96)
1211.55: (0.26, 0.17, -0.95)
1211.65: (0.32, 0.14, -0.94)
1211.76: (0.36, 0.11, -0.93)
1211.88: (0.34, 0.03, -0.94)
1211.98: (0.31, -0.24, -0.92)
1212.10: (0.23, -0.43, -0.87)
1212.21: (0.02, -0.60, -0.80)
1212.33: (-0.43, -0.69, -0.59)
1212.45: (-0.72, -0.61, -0.33)
1212.55: (-0.82, -0.55, -0.17)
1212.66: (-0.89, -0.46, 0.03)
1212.78: (-0.92, -0.32, 0.22)
1212.88: (-0.93, -0.14, 0.35)
1213.00: (-0.83, 0.09, 0.54)
1213.10: (-0.72, 0.27, 0.65)
1213.21: (-0.72, 0.26, 0.64)
1213.33: (-0.72, 0.26, 0.64)
1213.45: (-0.49, 0.28, 0.83)
1213.56: (-0.25, 0.13, 0.96)
1213.68: (0.12, -0.10, 0.99)
1213.78: (0.27, -0.20, 0.94)
1213.90: (0.51, -0.30, 0.81)
1214.00: (0.67, -0.34, 0.66)
1214.11: (0.79, -0.21, 0.57)
1214.23: (0.78, 0.41, 0.47)
1214.35: (0.26, 0.86, 0.44)
1214.46: (-0.53, 0.83, 0.20)
1214.58: (-0.91, 0.33, -0.26)
1214.70: (-0.66, -0.26, -0.70)
1214.81: (-0.48, -0.37, -0.80)
1214.93: (-0.88, 0.17, -0.43)
1215.05: (-0.93, 0.27, -0.23)
1215.15: (-0.94, 0.27, -0.21)
1215.26: (-0.88, 0.47, 0.06)
1215.31: (-0.85, 0.52, 0.11)
1215.31: (-0.53, 0.85, -0.01): 1
1215.38: (-0.84, 0.53, 0.11)
1215.48: (-0.86, 0.50, 0.10)
1215.60: (-0.92, 0.40, -0.04)
1215.70: (-0.67, 0.74, 0.06)
1215.81: (-0.52, 0.85, 0.09)
1215.83: (-0.51, 0.86, 0.10)
1215.83: (-1.00, 0.05, -0.05): 1
1215.93: (-0.51, 0.86, 0.10)
1216.05: (-0.53, 0.84, 0.09)
1216.16: (-0.47, 0.85, 0.24)
1216.28: (-0.16, 0.89, 0.42)
1216.40: (0.15, 0.86, 0.49)
1216.51: (0.39, 0.54, 0.75)
1216.61: (0.41, 0.33, 0.85)
1216.73: (0.40, 0.20, 0.90)
1216.83: (0.28, -0.11, 0.95)
1216.95: (0.12, -0.31, 0.94)
1217.06: (-0.15, -0.69, 0.70)
1217.18: (-0.29, -0.87, 0.40)
1217.30: (-0.41, -0.91, -0.11)
1217.41: (-0.40, -0.74, -0.54)
1217.53: (-0.40, -0.36, -0.85)
1217.65: (-0.32, 0.01, -0.95)
1217.76: (-0.32, 0.35, -0.88)
1217.88: (-0.47, 0.65, -0.60)
1217.98: (-0.79, 0.59, -0.16)
1218.10: (-0.88, 0.43, 0.21)
1218.21: (-0.81, 0.48, 0.34)
1218.33: (-0.83, 0.48, 0.29)
1218.43: (-0.95, 0.30, 0.12)
1218.55: (-0.99, 0.16, 0.04)
1218.58: (-0.99, 0.11, 0.04)
1218.58: (0.86, -0.51, -0.07): 0
1218.66: (-1.00, 0.03, 0.03)
1218.78: (-1.00, 0.03, 0.03)
1218.90: (-1.00, 0.03, 0.03)
1219.00: (-1.00, 0.03, 0.03)
1219.11: (-1.00, 0.03, 0.03)
1219.23: (-1.00, -0.02, -0.08)
1219.35: (-0.84, -0.30, -0.45)
1219.46: (-0.59, -0.46, -0.66)
1219.56: (-0.42, -0.52, -0.74)
1219.68: (-0.19, -0.55, -0.82)
1219.80: (0.00, -0.53, -0.85)
1219.90: (0.13, -0.47, -0.87)
1220.00: (0.26, -0.43, -0.86)
1220.11: (0.38, -0.40, -0.83)
1220.23: (0.43, -0.38, -0.82)
1220.33: (0.48, -0.39, -0.78)
1220.45: (0.63, -0.32, -0.71)
1220.56: (0.73, -0.24, -0.63)
1220.68: (0.89, -0.08, -0.45)
1220.78: (0.97, -0.13, -0.20)
1220.89: (0.88, -0.47, -0.07)
1221.01: (0.83, -0.54, -0.12)
1221.06: (0.83, -0.55, -0.13)
1221.06: (-1.00, -0.07, 0.05): 2
1221.11: (0.83, -0.54, -0.13)
1221.23: (0.83, -0.55, -0.13)
1221.33: (0.83, -0.55, -0.13)
1221.43: (0.83, -0.55, -0.13)
1221.54: (0.82, -0.56, -0.13)
1221.66: (0.74, -0.65, -0.18)
1221.78: (0.68, -0.70, -0.19)
1221.89: (0.52, -0.83, -0.22)
1222.01: (0.28, -0.89, -0.36)
1222.13: (0.14, -0.79, -0.59)
1222.24: (0.01, -0.62, -0.78)
1222.36: (-0.09, -0.39, -0.92)
1222.48: (-0.13, -0.14, -0.98)
1222.59: (-0.10, 0.20, -0.97)
1222.69: (-0.05, 0.35, -0.94)
1222.81: (-0.02, 0.53, -0.85)
1222.93: (-0.03, 0.64, -0.77)
1223.04: (-0.13, 0.86, -0.49)
1223.14: (-0.19, 0.96, -0.22)
1223.26: (-0.10, 1.00, 0.00)
1223.38: (0.00, 0.99, 0.12)
1223.49: (0.21, 0.95, 0.23)
1223.61: (0.45, 0.83, 0.32)
1223.71: (0.63, 0.71, 0.31)
1223.83: (0.78, 0.54, 0.33)
1223.93: (0.76, 0.46, 0.46)
1224.04: (0.57, 0.34, 0.75)
1224.16: (0.34, 0.28, 0.90)
1224.28: (0.10, 0.18, 0.98)
1224.39: (-0.12, 0.10, 0.99)
1224.51: (-0.34, 0.00, 0.94)
1224.63: (-0.53, -0.09, 0.84)
1224.73: (-0.66, -0.14, 0.74)
1224.84: (-0.83, -0.21, 0.52)
1224.96: (-0.96, -0.24, 0.14)
1225.08: (-0.96, -0.25, -0.09)
1225.19: (-0.98, -0.19, 0.00)
1225.29: (-0.99, -0.05, 0.11)
1225.29: (-0.91, 0.41, 0.10): 2
1225.31: (-0.99, -0.05, 0.11)
1225.41: (-0.99, -0.05, 0.11)
1225.53: (-0.99, -0.04, 0.11)
1225.64: (-0.99, -0.04, 0.11)
1225.76: (-0.97, 0.22, 0.07)
1225.88: (-0.95, 0.29, 0.08)
1225.99: (-0.93, 0.36, 0.11)
1226.11: (-0.88, 0.47, 0.11)
1226.16: (-0.87, 0.49, 0.10)
1226.16: (-0.47, 0.59, 0.66): 2
1226.23: (-0.86, 0.49, 0.10)
1226.33: (-0.86, 0.50, 0.09)
1226.44: (-0.86, 0.49, 0.11)
1226.56: (-0.76, 0.45, 0.47)
1226.68: (-0.45, 0.42, 0.79)
1226.79: (-0.46, 0.49, 0.74)
1226.91: (-0.51, 0.57, 0.64)
1226.93: (-0.51, 0.57, 0.64)
1226.93: (0.91, 0.14, 0.40): 2
1227.01: (-0.51, 0.57, 0.64)
1227.13: (-0.50, 0.57, 0.65)
1227.24: (-0.43, 0.56, 0.70)
1227.34: (-0.29, 0.51, 0.81)
1227.46: (0.13, 0.27, 0.95)
1227.58: (0.38, 0.10, 0.92)
1227.68: (0.67, -0.05, 0.74)
1227.79: (0.89, -0.04, 0.46)
1227.91: (0.83, 0.30, 0.47)
1227.96: (0.83, 0.31, 0.47)
1227.96: (-0.97, 0.06, 0.22): 2
1228.01: (0.83, 0.30, 0.47)
1228.13: (0.85, 0.29, 0.44)
1228.24: (0.91, 0.21, 0.36)
1228.34: (0.99, 0.00, 0.11)
1228.46: (0.97, -0.14, -0.20)
1228.58: (0.93, -0.21, -0.29)
1228.68: (0.90, -0.25, -0.35)
1228.79: (0.86, -0.23, -0.44)
1228.91: (0.78, -0.25, -0.57)
1229.03: (0.40, -0.39, -0.83)
1229.14: (0.03, -0.41, -0.91)
1229.26: (-0.21, -0.36, -0.91)
1229.36: (-0.30, -0.34, -0.89)
1229.48: (-0.48, -0.40, -0.78)
1229.58: (-0.67, -0.46, -0.58)
1229.69: (-0.75, -0.49, -0.44)
1229.81: (-0.80, -0.57, -0.16)
1229.93: (-0.81, -0.58, 0.03)
1230.03: (-0.91, -0.42, -0.03)
1230.14: (-1.00, -0.06, 0.04)
1230.26: (-0.99, -0.01, 0.13)
1230.33: (-0.99, -0.01, 0.15)
1230.33: (0.94, -0.07, 0.34): 0
1230.36: (-0.99, -0.01, 0.15)
1230.48: (-0.99, 0.05, 0.10)
1230.59: (-1.00, 0.04, 0.08)
1230.71: (-1.00, 0.04, 0.08)
1230.81: (-1.00, 0.04, 0.08)
1230.93: (-0.90, 0.25, 0.36)
1231.03: (-0.44, 0.38, 0.81)
1231.14: (0.31, 0.66, 0.68)
1231.26: (0.57, 0.77, 0.29)
1231.38: (0.68, 0.73, 0.01)
1231.48: (0.69, 0.71, -0.10)
1231.59: (0.68, 0.70, -0.24)
1231.69: (0.75, 0.47, -0.46)
1231.81: (0.81, 0.09, -0.58)
1231.91: (0.77, -0.17, -0.62)
1232.03: (0.45, -0.39, -0.80)
1232.14: (-0.01, -0.54, -0.84)
1232.26: (0.02, -0.54, -0.84)
1232.38: (0.43, -0.54, -0.73)
1232.48: (0.70, -0.50, -0.51)
1232.59: (0.88, -0.41, -0.26)
1232.71: (0.97, 0.03, 0.25)
1232.83: (0.86, 0.20, 0.46)
1232.93: (0.86, 0.18, 0.48)
1233.04: (0.91, 0.06, 0.41)
1233.11: (0.94, -0.01, 0.35)
1233.11: (-0.83, 0.33, 0.45): 2
1233.16: (0.94, -0.01, 0.34)
1233.26: (0.94, 0.00, 0.33)
1233.38: (0.96, 0.09, 0.25)
1233.49: (0.96, 0.09, 0.25)
1233.61: (0.96, 0.09, 0.25)
1233.71: (0.96, 0.09, 0.25)
1233.83: (0.96, 0.09, 0.25)
1233.94: (0.94, 0.11, 0.32)
1234.04: (0.81, 0.24, 0.53)
1234.16: (0.53, 0.53, 0.67)
1234.28: (0.29, 0.68, 0.67)
1234.39: (0.05, 0.75, 0.65)
1234.51: (-0.26, 0.79, 0.56)
1234.61: (-0.49, 0.72, 0.49)
1234.73: (-0.59, 0.66, 0.46)
1234.84: (-0.62, 0.57, 0.54)
1234.96: (-0.80, 0.33, 0.50)
1235.01: (-0.84, 0.30, 0.46)
1235.01: (0.95, -0.27, -0.19): 1
1235.08: (-0.84, 0.30, 0.45)
1235.18: (-0.84, 0.30, 0.45)
1235.29: (-0.83, 0.31, 0.46)
1235.41: (-0.81, 0.31, 0.49)
1235.53: (-0.77, 0.17, 0.61)
1235.64: (-0.67, -0.05, 0.74)
1235.76: (-0.55, -0.16, 0.82)
1235.86: (-0.53, -0.14, 0.84)
1235.98: (-0.53, -0.14, 0.84)
1236.08: (-0.38, -0.08, 0.92)
1236.19: (0.24, 0.03, 0.97)
1236.31: (0.80, 0.13, 0.59)
1236.43: (0.91, 0.26, 0.33)
1236.54: (0.86, 0.50, -0.09)
1236.64: (0.63, 0.65, -0.42)
1236.76: (0.79, 0.49, -0.37)
1236.88: (0.99, 0.07, -0.15)
1236.99: (0.98, -0.21, -0.06)
1237.09: (0.93, -0.31, -0.19)
1237.18: (0.92, -0.29, -0.25)
1237.18: (-0.84, -0.16, -0.52): 0
1237.21: (0.92, -0.28, -0.26)
1237.31: (0.93, -0.26, -0.26)
1237.43: (0.95, -0.07, -0.29)
1237.53: (0.96, -0.06, -0.29)
1237.64: (0.96, -0.06, -0.29)
1237.76: (0.93, -0.12, -0.35)
1237.87: (0.79, -0.52, -0.33)
1237.99: (0.49, -0.75, -0.44)
1238.09: (0.37, -0.65, -0.66)
1238.21: (0.09, -0.51, -0.85)
1238.32: (-0.24, -0.65, -0.72)
1238.42: (-0.50, -0.59, -0.63)
1238.52: (-0.79, -0.38, -0.48)
1238.64: (-0.88, -0.24, -0.41)
1238.74: (-0.88, -0.24, -0.40)
1238.74: (-0.95, 0.01, -0.33): 2
1238.76: (-0.88, -0.24, -0.40)
1238.87: (-0.87, -0.23, -0.43)
1238.99: (-0.86, -0.21, -0.47)
1239.09: (-0.85, -0.17, -0.50)
1239.21: (-0.93, -0.08, -0.36)
1239.32: (-0.97, 0.00, -0.25)
1239.32: (-0.73, -0.68, -0.07): 0
1239.32: (-0.97, 0.00, -0.25)
1239.44: (-0.96, 0.02, -0.28)
1239.56: (-0.93, 0.02, -0.37)
1239.66: (-0.93, 0.02, -0.38)
1239.77: (-0.93, 0.02, -0.38)
1239.87: (-0.93, 0.02, -0.38)
1239.99: (-0.93, -0.29, -0.23)
1240.11: (-0.71, -0.70, -0.08)
1240.21: (-0.69, -0.72, -0.06)
1240.22: (-0.69, -0.72, -0.06)
1240.22: (0.00, -0.94, -0.34): 0
1240.32: (-0.70, -0.71, -0.05)
1240.44: (-0.71, -0.71, -0.06)
1240.56: (-0.77, -0.61, -0.18)
1240.66: (-0.69, -0.70, -0.20)
1240.77: (-0.28, -0.96, 0.05)
1240.87: (-0.01, -0.99, 0.14)
1240.99: (0.09, -0.98, 0.17)
1241.11: (0.04, -0.96, -0.27)
1241.19: (-0.08, -0.91, -0.41)
1241.19: (-0.05, -0.39, 0.92): 0
1241.22: (-0.08, -0.91, -0.42)
1241.34: (-0.08, -0.90, -0.42)
1241.44: (0.04, -0.93, -0.37)
1241.54: (0.37, -0.91, -0.20)
1241.64: (0.51, -0.86, -0.01)
1241.76: (0.60, -0.76, 0.26)
1241.87: (0.65, -0.69, 0.32)
1241.97: (0.80, -0.49, 0.34)
1242.09: (0.83, -0.31, 0.46)
1242.21: (0.82, -0.01, 0.57)
1242.32: (0.79, 0.23, 0.56)
1242.44: (0.78, 0.25, 0.57)
1242.56: (0.63, -0.04, 0.78)
1242.66: (0.35, -0.46, 0.81)
1242.77: (-0.21, -0.76, 0.61)
1242.89: (-0.55, -0.70, 0.46)
1243.01: (-0.31, -0.52, 0.80)
1243.12: (-0.17, -0.50, 0.85)
1243.22: (-0.16, -0.49, 0.86)
1243.24: (-0.15, -0.50, 0.86)
1243.24: (0.45, -0.71, 0.54): 2
1243.34: (-0.12, -0.51, 0.85)
1243.46: (-0.01, -0.45, 0.89)
1243.56: (0.00, -0.46, 0.89)
1243.67: (0.04, -0.48, 0.88)
1243.79: (0.09, -0.50, 0.86)
1243.89: (0.09, -0.50, 0.86)
1244.01: (0.09, -0.50, 0.86)
1244.12: (0.22, -0.50, 0.83)
1244.24: (0.44, -0.62, 0.65)
1244.36: (0.59, -0.68, 0.44)
1244.47: (0.56, -0.71, 0.43)
1244.57: (0.45, -0.70, 0.56)
1244.59: (0.45, -0.70, 0.56)
1244.59: (-0.10, 0.73, 0.68): 1
1244.69: (0.44, -0.70, 0.56)
1244.81: (0.44, -0.70, 0.57)
1244.91: (0.44, -0.70, 0.57)
1245.02: (0.44, -0.70, 0.57)
1245.14: (0.58, -0.41, 0.71)
1245.24: (0.55, 0.00, 0.83)
1245.36: (0.46, 0.25, 0.85)
1245.47: (0.36, 0.49, 0.79)
1245.59: (0.22, 0.82, 0.52)
1245.71: (0.19, 0.92, 0.33)
1245.81: (0.12, 0.72, 0.69)
1245.92: (-0.02, 0.72, 0.70)
1246.01: (-0.13, 0.74, 0.66)
1246.01: (-0.97, 0.21, -0.12): 0
1246.04: (-0.13, 0.74, 0.66)
1246.16: (-0.10, 0.73, 0.68)
1246.27: (-0.18, 0.67, 0.72)
1246.37: (-0.15, 0.66, 0.74)
1246.49: (-0.21, 0.59, 0.78)
1246.59: (-0.16, 0.51, 0.84)
1246.69: (-0.16, 0.51, 0.84)
1246.81: (-0.26, 0.53, 0.81)
1246.92: (-0.66, 0.50, 0.57)
1247.04: (-0.95, 0.20, 0.22)
1247.14: (-1.00, 0.08, 0.04)
1247.26: (-0.98, 0.12, -0.15)
1247.37: (-0.90, 0.39, -0.17)
1247.39: (-0.90, 0.39, -0.17)
1247.39: (0.72, 0.28, -0.63): 1
1247.49: (-0.90, 0.39, -0.17)
1247.61: (-0.91, 0.40, -0.15)
1247.72: (-0.93, 0.31, -0.19)
1247.84: (-0.90, 0.04, -0.43)
1247.96: (-0.69, 0.01, -0.73)
1248.07: (-0.42, -0.03, -0.91)
1248.19: (-0.36, -0.07, -0.93)
1248.29: (-0.30, -0.06, -0.95)
1248.41: (-0.04, 0.13, -0.99)
1248.52: (0.07, 0.17, -0.98)
1248.64: (0.25, 0.34, -0.91)
1248.76: (0.46, 0.42, -0.78)
1248.86: (0.56, 0.42, -0.71)
1248.97: (0.64, 0.31, -0.70)
1249.04: (0.65, 0.30, -0.70)
1249.04: (0.95, 0.25, -0.21): 1
1249.09: (0.65, 0.31, -0.70)
1249.19: (0.65, 0.30, -0.69)
1249.31: (0.59, 0.34, -0.73)
1249.42: (0.59, 0.34, -0.73)
1249.54: (0.73, 0.35, -0.59)
1249.66: (0.89, 0.35, -0.31)
1249.77: (0.95, 0.29, -0.10)
1249.82: (0.96, 0.28, -0.08)
1249.82: (0.82, 0.54, 0.20): 2
1249.87: (0.96, 0.28, -0.08)
1249.97: (0.95, 0.29, -0.08)
1250.09: (0.95, 0.32, -0.07)
1250.21: (0.74, 0.56, 0.37)
1250.31: (0.75, 0.56, 0.36)
1250.42: (0.79, 0.56, 0.24)
1250.47: (0.81, 0.56, 0.17)
1250.47: (-0.67, -0.36, -0.65): 2
1250.54: (0.82, 0.56, 0.15)
1250.66: (0.80, 0.57, 0.15)
1250.77: (0.50, 0.73, 0.47)
1250.89: (0.52, 0.72, 0.46)
1250.99: (0.53, 0.71, 0.46)
1251.11: (0.57, 0.34, 0.74)
1251.22: (0.46, 0.08, 0.88)
1251.34: (0.41, -0.02, 0.91)
1251.44: (0.32, -0.19, 0.93)
1251.56: (0.26, -0.37, 0.89)
1251.67: (0.21, -0.51, 0.83)
1251.79: (0.17, -0.58, 0.80)
1251.91: (0.04, -0.68, 0.74)
1252.02: (-0.23, -0.77, 0.60)
1252.14: (-0.48, -0.77, 0.42)
1252.26: (-0.62, -0.73, 0.29)
1252.37: (-0.80, -0.60, 0.06)
1252.47: (-0.88, -0.46, -0.13)
1252.59: (-0.91, -0.23, -0.34)
1252.71: (-0.88, -0.01, -0.48)
1252.81: (-0.83, -0.01, -0.55)
1252.92: (-0.73, -0.14, -0.66)
1253.04: (-0.67, -0.22, -0.71)
1253.06: (-0.67, -0.22, -0.71)
1253.06: (-0.14, -0.90, -0.42): 0
1253.16: (-0.68, -0.22, -0.70)
1253.27: (-0.71, -0.25, -0.66)
1253.37: (-0.75, -0.26, -0.61)
1253.49: (-0.75, -0.26, -0.61)
1253.61: (-0.73, -0.26, -0.63)
1253.72: (-0.46, -0.45, -0.76)
1253.84: (-0.11, -0.61, -0.78)
1253.95: (0.02, -0.72, -0.69)
1254.06: (-0.13, -0.83, -0.55)
1254.17: (-0.24, -0.86, -0.45)
1254.17: (-0.09, -0.51, 0.85): 2
1254.17: (-0.24, -0.86, -0.45)
1254.29: (-0.24, -0.87, -0.43)
1254.39: (-0.23, -0.89, -0.40)
1254.50: (0.13, -0.93, -0.34)
1254.60: (0.29, -0.91, -0.29)
1254.71: (0.50, -0.82, -0.27)
1254.82: (0.65, -0.72, -0.23)
1254.94: (0.72, -0.68, -0.14)
1255.04: (0.74, -0.65, 0.15)
1255.14: (0.70, -0.63, 0.33)
1255.24: (0.70, -0.63, 0.33)
1255.35: (0.72, -0.62, 0.32)
1255.47: (0.69, -0.46, 0.56)
1255.59: (0.59, -0.14, 0.79)
1255.69: (0.52, 0.08, 0.85)
1255.80: (0.46, 0.22, 0.86)
1255.92: (0.28, 0.31, 0.91)
1256.04: (0.05, 0.38, 0.92)
1256.14: (-0.23, 0.42, 0.88)
1256.25: (-0.69, 0.40, 0.60)
1256.37: (-0.94, 0.28, 0.18)
1256.47: (-0.97, 0.19, -0.15)
1256.57: (-0.94, 0.12, -0.31)
1256.69: (-0.94, 0.10, -0.34)
1256.80: (-0.91, 0.19, -0.37)
1256.92: (-0.80, 0.45, -0.38)
1257.04: (-0.68, 0.61, -0.40)
1257.14: (-0.59, 0.72, -0.36)
1257.25: (-0.54, 0.84, -0.08)
1257.37: (-0.50, 0.74, 0.44)
1257.47: (-0.38, 0.60, 0.71)
1257.59: (-0.30, 0.55, 0.78)
1257.70: (-0.19, 0.49, 0.85)
1257.82: (-0.02, 0.36, 0.93)
1257.92: (0.16, 0.17, 0.97)
1258.04: (0.28, 0.05, 0.96)
1258.15: (0.37, -0.02, 0.93)
1258.27: (0.46, -0.09, 0.88)
1258.39: (0.54, -0.21, 0.81)
1258.50: (0.60, -0.24, 0.76)
1258.62: (0.69, -0.26, 0.68)
1258.74: (0.75, -0.27, 0.60)
1258.85: (0.86, -0.24, 0.46)
1258.97: (0.94, -0.09, 0.34)
1259.09: (0.98, 0.07, 0.20)
1259.20: (0.97, 0.18, 0.17)
1259.32: (0.95, 0.26, 0.16)
1259.42: (0.93, 0.33, 0.14)
1259.54: (0.91, 0.40, 0.10)
1259.65: (0.86, 0.50, 0.06)
1259.75: (0.77, 0.63, 0.08)
1259.87: (0.45, 0.86, 0.25)
1259.99: (-0.18, 0.73, 0.66)
1260.10: (-0.49, 0.12, 0.86)
1260.22: (-0.35, -0.56, 0.75)
1260.34: (-0.06, -0.98, 0.19)
1260.45: (0.12, -0.92, -0.36)
1260.57: (0.09, -0.98, 0.15)
1260.67: (0.05, -0.82, 0.57)
1260.79: (0.02, -0.77, 0.63)
1260.90: (-0.04, -0.67, 0.75)
1261.00: (-0.10, -0.48, 0.87)
1261.00: (-0.74, -0.53, 0.40): 0
1261.02: (-0.10, -0.47, 0.87)
1261.12: (-0.09, -0.48, 0.87)
1261.24: (-0.03, -0.56, 0.82)
1261.35: (-0.04, -0.62, 0.79)
1261.47: (-0.43, -0.65, 0.63)
1261.59: (-0.62, -0.52, 0.59)
1261.69: (-0.74, -0.47, 0.47)
1261.80: (-0.78, -0.49, 0.40)
1261.90: (-0.73, -0.55, 0.42)
1261.94: (-0.72, -0.56, 0.42)
1261.94: (0.88, 0.15, 0.44): 0
1262.02: (-0.72, -0.56, 0.42)
1262.14: (-0.64, -0.64, 0.43)
1262.25: (-0.62, -0.65, 0.44)
1262.37: (-0.62, -0.65, 0.44)
1262.47: (-0.62, -0.60, 0.50)
1262.59: (-0.26, -0.39, 0.88)
1262.70: (0.13, -0.29, 0.95)
1262.80: (0.37, -0.28, 0.89)
1262.92: (0.59, -0.14, 0.79)
1263.04: (0.79, 0.04, 0.61)
1263.14: (0.84, 0.10, 0.54)
1263.25: (0.89, 0.18, 0.41)
1263.25: (-0.81, -0.13, -0.57): 0
1263.25: (0.89, 0.18, 0.41)
1263.37: (0.89, 0.18, 0.41)
1263.49: (0.89, 0.17, 0.42)
1263.59: (0.88, 0.14, 0.45)
1263.70: (0.89, -0.01, 0.45)
1263.82: (0.79, -0.48, 0.38)
1263.94: (0.58, -0.73, 0.37)
1264.05: (0.24, -0.94, 0.25)
1264.17: (-0.02, -0.98, 0.20)
1264.29: (-0.33, -0.92, 0.20)
1264.40: (-0.49, -0.85, 0.18)
1264.52: (-0.68, -0.72, 0.14)
1264.64: (-0.83, -0.55, 0.02)
1264.75: (-0.94, -0.32, -0.13)
1264.85: (-0.96, -0.24, -0.18)
1264.95: (-0.97, -0.10, -0.23)
1265.07: (-0.86, -0.15, -0.48)
1265.19: (-0.84, -0.14, -0.53)
1265.20: (-0.82, -0.15, -0.55)
1265.20: (-0.17, -0.68, -0.71): 1
1265.30: (-0.81, -0.12, -0.57)
1265.42: (-0.80, -0.15, -0.58)
1265.54: (-0.82, -0.14, -0.55)
1265.65: (-0.88, -0.39, -0.28)
1265.75: (-0.60, -0.80, -0.05)
1265.87: (-0.22, -0.96, 0.17)
1265.99: (0.02, -0.96, 0.29)
1266.10: (0.23, -0.93, 0.28)
1266.22: (0.61, -0.79, -0.02)
1266.34: (0.72, -0.69, -0.10)
1266.45: (0.78, -0.60, -0.17)
1266.55: (0.79, -0.58, -0.18)
1266.67: (0.78, -0.63, 0.03)
1266.79: (0.75, -0.54, 0.39)
1266.90: (0.66, -0.24, 0.71)
1267.02: (0.45, -0.06, 0.89)
1267.14: (0.24, -0.05, 0.97)
1267.25: (-0.08, -0.25, 0.96)
1267.37: (-0.46, -0.48, 0.75)
1267.49: (-0.66, -0.58, 0.48)
1267.59: (-0.75, -0.62, 0.24)
1267.70: (-0.65, -0.69, -0.32)
1267.82: (-0.50, -0.69, -0.52)
1267.92: (-0.37, -0.65, -0.67)
1268.04: (-0.19, -0.64, -0.75)
1268.15: (-0.04, -0.72, -0.69)
1268.17: (-0.03, -0.73, -0.68)
1268.17: (-0.34, -0.66, -0.66): 1
1268.25: (-0.01, -0.73, -0.68)
1268.37: (0.00, -0.74, -0.67)
1268.49: (0.05, -0.66, -0.75)
1268.59: (-0.21, -0.63, -0.75)
1268.59: (0.48, 0.23, -0.84): 0
1268.60: (-0.21, -0.62, -0.75)
1268.72: (-0.20, -0.63, -0.75)
1268.82: (-0.20, -0.64, -0.75)
1268.94: (-0.28, -0.70, -0.65)
1269.05: (-0.55, -0.76, -0.35)
1269.17: (-0.54, -0.72, -0.43)
1269.29: (-0.30, -0.51, -0.80)
1269.40: (-0.07, -0.21, -0.98)
1269.52: (0.04, 0.09, -1.00)
1269.62: (0.09, 0.26, -0.96)
1269.74: (0.27, 0.23, -0.94)
1269.85: (0.47, 0.13, -0.87)
1269.85: (0.85, -0.48, 0.22): 0
1269.85: (0.47, 0.13, -0.87)
1269.97: (0.48, 0.11, -0.87)
1270.09: (0.47, 0.11, -0.87)
1270.20: (0.45, 0.03, -0.89)
1270.30: (0.45, 0.03, -0.89)
1270.42: (0.46, 0.04, -0.89)
1270.52: (0.63, 0.36, -0.68)
1270.64: (0.80, 0.46, -0.38)
1270.75: (0.79, 0.52, 0.31)
1270.85: (0.71, 0.51, 0.49)
1270.97: (0.71, 0.51, 0.50)
1271.08: (0.60, 0.68, 0.42)
1271.20: (0.39, 0.92, 0.05)
1271.30: (0.28, 0.94, -0.19)
1271.42: (0.20, 0.92, -0.34)
1271.53: (0.15, 0.75, -0.65)
1271.64: (0.31, 0.27, -0.91)
1271.75: (0.77, 0.11, -0.63)
1271.87: (0.96, 0.22, -0.20)
1271.98: (0.97, -0.19, 0.12)
1272.10: (0.78, -0.59, 0.23)
1272.22: (0.67, -0.70, 0.23)
1272.33: (0.90, -0.39, 0.18)
1272.42: (0.93, -0.31, 0.18)
1272.42: (-0.52, -0.85, -0.12): 1
1272.45: (0.94, -0.30, 0.18)
1272.57: (0.93, -0.32, 0.19)
1272.68: (0.85, -0.49, 0.18)
1272.80: (0.84, -0.52, 0.16)
1272.90: (0.83, -0.54, 0.15)
1273.02: (0.82, -0.56, 0.16)
1273.13: (0.52, -0.85, 0.01)
1273.25: (0.27, -0.94, -0.21)
1273.37: (0.13, -0.93, -0.36)
1273.48: (-0.09, -0.87, -0.48)
1273.60: (-0.18, -0.79, -0.59)
1273.70: (-0.43, -0.73, -0.53)
1273.82: (-0.45, -0.85, -0.27)
1273.93: (-0.42, -0.89, -0.20)
1273.95: (-0.42, -0.89, -0.20)
1273.95: (0.79, -0.61, -0.10): 0
1274.03: (-0.41, -0.89, -0.20)
1274.15: (-0.41, -0.89, -0.20)
1274.27: (-0.40, -0.88, -0.24)
1274.38: (-0.40, -0.88, -0.24)
1274.50: (-0.40, -0.88, -0.24)
1274.62: (-0.40, -0.89, -0.24)
1274.72: (-0.13, -0.92, -0.36)
1274.83: (0.56, -0.73, -0.40)
1274.95: (0.58, -0.72, -0.38)
1275.07: (0.63, -0.71, -0.32)
1275.18: (0.78, -0.63, 0.02)
1275.23: (0.79, -0.61, 0.05)
1275.23: (-0.99, -0.02, -0.14): 2
1275.28: (0.79, -0.61, 0.05)
1275.40: (0.79, -0.62, 0.06)
1275.50: (0.78, -0.62, 0.04)
1275.62: (0.78, -0.63, 0.03)
1275.73: (0.78, -0.63, 0.03)
1275.83: (0.78, -0.63, 0.02)
1275.95: (0.78, -0.63, 0.02)
1276.05: (0.78, -0.63, 0.02)
1276.17: (0.65, -0.73, 0.18)
1276.28: (0.46, -0.78, 0.42)
1276.38: (0.31, -0.76, 0.57)
1276.50: (0.07, -0.75, 0.65)
1276.62: (-0.11, -0.79, 0.60)
1276.72: (-0.21, -0.81, 0.55)
1276.83: (-0.23, -0.81, 0.54)
1276.95: (-0.35, -0.81, 0.48)
1277.07: (-0.53, -0.79, 0.32)
1277.18: (-0.61, -0.76, 0.23)
1277.30: (-0.73, -0.69, 0.01)
1277.40: (-0.76, -0.64, -0.09)
1277.52: (-0.75, -0.58, -0.32)
1277.62: (-0.77, -0.47, -0.43)
1277.73: (-0.80, -0.35, -0.49)
1277.85: (-0.84, -0.23, -0.49)
1277.97: (-0.91, -0.26, -0.32)
1278.08: (-0.95, -0.25, -0.20)
1278.20: (-0.96, -0.21, -0.17)
1278.32: (-0.99, -0.09, -0.13)
1278.35: (-0.99, -0.06, -0.12)
1278.35: (0.17, 0.38, -0.91): 2
1278.43: (-0.99, -0.04, -0.11)
1278.55: (-0.99, -0.07, -0.11)
1278.65: (-0.99, -0.13, -0.09)
1278.77: (-0.96, -0.27, 0.01)
1278.88: (-0.90, -0.43, 0.10)
1279.00: (-0.85, -0.52, 0.11)
1279.12: (-0.78, -0.61, 0.13)
1279.23: (-0.66, -0.74, 0.10)
1279.35: (-0.62, -0.78, -0.05)
1279.47: (-0.59, -0.79, -0.16)
1279.58: (-0.55, -0.81, -0.22)
1279.70: (-0.36, -0.81, -0.46)
1279.80: (-0.32, -0.76, -0.57)
1279.92: (-0.32, -0.61, -0.72)
1280.03: (-0.22, -0.45, -0.87)
1280.13: (-0.14, -0.26, -0.95)
1280.25: (-0.16, -0.27, -0.95)
1280.37: (-0.16, -0.27, -0.95)
1280.48: (-0.11, -0.22, -0.97)
1280.58: (-0.03, 0.01, -1.00)
1280.70: (-0.01, 0.07, -1.00)
1280.82: (0.08, 0.14, -0.99)
1280.93: (0.21, 0.36, -0.91)
1281.03: (0.25, 0.42, -0.87)
1281.03: (0.68, 0.44, 0.58): 1
1281.05: (0.25, 0.42, -0.87)
1281.17: (0.24, 0.42, -0.88)
1281.28: (0.20, 0.35, -0.92)
1281.38: (0.16, 0.27, -0.95)
1281.50: (0.24, 0.02, -0.97)
1281.62: (0.34, -0.35, -0.87)
1281.73: (0.34, -0.35, -0.87)
1281.85: (0.36, -0.40, -0.84)
1281.97: (0.41, -0.84, -0.36)
1282.07: (0.34, -0.94, 0.05)
1282.18: (0.21, -0.91, 0.37)
1282.30: (0.10, -0.82, 0.56)
1282.42: (0.04, -0.63, 0.77)
1282.53: (0.00, -0.51, 0.86)
1282.65: (-0.09, -0.39, 0.92)
1282.77: (-0.03, -0.15, 0.99)
1282.88: (0.02, 0.20, 0.98)
1283.00: (0.10, 0.43, 0.90)
1283.12: (0.16, 0.56, 0.81)
1283.22: (0.18, 0.62, 0.77)
1283.33: (0.40, 0.61, 0.68)
1283.45: (0.75, 0.42, 0.50)
1283.50: (0.77, 0.41, 0.48)
1283.50: (0.12, -0.89, 0.44): 2
1283.55: (0.77, 0.41, 0.48)
1283.67: (0.75, 0.41, 0.52)
1283.78: (0.71, 0.43, 0.56)
1283.90: (0.64, 0.40, 0.66)
1284.02: (0.64, 0.40, 0.66)
1284.13: (0.64, 0.40, 0.66)
1284.23: (0.64, 0.40, 0.66)
1284.35: (0.67, 0.32, 0.66)
1284.47: (0.87, -0.04, 0.48)
1284.58: (0.81, -0.57, 0.15)
1284.68: (0.72, -0.69, -0.03)
1284.80: (0.58, -0.72, -0.38)
1284.92: (0.43, -0.63, -0.64)
1285.03: (0.34, -0.62, -0.70)
1285.13: (0.24, -0.66, -0.71)
1285.25: (0.21, -0.87, -0.44)
1285.37: (0.18, -0.96, -0.20)
1285.47: (0.09, -0.99, -0.12)
1285.58: (-0.10, -0.99, -0.02)
1285.70: (-0.24, -0.89, -0.39)
1285.82: (-0.12, -0.74, -0.66)
1285.93: (0.00, -0.97, -0.24)
1286.03: (0.06, -0.99, 0.11)
1286.15: (0.08, -0.98, 0.20)
1286.27: (0.08, -0.97, 0.21)
1286.33: (0.07, -0.94, 0.35)
1286.33: (-0.98, -0.03, -0.19): 0
1286.38: (0.07, -0.94, 0.35)
1286.50: (0.07, -0.93, 0.37)
1286.62: (0.08, -0.90, 0.43)
1286.72: (0.08, -0.89, 0.45)
1286.83: (0.03, -0.89, 0.45)
1286.93: (-0.22, -0.74, 0.63)
1287.05: (-0.36, -0.51, 0.78)
1287.17: (-0.49, -0.44, 0.75)
1287.28: (-0.61, -0.29, 0.74)
1287.38: (-0.75, -0.05, 0.66)
1287.48: (-0.75, 0.14, 0.65)
1287.60: (-0.73, 0.37, 0.57)
1287.71: (-0.73, 0.50, 0.47)
1287.82: (-0.82, 0.40, 0.40)
1287.93: (-0.98, -0.10, 0.15)
1288.03: (-0.89, -0.44, -0.09)
1288.15: (-0.91, -0.36, -0.22)
1288.26: (-0.97, -0.18, -0.15)
1288.36: (-0.99, -0.08, -0.09)
1288.36: (0.22, -0.54, 0.81): 2
1288.36: (-0.99, -0.08, -0.09)
1288.48: (-0.99, -0.08, -0.08)
1288.60: (-0.99, -0.14, -0.09)
1288.71: (-0.97, -0.23, -0.10)
1288.81: (-0.80, -0.50, -0.34)
1288.93: (-0.55, -0.60, -0.58)
1289.05: (-0.38, -0.70, -0.60)
1289.16: (-0.40, -0.78, -0.47)
1289.26: (-0.43, -0.90, -0.05)
1289.38: (-0.30, -0.89, 0.34)
1289.50: (-0.21, -0.78, 0.59)
1289.61: (-0.10, -0.72, 0.69)
1289.73: (0.02, -0.69, 0.73)
1289.83: (0.11, -0.63, 0.77)
1289.83: (-0.09, -0.63, -0.77): 1
1289.85: (0.11, -0.63, 0.77)
1289.95: (0.12, -0.60, 0.79)
1290.06: (0.14, -0.54, 0.83)
1290.16: (0.17, -0.40, 0.90)
1290.28: (0.28, -0.20, 0.94)
1290.40: (0.40, 0.13, 0.91)
1290.51: (0.55, 0.45, 0.71)
1290.63: (0.60, 0.68, 0.44)
1290.75: (0.64, 0.69, 0.35)
1290.85: (0.76, 0.59, 0.28)
1290.96: (0.88, 0.43, 0.20)
1291.08: (0.97, 0.17, 0.17)
1291.20: (0.97, -0.16, 0.17)
1291.31: (0.90, -0.41, 0.16)
1291.43: (0.71, -0.68, 0.15)
1291.53: (0.57, -0.82, 0.11)
1291.65: (0.59, -0.80, 0.07)
1291.76: (0.87, -0.49, -0.05)
1291.88: (0.97, 0.04, -0.25)
1292.00: (0.76, 0.56, -0.32)
1292.11: (0.45, 0.87, -0.18)
1292.21: (0.22, 0.97, -0.12)
1292.33: (-0.08, 0.99, -0.11)
1292.45: (-0.28, 0.96, -0.08)
1292.55: (-0.47, 0.88, 0.04)
1292.66: (-0.64, 0.75, 0.14)
1292.78: (-0.82, 0.53, 0.20)
1292.90: (-0.90, 0.35, 0.25)
1293.01: (-0.94, 0.16, 0.30)
1293.13: (-0.93, -0.01, 0.36)
1293.25: (-0.90, -0.15, 0.40)
1293.35: (-0.85, -0.30, 0.43)
1293.46: (-0.79, -0.43, 0.44)
1293.58: (-0.77, -0.52, 0.38)
1293.68: (-0.69, -0.67, 0.28)
1293.80: (-0.46, -0.89, 0.08)
1293.91: (-0.18, -0.98, -0.02)
1294.01: (-0.18, -0.98, -0.02)
1294.13: (-0.18, -0.98, -0.02)
1294.23: (-0.16, -0.99, -0.06)
1294.35: (-0.15, -0.86, -0.49)
1294.46: (-0.11, -0.56, -0.82)
1294.58: (-0.07, -0.47, -0.88)
1294.70: (-0.05, -0.51, -0.86)
1294.78: (-0.06, -0.63, -0.77)
1294.78: (-0.72, -0.28, 0.63): 1
1294.80: (-0.05, -0.64, -0.77)
1294.91: (-0.05, -0.65, -0.75)
1295.03: (-0.02, -0.73, -0.68)
1295.15: (-0.01, -0.79, -0.61)
1295.26: (-0.01, -0.79, -0.61)
1295.36: (-0.03, -0.76, -0.65)
1295.48: (-0.38, -0.70, -0.61)
1295.60: (-0.79, -0.49, -0.38)
1295.71: (-0.98, -0.18, 0.00)
1295.81: (-0.99, 0.06, 0.09)
1295.93: (-0.98, 0.16, 0.14)
1296.05: (-0.95, 0.22, 0.22)
1296.16: (-0.83, 0.45, 0.32)
1296.28: (-0.86, 0.35, 0.37)
1296.40: (-0.79, -0.29, 0.54)
1296.51: (-0.70, -0.45, 0.55)
1296.61: (-0.68, -0.48, 0.55)
1296.73: (-0.73, -0.29, 0.63)
1296.76: (-0.72, -0.26, 0.64)
1296.76: (-0.84, 0.53, 0.11): 2
1296.85: (-0.72, -0.26, 0.64)
1296.95: (-0.72, -0.27, 0.64)
1297.06: (-0.72, -0.27, 0.64)
1297.18: (-0.72, -0.27, 0.64)
1297.30: (-0.72, -0.27, 0.64)
1297.41: (-0.72, -0.27, 0.64)
1297.53: (-0.72, -0.27, 0.64)
1297.65: (-0.72, -0.27, 0.64)
1297.75: (-0.72, -0.27, 0.64)
1297.86: (-0.71, -0.25, 0.66)
1297.98: (-0.59, 0.18, 0.78)
1298.10: (-0.42, 0.34, 0.84)
1298.21: (-0.05, 0.52, 0.85)
1298.33: (0.01, 0.50, 0.86)
1298.45: (-0.06, 0.46, 0.89)
1298.56: (-0.06, 0.46, 0.89)
1298.68: (-0.06, 0.46, 0.89)
1298.80: (-0.04, 0.55, 0.83)
1298.91: (-0.16, 0.76, 0.63)
1299.03: (-0.37, 0.87, 0.32)
1299.13: (-0.51, 0.84, 0.16)
1299.25: (-0.74, 0.67, 0.09)
1299.35: (-0.94, 0.32, 0.09)
1299.46: (-0.96, 0.24, 0.10)
1299.58: (-0.96, 0.26, 0.12)
1299.70: (-0.85, 0.53, 0.03)
1299.70: (0.97, -0.13, 0.19): 1
1299.70: (-0.85, 0.53, 0.03)
1299.80: (-0.85, 0.53, 0.04)
1299.90: (-0.85, 0.53, 0.07)
1300.01: (-0.84, 0.53, 0.11)
1300.13: (-0.84, 0.53, 0.10)
1300.25: (-0.35, 0.89, 0.30)
1300.36: (-0.03, 0.93, 0.36)
1300.46: (0.20, 0.90, 0.39)
1300.58: (0.40, 0.61, 0.68)
1300.70: (0.41, 0.26, 0.87)
1300.81: (0.48, 0.05, 0.88)
1300.91: (0.45, -0.09, 0.89)
1301.03: (0.41, -0.32, 0.85)
1301.15: (0.41, -0.51, 0.75)
1301.26: (0.45, -0.66, 0.59)
1301.38: (0.52, -0.74, 0.41)
1301.50: (0.55, -0.77, 0.31)
1301.61: (0.85, -0.42, 0.32)
1301.71: (0.91, -0.21, 0.35)
1301.83: (0.92, -0.19, 0.34)
1301.95: (0.97, -0.16, 0.19)
1301.98: (0.97, -0.15, 0.19)
1301.98: (-0.41, -0.16, 0.90): 1
1302.06: (0.97, -0.15, 0.19)
1302.18: (0.97, -0.13, 0.22)
1302.28: (0.94, -0.09, 0.34)
1302.40: (0.80, 0.29, 0.52)
1302.51: (0.56, 0.50, 0.66)
1302.61: (0.29, 0.49, 0.82)
1302.73: (0.02, 0.38, 0.92)
1302.85: (-0.22, 0.24, 0.94)
1302.96: (-0.30, 0.15, 0.94)
1303.06: (-0.29, -0.02, 0.96)
1303.18: (-0.35, -0.10, 0.93)
1303.18: (-0.02, 0.29, -0.96): 1
1303.18: (-0.35, -0.10, 0.93)
1303.30: (-0.36, -0.11, 0.93)
1303.40: (-0.52, -0.12, 0.85)
1303.51: (-0.66, -0.13, 0.74)
1303.63: (-0.79, -0.05, 0.61)
1303.75: (-0.84, -0.05, 0.55)
1303.86: (-0.98, -0.16, 0.14)
1303.96: (-0.87, -0.43, -0.24)
1304.08: (-0.81, -0.50, -0.30)
1304.18: (-0.81, -0.50, -0.30)
1304.28: (-0.81, -0.50, -0.30)
1304.40: (-0.76, -0.45, -0.46)
1304.51: (-0.55, -0.32, -0.77)
1304.63: (-0.31, -0.20, -0.93)
1304.75: (0.00, -0.04, -1.00)
1304.86: (0.17, 0.08, -0.98)
1304.96: (0.11, 0.20, -0.97)
1305.08: (0.03, 0.30, -0.95)
1305.08: (0.97, 0.21, -0.08): 1
1305.08: (0.03, 0.30, -0.95)
1305.19: (0.03, 0.29, -0.96)
1305.31: (0.03, 0.28, -0.96)
1305.41: (0.03, 0.31, -0.95)
1305.53: (0.18, 0.48, -0.86)
1305.64: (0.50, 0.55, -0.67)
1305.76: (0.70, 0.52, -0.49)
1305.86: (0.89, 0.41, -0.17)
1305.98: (0.97, 0.23, -0.05)
1306.09: (0.99, 0.14, -0.07)
1306.09: (0.97, 0.03, -0.24): 2
1306.09: (0.99, 0.14, -0.07)
1306.21: (0.99, 0.09, -0.08)
1306.33: (0.99, 0.10, -0.13)
1306.43: (0.99, 0.10, -0.13)
1306.54: (0.99, 0.10, -0.12)
1306.66: (0.99, 0.01, -0.12)
1306.71: (0.98, -0.04, -0.18)
1306.71: (0.97, 0.25, 0.05): 2
1306.78: (0.98, -0.04, -0.18)
1306.89: (0.98, -0.05, -0.19)
1307.01: (0.99, 0.10, -0.13)
1307.11: (0.97, 0.25, -0.02)
1307.11: (-0.72, -0.37, -0.59): 1
1307.13: (0.97, 0.25, -0.02)
1307.23: (0.97, 0.25, -0.03)
1307.34: (0.98, 0.20, 0.00)
1307.46: (0.95, 0.17, 0.25)
1307.56: (0.93, 0.13, 0.34)
1307.68: (0.76, -0.32, 0.56)
1307.79: (0.30, -0.72, 0.63)
1307.91: (0.00, -0.80, 0.60)
1308.03: (-0.29, -0.80, 0.52)
1308.14: (-0.51, -0.77, 0.38)
1308.26: (-0.56, -0.83, 0.09)
1308.36: (-0.58, -0.80, -0.15)
1308.48: (-0.57, -0.68, -0.46)
1308.59: (-0.59, -0.63, -0.51)
1308.71: (-0.71, -0.55, -0.43)
1308.83: (-0.73, -0.52, -0.43)
1308.93: (-0.72, -0.47, -0.50)
1308.99: (-0.71, -0.36, -0.61)
1308.99: (-0.64, -0.56, 0.52): 2
1309.04: (-0.71, -0.31, -0.63)
1309.16: (-0.70, -0.28, -0.66)
1309.26: (-0.67, -0.30, -0.68)
1309.38: (-0.67, -0.30, -0.68)
1309.49: (-0.67, -0.30, -0.68)
1309.61: (-0.74, -0.20, -0.65)
1309.71: (-0.79, -0.12, -0.60)
1309.83: (-0.88, -0.35, -0.33)
1309.94: (-0.77, -0.63, 0.00)
1310.04: (-0.63, -0.75, 0.22)
1310.16: (-0.42, -0.81, 0.40)
1310.26: (-0.52, -0.68, 0.52)
1310.38: (-0.71, -0.46, 0.54)
1310.43: (-0.73, -0.41, 0.54)
1310.43: (0.85, -0.37, -0.37): 2
1310.49: (-0.73, -0.41, 0.54)
1310.61: (-0.73, -0.43, 0.53)
1310.73: (-0.68, -0.50, 0.53)
1310.84: (-0.66, -0.55, 0.52)
1310.96: (-0.66, -0.55, 0.52)
1311.08: (-0.54, -0.58, 0.61)
1311.19: (-0.22, -0.59, 0.77)
1311.29: (0.20, -0.58, 0.79)
1311.39: (0.60, -0.41, 0.69)
1311.51: (0.93, -0.10, 0.34)
1311.63: (0.97, 0.01, 0.25)
1311.74: (0.96, 0.05, 0.27)
1311.86: (0.94, 0.23, 0.27)
1311.96: (0.90, 0.43, 0.09)
1312.08: (0.85, 0.52, -0.07)
1312.19: (0.87, 0.40, -0.28)
1312.31: (0.89, 0.02, -0.45)
1312.43: (0.81, -0.31, -0.49)
1312.54: (0.72, -0.48, -0.50)
1312.66: (0.82, -0.41, -0.39)
1312.73: (0.87, -0.35, -0.34)
1312.73: (0.89, -0.38, 0.25): 2
1312.78: (0.87, -0.35, -0.34)
1312.88: (0.87, -0.36, -0.34)
1312.99: (0.86, -0.39, -0.34)
1313.11: (0.91, -0.41, -0.05)
1313.23: (0.90, -0.38, 0.21)
1313.33: (0.87, -0.42, 0.26)
1313.33: (-1.00, -0.03, 0.00): 2
1313.34: (0.87, -0.41, 0.26)
1313.46: (0.87, -0.42, 0.26)
1313.56: (0.87, -0.42, 0.27)
1313.68: (0.80, -0.29, 0.53)
1313.79: (0.77, -0.25, 0.58)
1313.91: (0.77, -0.26, 0.58)
1314.03: (0.85, -0.40, 0.33)
1314.14: (0.87, -0.44, 0.25)
1314.26: (0.87, -0.44, 0.25)
1314.36: (0.86, -0.43, 0.27)
1314.48: (0.84, -0.25, 0.48)
1314.59: (0.78, 0.05, 0.62)
1314.71: (0.58, 0.28, 0.77)
1314.83: (0.23, 0.40, 0.89)
1314.94: (-0.05, 0.68, 0.73)
1315.06: (-0.15, 0.75, 0.64)
1315.16: (-0.40, 0.66, 0.64)
1315.28: (-0.77, 0.48, 0.41)
1315.38: (-0.81, 0.44, 0.39)
1315.49: (-0.81, 0.44, 0.39)
1315.59: (-0.82, 0.46, 0.34)
1315.71: (-1.00, -0.05, -0.09)
1315.81: (-0.98, -0.18, -0.05)
1315.93: (-0.98, -0.15, 0.12)
1316.03: (-0.98, 0.00, 0.18)
1316.06: (-0.99, 0.04, 0.16)
1316.06: (-0.03, -0.48, 0.87): 0
1316.13: (-1.00, 0.03, 0.09)
1316.24: (-1.00, -0.03, 0.03)
1316.34: (-1.00, -0.09, 0.00)
1316.46: (-0.95, -0.13, -0.30)
1316.58: (-0.75, -0.15, -0.64)
1316.69: (-0.52, -0.12, -0.85)
1316.81: (-0.23, -0.13, -0.96)
1316.91: (-0.12, -0.09, -0.99)
1317.03: (-0.09, -0.05, -0.99)
1317.14: (0.01, -0.04, -1.00)
1317.24: (0.24, -0.12, -0.96)
1317.36: (0.48, -0.48, -0.74)
1317.48: (0.28, -0.96, -0.07)
1317.59: (0.09, -0.97, 0.24)
1317.71: (-0.11, -0.84, 0.53)
1317.83: (-0.26, -0.67, 0.70)
1317.93: (-0.24, -0.66, 0.71)
1318.04: (-0.24, -0.66, 0.71)
1318.14: (-0.10, -0.59, 0.80)
1318.26: (-0.08, -0.51, 0.85)
1318.33: (-0.05, -0.49, 0.87)
1318.33: (-0.14, -0.55, 0.82): 0
1318.38: (-0.04, -0.49, 0.87)
1318.49: (-0.03, -0.48, 0.88)
1318.59: (-0.03, -0.49, 0.87)
1318.71: (-0.05, -0.60, 0.80)
1318.79: (-0.11, -0.60, 0.80)
1318.79: (-0.79, -0.50, 0.35): 0
1318.81: (-0.12, -0.60, 0.79)
1318.91: (-0.12, -0.60, 0.79)
1319.03: (-0.13, -0.59, 0.80)
1319.14: (-0.18, -0.60, 0.78)
1319.26: (-0.17, -0.79, 0.59)
1319.38: (-0.13, -0.94, 0.31)
1319.49: (-0.11, -0.99, -0.01)
1319.59: (-0.15, -0.88, -0.45)
1319.71: (-0.09, -0.75, -0.65)
1319.81: (0.00, -0.51, -0.86)
1319.93: (-0.21, -0.29, -0.93)
1320.04: (-0.68, -0.05, -0.73)
1320.16: (-0.71, 0.08, -0.70)
1320.26: (-0.64, -0.31, -0.71)
1320.38: (-0.44, -0.79, -0.43)
1320.49: (-0.13, -0.99, -0.10)
1320.61: (0.08, -0.99, 0.09)
1320.72: (-0.05, -0.95, 0.32)
1320.84: (-0.08, -0.76, 0.65)
1320.96: (0.19, -0.43, 0.88)
1321.07: (0.20, 0.00, 0.98)
1321.19: (-0.02, 0.32, 0.95)
1321.31: (-0.03, 0.35, 0.93)
1321.42: (-0.03, 0.35, 0.93)
1321.53: (-0.03, 0.35, 0.93)
1321.64: (-0.26, 0.13, 0.96)
1321.76: (-0.60, -0.42, 0.68)
1321.86: (-0.65, -0.73, 0.21)
1321.97: (-0.55, -0.83, -0.10)
1322.09: (-0.67, -0.73, 0.12)
1322.21: (-0.78, -0.51, 0.37)
1322.24: (-0.78, -0.51, 0.37)
1322.24: (0.10, -0.78, -0.61): 0
1322.31: (-0.78, -0.51, 0.37)
1322.42: (-0.79, -0.50, 0.36)
1322.54: (-0.79, -0.50, 0.34)
1322.66: (-0.80, -0.50, 0.32)
1322.77: (-0.73, -0.66, -0.17)
1322.87: (-0.45, -0.71, -0.54)
1322.99: (-0.29, -0.72, -0.63)
1323.11: (-0.19, -0.76, -0.62)
1323.22: (-0.01, -0.84, -0.54)
1323.26: (0.00, -0.84, -0.54)
1323.26: (-0.57, -0.57, -0.59): 2
1323.34: (0.00, -0.84, -0.54)
1323.46: (0.00, -0.84, -0.54)
1323.56: (0.00, -0.85, -0.53)
1323.67: (-0.10, -0.82, -0.56)
1323.79: (-0.49, -0.64, -0.59)
1323.89: (-0.51, -0.63, -0.59)
1323.89: (0.47, -0.88, 0.09): 0
1323.91: (-0.51, -0.63, -0.59)
1324.01: (-0.52, -0.62, -0.59)
1324.12: (-0.57, -0.60, -0.56)
1324.22: (-0.72, -0.53, -0.44)
1324.34: (-0.92, -0.31, -0.23)
1324.44: (-0.99, -0.12, -0.05)
1324.56: (-0.93, 0.22, 0.29)
1324.67: (-0.67, 0.29, 0.68)
1324.79: (-0.46, 0.25, 0.85)
1324.91: (-0.35, 0.19, 0.92)
1325.01: (-0.19, 0.13, 0.97)
1325.12: (0.01, 0.06, 1.00)
1325.24: (0.27, -0.11, 0.96)
1325.34: (0.34, -0.40, 0.85)
1325.46: (0.38, -0.52, 0.76)
1325.57: (0.42, -0.65, 0.64)
1325.69: (0.44, -0.75, 0.49)
1325.81: (0.49, -0.82, 0.30)
1325.92: (0.45, -0.88, 0.15)
1325.94: (0.45, -0.88, 0.15)
1325.94: (0.07, -0.76, -0.64): 2
1326.02: (0.46, -0.88, 0.15)
1326.14: (0.48, -0.86, 0.16)
1326.26: (0.49, -0.85, 0.18)
1326.37: (0.49, -0.85, 0.18)
1326.49: (0.63, -0.77, -0.11)
1326.61: (0.56, -0.73, -0.40)
1326.72: (0.44, -0.69, -0.58)
1326.84: (0.29, -0.73, -0.62)
1326.94: (0.05, -0.84, -0.53)
1326.97: (0.05, -0.84, -0.54)
1326.97: (0.93, 0.15, -0.33): 1
1327.06: (0.05, -0.84, -0.53)
1327.16: (0.09, -0.83, -0.54)
1327.27: (0.15, -0.79, -0.60)
1327.39: (0.10, -0.75, -0.66)
1327.49: (0.02, -0.71, -0.71)
1327.61: (-0.12, -0.56, -0.82)
1327.72: (-0.04, -0.27, -0.96)
1327.84: (0.12, 0.10, -0.99)
1327.96: (0.18, 0.31, -0.93)
1328.06: (0.23, 0.51, -0.83)
1328.17: (0.25, 0.64, -0.73)
1328.29: (0.32, 0.79, -0.52)
1328.39: (0.35, 0.83, -0.43)
1328.51: (0.20, 0.93, -0.32)
1328.62: (-0.04, 0.97, -0.24)
1328.74: (0.03, 0.97, -0.25)
1328.86: (0.10, 0.96, -0.26)
1328.97: (0.14, 0.96, -0.25)
1329.07: (0.10, 0.97, -0.22)
1329.19: (-0.01, 0.99, -0.16)
1329.31: (0.41, 0.91, 0.11)
1329.41: (0.85, 0.33, 0.40)
1329.51: (0.89, 0.19, 0.40)
1329.62: (0.91, 0.04, 0.41)
1329.74: (0.92, 0.00, 0.39)
1329.86: (0.92, 0.00, 0.39)
1329.97: (0.99, 0.07, -0.09)
1330.09: (0.95, 0.07, -0.29)
1330.21: (0.95, 0.10, -0.29)
1330.22: (0.95, 0.10, -0.29)
1330.22: (0.07, -0.21, -0.98): 0
1330.32: (0.95, 0.10, -0.29)
1330.44: (0.94, 0.05, -0.34)
1330.56: (0.90, 0.05, -0.44)
1330.66: (0.85, 0.28, -0.45)
1330.76: (0.67, 0.53, -0.52)
1330.87: (0.43, 0.67, -0.60)
1330.99: (0.18, 0.64, -0.75)
1331.11: (0.12, 0.57, -0.81)
1331.21: (-0.08, 0.46, -0.88)
1331.32: (-0.18, 0.45, -0.88)
1331.44: (-0.29, 0.70, -0.65)
1331.56: (-0.21, 0.95, -0.24)
1331.67: (-0.01, 1.00, 0.06)
1331.79: (0.16, 0.96, 0.25)
1331.89: (0.23, 0.93, 0.30)
1332.01: (0.25, 0.92, 0.31)
1332.12: (0.47, 0.83, 0.30)
1332.24: (0.97, 0.22, 0.06)
1332.34: (0.96, -0.11, -0.24)
1332.44: (0.94, -0.12, -0.31)
1332.54: (0.94, -0.12, -0.31)
1332.66: (0.94, -0.12, -0.31)
1332.77: (0.93, -0.22, -0.31)
1332.89: (0.36, -0.68, -0.64)
1333.01: (0.01, -0.68, -0.74)
1333.12: (-0.12, -0.57, -0.82)
1333.24: (-0.21, -0.35, -0.91)
1333.34: (-0.10, -0.17, -0.98)
1333.44: (-0.03, -0.13, -0.99)
1333.44: (-0.96, -0.27, 0.02): 2
1333.46: (-0.03, -0.13, -0.99)
1333.57: (-0.04, -0.16, -0.99)
1333.69: (-0.01, -0.27, -0.96)
1333.81: (-0.05, -0.48, -0.88)
1333.92: (-0.13, -0.66, -0.74)
1334.04: (-0.26, -0.85, -0.46)
1334.14: (-0.38, -0.87, -0.32)
1334.26: (-0.62, -0.79, -0.03)
1334.37: (-0.69, -0.72, 0.09)
1334.49: (-0.72, -0.69, 0.06)
1334.61: (-0.93, -0.36, -0.11)
1334.71: (-0.97, -0.21, -0.10)
1334.71: (0.67, -0.39, -0.63): 1
1334.72: (-0.97, -0.21, -0.10)
1334.84: (-0.97, -0.20, -0.09)
1334.96: (-0.98, -0.19, 0.00)
1335.07: (-0.90, -0.25, 0.34)
1335.19: (-0.77, -0.30, 0.56)
1335.31: (-0.59, -0.62, 0.51)
1335.42: (-0.34, -0.92, 0.19)
1335.52: (-0.08, -0.99, -0.12)
1335.64: (0.23, -0.90, -0.36)
1335.76: (0.39, -0.82, -0.43)
1335.87: (0.51, -0.71, -0.48)
1335.97: (0.62, -0.50, -0.60)
1336.04: (0.66, -0.40, -0.64)
1336.04: (0.68, 0.68, 0.27): 2
1336.09: (0.66, -0.40, -0.64)
1336.21: (0.64, -0.42, -0.65)
1336.32: (0.54, -0.59, -0.60)
1336.42: (0.47, -0.78, -0.42)
1336.54: (0.42, -0.82, -0.38)
1336.66: (0.26, -0.93, -0.24)
1336.77: (-0.11, -0.97, 0.23)
1336.89: (-0.29, -0.78, 0.55)
1336.99: (-0.30, -0.79, 0.54)
1337.11: (-0.04, -0.91, 0.41)
1337.22: (0.32, -0.92, 0.22)
1337.34: (0.65, -0.71, 0.28)
1337.44: (0.76, -0.49, 0.43)
1337.56: (0.59, -0.44, 0.68)
1337.67: (0.56, -0.48, 0.68)
1337.79: (0.56, -0.48, 0.68)
1337.91: (0.57, -0.51, 0.65)
1338.02: (0.32, -0.34, 0.89)
1338.14: (0.06, -0.01, 1.00)
1338.26: (-0.07, 0.16, 0.98)
1338.37: (-0.23, 0.36, 0.90)
1338.49: (-0.35, 0.57, 0.74)
1338.59: (-0.35, 0.66, 0.67)
1338.69: (-0.32, 0.76, 0.56)
1338.81: (-0.22, 0.86, 0.45)
1338.92: (-0.08, 0.91, 0.40)
1339.02: (0.12, 0.92, 0.37)
1339.14: (0.37, 0.84, 0.39)
1339.25: (0.61, 0.63, 0.49)
1339.37: (0.67, 0.60, 0.44)
1339.47: (0.69, 0.61, 0.40)
1339.47: (0.57, 0.21, 0.79): 0
1339.49: (0.69, 0.61, 0.40)
1339.60: (0.68, 0.61, 0.41)
1339.72: (0.62, 0.60, 0.51)
1339.82: (0.62, 0.60, 0.51)
1339.94: (0.61, 0.59, 0.53)
1340.05: (0.33, 0.28, 0.90)
1340.15: (0.33, 0.26, 0.91)
1340.27: (0.39, 0.31, 0.86)
1340.39: (0.55, 0.31, 0.78)
1340.42: (0.57, 0.30, 0.77)
1340.42: (0.59, -0.70, 0.40): 1
1340.50: (0.57, 0.30, 0.77)
1340.62: (0.56, 0.28, 0.78)
1340.74: (0.47, 0.18, 0.87)
1340.85: (0.49, -0.47, 0.73)
1340.97: (0.38, -0.84, 0.39)
1341.09: (0.34, -0.93, 0.14)
1341.20: (0.56, -0.78, 0.28)
1341.27: (0.57, -0.74, 0.36)
1341.27: (-0.48, 0.68, -0.55): 1
1341.32: (0.56, -0.72, 0.41)
1341.42: (0.56, -0.69, 0.45)
1341.54: (0.54, -0.62, 0.56)
1341.64: (0.52, -0.45, 0.72)
1341.75: (0.43, -0.07, 0.90)
1341.87: (0.06, 0.38, 0.92)
1341.97: (-0.31, 0.59, 0.74)
1342.07: (-0.54, 0.62, 0.56)
1342.19: (-0.75, 0.60, 0.28)
1342.30: (-0.81, 0.57, 0.13)
1342.42: (-0.85, 0.53, -0.04)
1342.52: (-0.79, 0.60, -0.08)
1342.64: (-0.60, 0.71, -0.36)
1342.72: (-0.56, 0.72, -0.42)
1342.72: (0.34, 0.32, 0.88): 2
1342.75: (-0.56, 0.71, -0.42)
1342.87: (-0.57, 0.70, -0.44)
1342.99: (-0.57, 0.70, -0.44)
1343.10: (-0.57, 0.70, -0.44)
1343.22: (-0.56, 0.77, -0.31)
1343.34: (-0.51, 0.86, 0.01)
1343.45: (-0.44, 0.77, 0.47)
1343.55: (-0.35, 0.63, 0.69)
1343.67: (-0.22, 0.48, 0.85)
1343.79: (-0.03, 0.17, 0.99)
1343.90: (0.09, 0.06, 0.99)
1344.02: (0.22, 0.24, 0.94)
1344.14: (0.27, 0.38, 0.89)
1344.14: (-0.96, -0.09, 0.26): 1
1344.14: (0.27, 0.38, 0.89)
1344.25: (0.25, 0.39, 0.89)
1344.37: (0.26, 0.46, 0.85)
1344.47: (0.26, 0.63, 0.73)
1344.59: (0.23, 0.74, 0.63)
1344.70: (0.19, 0.74, 0.65)
1344.80: (0.19, 0.74, 0.65)
1344.90: (0.19, 0.74, 0.65)
1345.00: (0.21, 0.85, 0.48)
1345.12: (0.06, 0.99, 0.08)
1345.24: (-0.18, 0.98, -0.12)
1345.35: (-0.33, 0.87, -0.37)
1345.47: (-0.33, 0.87, -0.37)
1345.57: (-0.33, 0.87, -0.37)
1345.69: (-0.28, 0.81, -0.51)
1345.80: (-0.12, 0.71, -0.69)
1345.90: (0.02, 0.61, -0.79)
1346.02: (0.18, 0.57, -0.80)
1346.14: (0.28, 0.45, -0.85)
1346.25: (0.34, 0.20, -0.92)
1346.35: (0.29, -0.08, -0.95)
1346.45: (0.27, -0.25, -0.93)
1346.57: (0.21, -0.57, -0.80)
1346.69: (-0.11, -0.82, -0.55)
1346.80: (-0.17, -0.83, -0.53)
1346.92: (-0.17, -0.83, -0.53)
1347.04: (-0.27, -0.91, -0.33)
1347.15: (-0.63, -0.77, 0.10)
1347.27: (-0.79, -0.52, 0.34)
1347.37: (-0.81, -0.32, 0.49)
1347.49: (-0.81, -0.18, 0.56)
1347.60: (-0.98, -0.10, 0.20)
1347.67: (-0.98, -0.12, 0.16)
1347.67: (-1.00, 0.09, -0.01): 0
1347.70: (-0.98, -0.13, 0.16)
1347.82: (-0.98, -0.13, 0.17)
1347.94: (-0.97, -0.14, 0.19)
1348.04: (-1.00, 0.03, 0.02)
1348.07: (-0.99, 0.12, -0.03)
1348.07: (0.45, -0.88, -0.15): 2
1348.15: (-0.99, 0.14, -0.03)
1348.27: (-0.99, 0.14, -0.03)
1348.39: (-0.98, 0.08, -0.18)
1348.50: (-0.88, -0.07, -0.46)
1348.60: (-0.76, -0.22, -0.61)
1348.70: (-0.75, -0.25, -0.61)
1348.82: (-0.66, -0.44, -0.61)
1348.94: (-0.18, -0.87, -0.46)
1349.05: (-0.06, -0.96, -0.27)
1349.17: (0.08, -1.00, -0.03)
1349.29: (0.47, -0.88, -0.05)
1349.40: (0.71, -0.68, -0.14)
1349.50: (0.69, -0.71, -0.16)
1349.62: (0.35, -0.93, -0.11)
1349.65: (0.34, -0.94, -0.11)
1349.65: (1.00, -0.06, 0.06): 2
1349.72: (0.33, -0.94, -0.11)
1349.84: (0.32, -0.94, -0.14)
1349.95: (0.53, -0.81, -0.25)
1350.07: (0.83, -0.54, -0.13)
1350.17: (1.00, -0.01, -0.05)
1350.29: (0.94, 0.33, 0.04)
1350.40: (0.97, 0.21, 0.08)
1350.52: (0.99, -0.08, 0.08)
1350.57: (0.99, -0.08, 0.08)
1350.57: (-0.98, -0.17, 0.09): 0
1350.64: (0.99, -0.09, 0.08)
1350.75: (1.00, -0.01, 0.07)
1350.85: (0.91, 0.41, 0.08)
1350.97: (0.72, 0.67, 0.18)
1351.09: (0.46, 0.85, 0.26)
1351.20: (0.29, 0.89, 0.35)
1351.32: (0.21, 0.92, 0.33)
1351.44: (-0.10, 0.86, 0.50)
1351.55: (-0.24, 0.75, 0.62)
1351.67: (-0.49, 0.61, 0.62)
1351.79: (-0.71, 0.43, 0.56)
1351.89: (-0.82, 0.27, 0.51)
1352.00: (-0.91, 0.06, 0.42)
1352.12: (-0.93, -0.02, 0.37)
1352.24: (-0.98, -0.07, 0.20)
1352.34: (-0.99, -0.08, 0.08)
1352.34: (0.86, 0.20, -0.47): 0
1352.34: (-0.99, -0.08, 0.08)
1352.45: (-1.00, -0.07, 0.07)
1352.57: (-0.99, 0.00, 0.11)
1352.69: (-0.99, 0.00, 0.11)
1352.80: (-0.99, 0.00, 0.11)
1352.90: (-1.00, -0.01, 0.09)
1353.02: (-0.93, -0.14, -0.35)
1353.14: (-0.75, -0.35, -0.57)
1353.25: (-0.67, -0.28, -0.68)
1353.37: (-0.33, -0.10, -0.94)
1353.49: (0.07, 0.21, -0.98)
1353.60: (0.32, 0.33, -0.89)
1353.72: (0.44, 0.32, -0.84)
1353.82: (0.54, 0.29, -0.79)
1353.92: (0.73, 0.29, -0.62)
1354.04: (0.91, 0.21, -0.37)
1354.09: (0.92, 0.20, -0.34)
1354.09: (0.42, -0.67, -0.61): 1
1354.15: (0.91, 0.21, -0.35)
1354.27: (0.87, 0.21, -0.44)
1354.39: (0.81, 0.23, -0.54)
1354.50: (0.78, 0.23, -0.58)
1354.62: (0.83, -0.14, -0.53)
1354.73: (0.70, -0.59, -0.39)
1354.85: (0.67, -0.62, -0.41)
1354.97: (0.67, -0.62, -0.41)
1355.07: (0.59, -0.70, -0.40)
1355.18: (0.51, -0.71, -0.48)
1355.30: (0.45, -0.71, -0.54)
1355.35: (0.43, -0.71, -0.55)
1355.35: (0.67, 0.74, 0.06): 0
1355.40: (0.43, -0.71, -0.55)
1355.52: (0.44, -0.71, -0.55)
1355.63: (0.36, -0.69, -0.62)
1355.75: (0.15, -0.62, -0.77)
1355.87: (-0.05, -0.43, -0.90)
1355.97: (-0.31, -0.01, -0.95)
1356.08: (-0.31, 0.52, -0.79)
1356.20: (-0.30, 0.72, -0.63)
1356.32: (-0.09, 0.99, -0.14)
1356.43: (0.32, 0.78, 0.53)
1356.55: (0.41, 0.72, 0.56)
1356.67: (0.58, 0.64, 0.50)
1356.78: (0.65, 0.73, 0.22)
1356.88: (0.65, 0.75, 0.04)
1356.90: (0.65, 0.75, 0.04)
1356.90: (-0.69, -0.45, -0.56): 0
1357.00: (0.67, 0.74, 0.03)
1357.10: (0.67, 0.74, 0.03)
1357.22: (0.44, 0.85, 0.28)
1357.33: (0.20, 0.90, 0.40)
1357.45: (-0.28, 0.91, 0.31)
1357.57: (-0.74, 0.66, 0.12)
1357.68: (-0.85, 0.49, 0.21)
1357.80: (-0.90, 0.36, 0.24)
1357.90: (-0.99, 0.10, 0.09)
1358.00: (-0.94, -0.19, -0.29)
1358.12: (-0.73, -0.37, -0.58)
1358.22: (-0.62, -0.55, -0.56)
1358.33: (-0.61, -0.61, -0.50)
1358.42: (-0.62, -0.61, -0.50)
1358.42: (-0.48, 0.15, -0.86): 1
1358.45: (-0.62, -0.61, -0.50)
1358.57: (-0.64, -0.57, -0.51)
1358.67: (-0.66, -0.53, -0.53)
1358.78: (-0.73, -0.46, -0.50)
1358.88: (-0.74, -0.45, -0.50)
1358.98: (-0.74, -0.45, -0.50)
1359.10: (-0.65, -0.32, -0.69)
1359.22: (-0.08, -0.33, -0.94)
1359.33: (0.20, -0.22, -0.95)
1359.45: (0.15, 0.02, -0.99)
1359.57: (-0.25, 0.20, -0.95)
1359.67: (-0.30, 0.20, -0.93)
1359.78: (-0.35, 0.18, -0.92)
1359.90: (-0.45, 0.17, -0.87)
1359.95: (-0.55, 0.15, -0.82)
1359.95: (0.57, -0.35, -0.74): 1
1360.02: (-0.58, 0.15, -0.80)
1360.12: (-0.58, 0.17, -0.80)
1360.23: (-0.48, 0.23, -0.85)
1360.35: (-0.23, 0.42, -0.88)
1360.47: (0.12, 0.53, -0.84)
1360.58: (0.48, 0.44, -0.76)
1360.70: (0.57, 0.39, -0.73)
1360.82: (0.64, 0.35, -0.69)
1360.92: (0.64, 0.34, -0.69)
1361.03: (0.75, 0.29, -0.59)
1361.15: (0.93, 0.13, -0.33)
1361.27: (0.93, -0.12, -0.35)
1361.38: (0.81, -0.35, -0.46)
1361.50: (0.55, -0.34, -0.76)
1361.57: (0.55, -0.35, -0.76)
1361.57: (0.98, 0.04, -0.19): 0
1361.62: (0.55, -0.35, -0.76)
1361.73: (0.55, -0.34, -0.76)
1361.83: (0.53, -0.34, -0.78)
1361.93: (0.30, -0.29, -0.91)
1362.05: (0.30, -0.29, -0.91)
1362.17: (0.30, -0.29, -0.91)
1362.27: (0.27, -0.33, -0.90)
1362.38: (0.19, -0.54, -0.82)
1362.50: (0.10, -0.70, -0.71)
1362.62: (0.08, -0.78, -0.62)
1362.73: (0.02, -0.88, -0.48)
1362.85: (0.32, -0.94, 0.13)
1362.95: (0.34, -0.92, 0.18)
1363.05: (0.35, -0.92, 0.18)
1363.17: (0.22, -0.96, 0.18)
1363.28: (0.21, -0.92, 0.34)
1363.40: (0.46, -0.47, 0.75)
1363.52: (0.51, -0.20, 0.84)
1363.62: (0.44, -0.01, 0.90)
1363.73: (0.42, 0.27, 0.86)
1363.85: (0.35, 0.48, 0.80)
1363.97: (0.26, 0.58, 0.77)
1364.08: (0.05, 0.66, 0.75)
1364.20: (-0.28, 0.70, 0.66)
1364.32: (-0.62, 0.62, 0.48)
1364.43: (-0.74, 0.50, 0.46)
1364.53: (-0.77, 0.33, 0.55)
1364.65: (-0.76, 0.09, 0.64)
1364.77: (-0.53, -0.26, 0.81)
1364.88: (-0.15, -0.57, 0.80)
1364.98: (0.18, -0.69, 0.70)
1365.08: (0.48, -0.74, 0.47)
1365.20: (0.63, -0.70, 0.34)
1365.30: (0.79, -0.57, 0.23)
1365.42: (0.85, -0.51, 0.15)
1365.53: (0.94, -0.34, -0.02)
1365.65: (0.99, -0.09, -0.11)
1365.77: (0.98, 0.06, -0.17)
1365.78: (0.98, 0.07, -0.17)
1365.78: (0.91, 0.42, 0.03): 1
1365.87: (0.98, 0.07, -0.17)
1365.98: (0.98, 0.08, -0.18)
1366.10: (0.96, 0.23, -0.13)
1366.22: (0.96, 0.23, -0.14)
1366.33: (0.95, 0.26, -0.15)
1366.45: (0.91, 0.41, -0.07)
1366.47: (0.90, 0.43, -0.06)
1366.47: (-0.81, 0.54, 0.24): 1
1366.55: (0.84, 0.54, 0.03)
1366.67: (0.84, 0.55, 0.04)
1366.78: (0.81, 0.58, 0.08)
1366.90: (0.61, 0.73, 0.32)
1367.02: (0.43, 0.71, 0.56)
1367.13: (0.14, 0.63, 0.77)
1367.25: (-0.09, 0.63, 0.77)
1367.37: (-0.30, 0.67, 0.68)
1367.47: (-0.46, 0.70, 0.55)
1367.58: (-0.56, 0.77, 0.30)
1367.70: (-0.53, 0.85, 0.03)
1367.82: (-0.54, 0.82, -0.21)
1367.92: (-0.72, 0.69, 0.02)
1368.03: (-0.79, 0.57, 0.19)
1368.10: (-0.80, 0.55, 0.23)
1368.10: (-0.98, 0.19, -0.08): 1
1368.15: (-0.80, 0.55, 0.23)
1368.27: (-0.80, 0.54, 0.26)
1368.37: (-0.78, 0.53, 0.33)
1368.48: (-0.75, 0.50, 0.43)
1368.58: (-0.72, 0.45, 0.52)
1368.70: (-0.64, 0.29, 0.71)
1368.80: (-0.52, 0.09, 0.85)
1368.90: (-0.75, 0.04, 0.66)
1369.02: (-0.92, 0.13, 0.38)
1369.13: (-0.97, 0.13, 0.18)
1369.25: (-0.99, 0.15, -0.06)
1369.27: (-0.99, 0.14, -0.09)
1369.27: (-0.50, -0.76, 0.42): 0
1369.37: (-0.97, 0.14, -0.20)
1369.48: (-0.97, 0.14, -0.21)
1369.60: (-0.99, 0.08, -0.14)
1369.72: (-0.95, -0.22, 0.23)
1369.82: (-0.79, -0.31, 0.52)
1369.92: (-0.61, -0.37, 0.70)
1370.03: (-0.51, -0.47, 0.72)
1370.15: (-0.57, -0.63, 0.53)
1370.22: (-0.61, -0.69, 0.40)
1370.22: (0.12, 0.48, -0.87): 1
1370.27: (-0.61, -0.69, 0.39)
1370.38: (-0.54, -0.71, 0.44)
1370.50: (-0.34, -0.76, 0.55)
1370.60: (-0.07, -0.71, 0.71)
1370.72: (0.16, -0.56, 0.81)
1370.82: (-0.03, -0.41, 0.91)
1370.93: (-0.41, -0.34, 0.85)
1371.05: (-0.73, -0.30, 0.61)
1371.17: (-0.85, -0.26, 0.45)
1371.28: (-0.87, -0.40, 0.29)
1371.40: (-0.91, -0.42, 0.00)
1371.51: (-0.93, -0.04, -0.36)
1371.62: (-0.84, 0.19, -0.50)
1371.73: (-0.67, 0.40, -0.63)
1371.85: (-0.54, 0.51, -0.67)
1371.96: (-0.43, 0.63, -0.65)
1372.08: (-0.37, 0.57, -0.73)
1372.18: (-0.17, 0.50, -0.85)
1372.30: (-0.03, 0.48, -0.88)
1372.41: (0.04, 0.50, -0.86)
1372.43: (0.06, 0.50, -0.87)
END