3/30/2023 7:15:09 PM
Mode: Default
White time (s): [1.532776, 3.116028, 0.6669006, 2.682373, 2.499512, 1.866455, 3.99884, 1.183258, 1.56665, 1.299438, 7.315216, 3.032715, 2.766144, 3.716064, 1.816467, 0.6331482, 0.6000061, 1.849609, 1.28302, 1.399384, 1.482758, 3.632904, 0.8665161, 0.5, 1.783203, 1.116455, 1.166443, 0.6495056, 0.5831299, 1.966553]
Shot time (s): [0.7167969, 1.233246, 1.498993, 1.333496, 1.733032, 0.5831909, 2.199493, 3.049683, 1.549683, 1.966309, 1.749634, 2.76593, 1.066223, 1.283417, 0.9331665, 1.216187, 0.5499573, 1.916504, 1.249939, 1.099365, 1.666321, 1.583038, 0.7498169, 1.982941, 2.766174, 1.28302, 1.483032, 2.86673, 2.965912, 2.233154]
Step time (s): [0.7165222, 1.449677, 1.849518, 0.8334961, 0.9998169, 3.582611, 2.516418, 1.866058, 2.832581, 1.333069, 0.583374, 0.5665283, 1.533234, 1.799561, 1.066437, 1.783203, 0.8330994, 1.116333, 1.999664, 0.7827759, 0.4666748, 3.64917, 2.882538, 3.5159, 2.716583, 3.415527, 3.632629, 2.76593, 0.5998535, 0.5167236]
White horz (deg): [164.2724, 328.9123, 41.52748, 287.8747, 156.1873, 167.7024, 436.8344, 99.46995, 159.1274, 151.6549, 624.8716, 190.3649, 131.5648, 406.0872, 159.25, 29.39998, 13.71999, 198.6948, 122.1324, 108.9025, 74.96996, 371.5423, 109.3924, 8.942494, 270.9698, 99.46996, 117.3549, 32.46249, 30.62498, 211.6799]
Shot horz (deg): [29.03248, 139.7724, 165.9874, 146.7549, 207.8823, 10.90249, 215.5999, 172.7249, 161.5775, 123.6024, 185.7099, 334.6698, 119.8049, 132.9124, 51.93997, 133.6474, 10.04499, 151.5324, 117.3549, 102.1649, 162.1899, 192.5698, 26.94998, 191.2223, 263.9873, 66.76245, 144.4274, 314.9472, 259.6998, 200.8999]
Step horz (deg): [57.32996, 221.4798, 206.1674, 65.29247, 35.40247, 373.0121, 260.3123, 184.6074, 255.1674, 141.8549, 3.062498, 20.82498, 119.6824, 153.9824, 41.40498, 120.1724, 27.19498, 60.63745, 222.7048, 16.78249, 16.65999, 330.7495, 83.54494, 190.1199, 363.0897, 238.1398, 363.8246, 265.7022, 26.21498, 10.90249]
White vert (deg): [71.90745, 195.8774, 21.43749, 127.8899, 162.8024, 84.89244, 222.3374, 35.64747, 52.91998, 49.85746, 516.7043, 218.7848, 84.89245, 239.7323, 120.4174, 13.59749, 23.02998, 142.3449, 47.65245, 72.02995, 94.07994, 214.8648, 31.48248, 6.614996, 55.24746, 48.50997, 40.05746, 19.96748, 13.47499, 86.36243]
Shot vert (deg): [17.51749, 32.33998, 38.95497, 56.83995, 93.46745, 17.14999, 123.3574, 201.6349, 72.51993, 104.0025, 79.74744, 205.9223, 30.01248, 66.14996, 49.61248, 52.30747, 19.35499, 130.5849, 48.01996, 31.11497, 44.34495, 75.70494, 36.01497, 29.27747, 92.36492, 98.36744, 67.61998, 120.5399, 116.9874, 91.99743]
Step vert (deg): [32.46248, 37.23996, 159.6174, 15.18999, 41.89498, 207.7598, 104.1249, 34.54496, 171.7448, 58.55496, 20.45749, 19.23249, 61.73995, 89.91494, 45.07998, 94.69244, 19.84499, 49.61245, 67.12996, 30.25748, 6.369997, 181.4223, 270.1124, 253.0848, 138.1799, 86.23994, 169.9073, 274.0323, 19.47749, 13.35249]

Time in sec: camera forward versor
Time in sec: target versor: sound type (0 = White, 1 = Shot, 2 = Step)
START
323.16: (0.91, 0.26, -0.33): 1
323.16: (0.99, -0.16, 0.01)
323.26: (0.99, -0.16, 0.00)
323.37: (0.99, -0.16, 0.00)
323.49: (0.99, 0.01, -0.17)
323.61: (0.95, 0.14, -0.26)
323.72: (0.94, 0.19, -0.29)
323.82: (0.90, 0.26, -0.35)
323.87: (0.89, 0.28, -0.36)
323.87: (-0.88, 0.10, -0.46): 0
323.92: (0.89, 0.28, -0.36)
324.04: (0.89, 0.28, -0.35)
324.16: (0.93, 0.21, -0.31)
324.27: (0.94, 0.04, -0.35)
324.37: (0.77, -0.05, -0.63)
324.49: (0.36, 0.03, -0.93)
324.61: (0.01, 0.22, -0.98)
324.72: (-0.21, 0.19, -0.96)
324.82: (-0.26, 0.07, -0.96)
324.94: (-0.67, -0.01, -0.74)
325.04: (-0.94, 0.02, -0.34)
325.16: (-0.95, 0.15, -0.26)
325.27: (-0.93, 0.14, -0.34)
325.39: (-0.88, 0.06, -0.47)
325.41: (-0.88, 0.05, -0.47)
325.41: (-0.90, 0.42, -0.11): 2
325.50: (-0.88, 0.05, -0.47)
325.61: (-0.87, 0.08, -0.49)
325.72: (-0.93, 0.33, -0.16)
325.82: (-0.85, 0.52, 0.05)
325.94: (-0.85, 0.53, 0.00)
326.04: (-0.88, 0.43, -0.21)
326.12: (-0.88, 0.37, -0.29)
326.12: (-0.12, 0.95, 0.29): 0
326.15: (-0.88, 0.37, -0.30)
326.26: (-0.88, 0.38, -0.29)
326.37: (-0.88, 0.44, -0.20)
326.49: (-0.80, 0.56, 0.22)
326.60: (-0.67, 0.53, 0.52)
326.72: (-0.69, 0.54, 0.49)
326.84: (-0.72, 0.51, 0.48)
326.94: (-0.79, 0.20, 0.58)
327.05: (-0.80, 0.05, 0.59)
327.15: (-0.79, -0.03, 0.61)
327.25: (-0.78, -0.10, 0.62)
327.37: (-0.74, -0.34, 0.58)
327.49: (-0.59, -0.58, 0.55)
327.59: (-0.60, -0.70, 0.40)
327.70: (-0.83, -0.52, -0.20)
327.82: (-0.81, -0.19, -0.56)
327.94: (-0.82, -0.08, -0.57)
328.04: (-0.80, 0.14, -0.58)
328.15: (-0.46, 0.63, -0.62)
328.27: (0.09, 0.93, -0.36)
328.39: (0.35, 0.93, -0.14)
328.49: (0.56, 0.82, -0.10)
328.60: (0.75, 0.64, -0.15)
328.72: (0.69, 0.71, -0.14)
328.84: (0.30, 0.95, -0.03)
328.95: (0.08, 1.00, 0.01)
329.07: (-0.01, 1.00, 0.07)
329.19: (-0.07, 0.98, 0.21)
329.24: (-0.08, 0.97, 0.23)
329.24: (-0.87, -0.30, -0.40): 1
329.29: (-0.08, 0.97, 0.24)
329.40: (-0.08, 0.97, 0.24)
329.52: (-0.04, 0.97, 0.25)
329.64: (-0.14, 0.96, 0.26)
329.75: (-0.52, 0.85, 0.05)
329.85: (-0.77, 0.62, -0.18)
329.97: (-0.93, 0.08, -0.35)
330.09: (-0.78, -0.38, -0.50)
330.20: (-0.69, -0.44, -0.58)
330.30: (-0.77, -0.37, -0.52)
330.42: (-0.85, -0.31, -0.42)
330.47: (-0.85, -0.32, -0.42)
330.47: (-0.03, -0.92, -0.39): 2
330.54: (-0.85, -0.32, -0.42)
330.64: (-0.86, -0.32, -0.40)
330.75: (-0.87, -0.30, -0.39)
330.87: (-0.95, 0.06, -0.32)
330.99: (-0.83, 0.55, -0.14)
331.10: (-0.57, 0.82, 0.03)
331.22: (-0.84, 0.54, -0.07)
331.34: (-0.94, -0.13, -0.31)
331.45: (-0.56, -0.71, -0.42)
331.57: (-0.16, -0.89, -0.43)
331.67: (0.01, -0.89, -0.46)
331.77: (0.00, -0.89, -0.46)
331.89: (-0.02, -0.92, -0.40)
331.92: (-0.02, -0.92, -0.39)
331.92: (-0.74, 0.34, 0.57): 2
332.00: (-0.02, -0.92, -0.38)
332.10: (-0.03, -0.93, -0.37)
332.22: (0.02, -0.89, -0.45)
332.34: (0.01, -0.77, -0.64)
332.45: (-0.10, -0.60, -0.79)
332.57: (-0.23, -0.46, -0.86)
332.69: (-0.66, -0.06, -0.75)
332.79: (-0.83, 0.14, -0.54)
332.90: (-0.97, 0.02, -0.24)
333.02: (-0.95, -0.16, 0.28)
333.14: (-0.60, -0.21, 0.77)
333.24: (-0.22, -0.04, 0.97)
333.34: (-0.26, 0.14, 0.96)
333.45: (-0.65, 0.22, 0.72)
333.57: (-0.81, 0.25, 0.53)
333.69: (-0.77, 0.29, 0.57)
333.77: (-0.74, 0.32, 0.59)
333.77: (-1.00, 0.00, 0.00): 2
333.80: (-0.74, 0.32, 0.60)
333.90: (-0.73, 0.32, 0.60)
334.02: (-0.70, 0.39, 0.59)
334.14: (-0.91, 0.19, 0.36)
334.24: (-0.99, -0.08, 0.07)
334.35: (-0.97, -0.21, -0.07)
334.45: (-0.98, -0.17, -0.04)
334.55: (-0.99, -0.11, -0.01)
334.60: (-0.99, -0.11, -0.02)
334.60: (-0.95, 0.32, 0.02): 0
334.67: (-0.99, -0.10, -0.02)
334.79: (-1.00, -0.09, 0.00)
334.89: (-0.99, 0.09, 0.05)
335.00: (-0.89, 0.45, 0.10)
335.12: (-0.90, 0.43, 0.07)
335.24: (-0.95, 0.30, 0.03)
335.27: (-0.96, 0.29, 0.04)
335.27: (1.00, 0.00, 0.02): 1
335.34: (-0.96, 0.29, 0.04)
335.45: (-0.96, 0.29, 0.04)
335.57: (-0.90, 0.42, 0.08)
335.69: (-0.81, 0.53, 0.23)
335.80: (-0.54, 0.68, 0.49)
335.90: (-0.08, 0.76, 0.64)
336.02: (0.17, 0.67, 0.72)
336.14: (0.45, 0.51, 0.73)
336.25: (0.74, 0.40, 0.54)
336.37: (0.88, 0.28, 0.37)
336.49: (0.97, 0.08, 0.23)
336.60: (0.98, 0.05, 0.19)
336.72: (1.00, 0.01, 0.04)
336.77: (1.00, -0.01, 0.02)
336.77: (0.93, 0.15, -0.34): 2
336.82: (1.00, -0.04, 0.02)
336.94: (0.99, -0.05, 0.14)
337.05: (0.99, -0.05, 0.14)
337.17: (0.99, -0.04, 0.15)
337.27: (0.98, 0.19, 0.11)
337.39: (0.94, 0.33, -0.07)
337.50: (0.95, 0.23, -0.20)
337.62: (0.96, 0.15, -0.24)
337.74: (0.92, 0.17, -0.34)
337.77: (0.92, 0.17, -0.35)
337.77: (-0.83, 0.22, -0.51): 2
337.84: (0.92, 0.17, -0.35)
337.95: (0.92, 0.12, -0.37)
338.07: (0.86, 0.07, -0.50)
338.19: (0.70, -0.17, -0.70)
338.30: (0.30, -0.53, -0.80)
338.42: (-0.11, -0.66, -0.74)
338.54: (-0.39, -0.69, -0.61)
338.65: (-0.45, -0.79, -0.41)
338.75: (-0.36, -0.92, -0.14)
338.87: (-0.38, -0.92, 0.12)
338.97: (-0.41, -0.87, 0.27)
339.09: (-0.38, -0.78, 0.50)
339.20: (-0.38, -0.59, 0.71)
339.32: (-0.39, -0.42, 0.82)
339.44: (-0.41, -0.17, 0.90)
339.55: (-0.28, 0.12, 0.95)
339.67: (-0.07, 0.33, 0.94)
339.77: (0.07, 0.50, 0.87)
339.89: (0.12, 0.55, 0.83)
340.00: (0.07, 0.67, 0.74)
340.10: (-0.26, 0.86, 0.44)
340.22: (-0.54, 0.84, -0.02)
340.34: (-0.62, 0.68, -0.40)
340.45: (-0.68, 0.45, -0.58)
340.57: (-0.54, 0.28, -0.79)
340.67: (-0.54, 0.28, -0.79)
340.77: (-0.54, 0.28, -0.79)
340.89: (-0.76, 0.28, -0.59)
341.00: (-0.90, 0.21, -0.38)
341.12: (-0.90, 0.19, -0.39)
341.24: (-0.89, 0.20, -0.41)
341.35: (-0.86, 0.23, -0.45)
341.35: (1.00, -0.01, 0.03): 1
341.35: (-0.86, 0.23, -0.45)
341.47: (-0.86, 0.24, -0.45)
341.59: (-0.85, 0.24, -0.47)
341.69: (-0.78, 0.19, -0.60)
341.80: (-0.69, 0.28, -0.66)
341.90: (-0.31, 0.13, -0.94)
342.02: (0.32, -0.13, -0.94)
342.14: (0.65, -0.04, -0.76)
342.25: (0.87, 0.02, -0.49)
342.37: (0.95, -0.06, -0.31)
342.48: (0.99, -0.13, -0.07)
342.59: (0.99, -0.10, -0.04)
342.69: (1.00, -0.05, 0.01)
342.69: (-0.03, -1.00, 0.03): 0
342.70: (1.00, -0.05, 0.02)
342.82: (1.00, -0.05, 0.02)
342.94: (0.99, 0.08, -0.12)
343.05: (0.99, 0.09, -0.13)
343.15: (0.99, 0.09, -0.13)
343.27: (0.99, 0.06, -0.12)
343.38: (0.98, -0.13, 0.14)
343.50: (0.64, -0.52, 0.57)
343.60: (0.40, -0.63, 0.66)
343.70: (0.18, -0.65, 0.73)
343.82: (-0.01, -0.64, 0.77)
343.94: (-0.40, -0.54, 0.74)
344.05: (-0.85, -0.29, 0.44)
344.17: (-0.97, -0.03, 0.22)
344.28: (-0.99, 0.12, 0.05)
344.40: (-0.99, 0.11, -0.10)
344.52: (-0.98, -0.14, -0.16)
344.63: (-0.86, -0.52, -0.01)
344.73: (-0.64, -0.76, 0.09)
344.85: (-0.32, -0.94, 0.12)
344.95: (-0.10, -0.99, 0.09)
345.07: (0.09, -1.00, 0.01)
345.18: (0.09, -1.00, 0.05)
345.28: (0.08, -0.99, 0.10)
345.37: (0.07, -0.99, 0.11)
345.37: (-0.87, 0.09, 0.48): 1
345.40: (0.07, -0.99, 0.11)
345.52: (0.06, -0.99, 0.12)
345.63: (0.03, -0.99, 0.10)
345.73: (-0.17, -0.98, -0.05)
345.83: (-0.52, -0.81, -0.28)
345.95: (-0.78, -0.46, -0.42)
346.05: (-0.88, -0.11, -0.45)
346.17: (-0.89, 0.26, -0.37)
346.27: (-0.74, 0.63, -0.23)
346.38: (-0.55, 0.83, -0.06)
346.48: (-0.46, 0.88, 0.09)
346.60: (-0.52, 0.80, 0.29)
346.72: (-0.59, 0.56, 0.58)
346.83: (-0.73, 0.26, 0.63)
346.95: (-0.87, 0.07, 0.48)
347.07: (-0.90, 0.07, 0.44)
347.10: (-0.89, 0.07, 0.45)
347.10: (-0.98, 0.14, 0.13): 1
347.17: (-0.88, 0.06, 0.47)
347.28: (-0.87, 0.05, 0.49)
347.40: (-0.90, -0.01, 0.43)
347.52: (-0.96, 0.06, 0.29)
347.63: (-0.96, 0.12, 0.26)
347.68: (-0.96, 0.13, 0.26)
347.68: (0.85, 0.25, -0.47): 0
347.73: (-0.96, 0.13, 0.26)
347.85: (-0.96, 0.12, 0.25)
347.97: (-0.97, 0.13, 0.23)
348.08: (-0.98, 0.13, 0.17)
348.18: (-0.96, 0.24, 0.12)
348.30: (-0.86, 0.51, 0.01)
348.40: (-0.69, 0.72, -0.08)
348.52: (-0.48, 0.86, -0.17)
348.63: (-0.42, 0.88, -0.23)
348.75: (-0.20, 0.93, -0.32)
348.85: (0.25, 0.93, -0.27)
348.97: (0.55, 0.82, 0.14)
349.08: (0.55, 0.82, 0.14)
349.18: (0.55, 0.82, 0.14)
349.30: (0.55, 0.82, 0.14)
349.42: (0.70, 0.68, 0.21)
349.53: (0.90, 0.38, 0.20)
349.65: (0.97, 0.17, 0.17)
349.75: (0.99, 0.15, 0.06)
349.87: (0.96, 0.24, -0.17)
349.98: (0.93, 0.21, -0.30)
350.10: (0.88, 0.20, -0.42)
350.18: (0.83, 0.25, -0.51)
350.18: (-0.48, -0.33, -0.81): 0
350.20: (0.83, 0.25, -0.51)
350.30: (0.83, 0.26, -0.50)
350.42: (0.85, 0.26, -0.45)
350.53: (0.89, 0.28, -0.35)
350.65: (0.70, 0.59, -0.41)
350.77: (0.31, 0.74, -0.60)
350.88: (-0.19, 0.70, -0.69)
351.00: (-0.69, 0.46, -0.57)
351.12: (-0.90, 0.27, -0.35)
351.23: (-0.87, 0.32, -0.37)
351.35: (-0.87, 0.32, -0.37)
351.47: (-0.87, 0.13, -0.48)
351.58: (-0.83, -0.10, -0.55)
351.70: (-0.74, -0.32, -0.60)
351.82: (-0.60, -0.39, -0.70)
351.92: (-0.49, -0.34, -0.80)
352.03: (-0.48, -0.31, -0.82)
352.05: (-0.48, -0.31, -0.82)
352.05: (0.95, -0.31, -0.01): 2
352.13: (-0.48, -0.30, -0.82)
352.23: (-0.49, -0.30, -0.82)
352.35: (-0.43, -0.26, -0.87)
352.47: (-0.16, 0.03, -0.99)
352.58: (-0.07, 0.19, -0.98)
352.70: (0.10, 0.43, -0.90)
352.82: (0.34, 0.69, -0.63)
352.92: (0.48, 0.82, -0.31)
353.03: (0.51, 0.86, 0.06)
353.15: (0.52, 0.72, 0.45)
353.27: (0.47, 0.49, 0.73)
353.37: (0.41, 0.30, 0.86)
353.48: (0.31, -0.04, 0.95)
353.60: (0.25, -0.31, 0.92)
353.72: (0.28, -0.51, 0.81)
353.83: (0.37, -0.68, 0.64)
353.95: (0.53, -0.69, 0.49)
354.05: (0.67, -0.64, 0.38)
354.17: (0.79, -0.56, 0.26)
354.28: (0.86, -0.49, 0.14)
354.40: (0.89, -0.45, 0.06)
354.50: (0.93, -0.37, 0.04)
354.57: (0.94, -0.35, 0.03)
354.57: (-0.19, -0.19, -0.96): 0
354.60: (0.94, -0.35, 0.03)
354.72: (0.94, -0.34, 0.04)
354.83: (0.94, -0.34, 0.05)
354.95: (0.93, -0.37, 0.07)
355.07: (0.63, -0.76, 0.14)
355.17: (0.20, -0.97, 0.12)
355.28: (-0.09, -0.96, 0.28)
355.40: (-0.62, -0.75, 0.21)
355.52: (-0.60, -0.73, 0.32)
355.63: (-0.60, -0.73, 0.32)
355.75: (-0.58, -0.75, 0.31)
355.87: (-0.69, -0.72, 0.08)
355.98: (-0.88, -0.41, -0.25)
356.10: (-0.86, 0.18, -0.48)
356.20: (-0.68, 0.50, -0.54)
356.30: (-0.53, 0.64, -0.56)
356.42: (-0.39, 0.74, -0.55)
356.53: (-0.38, 0.83, -0.41)
356.65: (-0.38, 0.90, -0.23)
356.77: (-0.41, 0.90, -0.11)
356.88: (-0.53, 0.84, -0.08)
357.00: (-0.72, 0.69, 0.02)
357.12: (-0.89, 0.42, 0.19)
357.23: (-0.97, 0.18, 0.19)
357.33: (-0.99, -0.06, 0.12)
357.43: (-0.94, -0.32, 0.10)
357.55: (-0.82, -0.56, 0.08)
357.67: (-0.67, -0.74, -0.09)
357.78: (-0.34, -0.82, -0.46)
357.90: (0.02, -0.67, -0.74)
358.02: (0.16, -0.42, -0.89)
358.13: (0.11, -0.21, -0.97)
358.25: (-0.25, -0.08, -0.96)
358.37: (-0.35, -0.11, -0.93)
358.47: (-0.31, -0.15, -0.94)
358.57: (-0.24, -0.20, -0.95)
358.57: (0.98, -0.09, -0.17): 0
358.57: (-0.24, -0.20, -0.95)
358.68: (-0.24, -0.20, -0.95)
358.78: (-0.23, -0.21, -0.95)
358.90: (-0.25, -0.20, -0.95)
359.02: (-0.09, -0.16, -0.98)
359.12: (0.23, -0.16, -0.96)
359.23: (0.67, -0.09, -0.74)
359.35: (0.90, 0.05, -0.44)
359.47: (0.95, 0.16, -0.27)
359.58: (0.99, 0.02, -0.16)
359.68: (0.98, -0.14, -0.13)
359.75: (0.98, -0.16, -0.14)
359.75: (-0.97, 0.02, -0.26): 2
359.80: (0.98, -0.16, -0.14)
359.91: (0.98, -0.17, -0.14)
360.03: (0.98, -0.17, -0.06)
360.15: (0.97, -0.26, 0.01)
360.25: (0.97, -0.26, 0.01)
360.37: (0.97, -0.26, 0.01)
360.48: (0.97, -0.23, -0.01)
360.60: (0.94, -0.23, -0.25)
360.71: (0.68, -0.23, -0.69)
360.83: (0.24, -0.23, -0.94)
360.95: (-0.27, -0.20, -0.94)
361.06: (-0.67, -0.13, -0.73)
361.18: (-0.89, 0.00, -0.46)
361.30: (-0.98, 0.12, -0.17)
361.41: (-0.98, 0.14, -0.14)
361.53: (-0.98, 0.07, -0.20)
361.61: (-0.97, 0.03, -0.24)
361.61: (0.84, -0.54, -0.05): 0
361.65: (-0.97, 0.03, -0.24)
361.76: (-0.97, 0.03, -0.23)
361.86: (-0.97, 0.02, -0.23)
361.96: (-0.98, 0.06, -0.18)
362.08: (-0.92, -0.04, -0.39)
362.20: (-0.51, -0.26, -0.82)
362.31: (0.35, -0.31, -0.88)
362.41: (0.71, -0.25, -0.66)
362.53: (0.82, -0.24, -0.52)
362.65: (0.90, -0.21, -0.39)
362.76: (0.94, -0.30, -0.19)
362.86: (0.86, -0.51, -0.01)
362.98: (0.83, -0.55, 0.00)
363.08: (0.84, -0.55, 0.00)
363.18: (0.84, -0.55, 0.00)
363.18: (0.80, 0.14, -0.59): 1
363.20: (0.84, -0.55, 0.00)
363.31: (0.84, -0.55, 0.00)
363.43: (0.84, -0.55, 0.00)
363.53: (0.83, -0.55, -0.08)
363.65: (0.65, -0.56, -0.51)
363.76: (0.14, -0.46, -0.88)
363.88: (-0.33, -0.30, -0.90)
363.98: (-0.65, -0.07, -0.76)
364.10: (-0.77, 0.10, -0.63)
364.21: (-0.82, 0.25, -0.52)
364.33: (-0.78, 0.45, -0.44)
364.45: (-0.59, 0.62, -0.51)
364.55: (-0.39, 0.69, -0.61)
364.66: (-0.15, 0.71, -0.68)
364.78: (0.10, 0.67, -0.74)
364.88: (0.28, 0.52, -0.81)
365.00: (0.47, 0.33, -0.82)
365.11: (0.61, 0.24, -0.76)
365.23: (0.73, 0.19, -0.65)
365.33: (0.78, 0.14, -0.62)
365.38: (0.78, 0.13, -0.61)
365.38: (0.80, 0.19, 0.57): 2
365.45: (0.77, 0.13, -0.62)
365.56: (0.77, 0.13, -0.63)
365.68: (0.78, 0.15, -0.61)
365.78: (0.75, 0.35, -0.55)
365.88: (0.57, 0.54, -0.62)
366.00: (0.26, 0.70, -0.67)
366.11: (-0.08, 0.78, -0.63)
366.21: (-0.32, 0.79, -0.52)
366.33: (-0.55, 0.79, -0.29)
366.45: (-0.69, 0.72, -0.09)
366.55: (-0.79, 0.61, 0.03)
366.66: (-0.85, 0.51, 0.12)
366.78: (-0.89, 0.38, 0.25)
366.90: (-0.93, 0.23, 0.30)
367.01: (-0.95, 0.08, 0.30)
367.11: (-0.94, -0.11, 0.33)
367.23: (-0.78, -0.32, 0.54)
367.33: (-0.51, -0.37, 0.78)
367.45: (-0.22, -0.15, 0.96)
367.56: (0.09, 0.14, 0.99)
367.68: (0.26, 0.27, 0.93)
367.80: (0.39, 0.33, 0.86)
367.91: (0.56, 0.34, 0.75)
368.03: (0.70, 0.26, 0.67)
368.15: (0.76, 0.23, 0.60)
368.21: (0.78, 0.23, 0.58)
368.21: (-0.71, -0.60, -0.37): 1
368.26: (0.80, 0.20, 0.57)
368.38: (0.80, 0.16, 0.58)
368.50: (0.79, 0.14, 0.60)
368.61: (0.79, 0.14, 0.60)
368.73: (0.79, 0.16, 0.60)
368.85: (0.74, 0.34, 0.58)
368.96: (0.75, 0.45, 0.49)
369.06: (0.77, 0.54, 0.34)
369.16: (0.71, 0.67, 0.21)
369.28: (0.54, 0.83, 0.11)
369.40: (0.35, 0.93, 0.06)
369.51: (0.07, 0.99, 0.08)
369.61: (-0.16, 0.98, 0.07)
369.73: (-0.45, 0.89, 0.06)
369.85: (-0.65, 0.76, 0.05)
369.96: (-0.81, 0.58, 0.05)
370.08: (-0.90, 0.42, 0.11)
370.20: (-0.96, 0.07, 0.27)
370.31: (-0.92, 0.14, 0.36)
370.43: (-0.92, 0.14, 0.36)
370.53: (-0.92, 0.14, 0.36)
370.65: (-0.93, -0.02, 0.37)
370.76: (-0.80, -0.57, 0.21)
370.88: (-0.69, -0.72, -0.04)
370.98: (-0.68, -0.72, -0.16)
371.10: (-0.73, -0.61, -0.31)
371.21: (-0.75, -0.56, -0.36)
371.26: (-0.74, -0.56, -0.36)
371.26: (-0.73, 0.67, 0.12): 0
371.31: (-0.75, -0.56, -0.37)
371.43: (-0.76, -0.55, -0.34)
371.55: (-0.78, -0.54, -0.33)
371.66: (-0.89, -0.37, -0.26)
371.78: (-0.98, -0.01, -0.18)
371.88: (-0.93, 0.35, -0.06)
372.00: (-0.55, 0.83, -0.06)
372.10: (-0.11, 0.99, -0.08)
372.21: (-0.23, 0.97, -0.01)
372.33: (-0.47, 0.88, 0.04)
372.43: (-0.60, 0.80, 0.08)
372.55: (-0.70, 0.70, 0.12)
372.56: (-0.71, 0.69, 0.13)
372.56: (0.09, -0.98, -0.16): 2
372.66: (-0.72, 0.67, 0.16)
372.78: (-0.72, 0.67, 0.17)
372.90: (-0.73, 0.65, 0.20)
373.00: (-0.83, 0.40, 0.39)
373.11: (-0.80, -0.04, 0.59)
373.23: (-0.72, -0.30, 0.62)
373.35: (-0.53, -0.67, 0.52)
373.45: (-0.44, -0.82, 0.37)
373.56: (-0.24, -0.95, 0.20)
373.68: (0.04, -1.00, -0.04)
373.80: (0.19, -0.97, -0.16)
373.90: (0.19, -0.97, -0.16)
373.90: (-0.91, -0.36, -0.18): 1
373.90: (0.19, -0.97, -0.16)
374.00: (0.17, -0.98, -0.15)
374.10: (0.16, -0.98, -0.15)
374.21: (0.16, -0.98, -0.14)
374.33: (0.03, -0.99, -0.10)
374.45: (-0.40, -0.91, 0.06)
374.56: (-0.78, -0.55, 0.29)
374.66: (-0.86, -0.21, 0.47)
374.78: (-0.78, 0.15, 0.60)
374.90: (-0.80, 0.23, 0.56)
375.01: (-0.95, -0.02, 0.31)
375.13: (-0.97, -0.23, 0.10)
375.23: (-0.95, -0.30, 0.06)
375.35: (-0.94, -0.33, -0.09)
375.45: (-0.93, -0.33, -0.16)
375.45: (0.47, -0.68, 0.57): 0
375.46: (-0.93, -0.33, -0.17)
375.58: (-0.93, -0.34, -0.15)
375.70: (-0.93, -0.33, -0.16)
375.81: (-0.95, -0.27, -0.18)
375.91: (-0.93, -0.21, -0.30)
376.03: (-0.80, -0.27, -0.54)
376.14: (-0.41, -0.45, -0.79)
376.26: (0.09, -0.48, -0.87)
376.36: (0.38, -0.36, -0.85)
376.48: (0.66, -0.24, -0.71)
376.60: (0.89, -0.16, -0.44)
376.71: (0.98, -0.03, -0.22)
376.83: (1.00, 0.05, -0.04)
376.94: (0.97, 0.11, 0.21)
377.06: (0.86, 0.13, 0.49)
377.16: (0.87, 0.11, 0.48)
377.28: (0.87, 0.11, 0.48)
377.39: (0.86, 0.11, 0.50)
377.51: (0.64, 0.31, 0.70)
377.61: (0.34, 0.46, 0.82)
377.73: (0.11, 0.54, 0.83)
377.83: (-0.01, 0.61, 0.79)
377.94: (-0.12, 0.68, 0.72)
378.06: (-0.26, 0.76, 0.60)
378.16: (-0.51, 0.74, 0.44)
378.28: (-0.71, 0.67, 0.23)
378.39: (-0.70, 0.71, 0.08)
378.49: (-0.62, 0.78, 0.04)
378.61: (-0.35, 0.94, 0.03)
378.73: (-0.08, 0.95, 0.32)
378.84: (0.19, 0.87, 0.45)
378.94: (0.25, 0.84, 0.49)
379.06: (0.34, 0.78, 0.53)
379.18: (0.63, 0.61, 0.49)
379.28: (0.91, 0.35, 0.21)
379.39: (0.98, 0.18, -0.11)
379.51: (0.94, 0.20, -0.29)
379.63: (0.85, 0.26, -0.45)
379.74: (0.71, 0.32, -0.62)
379.84: (0.55, 0.38, -0.75)
379.96: (0.31, 0.43, -0.84)
380.06: (0.16, 0.48, -0.86)
380.18: (-0.01, 0.53, -0.85)
380.29: (-0.26, 0.55, -0.79)
380.41: (-0.46, 0.50, -0.73)
380.53: (-0.40, 0.51, -0.76)
380.64: (-0.40, 0.51, -0.76)
380.76: (-0.40, 0.51, -0.76)
380.86: (-0.45, 0.47, -0.76)
380.96: (-0.59, 0.33, -0.73)
381.08: (-0.88, 0.04, -0.48)
381.19: (-0.96, -0.23, -0.19)
381.29: (-0.94, -0.33, -0.02)
381.41: (-0.77, -0.63, 0.15)
381.53: (-0.42, -0.89, 0.19)
381.64: (-0.01, -1.00, 0.06)
381.74: (0.33, -0.94, -0.02)
381.86: (0.51, -0.86, -0.06)
381.98: (0.75, -0.65, -0.15)
382.08: (0.87, -0.47, -0.16)
382.19: (0.95, -0.31, 0.05)
382.29: (0.90, -0.28, 0.34)
382.41: (0.75, -0.40, 0.52)
382.53: (0.69, -0.51, 0.52)
382.64: (0.60, -0.62, 0.50)
382.76: (0.51, -0.67, 0.54)
382.76: (-0.77, -0.12, 0.63): 1
382.76: (0.51, -0.67, 0.54)
382.86: (0.51, -0.67, 0.54)
382.98: (0.56, -0.75, 0.37)
383.09: (0.56, -0.75, 0.37)
383.21: (0.56, -0.75, 0.37)
383.33: (0.59, -0.71, 0.38)
383.43: (0.15, -0.94, 0.31)
383.54: (-0.47, -0.88, -0.07)
383.66: (-0.31, -0.95, -0.09)
383.76: (-0.26, -0.96, -0.05)
383.88: (-0.38, -0.92, 0.09)
383.99: (-0.43, -0.88, 0.18)
384.11: (-0.47, -0.84, 0.28)
384.23: (-0.54, -0.68, 0.49)
384.34: (-0.63, -0.44, 0.65)
384.44: (-0.67, -0.24, 0.70)
384.56: (-0.72, -0.11, 0.69)
384.68: (-0.75, -0.11, 0.65)
384.73: (-0.76, -0.11, 0.65)
384.73: (0.39, -0.16, -0.91): 1
384.79: (-0.75, -0.11, 0.65)
384.89: (-0.76, -0.12, 0.64)
385.01: (-0.76, -0.15, 0.63)
385.11: (-0.80, -0.14, 0.58)
385.23: (-0.93, -0.07, 0.36)
385.34: (-0.99, 0.02, -0.10)
385.46: (-0.92, 0.11, -0.38)
385.56: (-0.76, 0.16, -0.63)
385.68: (-0.29, 0.28, -0.91)
385.79: (0.23, 0.25, -0.94)
385.91: (0.54, 0.10, -0.83)
386.03: (0.69, 0.03, -0.73)
386.13: (0.56, -0.04, -0.83)
386.24: (0.53, -0.02, -0.85)
386.36: (0.47, -0.02, -0.88)
386.48: (0.40, -0.02, -0.92)
386.48: (0.36, 0.69, -0.62): 0
386.48: (0.40, -0.02, -0.92)
386.59: (0.39, -0.03, -0.92)
386.71: (0.39, -0.08, -0.92)
386.81: (0.39, -0.25, -0.89)
386.93: (0.47, -0.35, -0.81)
387.04: (0.65, -0.44, -0.62)
387.16: (0.80, -0.46, -0.39)
387.28: (0.92, -0.39, -0.08)
387.39: (0.90, -0.43, 0.01)
387.51: (0.90, -0.43, 0.01)
387.61: (0.90, -0.43, 0.01)
387.73: (0.92, -0.38, -0.01)
387.84: (0.92, -0.36, 0.13)
387.94: (0.81, -0.29, 0.51)
388.06: (0.53, -0.08, 0.85)
388.18: (0.28, 0.09, 0.96)
388.29: (0.13, 0.20, 0.97)
388.39: (0.26, 0.20, 0.94)
388.51: (0.62, 0.28, 0.74)
388.63: (0.75, 0.55, 0.38)
388.74: (0.70, 0.71, 0.05)
388.86: (0.60, 0.79, -0.10)
388.98: (0.54, 0.83, -0.17)
389.08: (0.45, 0.85, -0.28)
389.19: (0.41, 0.80, -0.45)
389.31: (0.46, 0.69, -0.56)
389.43: (0.42, 0.61, -0.67)
389.51: (0.40, 0.61, -0.69)
389.51: (-0.87, -0.37, -0.34): 0
389.53: (0.40, 0.60, -0.69)
389.64: (0.40, 0.61, -0.69)
389.74: (0.42, 0.61, -0.67)
389.86: (0.58, 0.55, -0.60)
389.98: (0.57, 0.54, -0.61)
390.09: (0.57, 0.52, -0.64)
390.21: (0.57, 0.52, -0.64)
390.33: (0.57, 0.52, -0.64)
390.43: (0.57, 0.52, -0.64)
390.54: (0.53, 0.53, -0.66)
390.64: (0.40, 0.62, -0.67)
390.76: (0.12, 0.77, -0.62)
390.88: (-0.25, 0.84, -0.48)
390.98: (-0.27, 0.89, -0.38)
391.09: (-0.27, 0.89, -0.38)
391.19: (-0.27, 0.89, -0.38)
391.31: (-0.34, 0.85, -0.40)
391.41: (-0.62, 0.65, -0.44)
391.53: (-0.84, 0.38, -0.39)
391.64: (-0.89, 0.30, -0.34)
391.76: (-0.94, 0.17, -0.30)
391.86: (-0.97, -0.06, -0.25)
391.98: (-0.94, -0.20, -0.28)
392.09: (-0.91, -0.25, -0.33)
392.21: (-0.88, -0.31, -0.35)
392.28: (-0.88, -0.33, -0.34)
392.28: (-0.99, 0.10, -0.09): 2
392.33: (-0.88, -0.33, -0.35)
392.44: (-0.89, -0.32, -0.33)
392.54: (-0.92, -0.26, -0.30)
392.66: (-0.97, -0.06, -0.22)
392.76: (-0.98, -0.02, -0.21)
392.86: (-0.98, -0.02, -0.21)
392.86: (-0.56, -0.61, -0.57): 1
392.88: (-0.98, -0.01, -0.21)
392.99: (-0.98, 0.04, -0.20)
393.11: (-0.98, 0.10, -0.19)
393.22: (-0.87, 0.34, -0.36)
393.34: (-0.53, 0.65, -0.54)
393.46: (0.07, 0.80, -0.59)
393.57: (0.52, 0.65, -0.55)
393.67: (0.58, 0.63, -0.52)
393.79: (0.67, 0.62, -0.41)
393.89: (0.67, 0.69, -0.27)
394.01: (0.40, 0.91, 0.11)
394.12: (0.28, 0.90, 0.35)
394.24: (0.14, 0.89, 0.44)
394.36: (-0.19, 0.82, 0.54)
394.47: (-0.48, 0.67, 0.57)
394.59: (-0.78, 0.36, 0.52)
394.71: (-0.84, 0.10, 0.53)
394.81: (-0.89, -0.05, 0.45)
394.92: (-0.97, -0.24, 0.03)
395.02: (-0.88, -0.24, -0.40)
395.14: (-0.56, -0.27, -0.78)
395.24: (-0.28, -0.39, -0.88)
395.36: (-0.34, -0.60, -0.72)
395.46: (-0.44, -0.65, -0.62)
395.57: (-0.55, -0.62, -0.56)
395.62: (-0.55, -0.62, -0.56)
395.62: (0.68, -0.73, 0.03): 0
395.69: (-0.55, -0.62, -0.56)
395.79: (-0.55, -0.63, -0.56)
395.91: (-0.54, -0.63, -0.55)
396.02: (-0.48, -0.62, -0.62)
396.12: (-0.10, -0.56, -0.82)
396.22: (0.15, -0.44, -0.89)
396.34: (0.46, -0.23, -0.86)
396.46: (0.75, 0.10, -0.66)
396.57: (0.78, 0.09, -0.62)
396.67: (0.78, 0.09, -0.62)
396.77: (0.78, 0.09, -0.62)
396.89: (0.82, 0.22, -0.53)
397.01: (0.83, 0.48, -0.28)
397.12: (0.69, 0.71, 0.10)
397.24: (0.57, 0.77, 0.28)
397.36: (0.38, 0.80, 0.46)
397.46: (0.13, 0.74, 0.66)
397.56: (-0.09, 0.63, 0.77)
397.67: (-0.32, 0.51, 0.80)
397.77: (-0.39, 0.55, 0.73)
397.89: (-0.43, 0.74, 0.51)
398.01: (-0.49, 0.87, 0.09)
398.12: (-0.50, 0.83, -0.24)
398.24: (-0.45, 0.72, -0.53)
398.36: (-0.27, 0.58, -0.77)
398.47: (0.05, 0.42, -0.91)
398.59: (0.37, 0.15, -0.92)
398.71: (0.63, -0.21, -0.75)
398.81: (0.72, -0.44, -0.53)
398.91: (0.78, -0.56, -0.30)
399.02: (0.84, -0.55, 0.00)
399.14: (0.83, -0.55, 0.08)
399.26: (0.78, -0.62, 0.05)
399.34: (0.72, -0.69, 0.07)
399.34: (-0.36, -0.76, 0.54): 0
399.37: (0.73, -0.68, 0.08)
399.49: (0.74, -0.66, 0.09)
399.59: (0.82, -0.57, 0.01)
399.71: (0.82, -0.57, 0.01)
399.82: (0.82, -0.57, 0.01)
399.94: (0.83, -0.55, 0.02)
400.06: (0.86, -0.30, 0.41)
400.17: (0.56, 0.01, 0.83)
400.27: (0.19, 0.21, 0.96)
400.39: (-0.14, 0.22, 0.97)
400.51: (-0.38, 0.01, 0.92)
400.62: (-0.53, -0.29, 0.80)
400.72: (-0.62, -0.53, 0.57)
400.82: (-0.60, -0.69, 0.40)
400.94: (-0.50, -0.77, 0.38)
401.04: (-0.44, -0.77, 0.47)
401.16: (-0.43, -0.74, 0.52)
401.16: (0.02, -0.80, 0.60): 0
401.16: (-0.43, -0.74, 0.52)
401.27: (-0.43, -0.74, 0.52)
401.37: (-0.44, -0.76, 0.49)
401.49: (-0.31, -0.82, 0.49)
401.61: (-0.12, -0.81, 0.57)
401.71: (-0.06, -0.77, 0.63)
401.79: (0.02, -0.75, 0.66)
401.79: (-0.93, -0.36, -0.10): 1
401.82: (0.02, -0.74, 0.67)
401.94: (0.01, -0.74, 0.67)
402.06: (-0.01, -0.78, 0.63)
402.17: (-0.15, -0.81, 0.56)
402.29: (-0.57, -0.75, 0.34)
402.41: (-0.85, -0.51, -0.11)
402.51: (-0.86, -0.31, -0.41)
402.62: (-0.85, -0.27, -0.45)
402.74: (-0.91, -0.35, -0.23)
402.86: (-0.93, -0.37, -0.08)
402.86: (-1.00, 0.02, -0.03): 2
402.86: (-0.93, -0.37, -0.08)
402.96: (-0.93, -0.36, -0.08)
403.07: (-0.94, -0.32, -0.13)
403.19: (-0.98, -0.09, -0.18)
403.31: (-1.00, 0.05, -0.07)
403.42: (-1.00, 0.04, -0.03)
403.42: (-1.00, 0.06, -0.04): 0
403.42: (-1.00, 0.04, -0.03)
403.52: (-1.00, 0.05, -0.01)
403.64: (-0.98, 0.18, 0.02)
403.76: (-0.96, 0.28, 0.06)
403.87: (-0.98, 0.19, 0.03)
403.99: (-1.00, 0.08, 0.00)
404.02: (-1.00, 0.08, 0.00)
404.02: (0.81, -0.57, 0.12): 0
404.11: (-0.99, 0.10, 0.02)
404.22: (-0.99, 0.13, 0.06)
404.34: (-0.97, 0.22, 0.06)
404.46: (-0.94, 0.32, 0.11)
404.57: (-0.86, 0.25, 0.44)
404.69: (-0.41, -0.14, 0.90)
404.79: (-0.02, -0.50, 0.87)
404.91: (0.09, -0.77, 0.63)
405.02: (0.20, -0.97, 0.15)
405.14: (0.25, -0.92, -0.29)
405.26: (0.31, -0.77, -0.56)
405.37: (0.57, -0.75, -0.34)
405.49: (0.66, -0.74, -0.13)
405.61: (0.65, -0.76, -0.11)
405.71: (0.72, -0.69, 0.00)
405.82: (0.81, -0.57, 0.10)
405.87: (0.82, -0.56, 0.11)
405.87: (0.14, 0.05, -0.99): 0
405.94: (0.82, -0.56, 0.11)
406.06: (0.82, -0.56, 0.11)
406.16: (0.86, -0.50, 0.08)
406.26: (0.90, -0.44, 0.06)
406.37: (0.94, -0.33, -0.11)
406.47: (0.90, -0.18, -0.39)
406.59: (0.59, 0.15, -0.79)
406.69: (0.23, 0.33, -0.92)
406.81: (-0.01, 0.39, -0.92)
406.92: (0.05, 0.27, -0.96)
407.04: (0.12, 0.14, -0.98)
407.14: (0.11, 0.08, -0.99)
407.16: (0.11, 0.08, -0.99)
407.16: (0.52, -0.85, 0.07): 1
407.24: (0.11, 0.08, -0.99)
407.36: (0.11, 0.09, -0.99)
407.47: (0.04, 0.03, -1.00)
407.57: (-0.10, -0.04, -0.99)
407.69: (-0.20, -0.38, -0.90)
407.81: (0.03, -0.74, -0.68)
407.92: (0.42, -0.87, -0.25)
408.02: (0.65, -0.73, 0.22)
408.12: (0.69, -0.62, 0.38)
408.24: (0.64, -0.70, 0.30)
408.36: (0.61, -0.77, 0.20)
408.44: (0.60, -0.80, 0.10)
408.44: (-0.37, -0.30, -0.88): 0
408.47: (0.60, -0.80, 0.10)
408.59: (0.60, -0.79, 0.09)
408.69: (0.60, -0.79, 0.09)
408.81: (0.55, -0.82, 0.14)
408.92: (0.38, -0.92, 0.10)
409.04: (0.13, -0.98, -0.13)
409.16: (-0.23, -0.93, -0.30)
409.27: (-0.56, -0.70, -0.44)
409.39: (-0.73, -0.46, -0.51)
409.49: (-0.69, -0.43, -0.58)
409.61: (-0.53, -0.38, -0.76)
409.72: (-0.42, -0.24, -0.87)
409.84: (-0.31, -0.19, -0.93)
409.84: (0.28, 0.34, -0.90): 1
409.84: (-0.31, -0.19, -0.93)
409.95: (-0.32, -0.22, -0.92)
410.05: (-0.31, -0.23, -0.92)
410.17: (-0.34, -0.26, -0.90)
410.29: (-0.26, -0.11, -0.96)
410.40: (0.16, 0.44, -0.88)
410.50: (0.34, 0.45, -0.83)
410.62: (0.33, 0.43, -0.84)
410.74: (0.32, 0.39, -0.86)
410.77: (0.32, 0.37, -0.87)
410.77: (0.66, -0.61, -0.44): 2
410.84: (0.32, 0.37, -0.87)
410.95: (0.33, 0.36, -0.87)
411.05: (0.32, 0.37, -0.87)
411.17: (0.35, 0.43, -0.83)
411.29: (0.42, 0.45, -0.79)
411.40: (0.53, 0.37, -0.76)
411.52: (0.57, 0.06, -0.82)
411.64: (0.46, -0.33, -0.82)
411.75: (0.10, -0.75, -0.65)
411.87: (0.06, -0.85, -0.53)
411.99: (0.36, -0.77, -0.53)
412.10: (0.50, -0.71, -0.50)
412.22: (0.56, -0.67, -0.48)
412.30: (0.65, -0.61, -0.46)
412.30: (-0.91, -0.22, 0.36): 1
412.32: (0.66, -0.60, -0.45)
412.44: (0.66, -0.61, -0.45)
412.55: (0.65, -0.62, -0.45)
412.67: (0.52, -0.74, -0.43)
412.77: (0.33, -0.89, -0.31)
412.89: (-0.05, -0.99, -0.09)
413.00: (-0.46, -0.87, 0.17)
413.10: (-0.66, -0.62, 0.42)
413.22: (-0.79, -0.30, 0.54)
413.34: (-0.87, -0.13, 0.48)
413.44: (-0.91, -0.16, 0.39)
413.52: (-0.91, -0.18, 0.38)
413.52: (-0.98, -0.16, 0.06): 1
413.55: (-0.91, -0.18, 0.38)
413.65: (-0.91, -0.18, 0.38)
413.77: (-0.90, -0.18, 0.39)
413.89: (-0.95, -0.14, 0.27)
413.99: (-0.98, -0.14, 0.11)
414.07: (-0.98, -0.18, 0.08)
414.07: (0.53, -0.55, 0.65): 1
414.09: (-0.98, -0.19, 0.09)
414.20: (-0.97, -0.20, 0.11)
414.32: (-0.98, -0.18, 0.11)
414.44: (-0.97, -0.06, 0.22)
414.55: (-0.90, -0.15, 0.42)
414.65: (-0.75, -0.40, 0.53)
414.75: (-0.57, -0.69, 0.45)
414.87: (-0.17, -0.98, 0.13)
414.99: (0.15, -0.97, -0.19)
415.10: (0.26, -0.93, -0.26)
415.22: (0.51, -0.83, -0.24)
415.34: (0.64, -0.76, -0.11)
415.45: (0.71, -0.70, 0.04)
415.57: (0.79, -0.59, 0.14)
415.69: (0.83, -0.45, 0.33)
415.79: (0.63, -0.50, 0.59)
415.90: (0.50, -0.57, 0.65)
415.99: (0.50, -0.57, 0.65)
415.99: (0.29, -0.95, -0.13): 0
416.02: (0.50, -0.57, 0.66)
416.14: (0.50, -0.56, 0.66)
416.25: (0.50, -0.56, 0.66)
416.37: (0.55, -0.54, 0.64)
416.49: (0.71, -0.50, 0.50)
416.59: (0.87, -0.44, 0.22)
416.70: (0.87, -0.48, -0.10)
416.80: (0.72, -0.62, -0.30)
416.92: (0.43, -0.79, -0.43)
417.04: (0.14, -0.90, -0.42)
417.15: (0.12, -0.93, -0.35)
417.27: (0.23, -0.94, -0.25)
417.39: (0.28, -0.95, -0.16)
417.47: (0.30, -0.94, -0.12)
417.47: (0.83, 0.50, -0.25): 0
417.50: (0.31, -0.94, -0.12)
417.60: (0.31, -0.94, -0.12)
417.72: (0.30, -0.95, -0.12)
417.84: (0.23, -0.96, -0.15)
417.95: (0.07, -0.95, -0.30)
418.07: (-0.06, -0.82, -0.57)
418.19: (-0.03, -0.41, -0.91)
418.29: (0.03, 0.01, -1.00)
418.40: (0.04, 0.26, -0.96)
418.52: (0.08, 0.32, -0.94)
418.64: (0.08, 0.32, -0.94)
418.74: (0.08, 0.32, -0.94)
418.84: (0.05, 0.40, -0.92)
418.95: (-0.05, 0.63, -0.77)
419.05: (-0.10, 0.80, -0.60)
419.17: (-0.17, 0.90, -0.39)
419.29: (-0.28, 0.95, -0.14)
419.39: (-0.40, 0.91, 0.08)
419.50: (-0.48, 0.81, 0.34)
419.62: (-0.50, 0.69, 0.52)
419.74: (-0.53, 0.56, 0.63)
419.85: (-0.54, 0.35, 0.77)
419.97: (-0.44, 0.12, 0.89)
420.09: (-0.18, -0.10, 0.98)
420.19: (0.09, -0.24, 0.97)
420.30: (0.31, -0.31, 0.90)
420.42: (0.64, -0.29, 0.71)
420.52: (0.92, -0.12, 0.38)
420.64: (0.97, 0.12, -0.23)
420.75: (0.81, 0.29, -0.50)
420.87: (0.78, 0.39, -0.48)
420.99: (0.82, 0.45, -0.36)
421.09: (0.86, 0.43, -0.27)
421.10: (0.86, 0.43, -0.27)
421.10: (-0.91, 0.34, -0.22): 2
421.20: (0.85, 0.45, -0.28)
421.32: (0.81, 0.50, -0.31)
421.44: (0.76, 0.56, -0.32)
421.54: (0.52, 0.73, -0.44)
421.65: (0.04, 0.66, -0.75)
421.77: (-0.23, 0.65, -0.72)
421.89: (-0.23, 0.65, -0.72)
422.00: (-0.23, 0.65, -0.72)
422.12: (-0.39, 0.53, -0.75)
422.24: (-0.68, 0.06, -0.73)
422.35: (-0.76, -0.21, -0.62)
422.45: (-0.82, -0.28, -0.50)
422.57: (-0.94, -0.15, -0.30)
422.67: (-0.96, 0.11, -0.26)
422.77: (-0.93, 0.21, -0.30)
422.89: (-0.92, 0.29, -0.26)
422.90: (-0.92, 0.30, -0.26)
422.90: (-0.57, -0.16, -0.80): 1
423.00: (-0.91, 0.31, -0.25)
423.10: (-0.88, 0.38, -0.27)
423.20: (-0.83, 0.44, -0.34)
423.30: (-0.79, 0.44, -0.43)
423.42: (-0.52, 0.56, -0.65)
423.54: (-0.15, 0.65, -0.75)
423.65: (0.01, 0.60, -0.80)
423.77: (-0.40, 0.35, -0.84)
423.89: (-0.60, 0.11, -0.79)
424.00: (-0.66, -0.03, -0.75)
424.10: (-0.66, -0.05, -0.75)
424.15: (-0.66, -0.05, -0.75)
424.15: (-0.73, -0.52, 0.44): 1
424.22: (-0.66, -0.06, -0.75)
424.34: (-0.66, -0.05, -0.75)
424.45: (-0.65, -0.06, -0.76)
424.57: (-0.70, -0.16, -0.70)
424.69: (-0.86, -0.39, -0.32)
424.80: (-0.78, -0.61, 0.13)
424.92: (-0.49, -0.72, 0.49)
425.04: (-0.55, -0.66, 0.51)
425.14: (-0.65, -0.58, 0.50)
425.25: (-0.71, -0.53, 0.46)
425.25: (-0.93, -0.20, -0.32): 0
425.25: (-0.71, -0.53, 0.46)
425.35: (-0.72, -0.53, 0.45)
425.47: (-0.69, -0.47, 0.55)
425.57: (-0.63, -0.41, 0.66)
425.67: (-0.86, -0.45, 0.22)
425.79: (-0.78, -0.29, -0.55)
425.90: (-0.77, -0.23, -0.59)
426.00: (-0.87, -0.22, -0.44)
426.12: (-0.94, -0.16, -0.31)
426.12: (1.00, 0.00, -0.07): 1
426.12: (-0.94, -0.16, -0.31)
426.22: (-0.94, -0.16, -0.31)
426.34: (-0.94, -0.14, -0.32)
426.45: (-0.86, -0.10, -0.50)
426.57: (-0.71, 0.00, -0.71)
426.68: (-0.54, 0.07, -0.84)
426.80: (-0.02, 0.23, -0.97)
426.90: (0.26, 0.29, -0.92)
427.02: (0.54, 0.32, -0.77)
427.14: (0.83, 0.33, -0.45)
427.25: (0.92, 0.28, -0.26)
427.37: (0.95, 0.25, -0.18)
427.48: (0.96, 0.18, -0.21)
427.60: (0.98, 0.11, -0.15)
427.72: (1.00, 0.02, -0.04)
427.78: (1.00, 0.00, -0.02)
427.78: (0.68, -0.58, 0.44): 2
427.83: (1.00, 0.00, -0.01)
427.94: (1.00, 0.01, -0.01)
428.05: (1.00, 0.03, -0.06)
428.17: (1.00, -0.01, -0.08)
428.28: (0.98, -0.15, -0.09)
428.40: (0.90, -0.43, 0.08)
428.52: (0.79, -0.57, 0.22)
428.63: (0.75, -0.59, 0.29)
428.75: (0.69, -0.59, 0.42)
428.85: (0.67, -0.59, 0.45)
428.85: (-0.96, 0.28, -0.09): 2
428.87: (0.67, -0.59, 0.45)
428.98: (0.67, -0.58, 0.46)
429.10: (0.62, -0.60, 0.50)
429.22: (0.52, -0.65, 0.55)
429.32: (0.41, -0.71, 0.57)
429.43: (0.20, -0.73, 0.65)
429.55: (-0.14, -0.60, 0.78)
429.67: (-0.47, -0.32, 0.82)
429.77: (-0.66, -0.16, 0.74)
429.88: (-0.81, -0.05, 0.58)
430.00: (-0.87, 0.16, 0.47)
430.12: (-0.84, 0.41, 0.36)
430.23: (-0.85, 0.46, 0.27)
430.35: (-0.90, 0.42, 0.14)
430.45: (-0.92, 0.38, 0.06)
430.57: (-0.93, 0.36, -0.01)
430.63: (-0.94, 0.35, -0.03)
430.63: (-0.93, -0.01, 0.36): 2
430.67: (-0.94, 0.35, -0.03)
430.78: (-0.93, 0.35, -0.02)
430.90: (-0.94, 0.35, 0.01)
431.00: (-0.95, 0.25, 0.19)
431.12: (-0.95, 0.25, 0.19)
431.22: (-0.97, 0.19, 0.18)
431.32: (-0.96, 0.08, 0.28)
431.43: (-0.93, 0.01, 0.37)
431.47: (-0.93, 0.01, 0.38)
431.47: (-0.93, 0.04, 0.36): 0
431.55: (-0.93, 0.01, 0.38)
431.67: (-0.91, -0.01, 0.41)
431.77: (-0.90, -0.02, 0.43)
431.88: (-0.92, 0.04, 0.38)
431.97: (-0.94, 0.06, 0.34)
431.97: (-0.34, 0.16, 0.93): 2
431.98: (-0.94, 0.06, 0.34)
432.10: (-0.93, 0.07, 0.36)
432.22: (-0.92, 0.07, 0.40)
432.33: (-0.86, 0.10, 0.49)
432.43: (-0.77, 0.10, 0.63)
432.55: (-0.65, -0.23, 0.73)
432.67: (-0.54, -0.38, 0.75)
432.78: (-0.47, -0.20, 0.86)
432.88: (-0.43, -0.06, 0.90)
433.00: (-0.40, 0.03, 0.92)
433.08: (-0.36, 0.10, 0.93)
433.08: (0.80, 0.09, -0.59): 2
433.12: (-0.35, 0.13, 0.93)
433.23: (-0.34, 0.13, 0.93)
433.35: (-0.39, 0.30, 0.87)
433.47: (-0.45, 0.39, 0.80)
433.58: (-0.54, 0.73, 0.41)
433.68: (-0.57, 0.81, 0.08)
433.80: (-0.57, 0.82, 0.08)
433.92: (-0.60, 0.80, 0.10)
434.03: (-0.59, 0.76, -0.27)
434.15: (-0.31, 0.62, -0.72)
434.25: (-0.01, 0.34, -0.94)
434.37: (0.23, 0.06, -0.97)
434.48: (0.23, 0.08, -0.97)
434.58: (0.23, 0.08, -0.97)
434.70: (0.43, 0.02, -0.90)
434.80: (0.71, -0.03, -0.70)
434.92: (0.82, -0.05, -0.57)
435.02: (0.80, 0.02, -0.60)
435.08: (0.80, 0.05, -0.60)
435.08: (-0.64, 0.46, 0.61): 0
435.13: (0.80, 0.05, -0.60)
435.25: (0.80, 0.05, -0.59)
435.35: (0.81, 0.01, -0.59)
435.47: (0.83, -0.26, -0.50)
435.58: (0.58, -0.08, -0.81)
435.68: (-0.04, 0.40, -0.92)
435.80: (-0.40, 0.75, -0.53)
435.92: (-0.17, 0.68, -0.72)
436.03: (0.03, 0.51, -0.86)
436.13: (-0.25, 0.70, -0.67)
436.25: (-0.61, 0.76, -0.23)
436.37: (-0.68, 0.72, 0.12)
436.47: (-0.68, 0.65, 0.35)
436.57: (-0.66, 0.64, 0.39)
436.68: (-0.65, 0.57, 0.50)
436.80: (-0.61, 0.41, 0.68)
436.87: (-0.59, 0.41, 0.70)
436.87: (-0.10, 0.56, 0.82): 2
436.92: (-0.59, 0.41, 0.70)
437.03: (-0.59, 0.41, 0.70)
437.15: (-0.59, 0.41, 0.70)
437.27: (-0.38, 0.40, 0.83)
437.38: (-0.21, 0.51, 0.83)
437.50: (-0.16, 0.59, 0.79)
437.60: (-0.12, 0.60, 0.79)
437.65: (-0.12, 0.59, 0.80)
437.65: (0.00, 1.00, -0.05): 1
437.72: (-0.11, 0.60, 0.80)
437.82: (-0.10, 0.59, 0.80)
437.93: (-0.03, 0.51, 0.86)
438.05: (0.06, 0.34, 0.94)
438.17: (0.18, 0.12, 0.98)
438.28: (0.27, -0.07, 0.96)
438.40: (0.13, 0.26, 0.96)
438.50: (-0.27, 0.79, 0.55)
438.62: (-0.47, 0.88, -0.01)
438.73: (-0.50, 0.78, -0.38)
438.85: (-0.42, 0.82, -0.38)
438.97: (-0.21, 0.95, -0.21)
439.07: (-0.10, 0.98, -0.16)
439.18: (-0.06, 1.00, -0.06)
439.23: (-0.05, 1.00, -0.04)
439.23: (-0.02, 0.99, 0.16): 2
439.30: (-0.05, 1.00, -0.04)
439.42: (-0.05, 1.00, -0.08)
439.52: (-0.08, 0.99, -0.09)
439.63: (-0.05, 0.99, 0.10)
439.70: (-0.05, 0.99, 0.12)
439.70: (-0.45, 0.81, -0.38): 1
439.75: (-0.04, 0.99, 0.13)
439.87: (-0.04, 0.99, 0.13)
439.98: (-0.04, 0.99, 0.15)
440.10: (-0.27, 0.96, -0.09)
440.20: (-0.40, 0.90, -0.18)
440.32: (-0.46, 0.86, -0.23)
440.43: (-0.48, 0.80, -0.35)
440.45: (-0.48, 0.80, -0.36)
440.45: (1.00, 0.05, -0.07): 2
440.53: (-0.48, 0.80, -0.36)
440.63: (-0.48, 0.80, -0.36)
440.75: (-0.48, 0.79, -0.38)
440.87: (-0.48, 0.74, -0.47)
440.98: (-0.33, 0.74, -0.58)
441.10: (-0.04, 0.32, -0.95)
441.22: (0.17, -0.17, -0.97)
441.33: (0.32, -0.39, -0.86)
441.45: (0.40, -0.55, -0.73)
441.57: (0.44, -0.72, -0.54)
441.68: (0.47, -0.83, -0.31)
441.78: (0.46, -0.89, -0.02)
441.90: (0.40, -0.83, 0.40)
442.02: (0.30, -0.76, 0.57)
442.12: (0.20, -0.68, 0.70)
442.23: (0.09, -0.61, 0.79)
442.33: (-0.02, -0.50, 0.86)
442.45: (-0.16, -0.35, 0.92)
442.57: (-0.30, -0.13, 0.94)
442.68: (-0.35, 0.14, 0.92)
442.80: (-0.30, 0.34, 0.89)
442.92: (-0.12, 0.48, 0.87)
443.03: (0.09, 0.63, 0.77)
443.15: (0.26, 0.76, 0.60)
443.26: (0.50, 0.69, 0.52)
443.38: (0.73, 0.52, 0.44)
443.50: (0.87, 0.33, 0.37)
443.61: (0.98, 0.05, 0.19)
443.71: (1.00, -0.08, 0.05)
443.83: (0.98, -0.18, -0.07)
443.95: (0.99, -0.08, -0.09)
444.06: (1.00, -0.02, -0.08)
444.10: (1.00, -0.02, -0.08)
444.10: (-1.00, -0.02, 0.05): 1
444.18: (1.00, -0.02, -0.08)
444.30: (1.00, -0.02, -0.09)
444.40: (0.99, -0.12, -0.09)
444.51: (0.99, -0.12, -0.09)
444.63: (0.99, -0.12, -0.09)
444.75: (0.99, -0.12, -0.09)
444.86: (1.00, -0.08, -0.03)
444.96: (1.00, 0.00, -0.08)
445.08: (0.93, 0.25, -0.27)
445.18: (0.76, 0.46, -0.46)
445.28: (0.34, 0.71, -0.62)
445.40: (-0.37, 0.73, -0.57)
445.51: (-0.73, 0.55, -0.40)
445.63: (-0.84, 0.43, -0.32)
445.75: (-0.85, 0.43, -0.31)
445.86: (-0.98, 0.19, 0.00)
445.96: (-1.00, 0.07, 0.07)
446.08: (-1.00, -0.01, 0.06)
446.08: (0.03, 0.64, -0.77): 0
446.08: (-1.00, -0.01, 0.06)
446.18: (-1.00, -0.03, 0.04)
446.30: (-1.00, -0.07, 0.01)
446.41: (-1.00, -0.06, -0.04)
446.51: (-0.97, -0.02, -0.23)
446.63: (-0.65, 0.38, -0.66)
446.75: (-0.31, 0.65, -0.69)
446.86: (-0.05, 0.81, -0.59)
446.98: (-0.03, 0.75, -0.66)
447.10: (0.02, 0.67, -0.74)
447.20: (0.04, 0.63, -0.77)
447.20: (0.26, 0.65, 0.72): 1
447.21: (0.03, 0.63, -0.77)
447.31: (0.04, 0.63, -0.77)
447.43: (0.01, 0.64, -0.77)
447.55: (-0.01, 0.66, -0.75)
447.66: (0.21, 0.74, -0.64)
447.76: (0.57, 0.69, -0.45)
447.88: (0.79, 0.55, -0.27)
448.00: (0.90, 0.42, -0.09)
448.11: (0.92, 0.38, 0.01)
448.23: (0.93, 0.08, 0.35)
448.35: (0.78, -0.21, 0.59)
448.46: (0.60, -0.43, 0.67)
448.58: (0.62, -0.44, 0.65)
448.70: (0.62, -0.44, 0.65)
448.81: (0.60, -0.37, 0.71)
448.93: (0.38, -0.48, 0.79)
449.05: (0.32, -0.38, 0.87)
449.16: (0.34, -0.28, 0.90)
449.28: (0.38, -0.08, 0.92)
449.40: (0.53, 0.27, 0.81)
449.50: (0.60, 0.57, 0.56)
449.61: (0.59, 0.73, 0.35)
449.73: (0.48, 0.73, 0.49)
449.85: (0.28, 0.63, 0.73)
449.96: (0.23, 0.61, 0.76)
449.96: (0.96, -0.23, -0.15): 1
449.96: (0.23, 0.61, 0.76)
450.08: (0.24, 0.61, 0.76)
450.20: (0.30, 0.61, 0.74)
450.30: (0.34, 0.61, 0.72)
450.41: (0.48, 0.64, 0.59)
450.53: (0.74, 0.51, 0.44)
450.65: (0.95, 0.18, 0.26)
450.75: (1.00, -0.09, 0.00)
450.86: (0.93, -0.31, -0.22)
450.98: (0.85, -0.41, -0.33)
451.10: (0.90, -0.35, -0.26)
451.20: (0.93, -0.31, -0.21)
451.25: (0.93, -0.30, -0.20)
451.25: (0.66, -0.29, 0.69): 0
451.31: (0.93, -0.30, -0.20)
451.43: (0.93, -0.31, -0.21)
451.53: (0.92, -0.30, -0.23)
451.65: (0.94, -0.31, -0.11)
451.76: (0.94, -0.21, 0.25)
451.88: (0.47, -0.12, 0.87)
452.00: (0.25, -0.05, 0.97)
452.11: (0.40, -0.21, 0.89)
452.23: (0.56, -0.28, 0.78)
452.35: (0.66, -0.27, 0.71)
452.41: (0.68, -0.24, 0.69)
452.41: (0.34, 0.46, -0.82): 1
452.46: (0.68, -0.25, 0.69)
452.58: (0.67, -0.27, 0.69)
452.68: (0.67, -0.23, 0.70)
452.80: (0.57, -0.12, 0.81)
452.90: (0.45, -0.08, 0.89)
453.01: (0.72, 0.16, 0.67)
453.13: (0.96, 0.27, 0.00)
453.25: (0.90, 0.14, -0.42)
453.36: (0.69, 0.06, -0.72)
453.48: (0.58, 0.02, -0.81)
453.60: (0.51, 0.10, -0.85)
453.71: (0.41, 0.31, -0.86)
453.81: (0.30, 0.41, -0.86)
453.90: (0.27, 0.43, -0.86)
453.90: (-0.28, 0.96, 0.02): 1
453.93: (0.27, 0.43, -0.86)
454.03: (0.28, 0.41, -0.87)
454.13: (0.28, 0.41, -0.87)
454.25: (0.31, 0.46, -0.83)
454.36: (0.40, 0.59, -0.70)
454.46: (0.50, 0.69, -0.52)
454.56: (0.63, 0.73, -0.27)
454.66: (0.70, 0.71, -0.02)
454.78: (0.73, 0.66, 0.16)
454.90: (0.73, 0.66, 0.18)
455.01: (0.72, 0.57, 0.40)
455.13: (0.66, 0.26, 0.70)
455.25: (0.53, -0.01, 0.85)
455.36: (0.58, 0.20, 0.79)
455.48: (0.55, 0.83, 0.09)
455.58: (0.28, 0.85, -0.44)
455.70: (-0.02, 0.68, -0.74)
455.81: (-0.19, 0.53, -0.83)
455.93: (-0.19, 0.52, -0.83)
456.03: (-0.29, 0.51, -0.81)
456.15: (-0.50, 0.57, -0.65)
456.26: (-0.64, 0.67, -0.38)
456.38: (-0.64, 0.76, -0.07)
456.50: (-0.54, 0.84, 0.02)
456.61: (-0.36, 0.93, -0.05)
456.73: (-0.24, 0.97, -0.05)
456.76: (-0.23, 0.97, -0.05)
456.76: (0.47, 0.87, -0.12): 0
456.83: (-0.23, 0.97, -0.05)
456.95: (-0.23, 0.97, -0.06)
457.06: (-0.15, 0.99, -0.06)
457.18: (0.30, 0.95, -0.10)
457.30: (0.38, 0.92, -0.12)
457.40: (0.39, 0.91, -0.13)
457.41: (0.39, 0.91, -0.13)
457.41: (0.86, 0.51, -0.04): 0
457.51: (0.39, 0.91, -0.13)
457.63: (0.39, 0.91, -0.13)
457.75: (0.55, 0.83, -0.09)
457.86: (0.75, 0.65, -0.05)
457.98: (0.83, 0.56, -0.07)
458.00: (0.83, 0.56, -0.07)
458.00: (-0.48, -0.46, -0.74): 1
458.10: (0.83, 0.55, -0.08)
458.21: (0.83, 0.55, -0.08)
458.33: (0.86, 0.50, -0.06)
458.43: (0.91, 0.40, -0.11)
458.53: (0.95, 0.29, -0.11)
458.65: (0.80, 0.52, -0.30)
458.76: (0.43, 0.74, -0.52)
458.86: (0.24, 0.83, -0.51)
458.98: (0.12, 0.89, -0.45)
459.10: (0.02, 0.92, -0.39)
459.21: (-0.22, 0.93, -0.29)
459.33: (-0.58, 0.80, -0.15)
459.43: (-0.75, 0.66, -0.07)
459.55: (-0.84, 0.54, 0.00)
459.66: (-0.92, 0.38, 0.08)
459.78: (-1.00, 0.01, 0.08)
459.90: (-1.00, 0.02, 0.05)
460.01: (-1.00, 0.02, 0.05)
460.13: (-1.00, 0.01, 0.00)
460.23: (-0.95, -0.28, -0.16)
460.35: (-0.78, -0.56, -0.29)
460.46: (-0.57, -0.77, -0.29)
460.58: (-0.50, -0.83, -0.24)
460.69: (-0.39, -0.82, -0.42)
460.81: (-0.39, -0.63, -0.67)
460.91: (-0.48, -0.52, -0.71)
460.96: (-0.48, -0.52, -0.71)
460.96: (-0.28, -0.86, 0.44): 0
461.01: (-0.48, -0.51, -0.72)
461.13: (-0.47, -0.49, -0.74)
461.24: (-0.51, -0.42, -0.75)
461.36: (-0.58, -0.26, -0.77)
461.48: (-0.68, 0.18, -0.71)
461.58: (-0.64, 0.21, -0.74)
461.68: (-0.35, -0.33, -0.88)
461.79: (-0.02, -0.76, -0.65)
461.89: (0.14, -0.86, -0.50)
462.01: (0.34, -0.91, -0.25)
462.11: (0.41, -0.89, -0.17)
462.23: (0.48, -0.87, 0.09)
462.34: (0.40, -0.84, 0.36)
462.46: (0.21, -0.80, 0.56)
462.58: (0.00, -0.75, 0.66)
462.69: (-0.22, -0.74, 0.63)
462.79: (-0.24, -0.78, 0.57)
462.89: (-0.23, -0.85, 0.48)
462.93: (-0.23, -0.85, 0.48)
462.93: (-0.95, -0.19, 0.24): 2
463.01: (-0.23, -0.85, 0.48)
463.13: (-0.22, -0.86, 0.46)
463.24: (-0.22, -0.86, 0.46)
463.36: (-0.17, -0.89, 0.43)
463.48: (-0.03, -0.96, 0.27)
463.59: (0.00, -0.99, 0.15)
463.69: (0.04, -1.00, -0.02)
463.81: (0.30, -0.92, -0.25)
463.93: (0.49, -0.80, -0.34)
464.03: (0.55, -0.79, -0.25)
464.13: (0.63, -0.75, -0.20)
464.24: (0.77, -0.57, -0.28)
464.36: (0.88, -0.37, -0.29)
464.48: (0.91, -0.31, -0.27)
464.59: (0.79, -0.51, -0.33)
464.71: (0.35, -0.88, -0.31)
464.81: (-0.12, -0.98, -0.13)
464.93: (-0.38, -0.92, 0.00)
465.04: (-0.49, -0.87, 0.01)
465.14: (-0.64, -0.77, 0.10)
465.26: (-0.81, -0.55, 0.21)
465.38: (-0.93, -0.22, 0.29)
465.49: (-0.96, 0.02, 0.29)
465.59: (-0.96, 0.01, 0.29)
465.71: (-0.94, -0.15, 0.31)
465.81: (-0.91, -0.23, 0.34)
465.81: (0.92, -0.26, 0.29): 2
465.83: (-0.91, -0.24, 0.34)
465.93: (-0.91, -0.24, 0.34)
466.04: (-0.91, -0.24, 0.34)
466.16: (-0.94, -0.27, 0.23)
466.28: (-0.96, -0.23, -0.16)
466.39: (-0.82, -0.16, -0.56)
466.49: (-0.72, -0.14, -0.68)
466.61: (-0.70, -0.14, -0.70)
466.73: (-0.86, -0.18, -0.49)
466.84: (-0.99, -0.14, 0.00)
466.96: (-0.99, 0.13, 0.11)
467.08: (-0.94, 0.34, 0.06)
467.19: (-0.87, 0.48, -0.05)
467.29: (-0.79, 0.61, -0.10)
467.41: (-0.56, 0.82, -0.09)
467.53: (-0.33, 0.94, -0.08)
467.64: (-0.25, 0.97, -0.07)
467.76: (-0.35, 0.93, -0.13)
467.88: (-0.35, 0.93, -0.13)
467.98: (-0.35, 0.93, -0.13)
468.09: (-0.22, 0.94, -0.25)
468.21: (0.18, 0.90, -0.38)
468.33: (0.43, 0.85, -0.32)
468.43: (0.44, 0.84, -0.31)
468.54: (0.52, 0.81, -0.27)
468.66: (0.81, 0.59, -0.05)
468.76: (0.94, 0.34, 0.02)
468.88: (0.98, 0.11, 0.16)
468.99: (0.94, -0.08, 0.32)
469.11: (0.86, -0.26, 0.43)
469.23: (0.89, -0.28, 0.35)
469.33: (0.91, -0.31, 0.28)
469.33: (-0.94, -0.01, 0.34): 2
469.34: (0.91, -0.31, 0.28)
469.44: (0.91, -0.31, 0.28)
469.56: (0.92, -0.29, 0.26)
469.66: (0.96, -0.24, 0.13)
469.78: (0.93, -0.25, -0.28)
469.89: (0.81, -0.28, -0.51)
470.01: (0.56, -0.25, -0.79)
470.13: (0.64, -0.17, -0.75)
470.24: (0.67, -0.20, -0.71)
470.36: (0.96, -0.11, -0.24)
470.48: (0.69, 0.17, 0.70)
470.58: (0.24, 0.21, 0.95)
470.69: (0.06, 0.19, 0.98)
470.79: (0.01, 0.20, 0.98)
470.91: (-0.02, 0.04, 1.00)
471.01: (0.03, -0.27, 0.96)
471.13: (0.16, -0.50, 0.85)
471.23: (0.25, -0.60, 0.76)
471.33: (0.01, -0.63, 0.77)
471.44: (-0.46, -0.57, 0.68)
471.54: (-0.80, -0.39, 0.46)
471.66: (-1.00, -0.03, 0.07)
471.78: (-0.99, 0.12, -0.05)
471.88: (-0.99, 0.11, 0.11)
471.98: (-0.95, 0.01, 0.32)
472.04: (-0.92, -0.03, 0.38)
472.04: (0.29, -0.03, -0.96): 2
472.09: (-0.92, -0.04, 0.39)
472.21: (-0.91, -0.04, 0.41)
472.33: (-0.90, -0.03, 0.44)
472.43: (-0.88, 0.01, 0.47)
472.54: (-0.88, 0.01, 0.47)
472.66: (-0.88, 0.01, 0.47)
472.78: (-0.88, 0.01, 0.47)
472.89: (-0.89, -0.01, 0.45)
473.01: (-0.91, -0.01, 0.42)
473.13: (-0.98, 0.08, 0.19)
473.23: (-0.97, 0.25, 0.03)
473.33: (-0.80, 0.52, -0.29)
473.44: (-0.59, 0.62, -0.51)
473.56: (-0.28, 0.68, -0.67)
473.68: (-0.07, 0.68, -0.73)
473.79: (0.07, 0.69, -0.72)
473.91: (0.07, 0.69, -0.72)
474.03: (0.08, 0.66, -0.75)
474.14: (0.29, 0.56, -0.77)
474.24: (0.63, 0.37, -0.68)
474.34: (0.81, 0.21, -0.54)
474.44: (0.91, 0.12, -0.40)
474.56: (0.92, -0.02, -0.39)
474.68: (0.83, 0.00, -0.56)
474.79: (0.67, 0.12, -0.73)
474.91: (0.53, 0.14, -0.84)
475.01: (0.50, 0.12, -0.86)
475.13: (0.46, 0.12, -0.88)
475.24: (0.38, 0.10, -0.92)
475.36: (0.33, 0.06, -0.94)
475.46: (0.32, 0.04, -0.95)
475.46: (0.17, -0.98, 0.10): 2
475.46: (0.32, 0.04, -0.95)
475.56: (0.33, 0.04, -0.94)
475.68: (0.33, 0.04, -0.94)
475.78: (0.35, 0.03, -0.94)
475.88: (0.71, -0.23, -0.67)
475.99: (0.88, -0.45, -0.18)
476.11: (0.77, -0.52, 0.36)
476.23: (0.52, -0.46, 0.72)
476.34: (0.28, -0.38, 0.88)
476.44: (0.12, -0.28, 0.95)
476.56: (0.14, -0.28, 0.95)
476.66: (0.14, -0.28, 0.95)
476.76: (-0.01, -0.30, 0.95)
476.88: (-0.40, -0.09, 0.91)
476.99: (-0.71, 0.13, 0.70)
477.11: (-0.85, 0.30, 0.43)
477.22: (-0.91, 0.41, 0.12)
477.34: (-0.88, 0.45, -0.14)
477.46: (-0.84, 0.46, -0.30)
477.57: (-0.86, 0.38, -0.35)
477.69: (-0.91, 0.25, -0.34)
477.81: (-0.94, 0.00, -0.33)
477.92: (-0.92, -0.30, -0.26)
478.04: (-0.84, -0.50, -0.19)
478.16: (-0.76, -0.64, -0.09)
478.26: (-0.61, -0.79, 0.09)
478.37: (-0.37, -0.91, 0.19)
478.49: (-0.12, -0.93, 0.33)
478.61: (0.08, -0.91, 0.42)
478.72: (0.25, -0.93, 0.26)
478.84: (0.25, -0.95, 0.18)
478.96: (0.23, -0.97, 0.12)
479.06: (0.19, -0.98, 0.09)
479.09: (0.18, -0.98, 0.09)
479.09: (-0.83, -0.03, -0.56): 1
479.17: (0.17, -0.98, 0.09)
479.27: (0.16, -0.98, 0.08)
479.39: (0.07, -0.97, 0.23)
479.49: (0.07, -0.97, 0.23)
479.61: (0.10, -0.97, 0.24)
479.72: (0.06, -0.98, -0.18)
479.84: (-0.12, -0.67, -0.73)
479.96: (-0.32, -0.14, -0.94)
480.07: (-0.37, 0.30, -0.88)
480.19: (-0.34, 0.54, -0.77)
480.29: (-0.29, 0.69, -0.67)
480.41: (-0.24, 0.78, -0.58)
480.51: (-0.29, 0.73, -0.62)
480.62: (-0.29, 0.73, -0.62)
480.74: (-0.29, 0.72, -0.63)
480.84: (-0.58, 0.49, -0.65)
480.94: (-0.81, 0.17, -0.56)
481.04: (-0.92, 0.02, -0.38)
481.16: (-0.92, 0.02, -0.40)
481.27: (-0.88, 0.02, -0.48)
481.32: (-0.88, 0.01, -0.48)
481.32: (-0.22, -0.40, 0.89): 2
481.37: (-0.88, 0.01, -0.47)
481.49: (-0.88, 0.00, -0.47)
481.61: (-0.90, 0.01, -0.44)
481.71: (-0.94, 0.06, -0.33)
481.82: (-0.86, -0.45, -0.24)
481.94: (-0.53, -0.84, -0.12)
482.06: (-0.39, -0.92, 0.05)
482.17: (-0.39, -0.88, 0.28)
482.29: (-0.42, -0.85, 0.31)
482.41: (-0.17, -0.97, 0.19)
482.52: (-0.07, -0.96, -0.26)
482.64: (-0.27, -0.67, -0.69)
482.76: (-0.41, -0.19, -0.89)
482.87: (-0.46, 0.12, -0.88)
482.97: (-0.48, 0.27, -0.83)
483.09: (-0.58, 0.46, -0.67)
483.21: (-0.73, 0.63, -0.27)
483.32: (-0.72, 0.68, 0.12)
483.44: (-0.63, 0.59, 0.50)
483.56: (-0.44, 0.28, 0.85)
483.67: (-0.23, -0.08, 0.97)
483.77: (-0.09, -0.26, 0.96)
483.89: (-0.08, -0.34, 0.94)
484.01: (-0.22, -0.43, 0.87)
484.09: (-0.29, -0.47, 0.83)
484.09: (-0.45, -0.65, 0.61): 2
484.12: (-0.29, -0.47, 0.83)
484.24: (-0.27, -0.48, 0.84)
484.36: (-0.21, -0.64, 0.74)
484.46: (-0.25, -0.75, 0.62)
484.57: (-0.39, -0.72, 0.58)
484.69: (-0.46, -0.68, 0.58)
484.69: (-0.29, -0.69, 0.66): 2
484.69: (-0.46, -0.68, 0.58)
484.79: (-0.46, -0.68, 0.57)
484.91: (-0.48, -0.70, 0.53)
485.02: (-0.45, -0.75, 0.49)
485.12: (-0.36, -0.78, 0.51)
485.21: (-0.33, -0.76, 0.56)
END