3/30/2023 6:51:38 PM
Mode: Default
White time (s): [2.282593, 1.433266, 1.566269, 1.549774, 2.166306, 1.616241, 1.64975, 4.782242, 7.032227, 2.932968, 4.915619, 2.066177, 2.099533, 1.083191, 1.41629, 1.899277, 1.716339, 0.9664917, 1.149994, 2.132813, 6.615143, 0.7834167, 1.06662, 2.049469, 2.18277, 1.416351, 6.115448, 0.8165283, 2.166473, 2.949585]
Shot time (s): [5.93251, 3.049454, 3.099068, 2.832787, 1.466446, 1.199753, 2.066307, 3.748978, 1.30014, 2.282455, 1.766525, 2.033081, 1.016342, 6.332275, 2.899261, 5.032745, 2.399536, 2.982895, 1.549835, 2.71608, 2.73291, 1.349609, 1.699692, 1.549789, 1.399765, 1.049835, 1.616333, 1.349731, 1.583099, 4.165253]
Step time (s): [2.299583, 0.9166946, 3.949356, 1.882813, 1.066391, 1.099976, 2.482635, 2.382843, 1.716034, 1.149506, 2.782654, 5.615295, 1.216446, 2.149628, 2.166092, 1.083374, 1.349777, 1.682816, 4.682724, 2.8992, 3.799149, 2.016144, 3.999146, 0.9665527, 3.449432, 6.232208, 1.332764, 2.099609, 2.533112, 2.266357]
White horz (deg): [147.75, 81.80003, 97.70002, 53.99999, 92.75002, 102.65, 132.8, 283.6, 406.9, 165.3, 293.5001, 146.7, 127.4, 77.7, 84.79999, 57.7, 107.7, 20.75, 39.90001, 128.25, 249.2, 23.95, 56.90001, 173.65, 79.25, 69.75, 221.95, 4.550002, 133, 152.75]
Shot horz (deg): [374.8499, 197.6999, 277.6499, 166.3, 111.55, 96.49999, 160.7001, 149.95, 38.25, 109.6, 111.5, 154.85, 25.95, 478.1, 160, 189.3501, 46.9, 126.75, 80.30001, 184.55, 159.5, 96.49998, 120.1, 85.70002, 89.34998, 36.85, 140, 89.50001, 122.45, 149.9501]
Step horz (deg): [219.95, 10.95, 274.5, 143.55, 56.29999, 5.450001, 194.25, 132.5, 77.29997, 10.75, 114.05, 61.30001, 5.750002, 127.45, 84.44999, 9.600003, 91.00003, 55.79999, 184.55, 124.6, 148.9, 120.95, 307.8, 30.85, 163.4, 336.4001, 69.3, 117.9, 160.5499, 115.2]
White vert (deg): [96.7, 41.89999, 17, 42.45, 86.59998, 37.05, 22.8, 170.95, 326.4501, 68.14999, 266.4501, 58.8, 91.25003, 27.65, 33.3, 82.94997, 51.90001, 12.6, 40.44999, 104.25, 330.5001, 22, 24.1, 51.1, 96.4, 66.55001, 283.4501, 23.25, 94.44999, 92.9]
Shot vert (deg): [168, 117.35, 176.65, 59.84998, 33.5, 11.85, 42.74999, 158.25, 34.25001, 43.15001, 105.9, 85.45001, 20.75, 301.5502, 58.1, 223.3, 157.8, 142.6, 39.65, 118.5, 161.65, 45.6, 65.45001, 22.95, 43.55001, 8.600002, 63.50001, 24.25, 35.65, 280.75]
Step vert (deg): [84.65, 21.7, 177.5, 51.45, 30.45, 31.25, 74.75001, 19.95, 21.9, 19.4, 102.1, 389.6501, 21.8, 60.94999, 98.3, 22.6, 45.2, 20.25, 309.0499, 41.99999, 165.0001, 84.49999, 226.7499, 21.2, 79.09996, 239.7499, 26.75, 39.54999, 77.05, 107]

Time in sec: camera forward versor
Time in sec: target versor: sound type (0 = White, 1 = Shot, 2 = Step)
START
91.82: (-0.99, -0.05, -0.15): 1
91.82: (0.02, 0.02, 1.00)
91.92: (0.02, 0.02, 1.00)
92.04: (0.02, 0.02, 1.00)
92.15: (0.02, 0.01, 1.00)
92.27: (-0.01, -0.01, 1.00)
92.39: (-0.16, 0.02, 0.99)
92.50: (-0.29, 0.04, 0.96)
92.62: (-0.39, 0.09, 0.91)
92.74: (-0.46, 0.12, 0.88)
92.85: (-0.60, 0.08, 0.80)
92.95: (-0.59, 0.03, 0.81)
93.07: (-0.59, 0.03, 0.81)
93.19: (-0.59, 0.03, 0.81)
93.29: (-0.60, 0.03, 0.80)
93.40: (-0.62, 0.04, 0.78)
93.52: (-0.59, 0.19, 0.78)
93.63: (-0.53, 0.37, 0.76)
93.75: (-0.29, 0.51, 0.81)
93.85: (-0.13, 0.56, 0.82)
93.97: (-0.06, 0.61, 0.79)
94.07: (0.10, 0.66, 0.75)
94.19: (0.05, 0.61, 0.79)
94.29: (0.05, 0.61, 0.79)
94.40: (0.05, 0.61, 0.79)
94.52: (0.01, 0.62, 0.79)
94.64: (0.31, 0.66, 0.69)
94.75: (0.67, 0.56, 0.48)
94.87: (0.88, 0.33, 0.33)
94.98: (1.00, 0.00, 0.06)
95.09: (0.95, -0.27, -0.16)
95.20: (0.83, -0.48, -0.28)
95.32: (0.66, -0.62, -0.44)
95.43: (0.52, -0.65, -0.55)
95.55: (0.49, -0.65, -0.58)
95.67: (0.41, -0.76, -0.50)
95.77: (0.33, -0.91, -0.24)
95.88: (0.24, -0.97, 0.01)
95.98: (0.21, -0.98, 0.06)
96.10: (0.26, -0.97, 0.06)
96.20: (0.26, -0.97, 0.06)
96.32: (0.26, -0.97, 0.06)
96.43: (0.29, -0.96, 0.05)
96.55: (0.20, -0.98, -0.09)
96.67: (-0.12, -0.95, -0.30)
96.78: (-0.37, -0.82, -0.44)
96.90: (-0.50, -0.71, -0.49)
97.00: (-0.69, -0.49, -0.53)
97.10: (-0.84, -0.21, -0.51)
97.22: (-0.91, -0.11, -0.40)
97.33: (-0.91, -0.23, -0.33)
97.45: (-0.95, -0.17, -0.27)
97.55: (-0.98, -0.08, -0.18)
97.67: (-0.98, -0.09, -0.15)
97.75: (-0.98, -0.09, -0.15)
97.75: (0.00, -0.16, -0.99): 1
97.77: (-0.98, -0.09, -0.15)
97.88: (-0.98, -0.09, -0.15)
97.98: (-0.98, -0.10, -0.14)
98.08: (-0.98, -0.10, -0.14)
98.20: (-0.98, -0.10, -0.15)
98.32: (-0.98, -0.07, -0.18)
98.43: (-0.88, -0.33, -0.35)
98.55: (-0.69, -0.56, -0.45)
98.67: (-0.49, -0.73, -0.47)
98.77: (-0.27, -0.85, -0.45)
98.88: (-0.03, -0.93, -0.36)
98.98: (0.06, -0.96, -0.27)
99.08: (0.06, -0.96, -0.27)
99.20: (0.04, -0.96, -0.28)
99.32: (0.09, -0.95, -0.31)
99.42: (0.33, -0.86, -0.39)
99.53: (0.58, -0.71, -0.41)
99.65: (0.66, -0.57, -0.49)
99.77: (0.71, -0.38, -0.60)
99.87: (0.75, -0.12, -0.65)
99.98: (0.74, 0.18, -0.65)
100.10: (0.67, 0.32, -0.67)
100.22: (0.38, 0.12, -0.91)
100.33: (0.30, 0.09, -0.95)
100.43: (0.19, -0.01, -0.98)
100.55: (0.13, -0.09, -0.99)
100.65: (0.11, -0.12, -0.99)
100.75: (0.06, -0.14, -0.99)
100.80: (0.05, -0.15, -0.99)
100.80: (1.00, 0.03, 0.00): 2
100.87: (0.06, -0.15, -0.99)
100.98: (0.06, -0.15, -0.99)
101.08: (0.03, -0.19, -0.98)
101.20: (-0.25, -0.37, -0.89)
101.32: (-0.54, -0.56, -0.63)
101.42: (-0.66, -0.65, -0.38)
101.53: (-0.65, -0.67, -0.36)
101.65: (-0.60, -0.64, -0.47)
101.75: (-0.61, -0.64, -0.47)
101.87: (-0.61, -0.64, -0.47)
101.97: (-0.53, -0.62, -0.57)
102.08: (-0.25, -0.61, -0.75)
102.18: (0.23, -0.54, -0.81)
102.30: (0.80, -0.22, -0.56)
102.40: (0.93, 0.09, -0.36)
102.52: (0.91, 0.35, -0.21)
102.63: (0.94, 0.34, -0.09)
102.73: (0.99, 0.15, -0.04)
102.83: (1.00, 0.09, -0.04)
102.95: (1.00, 0.06, -0.04)
103.07: (1.00, 0.00, 0.03)
103.10: (1.00, 0.00, 0.03)
103.10: (-0.87, -0.03, -0.48): 1
103.18: (1.00, 0.00, 0.03)
103.30: (1.00, 0.00, 0.03)
103.40: (1.00, 0.02, 0.00)
103.52: (1.00, 0.05, -0.08)
103.63: (0.99, 0.06, -0.15)
103.75: (0.99, 0.06, -0.15)
103.85: (0.99, 0.06, -0.15)
103.95: (0.95, 0.08, -0.29)
104.07: (0.86, 0.08, -0.51)
104.18: (0.57, -0.18, -0.80)
104.30: (0.14, -0.56, -0.82)
104.42: (-0.19, -0.78, -0.59)
104.53: (-0.40, -0.83, -0.39)
104.63: (-0.56, -0.80, -0.19)
104.75: (-0.75, -0.66, 0.09)
104.87: (-0.87, -0.26, 0.43)
104.98: (-0.78, 0.08, 0.62)
105.10: (-0.71, 0.33, 0.63)
105.20: (-0.65, 0.57, 0.51)
105.32: (-0.67, 0.69, 0.28)
105.43: (-0.73, 0.68, -0.04)
105.53: (-0.76, 0.54, -0.35)
105.65: (-0.75, 0.37, -0.55)
105.75: (-0.75, 0.15, -0.65)
105.87: (-0.85, 0.09, -0.52)
105.98: (-0.86, 0.06, -0.50)
106.10: (-0.86, 0.00, -0.51)
106.20: (-0.86, -0.01, -0.51)
106.20: (-0.97, -0.11, -0.19): 2
106.22: (-0.86, -0.01, -0.51)
106.33: (-0.86, 0.00, -0.51)
106.45: (-0.87, 0.02, -0.49)
106.57: (-0.89, 0.01, -0.46)
106.68: (-0.93, -0.07, -0.35)
106.80: (-0.96, -0.13, -0.26)
106.92: (-0.97, -0.15, -0.20)
107.03: (-0.97, -0.16, -0.16)
107.12: (-0.97, -0.16, -0.16)
107.12: (0.50, -0.32, -0.80): 2
107.13: (-0.97, -0.16, -0.16)
107.25: (-0.97, -0.16, -0.16)
107.37: (-0.98, -0.11, -0.14)
107.48: (-1.00, 0.00, -0.09)
107.58: (-1.00, 0.04, -0.06)
107.70: (-1.00, 0.07, -0.03)
107.82: (-0.95, 0.30, 0.05)
107.93: (-0.92, 0.38, 0.07)
108.05: (-0.92, 0.38, 0.07)
108.17: (-0.92, 0.38, 0.07)
108.27: (-0.99, 0.14, 0.07)
108.38: (-0.90, -0.41, 0.16)
108.50: (-0.58, -0.80, 0.18)
108.62: (-0.28, -0.94, 0.18)
108.72: (-0.08, -0.97, 0.21)
108.83: (0.12, -0.96, 0.24)
108.93: (0.34, -0.90, 0.28)
109.05: (0.56, -0.78, 0.28)
109.17: (0.74, -0.62, 0.25)
109.27: (0.85, -0.48, 0.23)
109.38: (0.94, -0.25, 0.22)
109.50: (0.96, 0.05, 0.26)
109.60: (0.92, 0.30, 0.25)
109.70: (0.87, 0.45, 0.21)
109.82: (0.86, 0.50, 0.10)
109.93: (0.87, 0.50, 0.00)
110.03: (0.88, 0.46, -0.12)
110.15: (0.90, 0.28, -0.35)
110.27: (0.84, 0.04, -0.54)
110.37: (0.75, -0.13, -0.65)
110.47: (0.68, -0.20, -0.71)
110.58: (0.70, -0.21, -0.69)
110.68: (0.71, -0.24, -0.66)
110.78: (0.69, -0.26, -0.68)
110.90: (0.59, -0.31, -0.75)
111.00: (0.57, -0.31, -0.76)
111.07: (0.57, -0.31, -0.76)
111.07: (-0.96, 0.26, -0.09): 1
111.12: (0.57, -0.31, -0.76)
111.23: (0.57, -0.30, -0.76)
111.35: (0.58, -0.30, -0.76)
111.46: (0.60, -0.29, -0.74)
111.57: (0.61, -0.27, -0.74)
111.68: (0.59, -0.18, -0.79)
111.80: (0.48, 0.09, -0.87)
111.91: (0.35, 0.40, -0.85)
112.03: (0.19, 0.62, -0.76)
112.13: (0.18, 0.72, -0.67)
112.25: (0.18, 0.72, -0.67)
112.35: (0.18, 0.72, -0.67)
112.46: (0.30, 0.67, -0.67)
112.58: (0.18, 0.72, -0.67)
112.70: (0.02, 0.75, -0.67)
112.81: (-0.03, 0.76, -0.65)
112.93: (-0.11, 0.78, -0.62)
113.03: (-0.12, 0.78, -0.61)
113.13: (-0.27, 0.79, -0.54)
113.25: (-0.55, 0.75, -0.36)
113.35: (-0.77, 0.62, -0.14)
113.46: (-0.89, 0.45, 0.01)
113.56: (-0.88, 0.46, -0.11)
113.66: (-0.89, 0.44, -0.10)
113.78: (-0.93, 0.37, -0.05)
113.88: (-0.93, 0.35, -0.03)
113.90: (-0.93, 0.35, -0.03)
113.90: (0.88, 0.39, -0.26): 2
114.00: (-0.93, 0.35, -0.03)
114.11: (-0.93, 0.36, -0.02)
114.23: (-0.92, 0.38, -0.01)
114.35: (-0.92, 0.39, 0.01)
114.45: (-0.92, 0.38, 0.03)
114.56: (-0.91, 0.40, 0.08)
114.66: (-0.74, 0.65, -0.14)
114.76: (-0.48, 0.77, -0.43)
114.88: (-0.18, 0.74, -0.65)
115.00: (0.18, 0.63, -0.76)
115.11: (0.47, 0.47, -0.75)
115.23: (0.71, 0.22, -0.67)
115.33: (0.76, 0.25, -0.60)
115.45: (0.79, 0.45, -0.41)
115.55: (0.81, 0.48, -0.34)
115.66: (0.85, 0.40, -0.35)
115.78: (0.85, 0.40, -0.33)
115.78: (0.82, -0.35, 0.45): 1
115.78: (0.85, 0.40, -0.33)
115.90: (0.86, 0.40, -0.33)
116.01: (0.83, 0.43, -0.36)
116.11: (0.83, 0.43, -0.36)
116.23: (0.83, 0.43, -0.36)
116.35: (0.77, 0.47, -0.42)
116.46: (0.85, 0.36, -0.37)
116.58: (0.98, 0.00, -0.18)
116.70: (0.93, -0.38, 0.04)
116.81: (0.70, -0.65, 0.29)
116.93: (0.75, -0.54, 0.39)
117.05: (0.84, -0.34, 0.43)
117.15: (0.84, -0.34, 0.43)
117.25: (0.83, -0.35, 0.43)
117.25: (0.90, 0.37, -0.23): 2
117.26: (0.83, -0.35, 0.43)
117.36: (0.83, -0.35, 0.43)
117.48: (0.86, -0.33, 0.39)
117.60: (0.93, -0.30, 0.21)
117.71: (0.97, -0.23, 0.07)
117.81: (0.99, -0.14, -0.09)
117.93: (0.99, 0.08, -0.09)
118.05: (0.96, 0.25, -0.09)
118.16: (0.94, 0.27, -0.19)
118.26: (0.92, 0.31, -0.22)
118.31: (0.92, 0.31, -0.22)
118.31: (0.83, -0.13, -0.54): 2
118.38: (0.92, 0.32, -0.22)
118.50: (0.93, 0.32, -0.21)
118.61: (0.93, 0.20, -0.30)
118.71: (0.91, 0.02, -0.41)
118.83: (0.89, -0.07, -0.46)
118.95: (0.87, -0.12, -0.47)
119.06: (0.87, -0.14, -0.47)
119.18: (0.87, -0.14, -0.48)
119.30: (0.87, -0.14, -0.48)
119.40: (0.87, -0.14, -0.48)
119.41: (0.87, -0.14, -0.48)
119.41: (0.03, -1.00, -0.09): 2
119.51: (0.87, -0.14, -0.48)
119.63: (0.87, -0.14, -0.48)
119.75: (0.87, -0.15, -0.46)
119.86: (0.88, -0.15, -0.45)
119.96: (0.88, -0.14, -0.44)
120.08: (0.90, -0.21, -0.38)
120.18: (0.88, -0.47, -0.05)
120.30: (0.62, -0.70, 0.36)
120.41: (0.42, -0.71, 0.56)
120.53: (0.15, -0.71, 0.69)
120.65: (-0.10, -0.66, 0.74)
120.76: (-0.32, -0.62, 0.72)
120.88: (-0.55, -0.64, 0.54)
121.00: (-0.72, -0.64, 0.27)
121.11: (-0.80, -0.59, 0.10)
121.21: (-0.66, -0.74, 0.09)
121.33: (-0.31, -0.95, 0.07)
121.43: (-0.28, -0.96, 0.07)
121.53: (-0.29, -0.96, 0.02)
121.65: (-0.11, -0.99, -0.02)
121.75: (-0.04, -1.00, -0.02)
121.86: (-0.02, -1.00, -0.01)
121.90: (-0.02, -1.00, -0.01)
121.90: (-0.98, 0.17, 0.09): 1
121.98: (-0.02, -1.00, -0.01)
122.10: (-0.02, -1.00, 0.00)
122.20: (-0.07, -1.00, 0.02)
122.31: (-0.29, -0.95, 0.06)
122.43: (-0.62, -0.78, 0.07)
122.53: (-0.87, -0.48, 0.10)
122.65: (-0.98, -0.12, 0.14)
122.76: (-0.98, 0.08, 0.16)
122.86: (-0.98, 0.07, 0.17)
122.98: (-0.98, 0.10, 0.16)
123.10: (-0.98, 0.12, 0.15)
123.10: (-0.66, -0.43, -0.62): 0
123.10: (-0.98, 0.12, 0.15)
123.21: (-0.98, 0.12, 0.15)
123.33: (-0.98, 0.09, 0.19)
123.45: (-0.98, 0.09, 0.19)
123.56: (-0.98, 0.09, 0.19)
123.66: (-0.98, 0.00, 0.18)
123.78: (-0.97, -0.15, 0.19)
123.90: (-0.83, -0.49, 0.27)
124.00: (-0.51, -0.81, 0.27)
124.11: (-0.06, -0.98, 0.21)
124.23: (0.12, -0.98, 0.17)
124.33: (0.18, -0.97, 0.17)
124.45: (0.27, -0.96, 0.12)
124.56: (0.15, -0.99, -0.04)
124.68: (0.00, -0.97, -0.23)
124.80: (-0.20, -0.91, -0.36)
124.91: (-0.42, -0.76, -0.50)
125.01: (-0.53, -0.63, -0.57)
125.11: (-0.60, -0.52, -0.61)
125.23: (-0.67, -0.40, -0.63)
125.35: (-0.68, -0.38, -0.63)
125.38: (-0.67, -0.39, -0.63)
125.38: (-0.67, 0.71, 0.20): 0
125.45: (-0.67, -0.41, -0.62)
125.56: (-0.66, -0.44, -0.61)
125.66: (-0.66, -0.45, -0.60)
125.78: (-0.69, -0.46, -0.55)
125.90: (-0.86, -0.33, -0.38)
126.01: (-0.98, -0.17, -0.10)
126.13: (-0.99, 0.02, 0.13)
126.25: (-0.98, 0.15, 0.11)
126.36: (-0.93, 0.35, 0.05)
126.46: (-0.86, 0.50, 0.09)
126.58: (-0.76, 0.62, 0.19)
126.70: (-0.74, 0.65, 0.18)
126.80: (-0.74, 0.65, 0.18)
126.81: (-0.74, 0.65, 0.18)
126.81: (1.00, 0.00, 0.00): 1
126.91: (-0.74, 0.65, 0.18)
127.01: (-0.76, 0.61, 0.21)
127.13: (-0.79, 0.58, 0.22)
127.23: (-0.79, 0.58, 0.22)
127.35: (-0.79, 0.58, 0.22)
127.46: (-0.87, 0.46, 0.18)
127.56: (-0.85, 0.41, 0.33)
127.68: (-0.68, 0.44, 0.59)
127.80: (-0.41, 0.51, 0.76)
127.91: (0.11, 0.50, 0.86)
128.03: (0.53, 0.38, 0.76)
128.14: (0.76, 0.24, 0.61)
128.26: (0.81, 0.15, 0.57)
128.38: (0.88, 0.12, 0.47)
128.49: (0.96, 0.10, 0.26)
128.59: (0.98, 0.11, 0.18)
128.71: (0.99, 0.07, 0.10)
128.83: (1.00, 0.03, 0.06)
128.88: (1.00, 0.03, 0.06)
128.88: (-0.29, 0.65, 0.70): 0
128.94: (1.00, 0.03, 0.06)
129.04: (1.00, 0.03, 0.06)
129.16: (1.00, 0.01, 0.08)
129.26: (1.00, 0.01, 0.08)
129.38: (1.00, 0.03, 0.09)
129.49: (0.95, 0.19, 0.27)
129.61: (0.73, 0.39, 0.57)
129.73: (0.47, 0.53, 0.70)
129.84: (0.30, 0.60, 0.74)
129.96: (0.17, 0.64, 0.74)
130.08: (0.03, 0.66, 0.75)
130.19: (-0.10, 0.64, 0.76)
130.31: (-0.17, 0.63, 0.75)
130.41: (-0.19, 0.64, 0.75)
130.44: (-0.19, 0.64, 0.75)
130.44: (-0.72, -0.30, 0.62): 0
130.53: (-0.19, 0.64, 0.75)
130.64: (-0.20, 0.63, 0.75)
130.76: (-0.19, 0.62, 0.76)
130.86: (-0.19, 0.60, 0.77)
130.96: (-0.24, 0.56, 0.79)
131.06: (-0.42, 0.46, 0.78)
131.18: (-0.57, 0.39, 0.72)
131.29: (-0.63, 0.37, 0.68)
131.39: (-0.75, 0.27, 0.60)
131.49: (-0.79, 0.11, 0.60)
131.61: (-0.74, -0.09, 0.66)
131.73: (-0.75, -0.14, 0.65)
131.84: (-0.75, -0.24, 0.62)
131.96: (-0.73, -0.29, 0.62)
131.99: (-0.73, -0.29, 0.62)
131.99: (0.77, -0.56, -0.31): 1
132.06: (-0.73, -0.28, 0.62)
132.18: (-0.73, -0.28, 0.63)
132.28: (-0.73, -0.27, 0.63)
132.39: (-0.73, -0.26, 0.63)
132.49: (-0.73, -0.26, 0.63)
132.61: (-0.73, -0.26, 0.63)
132.73: (-0.76, -0.21, 0.62)
132.84: (-0.76, -0.20, 0.62)
132.94: (-0.78, -0.08, 0.63)
133.04: (-0.80, 0.18, 0.58)
133.16: (-0.75, 0.44, 0.50)
133.28: (-0.67, 0.59, 0.44)
133.38: (-0.62, 0.67, 0.41)
133.49: (-0.53, 0.75, 0.39)
133.61: (-0.39, 0.85, 0.35)
133.73: (-0.27, 0.91, 0.30)
133.83: (-0.18, 0.95, 0.24)
133.94: (-0.05, 0.99, 0.16)
134.06: (0.08, 0.99, 0.10)
134.18: (0.18, 0.98, 0.11)
134.29: (0.32, 0.94, 0.11)
134.39: (0.46, 0.89, 0.08)
134.51: (0.60, 0.80, 0.06)
134.63: (0.78, 0.63, 0.03)
134.74: (0.88, 0.47, -0.05)
134.86: (0.93, 0.34, -0.11)
134.98: (0.97, 0.20, -0.14)
135.08: (0.99, 0.11, -0.13)
135.18: (0.99, -0.09, -0.13)
135.29: (0.96, -0.24, -0.17)
135.41: (0.92, -0.31, -0.23)
135.53: (0.84, -0.48, -0.25)
135.64: (0.83, -0.49, -0.25)
135.74: (0.83, -0.49, -0.25)
135.74: (0.95, 0.33, 0.01): 1
135.76: (0.83, -0.49, -0.25)
135.86: (0.83, -0.49, -0.25)
135.98: (0.83, -0.50, -0.23)
136.09: (0.83, -0.50, -0.23)
136.21: (0.83, -0.50, -0.23)
136.33: (0.86, -0.46, -0.23)
136.44: (0.96, -0.20, -0.21)
136.56: (0.99, -0.01, -0.17)
136.68: (0.99, 0.12, -0.08)
136.79: (0.97, 0.22, -0.01)
136.89: (0.97, 0.23, -0.01)
137.01: (0.96, 0.29, 0.00)
137.04: (0.96, 0.29, 0.00)
137.04: (-0.53, 0.62, 0.58): 0
137.11: (0.96, 0.29, 0.00)
137.23: (0.96, 0.28, -0.01)
137.33: (0.96, 0.28, -0.01)
137.44: (0.96, 0.28, -0.01)
137.56: (0.91, 0.41, -0.02)
137.68: (0.95, 0.30, 0.02)
137.79: (0.89, 0.45, 0.02)
137.91: (0.74, 0.67, 0.07)
138.01: (0.59, 0.80, 0.10)
138.11: (0.41, 0.90, 0.16)
138.23: (0.23, 0.95, 0.23)
138.34: (0.06, 0.96, 0.29)
138.44: (-0.06, 0.95, 0.32)
138.56: (-0.12, 0.92, 0.37)
138.68: (-0.20, 0.90, 0.40)
138.79: (-0.30, 0.86, 0.42)
138.91: (-0.48, 0.75, 0.46)
139.03: (-0.55, 0.66, 0.52)
139.13: (-0.55, 0.64, 0.54)
139.21: (-0.54, 0.63, 0.55)
139.21: (-0.75, -0.18, -0.63): 1
139.23: (-0.54, 0.63, 0.55)
139.34: (-0.54, 0.63, 0.55)
139.46: (-0.54, 0.64, 0.55)
139.58: (-0.53, 0.65, 0.55)
139.68: (-0.56, 0.63, 0.54)
139.79: (-0.70, 0.59, 0.40)
139.91: (-0.80, 0.57, 0.22)
140.03: (-0.77, 0.63, 0.11)
140.13: (-0.77, 0.64, -0.01)
140.24: (-0.79, 0.61, -0.10)
140.36: (-0.79, 0.61, -0.09)
140.46: (-0.79, 0.61, -0.09)
140.58: (-0.79, 0.61, -0.09)
140.69: (-0.80, 0.59, -0.13)
140.81: (-0.79, 0.39, -0.48)
140.93: (-0.71, 0.16, -0.69)
141.04: (-0.62, -0.05, -0.78)
141.16: (-0.68, -0.22, -0.70)
141.26: (-0.70, -0.28, -0.66)
141.38: (-0.73, -0.23, -0.64)
141.49: (-0.75, -0.22, -0.63)
141.49: (0.96, 0.25, -0.15): 1
141.49: (-0.75, -0.22, -0.63)
141.61: (-0.75, -0.22, -0.63)
141.71: (-0.75, -0.22, -0.63)
141.83: (-0.69, -0.27, -0.67)
141.94: (-0.47, -0.46, -0.75)
142.06: (-0.32, -0.54, -0.78)
142.18: (-0.16, -0.61, -0.77)
142.29: (0.11, -0.68, -0.73)
142.39: (0.31, -0.63, -0.71)
142.51: (0.52, -0.49, -0.70)
142.63: (0.76, -0.21, -0.62)
142.74: (0.87, 0.10, -0.49)
142.86: (0.87, 0.41, -0.27)
142.96: (0.90, 0.43, -0.13)
143.08: (0.94, 0.33, -0.12)
143.19: (0.94, 0.29, -0.15)
143.26: (0.95, 0.29, -0.15)
143.26: (-0.95, -0.32, 0.05): 1
143.31: (0.95, 0.29, -0.15)
143.41: (0.95, 0.29, -0.15)
143.53: (0.95, 0.28, -0.16)
143.64: (0.92, 0.32, -0.21)
143.76: (0.87, 0.39, -0.30)
143.88: (0.81, 0.44, -0.39)
143.99: (0.48, 0.58, -0.65)
144.09: (0.30, 0.67, -0.68)
144.21: (0.04, 0.71, -0.71)
144.33: (-0.32, 0.70, -0.64)
144.44: (-0.57, 0.60, -0.56)
144.56: (-0.81, 0.41, -0.43)
144.67: (-0.93, 0.25, -0.28)
144.79: (-0.99, 0.06, -0.12)
144.91: (-0.99, -0.09, -0.05)
145.01: (-0.98, -0.16, -0.06)
145.12: (-0.97, -0.24, -0.04)
145.23: (-0.96, -0.27, 0.02)
145.29: (-0.96, -0.27, 0.02)
145.29: (-0.96, 0.21, 0.18): 1
145.34: (-0.96, -0.27, 0.02)
145.46: (-0.96, -0.28, 0.01)
145.57: (-0.96, -0.27, -0.02)
145.69: (-0.99, -0.10, 0.01)
145.81: (-1.00, 0.04, 0.05)
145.91: (-1.00, 0.07, 0.07)
146.02: (-0.99, 0.11, 0.09)
146.12: (-0.97, 0.17, 0.16)
146.22: (-0.96, 0.19, 0.19)
146.31: (-0.96, 0.19, 0.20)
146.31: (0.88, -0.43, -0.20): 1
146.34: (-0.96, 0.19, 0.20)
146.44: (-0.96, 0.19, 0.19)
146.56: (-0.98, 0.15, 0.14)
146.67: (-0.99, 0.10, 0.08)
146.77: (-1.00, 0.04, 0.00)
146.87: (-1.00, -0.04, -0.08)
146.99: (-0.99, -0.09, -0.12)
147.09: (-0.97, -0.15, -0.17)
147.21: (-0.89, -0.38, -0.25)
147.32: (-0.73, -0.62, -0.29)
147.44: (-0.56, -0.78, -0.26)
147.56: (-0.38, -0.91, -0.19)
147.66: (-0.19, -0.98, -0.09)
147.77: (0.01, -1.00, 0.06)
147.89: (0.20, -0.96, 0.19)
148.01: (0.41, -0.85, 0.32)
148.12: (0.57, -0.70, 0.43)
148.24: (0.68, -0.45, 0.58)
148.34: (0.70, -0.19, 0.69)
148.46: (0.69, 0.00, 0.72)
148.56: (0.67, 0.08, 0.74)
148.67: (0.65, 0.16, 0.75)
148.79: (0.65, 0.15, 0.74)
148.89: (0.65, 0.15, 0.74)
149.01: (0.65, 0.15, 0.74)
149.11: (0.65, 0.15, 0.74)
149.22: (0.65, 0.15, 0.74)
149.34: (0.65, 0.15, 0.74)
149.44: (0.65, 0.15, 0.74)
149.54: (0.65, 0.15, 0.74)
149.66: (0.64, 0.09, 0.76)
149.76: (0.55, -0.32, 0.77)
149.87: (0.25, -0.82, 0.51)
149.99: (-0.14, -0.97, 0.21)
150.11: (-0.41, -0.91, -0.08)
150.21: (-0.53, -0.81, -0.25)
150.32: (-0.59, -0.73, -0.33)
150.44: (-0.68, -0.64, -0.35)
150.56: (-0.84, -0.54, -0.09)
150.67: (-0.88, -0.47, 0.11)
150.77: (-0.87, -0.40, 0.30)
150.89: (-0.79, -0.27, 0.54)
150.99: (-0.66, -0.13, 0.74)
151.11: (-0.42, 0.08, 0.90)
151.21: (-0.14, 0.24, 0.96)
151.32: (0.24, 0.33, 0.91)
151.44: (0.52, 0.45, 0.73)
151.54: (0.65, 0.60, 0.46)
151.66: (0.74, 0.66, 0.13)
151.77: (0.84, 0.52, -0.17)
151.87: (0.90, 0.31, -0.30)
151.99: (0.95, 0.04, -0.31)
152.11: (0.96, -0.06, -0.27)
152.22: (0.97, -0.11, -0.22)
152.34: (0.94, -0.29, -0.17)
152.46: (0.92, -0.38, -0.14)
152.56: (0.91, -0.38, -0.14)
152.64: (0.91, -0.38, -0.14)
152.64: (-0.88, 0.07, 0.46): 1
152.66: (0.91, -0.38, -0.14)
152.77: (0.92, -0.38, -0.13)
152.89: (0.92, -0.37, -0.12)
153.01: (0.92, -0.37, -0.12)
153.11: (0.92, -0.37, -0.12)
153.21: (0.92, -0.37, -0.12)
153.32: (0.92, -0.37, -0.12)
153.44: (0.92, -0.36, -0.11)
153.56: (0.87, -0.48, -0.15)
153.67: (0.85, -0.50, -0.16)
153.77: (0.84, -0.51, -0.17)
153.89: (0.80, -0.57, -0.19)
154.01: (0.63, -0.73, -0.26)
154.11: (0.54, -0.78, -0.32)
154.22: (0.31, -0.87, -0.38)
154.32: (0.08, -0.90, -0.43)
154.44: (-0.18, -0.88, -0.44)
154.56: (-0.48, -0.79, -0.37)
154.67: (-0.60, -0.74, -0.28)
154.77: (-0.68, -0.70, -0.22)
154.89: (-0.82, -0.56, -0.10)
154.99: (-0.91, -0.41, 0.04)
155.11: (-0.95, -0.21, 0.22)
155.22: (-0.94, -0.11, 0.31)
155.34: (-0.93, -0.09, 0.36)
155.44: (-0.91, -0.04, 0.42)
155.54: (-0.90, -0.03, 0.43)
155.54: (0.52, 0.44, 0.73): 0
155.54: (-0.90, -0.03, 0.43)
155.64: (-0.90, -0.03, 0.43)
155.76: (-0.90, -0.03, 0.43)
155.87: (-0.90, -0.03, 0.43)
155.99: (-0.90, -0.03, 0.43)
156.11: (-0.89, -0.01, 0.45)
156.22: (-0.83, 0.15, 0.54)
156.34: (-0.55, 0.51, 0.66)
156.46: (-0.19, 0.73, 0.65)
156.56: (0.09, 0.82, 0.57)
156.67: (0.30, 0.81, 0.50)
156.79: (0.37, 0.66, 0.66)
156.89: (0.39, 0.55, 0.74)
157.01: (0.44, 0.49, 0.75)
157.12: (0.49, 0.45, 0.74)
157.16: (0.49, 0.45, 0.74)
157.16: (-1.00, -0.03, 0.02): 2
157.22: (0.49, 0.45, 0.74)
157.34: (0.48, 0.44, 0.76)
157.46: (0.48, 0.44, 0.76)
157.57: (0.48, 0.44, 0.76)
157.69: (0.48, 0.44, 0.76)
157.79: (0.48, 0.44, 0.76)
157.91: (0.48, 0.44, 0.76)
158.02: (0.53, 0.46, 0.71)
158.14: (0.58, 0.47, 0.67)
158.24: (0.49, 0.49, 0.72)
158.36: (0.34, 0.50, 0.80)
158.46: (0.07, 0.49, 0.87)
158.57: (-0.26, 0.41, 0.87)
158.69: (-0.50, 0.31, 0.81)
158.81: (-0.68, 0.21, 0.70)
158.92: (-0.78, 0.19, 0.59)
159.02: (-0.87, 0.11, 0.49)
159.12: (-0.92, 0.06, 0.38)
159.24: (-0.96, 0.04, 0.27)
159.36: (-0.99, 0.02, 0.15)
159.46: (-1.00, -0.03, 0.08)
159.54: (-1.00, -0.03, 0.08)
159.54: (0.52, 0.47, 0.72): 0
159.57: (-1.00, -0.03, 0.08)
159.69: (-1.00, -0.02, 0.08)
159.80: (-1.00, -0.02, 0.08)
159.91: (-1.00, -0.02, 0.08)
160.02: (-1.00, -0.02, 0.08)
160.12: (-0.99, -0.01, 0.10)
160.22: (-0.91, 0.16, 0.39)
160.34: (-0.65, 0.38, 0.66)
160.46: (-0.35, 0.51, 0.79)
160.56: (0.02, 0.58, 0.81)
160.67: (0.42, 0.53, 0.74)
160.79: (0.45, 0.44, 0.78)
160.91: (0.36, 0.44, 0.82)
161.01: (0.43, 0.44, 0.79)
161.11: (0.49, 0.44, 0.75)
161.19: (0.49, 0.44, 0.75)
161.19: (0.96, -0.05, -0.27): 2
161.22: (0.49, 0.44, 0.75)
161.34: (0.49, 0.44, 0.75)
161.44: (0.49, 0.42, 0.76)
161.55: (0.49, 0.40, 0.78)
161.66: (0.49, 0.40, 0.78)
161.76: (0.49, 0.40, 0.78)
161.87: (0.49, 0.40, 0.78)
161.99: (0.47, 0.42, 0.78)
162.11: (0.47, 0.43, 0.77)
162.22: (0.71, 0.36, 0.61)
162.34: (0.93, 0.23, 0.27)
162.45: (0.99, 0.13, 0.02)
162.57: (0.99, 0.02, -0.13)
162.69: (0.98, -0.06, -0.16)
162.80: (0.98, -0.08, -0.19)
162.90: (0.98, -0.08, -0.21)
162.90: (-0.87, 0.44, 0.20): 1
162.92: (0.98, -0.08, -0.21)
163.02: (0.98, -0.08, -0.21)
163.12: (0.98, -0.08, -0.20)
163.22: (0.98, -0.08, -0.19)
163.34: (0.98, -0.08, -0.19)
163.45: (0.98, -0.08, -0.19)
163.57: (0.98, -0.07, -0.19)
163.69: (0.99, 0.03, -0.17)
163.80: (0.97, 0.24, -0.04)
163.92: (0.91, 0.41, -0.03)
164.04: (0.86, 0.51, -0.01)
164.15: (0.77, 0.64, 0.01)
164.27: (0.64, 0.77, 0.00)
164.37: (0.53, 0.85, -0.03)
164.47: (0.38, 0.92, -0.06)
164.59: (0.20, 0.98, -0.03)
164.70: (0.05, 1.00, 0.07)
164.82: (-0.01, 0.98, 0.20)
164.94: (-0.08, 0.92, 0.39)
165.04: (-0.13, 0.82, 0.55)
165.15: (-0.15, 0.71, 0.68)
165.25: (-0.16, 0.61, 0.77)
165.37: (-0.18, 0.54, 0.83)
165.49: (-0.19, 0.47, 0.86)
165.60: (-0.21, 0.41, 0.89)
165.72: (-0.18, 0.31, 0.93)
165.82: (-0.15, 0.22, 0.96)
165.92: (-0.12, 0.15, 0.98)
166.04: (-0.05, 0.08, 1.00)
166.15: (0.03, 0.02, 1.00)
166.25: (0.11, -0.01, 0.99)
166.37: (0.19, -0.03, 0.98)
166.49: (0.26, -0.05, 0.96)
166.60: (0.29, -0.07, 0.95)
166.70: (0.14, 0.07, 0.99)
166.82: (-0.15, 0.32, 0.93)
166.94: (-0.34, 0.47, 0.82)
167.05: (-0.44, 0.57, 0.69)
167.15: (-0.50, 0.65, 0.57)
167.27: (-0.54, 0.71, 0.45)
167.39: (-0.58, 0.71, 0.40)
167.50: (-0.66, 0.64, 0.39)
167.62: (-0.76, 0.59, 0.29)
167.74: (-0.83, 0.52, 0.20)
167.84: (-0.87, 0.45, 0.20)
167.94: (-0.88, 0.43, 0.22)
167.94: (-0.98, 0.19, -0.03): 2
167.95: (-0.88, 0.43, 0.22)
168.07: (-0.88, 0.43, 0.22)
168.19: (-0.86, 0.45, 0.24)
168.29: (-0.84, 0.46, 0.28)
168.40: (-0.84, 0.46, 0.28)
168.52: (-0.84, 0.46, 0.28)
168.62: (-0.84, 0.46, 0.28)
168.74: (-0.86, 0.45, 0.24)
168.85: (-0.94, 0.31, 0.12)
168.97: (-0.97, 0.25, 0.09)
169.09: (-0.97, 0.25, 0.09)
169.09: (-0.73, -0.59, -0.34): 0
169.09: (-0.97, 0.25, 0.09)
169.20: (-0.97, 0.25, 0.08)
169.30: (-0.97, 0.25, 0.08)
169.42: (-0.96, 0.25, 0.10)
169.54: (-0.96, 0.27, 0.12)
169.65: (-0.96, 0.23, 0.16)
169.77: (-0.96, 0.15, 0.24)
169.89: (-0.94, 0.08, 0.33)
169.99: (-0.88, -0.02, 0.47)
170.10: (-0.77, -0.12, 0.63)
170.22: (-0.65, -0.17, 0.74)
170.32: (-0.50, -0.23, 0.84)
170.44: (-0.34, -0.28, 0.90)
170.55: (-0.22, -0.32, 0.92)
170.65: (-0.12, -0.34, 0.93)
170.77: (0.01, -0.35, 0.94)
170.89: (0.07, -0.35, 0.93)
171.00: (0.07, -0.35, 0.93)
171.12: (0.07, -0.35, 0.93)
171.24: (0.08, -0.33, 0.94)
171.35: (0.09, -0.26, 0.96)
171.47: (0.05, -0.16, 0.99)
171.59: (0.06, -0.14, 0.99)
171.69: (0.06, -0.14, 0.99)
171.79: (0.07, -0.14, 0.99)
171.90: (0.08, -0.14, 0.99)
172.02: (0.09, -0.14, 0.99)
172.14: (0.21, -0.09, 0.97)
172.25: (0.32, 0.14, 0.94)
172.37: (0.29, 0.39, 0.88)
172.49: (0.28, 0.57, 0.77)
172.59: (0.25, 0.71, 0.66)
172.70: (0.03, 0.87, 0.49)
172.82: (-0.23, 0.95, 0.19)
172.94: (-0.36, 0.91, -0.18)
173.05: (-0.44, 0.73, -0.53)
173.17: (-0.59, 0.31, -0.75)
173.29: (-0.70, 0.05, -0.72)
173.40: (-0.72, -0.18, -0.67)
173.50: (-0.68, -0.38, -0.63)
173.62: (-0.67, -0.52, -0.53)
173.74: (-0.72, -0.58, -0.37)
173.85: (-0.76, -0.58, -0.31)
173.87: (-0.76, -0.58, -0.31)
173.87: (0.52, -0.73, -0.44): 0
173.95: (-0.76, -0.58, -0.31)
174.07: (-0.76, -0.58, -0.31)
174.19: (-0.76, -0.57, -0.31)
174.30: (-0.74, -0.64, -0.22)
174.42: (-0.59, -0.81, -0.01)
174.54: (-0.37, -0.90, 0.23)
174.65: (-0.17, -0.86, 0.48)
174.75: (-0.06, -0.76, 0.65)
174.87: (0.20, -0.59, 0.78)
174.99: (0.38, -0.36, 0.85)
175.09: (0.46, -0.15, 0.87)
175.20: (0.54, 0.13, 0.83)
175.32: (0.65, 0.40, 0.65)
175.42: (0.71, 0.56, 0.44)
175.54: (0.72, 0.64, 0.27)
175.65: (0.70, 0.70, 0.18)
175.77: (0.70, 0.69, 0.19)
175.87: (0.70, 0.69, 0.19)
175.99: (0.70, 0.69, 0.19)
176.10: (0.70, 0.70, 0.18)
176.22: (0.67, 0.74, -0.10)
176.34: (0.54, 0.74, -0.40)
176.44: (0.41, 0.73, -0.55)
176.55: (0.21, 0.76, -0.62)
176.67: (-0.10, 0.89, -0.44)
176.79: (-0.34, 0.90, -0.27)
176.90: (-0.52, 0.85, -0.12)
177.02: (-0.61, 0.79, -0.01)
177.12: (-0.62, 0.79, 0.00)
177.22: (-0.62, 0.79, -0.01)
177.34: (-0.64, 0.71, -0.28)
177.44: (-0.66, 0.46, -0.60)
177.55: (-0.72, 0.32, -0.62)
177.67: (-0.90, 0.26, -0.36)
177.78: (-0.97, 0.21, -0.10)
177.90: (-0.99, 0.17, 0.01)
178.00: (-0.99, 0.14, 0.04)
178.12: (-0.99, 0.07, 0.12)
178.23: (-0.99, 0.05, 0.16)
178.35: (-0.98, 0.02, 0.20)
178.45: (-0.97, -0.02, 0.25)
178.57: (-0.96, -0.06, 0.27)
178.68: (-0.96, -0.08, 0.26)
178.80: (-0.97, -0.03, 0.25)
178.92: (-0.97, -0.03, 0.25)
179.03: (-0.97, -0.03, 0.25)
179.15: (-0.97, -0.03, 0.25)
179.25: (-0.97, -0.03, 0.25)
179.37: (-0.97, -0.07, 0.22)
179.48: (-0.94, -0.29, 0.18)
179.58: (-0.84, -0.51, 0.18)
179.70: (-0.73, -0.66, 0.17)
179.82: (-0.53, -0.84, 0.09)
179.93: (-0.16, -0.98, -0.12)
180.03: (0.05, -0.98, -0.19)
180.15: (0.06, -0.98, -0.20)
180.27: (0.09, -0.96, -0.25)
180.38: (0.26, -0.90, -0.36)
180.48: (0.33, -0.88, -0.35)
180.58: (0.41, -0.84, -0.37)
180.70: (0.46, -0.80, -0.39)
180.82: (0.51, -0.75, -0.42)
180.90: (0.51, -0.75, -0.43)
180.90: (-0.80, 0.55, -0.25): 1
180.92: (0.50, -0.75, -0.43)
181.03: (0.50, -0.75, -0.44)
181.13: (0.49, -0.76, -0.44)
181.25: (0.48, -0.76, -0.44)
181.37: (0.48, -0.75, -0.44)
181.48: (0.46, -0.77, -0.45)
181.58: (0.45, -0.77, -0.45)
181.70: (0.24, -0.78, -0.57)
181.80: (-0.13, -0.75, -0.64)
181.92: (-0.44, -0.68, -0.58)
182.03: (-0.64, -0.58, -0.51)
182.15: (-0.76, -0.45, -0.47)
182.27: (-0.83, -0.33, -0.45)
182.37: (-0.84, -0.31, -0.44)
182.48: (-0.89, -0.23, -0.41)
182.60: (-0.94, 0.00, -0.35)
182.72: (-0.92, 0.27, -0.27)
182.82: (-0.87, 0.47, -0.14)
182.93: (-0.81, 0.58, -0.08)
183.05: (-0.83, 0.51, -0.22)
183.17: (-0.83, 0.48, -0.28)
183.28: (-0.80, 0.54, -0.26)
183.30: (-0.80, 0.54, -0.26)
183.30: (0.87, -0.35, -0.35): 2
183.40: (-0.80, 0.55, -0.26)
183.52: (-0.79, 0.54, -0.27)
183.62: (-0.80, 0.54, -0.26)
183.73: (-0.80, 0.54, -0.26)
183.85: (-0.82, 0.52, -0.23)
183.97: (-0.83, 0.51, -0.21)
184.07: (-0.84, 0.50, -0.22)
184.18: (-0.84, 0.50, -0.23)
184.30: (-0.84, 0.50, -0.22)
184.42: (-0.80, 0.46, -0.38)
184.52: (-0.71, 0.28, -0.65)
184.63: (-0.57, 0.02, -0.82)
184.75: (-0.39, -0.17, -0.91)
184.87: (-0.20, -0.33, -0.92)
184.98: (-0.05, -0.45, -0.89)
185.10: (0.05, -0.51, -0.86)
185.20: (0.06, -0.51, -0.86)
185.32: (0.07, -0.51, -0.86)
185.43: (0.18, -0.60, -0.78)
185.55: (0.42, -0.65, -0.63)
185.65: (0.56, -0.62, -0.55)
185.77: (0.70, -0.50, -0.50)
185.88: (0.76, -0.45, -0.47)
186.00: (0.78, -0.44, -0.44)
186.08: (0.79, -0.44, -0.44)
186.08: (-0.60, -0.39, 0.70): 0
186.12: (0.79, -0.44, -0.44)
186.22: (0.79, -0.43, -0.44)
186.33: (0.79, -0.43, -0.44)
186.43: (0.77, -0.43, -0.48)
186.55: (0.77, -0.43, -0.48)
186.67: (0.77, -0.43, -0.48)
186.78: (0.74, -0.48, -0.48)
186.90: (0.70, -0.53, -0.48)
187.02: (0.51, -0.68, -0.53)
187.13: (0.39, -0.75, -0.54)
187.25: (0.21, -0.84, -0.51)
187.37: (-0.03, -0.89, -0.46)
187.48: (-0.35, -0.85, -0.39)
187.60: (-0.57, -0.77, -0.30)
187.72: (-0.63, -0.75, -0.21)
187.83: (-0.68, -0.73, -0.06)
187.95: (-0.81, -0.57, 0.12)
188.07: (-0.90, -0.33, 0.27)
188.18: (-0.92, -0.11, 0.37)
188.30: (-0.94, -0.06, 0.35)
188.42: (-0.94, -0.06, 0.35)
188.52: (-0.94, -0.06, 0.35)
188.63: (-0.85, -0.27, 0.44)
188.75: (-0.70, -0.38, 0.61)
188.87: (-0.66, -0.38, 0.64)
188.97: (-0.67, -0.37, 0.64)
189.02: (-0.67, -0.37, 0.64)
189.02: (0.42, -0.06, -0.90): 0
189.08: (-0.67, -0.37, 0.64)
189.20: (-0.67, -0.37, 0.64)
189.32: (-0.67, -0.38, 0.64)
189.42: (-0.68, -0.39, 0.62)
189.53: (-0.71, -0.42, 0.56)
189.63: (-0.77, -0.46, 0.44)
189.75: (-0.78, -0.59, 0.21)
189.87: (-0.63, -0.76, -0.14)
189.98: (-0.57, -0.76, -0.31)
190.10: (-0.57, -0.76, -0.31)
190.20: (-0.46, -0.83, -0.32)
190.32: (-0.17, -0.97, -0.18)
190.43: (0.06, -1.00, 0.00)
190.55: (0.33, -0.94, 0.12)
190.65: (0.62, -0.75, 0.22)
190.77: (0.78, -0.54, 0.30)
190.88: (0.86, -0.34, 0.37)
191.00: (0.90, -0.09, 0.43)
191.12: (0.90, 0.00, 0.44)
191.22: (0.88, 0.11, 0.45)
191.33: (0.85, 0.24, 0.47)
191.45: (0.82, 0.31, 0.48)
191.57: (0.79, 0.37, 0.48)
191.68: (0.72, 0.50, 0.48)
191.78: (0.54, 0.70, 0.47)
191.90: (0.29, 0.86, 0.42)
192.02: (0.16, 0.90, 0.40)
192.13: (0.12, 0.91, 0.39)
192.25: (0.08, 0.92, 0.37)
192.37: (-0.08, 0.95, 0.29)
192.48: (-0.26, 0.95, 0.18)
192.60: (-0.29, 0.96, -0.06)
192.70: (-0.20, 0.94, -0.26)
192.82: (-0.03, 0.90, -0.44)
192.92: (0.04, 0.82, -0.57)
193.03: (0.08, 0.77, -0.63)
193.15: (0.10, 0.72, -0.69)
193.27: (0.14, 0.60, -0.78)
193.38: (0.19, 0.51, -0.84)
193.50: (0.30, 0.30, -0.91)
193.62: (0.32, 0.18, -0.93)
193.73: (0.37, 0.08, -0.92)
193.83: (0.46, -0.02, -0.89)
193.93: (0.49, -0.03, -0.87)
193.93: (-0.90, 0.34, -0.28): 1
193.95: (0.49, -0.03, -0.87)
194.05: (0.49, -0.03, -0.87)
194.17: (0.51, -0.02, -0.86)
194.28: (0.51, -0.02, -0.86)
194.40: (0.51, -0.02, -0.86)
194.50: (0.51, -0.02, -0.86)
194.62: (0.51, -0.02, -0.86)
194.73: (0.51, -0.13, -0.85)
194.85: (0.50, -0.06, -0.87)
194.96: (0.41, 0.23, -0.88)
195.08: (0.30, 0.46, -0.84)
195.20: (0.13, 0.73, -0.68)
195.30: (0.02, 0.87, -0.50)
195.40: (-0.01, 0.95, -0.31)
195.52: (0.01, 0.99, -0.15)
195.63: (0.05, 0.99, -0.13)
195.75: (0.05, 0.99, -0.13)
195.85: (0.05, 0.99, -0.13)
195.96: (0.03, 0.99, -0.14)
196.08: (-0.23, 0.95, -0.21)
196.18: (-0.59, 0.75, -0.29)
196.30: (-0.83, 0.43, -0.36)
196.41: (-0.92, 0.09, -0.37)
196.51: (-0.94, 0.03, -0.35)
196.63: (-0.94, 0.18, -0.30)
196.75: (-0.92, 0.24, -0.30)
196.86: (-0.90, 0.31, -0.30)
196.91: (-0.90, 0.32, -0.30)
196.91: (-0.21, -0.86, -0.46): 0
196.96: (-0.90, 0.32, -0.30)
197.08: (-0.90, 0.33, -0.30)
197.20: (-0.89, 0.34, -0.30)
197.31: (-0.89, 0.34, -0.31)
197.41: (-0.86, 0.31, -0.40)
197.53: (-0.63, 0.09, -0.77)
197.65: (-0.39, -0.11, -0.92)
197.76: (-0.21, -0.27, -0.94)
197.88: (0.03, -0.38, -0.93)
197.98: (0.27, -0.45, -0.85)
198.10: (0.45, -0.54, -0.71)
198.21: (0.49, -0.66, -0.57)
198.31: (0.44, -0.78, -0.43)
198.43: (0.35, -0.87, -0.35)
198.55: (0.21, -0.88, -0.43)
198.66: (0.08, -0.85, -0.52)
198.78: (-0.02, -0.89, -0.45)
198.90: (-0.11, -0.91, -0.39)
198.98: (-0.12, -0.91, -0.39)
198.98: (-0.59, 0.18, 0.79): 2
199.00: (-0.12, -0.91, -0.39)
199.11: (-0.12, -0.91, -0.39)
199.23: (-0.10, -0.91, -0.41)
199.35: (-0.03, -0.91, -0.41)
199.46: (0.00, -0.91, -0.42)
199.56: (0.00, -0.91, -0.42)
199.68: (0.00, -0.90, -0.43)
199.80: (0.00, -0.90, -0.43)
199.91: (0.00, -0.90, -0.43)
200.01: (0.01, -0.90, -0.44)
200.13: (0.01, -0.90, -0.45)
200.25: (0.20, -0.80, -0.57)
200.35: (0.44, -0.58, -0.68)
200.46: (0.58, -0.33, -0.75)
200.58: (0.65, -0.11, -0.75)
200.68: (0.68, -0.02, -0.74)
200.80: (0.69, 0.03, -0.72)
200.91: (0.74, 0.20, -0.64)
201.03: (0.76, 0.30, -0.58)
201.13: (0.75, 0.34, -0.56)
201.25: (0.74, 0.39, -0.55)
201.36: (0.74, 0.39, -0.55)
201.46: (0.73, 0.45, -0.51)
201.58: (0.70, 0.62, -0.36)
201.70: (0.67, 0.69, -0.27)
201.81: (0.65, 0.73, -0.23)
201.93: (0.58, 0.80, -0.15)
202.05: (0.58, 0.80, -0.13)
202.16: (0.59, 0.80, -0.15)
202.28: (0.66, 0.69, -0.28)
202.40: (0.78, 0.20, -0.59)
202.51: (0.69, -0.19, -0.70)
202.63: (0.55, -0.45, -0.70)
202.73: (0.41, -0.62, -0.66)
202.85: (0.21, -0.80, -0.57)
202.96: (-0.04, -0.91, -0.41)
203.08: (-0.27, -0.93, -0.24)
203.20: (-0.43, -0.90, -0.05)
203.30: (-0.52, -0.85, 0.07)
203.41: (-0.61, -0.77, 0.17)
203.51: (-0.67, -0.71, 0.24)
203.61: (-0.72, -0.62, 0.33)
203.73: (-0.76, -0.50, 0.41)
203.85: (-0.79, -0.34, 0.51)
203.96: (-0.79, -0.18, 0.59)
204.06: (-0.77, -0.04, 0.64)
204.18: (-0.74, 0.07, 0.67)
204.30: (-0.68, 0.15, 0.71)
204.40: (-0.65, 0.20, 0.73)
204.51: (-0.63, 0.22, 0.75)
204.60: (-0.61, 0.22, 0.76)
204.60: (-0.73, -0.11, 0.67): 2
204.61: (-0.61, 0.22, 0.76)
204.71: (-0.62, 0.22, 0.76)
204.83: (-0.66, 0.17, 0.73)
204.95: (-0.66, 0.17, 0.73)
205.06: (-0.66, 0.17, 0.73)
205.16: (-0.66, 0.17, 0.73)
205.28: (-0.65, 0.17, 0.74)
205.40: (-0.65, 0.12, 0.75)
205.50: (-0.70, 0.02, 0.72)
205.61: (-0.73, -0.05, 0.68)
205.73: (-0.75, -0.11, 0.65)
205.81: (-0.75, -0.11, 0.65)
205.81: (0.33, -0.79, 0.51): 1
205.85: (-0.75, -0.11, 0.65)
205.96: (-0.75, -0.11, 0.66)
206.08: (-0.75, -0.12, 0.65)
206.20: (-0.73, -0.14, 0.67)
206.31: (-0.60, -0.23, 0.77)
206.43: (-0.38, -0.27, 0.88)
206.55: (-0.33, -0.29, 0.90)
206.66: (-0.06, -0.32, 0.94)
206.78: (0.17, -0.35, 0.92)
206.90: (0.32, -0.42, 0.85)
207.00: (0.25, -0.59, 0.77)
207.11: (0.25, -0.70, 0.67)
207.23: (0.30, -0.75, 0.59)
207.35: (0.32, -0.77, 0.55)
207.36: (0.32, -0.77, 0.55)
207.36: (0.44, -0.11, -0.89): 2
207.46: (0.32, -0.77, 0.55)
207.58: (0.36, -0.74, 0.57)
207.70: (0.37, -0.74, 0.57)
207.81: (0.37, -0.74, 0.57)
207.93: (0.37, -0.74, 0.57)
208.03: (0.37, -0.74, 0.57)
208.15: (0.33, -0.72, 0.60)
208.26: (0.36, -0.72, 0.60)
208.38: (0.55, -0.67, 0.50)
208.50: (0.83, -0.49, 0.29)
208.61: (0.96, -0.27, 0.02)
208.73: (0.98, -0.06, -0.20)
208.85: (0.92, 0.13, -0.36)
208.95: (0.79, 0.32, -0.53)
209.05: (0.64, 0.27, -0.72)
209.16: (0.59, -0.01, -0.80)
209.28: (0.57, -0.08, -0.81)
209.40: (0.55, -0.09, -0.83)
209.50: (0.51, -0.12, -0.85)
209.51: (0.50, -0.12, -0.85)
209.51: (-0.80, 0.31, 0.52): 0
209.61: (0.50, -0.12, -0.86)
209.71: (0.50, -0.12, -0.86)
209.83: (0.50, -0.12, -0.86)
209.95: (0.49, -0.08, -0.87)
210.06: (0.49, -0.07, -0.87)
210.18: (0.44, 0.04, -0.90)
210.29: (0.34, 0.43, -0.83)
210.41: (0.29, 0.65, -0.71)
210.51: (0.21, 0.76, -0.62)
210.63: (0.00, 0.88, -0.48)
210.73: (-0.27, 0.90, -0.33)
210.85: (-0.58, 0.80, -0.16)
210.96: (-0.79, 0.61, 0.00)
211.08: (-0.89, 0.44, 0.13)
211.18: (-0.91, 0.34, 0.23)
211.30: (-0.87, 0.35, 0.34)
211.40: (-0.86, 0.34, 0.39)
211.51: (-0.85, 0.31, 0.43)
211.61: (-0.84, 0.30, 0.45)
211.61: (-0.42, -0.17, -0.89): 1
211.63: (-0.84, 0.30, 0.45)
211.73: (-0.84, 0.30, 0.45)
211.84: (-0.84, 0.31, 0.44)
211.96: (-0.87, 0.30, 0.40)
212.06: (-0.90, 0.30, 0.31)
212.18: (-0.90, 0.30, 0.31)
212.29: (-0.90, 0.30, 0.31)
212.39: (-0.90, 0.30, 0.31)
212.49: (-0.87, 0.47, 0.15)
212.61: (-0.64, 0.70, -0.30)
212.73: (-0.21, 0.69, -0.69)
212.84: (0.31, 0.50, -0.80)
212.94: (0.55, 0.35, -0.76)
213.06: (0.65, 0.27, -0.71)
213.18: (0.66, 0.26, -0.70)
213.29: (0.67, 0.26, -0.70)
213.39: (0.67, 0.26, -0.70)
213.51: (0.66, 0.26, -0.71)
213.63: (0.28, 0.26, -0.93)
213.73: (-0.11, 0.24, -0.96)
213.83: (-0.18, 0.24, -0.95)
213.94: (-0.18, 0.18, -0.97)
214.06: (-0.22, -0.09, -0.97)
214.18: (-0.34, -0.13, -0.93)
214.28: (-0.40, -0.08, -0.91)
214.33: (-0.41, -0.10, -0.91)
214.33: (-0.95, 0.28, 0.12): 0
214.38: (-0.41, -0.10, -0.91)
214.49: (-0.40, -0.10, -0.91)
214.61: (-0.42, -0.08, -0.91)
214.71: (-0.51, 0.00, -0.86)
214.83: (-0.72, 0.08, -0.69)
214.94: (-0.95, 0.17, -0.28)
215.06: (-0.97, 0.20, 0.12)
215.16: (-0.97, 0.21, 0.15)
215.28: (-0.97, 0.21, 0.09)
215.39: (-0.97, 0.22, 0.09)
215.41: (-0.97, 0.22, 0.09)
215.41: (0.00, 0.94, 0.34): 2
215.51: (-0.97, 0.22, 0.09)
215.63: (-0.97, 0.22, 0.09)
215.74: (-0.98, 0.21, 0.07)
215.86: (-0.98, 0.21, 0.06)
215.96: (-0.98, 0.21, 0.06)
216.06: (-0.98, 0.21, 0.06)
216.18: (-0.98, 0.21, 0.06)
216.29: (-0.98, 0.20, 0.06)
216.41: (-0.93, 0.23, -0.28)
216.53: (-0.70, 0.22, -0.68)
216.63: (-0.55, 0.23, -0.80)
216.74: (-0.44, 0.42, -0.79)
216.86: (-0.27, 0.74, -0.62)
216.98: (-0.21, 0.91, -0.36)
217.09: (-0.17, 0.98, -0.06)
217.21: (-0.11, 0.99, 0.10)
217.31: (-0.07, 0.98, 0.16)
217.43: (-0.04, 0.96, 0.27)
217.54: (-0.02, 0.94, 0.35)
217.58: (-0.02, 0.94, 0.35)
217.58: (-0.45, -0.28, 0.85): 1
217.64: (-0.02, 0.94, 0.35)
217.76: (-0.02, 0.95, 0.32)
217.86: (-0.02, 0.95, 0.32)
217.98: (-0.02, 0.95, 0.31)
218.08: (-0.02, 0.95, 0.31)
218.18: (-0.03, 0.95, 0.32)
218.29: (-0.25, 0.88, 0.40)
218.41: (-0.56, 0.73, 0.39)
218.53: (-0.81, 0.45, 0.37)
218.64: (-0.94, 0.24, 0.26)
218.76: (-0.97, 0.16, 0.18)
218.88: (-1.00, -0.05, 0.02)
218.99: (-0.94, -0.29, -0.16)
219.11: (-0.83, -0.43, -0.36)
219.23: (-0.72, -0.52, -0.47)
219.34: (-0.64, -0.64, -0.42)
219.46: (-0.55, -0.83, -0.10)
219.58: (-0.49, -0.81, 0.32)
219.68: (-0.48, -0.68, 0.56)
219.79: (-0.41, -0.54, 0.74)
219.91: (-0.34, -0.42, 0.84)
220.03: (-0.40, -0.44, 0.80)
220.14: (-0.41, -0.45, 0.79)
220.26: (-0.44, -0.42, 0.79)
220.31: (-0.44, -0.42, 0.79)
220.31: (-0.29, -0.72, 0.63): 2
220.36: (-0.44, -0.42, 0.79)
220.48: (-0.45, -0.42, 0.79)
220.59: (-0.45, -0.43, 0.78)
220.71: (-0.41, -0.60, 0.69)
220.83: (-0.36, -0.73, 0.58)
220.93: (-0.35, -0.74, 0.57)
221.03: (-0.35, -0.74, 0.57)
221.14: (-0.34, -0.74, 0.57)
221.26: (-0.34, -0.75, 0.57)
221.36: (-0.34, -0.75, 0.57)
221.39: (-0.34, -0.75, 0.57)
221.39: (-0.97, -0.12, -0.21): 0
221.48: (-0.34, -0.75, 0.57)
221.59: (-0.34, -0.75, 0.57)
221.71: (-0.36, -0.75, 0.55)
221.83: (-0.36, -0.75, 0.55)
221.93: (-0.36, -0.75, 0.55)
222.04: (-0.54, -0.62, 0.56)
222.16: (-0.82, -0.35, 0.45)
222.28: (-0.97, -0.08, 0.23)
222.39: (-0.99, 0.14, -0.02)
222.51: (-0.99, 0.02, -0.16)
222.61: (-0.98, -0.06, -0.19)
222.73: (-0.97, -0.10, -0.20)
222.81: (-0.97, -0.12, -0.21)
222.81: (-0.05, 0.94, 0.34): 0
222.84: (-0.97, -0.12, -0.21)
222.94: (-0.97, -0.12, -0.21)
223.06: (-0.97, -0.13, -0.21)
223.16: (-0.97, -0.13, -0.22)
223.28: (-0.96, -0.12, -0.23)
223.39: (-0.94, -0.07, -0.32)
223.51: (-0.89, 0.10, -0.44)
223.63: (-0.87, 0.30, -0.39)
223.74: (-0.81, 0.46, -0.37)
223.86: (-0.73, 0.60, -0.32)
223.96: (-0.69, 0.70, -0.19)
224.06: (-0.64, 0.77, -0.02)
224.18: (-0.55, 0.82, 0.18)
224.29: (-0.45, 0.83, 0.34)
224.39: (-0.32, 0.88, 0.35)
224.51: (-0.20, 0.93, 0.30)
224.63: (-0.17, 0.93, 0.32)
224.71: (-0.15, 0.93, 0.34)
224.71: (-0.98, -0.16, 0.07): 1
224.74: (-0.15, 0.93, 0.34)
224.84: (-0.16, 0.93, 0.33)
224.96: (-0.17, 0.93, 0.31)
225.08: (-0.21, 0.93, 0.28)
225.19: (-0.46, 0.81, 0.35)
225.31: (-0.76, 0.43, 0.49)
225.43: (-0.86, 0.09, 0.50)
225.53: (-0.89, -0.10, 0.44)
225.64: (-0.97, -0.03, 0.24)
225.76: (-0.99, 0.07, 0.12)
225.88: (-1.00, 0.00, 0.08)
225.99: (-1.00, -0.07, 0.05)
226.06: (-1.00, -0.08, 0.05)
226.06: (0.03, -0.73, -0.68): 0
226.11: (-1.00, -0.08, 0.05)
226.21: (-1.00, -0.08, 0.04)
226.31: (-1.00, -0.08, 0.04)
226.41: (-0.99, -0.11, 0.04)
226.53: (-0.97, -0.25, 0.06)
226.64: (-0.83, -0.54, 0.11)
226.76: (-0.63, -0.77, 0.09)
226.88: (-0.45, -0.89, 0.02)
226.99: (-0.29, -0.96, -0.04)
227.11: (-0.11, -0.99, -0.12)
227.21: (0.05, -0.97, -0.22)
227.32: (0.18, -0.92, -0.34)
227.42: (0.23, -0.89, -0.40)
227.54: (0.13, -0.82, -0.56)
227.64: (0.06, -0.75, -0.66)
227.76: (0.06, -0.74, -0.67)
227.77: (0.06, -0.74, -0.67)
227.77: (0.50, -0.73, -0.47): 0
227.88: (0.06, -0.74, -0.67)
227.99: (0.06, -0.74, -0.67)
228.11: (0.16, -0.77, -0.62)
228.21: (0.29, -0.80, -0.53)
228.31: (0.31, -0.80, -0.51)
228.42: (0.33, -0.80, -0.50)
228.54: (0.40, -0.76, -0.51)
228.66: (0.42, -0.75, -0.52)
228.74: (0.42, -0.75, -0.52)
228.74: (-0.21, -0.41, -0.89): 0
228.77: (0.42, -0.74, -0.52)
228.87: (0.42, -0.74, -0.52)
228.97: (0.39, -0.75, -0.53)
229.09: (0.38, -0.77, -0.52)
229.21: (0.30, -0.82, -0.49)
229.31: (0.12, -0.83, -0.55)
229.42: (-0.15, -0.72, -0.68)
229.54: (-0.22, -0.63, -0.75)
229.64: (-0.22, -0.54, -0.81)
229.76: (-0.21, -0.48, -0.85)
229.87: (-0.19, -0.43, -0.88)
229.89: (-0.18, -0.43, -0.89)
229.89: (0.96, -0.26, 0.14): 2
229.99: (-0.18, -0.42, -0.89)
230.11: (-0.18, -0.42, -0.89)
230.22: (-0.11, -0.46, -0.88)
230.34: (-0.05, -0.49, -0.87)
230.44: (-0.01, -0.51, -0.86)
230.54: (0.16, -0.64, -0.75)
230.66: (0.52, -0.71, -0.47)
230.76: (0.71, -0.65, -0.26)
230.87: (0.83, -0.55, -0.10)
230.99: (0.90, -0.43, 0.05)
231.11: (0.95, -0.30, 0.10)
231.21: (0.95, -0.29, 0.10)
231.24: (0.95, -0.29, 0.09)
231.24: (-0.63, -0.03, -0.78): 1
231.32: (0.95, -0.29, 0.09)
231.44: (0.95, -0.28, 0.09)
231.54: (0.96, -0.27, 0.09)
231.66: (0.97, -0.24, 0.09)
231.77: (0.93, -0.38, 0.00)
231.87: (0.83, -0.53, -0.16)
231.99: (0.59, -0.69, -0.41)
232.09: (0.34, -0.66, -0.67)
232.21: (0.12, -0.59, -0.80)
232.32: (-0.05, -0.53, -0.85)
232.42: (-0.21, -0.43, -0.88)
232.54: (-0.33, -0.33, -0.89)
232.66: (-0.41, -0.22, -0.89)
232.77: (-0.55, -0.08, -0.83)
232.89: (-0.60, -0.03, -0.80)
232.94: (-0.60, -0.03, -0.80)
232.94: (-0.96, -0.22, 0.17): 2
232.99: (-0.60, -0.03, -0.80)
233.11: (-0.60, -0.03, -0.80)
233.22: (-0.60, -0.03, -0.80)
233.34: (-0.60, -0.03, -0.80)
233.44: (-0.60, -0.03, -0.80)
233.56: (-0.60, -0.03, -0.80)
233.66: (-0.62, -0.02, -0.79)
233.77: (-0.66, -0.01, -0.75)
233.89: (-0.67, -0.01, -0.75)
234.01: (-0.74, -0.01, -0.67)
234.12: (-0.92, -0.03, -0.38)
234.24: (-0.96, -0.13, -0.26)
234.34: (-0.97, -0.16, -0.17)
234.46: (-0.98, -0.21, 0.05)
234.57: (-0.97, -0.21, 0.10)
234.62: (-0.97, -0.21, 0.10)
234.62: (0.99, -0.09, -0.11): 0
234.67: (-0.97, -0.21, 0.10)
234.79: (-0.97, -0.21, 0.10)
234.91: (-0.97, -0.20, 0.11)
235.02: (-0.97, -0.20, 0.11)
235.12: (-0.97, -0.20, 0.11)
235.24: (-0.96, -0.25, -0.14)
235.36: (-0.82, -0.36, -0.44)
235.47: (-0.63, -0.59, -0.51)
235.59: (-0.38, -0.76, -0.53)
235.71: (-0.15, -0.83, -0.54)
235.82: (0.09, -0.85, -0.52)
235.94: (0.31, -0.82, -0.48)
236.06: (0.54, -0.71, -0.44)
236.16: (0.71, -0.59, -0.40)
236.27: (0.84, -0.44, -0.32)
236.39: (0.91, -0.34, -0.25)
236.51: (0.96, -0.23, -0.18)
236.62: (0.97, -0.18, -0.15)
236.72: (0.98, -0.16, -0.13)
236.76: (0.98, -0.15, -0.13)
236.76: (-0.95, 0.28, -0.12): 2
236.84: (0.98, -0.16, -0.14)
236.94: (0.98, -0.15, -0.14)
237.06: (0.97, -0.17, -0.16)
237.17: (0.97, -0.16, -0.18)
237.27: (0.97, -0.15, -0.19)
237.39: (0.97, -0.15, -0.20)
237.51: (0.97, -0.15, -0.21)
237.62: (0.96, -0.16, -0.24)
237.72: (0.89, -0.16, -0.42)
237.84: (0.70, -0.16, -0.70)
237.96: (0.55, -0.16, -0.82)
238.06: (0.46, -0.17, -0.87)
238.16: (0.36, -0.18, -0.91)
238.27: (0.22, -0.16, -0.96)
238.39: (0.05, -0.15, -0.99)
238.51: (-0.12, -0.09, -0.99)
238.62: (-0.21, -0.05, -0.98)
238.72: (-0.34, -0.04, -0.94)
238.84: (-0.45, -0.01, -0.89)
238.96: (-0.49, 0.00, -0.87)
239.06: (-0.49, 0.00, -0.87)
239.17: (-0.49, 0.00, -0.87)
239.29: (-0.43, -0.01, -0.90)
239.41: (0.02, 0.04, -1.00)
239.51: (0.46, 0.10, -0.88)
239.62: (0.69, 0.11, -0.72)
239.74: (0.89, 0.16, -0.43)
239.84: (0.97, 0.19, -0.13)
239.96: (0.95, 0.19, 0.24)
240.07: (0.82, 0.18, 0.54)
240.19: (0.60, 0.27, 0.75)
240.31: (0.22, 0.58, 0.79)
240.42: (-0.18, 0.79, 0.58)
240.54: (-0.36, 0.82, 0.44)
240.66: (-0.50, 0.79, 0.36)
240.76: (-0.55, 0.78, 0.28)
240.87: (-0.60, 0.76, 0.24)
240.99: (-0.77, 0.62, 0.13)
241.11: (-0.87, 0.49, -0.01)
241.21: (-0.90, 0.43, -0.10)
241.32: (-0.90, 0.42, -0.10)
241.44: (-0.91, 0.40, -0.11)
241.44: (0.34, -0.78, -0.53): 2
241.44: (-0.91, 0.40, -0.11)
241.56: (-0.91, 0.40, -0.11)
241.67: (-0.88, 0.46, -0.10)
241.77: (-0.88, 0.46, -0.10)
241.89: (-0.88, 0.46, -0.10)
242.01: (-0.88, 0.46, -0.10)
242.12: (-0.88, 0.46, -0.10)
242.24: (-0.87, 0.49, -0.06)
242.36: (-0.87, 0.49, -0.06)
242.47: (-0.87, 0.48, -0.06)
242.59: (-0.88, 0.47, -0.06)
242.71: (-0.88, 0.47, -0.05)
242.82: (-0.91, 0.39, -0.16)
242.92: (-0.90, 0.21, -0.39)
243.04: (-0.88, 0.16, -0.44)
243.16: (-0.85, 0.04, -0.52)
243.26: (-0.77, -0.08, -0.63)
243.37: (-0.64, -0.22, -0.74)
243.49: (-0.49, -0.36, -0.79)
243.61: (-0.39, -0.43, -0.81)
243.72: (-0.30, -0.49, -0.82)
243.82: (-0.20, -0.55, -0.81)
243.94: (-0.07, -0.64, -0.76)
244.06: (0.08, -0.74, -0.67)
244.16: (0.17, -0.78, -0.60)
244.27: (0.23, -0.78, -0.58)
244.34: (0.23, -0.78, -0.58)
244.34: (-0.97, -0.11, -0.21): 1
244.39: (0.23, -0.78, -0.58)
244.50: (0.23, -0.78, -0.58)
244.61: (0.24, -0.77, -0.59)
244.72: (0.24, -0.77, -0.60)
244.84: (0.24, -0.77, -0.60)
244.96: (0.18, -0.75, -0.63)
245.07: (-0.06, -0.73, -0.69)
245.17: (-0.29, -0.66, -0.70)
245.29: (-0.53, -0.52, -0.67)
245.40: (-0.72, -0.33, -0.61)
245.52: (-0.83, -0.19, -0.52)
245.64: (-0.89, -0.23, -0.39)
245.75: (-0.93, -0.20, -0.30)
245.85: (-0.94, -0.18, -0.30)
245.89: (-0.94, -0.18, -0.30)
245.89: (0.10, -0.64, 0.76): 2
245.97: (-0.94, -0.18, -0.30)
246.09: (-0.94, -0.17, -0.30)
246.19: (-0.94, -0.16, -0.31)
246.30: (-0.94, -0.13, -0.32)
246.42: (-0.94, -0.12, -0.33)
246.54: (-0.94, -0.12, -0.33)
246.65: (-0.93, -0.13, -0.34)
246.77: (-0.93, -0.13, -0.34)
246.89: (-0.86, -0.04, -0.51)
247.00: (-0.69, 0.10, -0.72)
247.12: (-0.54, 0.18, -0.82)
247.24: (-0.44, 0.25, -0.86)
247.34: (-0.36, 0.28, -0.89)
247.44: (-0.33, 0.28, -0.90)
247.55: (-0.33, 0.28, -0.90)
247.65: (-0.33, 0.14, -0.93)
247.77: (-0.25, -0.47, -0.84)
247.89: (-0.05, -0.81, -0.59)
248.00: (0.08, -0.91, -0.41)
248.12: (0.13, -0.93, -0.35)
248.24: (0.16, -0.92, -0.35)
248.35: (0.08, -0.96, -0.27)
248.45: (-0.10, -0.99, -0.09)
248.57: (-0.27, -0.96, 0.07)
248.69: (-0.38, -0.90, 0.22)
248.80: (-0.38, -0.86, 0.34)
248.92: (-0.07, -0.81, 0.58)
249.04: (0.07, -0.77, 0.64)
249.14: (0.05, -0.78, 0.62)
249.25: (0.04, -0.78, 0.62)
249.37: (0.05, -0.78, 0.62)
249.49: (0.06, -0.77, 0.63)
249.60: (0.10, -0.73, 0.68)
249.69: (0.11, -0.71, 0.69)
249.69: (-0.81, -0.35, 0.48): 1
249.72: (0.11, -0.71, 0.69)
249.82: (0.11, -0.71, 0.69)
249.92: (0.12, -0.72, 0.68)
250.04: (0.11, -0.74, 0.66)
250.14: (0.11, -0.74, 0.66)
250.25: (0.10, -0.74, 0.67)
250.37: (-0.13, -0.82, 0.55)
250.49: (-0.49, -0.82, 0.30)
250.60: (-0.75, -0.66, -0.06)
250.72: (-0.81, -0.59, -0.01)
250.84: (-0.79, -0.55, 0.28)
250.95: (-0.81, -0.43, 0.41)
251.07: (-0.80, -0.39, 0.45)
251.09: (-0.80, -0.39, 0.45)
251.09: (-0.26, -0.57, 0.78): 1
251.19: (-0.80, -0.39, 0.45)
251.30: (-0.80, -0.41, 0.44)
251.42: (-0.60, -0.50, 0.62)
251.54: (-0.49, -0.54, 0.68)
251.64: (-0.51, -0.55, 0.67)
251.75: (-0.43, -0.58, 0.70)
251.87: (-0.37, -0.59, 0.72)
251.99: (-0.34, -0.61, 0.72)
252.10: (-0.32, -0.62, 0.72)
252.14: (-0.32, -0.62, 0.72)
252.14: (0.87, -0.34, -0.34): 0
252.22: (-0.32, -0.62, 0.72)
252.34: (-0.32, -0.62, 0.72)
252.45: (-0.32, -0.63, 0.71)
252.57: (-0.30, -0.65, 0.70)
252.67: (-0.16, -0.67, 0.72)
252.79: (0.06, -0.66, 0.75)
252.90: (0.32, -0.60, 0.73)
253.00: (0.47, -0.54, 0.70)
253.12: (0.63, -0.41, 0.66)
253.24: (0.79, -0.27, 0.54)
253.34: (0.89, -0.16, 0.42)
253.45: (0.93, -0.05, 0.37)
253.55: (0.94, 0.06, 0.32)
253.67: (0.95, 0.20, 0.24)
253.79: (0.93, 0.35, 0.12)
253.90: (0.86, 0.50, 0.11)
254.02: (0.78, 0.61, 0.10)
254.14: (0.72, 0.68, 0.12)
254.25: (0.68, 0.72, 0.16)
254.37: (0.64, 0.75, 0.19)
254.49: (0.64, 0.75, 0.19)
254.59: (0.64, 0.75, 0.17)
254.70: (0.64, 0.77, 0.08)
254.82: (0.60, 0.79, -0.16)
254.92: (0.62, 0.71, -0.34)
255.04: (0.65, 0.58, -0.49)
255.15: (0.64, 0.51, -0.58)
255.27: (0.63, 0.42, -0.65)
255.39: (0.62, 0.37, -0.70)
255.50: (0.61, 0.35, -0.71)
255.62: (0.60, 0.28, -0.75)
255.72: (0.56, 0.21, -0.80)
255.84: (0.48, 0.17, -0.86)
255.94: (0.44, 0.15, -0.89)
256.05: (0.44, 0.15, -0.89)
256.15: (0.46, 0.22, -0.86)
256.25: (0.46, 0.45, -0.77)
256.37: (0.38, 0.70, -0.61)
256.47: (0.31, 0.82, -0.47)
256.57: (0.23, 0.92, -0.30)
256.69: (0.14, 0.98, -0.12)
256.80: (0.05, 1.00, 0.03)
256.92: (0.00, 0.99, 0.13)
257.04: (-0.05, 0.97, 0.23)
257.15: (-0.08, 0.95, 0.31)
257.27: (-0.12, 0.92, 0.37)
257.39: (-0.13, 0.91, 0.38)
257.50: (-0.05, 0.95, 0.29)
257.62: (0.21, 0.97, -0.09)
257.74: (0.44, 0.79, -0.44)
257.85: (0.62, 0.52, -0.59)
257.95: (0.69, 0.36, -0.63)
258.07: (0.73, 0.22, -0.65)
258.19: (0.74, 0.16, -0.66)
258.30: (0.75, 0.05, -0.66)
258.42: (0.82, -0.09, -0.57)
258.52: (0.86, -0.22, -0.45)
258.64: (0.86, -0.30, -0.42)
258.75: (0.85, -0.32, -0.42)
258.75: (0.60, 0.14, -0.79): 0
258.75: (0.85, -0.32, -0.42)
258.85: (0.85, -0.32, -0.42)
258.97: (0.85, -0.31, -0.42)
259.09: (0.84, -0.19, -0.50)
259.20: (0.77, 0.03, -0.63)
259.32: (0.75, 0.05, -0.65)
259.42: (0.69, 0.08, -0.72)
259.52: (0.67, 0.09, -0.74)
259.54: (0.67, 0.09, -0.74)
259.54: (-0.19, 0.37, 0.91): 1
259.64: (0.67, 0.09, -0.74)
259.75: (0.67, 0.09, -0.74)
259.87: (0.73, 0.05, -0.68)
259.97: (0.83, -0.02, -0.55)
260.07: (0.94, -0.08, -0.32)
260.19: (0.99, -0.10, 0.10)
260.30: (0.87, -0.07, 0.48)
260.40: (0.77, 0.08, 0.63)
260.52: (0.67, 0.37, 0.64)
260.63: (0.49, 0.53, 0.69)
260.74: (0.18, 0.54, 0.82)
260.85: (-0.16, 0.48, 0.86)
260.95: (-0.16, 0.45, 0.88)
261.07: (-0.13, 0.43, 0.90)
261.15: (-0.12, 0.42, 0.90)
261.15: (0.71, 0.62, 0.33): 0
261.19: (-0.12, 0.42, 0.90)
261.30: (-0.12, 0.42, 0.90)
261.40: (-0.11, 0.40, 0.91)
261.52: (-0.06, 0.38, 0.92)
261.64: (0.12, 0.48, 0.87)
261.75: (0.34, 0.64, 0.69)
261.87: (0.53, 0.71, 0.46)
261.97: (0.63, 0.64, 0.44)
262.09: (0.69, 0.56, 0.45)
262.20: (0.70, 0.56, 0.45)
262.22: (0.70, 0.56, 0.45)
262.22: (-0.85, -0.38, 0.37): 2
262.32: (0.70, 0.56, 0.45)
262.43: (0.70, 0.56, 0.45)
262.53: (0.70, 0.55, 0.45)
262.63: (0.71, 0.53, 0.46)
262.75: (0.71, 0.52, 0.47)
262.87: (0.71, 0.50, 0.49)
262.97: (0.64, 0.45, 0.63)
263.07: (0.45, 0.24, 0.86)
263.18: (0.26, -0.04, 0.97)
263.30: (0.19, -0.13, 0.97)
263.42: (0.08, -0.25, 0.96)
263.53: (-0.20, -0.31, 0.93)
263.65: (-0.49, -0.21, 0.85)
263.77: (-0.70, -0.06, 0.71)
263.87: (-0.82, -0.06, 0.56)
263.98: (-0.86, -0.27, 0.43)
264.10: (-0.86, -0.35, 0.37)
264.20: (-0.86, -0.37, 0.36)
264.23: (-0.86, -0.37, 0.35)
264.23: (-0.05, 0.99, -0.12): 2
264.30: (-0.86, -0.37, 0.35)
264.42: (-0.86, -0.37, 0.36)
264.52: (-0.86, -0.36, 0.36)
264.63: (-0.84, -0.33, 0.43)
264.75: (-0.78, -0.30, 0.55)
264.87: (-0.66, -0.17, 0.73)
264.97: (-0.59, -0.07, 0.80)
265.08: (-0.57, -0.05, 0.82)
265.20: (-0.57, -0.05, 0.82)
265.30: (-0.57, -0.05, 0.82)
265.42: (-0.57, -0.05, 0.82)
265.53: (-0.50, 0.07, 0.87)
265.65: (-0.21, 0.26, 0.94)
265.77: (0.16, 0.46, 0.88)
265.88: (0.37, 0.55, 0.75)
266.00: (0.69, 0.53, 0.50)
266.10: (0.92, 0.34, 0.21)
266.22: (0.99, 0.16, 0.00)
266.32: (1.00, -0.04, -0.08)
266.43: (0.93, -0.33, -0.13)
266.55: (0.85, -0.53, -0.03)
266.67: (0.77, -0.60, 0.22)
266.77: (0.70, -0.59, 0.41)
266.87: (0.69, -0.59, 0.43)
266.98: (0.68, -0.59, 0.43)
267.10: (0.74, -0.56, 0.36)
267.22: (0.98, -0.18, 0.08)
267.32: (1.00, 0.09, -0.03)
267.42: (0.93, 0.35, -0.11)
267.53: (0.77, 0.63, -0.12)
267.65: (0.43, 0.90, 0.08)
267.77: (-0.01, 0.96, 0.28)
267.88: (-0.01, 0.99, 0.13)
267.98: (0.07, 1.00, -0.02)
268.10: (0.07, 1.00, -0.03)
268.22: (0.06, 1.00, -0.04)
268.23: (0.06, 1.00, -0.04)
268.23: (-0.31, 0.84, 0.45): 2
268.32: (0.06, 1.00, -0.04)
268.43: (0.07, 1.00, -0.05)
268.55: (0.09, 1.00, -0.02)
268.67: (0.01, 0.99, 0.13)
268.78: (-0.10, 0.95, 0.30)
268.90: (-0.17, 0.91, 0.39)
269.02: (-0.19, 0.86, 0.46)
269.13: (-0.20, 0.85, 0.48)
269.20: (-0.20, 0.85, 0.48)
269.20: (0.39, -0.87, -0.30): 0
269.25: (-0.20, 0.85, 0.48)
269.37: (-0.20, 0.86, 0.47)
269.48: (-0.17, 0.86, 0.49)
269.60: (-0.09, 0.86, 0.50)
269.72: (0.21, 0.93, 0.32)
269.82: (0.44, 0.90, 0.06)
269.93: (0.67, 0.73, -0.16)
270.05: (0.77, 0.57, -0.30)
270.15: (0.79, 0.46, -0.40)
270.27: (0.78, 0.25, -0.58)
270.38: (0.71, -0.05, -0.71)
270.48: (0.59, -0.34, -0.74)
270.60: (0.48, -0.51, -0.71)
270.72: (0.42, -0.63, -0.65)
270.83: (0.49, -0.75, -0.45)
270.95: (0.54, -0.78, -0.32)
271.05: (0.53, -0.79, -0.31)
271.15: (0.48, -0.82, -0.31)
271.25: (0.46, -0.83, -0.31)
271.25: (-1.00, 0.04, -0.03): 0
271.27: (0.46, -0.83, -0.31)
271.38: (0.46, -0.83, -0.31)
271.48: (0.46, -0.83, -0.31)
271.58: (0.50, -0.82, -0.29)
271.70: (0.50, -0.82, -0.29)
271.82: (0.50, -0.82, -0.29)
271.93: (0.50, -0.82, -0.29)
272.03: (0.50, -0.82, -0.29)
272.15: (0.46, -0.83, -0.31)
272.27: (0.29, -0.87, -0.40)
272.38: (-0.02, -0.86, -0.50)
272.50: (-0.25, -0.77, -0.58)
272.62: (-0.40, -0.68, -0.61)
272.73: (-0.53, -0.62, -0.59)
272.85: (-0.70, -0.51, -0.49)
272.95: (-0.82, -0.42, -0.40)
273.07: (-0.91, -0.31, -0.29)
273.18: (-0.96, -0.20, -0.21)
273.30: (-0.99, -0.04, -0.09)
273.40: (-1.00, 0.01, -0.05)
273.43: (-1.00, 0.01, -0.05)
273.43: (-0.28, -0.18, -0.94): 0
273.52: (-1.00, 0.01, -0.06)
273.63: (-1.00, 0.00, -0.06)
273.75: (-1.00, -0.03, -0.08)
273.85: (-1.00, -0.03, -0.08)
273.97: (-0.98, -0.12, -0.16)
274.07: (-0.84, -0.36, -0.40)
274.18: (-0.58, -0.55, -0.61)
274.30: (-0.40, -0.61, -0.68)
274.40: (-0.32, -0.61, -0.73)
274.52: (-0.44, -0.41, -0.80)
274.63: (-0.45, -0.27, -0.85)
274.75: (-0.33, -0.28, -0.90)
274.85: (-0.30, -0.28, -0.91)
274.85: (0.39, -0.11, 0.91): 0
274.87: (-0.30, -0.28, -0.91)
274.97: (-0.30, -0.28, -0.91)
275.08: (-0.30, -0.29, -0.91)
275.20: (-0.28, -0.32, -0.91)
275.32: (-0.26, -0.33, -0.91)
275.43: (-0.22, -0.43, -0.88)
275.55: (-0.16, -0.61, -0.78)
275.67: (-0.15, -0.77, -0.62)
275.78: (-0.15, -0.84, -0.52)
275.90: (-0.10, -0.89, -0.45)
276.02: (-0.04, -0.92, -0.39)
276.13: (0.01, -0.95, -0.32)
276.25: (0.06, -0.97, -0.25)
276.35: (0.13, -0.98, -0.15)
276.47: (0.20, -0.98, -0.04)
276.57: (0.13, -0.98, -0.16)
276.68: (-0.10, -0.88, -0.47)
276.80: (-0.33, -0.60, -0.73)
276.92: (-0.51, -0.28, -0.82)
277.03: (-0.60, 0.00, -0.80)
277.15: (-0.63, 0.18, -0.76)
277.25: (-0.64, 0.27, -0.72)
277.35: (-0.65, 0.35, -0.68)
277.46: (-0.64, 0.43, -0.64)
277.57: (-0.63, 0.50, -0.60)
277.68: (-0.61, 0.57, -0.56)
277.80: (-0.54, 0.63, -0.57)
277.90: (-0.38, 0.66, -0.65)
278.02: (-0.15, 0.66, -0.74)
278.12: (-0.06, 0.65, -0.76)
278.23: (0.05, 0.63, -0.77)
278.35: (0.18, 0.59, -0.79)
278.46: (0.30, 0.53, -0.79)
278.57: (0.40, 0.50, -0.77)
278.68: (0.57, 0.41, -0.71)
278.80: (0.72, 0.29, -0.63)
278.90: (0.77, 0.24, -0.59)
279.00: (0.81, 0.18, -0.56)
279.12: (0.87, 0.08, -0.49)
279.23: (0.90, -0.01, -0.43)
279.35: (0.89, -0.07, -0.46)
279.46: (0.89, -0.07, -0.46)
279.57: (0.89, -0.07, -0.46)
279.68: (0.87, -0.07, -0.48)
279.78: (0.91, -0.09, -0.40)
279.88: (0.96, -0.20, -0.21)
280.00: (0.94, -0.34, 0.03)
280.11: (0.92, -0.37, 0.16)
280.23: (0.86, -0.38, 0.34)
280.35: (0.78, -0.36, 0.51)
280.46: (0.69, -0.33, 0.65)
280.56: (0.61, -0.27, 0.74)
280.68: (0.51, -0.13, 0.85)
280.80: (0.44, -0.07, 0.89)
280.91: (0.43, -0.12, 0.90)
280.96: (0.43, -0.13, 0.89)
280.96: (0.77, 0.56, -0.31): 1
281.03: (0.43, -0.13, 0.89)
281.13: (0.43, -0.13, 0.89)
281.25: (0.44, -0.15, 0.89)
281.35: (0.45, -0.17, 0.88)
281.46: (0.59, -0.10, 0.80)
281.58: (0.83, 0.14, 0.54)
281.68: (0.90, 0.27, 0.35)
281.80: (0.89, 0.43, 0.16)
281.90: (0.85, 0.53, -0.02)
282.01: (0.84, 0.53, -0.12)
282.13: (0.82, 0.53, -0.22)
282.25: (0.80, 0.53, -0.28)
282.31: (0.79, 0.53, -0.30)
282.31: (-0.91, 0.38, -0.19): 2
282.35: (0.79, 0.53, -0.30)
282.45: (0.79, 0.53, -0.30)
282.56: (0.79, 0.53, -0.30)
282.66: (0.80, 0.52, -0.31)
282.78: (0.80, 0.52, -0.31)
282.90: (0.80, 0.52, -0.31)
283.00: (0.80, 0.52, -0.31)
283.11: (0.80, 0.51, -0.32)
283.23: (0.79, 0.48, -0.37)
283.35: (0.69, 0.39, -0.60)
283.46: (0.56, 0.27, -0.78)
283.56: (0.49, 0.17, -0.86)
283.68: (0.43, 0.05, -0.90)
283.80: (0.38, -0.06, -0.92)
283.90: (0.33, -0.15, -0.93)
284.01: (0.27, -0.25, -0.93)
284.13: (0.20, -0.34, -0.92)
284.25: (0.09, -0.41, -0.91)
284.36: (-0.07, -0.44, -0.90)
284.48: (-0.28, -0.44, -0.85)
284.60: (-0.46, -0.43, -0.77)
284.70: (-0.60, -0.41, -0.69)
284.81: (-0.74, -0.38, -0.55)
284.93: (-0.85, -0.33, -0.41)
285.05: (-0.93, -0.25, -0.26)
285.16: (-0.97, -0.18, -0.15)
285.28: (-0.98, -0.01, -0.19)
285.38: (-0.97, 0.13, -0.21)
285.48: (-0.96, 0.22, -0.18)
285.60: (-0.93, 0.31, -0.18)
285.71: (-0.92, 0.36, -0.17)
285.76: (-0.92, 0.36, -0.17)
285.76: (-1.00, 0.02, 0.00): 0
285.83: (-0.92, 0.36, -0.17)
285.95: (-0.92, 0.36, -0.17)
286.06: (-0.92, 0.35, -0.17)
286.16: (-0.96, 0.25, -0.13)
286.28: (-0.99, 0.12, -0.05)
286.40: (-1.00, 0.05, 0.00)
286.51: (-1.00, 0.01, 0.03)
286.58: (-1.00, 0.01, 0.03)
286.58: (0.95, 0.28, 0.12): 2
286.63: (-1.00, 0.01, 0.03)
286.73: (-1.00, 0.01, 0.03)
286.83: (-1.00, 0.01, 0.03)
286.95: (-1.00, 0.01, 0.03)
287.06: (-1.00, 0.00, 0.05)
287.16: (-1.00, -0.03, 0.07)
287.28: (-1.00, -0.03, 0.07)
287.40: (-1.00, -0.03, 0.07)
287.51: (-1.00, -0.03, 0.07)
287.63: (-1.00, -0.03, 0.07)
287.75: (-1.00, 0.00, 0.08)
287.86: (-1.00, -0.01, -0.01)
287.98: (-0.95, -0.05, -0.31)
288.08: (-0.84, -0.07, -0.54)
288.20: (-0.77, -0.07, -0.63)
288.30: (-0.77, -0.07, -0.63)
288.41: (-0.76, -0.03, -0.65)
288.51: (-0.66, 0.24, -0.71)
288.63: (-0.47, 0.59, -0.66)
288.75: (-0.31, 0.78, -0.55)
288.86: (-0.24, 0.83, -0.50)
288.96: (-0.24, 0.83, -0.51)
289.08: (-0.25, 0.78, -0.57)
289.20: (-0.07, 0.53, -0.84)
289.30: (0.10, 0.23, -0.97)
289.41: (0.26, -0.12, -0.96)
289.53: (0.36, -0.41, -0.83)
289.65: (0.44, -0.54, -0.72)
289.75: (0.46, -0.60, -0.66)
289.86: (0.49, -0.68, -0.54)
289.96: (0.51, -0.76, -0.40)
290.08: (0.53, -0.82, -0.21)
290.20: (0.53, -0.85, -0.05)
290.31: (0.52, -0.86, 0.04)
290.43: (0.46, -0.89, 0.05)
290.53: (0.46, -0.89, 0.05)
290.65: (0.46, -0.89, 0.05)
290.75: (0.46, -0.89, 0.05)
290.86: (0.46, -0.87, 0.17)
290.98: (0.40, -0.66, 0.64)
291.10: (0.23, -0.45, 0.86)
291.20: (0.14, -0.28, 0.95)
291.31: (-0.02, -0.01, 1.00)
291.43: (-0.17, 0.20, 0.97)
291.55: (-0.21, 0.25, 0.95)
291.66: (-0.21, 0.25, 0.95)
291.76: (-0.21, 0.25, 0.95)
291.88: (-0.21, 0.25, 0.95)
292.00: (0.00, 0.31, 0.95)
292.11: (0.49, 0.35, 0.80)
292.23: (0.76, 0.33, 0.56)
292.35: (0.92, 0.27, 0.27)
292.45: (0.98, 0.17, 0.06)
292.56: (0.99, 0.17, 0.00)
292.68: (0.97, 0.22, 0.09)
292.78: (0.97, 0.23, 0.11)
292.81: (0.97, 0.23, 0.11)
292.81: (-0.87, 0.40, -0.28): 0
292.90: (0.97, 0.23, 0.11)
293.00: (0.97, 0.23, 0.11)
293.11: (0.96, 0.24, 0.14)
293.23: (0.95, 0.25, 0.16)
293.35: (0.93, 0.30, 0.22)
293.46: (0.75, 0.56, 0.35)
293.56: (0.45, 0.76, 0.46)
293.68: (0.08, 0.82, 0.57)
293.78: (-0.17, 0.77, 0.62)
293.90: (-0.44, 0.69, 0.57)
294.01: (-0.70, 0.56, 0.44)
294.13: (-0.81, 0.43, 0.40)
294.23: (-0.81, 0.43, 0.40)
294.35: (-0.81, 0.43, 0.40)
294.46: (-0.80, 0.44, 0.41)
294.56: (-0.84, 0.48, 0.25)
294.68: (-0.89, 0.46, 0.00)
294.78: (-0.90, 0.43, -0.08)
294.90: (-0.90, 0.42, -0.15)
294.98: (-0.89, 0.42, -0.16)
294.98: (-0.14, 0.85, 0.51): 2
295.01: (-0.89, 0.42, -0.16)
295.13: (-0.89, 0.42, -0.16)
295.23: (-0.90, 0.41, -0.16)
295.35: (-0.90, 0.40, -0.17)
295.46: (-0.90, 0.40, -0.17)
295.56: (-0.90, 0.40, -0.17)
295.68: (-0.87, 0.49, 0.06)
295.79: (-0.61, 0.62, 0.49)
295.89: (-0.40, 0.63, 0.66)
296.01: (-0.29, 0.70, 0.66)
296.13: (-0.26, 0.78, 0.56)
296.23: (-0.24, 0.82, 0.52)
296.31: (-0.23, 0.82, 0.52)
296.31: (-0.60, -0.43, -0.67): 1
296.34: (-0.23, 0.82, 0.52)
296.46: (-0.23, 0.82, 0.52)
296.58: (-0.25, 0.82, 0.52)
296.68: (-0.28, 0.81, 0.52)
296.79: (-0.31, 0.80, 0.51)
296.89: (-0.39, 0.80, 0.46)
297.01: (-0.69, 0.70, 0.17)
297.13: (-0.85, 0.48, -0.21)
297.24: (-0.87, 0.33, -0.36)
297.34: (-0.85, 0.14, -0.50)
297.44: (-0.73, -0.11, -0.68)
297.56: (-0.58, -0.27, -0.77)
297.68: (-0.61, -0.38, -0.69)
297.79: (-0.60, -0.49, -0.64)
297.89: (-0.60, -0.49, -0.64)
297.89: (0.95, -0.32, 0.05): 2
297.89: (-0.60, -0.49, -0.64)
298.01: (-0.60, -0.49, -0.64)
298.13: (-0.60, -0.48, -0.64)
298.24: (-0.60, -0.46, -0.65)
298.34: (-0.61, -0.46, -0.65)
298.44: (-0.61, -0.46, -0.65)
298.56: (-0.61, -0.46, -0.65)
298.68: (-0.60, -0.46, -0.66)
298.78: (-0.45, -0.61, -0.65)
298.89: (-0.06, -0.85, -0.52)
299.01: (0.19, -0.90, -0.38)
299.13: (0.37, -0.88, -0.30)
299.23: (0.45, -0.85, -0.26)
299.34: (0.60, -0.77, -0.22)
299.46: (0.68, -0.68, -0.26)
299.58: (0.75, -0.63, -0.21)
299.68: (0.86, -0.51, -0.08)
299.79: (0.93, -0.37, -0.06)
299.91: (0.95, -0.31, -0.02)
299.99: (0.95, -0.30, 0.00)
299.99: (0.16, 0.59, 0.79): 2
300.03: (0.95, -0.30, 0.00)
300.14: (0.95, -0.30, 0.00)
300.26: (0.95, -0.31, -0.01)
300.38: (0.94, -0.35, -0.04)
300.48: (0.88, -0.46, -0.13)
300.59: (0.73, -0.57, -0.39)
300.71: (0.64, -0.56, -0.52)
300.81: (0.64, -0.55, -0.53)
300.93: (0.67, -0.55, -0.50)
301.04: (0.87, -0.46, -0.16)
301.16: (0.95, -0.25, 0.18)
301.28: (0.94, -0.24, 0.25)
301.38: (0.94, -0.24, 0.25)
301.49: (0.94, -0.24, 0.25)
301.61: (0.94, -0.24, 0.25)
301.73: (0.95, -0.02, 0.30)
301.83: (0.85, 0.32, 0.41)
301.94: (0.69, 0.56, 0.47)
302.06: (0.48, 0.73, 0.48)
302.18: (0.38, 0.70, 0.61)
302.28: (0.33, 0.60, 0.73)
302.39: (0.25, 0.65, 0.72)
302.49: (0.23, 0.69, 0.69)
302.53: (0.23, 0.69, 0.69)
302.53: (0.63, -0.54, 0.56): 1
302.61: (0.23, 0.67, 0.71)
302.73: (0.24, 0.63, 0.74)
302.84: (0.25, 0.63, 0.73)
302.96: (0.30, 0.63, 0.71)
303.06: (0.51, 0.55, 0.66)
303.16: (0.79, 0.35, 0.50)
303.28: (0.95, 0.16, 0.26)
303.38: (1.00, 0.06, 0.08)
303.48: (0.99, -0.08, -0.11)
303.59: (0.92, -0.25, -0.29)
303.71: (0.84, -0.35, -0.41)
303.83: (0.75, -0.40, -0.53)
303.94: (0.68, -0.46, -0.57)
304.06: (0.67, -0.48, -0.56)
304.18: (0.64, -0.49, -0.60)
304.29: (0.55, -0.43, -0.71)
304.41: (0.38, -0.22, -0.90)
304.51: (0.16, -0.05, -0.99)
304.61: (-0.01, 0.10, -1.00)
304.73: (-0.09, 0.22, -0.97)
304.83: (-0.13, 0.29, -0.95)
304.94: (-0.13, 0.29, -0.95)
305.06: (-0.11, 0.29, -0.95)
305.18: (-0.09, 0.26, -0.96)
305.28: (0.00, 0.03, -1.00)
305.39: (0.24, -0.34, -0.91)
305.51: (0.44, -0.57, -0.69)
305.63: (0.57, -0.69, -0.45)
305.74: (0.60, -0.72, -0.34)
305.84: (0.60, -0.72, -0.34)
305.96: (0.62, -0.74, -0.26)
306.08: (0.63, -0.78, 0.00)
306.19: (0.59, -0.72, 0.36)
306.31: (0.51, -0.61, 0.60)
306.43: (0.52, -0.60, 0.61)
306.54: (0.59, -0.60, 0.55)
306.64: (0.58, -0.59, 0.56)
306.69: (0.58, -0.59, 0.56)
306.69: (-0.50, 0.17, -0.85): 2
306.76: (0.58, -0.59, 0.56)
306.88: (0.58, -0.59, 0.56)
306.99: (0.58, -0.59, 0.56)
307.11: (0.58, -0.59, 0.56)
307.21: (0.58, -0.59, 0.55)
307.31: (0.58, -0.59, 0.55)
307.43: (0.53, -0.68, 0.51)
307.54: (0.29, -0.90, 0.31)
307.66: (0.07, -1.00, 0.04)
307.78: (-0.13, -0.96, -0.24)
307.89: (-0.35, -0.83, -0.43)
308.01: (-0.52, -0.69, -0.51)
308.13: (-0.62, -0.53, -0.58)
308.23: (-0.64, -0.43, -0.64)
308.34: (-0.56, -0.36, -0.75)
308.46: (-0.44, -0.24, -0.87)
308.58: (-0.46, -0.06, -0.88)
308.69: (-0.47, 0.03, -0.88)
308.79: (-0.46, 0.09, -0.88)
308.89: (-0.47, 0.14, -0.87)
308.96: (-0.47, 0.14, -0.87)
308.96: (0.91, -0.41, 0.08): 0
309.01: (-0.47, 0.14, -0.87)
309.13: (-0.47, 0.13, -0.87)
309.24: (-0.48, 0.08, -0.87)
309.36: (-0.49, 0.04, -0.87)
309.48: (-0.49, 0.04, -0.87)
309.59: (-0.49, 0.04, -0.87)
309.69: (-0.49, 0.04, -0.87)
309.81: (-0.49, 0.04, -0.87)
309.93: (-0.46, 0.04, -0.89)
310.03: (-0.46, 0.08, -0.88)
310.13: (-0.45, 0.18, -0.87)
310.24: (-0.37, 0.38, -0.85)
310.36: (-0.13, 0.34, -0.93)
310.48: (0.15, -0.14, -0.98)
310.58: (0.27, -0.46, -0.84)
310.69: (0.27, -0.65, -0.71)
310.81: (0.23, -0.75, -0.62)
310.93: (0.23, -0.75, -0.62)
311.04: (0.23, -0.75, -0.62)
311.14: (0.23, -0.75, -0.62)
311.26: (0.35, -0.71, -0.62)
311.38: (0.60, -0.74, -0.31)
311.49: (0.70, -0.71, 0.01)
311.61: (0.74, -0.67, 0.11)
311.71: (0.84, -0.54, 0.06)
311.83: (0.89, -0.46, 0.03)
311.91: (0.89, -0.46, 0.03)
END