3/30/2023 6:58:54 PM
Mode: Stereo
White time (s): [1.633118, 0.6832275, 1.316528, 0.7002563, 2.199585, 2.149414, 0.8165283, 1.449707, 1.049744, 2.16626, 1.983398, 4.482422, 1.866821, 2.066223, 2.449463, 1.483032, 1.633179, 1.783081, 3.449036, 4.065552, 2.516174, 1.416687, 1.499695, 1.399841, 0.9499512, 1.999512, 2.282776, 1.166992, 0.8165283, 1.449402]
Shot time (s): [1.432922, 3.382629, 1.53302, 1.59967, 3.015991, 1.216736, 1.31604, 2.349548, 1.53302, 4.432434, 2.015991, 2.266174, 1.333191, 1.233093, 1.449646, 1.633057, 3.865906, 0.9997559, 3.316101, 1.749512, 2.732788, 7.765259, 1.632813, 4.232483, 1.433044, 2.416199, 3.366089, 2.11615, 4.34906, 1.383362]
Step time (s): [1.732849, 3.0495, 0.8330078, 0.4995117, 1.866394, 0.5665283, 2.149719, 1.716431, 1.983154, 1.882874, 1.649719, 1.115967, 1.099792, 0.7993164, 1.283142, 2.66626, 2.116211, 0.6333618, 3.149658, 3.682251, 3.199402, 1.499634, 2.049561, 1.565918, 0.7831421, 0.6831665, 1.466736, 1.499695, 1.466309, 3.282715]
White horz (deg): [64.05, 16.9, 63.4, 20.25, 214.1499, 208.9, 30.15, 131.6, 55.24999, 72.05001, 153.5, 199.95, 220.2499, 215.1, 80.14999, 120.95, 232, 159.6, 267.3501, 342.5001, 185.9, 106.35, 159.65, 165.4, 76.90002, 142.2, 61.34999, 79.90002, 29.35, 102.15]
Shot horz (deg): [106.25, 299.05, 116.65, 131.4, 149.35, 43.3, 22.4, 111.65, 84.1, 368.6999, 135.8, 152.75, 113.4, 89.95, 101.45, 84.59999, 286.35, 25.55, 329.95, 100.45, 201.95, 609.8499, 168.8, 421.5, 78.75002, 131.05, 161.1, 148.5, 260.2499, 40.2]
Step horz (deg): [23.55, 284.6999, 32.25, 4.3, 139.95, 6.550001, 163.9, 44.60001, 97.39998, 120.95, 95.30001, 40.5, 32.75, 27.2, 68.3, 204.15, 120.6, 15.5, 244.8, 283.3, 385.75, 113.3, 59.9, 84.75002, 9.200002, 17.75, 109.65, 59.24999, 75.55001, 227.85]
White vert (deg): [43.99999, 9.000001, 83.2, 17.9, 209.7, 83.84998, 20.45, 66.14999, 12.6, 101.1, 74.99999, 330.1999, 88.50001, 85.95, 166.6, 78.24999, 59.55, 117.95, 387.85, 150.25, 243.7999, 27.05, 30.85001, 77.1, 46.59999, 105.2, 148.15, 38.8, 8.950001, 80.2]
Shot vert (deg): [51.29999, 230.4999, 25.2, 43.25001, 174.15, 71.8, 87.40003, 133.75, 140.2, 312.6, 150.5, 93.35, 30.5, 50.29998, 48.44999, 81.85, 185.1001, 72.25002, 271.9499, 120.25, 127.75, 389.1, 42.5, 307.3, 108.35, 164.1501, 227.4001, 121.55, 236.9499, 101.05]
Step vert (deg): [149.35, 257.35, 33.8, 5.55, 96.30003, 2.8, 68.64999, 179.5, 108.2, 46, 82.55, 26.5, 25.3, 17.7, 104.3, 219.4, 51.49999, 3.55, 191.8001, 196.1, 254.55, 71.75, 146.05, 83.6, 21.65, 4.55, 90.9, 108.8, 50.75, 207.1]

Time in sec: camera forward versor
Time in sec: target versor: sound type (0 = White, 1 = Shot, 2 = Step)
START
568.22: (0.96, 0.22, -0.17): 2
568.22: (-0.70, -0.49, 0.52)
568.34: (-0.70, -0.49, 0.52)
568.44: (-0.70, -0.49, 0.52)
568.56: (-0.69, -0.50, 0.52)
568.67: (-0.59, -0.52, 0.62)
568.79: (-0.45, -0.50, 0.74)
568.91: (-0.26, -0.44, 0.86)
569.02: (0.00, -0.38, 0.93)
569.14: (0.28, -0.29, 0.92)
569.26: (0.57, -0.13, 0.81)
569.37: (0.81, 0.02, 0.58)
569.49: (0.95, 0.10, 0.29)
569.59: (0.99, 0.15, 0.01)
569.71: (0.98, 0.18, -0.12)
569.82: (0.98, 0.19, -0.10)
569.94: (0.97, 0.20, -0.09)
569.96: (0.97, 0.20, -0.09)
569.96: (0.24, -0.43, -0.87): 0
570.04: (0.97, 0.20, -0.09)
570.16: (0.97, 0.20, -0.09)
570.27: (0.98, 0.19, -0.09)
570.39: (0.98, 0.02, -0.22)
570.51: (0.86, -0.30, -0.42)
570.62: (0.85, -0.36, -0.39)
570.72: (0.85, -0.36, -0.39)
570.84: (0.85, -0.36, -0.39)
570.96: (0.83, -0.37, -0.42)
571.07: (0.66, -0.40, -0.64)
571.19: (0.51, -0.40, -0.76)
571.29: (0.50, -0.41, -0.77)
571.41: (0.38, -0.41, -0.83)
571.52: (0.30, -0.41, -0.86)
571.59: (0.29, -0.41, -0.86)
571.59: (-0.63, -0.09, -0.77): 1
571.62: (0.29, -0.41, -0.86)
571.74: (0.29, -0.41, -0.86)
571.86: (0.30, -0.41, -0.86)
571.97: (0.29, -0.43, -0.85)
572.09: (0.08, -0.40, -0.91)
572.19: (-0.33, -0.47, -0.82)
572.31: (-0.67, -0.56, -0.48)
572.42: (-0.77, -0.59, -0.24)
572.54: (-0.77, -0.49, -0.41)
572.66: (-0.79, -0.30, -0.53)
572.77: (-0.79, -0.22, -0.57)
572.89: (-0.71, -0.17, -0.69)
573.01: (-0.66, -0.15, -0.74)
573.02: (-0.66, -0.15, -0.74)
573.02: (0.97, 0.21, 0.13): 1
573.11: (-0.66, -0.15, -0.74)
573.22: (-0.62, -0.20, -0.76)
573.32: (-0.62, -0.21, -0.76)
573.44: (-0.62, -0.21, -0.76)
573.54: (-0.62, -0.21, -0.76)
573.66: (-0.61, -0.20, -0.77)
573.77: (-0.69, 0.00, -0.72)
573.87: (-0.83, 0.33, -0.46)
573.99: (-0.88, 0.48, -0.09)
574.11: (-0.86, 0.45, 0.24)
574.22: (-0.74, 0.32, 0.59)
574.34: (-0.50, 0.07, 0.86)
574.46: (-0.23, -0.21, 0.95)
574.57: (-0.03, -0.46, 0.89)
574.69: (0.10, -0.67, 0.74)
574.81: (0.23, -0.83, 0.51)
574.91: (0.25, -0.93, 0.25)
575.02: (0.18, -0.98, -0.04)
575.14: (0.19, -0.91, -0.36)
575.26: (0.37, -0.74, -0.56)
575.37: (0.49, -0.56, -0.67)
575.49: (0.73, -0.44, -0.53)
575.61: (0.91, -0.40, -0.10)
575.72: (0.90, -0.35, 0.27)
575.84: (0.83, -0.21, 0.52)
575.96: (0.87, 0.03, 0.48)
576.07: (0.95, 0.15, 0.29)
576.19: (0.97, 0.12, 0.20)
576.31: (0.98, 0.13, 0.15)
576.41: (0.98, 0.17, 0.13)
576.41: (1.00, 0.03, 0.08): 0
576.42: (0.98, 0.17, 0.13)
576.52: (0.98, 0.17, 0.13)
576.62: (0.98, 0.17, 0.12)
576.74: (0.98, 0.04, 0.22)
576.86: (0.99, 0.00, 0.15)
576.97: (1.00, 0.04, 0.07)
577.09: (1.00, 0.03, 0.05)
577.09: (-0.48, -0.74, 0.46): 1
577.09: (1.00, 0.03, 0.05)
577.21: (1.00, 0.03, 0.05)
577.32: (1.00, -0.03, 0.03)
577.42: (1.00, -0.03, 0.03)
577.54: (1.00, -0.03, 0.03)
577.66: (1.00, -0.03, 0.03)
577.77: (0.98, -0.15, 0.12)
577.87: (0.85, -0.37, 0.38)
577.99: (0.52, -0.68, 0.52)
578.11: (0.17, -0.83, 0.53)
578.22: (-0.13, -0.84, 0.52)
578.34: (-0.27, -0.81, 0.51)
578.46: (-0.32, -0.80, 0.51)
578.57: (-0.45, -0.78, 0.43)
578.62: (-0.45, -0.78, 0.44)
578.62: (0.81, -0.48, -0.34): 1
578.69: (-0.45, -0.78, 0.44)
578.81: (-0.45, -0.78, 0.44)
578.92: (-0.46, -0.78, 0.42)
579.04: (-0.48, -0.80, 0.36)
579.16: (-0.37, -0.87, 0.32)
579.26: (-0.09, -0.93, 0.36)
579.37: (0.36, -0.86, 0.36)
579.47: (0.67, -0.69, 0.28)
579.59: (0.89, -0.43, 0.13)
579.71: (0.97, -0.25, 0.01)
579.82: (0.98, -0.19, -0.09)
579.92: (0.90, -0.37, -0.23)
580.04: (0.81, -0.51, -0.27)
580.15: (0.80, -0.52, -0.30)
580.22: (0.80, -0.52, -0.30)
580.22: (-0.33, -0.46, 0.83): 2
580.27: (0.80, -0.51, -0.30)
580.39: (0.80, -0.51, -0.30)
580.49: (0.82, -0.50, -0.28)
580.60: (0.93, -0.37, -0.03)
580.72: (0.97, 0.04, 0.25)
580.84: (0.84, 0.45, 0.30)
580.95: (0.63, 0.72, 0.28)
581.07: (0.34, 0.90, 0.27)
581.19: (0.06, 0.95, 0.29)
581.30: (-0.02, 0.81, 0.59)
581.40: (0.13, 0.49, 0.86)
581.50: (0.36, 0.08, 0.93)
581.62: (0.60, -0.28, 0.75)
581.74: (0.75, -0.49, 0.45)
581.85: (0.74, -0.64, 0.19)
581.95: (0.71, -0.71, 0.04)
582.07: (0.69, -0.71, -0.15)
582.19: (0.62, -0.68, -0.39)
582.30: (0.46, -0.75, -0.47)
582.40: (0.29, -0.87, -0.40)
582.52: (0.06, -0.97, -0.23)
582.64: (-0.19, -0.98, 0.03)
582.75: (-0.40, -0.87, 0.31)
582.85: (-0.52, -0.70, 0.49)
582.97: (-0.57, -0.50, 0.65)
583.09: (-0.47, -0.48, 0.75)
583.20: (-0.37, -0.52, 0.77)
583.27: (-0.37, -0.52, 0.77)
583.27: (-0.73, 0.34, 0.59): 1
583.32: (-0.37, -0.52, 0.77)
583.44: (-0.36, -0.52, 0.78)
583.55: (-0.32, -0.58, 0.75)
583.67: (-0.32, -0.58, 0.75)
583.79: (-0.32, -0.58, 0.75)
583.89: (-0.32, -0.57, 0.75)
584.00: (-0.42, -0.53, 0.74)
584.12: (-0.71, -0.40, 0.58)
584.24: (-0.86, -0.33, 0.38)
584.35: (-0.96, -0.26, 0.10)
584.45: (-0.98, -0.18, -0.07)
584.57: (-0.94, -0.22, -0.24)
584.69: (-0.78, -0.31, -0.53)
584.80: (-0.63, -0.31, -0.71)
584.92: (-0.62, -0.33, -0.71)
585.02: (-0.62, -0.33, -0.71)
585.14: (-0.62, -0.33, -0.71)
585.25: (-0.62, -0.33, -0.71)
585.35: (-0.71, -0.16, -0.69)
585.47: (-0.84, 0.20, -0.51)
585.59: (-0.83, 0.52, -0.19)
585.70: (-0.70, 0.70, 0.10)
585.82: (-0.56, 0.74, 0.37)
585.94: (-0.53, 0.49, 0.70)
586.05: (-0.68, 0.39, 0.62)
586.17: (-0.76, 0.37, 0.53)
586.29: (-0.77, 0.37, 0.53)
586.29: (-0.68, 0.39, -0.62): 0
586.29: (-0.77, 0.37, 0.53)
586.40: (-0.77, 0.36, 0.53)
586.50: (-0.77, 0.36, 0.52)
586.62: (-0.78, 0.30, 0.55)
586.74: (-0.78, 0.14, 0.61)
586.85: (-0.85, 0.24, 0.47)
586.97: (-0.91, 0.38, 0.17)
587.07: (-0.88, 0.45, -0.17)
587.19: (-0.77, 0.35, -0.54)
587.30: (-0.62, 0.25, -0.74)
587.40: (-0.64, 0.30, -0.71)
587.52: (-0.66, 0.36, -0.66)
587.60: (-0.66, 0.37, -0.65)
587.60: (-0.96, 0.28, 0.01): 2
587.64: (-0.66, 0.37, -0.65)
587.75: (-0.66, 0.36, -0.66)
587.85: (-0.70, 0.27, -0.66)
587.97: (-0.88, 0.22, -0.43)
588.09: (-0.94, 0.28, -0.19)
588.20: (-0.93, 0.33, -0.14)
588.30: (-0.95, 0.27, -0.12)
588.42: (-0.97, 0.24, -0.07)
588.44: (-0.97, 0.24, -0.07)
588.44: (-0.95, 0.21, -0.25): 0
588.54: (-0.97, 0.24, -0.07)
588.65: (-0.97, 0.21, -0.07)
588.77: (-1.00, 0.09, -0.02)
588.89: (-0.97, 0.09, -0.22)
588.99: (-0.95, 0.13, -0.28)
589.10: (-0.95, 0.16, -0.25)
589.14: (-0.95, 0.16, -0.25)
589.14: (-0.97, 0.18, -0.14): 2
589.22: (-0.95, 0.16, -0.25)
589.34: (-0.95, 0.16, -0.27)
589.45: (-0.96, 0.13, -0.25)
589.57: (-0.97, 0.14, -0.21)
589.64: (-0.97, 0.14, -0.19)
589.64: (0.77, 0.62, 0.18): 2
589.69: (-0.97, 0.14, -0.19)
589.79: (-0.97, 0.14, -0.20)
589.90: (-0.97, 0.13, -0.22)
590.02: (-0.93, 0.15, -0.34)
590.14: (-0.82, 0.15, -0.56)
590.25: (-0.71, 0.06, -0.70)
590.37: (-0.56, -0.13, -0.82)
590.49: (-0.30, -0.09, -0.95)
590.60: (-0.01, 0.09, -1.00)
590.72: (0.31, 0.27, -0.91)
590.84: (0.58, 0.44, -0.68)
590.95: (0.71, 0.56, -0.42)
591.05: (0.74, 0.62, -0.25)
591.17: (0.74, 0.66, -0.12)
591.29: (0.77, 0.64, 0.00)
591.40: (0.77, 0.62, 0.15)
591.50: (0.77, 0.62, 0.15)
591.50: (0.79, 0.62, -0.02): 2
591.52: (0.77, 0.62, 0.15)
591.64: (0.77, 0.62, 0.15)
591.75: (0.77, 0.62, 0.15)
591.87: (0.77, 0.63, 0.09)
591.99: (0.77, 0.63, 0.04)
592.07: (0.77, 0.64, 0.03)
592.07: (-0.29, 0.72, -0.63): 1
592.09: (0.77, 0.64, 0.03)
592.20: (0.77, 0.64, 0.02)
592.32: (0.77, 0.64, 0.02)
592.44: (0.69, 0.72, -0.02)
592.55: (0.48, 0.86, -0.17)
592.65: (0.32, 0.88, -0.36)
592.77: (0.10, 0.83, -0.55)
592.89: (-0.14, 0.72, -0.68)
593.00: (-0.18, 0.68, -0.71)
593.12: (-0.17, 0.74, -0.65)
593.22: (-0.22, 0.75, -0.62)
593.29: (-0.26, 0.74, -0.62)
593.29: (-1.00, 0.05, 0.07): 1
593.34: (-0.27, 0.73, -0.63)
593.45: (-0.27, 0.73, -0.63)
593.57: (-0.27, 0.73, -0.63)
593.69: (-0.27, 0.73, -0.63)
593.80: (-0.45, 0.66, -0.61)
593.90: (-0.64, 0.55, -0.54)
594.02: (-0.82, 0.39, -0.43)
594.12: (-0.92, 0.23, -0.32)
594.24: (-0.99, -0.08, -0.13)
594.34: (-0.99, -0.15, -0.02)
594.45: (-1.00, 0.00, 0.03)
594.57: (-1.00, 0.03, 0.02)
594.60: (-1.00, 0.03, 0.02)
594.60: (-0.47, 0.05, 0.88): 2
594.69: (-1.00, 0.02, 0.01)
594.80: (-1.00, 0.02, 0.01)
594.90: (-1.00, -0.07, 0.00)
595.02: (-0.94, -0.30, -0.15)
595.14: (-0.87, -0.40, -0.30)
595.24: (-0.87, -0.40, -0.30)
595.35: (-0.87, -0.40, -0.30)
595.47: (-0.87, -0.40, -0.30)
595.59: (-0.88, -0.46, -0.12)
595.70: (-0.96, -0.24, 0.14)
595.82: (-0.91, 0.17, 0.38)
595.94: (-0.65, 0.51, 0.56)
596.05: (-0.40, 0.70, 0.59)
596.17: (-0.54, 0.59, 0.60)
596.27: (-0.61, 0.34, 0.72)
596.37: (-0.47, 0.22, 0.85)
596.49: (-0.38, 0.20, 0.90)
596.60: (-0.43, 0.16, 0.89)
596.72: (-0.46, 0.13, 0.88)
596.75: (-0.46, 0.13, 0.88)
596.75: (0.87, -0.47, 0.13): 1
596.83: (-0.46, 0.13, 0.88)
596.95: (-0.54, 0.15, 0.83)
597.05: (-0.54, 0.15, 0.83)
597.17: (-0.54, 0.15, 0.83)
597.28: (-0.54, 0.15, 0.83)
597.40: (-0.37, 0.09, 0.92)
597.50: (0.00, 0.10, 0.99)
597.62: (0.35, 0.14, 0.92)
597.72: (0.53, 0.03, 0.85)
597.83: (0.71, -0.11, 0.70)
597.95: (0.90, 0.01, 0.44)
598.07: (0.92, 0.18, 0.34)
598.17: (0.90, 0.23, 0.38)
598.28: (0.88, 0.21, 0.44)
598.40: (0.88, 0.21, 0.44)
598.50: (0.85, 0.23, 0.47)
598.62: (0.79, 0.29, 0.55)
598.73: (0.89, -0.04, 0.46)
598.85: (0.91, -0.28, 0.32)
598.95: (0.89, -0.38, 0.25)
599.07: (0.86, -0.48, 0.19)
599.10: (0.85, -0.49, 0.18)
599.10: (0.09, 0.70, 0.70): 0
599.18: (0.85, -0.50, 0.18)
599.30: (0.86, -0.47, 0.19)
599.42: (0.72, -0.57, 0.39)
599.52: (0.40, -0.76, 0.51)
599.63: (0.23, -0.91, 0.35)
599.75: (0.21, -0.98, -0.02)
599.87: (0.13, -0.92, -0.36)
599.98: (-0.19, -0.76, -0.62)
600.10: (-0.50, -0.53, -0.69)
600.20: (-0.71, -0.29, -0.64)
600.32: (-0.91, -0.04, -0.42)
600.43: (-0.98, 0.19, -0.07)
600.53: (-0.93, 0.33, 0.17)
600.65: (-0.74, 0.48, 0.47)
600.77: (-0.42, 0.55, 0.72)
600.88: (-0.07, 0.52, 0.85)
601.00: (0.10, 0.51, 0.86)
601.10: (0.05, 0.60, 0.80)
601.22: (0.09, 0.67, 0.74)
601.30: (0.11, 0.69, 0.71)
601.30: (0.07, -0.94, 0.32): 0
601.33: (0.11, 0.69, 0.71)
601.45: (0.11, 0.69, 0.71)
601.57: (0.07, 0.64, 0.77)
601.68: (0.06, 0.37, 0.93)
601.80: (0.43, 0.04, 0.90)
601.90: (0.66, -0.24, 0.72)
602.02: (0.68, -0.51, 0.53)
602.13: (0.64, -0.73, 0.24)
602.23: (0.50, -0.87, -0.01)
602.35: (0.17, -0.98, -0.11)
602.45: (0.17, -0.98, -0.11)
602.57: (0.17, -0.98, -0.11)
602.67: (0.17, -0.98, -0.11)
602.78: (0.11, -0.93, 0.35)
602.90: (0.11, -0.69, 0.72)
603.02: (0.15, -0.75, 0.65)
603.13: (0.12, -0.82, 0.56)
603.25: (0.08, -0.87, 0.49)
603.37: (0.06, -0.92, 0.38)
603.45: (0.06, -0.94, 0.35)
603.45: (0.56, 0.76, 0.34): 1
603.48: (0.06, -0.94, 0.35)
603.60: (0.07, -0.94, 0.34)
603.72: (0.21, -0.95, 0.24)
603.82: (0.47, -0.88, 0.09)
603.93: (0.71, -0.70, -0.02)
604.05: (0.87, -0.49, 0.06)
604.15: (0.92, -0.26, 0.29)
604.27: (0.81, 0.10, 0.57)
604.38: (0.74, 0.44, 0.50)
604.50: (0.64, 0.72, 0.27)
604.62: (0.52, 0.85, 0.11)
604.73: (0.49, 0.86, 0.16)
604.85: (0.52, 0.81, 0.27)
604.97: (0.55, 0.79, 0.28)
604.98: (0.55, 0.78, 0.28)
604.98: (-0.89, -0.38, -0.25): 2
605.07: (0.56, 0.78, 0.28)
605.18: (0.56, 0.78, 0.27)
605.30: (0.50, 0.85, 0.13)
605.42: (0.36, 0.93, -0.08)
605.53: (0.12, 0.93, -0.35)
605.65: (-0.11, 0.80, -0.59)
605.77: (-0.30, 0.53, -0.79)
605.87: (-0.44, 0.21, -0.87)
605.98: (-0.55, -0.12, -0.82)
606.10: (-0.71, -0.29, -0.65)
606.22: (-0.78, -0.40, -0.47)
606.33: (-0.82, -0.51, -0.25)
606.45: (-0.86, -0.50, -0.14)
606.57: (-0.89, -0.41, -0.19)
606.67: (-0.89, -0.40, -0.22)
606.70: (-0.89, -0.41, -0.22)
606.70: (0.57, 0.24, -0.78): 1
606.78: (-0.89, -0.41, -0.22)
606.90: (-0.89, -0.41, -0.22)
607.02: (-0.88, -0.41, -0.23)
607.13: (-0.79, -0.51, -0.35)
607.25: (-0.44, -0.70, -0.57)
607.35: (-0.06, -0.74, -0.67)
607.47: (0.12, -0.78, -0.61)
607.58: (0.35, -0.81, -0.46)
607.70: (0.65, -0.71, -0.28)
607.82: (0.78, -0.61, -0.16)
607.92: (0.82, -0.57, -0.01)
608.03: (0.89, -0.40, 0.20)
608.15: (0.89, -0.12, 0.44)
608.27: (0.79, 0.16, 0.59)
608.37: (0.66, 0.45, 0.60)
608.48: (0.30, 0.84, 0.44)
608.60: (0.03, 0.95, 0.30)
608.70: (0.11, 0.98, 0.18)
608.82: (0.11, 0.98, 0.18)
608.93: (0.11, 0.98, 0.18)
609.03: (0.11, 0.98, 0.18)
609.15: (0.11, 0.98, 0.18)
609.27: (0.11, 0.98, 0.18)
609.38: (-0.01, 0.97, 0.23)
609.50: (-0.29, 0.87, 0.39)
609.62: (-0.56, 0.62, 0.55)
609.72: (-0.74, 0.34, 0.57)
609.83: (-0.85, -0.06, 0.53)
609.95: (-0.84, -0.42, 0.34)
610.05: (-0.78, -0.63, 0.06)
610.17: (-0.63, -0.74, -0.24)
610.28: (-0.45, -0.72, -0.53)
610.40: (-0.20, -0.53, -0.82)
610.50: (-0.02, -0.29, -0.96)
610.62: (0.15, -0.05, -0.99)
610.73: (0.32, 0.10, -0.94)
610.85: (0.44, 0.13, -0.89)
610.95: (0.52, 0.15, -0.84)
611.07: (0.55, 0.19, -0.81)
611.13: (0.56, 0.20, -0.80)
611.13: (-0.99, 0.12, 0.07): 2
611.18: (0.56, 0.20, -0.80)
611.30: (0.56, 0.20, -0.80)
611.42: (0.56, 0.22, -0.80)
611.53: (0.50, 0.41, -0.76)
611.65: (0.45, 0.61, -0.66)
611.77: (0.41, 0.66, -0.63)
611.88: (0.31, 0.81, -0.50)
612.00: (0.27, 0.86, -0.44)
612.12: (0.12, 0.90, -0.42)
612.23: (-0.19, 0.93, -0.30)
612.35: (-0.43, 0.86, -0.28)
612.45: (-0.59, 0.74, -0.31)
612.57: (-0.76, 0.62, -0.19)
612.67: (-0.86, 0.51, 0.00)
612.78: (-0.93, 0.36, 0.12)
612.90: (-0.97, 0.21, 0.10)
613.02: (-0.99, 0.11, 0.05)
613.12: (-1.00, 0.05, 0.05)
613.12: (1.00, -0.07, -0.01): 1
613.12: (-1.00, 0.05, 0.05)
613.23: (-1.00, 0.05, 0.05)
613.35: (-1.00, 0.04, 0.04)
613.46: (-1.00, 0.01, 0.02)
613.58: (-1.00, 0.00, -0.10)
613.68: (-0.95, 0.07, -0.31)
613.80: (-0.85, 0.28, -0.45)
613.92: (-0.66, 0.61, -0.44)
614.03: (-0.38, 0.78, -0.49)
614.15: (-0.09, 0.80, -0.59)
614.26: (0.20, 0.76, -0.62)
614.37: (0.47, 0.66, -0.59)
614.48: (0.73, 0.52, -0.44)
614.60: (0.90, 0.38, -0.22)
614.71: (0.98, 0.21, 0.00)
614.83: (0.99, 0.01, 0.15)
614.95: (0.99, -0.06, 0.08)
615.06: (1.00, -0.09, -0.02)
615.13: (1.00, -0.09, -0.03)
615.13: (-0.95, -0.26, 0.19): 1
615.18: (1.00, -0.09, -0.03)
615.28: (1.00, -0.09, -0.03)
615.40: (0.99, -0.10, -0.05)
615.51: (0.99, -0.11, -0.09)
615.63: (0.98, -0.13, -0.13)
615.73: (0.97, -0.16, -0.19)
615.85: (0.88, -0.30, -0.38)
615.96: (0.66, -0.49, -0.56)
616.08: (0.49, -0.57, -0.65)
616.20: (0.24, -0.67, -0.70)
616.31: (-0.08, -0.74, -0.67)
616.41: (-0.33, -0.73, -0.60)
616.51: (-0.51, -0.68, -0.52)
616.63: (-0.69, -0.59, -0.41)
616.75: (-0.80, -0.50, -0.33)
616.86: (-0.88, -0.41, -0.24)
616.98: (-0.91, -0.40, -0.13)
617.10: (-0.91, -0.41, 0.00)
617.21: (-0.92, -0.35, 0.15)
617.31: (-0.94, -0.26, 0.22)
617.40: (-0.94, -0.23, 0.24)
617.40: (-0.93, -0.08, -0.37): 0
617.43: (-0.94, -0.23, 0.24)
617.55: (-0.95, -0.22, 0.24)
617.65: (-0.95, -0.23, 0.23)
617.76: (-0.98, -0.19, -0.02)
617.86: (-0.98, -0.14, -0.16)
617.98: (-0.96, -0.14, -0.24)
618.10: (-0.94, -0.12, -0.32)
618.21: (-0.93, -0.08, -0.35)
618.21: (0.26, 0.57, -0.78): 0
618.21: (-0.93, -0.08, -0.35)
618.33: (-0.93, -0.08, -0.35)
618.45: (-0.93, -0.07, -0.36)
618.56: (-0.90, -0.02, -0.44)
618.68: (-0.75, 0.03, -0.67)
618.78: (-0.56, 0.02, -0.83)
618.90: (-0.21, -0.04, -0.98)
619.00: (0.15, -0.03, -0.99)
619.11: (0.49, 0.03, -0.87)
619.23: (0.68, 0.17, -0.71)
619.33: (0.64, 0.31, -0.71)
619.45: (0.43, 0.50, -0.75)
619.56: (0.29, 0.57, -0.77)
619.66: (0.28, 0.57, -0.77)
619.66: (0.95, 0.28, -0.14): 0
619.68: (0.28, 0.57, -0.77)
619.80: (0.28, 0.57, -0.77)
619.90: (0.28, 0.57, -0.77)
620.01: (0.39, 0.54, -0.75)
620.13: (0.59, 0.48, -0.65)
620.25: (0.76, 0.37, -0.53)
620.35: (0.89, 0.26, -0.37)
620.46: (0.91, 0.30, -0.28)
620.58: (0.93, 0.30, -0.22)
620.70: (0.94, 0.28, -0.20)
620.71: (0.94, 0.28, -0.20)
620.71: (-0.53, 0.06, -0.85): 1
620.80: (0.94, 0.28, -0.19)
620.91: (0.94, 0.29, -0.19)
621.03: (0.94, 0.29, -0.18)
621.15: (0.90, 0.35, -0.27)
621.26: (0.71, 0.54, -0.45)
621.36: (0.43, 0.66, -0.61)
621.48: (-0.05, 0.62, -0.78)
621.58: (-0.39, 0.43, -0.82)
621.70: (-0.56, 0.26, -0.79)
621.81: (-0.56, 0.22, -0.80)
621.93: (-0.55, 0.14, -0.82)
622.05: (-0.54, 0.09, -0.84)
622.05: (0.99, -0.10, -0.01): 2
622.05: (-0.54, 0.09, -0.84)
622.16: (-0.54, 0.09, -0.84)
622.28: (-0.54, 0.09, -0.84)
622.40: (-0.55, 0.11, -0.83)
622.51: (-0.55, 0.11, -0.83)
622.63: (-0.55, 0.11, -0.83)
622.75: (-0.53, 0.10, -0.84)
622.86: (-0.38, 0.12, -0.92)
622.96: (-0.14, 0.21, -0.97)
623.08: (0.19, 0.33, -0.92)
623.20: (0.48, 0.37, -0.80)
623.30: (0.72, 0.33, -0.61)
623.41: (0.85, 0.32, -0.41)
623.53: (0.93, 0.28, -0.24)
623.65: (0.98, 0.10, -0.16)
623.76: (1.00, -0.02, -0.03)
623.88: (1.00, -0.01, 0.04)
623.93: (1.00, -0.01, 0.04)
623.93: (-0.26, -0.86, 0.44): 2
624.00: (1.00, -0.01, 0.04)
624.11: (1.00, -0.01, 0.03)
624.23: (1.00, -0.02, 0.06)
624.35: (0.95, -0.08, 0.29)
624.45: (0.89, -0.12, 0.44)
624.56: (0.87, -0.22, 0.44)
624.68: (0.74, -0.37, 0.57)
624.80: (0.52, -0.43, 0.74)
624.91: (0.36, -0.52, 0.78)
625.03: (0.13, -0.63, 0.77)
625.15: (-0.14, -0.70, 0.70)
625.26: (-0.35, -0.75, 0.56)
625.36: (-0.28, -0.85, 0.45)
625.48: (-0.19, -0.88, 0.44)
625.58: (-0.19, -0.88, 0.44)
625.58: (0.66, -0.25, -0.71): 1
625.58: (-0.19, -0.88, 0.44)
625.68: (-0.19, -0.88, 0.44)
625.78: (-0.18, -0.88, 0.44)
625.90: (-0.18, -0.90, 0.39)
626.01: (-0.16, -0.95, 0.27)
626.13: (-0.03, -1.00, 0.09)
626.25: (0.20, -0.96, -0.20)
626.36: (0.40, -0.80, -0.44)
626.48: (0.59, -0.57, -0.57)
626.58: (0.70, -0.36, -0.62)
626.70: (0.65, -0.28, -0.71)
626.81: (0.62, -0.27, -0.74)
626.81: (-0.73, -0.66, 0.15): 1
626.81: (0.62, -0.27, -0.74)
626.93: (0.62, -0.27, -0.74)
627.05: (0.62, -0.27, -0.74)
627.16: (0.59, -0.26, -0.76)
627.28: (0.50, -0.27, -0.82)
627.40: (0.29, -0.33, -0.90)
627.50: (0.02, -0.42, -0.91)
627.61: (-0.25, -0.55, -0.79)
627.73: (-0.42, -0.71, -0.57)
627.85: (-0.53, -0.78, -0.32)
627.95: (-0.62, -0.77, -0.15)
628.06: (-0.68, -0.73, -0.07)
628.18: (-0.71, -0.70, 0.07)
628.26: (-0.71, -0.70, 0.09)
628.26: (0.88, -0.21, 0.42): 0
628.30: (-0.70, -0.71, 0.09)
628.41: (-0.70, -0.71, 0.09)
628.51: (-0.69, -0.72, 0.11)
628.63: (-0.65, -0.75, 0.15)
628.75: (-0.57, -0.80, 0.19)
628.86: (-0.57, -0.80, 0.19)
628.98: (-0.57, -0.80, 0.19)
629.08: (-0.56, -0.81, 0.19)
629.18: (-0.45, -0.84, 0.31)
629.30: (-0.36, -0.77, 0.53)
629.41: (-0.19, -0.69, 0.70)
629.53: (0.03, -0.70, 0.71)
629.65: (0.27, -0.60, 0.75)
629.75: (0.47, -0.57, 0.67)
629.86: (0.62, -0.55, 0.55)
629.98: (0.73, -0.53, 0.43)
630.09: (0.83, -0.42, 0.37)
630.21: (0.89, -0.28, 0.36)
630.33: (0.90, -0.24, 0.36)
630.43: (0.91, -0.19, 0.36)
630.43: (-0.90, -0.24, 0.37): 0
630.44: (0.92, -0.19, 0.35)
630.56: (0.93, -0.17, 0.33)
630.68: (0.94, -0.15, 0.32)
630.78: (0.94, -0.15, 0.32)
630.89: (0.94, -0.21, 0.27)
631.01: (0.91, -0.40, 0.11)
631.13: (0.70, -0.71, 0.00)
631.23: (0.48, -0.87, -0.09)
631.33: (0.20, -0.96, -0.21)
631.44: (-0.14, -0.94, -0.30)
631.56: (-0.38, -0.88, -0.29)
631.68: (-0.55, -0.80, -0.24)
631.78: (-0.71, -0.70, -0.11)
631.89: (-0.83, -0.55, -0.04)
632.01: (-0.91, -0.41, -0.01)
632.11: (-0.92, -0.37, 0.09)
632.21: (-0.90, -0.35, 0.24)
632.33: (-0.90, -0.31, 0.29)
632.41: (-0.90, -0.30, 0.31)
632.41: (-0.54, -0.83, 0.15): 2
632.44: (-0.90, -0.30, 0.31)
632.56: (-0.91, -0.29, 0.30)
632.68: (-0.89, -0.30, 0.35)
632.79: (-0.72, -0.53, 0.45)
632.91: (-0.69, -0.62, 0.37)
633.01: (-0.70, -0.67, 0.27)
633.13: (-0.68, -0.71, 0.17)
633.24: (-0.63, -0.76, 0.16)
633.36: (-0.52, -0.84, 0.13)
633.48: (-0.50, -0.86, 0.13)
633.53: (-0.50, -0.86, 0.13)
633.53: (-0.85, -0.23, 0.48): 2
633.59: (-0.50, -0.86, 0.13)
633.71: (-0.50, -0.86, 0.13)
633.83: (-0.60, -0.77, 0.21)
633.94: (-0.75, -0.55, 0.37)
634.06: (-0.78, -0.46, 0.43)
634.18: (-0.78, -0.44, 0.45)
634.29: (-0.79, -0.37, 0.48)
634.39: (-0.81, -0.33, 0.48)
634.51: (-0.81, -0.33, 0.48)
634.63: (-0.81, -0.33, 0.48)
634.63: (0.07, -0.29, 0.95): 1
634.63: (-0.81, -0.33, 0.48)
634.73: (-0.81, -0.33, 0.48)
634.84: (-0.80, -0.38, 0.46)
634.96: (-0.76, -0.50, 0.41)
635.08: (-0.76, -0.50, 0.41)
635.19: (-0.76, -0.50, 0.41)
635.29: (-0.73, -0.51, 0.45)
635.41: (-0.57, -0.57, 0.60)
635.53: (-0.21, -0.59, 0.78)
635.64: (0.28, -0.49, 0.83)
635.76: (0.53, -0.29, 0.80)
635.88: (0.33, -0.23, 0.92)
635.99: (0.25, -0.25, 0.93)
636.11: (0.22, -0.30, 0.93)
636.23: (0.20, -0.30, 0.93)
636.26: (0.20, -0.30, 0.93)
636.26: (-0.85, -0.26, 0.46): 0
636.34: (0.20, -0.30, 0.93)
636.46: (0.20, -0.31, 0.93)
636.58: (0.21, -0.33, 0.92)
636.69: (0.11, -0.35, 0.93)
636.79: (-0.03, -0.21, 0.98)
636.91: (-0.17, 0.06, 0.98)
637.01: (-0.27, 0.25, 0.93)
637.13: (-0.32, 0.36, 0.88)
637.24: (-0.39, 0.50, 0.78)
637.36: (-0.47, 0.65, 0.60)
637.48: (-0.45, 0.74, 0.50)
637.59: (-0.29, 0.85, 0.45)
637.71: (-0.14, 0.93, 0.34)
637.83: (-0.07, 0.96, 0.27)
637.94: (0.10, 0.98, 0.16)
638.04: (0.27, 0.96, 0.02)
638.16: (0.47, 0.88, -0.11)
638.28: (0.63, 0.76, -0.17)
638.39: (0.78, 0.59, -0.22)
638.51: (0.88, 0.38, -0.29)
638.63: (0.91, 0.12, -0.39)
638.73: (0.89, -0.16, -0.42)
638.84: (0.79, -0.49, -0.38)
638.96: (0.60, -0.73, -0.33)
639.08: (0.41, -0.88, -0.24)
639.19: (0.21, -0.98, -0.05)
639.31: (-0.03, -0.99, 0.16)
639.43: (-0.27, -0.89, 0.37)
639.54: (-0.49, -0.68, 0.55)
639.66: (-0.61, -0.44, 0.66)
639.78: (-0.59, -0.37, 0.72)
639.89: (-0.53, -0.41, 0.74)
640.01: (-0.53, -0.41, 0.74)
640.13: (-0.53, -0.41, 0.74)
640.24: (-0.53, -0.41, 0.74)
640.36: (-0.54, -0.43, 0.73)
640.46: (-0.67, -0.38, 0.64)
640.58: (-0.76, -0.32, 0.57)
640.69: (-0.78, -0.31, 0.54)
640.74: (-0.79, -0.31, 0.54)
640.74: (-0.97, 0.24, 0.08): 0
640.81: (-0.79, -0.31, 0.53)
640.93: (-0.79, -0.32, 0.53)
641.03: (-0.77, -0.25, 0.59)
641.14: (-0.65, 0.11, 0.75)
641.26: (-0.45, 0.38, 0.81)
641.38: (-0.22, 0.63, 0.74)
641.49: (0.16, 0.83, 0.53)
641.61: (0.50, 0.83, 0.25)
641.73: (0.52, 0.85, 0.09)
641.84: (0.11, 0.98, 0.18)
641.94: (-0.20, 0.94, 0.28)
642.04: (-0.44, 0.83, 0.34)
642.16: (-0.67, 0.66, 0.33)
642.26: (-0.83, 0.49, 0.28)
642.36: (-0.90, 0.39, 0.19)
642.48: (-0.95, 0.32, 0.05)
642.59: (-0.96, 0.29, 0.02)
642.61: (-0.96, 0.29, 0.02)
642.61: (-0.99, -0.12, 0.00): 2
642.69: (-0.96, 0.29, 0.02)
642.81: (-0.96, 0.29, 0.01)
642.93: (-0.96, 0.26, -0.07)
643.04: (-0.99, -0.03, -0.10)
643.16: (-0.99, -0.14, -0.09)
643.28: (-0.99, -0.10, -0.03)
643.38: (-1.00, -0.09, -0.02)
643.41: (-1.00, -0.09, -0.02)
643.41: (0.17, -0.88, -0.45): 1
643.49: (-1.00, -0.09, -0.02)
643.61: (-1.00, -0.09, -0.02)
643.73: (-1.00, -0.05, -0.05)
643.83: (-0.98, -0.07, -0.18)
643.94: (-0.90, -0.33, -0.29)
644.06: (-0.69, -0.66, -0.28)
644.18: (-0.59, -0.78, -0.20)
644.29: (-0.50, -0.86, 0.01)
644.41: (-0.37, -0.92, 0.17)
644.53: (-0.32, -0.89, 0.31)
644.64: (-0.32, -0.89, 0.31)
644.76: (-0.32, -0.89, 0.31)
644.86: (-0.32, -0.89, 0.31)
644.98: (-0.32, -0.89, 0.31)
645.09: (-0.32, -0.89, 0.31)
645.21: (-0.22, -0.93, 0.30)
645.33: (0.00, -0.95, 0.32)
645.43: (0.32, -0.88, 0.35)
645.54: (0.59, -0.71, 0.38)
645.66: (0.75, -0.50, 0.44)
645.78: (0.88, -0.24, 0.40)
645.89: (0.97, 0.02, 0.26)
645.99: (0.92, 0.38, 0.12)
646.11: (0.82, 0.57, 0.07)
646.23: (0.86, 0.51, -0.03)
646.34: (0.92, 0.22, -0.32)
646.46: (0.87, 0.01, -0.48)
646.58: (0.76, -0.25, -0.59)
646.69: (0.55, -0.54, -0.64)
646.81: (0.32, -0.74, -0.59)
646.92: (0.12, -0.79, -0.60)
647.03: (0.13, -0.81, -0.57)
647.14: (0.22, -0.86, -0.46)
647.26: (0.23, -0.87, -0.44)
647.27: (0.23, -0.87, -0.44)
647.27: (0.85, 0.52, 0.07): 0
647.36: (0.23, -0.87, -0.44)
647.47: (0.23, -0.87, -0.44)
647.58: (0.27, -0.85, -0.46)
647.69: (0.36, -0.73, -0.58)
647.79: (0.43, -0.46, -0.78)
647.91: (0.36, 0.08, -0.93)
648.02: (0.18, 0.55, -0.81)
648.12: (0.09, 0.78, -0.62)
648.24: (0.05, 0.92, -0.39)
648.36: (0.00, 0.99, -0.17)
648.47: (-0.05, 1.00, 0.07)
648.59: (0.04, 0.96, 0.27)
648.71: (0.26, 0.84, 0.48)
648.81: (0.50, 0.72, 0.47)
648.92: (0.69, 0.70, 0.17)
649.04: (0.70, 0.72, -0.06)
649.16: (0.76, 0.65, 0.03)
649.27: (0.80, 0.59, 0.10)
649.34: (0.81, 0.58, 0.10)
649.34: (-0.59, 0.62, 0.52): 2
649.39: (0.81, 0.58, 0.09)
649.51: (0.80, 0.59, 0.10)
649.62: (0.76, 0.64, 0.11)
649.72: (0.58, 0.78, 0.25)
649.84: (0.27, 0.80, 0.53)
649.96: (-0.01, 0.78, 0.62)
650.07: (-0.35, 0.75, 0.57)
650.19: (-0.67, 0.59, 0.45)
650.31: (-0.82, 0.48, 0.32)
650.41: (-0.77, 0.51, 0.38)
650.52: (-0.68, 0.55, 0.48)
650.62: (-0.67, 0.56, 0.49)
650.62: (-1.00, -0.04, 0.03): 1
650.64: (-0.67, 0.56, 0.49)
650.74: (-0.67, 0.56, 0.49)
650.86: (-0.68, 0.55, 0.48)
650.97: (-0.86, 0.39, 0.34)
651.09: (-0.96, 0.24, 0.12)
651.21: (-0.98, 0.06, -0.19)
651.32: (-0.97, -0.06, -0.24)
651.42: (-0.99, -0.08, -0.08)
651.54: (-1.00, -0.09, 0.02)
651.62: (-1.00, -0.09, 0.02)
651.62: (0.96, 0.10, -0.26): 0
651.66: (-1.00, -0.09, 0.02)
651.77: (-1.00, -0.09, 0.02)
651.87: (-0.99, -0.14, -0.06)
651.99: (-0.91, -0.28, -0.31)
652.11: (-0.75, -0.34, -0.56)
652.21: (-0.56, -0.31, -0.77)
652.32: (-0.31, -0.19, -0.93)
652.44: (-0.04, 0.01, -1.00)
652.56: (0.07, 0.19, -0.98)
652.66: (0.04, 0.27, -0.96)
652.77: (0.04, 0.27, -0.96)
652.89: (0.04, 0.27, -0.96)
653.01: (0.04, 0.27, -0.96)
653.11: (0.04, 0.27, -0.96)
653.21: (0.05, 0.26, -0.96)
653.32: (0.39, 0.26, -0.88)
653.44: (0.61, 0.29, -0.74)
653.56: (0.74, 0.27, -0.61)
653.67: (0.89, 0.27, -0.37)
653.79: (0.95, 0.25, -0.18)
653.91: (0.95, 0.17, -0.26)
654.02: (0.95, 0.14, -0.27)
654.07: (0.95, 0.14, -0.27)
654.07: (-0.64, 0.59, 0.49): 0
654.12: (0.95, 0.14, -0.27)
654.24: (0.95, 0.14, -0.27)
654.36: (0.95, 0.15, -0.26)
654.47: (0.97, 0.22, -0.10)
654.59: (0.91, 0.33, 0.25)
654.71: (0.72, 0.42, 0.55)
654.82: (0.43, 0.50, 0.75)
654.94: (0.13, 0.49, 0.86)
655.06: (-0.16, 0.47, 0.87)
655.16: (-0.35, 0.44, 0.83)
655.27: (-0.51, 0.45, 0.73)
655.37: (-0.57, 0.56, 0.60)
655.49: (-0.58, 0.59, 0.56)
655.56: (-0.58, 0.59, 0.56)
655.56: (-0.02, -0.98, 0.19): 2
655.61: (-0.58, 0.59, 0.56)
655.72: (-0.59, 0.60, 0.54)
655.82: (-0.63, 0.61, 0.48)
655.94: (-0.75, 0.59, 0.30)
656.06: (-0.84, 0.54, 0.05)
656.17: (-0.83, 0.55, -0.11)
656.29: (-0.77, 0.43, -0.47)
656.39: (-0.67, 0.19, -0.72)
656.51: (-0.55, 0.09, -0.83)
656.62: (-0.36, 0.10, -0.93)
656.74: (-0.11, 0.05, -0.99)
656.86: (0.11, -0.04, -0.99)
656.96: (0.13, -0.15, -0.98)
657.07: (-0.32, -0.32, -0.89)
657.17: (-0.64, -0.41, -0.65)
657.29: (-0.77, -0.53, -0.35)
657.41: (-0.77, -0.63, -0.08)
657.52: (-0.70, -0.66, 0.27)
657.64: (-0.53, -0.58, 0.62)
657.74: (-0.16, -0.65, 0.75)
657.84: (0.11, -0.79, 0.60)
657.96: (0.03, -0.92, 0.39)
658.07: (-0.10, -0.95, 0.29)
658.17: (-0.11, -0.96, 0.26)
658.22: (-0.11, -0.96, 0.26)
658.22: (0.14, 0.92, 0.35): 0
658.29: (-0.11, -0.96, 0.26)
658.41: (-0.11, -0.96, 0.26)
658.52: (-0.30, -0.84, 0.45)
658.64: (-0.60, -0.47, 0.65)
658.76: (-0.76, 0.06, 0.65)
658.87: (-0.66, 0.59, 0.47)
658.99: (-0.39, 0.89, 0.23)
659.11: (-0.03, 0.96, -0.29)
659.22: (0.24, 0.82, -0.51)
659.34: (0.17, 0.98, -0.13)
659.46: (0.22, 0.97, 0.02)
659.56: (0.26, 0.96, 0.07)
659.67: (0.24, 0.95, 0.19)
659.79: (0.20, 0.95, 0.25)
659.86: (0.20, 0.95, 0.25)
659.86: (0.34, 0.64, -0.69): 1
659.91: (0.19, 0.95, 0.25)
660.02: (0.18, 0.94, 0.28)
660.14: (0.18, 0.95, 0.26)
660.24: (0.30, 0.92, 0.26)
660.36: (0.56, 0.78, 0.27)
660.46: (0.78, 0.61, 0.14)
660.57: (0.95, 0.31, -0.09)
660.67: (0.99, 0.02, -0.13)
660.79: (0.95, -0.32, 0.03)
660.91: (0.75, -0.65, -0.05)
661.01: (0.53, -0.83, -0.13)
661.12: (0.18, -0.98, -0.13)
661.24: (-0.28, -0.94, -0.17)
661.34: (-0.67, -0.72, -0.19)
661.46: (-0.93, -0.34, -0.15)
661.57: (-1.00, -0.02, -0.10)
661.69: (-0.94, 0.32, -0.15)
661.81: (-0.87, 0.46, -0.19)
661.92: (-0.87, 0.45, -0.21)
662.04: (-0.90, 0.41, -0.13)
662.16: (-0.89, 0.45, 0.06)
662.26: (-0.72, 0.69, 0.11)
662.37: (-0.48, 0.87, -0.08)
662.47: (-0.30, 0.85, -0.43)
662.59: (-0.14, 0.66, -0.74)
662.69: (-0.04, 0.49, -0.87)
662.81: (0.04, 0.48, -0.88)
662.91: (0.14, 0.63, -0.77)
663.01: (0.23, 0.63, -0.74)
663.12: (0.30, 0.59, -0.74)
663.17: (0.30, 0.59, -0.74)
663.17: (-0.28, 0.15, 0.95): 1
663.24: (0.30, 0.59, -0.74)
663.36: (0.30, 0.60, -0.74)
663.46: (0.29, 0.63, -0.72)
663.57: (0.26, 0.76, -0.59)
663.69: (0.11, 0.90, -0.42)
663.81: (-0.03, 0.97, -0.24)
663.92: (-0.14, 0.99, 0.02)
664.04: (-0.30, 0.92, 0.27)
664.14: (-0.46, 0.76, 0.46)
664.24: (-0.47, 0.64, 0.61)
664.36: (-0.47, 0.45, 0.77)
664.46: (-0.50, 0.21, 0.84)
664.57: (-0.51, 0.02, 0.86)
664.69: (-0.41, 0.20, 0.89)
664.80: (-0.34, 0.20, 0.92)
664.92: (-0.33, 0.20, 0.92)
664.92: (-0.47, 0.88, 0.02): 0
664.92: (-0.33, 0.20, 0.92)
665.02: (-0.33, 0.20, 0.92)
665.14: (-0.36, 0.21, 0.91)
665.25: (-0.56, 0.21, 0.80)
665.37: (-0.79, 0.11, 0.60)
665.49: (-0.90, -0.37, 0.21)
665.60: (-0.83, -0.56, -0.10)
665.72: (-0.94, -0.33, -0.13)
665.82: (-0.99, 0.05, -0.16)
665.92: (-0.88, 0.43, -0.18)
666.04: (-0.62, 0.78, -0.08)
666.15: (-0.33, 0.94, 0.05)
666.27: (-0.25, 0.97, 0.06)
666.39: (-0.37, 0.93, -0.03)
666.49: (-0.38, 0.93, -0.03)
666.60: (-0.38, 0.93, -0.03)
666.70: (-0.37, 0.93, -0.03)
666.70: (1.00, 0.05, 0.05): 0
666.72: (-0.36, 0.93, -0.03)
666.82: (-0.37, 0.93, -0.04)
666.94: (-0.30, 0.95, -0.12)
667.04: (-0.10, 0.97, -0.22)
667.15: (-0.02, 0.86, -0.51)
667.27: (-0.01, 0.58, -0.81)
667.39: (0.17, 0.25, -0.95)
667.49: (0.20, -0.09, -0.98)
667.60: (0.19, -0.26, -0.95)
667.72: (0.31, -0.21, -0.93)
667.82: (0.55, -0.04, -0.83)
667.94: (0.47, 0.44, -0.77)
668.05: (-0.02, 0.69, -0.72)
668.17: (-0.35, 0.75, -0.55)
668.29: (-0.61, 0.74, -0.27)
668.40: (-0.81, 0.58, 0.03)
668.50: (-0.90, 0.36, 0.25)
668.62: (-0.89, 0.09, 0.45)
668.74: (-0.81, -0.16, 0.57)
668.85: (-0.62, -0.44, 0.64)
668.97: (-0.38, -0.69, 0.62)
669.09: (-0.09, -0.83, 0.54)
669.20: (0.18, -0.89, 0.42)
669.32: (0.40, -0.88, 0.25)
669.44: (0.63, -0.76, 0.17)
669.54: (0.83, -0.52, 0.21)
669.65: (0.94, -0.20, 0.29)
669.77: (0.91, 0.10, 0.39)
669.89: (0.93, 0.15, 0.35)
670.00: (0.98, 0.10, 0.16)
670.10: (0.99, 0.12, 0.07)
670.15: (0.99, 0.12, 0.06)
670.15: (-0.41, 0.54, -0.74): 1
670.22: (0.99, 0.12, 0.06)
670.34: (0.99, 0.11, 0.07)
670.45: (1.00, 0.01, 0.09)
670.57: (0.95, -0.31, -0.05)
670.69: (0.75, -0.62, -0.24)
670.80: (0.73, -0.65, -0.22)
670.92: (0.69, -0.66, -0.29)
671.04: (0.39, -0.74, -0.55)
671.15: (0.12, -0.74, -0.66)
671.25: (-0.04, -0.71, -0.70)
671.37: (-0.22, -0.63, -0.75)
671.49: (-0.29, -0.53, -0.80)
671.60: (-0.25, -0.40, -0.88)
671.72: (-0.11, -0.27, -0.96)
671.84: (0.10, -0.15, -0.98)
671.95: (0.18, 0.03, -0.98)
672.05: (0.21, 0.23, -0.95)
672.17: (0.36, 0.43, -0.82)
672.27: (0.39, 0.55, -0.74)
672.39: (-0.04, 0.64, -0.77)
672.50: (-0.26, 0.65, -0.71)
672.62: (-0.28, 0.64, -0.71)
672.74: (-0.34, 0.57, -0.75)
672.85: (-0.40, 0.52, -0.75)
672.89: (-0.40, 0.52, -0.75)
672.89: (-0.47, -0.20, 0.86): 2
672.97: (-0.41, 0.51, -0.75)
673.09: (-0.37, 0.45, -0.81)
673.20: (-0.37, 0.45, -0.81)
673.32: (-0.37, 0.45, -0.81)
673.42: (-0.37, 0.45, -0.81)
673.54: (-0.37, 0.45, -0.81)
673.64: (-0.37, 0.45, -0.81)
673.75: (-0.41, 0.39, -0.83)
673.87: (-0.55, 0.37, -0.75)
673.99: (-0.77, 0.33, -0.54)
674.10: (-0.94, 0.25, -0.23)
674.20: (-0.99, 0.15, 0.03)
674.32: (-0.97, 0.00, 0.22)
674.42: (-0.91, -0.16, 0.39)
674.54: (-0.78, -0.30, 0.55)
674.65: (-0.71, -0.24, 0.66)
674.75: (-0.64, -0.22, 0.73)
674.87: (-0.56, -0.25, 0.79)
674.99: (-0.54, -0.25, 0.80)
675.00: (-0.54, -0.25, 0.80)
675.00: (-0.73, -0.04, 0.68): 2
675.10: (-0.54, -0.26, 0.80)
675.20: (-0.54, -0.26, 0.80)
675.30: (-0.53, -0.25, 0.81)
675.42: (-0.65, -0.13, 0.75)
675.54: (-0.70, -0.09, 0.71)
675.64: (-0.70, -0.09, 0.71)
675.64: (-0.66, -0.22, -0.72): 1
675.65: (-0.70, -0.09, 0.71)
675.77: (-0.70, -0.09, 0.71)
675.87: (-0.74, -0.11, 0.66)
675.97: (-0.76, -0.13, 0.64)
676.09: (-0.76, -0.13, 0.64)
676.20: (-0.76, -0.13, 0.63)
676.32: (-0.83, -0.12, 0.54)
676.44: (-0.95, 0.21, 0.21)
676.54: (-0.90, 0.43, 0.00)
676.65: (-0.80, 0.54, -0.27)
676.77: (-0.63, 0.59, -0.50)
676.89: (-0.37, 0.63, -0.69)
677.00: (-0.02, 0.64, -0.77)
677.12: (0.31, 0.51, -0.80)
677.24: (0.56, 0.29, -0.78)
677.35: (0.72, 0.14, -0.68)
677.47: (0.82, 0.00, -0.57)
677.59: (0.86, -0.24, -0.45)
677.69: (0.85, -0.26, -0.46)
677.80: (0.85, -0.26, -0.46)
677.92: (0.85, -0.26, -0.46)
678.02: (0.85, -0.26, -0.46)
678.14: (0.85, -0.26, -0.46)
678.25: (0.86, -0.51, 0.01)
678.37: (0.50, -0.61, 0.61)
678.49: (0.17, -0.52, 0.84)
678.60: (0.02, -0.50, 0.87)
678.72: (-0.15, -0.44, 0.89)
678.82: (-0.14, -0.35, 0.93)
678.94: (0.07, -0.06, 1.00)
679.05: (0.23, 0.25, 0.94)
679.17: (0.31, 0.53, 0.79)
679.29: (0.42, 0.70, 0.58)
679.40: (0.47, 0.80, 0.39)
679.52: (0.41, 0.88, 0.25)
679.64: (0.21, 0.96, 0.17)
679.74: (0.00, 0.98, 0.22)
679.85: (-0.23, 0.92, 0.33)
679.97: (-0.42, 0.79, 0.44)
680.09: (-0.58, 0.68, 0.45)
680.20: (-0.69, 0.61, 0.40)
680.32: (-0.81, 0.42, 0.41)
680.44: (-0.89, 0.20, 0.41)
680.55: (-0.91, -0.02, 0.40)
680.67: (-0.91, -0.04, 0.41)
680.79: (-0.91, -0.04, 0.41)
680.89: (-0.91, -0.04, 0.41)
681.00: (-0.91, -0.04, 0.41)
681.12: (-0.94, -0.24, 0.26)
681.23: (-0.83, -0.56, 0.06)
681.35: (-0.54, -0.82, -0.20)
681.47: (-0.24, -0.92, -0.32)
681.58: (-0.01, -0.93, -0.36)
681.70: (0.21, -0.90, -0.38)
681.80: (0.31, -0.87, -0.38)
681.92: (0.41, -0.85, -0.34)
682.03: (0.53, -0.80, -0.28)
682.15: (0.65, -0.72, -0.24)
682.27: (0.70, -0.67, -0.24)
682.38: (0.74, -0.65, -0.18)
682.50: (0.77, -0.63, -0.11)
682.62: (0.62, -0.69, -0.37)
682.73: (0.24, -0.65, -0.72)
682.85: (-0.26, -0.49, -0.83)
682.97: (-0.57, -0.21, -0.79)
683.07: (-0.71, 0.03, -0.70)
683.18: (-0.71, 0.03, -0.70)
683.30: (-0.66, -0.12, -0.74)
683.40: (-0.65, -0.17, -0.74)
683.40: (0.93, -0.24, -0.26): 0
683.40: (-0.65, -0.17, -0.74)
683.52: (-0.65, -0.18, -0.74)
683.63: (-0.65, -0.19, -0.74)
683.73: (-0.66, -0.28, -0.70)
683.85: (-0.60, -0.24, -0.77)
683.97: (-0.25, 0.05, -0.97)
684.08: (0.10, 0.16, -0.98)
684.20: (0.15, 0.16, -0.98)
684.30: (0.15, 0.16, -0.98)
684.42: (0.15, 0.16, -0.98)
684.53: (0.15, 0.16, -0.98)
684.65: (0.22, 0.26, -0.94)
684.77: (0.44, 0.51, -0.74)
684.87: (0.71, 0.60, -0.37)
684.98: (0.83, 0.56, 0.01)
685.08: (0.84, 0.48, 0.27)
685.20: (0.77, 0.35, 0.53)
685.32: (0.67, 0.20, 0.71)
685.43: (0.53, 0.06, 0.85)
685.55: (0.39, -0.11, 0.92)
685.67: (0.26, -0.33, 0.91)
685.78: (0.11, -0.47, 0.88)
685.90: (-0.07, -0.61, 0.79)
686.02: (-0.14, -0.75, 0.65)
686.13: (-0.12, -0.86, 0.50)
686.23: (-0.03, -0.94, 0.35)
686.35: (0.12, -0.97, 0.20)
686.45: (0.26, -0.94, 0.20)
686.57: (0.50, -0.85, 0.17)
686.68: (0.71, -0.69, 0.15)
686.80: (0.82, -0.53, 0.19)
686.90: (0.88, -0.38, 0.28)
687.02: (0.94, -0.28, 0.20)
687.13: (0.95, -0.32, 0.00)
687.23: (0.94, -0.32, -0.12)
687.35: (0.94, -0.27, -0.22)
687.45: (0.93, -0.22, -0.28)
687.47: (0.93, -0.22, -0.28)
687.47: (-0.42, 0.64, -0.64): 0
687.57: (0.93, -0.21, -0.29)
687.68: (0.93, -0.21, -0.29)
687.80: (0.92, -0.24, -0.31)
687.90: (0.82, -0.44, -0.37)
688.02: (0.69, -0.67, -0.25)
688.13: (0.64, -0.76, -0.12)
688.25: (0.64, -0.77, 0.04)
688.37: (0.63, -0.73, 0.25)
688.48: (0.68, -0.56, 0.47)
688.58: (0.72, -0.30, 0.63)
688.70: (0.67, 0.09, 0.74)
688.82: (0.50, 0.44, 0.75)
688.92: (0.27, 0.67, 0.69)
689.02: (-0.03, 0.82, 0.58)
689.13: (-0.39, 0.84, 0.36)
689.25: (-0.72, 0.70, -0.01)
689.37: (-0.88, 0.39, -0.27)
689.48: (-0.90, 0.22, -0.37)
689.60: (-0.71, 0.45, -0.54)
689.72: (-0.52, 0.63, -0.57)
689.83: (-0.47, 0.66, -0.58)
689.95: (-0.37, 0.64, -0.68)
689.98: (-0.36, 0.63, -0.68)
689.98: (0.91, -0.28, -0.32): 0
690.07: (-0.36, 0.63, -0.68)
690.17: (-0.37, 0.63, -0.68)
690.28: (-0.35, 0.61, -0.71)
690.40: (-0.35, 0.61, -0.71)
690.52: (-0.31, 0.59, -0.75)
690.62: (0.03, 0.36, -0.93)
690.72: (0.38, 0.13, -0.92)
690.83: (0.58, 0.03, -0.82)
690.95: (0.74, -0.03, -0.67)
691.07: (0.85, -0.15, -0.50)
691.18: (0.85, -0.28, -0.44)
691.28: (0.86, -0.31, -0.41)
691.38: (0.88, -0.31, -0.36)
691.40: (0.88, -0.30, -0.36)
691.40: (-0.96, 0.00, -0.29): 1
691.50: (0.89, -0.30, -0.35)
691.62: (0.89, -0.30, -0.35)
691.73: (0.89, -0.28, -0.37)
691.85: (0.79, -0.15, -0.60)
691.97: (0.43, 0.15, -0.89)
692.08: (0.04, 0.32, -0.95)
692.20: (-0.15, 0.34, -0.93)
692.32: (-0.43, 0.44, -0.79)
692.42: (-0.70, 0.48, -0.53)
692.53: (-0.87, 0.42, -0.26)
692.65: (-0.93, 0.27, -0.26)
692.75: (-0.89, 0.09, -0.45)
692.87: (-0.91, 0.03, -0.41)
692.98: (-0.95, 0.03, -0.32)
693.03: (-0.95, 0.03, -0.32)
693.03: (1.00, -0.01, -0.09): 0
693.08: (-0.95, 0.03, -0.32)
693.20: (-0.95, 0.03, -0.32)
693.30: (-0.95, 0.07, -0.30)
693.42: (-0.95, 0.11, -0.29)
693.53: (-0.78, 0.04, -0.63)
693.65: (-0.23, -0.04, -0.97)
693.77: (0.25, 0.04, -0.97)
693.87: (0.52, 0.11, -0.85)
693.98: (0.76, 0.09, -0.65)
694.10: (0.90, 0.08, -0.43)
694.20: (0.96, 0.06, -0.28)
694.30: (0.98, 0.02, -0.20)
694.42: (0.99, 0.01, -0.15)
694.53: (0.99, -0.01, -0.11)
694.53: (-0.97, 0.22, 0.09): 2
694.53: (0.99, -0.01, -0.11)
694.65: (0.99, -0.01, -0.11)
694.77: (0.99, -0.01, -0.11)
694.88: (0.99, 0.00, -0.13)
694.98: (0.99, 0.00, -0.13)
695.10: (0.99, 0.00, -0.13)
695.22: (0.99, 0.00, -0.13)
695.33: (0.99, -0.05, -0.15)
695.43: (0.94, -0.23, -0.24)
695.53: (0.72, -0.45, -0.52)
695.63: (0.47, -0.62, -0.62)
695.75: (0.29, -0.80, -0.53)
695.87: (0.04, -0.81, -0.59)
695.98: (-0.32, -0.50, -0.80)
696.10: (-0.57, -0.19, -0.80)
696.22: (-0.67, 0.23, -0.71)
696.33: (-0.54, 0.65, -0.53)
696.45: (-0.33, 0.92, -0.21)
696.57: (-0.15, 0.98, 0.09)
696.68: (-0.04, 0.97, 0.25)
696.80: (-0.09, 0.93, 0.36)
696.91: (-0.33, 0.84, 0.44)
697.03: (-0.56, 0.67, 0.49)
697.13: (-0.77, 0.40, 0.50)
697.25: (-0.89, 0.09, 0.44)
697.36: (-0.96, -0.01, 0.26)
697.47: (-0.99, 0.08, 0.15)
697.58: (-0.98, 0.20, 0.09)
697.68: (-0.97, 0.21, 0.08)
697.68: (0.69, 0.19, 0.69): 1
697.68: (-0.97, 0.21, 0.08)
697.80: (-0.97, 0.21, 0.08)
697.91: (-0.97, 0.22, 0.08)
698.03: (-0.98, 0.19, 0.10)
698.15: (-0.93, 0.04, 0.36)
698.25: (-0.78, -0.09, 0.62)
698.36: (-0.55, -0.13, 0.82)
698.48: (-0.28, -0.12, 0.95)
698.58: (-0.20, -0.03, 0.98)
698.70: (-0.20, -0.03, 0.98)
698.81: (-0.20, -0.03, 0.98)
698.93: (-0.20, -0.03, 0.98)
699.05: (-0.22, -0.12, 0.97)
699.16: (0.03, -0.47, 0.88)
699.26: (0.41, -0.64, 0.65)
699.38: (0.69, -0.65, 0.32)
699.48: (0.82, -0.57, -0.05)
699.60: (0.82, -0.38, -0.43)
699.71: (0.81, -0.09, -0.59)
699.83: (0.80, 0.15, -0.58)
699.93: (0.75, 0.34, -0.57)
700.05: (0.65, 0.53, -0.54)
700.15: (0.66, 0.56, -0.50)
700.26: (0.64, 0.34, -0.69)
700.38: (0.48, -0.03, -0.88)
700.50: (0.16, -0.36, -0.92)
700.61: (-0.18, -0.63, -0.75)
700.71: (-0.40, -0.74, -0.54)
700.83: (-0.59, -0.77, -0.25)
700.95: (-0.63, -0.75, 0.19)
701.05: (-0.50, -0.69, 0.52)
701.16: (-0.30, -0.56, 0.77)
701.28: (-0.07, -0.43, 0.90)
701.40: (0.24, -0.27, 0.93)
701.51: (0.34, -0.23, 0.91)
701.63: (0.47, -0.04, 0.88)
701.75: (0.69, 0.19, 0.69)
701.85: (0.71, 0.21, 0.67)
701.91: (0.72, 0.19, 0.67)
701.91: (0.14, 0.98, 0.17): 2
701.96: (0.72, 0.19, 0.66)
702.08: (0.72, 0.19, 0.66)
702.20: (0.72, 0.19, 0.66)
702.31: (0.72, 0.19, 0.66)
702.43: (0.72, 0.19, 0.66)
702.55: (0.72, 0.19, 0.66)
702.66: (0.76, 0.15, 0.63)
702.78: (0.89, 0.11, 0.44)
702.90: (0.99, 0.03, -0.16)
703.01: (0.86, -0.16, -0.49)
703.13: (0.70, -0.26, -0.67)
703.25: (0.55, -0.28, -0.79)
703.36: (0.33, -0.30, -0.90)
703.46: (0.14, -0.37, -0.92)
703.58: (-0.11, -0.49, -0.87)
703.70: (-0.30, -0.59, -0.75)
703.81: (-0.43, -0.69, -0.58)
703.91: (-0.55, -0.73, -0.40)
704.03: (-0.67, -0.72, -0.15)
704.15: (-0.75, -0.66, 0.06)
704.26: (-0.79, -0.58, 0.20)
704.38: (-0.86, -0.41, 0.30)
704.50: (-0.98, 0.00, 0.21)
704.61: (-0.92, 0.37, 0.08)
704.71: (-0.79, 0.61, -0.02)
704.83: (-0.63, 0.77, -0.09)
704.95: (-0.41, 0.90, -0.17)
705.05: (-0.25, 0.95, -0.21)
705.16: (-0.27, 0.96, -0.09)
705.28: (-0.24, 0.97, 0.06)
705.40: (-0.06, 0.99, 0.13)
705.50: (0.09, 0.98, 0.17)
705.60: (0.16, 0.97, 0.17)
705.60: (-0.84, -0.14, 0.53): 0
705.61: (0.16, 0.97, 0.17)
705.73: (0.15, 0.97, 0.17)
705.85: (0.15, 0.97, 0.18)
705.95: (0.09, 0.98, 0.20)
706.06: (-0.35, 0.91, 0.23)
706.18: (-0.86, 0.47, 0.19)
706.30: (-0.99, -0.10, -0.05)
706.41: (-0.82, -0.54, -0.18)
706.53: (-0.77, -0.64, 0.01)
706.63: (-0.84, -0.49, 0.24)
706.75: (-0.85, -0.31, 0.43)
706.86: (-0.83, -0.22, 0.52)
706.96: (-0.81, -0.14, 0.56)
707.00: (-0.81, -0.13, 0.57)
707.00: (-0.09, -0.59, 0.81): 0
707.08: (-0.81, -0.13, 0.57)
707.18: (-0.82, -0.15, 0.55)
707.28: (-0.80, -0.33, 0.50)
707.40: (-0.57, -0.68, 0.46)
707.51: (-0.21, -0.86, 0.47)
707.61: (-0.09, -0.76, 0.65)
707.73: (-0.16, -0.59, 0.79)
707.85: (-0.12, -0.52, 0.85)
707.95: (-0.04, -0.51, 0.86)
707.95: (-0.50, 0.63, -0.59): 2
707.95: (-0.04, -0.51, 0.86)
708.05: (-0.04, -0.52, 0.86)
708.16: (-0.03, -0.53, 0.85)
708.28: (0.01, -0.59, 0.81)
708.40: (0.09, -0.62, 0.78)
708.51: (0.32, -0.72, 0.62)
708.61: (0.54, -0.82, 0.21)
708.73: (0.31, -0.95, -0.03)
708.85: (-0.06, -1.00, 0.01)
708.95: (-0.34, -0.94, 0.02)
709.06: (-0.71, -0.71, -0.02)
709.18: (-0.90, -0.44, -0.07)
709.30: (-0.99, -0.13, -0.09)
709.41: (-0.98, 0.21, 0.03)
709.51: (-0.84, 0.49, 0.24)
709.63: (-0.46, 0.73, 0.51)
709.75: (-0.03, 0.78, 0.63)
709.85: (0.28, 0.75, 0.60)
709.96: (0.57, 0.70, 0.43)
710.08: (0.80, 0.55, 0.24)
710.18: (0.87, 0.49, 0.04)
710.30: (0.73, 0.66, -0.19)
710.41: (0.32, 0.89, -0.34)
710.53: (-0.07, 0.95, -0.31)
710.65: (-0.47, 0.87, -0.13)
710.76: (-0.68, 0.73, -0.05)
710.88: (-0.53, 0.77, -0.34)
711.00: (-0.55, 0.71, -0.44)
711.11: (-0.60, 0.66, -0.45)
711.15: (-0.60, 0.66, -0.45)
711.15: (0.24, -0.93, 0.27): 0
711.21: (-0.60, 0.66, -0.45)
711.33: (-0.60, 0.66, -0.46)
711.45: (-0.58, 0.72, -0.37)
711.56: (-0.59, 0.73, -0.35)
711.68: (-0.59, 0.73, -0.35)
711.80: (-0.59, 0.73, -0.35)
711.91: (-0.59, 0.73, -0.35)
712.03: (-0.66, 0.75, -0.11)
712.15: (-0.74, 0.60, 0.31)
712.26: (-0.65, 0.29, 0.70)
712.38: (-0.45, -0.03, 0.89)
712.48: (-0.28, -0.29, 0.92)
712.60: (-0.06, -0.55, 0.83)
712.70: (0.09, -0.77, 0.63)
712.81: (0.11, -0.83, 0.54)
712.93: (0.12, -0.85, 0.51)
713.03: (0.21, -0.91, 0.36)
713.15: (0.21, -0.91, 0.35)
713.15: (-0.84, -0.54, -0.05): 0
713.15: (0.21, -0.91, 0.35)
713.26: (0.21, -0.91, 0.35)
713.38: (0.21, -0.91, 0.35)
713.50: (0.23, -0.97, 0.12)
713.60: (0.31, -0.94, -0.15)
713.71: (0.37, -0.91, -0.19)
713.83: (0.37, -0.91, -0.19)
713.93: (0.37, -0.91, -0.19)
714.05: (0.37, -0.91, -0.19)
714.16: (0.36, -0.91, -0.18)
714.28: (0.36, -0.92, -0.17)
714.38: (0.37, -0.92, -0.17)
714.49: (0.35, -0.93, -0.13)
714.60: (0.11, -0.99, 0.01)
714.71: (-0.40, -0.91, 0.05)
714.83: (-0.78, -0.63, 0.04)
714.93: (-0.96, -0.29, -0.03)
715.04: (-0.99, -0.05, -0.13)
715.16: (-0.95, -0.30, -0.11)
715.28: (-0.87, -0.48, -0.08)
715.38: (-0.86, -0.51, -0.09)
715.43: (-0.85, -0.52, -0.09)
715.43: (-0.54, 0.81, -0.20): 1
715.48: (-0.85, -0.52, -0.09)
715.59: (-0.85, -0.52, -0.09)
715.71: (-0.85, -0.53, -0.09)
715.83: (-0.83, -0.54, -0.16)
715.94: (-0.80, -0.42, -0.43)
716.04: (-0.76, -0.17, -0.63)
716.16: (-0.80, 0.17, -0.57)
716.28: (-0.82, 0.49, -0.30)
716.39: (-0.70, 0.71, -0.02)
716.51: (-0.55, 0.82, 0.17)
716.63: (-0.54, 0.84, -0.05)
716.74: (-0.52, 0.84, -0.17)
716.86: (-0.53, 0.83, -0.19)
716.86: (-0.02, -0.19, 0.98): 2
716.86: (-0.53, 0.83, -0.19)
716.96: (-0.53, 0.83, -0.19)
717.08: (-0.53, 0.82, -0.21)
717.19: (-0.56, 0.79, -0.27)
717.31: (-0.59, 0.73, -0.36)
717.43: (-0.61, 0.72, -0.34)
717.54: (-0.63, 0.72, -0.29)
717.66: (-0.60, 0.80, 0.02)
717.76: (-0.53, 0.74, 0.41)
717.88: (-0.40, 0.49, 0.77)
717.98: (-0.23, 0.18, 0.96)
718.09: (-0.02, -0.13, 0.99)
718.21: (-0.05, -0.17, 0.98)
718.33: (-0.08, -0.19, 0.98)
718.36: (-0.08, -0.19, 0.98)
718.36: (0.98, -0.19, -0.04): 2
718.43: (-0.09, -0.20, 0.98)
718.54: (-0.10, -0.20, 0.98)
718.64: (-0.12, -0.21, 0.97)
718.76: (-0.20, -0.24, 0.95)
718.88: (-0.24, -0.22, 0.94)
718.99: (-0.30, -0.19, 0.94)
719.11: (-0.32, -0.17, 0.93)
719.23: (-0.33, -0.16, 0.93)
719.33: (-0.35, -0.06, 0.94)
719.44: (-0.38, 0.22, 0.90)
719.56: (-0.23, 0.42, 0.88)
719.68: (0.13, 0.47, 0.87)
719.78: (0.46, 0.42, 0.78)
719.89: (0.80, 0.21, 0.56)
720.01: (0.96, -0.05, 0.28)
720.11: (0.98, -0.22, 0.05)
720.23: (0.94, -0.29, -0.17)
720.34: (0.94, -0.28, -0.21)
720.41: (0.94, -0.27, -0.20)
720.41: (-0.92, 0.38, -0.09): 1
720.46: (0.94, -0.27, -0.20)
720.56: (0.95, -0.27, -0.17)
720.68: (0.96, -0.25, -0.14)
720.79: (0.98, -0.20, 0.00)
720.91: (0.99, -0.09, 0.06)
721.03: (1.00, 0.06, -0.02)
721.14: (0.98, 0.20, -0.07)
721.24: (0.94, 0.33, 0.01)
721.36: (0.85, 0.44, 0.28)
721.48: (0.73, 0.50, 0.46)
721.59: (0.57, 0.57, 0.60)
721.71: (0.39, 0.64, 0.66)
721.83: (0.11, 0.72, 0.69)
721.94: (-0.17, 0.77, 0.61)
722.06: (-0.36, 0.81, 0.46)
722.18: (-0.59, 0.78, 0.19)
722.29: (-0.74, 0.66, -0.12)
722.41: (-0.84, 0.46, -0.28)
722.51: (-0.93, 0.30, -0.23)
722.63: (-0.96, 0.26, -0.14)
722.74: (-0.94, 0.31, -0.11)
722.83: (-0.94, 0.32, -0.10)
722.83: (-0.31, 0.81, 0.50): 0
722.86: (-0.94, 0.32, -0.10)
722.98: (-0.94, 0.32, -0.10)
723.08: (-0.94, 0.32, -0.10)
723.19: (-0.95, 0.29, -0.12)
723.31: (-0.92, 0.37, 0.14)
723.43: (-0.62, 0.58, 0.52)
723.53: (-0.40, 0.64, 0.65)
723.63: (-0.19, 0.69, 0.70)
723.74: (-0.28, 0.72, 0.63)
723.84: (-0.33, 0.75, 0.57)
723.96: (-0.34, 0.76, 0.55)
723.99: (-0.34, 0.76, 0.55)
723.99: (1.00, 0.01, 0.09): 2
724.08: (-0.34, 0.76, 0.55)
724.19: (-0.34, 0.76, 0.55)
724.31: (-0.34, 0.77, 0.55)
724.43: (-0.31, 0.80, 0.51)
724.53: (-0.31, 0.82, 0.49)
724.64: (-0.26, 0.90, 0.35)
724.76: (-0.10, 0.97, 0.24)
724.86: (0.29, 0.90, 0.32)
724.98: (0.62, 0.71, 0.34)
725.08: (0.79, 0.54, 0.30)
725.19: (0.95, 0.20, 0.23)
725.31: (0.98, 0.02, 0.18)
725.43: (0.98, 0.04, 0.19)
725.54: (0.98, 0.04, 0.19)
725.56: (0.98, 0.04, 0.19)
725.56: (-0.99, -0.08, 0.06): 1
725.66: (0.98, 0.04, 0.19)
725.78: (0.98, 0.04, 0.19)
725.89: (0.98, 0.05, 0.18)
725.99: (0.99, 0.09, 0.13)
726.11: (1.00, 0.06, 0.07)
726.21: (0.99, -0.11, -0.04)
726.33: (0.91, -0.33, -0.23)
726.44: (0.79, -0.39, -0.47)
726.56: (0.58, -0.41, -0.71)
726.68: (0.32, -0.40, -0.86)
726.79: (0.03, -0.51, -0.86)
726.91: (-0.27, -0.59, -0.77)
727.03: (-0.51, -0.60, -0.62)
727.14: (-0.69, -0.62, -0.36)
727.26: (-0.71, -0.68, -0.17)
727.38: (-0.61, -0.78, -0.16)
727.49: (-0.61, -0.78, -0.16)
727.61: (-0.61, -0.78, -0.16)
727.71: (-0.61, -0.78, -0.16)
727.83: (-0.61, -0.78, -0.16)
727.94: (-0.59, -0.79, -0.16)
728.06: (-0.68, -0.74, -0.01)
728.18: (-0.81, -0.52, 0.29)
728.29: (-0.75, -0.23, 0.62)
728.41: (-0.66, -0.04, 0.75)
728.53: (-0.91, -0.11, 0.40)
728.63: (-0.95, -0.06, 0.30)
728.74: (-0.97, -0.07, 0.22)
728.84: (-0.99, -0.10, 0.13)
728.93: (-0.99, -0.10, 0.13)
728.93: (0.94, -0.30, 0.16): 1
728.96: (-0.99, -0.10, 0.13)
729.08: (-0.99, -0.11, 0.11)
729.19: (-0.98, -0.18, 0.10)
729.31: (-0.97, -0.22, 0.10)
729.43: (-0.97, -0.22, 0.10)
729.53: (-0.97, -0.22, 0.10)
729.64: (-0.97, -0.15, 0.21)
729.76: (-0.89, 0.10, 0.44)
729.88: (-0.73, 0.31, 0.60)
729.99: (-0.52, 0.51, 0.69)
730.11: (-0.21, 0.68, 0.70)
730.23: (0.19, 0.70, 0.69)
730.34: (0.60, 0.51, 0.62)
730.46: (0.84, 0.21, 0.51)
730.56: (0.91, 0.02, 0.41)
730.66: (0.94, -0.07, 0.35)
730.78: (0.94, -0.17, 0.30)
730.89: (0.91, -0.35, 0.23)
731.01: (0.91, -0.36, 0.22)
731.04: (0.91, -0.36, 0.22)
731.04: (1.00, -0.01, -0.03): 2
731.12: (0.91, -0.36, 0.22)
731.23: (0.91, -0.36, 0.22)
731.34: (0.93, -0.31, 0.18)
731.46: (0.99, -0.16, 0.03)
731.58: (0.99, -0.15, -0.06)
731.69: (0.99, -0.15, -0.03)
731.81: (0.99, -0.15, -0.02)
731.82: (0.99, -0.15, -0.02)
731.82: (0.97, 0.21, 0.12): 2
731.92: (0.99, -0.15, -0.02)
732.03: (0.99, -0.15, -0.02)
732.14: (1.00, -0.08, 0.03)
732.24: (0.99, 0.08, 0.12)
732.36: (0.98, 0.12, 0.15)
732.47: (0.98, 0.12, 0.15)
732.51: (0.98, 0.12, 0.15)
732.51: (0.41, 0.90, -0.13): 1
732.57: (0.98, 0.12, 0.15)
732.69: (0.98, 0.12, 0.15)
732.81: (0.96, 0.19, 0.20)
732.93: (0.88, 0.34, 0.32)
733.04: (0.72, 0.49, 0.49)
733.16: (0.48, 0.60, 0.65)
733.27: (0.28, 0.63, 0.73)
733.39: (0.18, 0.61, 0.77)
733.51: (0.04, 0.57, 0.82)
733.62: (-0.06, 0.52, 0.85)
733.72: (-0.19, 0.39, 0.90)
733.84: (-0.36, 0.18, 0.92)
733.96: (-0.55, 0.00, 0.83)
734.07: (-0.72, -0.11, 0.69)
734.19: (-0.83, -0.20, 0.52)
734.31: (-0.91, -0.27, 0.32)
734.42: (-0.92, -0.38, 0.10)
734.54: (-0.86, -0.50, -0.08)
734.66: (-0.80, -0.58, -0.18)
734.77: (-0.74, -0.63, -0.24)
734.87: (-0.67, -0.69, -0.28)
734.99: (-0.56, -0.74, -0.37)
735.11: (-0.47, -0.71, -0.52)
735.22: (-0.36, -0.61, -0.71)
735.34: (-0.23, -0.45, -0.86)
735.44: (-0.14, -0.26, -0.96)
735.56: (0.00, 0.05, -1.00)
735.67: (0.16, 0.32, -0.93)
735.79: (0.23, 0.43, -0.87)
735.91: (0.30, 0.54, -0.79)
736.02: (0.29, 0.56, -0.77)
736.14: (0.29, 0.56, -0.77)
736.26: (0.29, 0.56, -0.78)
736.37: (0.27, 0.60, -0.75)
736.49: (0.33, 0.78, -0.53)
736.61: (0.35, 0.89, -0.28)
736.72: (0.35, 0.92, -0.18)
736.82: (0.36, 0.92, -0.16)
736.86: (0.36, 0.92, -0.16)
736.86: (-0.02, 0.14, -0.99): 2
736.92: (0.36, 0.92, -0.16)
737.04: (0.36, 0.92, -0.15)
737.16: (0.36, 0.92, -0.13)
737.27: (0.35, 0.94, -0.03)
737.39: (0.28, 0.95, 0.11)
737.49: (0.05, 1.00, 0.07)
737.61: (-0.30, 0.93, -0.20)
737.72: (-0.35, 0.71, -0.61)
737.84: (-0.21, 0.38, -0.90)
737.96: (-0.05, -0.04, -1.00)
738.07: (0.02, -0.03, -1.00)
738.19: (0.02, 0.08, -1.00)
738.29: (0.03, 0.13, -0.99)
738.32: (0.03, 0.13, -0.99)
738.32: (-0.44, -0.78, -0.45): 2
738.41: (0.03, 0.13, -0.99)
738.52: (0.01, 0.13, -0.99)
738.62: (0.01, 0.15, -0.99)
738.74: (0.01, 0.32, -0.95)
738.86: (-0.14, 0.49, -0.86)
738.97: (-0.44, 0.40, -0.80)
739.07: (-0.61, 0.11, -0.78)
739.19: (-0.64, -0.11, -0.76)
739.29: (-0.65, -0.38, -0.66)
739.41: (-0.59, -0.64, -0.49)
739.51: (-0.53, -0.76, -0.38)
739.62: (-0.46, -0.80, -0.40)
739.74: (-0.40, -0.77, -0.49)
739.82: (-0.39, -0.78, -0.49)
739.82: (-0.78, -0.58, -0.25): 0
739.86: (-0.39, -0.78, -0.49)
739.96: (-0.39, -0.78, -0.49)
740.07: (-0.40, -0.77, -0.49)
740.19: (-0.62, -0.70, -0.35)
740.31: (-0.76, -0.60, -0.25)
740.42: (-0.76, -0.58, -0.29)
740.54: (-0.76, -0.57, -0.31)
740.64: (-0.76, -0.57, -0.31)
740.64: (-0.78, 0.35, -0.52): 2
740.66: (-0.76, -0.57, -0.31)
740.77: (-0.76, -0.57, -0.31)
740.89: (-0.76, -0.56, -0.33)
741.01: (-0.78, -0.49, -0.38)
741.12: (-0.82, -0.42, -0.39)
741.22: (-0.85, -0.37, -0.38)
741.34: (-0.95, -0.18, -0.25)
741.46: (-0.99, 0.17, -0.04)
741.56: (-0.92, 0.39, -0.03)
741.66: (-0.86, 0.46, -0.24)
741.77: (-0.82, 0.34, -0.46)
741.89: (-0.83, 0.30, -0.46)
742.01: (-0.83, 0.30, -0.46)
742.11: (-0.81, 0.33, -0.49)
742.11: (0.05, -0.83, -0.56): 0
742.11: (-0.81, 0.33, -0.49)
742.22: (-0.81, 0.33, -0.49)
742.34: (-0.81, 0.33, -0.49)
742.44: (-0.82, 0.33, -0.46)
742.56: (-0.90, 0.26, -0.34)
742.67: (-0.94, -0.19, -0.28)
742.79: (-0.69, -0.67, -0.26)
742.91: (-0.51, -0.82, -0.26)
743.02: (-0.27, -0.92, -0.27)
743.12: (-0.05, -0.90, -0.42)
743.24: (-0.10, -0.81, -0.58)
743.34: (-0.12, -0.79, -0.60)
743.46: (-0.01, -0.83, -0.56)
743.56: (0.02, -0.83, -0.56)
743.56: (-0.45, 0.79, -0.40): 2
743.57: (0.02, -0.83, -0.56)
743.69: (0.01, -0.83, -0.56)
743.79: (0.05, -0.83, -0.56)
743.91: (0.06, -0.80, -0.60)
744.02: (0.08, -0.75, -0.66)
744.14: (0.17, -0.73, -0.66)
744.26: (0.49, -0.79, -0.36)
744.37: (0.61, -0.78, -0.12)
744.49: (0.44, -0.90, -0.01)
744.59: (0.32, -0.93, 0.19)
744.71: (0.10, -0.90, 0.42)
744.82: (-0.24, -0.86, 0.45)
744.94: (-0.58, -0.78, 0.25)
745.06: (-0.65, -0.76, 0.03)
745.17: (-0.62, -0.77, -0.15)
745.29: (-0.62, -0.77, -0.15)
745.39: (-0.62, -0.77, -0.15)
745.51: (-0.62, -0.77, -0.15)
745.62: (-0.61, -0.71, -0.34)
745.74: (-0.61, -0.50, -0.62)
745.86: (-0.44, -0.16, -0.89)
745.97: (-0.21, 0.14, -0.97)
746.07: (-0.03, 0.34, -0.94)
746.19: (0.08, 0.43, -0.90)
746.31: (0.10, 0.56, -0.82)
746.42: (-0.05, 0.67, -0.74)
746.54: (-0.17, 0.80, -0.58)
746.66: (-0.26, 0.84, -0.48)
746.77: (-0.32, 0.82, -0.47)
746.84: (-0.32, 0.82, -0.47)
746.84: (-0.99, -0.12, 0.03): 1
746.89: (-0.32, 0.82, -0.47)
747.01: (-0.32, 0.82, -0.47)
747.12: (-0.32, 0.82, -0.47)
747.22: (-0.35, 0.84, -0.41)
747.34: (-0.53, 0.75, -0.39)
747.46: (-0.79, 0.48, -0.38)
747.57: (-0.93, 0.15, -0.34)
747.67: (-0.96, -0.11, -0.25)
747.79: (-0.90, -0.42, -0.15)
747.90: (-0.94, -0.35, -0.07)
748.01: (-0.97, -0.26, -0.04)
748.12: (-0.98, -0.19, -0.03)
748.22: (-0.99, -0.16, -0.03)
END