3/30/2023 12:26:39 PM
Mode: Stereo
White time (s): [4.349136, 5.098793, 3.332924, 1.766464, 5.29895, 1.416382, 3.016113, 3.166458, 3.782669, 0.6328125, 1.433044, 3.049454, 2.199753, 6.74855, 1.816315, 8.165405, 1.266342, 0.4667358, 4.865677, 2.082932, 1.250122, 1.832642, 1.249603, 2.166107, 1.799683, 3.948975, 5.215607, 2.299133, 0.733429, 4.699005]
Shot time (s): [1.899643, 2.715996, 5.19902, 1.949631, 2.849854, 1.732864, 4.232559, 4.399185, 1.449692, 0.7498016, 3.882965, 1.066223, 1.016617, 0.8166962, 0.8830719, 2.6828, 1.74942, 1.549347, 2.749542, 2.565948, 4.465546, 1.416656, 6.798798, 1.849548, 1.882874, 2.749542, 1.832672, 0.8663025, 3.915924, 1.799652]
Step time (s): [1.616409, 0.733078, 1.582642, 1.199768, 3.465729, 1.666382, 2.066025, 1.832596, 1.732986, 1.349915, 3.649246, 3.266113, 0.7997589, 1.000046, 4.865738, 0.7164764, 1.049591, 2.266052, 2.132904, 2.649414, 0.7997742, 4.632721, 0.7663879, 2.033081, 2.982941, 3.865784, 0.7501526, 2.983185, 3.965851, 1.98291]
White horz (deg): [538.8076, 579.5472, 332.0099, 225.435, 641.9702, 36.2775, 232.68, 380.3626, 410.0775, 17.115, 66.62251, 359.9924, 327.7574, 550.7249, 134.2425, 737.7299, 54.8625, 1.26, 315.2627, 94.2375, 35.2275, 136.29, 36.645, 176.715, 104.6325, 296.4675, 447.93, 163.485, 17.32499, 245.9627]
Shot horz (deg): [84.20999, 271.7401, 714.6298, 141.015, 197.19, 43.05001, 603.1201, 324.0301, 116.445, 25.83, 510.9825, 18.32249, 25.25249, 22.73249, 29.085, 373.3276, 129.15, 106.1025, 187.1625, 159.4425, 294.5775, 81.5325, 572.67, 117.3375, 147.5775, 209.4226, 146.16, 24.045, 287.0175, 90.9825]
Step horz (deg): [115.3425, 15.33, 128.415, 73.605, 307.5976, 163.1176, 110.8275, 96.65251, 85.995, 63.78749, 349.65, 245.1225, 12.285, 40.0575, 279.4574, 3.99, 55.75501, 132.825, 126.525, 229.8975, 23.41499, 285.915, 19.3725, 119.0175, 212.3625, 296.3625, 23.8875, 172.1475, 300.7725, 176.2951]
White vert (deg): [469.56, 592.6729, 306.8625, 141.9075, 442.9425, 145.005, 254.3625, 197.4525, 269.1151, 13.125, 49.8225, 338.6773, 136.3426, 687.3823, 171.5701, 952.2975, 106.26, 1.26, 345.2402, 88.35751, 74.9175, 176.1375, 116.3925, 125.6325, 81.795, 335.0551, 681.66, 54.915, 29.82, 493.5525]
Shot vert (deg): [90.40499, 313.215, 597.7126, 142.7476, 132.615, 62.42252, 378.5248, 204.6974, 88.35748, 37.27501, 335.6851, 85.995, 41.00249, 31.815, 21.26249, 215.9325, 136.5526, 142.1175, 205.275, 131.8275, 282.2402, 106.7325, 688.0128, 59.95498, 56.07, 284.7074, 119.2275, 37.85251, 443.9401, 174.51]
Step vert (deg): [118.335, 14.6475, 54.18, 34.965, 352.1175, 44.36251, 95.60249, 159.8625, 115.92, 103.1625, 390.1799, 413.0701, 63.62999, 26.40749, 324.66, 23.3625, 50.61, 136.29, 180.075, 147.2625, 40.635, 485.0476, 17.1675, 109.305, 188.1075, 190.1026, 32.13, 321.9823, 290.9025, 186.3226]

Time in sec: camera forward versor
Time in sec: target versor: sound type (0 = White, 1 = Shot, 2 = Step)
START
110.50: (0.95, -0.19, 0.25): 1
110.50: (0.02, 0.04, 1.00)
110.60: (0.02, 0.04, 1.00)
110.71: (0.02, 0.04, 1.00)
110.82: (0.02, 0.04, 1.00)
110.92: (0.02, 0.04, 1.00)
111.03: (0.10, 0.04, 0.99)
111.15: (0.34, 0.02, 0.94)
111.26: (0.31, -0.17, 0.93)
111.36: (0.34, -0.50, 0.80)
111.48: (0.51, -0.60, 0.62)
111.60: (0.79, -0.46, 0.41)
111.71: (0.87, -0.18, 0.46)
111.83: (0.90, -0.12, 0.43)
111.93: (0.95, -0.19, 0.25)
112.05: (0.97, -0.14, 0.18)
112.15: (0.97, -0.10, 0.20)
112.26: (0.96, -0.11, 0.25)
112.38: (0.96, -0.11, 0.25)
112.40: (0.96, -0.11, 0.25)
112.40: (-0.31, 0.94, 0.17): 0
112.48: (0.96, -0.11, 0.25)
112.60: (0.96, -0.11, 0.25)
112.70: (0.95, -0.07, 0.29)
112.81: (0.85, 0.14, 0.51)
112.93: (0.60, 0.33, 0.73)
113.05: (0.40, 0.12, 0.91)
113.16: (0.09, -0.30, 0.95)
113.26: (-0.17, -0.72, 0.67)
113.38: (-0.26, -0.95, 0.18)
113.50: (-0.31, -0.83, -0.46)
113.61: (-0.27, -0.70, -0.66)
113.73: (-0.27, -0.71, -0.65)
113.83: (-0.27, -0.71, -0.65)
113.95: (-0.16, -0.65, -0.74)
114.06: (0.21, -0.18, -0.96)
114.18: (0.00, 0.33, -0.94)
114.30: (-0.59, 0.15, -0.80)
114.40: (-0.79, -0.25, -0.56)
114.51: (-0.74, -0.65, -0.17)
114.63: (-0.27, -0.96, 0.10)
114.73: (0.25, -0.97, 0.09)
114.85: (0.71, -0.70, -0.10)
114.96: (0.68, -0.32, -0.66)
115.06: (0.41, 0.37, -0.83)
115.18: (0.18, 0.68, -0.71)
115.30: (0.18, 0.68, -0.71)
115.41: (0.26, 0.65, -0.71)
115.53: (0.29, 0.69, -0.66)
115.63: (-0.10, 0.87, -0.48)
115.75: (-0.61, 0.77, -0.19)
115.86: (-0.90, 0.43, -0.02)
115.98: (-0.86, 0.45, 0.26)
116.08: (-0.67, 0.62, 0.40)
116.20: (-0.51, 0.79, 0.35)
116.31: (-0.51, 0.83, 0.21)
116.41: (-0.44, 0.87, 0.21)
116.53: (-0.37, 0.90, 0.24)
116.65: (-0.35, 0.91, 0.21)
116.75: (-0.33, 0.92, 0.18)
116.75: (-0.73, 0.13, -0.67): 2
116.76: (-0.33, 0.93, 0.18)
116.88: (-0.34, 0.92, 0.18)
116.98: (-0.37, 0.92, 0.15)
117.10: (-0.38, 0.92, 0.10)
117.20: (-0.60, 0.80, -0.10)
117.31: (-0.93, 0.24, -0.29)
117.43: (-0.78, 0.07, -0.62)
117.55: (-0.33, 0.33, -0.88)
117.66: (-0.36, 0.46, -0.81)
117.78: (-0.56, 0.45, -0.69)
117.90: (-0.59, 0.46, -0.66)
118.01: (-0.63, 0.34, -0.70)
118.13: (-0.67, 0.21, -0.71)
118.23: (-0.72, 0.17, -0.67)
118.35: (-0.73, 0.18, -0.66)
118.36: (-0.73, 0.18, -0.66)
118.36: (0.88, 0.47, 0.01): 0
118.45: (-0.73, 0.18, -0.66)
118.55: (-0.70, 0.21, -0.68)
118.66: (-0.56, 0.42, -0.71)
118.78: (-0.33, 0.67, -0.66)
118.88: (-0.15, 0.92, -0.37)
119.00: (-0.07, 0.96, 0.29)
119.11: (-0.20, 0.43, 0.88)
119.23: (-0.37, 0.00, 0.93)
119.35: (-0.37, 0.00, 0.93)
119.46: (-0.39, 0.11, 0.92)
119.58: (-0.61, 0.08, 0.79)
119.70: (-0.88, 0.03, 0.47)
119.81: (-0.95, -0.26, 0.15)
119.93: (-0.73, -0.68, 0.07)
120.05: (-0.56, -0.82, -0.14)
120.16: (-0.65, -0.60, -0.47)
120.26: (-0.78, -0.29, -0.56)
120.38: (-0.92, 0.12, -0.37)
120.50: (-0.86, 0.49, -0.12)
120.60: (-0.73, 0.64, -0.26)
120.70: (-0.66, 0.55, -0.51)
120.81: (-0.82, -0.05, -0.57)
120.91: (-0.79, -0.60, -0.12)
121.01: (-0.52, -0.62, 0.59)
121.13: (-0.05, -0.04, 1.00)
121.25: (0.16, 0.49, 0.86)
121.35: (-0.05, 0.79, 0.61)
121.46: (-0.26, 0.88, 0.38)
121.56: (-0.34, 0.83, 0.44)
121.68: (-0.34, 0.83, 0.44)
121.80: (-0.21, 0.87, 0.45)
121.91: (0.29, 0.96, 0.02)
122.03: (0.58, 0.64, -0.50)
122.15: (0.44, 0.25, -0.86)
122.26: (0.40, 0.14, -0.90)
122.38: (0.88, 0.36, -0.31)
122.50: (0.85, 0.49, 0.17)
122.61: (0.84, 0.51, 0.19)
122.71: (0.87, 0.49, -0.06)
122.83: (0.87, 0.48, -0.09)
122.95: (0.90, 0.44, 0.06)
123.06: (0.91, 0.41, 0.05)
123.16: (0.92, 0.39, 0.05)
123.26: (0.94, 0.34, 0.10)
123.38: (0.93, 0.34, 0.11)
123.46: (0.93, 0.35, 0.11)
123.46: (-0.97, 0.17, 0.14): 0
123.50: (0.93, 0.35, 0.11)
123.61: (0.91, 0.41, 0.08)
123.73: (0.91, 0.42, 0.07)
123.85: (0.90, 0.42, 0.07)
123.96: (0.82, 0.57, 0.04)
124.08: (0.67, 0.74, 0.05)
124.20: (0.18, 0.97, -0.14)
124.31: (-0.27, 0.77, -0.58)
124.43: (-0.33, 0.26, -0.91)
124.55: (0.04, 0.11, -0.99)
124.66: (0.07, 0.17, -0.98)
124.78: (0.07, 0.17, -0.98)
124.90: (0.09, 0.16, -0.98)
125.01: (0.25, -0.29, -0.92)
125.13: (0.56, -0.67, -0.48)
125.25: (0.27, -0.96, 0.02)
125.35: (-0.37, -0.93, 0.04)
125.46: (-0.88, -0.44, -0.19)
125.56: (-0.91, 0.02, -0.42)
125.68: (-0.71, 0.27, -0.65)
125.78: (-0.65, 0.30, -0.70)
125.90: (-0.88, 0.23, -0.41)
126.01: (-0.98, 0.17, 0.12)
126.11: (-1.00, 0.06, 0.00)
126.23: (-1.00, 0.06, 0.00)
126.35: (-1.00, 0.03, -0.02)
126.45: (-1.00, 0.04, 0.01)
126.56: (-0.99, 0.07, 0.08)
126.66: (-0.99, 0.08, 0.10)
126.78: (-0.99, 0.09, 0.10)
126.80: (-0.99, 0.09, 0.11)
126.80: (0.83, 0.51, -0.24): 1
126.90: (-0.99, 0.09, 0.12)
127.01: (-0.99, 0.09, 0.12)
127.13: (-0.96, -0.11, 0.27)
127.23: (-0.78, -0.51, 0.37)
127.35: (-0.41, -0.90, 0.15)
127.46: (-0.04, -0.94, -0.33)
127.58: (-0.06, -0.67, -0.74)
127.69: (-0.34, -0.19, -0.92)
127.81: (-0.67, 0.21, -0.72)
127.91: (-0.84, 0.40, -0.36)
128.03: (-0.82, 0.56, 0.15)
128.14: (-0.57, 0.75, 0.34)
128.24: (-0.57, 0.75, 0.34)
128.36: (-0.57, 0.75, 0.34)
128.48: (-0.58, 0.74, 0.34)
128.59: (-0.35, 0.86, 0.36)
128.71: (0.38, 0.83, 0.41)
128.83: (0.74, 0.50, 0.46)
128.94: (0.88, 0.12, 0.46)
129.06: (0.97, 0.12, 0.22)
129.16: (0.92, 0.40, -0.06)
129.28: (0.83, 0.52, -0.19)
129.39: (0.84, 0.51, -0.21)
129.51: (0.83, 0.51, -0.24)
129.51: (-0.93, -0.33, 0.18): 0
129.51: (0.83, 0.51, -0.24)
129.61: (0.83, 0.51, -0.24)
129.73: (0.83, 0.51, -0.22)
129.83: (0.84, 0.55, -0.02)
129.94: (0.82, 0.49, 0.29)
130.06: (0.44, 0.43, 0.79)
130.16: (-0.36, 0.37, 0.86)
130.28: (-0.77, 0.49, 0.41)
130.38: (-0.90, 0.43, -0.04)
130.49: (-0.94, -0.12, -0.31)
130.61: (-0.89, -0.46, -0.02)
130.73: (-0.76, -0.60, 0.24)
130.84: (-0.86, -0.43, 0.26)
130.94: (-0.94, -0.27, 0.20)
131.06: (-0.94, -0.30, 0.17)
131.16: (-0.92, -0.36, 0.16)
131.26: (-0.92, -0.36, 0.16)
131.28: (-0.92, -0.36, 0.16)
131.28: (-0.95, -0.31, -0.01): 2
131.38: (-0.92, -0.36, 0.16)
131.49: (-0.92, -0.35, 0.16)
131.61: (-0.98, -0.19, 0.09)
131.71: (-0.97, -0.23, 0.09)
131.83: (-0.94, -0.32, 0.07)
131.94: (-0.95, -0.31, 0.05)
132.01: (-0.95, -0.31, 0.05)
132.01: (-0.54, 0.59, 0.59): 1
132.04: (-0.95, -0.31, 0.05)
132.16: (-0.95, -0.31, 0.05)
132.28: (-0.98, -0.21, 0.00)
132.38: (-0.99, -0.02, -0.17)
132.48: (-0.81, 0.37, -0.45)
132.59: (-0.32, 0.92, -0.24)
132.69: (0.11, 0.96, 0.27)
132.81: (0.26, 0.56, 0.79)
132.93: (0.19, -0.35, 0.92)
133.04: (0.11, -0.51, 0.85)
133.14: (0.11, -0.51, 0.85)
133.26: (0.11, -0.51, 0.85)
133.38: (0.59, -0.18, 0.79)
133.49: (0.96, 0.26, 0.11)
133.59: (0.74, 0.63, -0.24)
133.71: (0.35, 0.93, 0.03)
133.81: (0.25, 0.83, 0.50)
133.93: (0.36, 0.18, 0.91)
134.04: (0.58, -0.53, 0.62)
134.16: (0.91, -0.36, 0.21)
134.28: (0.44, -0.24, 0.87)
134.38: (-0.14, -0.22, 0.97)
134.48: (-0.14, -0.22, 0.97)
134.59: (-0.14, -0.22, 0.97)
134.71: (-0.18, -0.18, 0.97)
134.83: (-0.58, -0.21, 0.78)
134.93: (-0.74, -0.22, 0.64)
135.03: (-0.83, -0.22, 0.52)
135.14: (-0.93, -0.26, 0.27)
135.26: (-0.96, -0.22, -0.18)
135.38: (-0.96, -0.24, -0.15)
135.48: (-0.97, -0.24, -0.11)
135.59: (-0.93, -0.12, -0.35)
135.71: (-0.67, -0.01, -0.74)
135.81: (-0.46, -0.14, -0.88)
135.93: (-0.11, -0.34, -0.93)
136.04: (0.08, -0.14, -0.99)
136.14: (-0.28, 0.31, -0.91)
136.26: (-0.69, 0.60, -0.41)
136.38: (-0.81, 0.57, 0.16)
136.49: (-0.76, 0.26, 0.59)
136.61: (-0.67, -0.03, 0.74)
136.71: (-0.68, 0.11, 0.72)
136.83: (-0.67, 0.48, 0.57)
136.94: (-0.63, 0.59, 0.51)
137.06: (-0.60, 0.57, 0.56)
137.16: (-0.56, 0.56, 0.61)
137.21: (-0.55, 0.57, 0.61)
137.21: (-1.00, 0.05, -0.05): 2
137.28: (-0.55, 0.57, 0.61)
137.39: (-0.60, 0.54, 0.59)
137.51: (-0.73, 0.43, 0.53)
137.63: (-0.90, 0.26, 0.36)
137.74: (-0.92, -0.31, 0.24)
137.86: (-0.82, -0.58, 0.03)
137.98: (-0.99, -0.16, -0.01)
138.09: (-0.99, 0.14, -0.03)
138.19: (-0.99, 0.15, -0.03)
138.31: (-1.00, 0.06, -0.05)
138.43: (-1.00, 0.02, -0.04)
138.54: (-1.00, 0.01, -0.03)
138.66: (-1.00, -0.02, -0.02)
138.78: (-1.00, -0.04, -0.02)
138.79: (-1.00, -0.04, -0.02)
138.79: (-0.82, 0.57, -0.05): 2
138.88: (-1.00, -0.04, -0.02)
138.99: (-1.00, -0.05, -0.04)
139.09: (-0.97, -0.21, -0.12)
139.21: (-0.96, -0.06, -0.29)
139.33: (-0.90, 0.43, -0.10)
139.44: (-0.88, 0.48, -0.02)
139.56: (-0.91, 0.42, -0.08)
139.68: (-0.91, 0.40, -0.10)
139.78: (-0.90, 0.43, -0.12)
139.89: (-0.83, 0.54, -0.08)
139.99: (-0.83, 0.56, -0.06)
139.99: (0.64, -0.16, 0.75): 0
140.01: (-0.83, 0.56, -0.06)
140.13: (-0.83, 0.56, -0.06)
140.23: (-0.83, 0.56, -0.06)
140.34: (-0.77, 0.63, -0.04)
140.44: (-0.93, 0.33, -0.16)
140.56: (-0.95, -0.19, -0.26)
140.68: (-0.84, -0.51, -0.18)
140.79: (-0.64, -0.76, -0.10)
140.91: (-0.65, -0.75, -0.11)
141.01: (-0.65, -0.75, -0.11)
141.13: (-0.62, -0.78, -0.10)
141.24: (-0.09, -0.98, -0.19)
141.36: (0.52, -0.78, -0.36)
141.48: (0.70, -0.37, -0.61)
141.59: (0.87, 0.13, -0.48)
141.71: (0.90, 0.43, 0.06)
141.83: (0.63, 0.67, 0.40)
141.93: (0.33, 0.94, 0.10)
142.04: (0.03, 1.00, -0.04)
142.16: (0.03, 1.00, -0.04)
142.26: (0.03, 1.00, -0.04)
142.38: (0.03, 1.00, 0.06)
142.48: (-0.27, 0.90, 0.34)
142.59: (-0.70, 0.44, 0.56)
142.71: (-0.88, -0.04, 0.47)
142.81: (-0.89, -0.43, 0.15)
142.92: (-0.60, -0.75, -0.29)
143.02: (-0.17, -0.88, -0.44)
143.14: (0.37, -0.93, -0.08)
143.24: (0.35, -0.94, -0.07)
143.36: (0.35, -0.94, -0.07)
143.47: (0.00, -0.98, 0.20)
143.57: (0.13, -0.86, 0.50)
143.69: (0.62, -0.62, 0.48)
143.79: (0.59, -0.80, -0.05)
143.91: (0.08, -0.84, -0.53)
144.02: (0.36, -0.88, -0.30)
144.12: (0.60, -0.80, -0.06)
144.24: (0.69, -0.73, 0.02)
144.34: (0.76, -0.64, 0.14)
144.44: (0.81, -0.52, 0.27)
144.56: (0.81, -0.47, 0.35)
144.67: (0.80, -0.39, 0.45)
144.79: (0.78, -0.27, 0.57)
144.89: (0.75, -0.20, 0.63)
145.01: (0.72, -0.21, 0.66)
145.12: (0.65, -0.18, 0.74)
145.24: (0.64, -0.15, 0.76)
145.29: (0.64, -0.15, 0.76)
145.29: (-0.29, 0.17, 0.94): 1
145.36: (0.64, -0.15, 0.76)
145.47: (0.64, -0.15, 0.75)
145.57: (0.63, -0.22, 0.75)
145.69: (0.37, -0.58, 0.73)
145.81: (0.07, -0.71, 0.70)
145.92: (-0.39, -0.64, 0.66)
146.04: (-0.70, -0.21, 0.69)
146.14: (-0.77, 0.23, 0.60)
146.26: (-0.90, 0.31, 0.29)
146.37: (-0.85, 0.12, 0.51)
146.47: (-0.68, -0.01, 0.73)
146.59: (-0.43, 0.02, 0.90)
146.71: (-0.41, 0.10, 0.91)
146.82: (-0.42, 0.16, 0.89)
146.94: (-0.33, 0.22, 0.92)
147.06: (-0.30, 0.22, 0.93)
147.17: (-0.31, 0.21, 0.93)
147.24: (-0.31, 0.20, 0.93)
147.24: (0.24, -0.97, -0.02): 0
147.29: (-0.31, 0.20, 0.93)
147.41: (-0.31, 0.20, 0.93)
147.52: (-0.26, 0.10, 0.96)
147.64: (-0.23, -0.10, 0.97)
147.74: (-0.20, -0.49, 0.85)
147.86: (-0.10, -0.87, 0.48)
147.96: (0.11, -0.97, 0.24)
148.07: (0.36, -0.93, -0.07)
148.17: (0.39, -0.87, -0.31)
148.29: (0.31, -0.92, -0.23)
148.41: (0.26, -0.97, -0.06)
148.52: (0.26, -0.96, -0.05)
148.62: (0.27, -0.96, -0.05)
148.66: (0.27, -0.96, -0.05)
148.66: (-0.39, 0.65, 0.65): 1
148.74: (0.27, -0.96, -0.05)
148.86: (0.26, -0.96, -0.06)
148.97: (0.08, -0.98, -0.18)
149.07: (-0.25, -0.91, -0.33)
149.19: (-0.77, -0.57, -0.30)
149.31: (-0.89, -0.43, -0.15)
149.42: (-0.89, -0.43, -0.15)
149.54: (-0.89, -0.43, -0.15)
149.66: (-0.89, -0.43, -0.15)
149.77: (-0.93, -0.31, -0.19)
149.89: (-0.95, -0.01, -0.31)
149.99: (-0.88, 0.39, -0.27)
150.09: (-0.78, 0.63, -0.02)
150.21: (-0.64, 0.71, 0.29)
150.32: (-0.51, 0.62, 0.59)
150.42: (-0.43, 0.39, 0.82)
150.52: (-0.39, 0.26, 0.88)
150.64: (-0.41, 0.38, 0.83)
150.74: (-0.29, 0.58, 0.76)
150.86: (-0.25, 0.64, 0.72)
150.97: (-0.25, 0.64, 0.72)
151.09: (-0.26, 0.65, 0.71)
151.19: (-0.31, 0.66, 0.69)
151.31: (-0.38, 0.64, 0.67)
151.42: (-0.40, 0.61, 0.68)
151.51: (-0.40, 0.61, 0.68)
151.51: (0.34, -0.82, 0.46): 2
151.52: (-0.40, 0.61, 0.68)
151.64: (-0.40, 0.61, 0.68)
151.76: (-0.42, 0.50, 0.76)
151.87: (-0.40, 0.21, 0.89)
151.99: (-0.37, -0.17, 0.91)
152.09: (-0.44, -0.44, 0.78)
152.21: (-0.63, -0.58, 0.51)
152.32: (-0.88, -0.44, 0.17)
152.44: (-1.00, -0.03, -0.07)
152.56: (-0.90, 0.40, -0.18)
152.66: (-0.70, 0.68, -0.21)
152.77: (-0.40, 0.74, -0.54)
152.87: (-0.21, 0.37, -0.91)
152.97: (-0.21, 0.17, -0.96)
153.09: (-0.21, 0.18, -0.96)
153.21: (-0.25, 0.21, -0.94)
153.32: (-0.28, 0.12, -0.95)
153.44: (-0.29, -0.27, -0.92)
153.56: (-0.43, -0.71, -0.56)
153.67: (-0.59, -0.79, -0.16)
153.79: (-0.58, -0.80, 0.18)
153.91: (-0.33, -0.72, 0.61)
154.01: (-0.31, -0.47, 0.83)
154.12: (-0.42, -0.21, 0.88)
154.22: (-0.34, -0.33, 0.88)
154.34: (-0.05, -0.60, 0.80)
154.46: (0.22, -0.75, 0.63)
154.57: (0.25, -0.75, 0.61)
154.69: (0.29, -0.77, 0.57)
154.81: (0.33, -0.81, 0.48)
154.91: (0.33, -0.81, 0.48)
154.97: (0.33, -0.81, 0.48)
154.97: (-0.16, -0.96, 0.22): 1
155.02: (0.33, -0.81, 0.48)
155.14: (0.33, -0.81, 0.48)
155.26: (0.33, -0.81, 0.48)
155.37: (0.07, -0.93, 0.36)
155.49: (-0.20, -0.97, 0.16)
155.61: (-0.18, -0.96, 0.23)
155.72: (-0.10, -0.94, 0.32)
155.84: (-0.09, -0.94, 0.33)
155.96: (-0.02, -0.94, 0.33)
156.07: (0.07, -0.93, 0.36)
156.19: (0.09, -0.91, 0.39)
156.31: (0.08, -0.91, 0.41)
156.42: (-0.02, -0.93, 0.37)
156.52: (-0.10, -0.95, 0.29)
156.64: (-0.09, -0.95, 0.29)
156.71: (-0.09, -0.95, 0.30)
156.71: (-1.00, 0.01, -0.03): 1
156.76: (-0.09, -0.95, 0.30)
156.86: (-0.09, -0.95, 0.30)
156.97: (-0.09, -0.95, 0.29)
157.07: (-0.14, -0.98, 0.15)
157.19: (-0.12, -0.99, -0.05)
157.31: (0.04, -0.92, -0.38)
157.42: (0.17, -0.82, -0.55)
157.54: (0.23, -0.75, -0.61)
157.66: (0.32, -0.50, -0.81)
157.77: (0.48, -0.13, -0.87)
157.87: (0.46, 0.19, -0.87)
157.97: (0.30, 0.54, -0.78)
158.09: (0.19, 0.84, -0.51)
158.21: (0.45, 0.89, -0.04)
158.32: (0.71, 0.62, 0.34)
158.44: (0.86, 0.04, 0.50)
158.56: (0.92, -0.36, 0.12)
158.67: (0.83, -0.26, -0.49)
158.79: (0.41, 0.15, -0.90)
158.91: (-0.20, 0.67, -0.72)
159.02: (-0.55, 0.81, 0.21)
159.12: (-0.38, 0.48, 0.79)
159.24: (-0.14, -0.12, 0.98)
159.34: (-0.20, -0.56, 0.81)
159.45: (-0.25, -0.87, 0.42)
159.57: (-0.12, -0.95, 0.27)
159.69: (-0.12, -0.95, 0.27)
159.80: (-0.12, -0.95, 0.27)
159.92: (-0.12, -0.95, 0.27)
160.02: (-0.12, -0.95, 0.27)
160.14: (-0.56, -0.79, 0.26)
160.25: (-0.87, -0.38, 0.31)
160.37: (-0.96, -0.07, 0.29)
160.47: (-0.94, 0.25, 0.22)
160.57: (-0.95, 0.28, 0.10)
160.67: (-0.99, 0.10, 0.03)
160.79: (-1.00, 0.00, 0.03)
160.90: (-1.00, -0.02, 0.03)
160.94: (-1.00, -0.02, 0.03)
160.94: (0.87, 0.49, 0.12): 1
161.02: (-1.00, -0.02, 0.03)
161.14: (-1.00, -0.03, 0.03)
161.25: (-0.98, -0.17, 0.11)
161.37: (-0.89, -0.31, 0.33)
161.49: (-0.66, -0.49, 0.57)
161.59: (-0.47, -0.56, 0.68)
161.70: (-0.27, -0.66, 0.70)
161.80: (-0.11, -0.78, 0.61)
161.92: (0.10, -0.92, 0.39)
162.04: (0.24, -0.96, 0.14)
162.15: (0.24, -0.96, 0.17)
162.27: (0.24, -0.96, 0.17)
162.37: (0.23, -0.96, 0.17)
162.49: (0.22, -0.97, 0.12)
162.60: (0.32, -0.93, -0.19)
162.72: (0.38, -0.79, -0.48)
162.84: (0.34, -0.68, -0.65)
162.95: (0.18, -0.63, -0.76)
163.07: (-0.05, -0.54, -0.84)
163.19: (-0.28, -0.36, -0.89)
163.29: (-0.30, -0.38, -0.87)
163.40: (-0.30, -0.38, -0.87)
163.52: (-0.30, -0.38, -0.87)
163.62: (-0.31, -0.37, -0.87)
163.74: (-0.40, -0.22, -0.89)
163.84: (-0.43, 0.08, -0.90)
163.95: (-0.44, 0.41, -0.80)
164.07: (-0.47, 0.62, -0.63)
164.17: (-0.47, 0.78, -0.41)
164.29: (-0.15, 0.99, -0.02)
164.40: (0.02, 1.00, -0.09)
164.52: (0.02, 1.00, -0.09)
164.62: (0.02, 1.00, -0.09)
164.74: (0.18, 0.98, 0.05)
164.85: (0.44, 0.89, 0.15)
164.97: (0.68, 0.70, 0.23)
165.09: (0.75, 0.61, 0.24)
165.20: (0.79, 0.59, 0.18)
165.30: (0.80, 0.58, 0.15)
165.34: (0.80, 0.58, 0.15)
165.34: (-0.68, 0.40, -0.61): 2
165.42: (0.80, 0.58, 0.15)
165.54: (0.80, 0.59, 0.15)
165.65: (0.65, 0.74, 0.16)
165.77: (0.36, 0.91, 0.19)
165.87: (0.20, 0.98, 0.05)
165.97: (-0.07, 0.97, -0.22)
166.09: (-0.55, 0.64, -0.54)
166.19: (-0.77, 0.07, -0.64)
166.30: (-0.72, 0.01, -0.70)
166.42: (-0.73, 0.02, -0.69)
166.52: (-0.75, 0.14, -0.64)
166.64: (-0.71, 0.28, -0.65)
166.74: (-0.70, 0.29, -0.65)
166.84: (-0.69, 0.30, -0.65)
166.95: (-0.67, 0.37, -0.64)
167.00: (-0.66, 0.38, -0.64)
167.00: (0.57, 0.67, 0.47): 2
167.05: (-0.66, 0.38, -0.64)
167.15: (-0.62, 0.38, -0.68)
167.27: (-0.47, 0.37, -0.81)
167.39: (-0.15, 0.40, -0.90)
167.50: (0.21, 0.40, -0.89)
167.60: (0.56, 0.43, -0.71)
167.72: (0.67, 0.60, -0.43)
167.82: (0.67, 0.60, -0.43)
167.92: (0.67, 0.60, -0.43)
168.04: (0.65, 0.63, -0.43)
168.15: (0.70, 0.63, -0.34)
168.27: (0.82, 0.55, -0.17)
168.39: (0.85, 0.52, -0.09)
168.50: (0.81, 0.58, 0.12)
168.62: (0.72, 0.62, 0.30)
168.74: (0.70, 0.64, 0.32)
168.84: (0.67, 0.65, 0.36)
168.95: (0.62, 0.66, 0.42)
169.07: (0.60, 0.67, 0.44)
169.07: (1.00, 0.02, 0.07): 0
169.07: (0.60, 0.67, 0.44)
169.17: (0.60, 0.67, 0.44)
169.29: (0.60, 0.67, 0.44)
169.40: (0.58, 0.70, 0.41)
169.50: (0.50, 0.80, 0.33)
169.62: (0.24, 0.95, 0.19)
169.74: (-0.06, 0.97, -0.25)
169.85: (-0.17, 0.74, -0.65)
169.97: (-0.18, 0.39, -0.90)
170.07: (-0.07, 0.40, -0.91)
170.19: (-0.07, 0.40, -0.91)
170.30: (-0.07, 0.40, -0.91)
170.42: (-0.08, 0.31, -0.95)
170.52: (0.05, -0.17, -0.99)
170.64: (0.30, -0.53, -0.79)
170.75: (0.57, -0.51, -0.64)
170.87: (0.83, -0.43, -0.36)
170.99: (0.81, -0.58, -0.05)
171.10: (0.49, -0.83, 0.28)
171.22: (0.30, -0.87, 0.40)
171.34: (0.68, -0.70, 0.21)
171.45: (0.89, -0.43, 0.11)
171.55: (0.95, -0.27, 0.14)
171.67: (0.96, -0.20, 0.18)
171.77: (0.98, -0.11, 0.16)
171.87: (0.99, -0.05, 0.12)
171.99: (1.00, 0.00, 0.10)
172.09: (0.99, 0.03, 0.09)
172.09: (0.60, 0.71, 0.36): 1
172.10: (0.99, 0.03, 0.09)
172.22: (1.00, 0.00, 0.08)
172.34: (1.00, 0.01, -0.05)
172.45: (0.92, 0.26, -0.29)
172.55: (0.71, 0.53, -0.46)
172.67: (0.40, 0.75, -0.52)
172.77: (0.16, 0.79, -0.59)
172.89: (0.35, 0.86, -0.37)
173.00: (0.62, 0.78, 0.03)
173.10: (0.70, 0.70, 0.17)
173.22: (0.68, 0.71, 0.18)
173.34: (0.62, 0.75, 0.23)
173.45: (0.61, 0.73, 0.29)
173.54: (0.61, 0.73, 0.30)
173.54: (0.75, 0.64, 0.16): 1
173.55: (0.61, 0.73, 0.30)
173.67: (0.64, 0.71, 0.31)
173.79: (0.76, 0.53, 0.37)
173.90: (0.89, 0.36, 0.27)
174.02: (0.84, 0.50, 0.19)
174.14: (0.78, 0.59, 0.23)
174.25: (0.78, 0.59, 0.23)
174.29: (0.78, 0.59, 0.23)
174.29: (-0.22, 0.96, -0.15): 0
174.35: (0.78, 0.59, 0.23)
174.47: (0.79, 0.60, 0.11)
174.57: (0.82, 0.57, -0.10)
174.69: (0.81, 0.53, -0.25)
174.80: (0.69, 0.61, -0.39)
174.90: (0.44, 0.73, -0.52)
175.02: (0.09, 0.73, -0.68)
175.14: (-0.29, 0.43, -0.86)
175.24: (-0.34, 0.18, -0.92)
175.34: (-0.28, 0.26, -0.92)
175.45: (-0.28, 0.26, -0.92)
175.57: (-0.25, 0.26, -0.93)
175.69: (-0.27, 0.14, -0.95)
175.79: (-0.37, -0.05, -0.93)
175.90: (-0.25, -0.27, -0.93)
176.02: (0.12, -0.50, -0.86)
176.12: (0.51, -0.40, -0.76)
176.24: (0.82, -0.02, -0.58)
176.34: (0.87, 0.34, -0.35)
176.45: (0.72, 0.69, 0.00)
176.57: (0.41, 0.86, 0.29)
176.68: (-0.01, 0.91, 0.41)
176.80: (-0.46, 0.82, 0.34)
176.92: (-0.76, 0.63, 0.13)
177.02: (-0.71, 0.70, -0.10)
177.14: (-0.36, 0.90, -0.26)
177.25: (-0.24, 0.94, -0.23)
177.37: (-0.26, 0.95, -0.17)
177.45: (-0.28, 0.95, -0.15)
177.45: (0.42, -0.68, -0.59): 0
177.47: (-0.28, 0.95, -0.15)
177.58: (-0.27, 0.95, -0.16)
177.70: (-0.10, 0.96, -0.26)
177.82: (0.21, 0.88, -0.42)
177.93: (0.61, 0.52, -0.60)
178.03: (0.87, 0.08, -0.49)
178.15: (0.95, -0.29, -0.11)
178.25: (0.89, -0.35, 0.30)
178.37: (0.78, -0.12, 0.61)
178.47: (0.67, 0.13, 0.73)
178.58: (0.42, 0.20, 0.88)
178.70: (-0.01, -0.05, 1.00)
178.82: (0.16, -0.04, 0.99)
178.93: (0.16, -0.04, 0.99)
179.03: (0.17, -0.03, 0.99)
179.15: (0.09, -0.01, 1.00)
179.25: (-0.19, -0.19, 0.96)
179.35: (-0.48, -0.47, 0.74)
179.47: (-0.52, -0.76, 0.39)
179.58: (-0.42, -0.90, -0.09)
179.70: (-0.30, -0.81, -0.50)
179.82: (-0.29, -0.53, -0.80)
179.92: (-0.45, -0.22, -0.87)
180.03: (-0.54, -0.39, -0.75)
180.13: (-0.54, -0.39, -0.75)
180.25: (-0.54, -0.39, -0.75)
180.35: (-0.55, -0.32, -0.77)
180.47: (-0.35, -0.40, -0.84)
180.58: (-0.14, -0.61, -0.78)
180.70: (-0.04, -0.76, -0.65)
180.80: (0.00, -0.79, -0.62)
180.92: (0.10, -0.74, -0.66)
181.03: (0.26, -0.71, -0.66)
181.13: (0.35, -0.71, -0.62)
181.23: (0.37, -0.71, -0.60)
181.23: (-0.45, -0.65, 0.61): 2
181.23: (0.37, -0.71, -0.60)
181.35: (0.35, -0.71, -0.61)
181.47: (0.21, -0.76, -0.62)
181.58: (-0.08, -0.82, -0.56)
181.70: (-0.42, -0.80, -0.43)
181.82: (-0.77, -0.54, -0.33)
181.93: (-0.96, -0.16, -0.24)
182.05: (-1.00, 0.04, -0.07)
182.15: (-0.99, 0.06, 0.15)
182.27: (-0.93, 0.00, 0.36)
182.38: (-0.80, -0.14, 0.59)
182.50: (-0.61, -0.31, 0.73)
182.62: (-0.53, -0.44, 0.72)
182.72: (-0.59, -0.55, 0.59)
182.83: (-0.56, -0.66, 0.49)
182.95: (-0.52, -0.68, 0.52)
183.07: (-0.50, -0.67, 0.55)
183.07: (0.69, 0.69, -0.20): 1
183.07: (-0.50, -0.67, 0.55)
183.17: (-0.50, -0.67, 0.55)
183.28: (-0.54, -0.69, 0.49)
183.38: (-0.61, -0.76, 0.21)
183.50: (-0.62, -0.75, -0.23)
183.62: (-0.57, -0.49, -0.66)
183.72: (-0.56, -0.08, -0.82)
183.83: (-0.63, 0.38, -0.67)
183.95: (-0.61, 0.72, -0.31)
184.05: (-0.41, 0.91, 0.03)
184.17: (-0.05, 0.94, 0.32)
184.28: (0.23, 0.69, 0.69)
184.40: (0.26, 0.42, 0.87)
184.50: (0.26, 0.42, 0.87)
184.62: (0.26, 0.42, 0.87)
184.73: (0.26, 0.42, 0.87)
184.83: (0.28, 0.36, 0.89)
184.95: (0.54, 0.00, 0.84)
185.07: (0.76, -0.43, 0.48)
185.18: (0.83, -0.50, 0.23)
185.30: (0.90, -0.43, -0.07)
185.42: (0.74, -0.47, -0.48)
185.53: (0.43, -0.72, -0.55)
185.63: (0.24, -0.94, -0.24)
185.75: (0.14, -0.95, 0.29)
185.87: (0.25, -0.66, 0.70)
185.98: (0.49, -0.21, 0.84)
186.08: (0.74, 0.25, 0.62)
186.20: (0.82, 0.57, -0.01)
186.32: (0.58, 0.56, -0.59)
186.43: (0.51, 0.52, -0.68)
186.55: (0.66, 0.58, -0.49)
186.67: (0.69, 0.60, -0.40)
186.77: (0.69, 0.65, -0.32)
186.87: (0.70, 0.68, -0.22)
186.95: (0.70, 0.68, -0.20)
186.95: (0.96, -0.23, -0.15): 1
186.98: (0.70, 0.68, -0.20)
187.10: (0.71, 0.67, -0.21)
187.22: (0.81, 0.53, -0.23)
187.32: (0.94, 0.31, -0.18)
187.43: (0.99, -0.07, -0.12)
187.55: (0.91, -0.40, -0.11)
187.67: (0.91, -0.41, -0.07)
187.77: (0.97, -0.24, -0.07)
187.88: (0.98, -0.20, -0.07)
188.00: (0.97, -0.22, -0.08)
188.02: (0.97, -0.22, -0.08)
188.02: (0.91, 0.34, 0.22): 1
188.12: (0.97, -0.22, -0.08)
188.23: (0.97, -0.25, -0.06)
188.33: (0.95, -0.29, 0.08)
188.45: (0.98, -0.10, 0.17)
188.57: (0.99, 0.06, 0.13)
188.68: (0.99, 0.09, 0.15)
188.80: (0.96, 0.18, 0.21)
188.90: (0.93, 0.25, 0.25)
189.02: (0.91, 0.32, 0.25)
189.03: (0.91, 0.32, 0.25)
189.03: (0.88, 0.19, 0.43): 0
189.12: (0.91, 0.32, 0.25)
189.23: (0.91, 0.33, 0.24)
189.35: (0.87, 0.34, 0.37)
189.47: (0.86, 0.21, 0.47)
189.58: (0.88, 0.20, 0.44)
189.67: (0.88, 0.21, 0.43)
189.67: (-0.02, -0.99, -0.14): 2
189.68: (0.88, 0.21, 0.43)
189.80: (0.88, 0.21, 0.43)
189.92: (0.87, 0.24, 0.44)
190.03: (0.82, 0.26, 0.52)
190.15: (0.70, 0.15, 0.70)
190.27: (0.62, -0.14, 0.77)
190.38: (0.59, -0.44, 0.68)
190.50: (0.58, -0.66, 0.47)
190.62: (0.58, -0.78, 0.23)
190.73: (0.57, -0.82, 0.08)
190.85: (0.55, -0.83, -0.11)
190.95: (0.49, -0.84, -0.25)
191.07: (0.27, -0.91, -0.31)
191.18: (0.02, -0.99, -0.14)
191.30: (-0.01, -1.00, -0.07)
191.40: (-0.01, -1.00, -0.07)
191.40: (0.83, -0.47, -0.30): 2
191.42: (-0.01, -1.00, -0.07)
191.52: (-0.01, -1.00, -0.07)
191.62: (0.05, -1.00, -0.04)
191.73: (0.29, -0.93, 0.22)
191.85: (0.49, -0.73, 0.47)
191.97: (0.69, -0.45, 0.57)
192.08: (0.87, -0.19, 0.45)
192.18: (0.93, -0.22, 0.28)
192.30: (0.95, -0.31, 0.04)
192.42: (0.94, -0.31, -0.13)
192.53: (0.91, -0.34, -0.22)
192.65: (0.87, -0.42, -0.27)
192.75: (0.86, -0.43, -0.27)
192.75: (1.00, 0.03, 0.08): 1
192.75: (0.86, -0.43, -0.27)
192.85: (0.86, -0.43, -0.28)
192.97: (0.87, -0.39, -0.30)
193.07: (0.95, -0.21, -0.25)
193.18: (0.99, -0.16, -0.05)
193.30: (0.98, -0.19, 0.02)
193.40: (0.99, -0.09, 0.06)
193.52: (1.00, 0.00, 0.10)
193.57: (1.00, 0.00, 0.10)
193.57: (0.90, 0.25, 0.36): 1
193.63: (1.00, 0.00, 0.10)
193.75: (1.00, 0.01, 0.10)
193.85: (0.96, 0.04, 0.27)
193.97: (0.86, 0.20, 0.47)
194.08: (0.88, 0.26, 0.41)
194.20: (0.91, 0.24, 0.34)
194.32: (0.91, 0.24, 0.34)
194.42: (0.91, 0.24, 0.33)
194.45: (0.91, 0.24, 0.33)
194.45: (-0.80, 0.59, 0.13): 1
194.53: (0.91, 0.25, 0.33)
194.65: (0.87, 0.29, 0.40)
194.76: (0.75, 0.39, 0.54)
194.88: (0.51, 0.53, 0.68)
195.00: (0.28, 0.50, 0.82)
195.10: (0.16, 0.28, 0.95)
195.20: (0.16, -0.15, 0.97)
195.30: (0.24, -0.61, 0.75)
195.41: (0.30, -0.87, 0.40)
195.53: (0.56, -0.81, 0.19)
195.63: (0.85, -0.51, 0.15)
195.75: (0.99, -0.06, 0.15)
195.86: (0.91, 0.39, 0.10)
195.98: (0.80, 0.58, -0.13)
196.10: (0.56, 0.78, -0.27)
196.20: (0.24, 0.97, -0.03)
196.31: (-0.18, 0.90, 0.39)
196.41: (-0.58, 0.67, 0.47)
196.53: (-0.95, 0.25, 0.18)
196.65: (-1.00, 0.04, -0.01)
196.76: (-0.97, 0.24, 0.08)
196.88: (-0.82, 0.55, 0.18)
196.98: (-0.79, 0.58, 0.20)
197.08: (-0.79, 0.58, 0.18)
197.13: (-0.79, 0.58, 0.18)
197.13: (-0.33, 0.91, -0.26): 0
197.20: (-0.79, 0.58, 0.18)
197.31: (-0.74, 0.63, 0.22)
197.41: (-0.21, 0.88, 0.42)
197.53: (-0.21, 0.88, 0.42)
197.65: (-0.21, 0.88, 0.42)
197.76: (-0.24, 0.88, 0.42)
197.88: (-0.16, 0.95, 0.26)
198.00: (-0.07, 1.00, -0.01)
198.11: (-0.14, 0.99, -0.03)
198.23: (-0.27, 0.96, -0.06)
198.35: (-0.27, 0.95, -0.16)
198.45: (-0.26, 0.93, -0.25)
198.55: (-0.30, 0.90, -0.31)
198.56: (-0.30, 0.90, -0.31)
198.56: (-0.62, -0.33, 0.71): 2
198.66: (-0.30, 0.90, -0.31)
198.78: (-0.30, 0.90, -0.31)
198.90: (-0.21, 0.86, -0.47)
199.00: (-0.05, 0.72, -0.70)
199.11: (0.26, 0.50, -0.82)
199.23: (0.61, 0.34, -0.72)
199.33: (0.84, 0.21, -0.51)
199.45: (0.92, -0.03, -0.38)
199.55: (0.80, -0.27, -0.53)
199.66: (0.53, -0.37, -0.77)
199.78: (0.17, -0.10, -0.98)
199.90: (-0.18, 0.42, -0.89)
200.01: (-0.15, 0.81, -0.57)
200.11: (0.18, 0.98, -0.14)
200.23: (0.63, 0.73, 0.26)
200.35: (0.86, 0.28, 0.44)
200.46: (0.75, 0.00, 0.66)
200.56: (0.53, -0.10, 0.84)
200.68: (0.16, -0.15, 0.98)
200.78: (-0.15, -0.02, 0.99)
200.90: (-0.49, 0.43, 0.76)
201.01: (-0.47, 0.77, 0.44)
201.13: (-0.45, 0.74, 0.50)
201.25: (-0.58, 0.49, 0.65)
201.36: (-0.67, 0.30, 0.68)
201.46: (-0.70, 0.22, 0.68)
201.56: (-0.72, 0.08, 0.69)
201.68: (-0.70, -0.18, 0.70)
201.80: (-0.67, -0.25, 0.69)
201.90: (-0.66, -0.25, 0.70)
202.01: (-0.64, -0.28, 0.71)
202.13: (-0.60, -0.33, 0.73)
202.21: (-0.59, -0.35, 0.73)
202.21: (0.77, 0.62, 0.17): 1
202.25: (-0.59, -0.35, 0.73)
202.36: (-0.58, -0.33, 0.74)
202.48: (-0.45, -0.14, 0.88)
202.58: (-0.23, 0.13, 0.96)
202.70: (0.00, 0.43, 0.90)
202.80: (0.30, 0.62, 0.72)
202.91: (0.76, 0.54, 0.36)
203.03: (0.98, 0.22, 0.00)
203.13: (0.98, 0.03, -0.17)
203.25: (0.96, 0.28, -0.05)
203.36: (0.92, 0.40, 0.04)
203.48: (0.90, 0.42, 0.06)
203.60: (0.84, 0.53, 0.13)
203.71: (0.82, 0.55, 0.14)
203.81: (0.79, 0.60, 0.15)
203.93: (0.77, 0.62, 0.15)
203.96: (0.77, 0.62, 0.15)
203.96: (-0.57, 0.82, 0.06): 0
204.03: (0.77, 0.62, 0.15)
204.15: (0.79, 0.58, 0.21)
204.26: (0.81, 0.38, 0.45)
204.38: (0.72, -0.04, 0.70)
204.48: (0.55, -0.35, 0.75)
204.60: (0.18, -0.56, 0.81)
204.71: (-0.30, -0.31, 0.90)
204.83: (-0.46, 0.14, 0.88)
204.93: (-0.27, 0.47, 0.84)
205.05: (0.18, 0.75, 0.64)
205.16: (0.61, 0.68, 0.40)
205.28: (0.91, 0.37, 0.18)
205.38: (0.99, -0.09, 0.13)
205.50: (0.78, -0.60, 0.18)
205.60: (0.33, -0.88, 0.35)
205.71: (-0.33, -0.71, 0.62)
205.81: (-0.68, -0.26, 0.68)
205.93: (-0.74, 0.38, 0.56)
206.05: (-0.37, 0.83, 0.42)
206.16: (-0.36, 0.83, 0.42)
206.28: (-0.36, 0.83, 0.42)
206.40: (-0.36, 0.83, 0.42)
206.51: (-0.35, 0.88, 0.33)
206.63: (-0.37, 0.90, 0.23)
206.73: (-0.43, 0.89, 0.12)
206.85: (-0.53, 0.84, 0.09)
206.96: (-0.57, 0.81, 0.11)
207.01: (-0.57, 0.81, 0.11)
207.01: (-0.83, 0.24, -0.51): 2
207.06: (-0.57, 0.82, 0.10)
207.18: (-0.54, 0.83, 0.13)
207.30: (-0.36, 0.91, 0.18)
207.41: (-0.02, 0.94, 0.34)
207.53: (0.34, 0.70, 0.63)
207.65: (0.53, 0.22, 0.82)
207.76: (0.43, -0.25, 0.87)
207.88: (0.62, -0.30, 0.72)
208.00: (0.94, -0.16, 0.31)
208.10: (0.99, -0.11, -0.06)
208.21: (0.88, -0.16, -0.45)
208.33: (0.68, -0.52, -0.52)
208.45: (0.37, -0.88, -0.29)
208.56: (0.16, -0.99, -0.03)
208.68: (0.16, -0.99, -0.03)
208.78: (0.16, -0.99, -0.03)
208.88: (0.16, -0.99, -0.03)
209.00: (0.16, -0.99, -0.03)
209.11: (-0.16, -0.97, -0.20)
209.23: (-0.69, -0.50, -0.51)
209.35: (-0.80, 0.21, -0.56)
209.45: (-0.82, 0.53, -0.23)
209.55: (-0.76, 0.63, 0.16)
209.66: (-0.78, 0.62, 0.10)
209.78: (-0.85, 0.51, -0.14)
209.90: (-0.88, 0.37, -0.30)
210.01: (-0.88, 0.33, -0.33)
210.13: (-0.87, 0.28, -0.41)
210.23: (-0.85, 0.24, -0.46)
210.28: (-0.85, 0.24, -0.46)
210.28: (-0.02, -0.71, 0.71): 0
210.35: (-0.85, 0.24, -0.46)
210.45: (-0.85, 0.25, -0.47)
210.55: (-0.73, 0.35, -0.59)
210.66: (-0.46, 0.42, -0.78)
210.76: (-0.10, 0.30, -0.95)
210.88: (0.07, 0.20, -0.98)
210.98: (-0.03, 0.04, -1.00)
211.09: (-0.48, -0.31, -0.82)
211.19: (-0.76, -0.50, -0.42)
211.30: (-0.89, -0.44, 0.11)
211.41: (-0.78, -0.07, 0.63)
211.53: (-0.50, 0.05, 0.87)
211.63: (-0.21, -0.09, 0.97)
211.74: (0.11, -0.33, 0.94)
211.84: (0.44, -0.36, 0.82)
211.96: (0.71, -0.15, 0.69)
212.06: (0.69, -0.18, 0.70)
212.18: (0.39, -0.48, 0.79)
212.29: (0.03, -0.66, 0.75)
212.39: (-0.02, -0.68, 0.73)
212.48: (-0.03, -0.69, 0.72)
212.48: (-0.69, -0.04, 0.72): 1
212.51: (-0.03, -0.69, 0.72)
212.61: (-0.03, -0.69, 0.72)
212.73: (-0.19, -0.64, 0.75)
212.84: (-0.55, -0.44, 0.71)
212.96: (-0.82, -0.09, 0.57)
213.08: (-0.91, 0.29, 0.30)
213.18: (-0.83, 0.54, 0.13)
213.29: (-0.59, 0.73, 0.35)
213.41: (-0.68, 0.55, 0.48)
213.53: (-0.80, 0.25, 0.55)
213.64: (-0.83, 0.10, 0.55)
213.74: (-0.81, 0.07, 0.58)
213.86: (-0.71, 0.00, 0.70)
213.98: (-0.66, -0.01, 0.76)
214.03: (-0.66, -0.01, 0.76)
214.03: (0.19, 0.41, -0.89): 1
214.08: (-0.66, -0.01, 0.76)
214.18: (-0.66, 0.01, 0.75)
214.29: (-0.71, 0.21, 0.67)
214.39: (-0.69, 0.47, 0.54)
214.51: (-0.55, 0.78, 0.29)
214.63: (-0.42, 0.89, -0.18)
214.73: (-0.43, 0.68, -0.59)
214.84: (-0.61, 0.29, -0.73)
214.96: (-0.72, -0.33, -0.62)
215.08: (-0.62, -0.60, -0.50)
215.19: (-0.62, -0.60, -0.50)
215.29: (-0.62, -0.60, -0.50)
215.39: (-0.62, -0.60, -0.50)
215.49: (-0.62, -0.60, -0.50)
215.59: (-0.63, -0.60, -0.49)
215.71: (-0.63, -0.60, -0.49)
215.83: (-0.64, -0.60, -0.49)
215.94: (-0.52, -0.65, -0.55)
216.04: (-0.23, -0.59, -0.78)
216.16: (0.02, -0.35, -0.94)
216.26: (0.06, -0.08, -0.99)
216.38: (0.08, 0.26, -0.96)
216.48: (0.10, 0.39, -0.92)
216.59: (0.13, 0.37, -0.92)
216.71: (0.17, 0.35, -0.92)
216.78: (0.17, 0.35, -0.92)
216.78: (0.36, 0.86, 0.36): 0
216.81: (0.17, 0.35, -0.92)
216.93: (0.17, 0.34, -0.92)
217.04: (0.14, 0.17, -0.97)
217.16: (0.04, -0.23, -0.97)
217.28: (0.04, -0.57, -0.82)
217.39: (0.15, -0.82, -0.55)
217.49: (0.23, -0.94, -0.26)
217.61: (0.32, -0.94, 0.11)
217.73: (0.43, -0.81, 0.39)
217.84: (0.40, -0.69, 0.60)
217.96: (0.07, -0.63, 0.78)
218.08: (-0.33, -0.66, 0.67)
218.19: (-0.57, -0.71, 0.41)
218.31: (-0.65, -0.76, 0.02)
218.43: (-0.65, -0.76, -0.03)
218.54: (-0.64, -0.69, 0.34)
218.66: (-0.45, -0.67, 0.59)
218.78: (-0.04, -0.72, 0.69)
218.88: (0.30, -0.71, 0.64)
218.99: (0.57, -0.64, 0.52)
219.09: (0.62, -0.60, 0.50)
219.21: (0.62, -0.60, 0.50)
219.33: (0.62, -0.60, 0.50)
219.43: (0.51, -0.80, 0.31)
219.54: (0.19, -0.98, -0.08)
219.66: (-0.09, -0.95, -0.30)
219.78: (-0.40, -0.77, -0.49)
219.89: (-0.62, -0.52, -0.59)
220.01: (-0.76, -0.20, -0.62)
220.13: (-0.82, 0.06, -0.57)
220.24: (-0.88, 0.18, -0.44)
220.36: (-0.92, 0.34, -0.22)
220.46: (-0.89, 0.46, -0.04)
220.58: (-0.90, 0.39, 0.20)
220.69: (-0.89, 0.11, 0.43)
220.81: (-0.84, -0.18, 0.51)
220.93: (-0.83, -0.38, 0.41)
221.03: (-0.78, -0.55, 0.30)
221.14: (-0.63, -0.77, 0.12)
221.24: (-0.50, -0.87, 0.02)
221.36: (-0.32, -0.94, 0.11)
221.48: (-0.06, -0.96, 0.28)
221.59: (0.11, -0.90, 0.41)
221.71: (0.24, -0.84, 0.49)
221.81: (0.33, -0.75, 0.57)
221.93: (0.26, -0.80, 0.54)
222.04: (-0.28, -0.95, 0.13)
222.16: (-0.58, -0.73, -0.36)
222.28: (-0.66, -0.33, -0.67)
222.39: (-0.57, 0.12, -0.81)
222.51: (-0.37, 0.52, -0.77)
222.63: (-0.09, 0.82, -0.56)
222.73: (0.16, 0.94, -0.29)
222.84: (0.44, 0.89, 0.08)
222.96: (0.61, 0.68, 0.41)
223.08: (0.66, 0.45, 0.60)
223.18: (0.63, 0.50, 0.59)
223.29: (0.52, 0.70, 0.49)
223.39: (0.43, 0.81, 0.40)
223.51: (0.42, 0.82, 0.40)
223.53: (0.42, 0.82, 0.40)
223.53: (-0.72, -0.10, 0.69): 0
223.63: (0.42, 0.82, 0.40)
223.74: (0.41, 0.84, 0.36)
223.86: (0.33, 0.93, 0.13)
223.96: (0.19, 0.97, -0.17)
224.08: (-0.11, 0.89, -0.44)
224.19: (-0.48, 0.76, -0.44)
224.31: (-0.76, 0.55, -0.35)
224.43: (-0.93, 0.26, -0.25)
224.53: (-0.99, 0.00, -0.10)
224.63: (-0.98, -0.21, -0.06)
224.74: (-0.87, -0.49, -0.02)
224.86: (-0.76, -0.64, 0.15)
224.96: (-0.73, -0.56, 0.39)
225.08: (-0.71, -0.34, 0.62)
225.19: (-0.71, -0.19, 0.68)
225.31: (-0.69, -0.12, 0.71)
225.34: (-0.69, -0.11, 0.71)
225.34: (1.00, 0.05, 0.01): 0
225.41: (-0.69, -0.11, 0.71)
225.53: (-0.70, -0.10, 0.71)
225.64: (-0.74, -0.02, 0.67)
225.76: (-0.85, 0.11, 0.51)
225.86: (-0.95, 0.19, 0.26)
225.96: (-1.00, 0.07, -0.01)
226.08: (-0.95, -0.27, -0.16)
226.18: (-0.80, -0.57, -0.16)
226.29: (-0.51, -0.84, -0.17)
226.41: (-0.12, -0.96, -0.25)
226.51: (0.19, -0.92, -0.35)
226.63: (0.33, -0.77, -0.54)
226.74: (0.25, -0.55, -0.80)
226.86: (0.05, -0.20, -0.98)
226.98: (-0.18, 0.11, -0.98)
227.09: (-0.47, 0.30, -0.83)
227.21: (-0.80, 0.29, -0.53)
227.31: (-0.96, -0.06, -0.26)
227.41: (-0.87, -0.36, -0.35)
227.53: (-0.36, -0.44, -0.82)
227.64: (0.25, -0.28, -0.93)
227.76: (0.68, -0.27, -0.68)
227.86: (0.82, -0.49, -0.30)
227.97: (0.70, -0.69, 0.20)
228.09: (0.44, -0.66, 0.62)
228.21: (0.10, -0.42, 0.90)
228.32: (-0.46, -0.03, 0.89)
228.42: (-0.57, -0.12, 0.81)
228.54: (-0.54, -0.14, 0.83)
228.66: (-0.54, -0.14, 0.83)
228.77: (-0.54, -0.28, 0.80)
228.89: (-0.56, -0.54, 0.63)
229.01: (-0.49, -0.81, 0.32)
229.11: (-0.46, -0.89, -0.03)
229.22: (-0.41, -0.84, -0.36)
229.34: (-0.28, -0.70, -0.66)
229.46: (-0.02, -0.61, -0.79)
229.57: (0.13, -0.63, -0.76)
229.67: (0.17, -0.76, -0.62)
229.79: (0.21, -0.93, -0.29)
229.89: (0.07, -0.99, 0.13)
230.01: (-0.26, -0.83, 0.50)
230.12: (-0.66, -0.57, 0.49)
230.22: (-0.91, -0.38, 0.18)
230.34: (-0.94, -0.19, -0.28)
230.46: (-0.85, -0.07, -0.52)
230.57: (-0.71, 0.04, -0.70)
230.69: (-0.46, 0.22, -0.86)
230.81: (-0.35, 0.30, -0.89)
230.92: (-0.42, 0.31, -0.85)
231.04: (-0.61, 0.35, -0.71)
231.16: (-0.77, 0.38, -0.52)
231.26: (-0.81, 0.48, -0.32)
231.37: (-0.78, 0.63, -0.04)
231.49: (-0.68, 0.71, 0.20)
231.61: (-0.57, 0.70, 0.42)
231.71: (-0.51, 0.60, 0.62)
231.82: (-0.53, 0.48, 0.70)
231.92: (-0.75, 0.39, 0.54)
232.04: (-0.94, 0.31, 0.15)
232.16: (-0.95, 0.17, -0.26)
232.27: (-0.75, 0.00, -0.66)
232.39: (-0.38, -0.21, -0.90)
232.49: (-0.04, -0.38, -0.92)
232.61: (0.36, -0.48, -0.80)
232.72: (0.69, -0.49, -0.53)
232.84: (0.90, -0.40, -0.17)
232.94: (0.95, -0.28, 0.14)
233.06: (0.92, -0.14, 0.36)
233.16: (0.94, -0.07, 0.34)
233.26: (0.98, -0.01, 0.22)
233.37: (0.99, 0.01, 0.11)
233.49: (1.00, 0.02, 0.06)
233.51: (1.00, 0.02, 0.06)
233.51: (0.94, -0.06, -0.34): 2
233.61: (1.00, 0.01, 0.05)
233.71: (0.99, -0.07, -0.13)
233.82: (0.85, -0.23, -0.47)
233.94: (0.77, -0.23, -0.60)
234.04: (0.86, -0.13, -0.49)
234.16: (0.93, -0.06, -0.35)
234.27: (0.94, -0.06, -0.34)
234.31: (0.94, -0.06, -0.34)
234.31: (0.74, -0.27, 0.61): 1
234.39: (0.94, -0.06, -0.34)
234.49: (0.89, -0.10, -0.44)
234.61: (0.74, -0.20, -0.64)
234.72: (0.57, -0.29, -0.77)
234.84: (0.35, -0.38, -0.86)
234.96: (0.15, -0.43, -0.89)
235.07: (-0.06, -0.51, -0.86)
235.19: (-0.22, -0.60, -0.77)
235.29: (-0.27, -0.72, -0.65)
235.41: (-0.30, -0.83, -0.47)
235.52: (-0.28, -0.92, -0.27)
235.62: (-0.19, -0.98, -0.02)
235.74: (0.01, -0.91, 0.42)
235.86: (-0.05, -0.94, 0.35)
235.97: (-0.05, -0.94, 0.35)
236.09: (-0.05, -0.94, 0.35)
236.21: (0.09, -0.86, 0.50)
236.32: (0.23, -0.66, 0.71)
236.44: (0.38, -0.45, 0.81)
236.56: (0.48, -0.33, 0.81)
236.67: (0.58, -0.34, 0.74)
236.79: (0.71, -0.29, 0.64)
236.87: (0.74, -0.26, 0.62)
236.87: (0.66, -0.75, 0.05): 2
236.91: (0.74, -0.26, 0.62)
237.02: (0.73, -0.26, 0.63)
237.12: (0.74, -0.27, 0.62)
237.24: (0.77, -0.47, 0.43)
237.36: (0.76, -0.62, 0.20)
237.46: (0.76, -0.63, 0.17)
237.57: (0.74, -0.65, 0.19)
237.69: (0.63, -0.77, 0.09)
237.81: (0.63, -0.77, 0.07)
237.87: (0.63, -0.77, 0.07)
237.87: (-0.37, -0.08, -0.92): 2
237.91: (0.63, -0.77, 0.07)
238.02: (0.62, -0.78, 0.07)
238.14: (0.51, -0.86, -0.01)
238.26: (0.38, -0.92, 0.00)
238.36: (0.24, -0.97, 0.09)
238.46: (0.10, -0.97, 0.22)
238.57: (-0.12, -0.92, 0.38)
238.69: (-0.39, -0.77, 0.50)
238.81: (-0.58, -0.61, 0.53)
238.92: (-0.69, -0.47, 0.54)
239.04: (-0.78, -0.28, 0.56)
239.16: (-0.85, -0.06, 0.52)
239.27: (-0.94, 0.12, 0.32)
239.39: (-0.98, 0.19, 0.02)
239.49: (-0.99, 0.14, -0.09)
239.61: (-0.99, 0.14, -0.08)
239.72: (-0.99, 0.14, -0.08)
239.82: (-0.99, 0.14, -0.08)
239.94: (-0.98, 0.14, -0.10)
240.06: (-0.97, 0.26, -0.04)
240.17: (-0.88, 0.43, 0.18)
240.29: (-0.77, 0.53, 0.36)
240.41: (-0.73, 0.63, 0.27)
240.52: (-0.68, 0.72, 0.11)
240.64: (-0.58, 0.76, 0.28)
240.74: (-0.56, 0.71, 0.44)
240.86: (-0.62, 0.58, 0.53)
240.97: (-0.70, 0.46, 0.55)
241.09: (-0.76, 0.36, 0.55)
241.21: (-0.83, 0.19, 0.52)
241.32: (-0.93, 0.06, 0.37)
241.44: (-0.99, -0.09, 0.09)
241.54: (-0.95, -0.30, 0.01)
241.66: (-0.85, -0.52, -0.10)
241.77: (-0.76, -0.49, -0.42)
241.89: (-0.80, -0.25, -0.55)
241.99: (-0.91, -0.06, -0.41)
242.09: (-0.93, 0.06, -0.37)
242.21: (-0.72, 0.04, -0.69)
242.32: (-0.51, -0.02, -0.86)
242.42: (-0.50, -0.08, -0.86)
242.54: (-0.49, -0.09, -0.87)
242.66: (-0.40, -0.06, -0.92)
242.74: (-0.38, -0.06, -0.92)
242.74: (-0.97, -0.23, 0.12): 0
242.77: (-0.38, -0.06, -0.92)
242.89: (-0.42, -0.04, -0.91)
243.01: (-0.54, 0.09, -0.84)
243.11: (-0.71, 0.31, -0.63)
243.21: (-0.86, 0.45, -0.24)
243.32: (-0.87, 0.47, 0.13)
243.44: (-0.88, 0.31, 0.36)
243.56: (-0.94, 0.07, 0.34)
243.67: (-0.98, 0.00, 0.19)
243.79: (-0.98, -0.06, 0.17)
243.89: (-0.96, -0.20, 0.19)
243.99: (-0.96, -0.21, 0.18)
244.01: (-0.96, -0.21, 0.18)
244.01: (-0.94, -0.21, -0.27): 2
244.11: (-0.96, -0.21, 0.18)
244.22: (-0.96, -0.22, 0.17)
244.32: (-0.96, -0.26, 0.05)
244.44: (-0.95, -0.26, -0.16)
244.54: (-0.94, -0.25, -0.22)
244.64: (-0.94, -0.25, -0.22)
244.72: (-0.94, -0.25, -0.22)
244.72: (-0.92, -0.25, -0.30): 0
244.75: (-0.94, -0.25, -0.22)
244.87: (-0.94, -0.25, -0.22)
244.99: (-0.94, -0.23, -0.24)
245.09: (-0.94, -0.23, -0.24)
245.19: (-0.94, -0.23, -0.24)
245.19: (-0.77, 0.64, -0.02): 2
245.21: (-0.94, -0.23, -0.24)
245.32: (-0.94, -0.23, -0.25)
245.44: (-0.93, -0.24, -0.27)
245.55: (-0.90, -0.07, -0.44)
245.67: (-0.82, 0.32, -0.48)
245.79: (-0.87, 0.41, -0.26)
245.90: (-0.88, 0.47, -0.06)
246.00: (-0.86, 0.52, -0.01)
246.10: (-0.80, 0.59, -0.07)
246.22: (-0.76, 0.64, -0.08)
246.24: (-0.76, 0.64, -0.08)
246.24: (-0.50, -0.50, 0.71): 2
246.34: (-0.76, 0.64, -0.08)
246.45: (-0.78, 0.63, 0.00)
246.57: (-0.77, 0.63, 0.07)
246.67: (-0.77, 0.60, 0.22)
246.79: (-0.67, 0.51, 0.53)
246.90: (-0.48, 0.49, 0.73)
247.00: (-0.27, 0.55, 0.79)
247.12: (0.06, 0.56, 0.82)
247.24: (0.35, 0.44, 0.83)
247.35: (0.50, 0.22, 0.84)
247.47: (0.55, 0.05, 0.83)
247.59: (0.53, -0.09, 0.84)
247.70: (0.38, -0.28, 0.88)
247.80: (0.16, -0.41, 0.90)
247.92: (-0.11, -0.46, 0.88)
248.02: (-0.35, -0.44, 0.83)
248.14: (-0.48, -0.46, 0.75)
248.25: (-0.50, -0.48, 0.72)
248.37: (-0.48, -0.47, 0.74)
248.49: (-0.42, -0.45, 0.79)
248.50: (-0.42, -0.45, 0.79)
248.50: (-0.77, -0.39, -0.51): 0
248.60: (-0.42, -0.45, 0.79)
248.70: (-0.43, -0.45, 0.79)
248.80: (-0.43, -0.44, 0.79)
248.92: (-0.46, -0.32, 0.83)
249.02: (-0.51, -0.10, 0.86)
249.14: (-0.56, 0.40, 0.73)
249.25: (-0.51, 0.78, 0.37)
249.37: (-0.48, 0.88, 0.01)
249.49: (-0.46, 0.81, -0.38)
249.60: (-0.31, 0.73, -0.61)
249.70: (-0.30, 0.75, -0.59)
249.82: (-0.30, 0.75, -0.59)
249.94: (-0.30, 0.75, -0.59)
250.05: (-0.30, 0.75, -0.59)
250.17: (-0.18, 0.65, -0.74)
250.29: (-0.04, 0.52, -0.86)
250.40: (0.17, 0.19, -0.97)
250.52: (0.37, 0.02, -0.93)
250.62: (0.46, 0.01, -0.89)
250.74: (0.57, -0.02, -0.82)
250.85: (0.70, -0.01, -0.72)
250.97: (0.84, 0.12, -0.53)
251.09: (0.87, 0.36, -0.33)
251.20: (0.80, 0.55, -0.23)
251.32: (0.67, 0.73, -0.11)
251.44: (0.45, 0.89, 0.03)
251.55: (0.29, 0.95, 0.11)
251.65: (0.11, 0.98, 0.19)
251.77: (0.01, 0.98, 0.22)
251.89: (-0.17, 0.98, 0.13)
252.00: (-0.43, 0.90, -0.12)
252.10: (-0.58, 0.76, -0.31)
252.22: (-0.70, 0.51, -0.50)
252.34: (-0.71, 0.18, -0.68)
252.45: (-0.56, -0.07, -0.83)
252.57: (-0.36, -0.21, -0.91)
252.69: (-0.42, -0.33, -0.85)
252.80: (-0.71, -0.38, -0.59)
252.92: (-0.82, -0.35, -0.45)
253.04: (-0.82, -0.35, -0.45)
253.14: (-0.80, -0.34, -0.50)
253.25: (-0.77, -0.34, -0.54)
253.35: (-0.77, -0.34, -0.54)
253.37: (-0.77, -0.34, -0.54)
253.37: (0.97, -0.09, -0.22): 2
253.45: (-0.77, -0.34, -0.54)
253.57: (-0.79, -0.29, -0.54)
253.69: (-0.82, -0.04, -0.58)
253.80: (-0.79, 0.33, -0.52)
253.92: (-0.68, 0.64, -0.36)
254.02: (-0.44, 0.88, -0.20)
254.14: (-0.01, 1.00, -0.08)
254.25: (0.49, 0.87, -0.08)
254.37: (0.80, 0.59, 0.05)
254.49: (0.82, 0.35, 0.44)
254.60: (0.81, 0.37, 0.45)
254.72: (0.81, 0.37, 0.45)
254.84: (0.88, 0.33, 0.34)
254.95: (0.99, 0.03, -0.13)
255.05: (0.99, 0.02, -0.14)
255.17: (0.99, 0.02, -0.14)
255.29: (0.98, -0.05, -0.19)
255.40: (0.97, -0.09, -0.21)
255.50: (0.98, -0.09, -0.20)
255.50: (0.39, -0.63, -0.67): 0
255.52: (0.98, -0.09, -0.20)
255.64: (0.98, -0.09, -0.20)
255.74: (0.98, -0.09, -0.20)
255.85: (0.98, -0.09, -0.20)
255.97: (0.98, -0.09, -0.20)
256.07: (0.96, -0.04, -0.28)
256.17: (0.88, 0.18, -0.43)
256.29: (0.71, 0.31, -0.63)
256.40: (0.50, 0.28, -0.82)
256.52: (0.29, 0.08, -0.95)
256.64: (0.12, -0.26, -0.96)
256.75: (0.19, -0.13, -0.97)
256.87: (0.23, -0.12, -0.97)
256.97: (0.31, -0.20, -0.93)
257.07: (0.33, -0.47, -0.82)
257.19: (0.31, -0.54, -0.78)
257.30: (0.37, -0.52, -0.77)
257.42: (0.41, -0.53, -0.75)
257.54: (0.41, -0.55, -0.73)
257.59: (0.40, -0.57, -0.71)
257.59: (-0.66, 0.09, -0.75): 0
257.64: (0.40, -0.58, -0.71)
257.74: (0.39, -0.58, -0.71)
257.85: (0.32, -0.59, -0.75)
257.95: (0.16, -0.56, -0.81)
258.07: (-0.01, -0.39, -0.92)
258.19: (-0.28, -0.17, -0.94)
258.29: (-0.42, -0.01, -0.91)
258.40: (-0.38, 0.09, -0.92)
258.52: (-0.42, 0.11, -0.90)
258.64: (-0.54, 0.07, -0.84)
258.75: (-0.61, 0.06, -0.79)
258.84: (-0.63, 0.07, -0.78)
258.84: (-0.91, -0.40, 0.08): 2
258.87: (-0.63, 0.07, -0.78)
258.99: (-0.64, 0.08, -0.76)
259.10: (-0.69, 0.11, -0.72)
259.20: (-0.72, 0.17, -0.67)
259.32: (-0.76, 0.35, -0.55)
259.42: (-0.75, 0.54, -0.39)
259.54: (-0.72, 0.66, -0.22)
259.65: (-0.66, 0.75, -0.08)
259.75: (-0.47, 0.87, -0.13)
259.87: (-0.17, 0.94, -0.29)
259.99: (0.10, 0.91, -0.40)
260.10: (0.33, 0.83, -0.45)
260.20: (0.49, 0.73, -0.48)
260.30: (0.54, 0.69, -0.49)
260.42: (0.36, 0.77, -0.53)
260.52: (-0.11, 0.83, -0.54)
260.64: (-0.64, 0.63, -0.44)
260.74: (-0.87, 0.37, -0.32)
260.84: (-0.97, 0.06, -0.24)
260.95: (-0.93, -0.24, -0.28)
261.07: (-0.87, -0.41, -0.28)
261.19: (-0.88, -0.43, -0.20)
261.30: (-0.91, -0.42, -0.01)
261.40: (-0.91, -0.40, 0.08)
261.49: (-0.91, -0.39, 0.09)
261.49: (0.99, 0.05, 0.09): 1
261.52: (-0.92, -0.39, 0.09)
261.64: (-0.91, -0.41, 0.07)
261.75: (-0.87, -0.49, -0.02)
261.87: (-0.89, -0.44, -0.13)
261.97: (-0.89, -0.44, -0.13)
262.08: (-0.87, -0.45, -0.18)
262.20: (-0.73, -0.67, -0.10)
262.32: (-0.56, -0.82, -0.09)
262.43: (-0.25, -0.96, -0.15)
262.53: (0.07, -0.97, -0.23)
262.65: (0.32, -0.92, -0.22)
262.77: (0.54, -0.84, -0.07)
262.88: (0.72, -0.70, 0.05)
263.00: (0.76, -0.64, 0.13)
263.12: (0.67, -0.64, 0.37)
263.23: (0.51, -0.65, 0.56)
263.33: (0.30, -0.65, 0.70)
263.45: (0.02, -0.60, 0.80)
263.55: (-0.12, -0.61, 0.78)
263.65: (-0.17, -0.66, 0.73)
263.77: (-0.27, -0.69, 0.67)
263.88: (-0.37, -0.67, 0.64)
264.00: (-0.44, -0.65, 0.62)
264.10: (-0.46, -0.73, 0.51)
264.22: (-0.35, -0.88, 0.33)
264.33: (-0.24, -0.95, 0.21)
264.45: (-0.15, -0.98, 0.12)
264.57: (0.04, -1.00, -0.09)
264.67: (0.21, -0.92, -0.34)
264.78: (0.32, -0.77, -0.55)
264.90: (0.40, -0.63, -0.67)
265.02: (0.52, -0.49, -0.70)
265.12: (0.75, -0.34, -0.57)
265.23: (0.94, -0.22, -0.26)
265.35: (1.00, 0.09, -0.01)
265.45: (0.92, 0.37, 0.14)
265.57: (0.91, 0.37, 0.19)
265.68: (0.97, 0.18, 0.17)
265.80: (0.98, 0.09, 0.15)
265.92: (0.99, 0.07, 0.12)
265.95: (0.99, 0.07, 0.11)
265.95: (0.95, -0.28, 0.17): 2
266.03: (0.99, 0.07, 0.11)
266.15: (1.00, 0.01, 0.01)
266.25: (0.98, -0.16, -0.15)
266.35: (0.96, -0.30, -0.02)
266.47: (0.96, -0.22, 0.17)
266.58: (0.96, -0.21, 0.18)
266.70: (0.96, -0.23, 0.14)
266.75: (0.96, -0.24, 0.13)
266.75: (0.12, -0.66, 0.74): 2
266.82: (0.96, -0.24, 0.13)
266.92: (0.96, -0.24, 0.13)
267.03: (0.94, -0.34, 0.08)
267.13: (0.90, -0.44, -0.01)
267.25: (0.87, -0.49, -0.06)
267.37: (0.82, -0.55, -0.12)
267.48: (0.65, -0.69, -0.31)
267.60: (0.42, -0.80, -0.43)
267.72: (0.11, -0.87, -0.48)
267.82: (-0.15, -0.93, -0.34)
267.93: (-0.39, -0.92, -0.10)
268.03: (-0.52, -0.85, 0.06)
268.13: (-0.61, -0.76, 0.24)
268.25: (-0.69, -0.54, 0.48)
268.35: (-0.67, -0.59, 0.44)
268.47: (-0.67, -0.59, 0.44)
268.58: (-0.66, -0.60, 0.45)
268.70: (-0.63, -0.61, 0.48)
268.82: (-0.68, -0.36, 0.64)
268.93: (-0.69, -0.08, 0.72)
269.05: (-0.80, 0.04, 0.60)
269.15: (-0.92, 0.04, 0.38)
269.27: (-1.00, 0.01, -0.05)
269.38: (-0.86, 0.03, -0.52)
269.50: (-0.62, 0.04, -0.79)
269.62: (-0.32, 0.12, -0.94)
269.73: (0.03, 0.24, -0.97)
269.85: (0.25, 0.30, -0.92)
269.95: (0.15, 0.27, -0.95)
270.07: (-0.35, 0.15, -0.92)
270.18: (-0.90, -0.03, -0.43)
270.30: (-0.94, -0.15, 0.30)
270.42: (-0.60, -0.12, 0.79)
270.52: (-0.21, -0.03, 0.98)
270.63: (0.27, 0.13, 0.96)
270.75: (0.55, -0.02, 0.84)
270.87: (0.45, -0.31, 0.83)
270.97: (0.26, -0.52, 0.81)
271.08: (0.11, -0.55, 0.83)
271.18: (0.09, -0.56, 0.82)
271.28: (0.13, -0.61, 0.78)
271.38: (0.19, -0.69, 0.70)
271.38: (-0.94, 0.31, 0.15): 0
271.40: (0.19, -0.69, 0.70)
271.52: (0.15, -0.70, 0.70)
271.63: (-0.02, -0.67, 0.75)
271.75: (-0.34, -0.62, 0.71)
271.87: (-0.58, -0.60, 0.54)
271.98: (-0.75, -0.58, 0.32)
272.10: (-0.88, -0.48, 0.03)
272.22: (-0.95, -0.20, -0.26)
272.33: (-0.87, 0.27, -0.41)
272.43: (-0.62, 0.56, -0.55)
272.55: (-0.47, 0.55, -0.69)
272.67: (-0.73, 0.49, -0.49)
272.78: (-0.91, 0.41, -0.10)
272.90: (-0.91, 0.41, 0.00)
273.00: (-0.90, 0.43, 0.08)
273.12: (-0.92, 0.36, 0.18)
273.22: (-0.92, 0.33, 0.21)
273.22: (-0.67, -0.71, -0.20): 1
273.22: (-0.92, 0.33, 0.21)
273.33: (-0.92, 0.32, 0.21)
273.43: (-0.94, 0.25, 0.21)
273.55: (-0.95, 0.07, 0.30)
273.67: (-0.90, -0.17, 0.41)
273.78: (-0.77, -0.40, 0.50)
273.90: (-0.53, -0.62, 0.58)
274.02: (-0.25, -0.87, 0.43)
274.13: (-0.28, -0.95, 0.09)
274.25: (-0.47, -0.88, -0.02)
274.35: (-0.58, -0.81, -0.05)
274.47: (-0.63, -0.77, -0.10)
274.58: (-0.63, -0.76, -0.16)
274.63: (-0.63, -0.76, -0.17)
274.63: (0.96, 0.09, 0.28): 1
274.70: (-0.63, -0.76, -0.17)
274.82: (-0.64, -0.71, -0.27)
274.93: (-0.70, -0.64, -0.32)
275.05: (-0.82, -0.51, -0.26)
275.17: (-0.92, -0.36, -0.15)
275.28: (-0.98, -0.18, 0.07)
275.40: (-0.95, -0.04, 0.31)
275.52: (-0.85, 0.28, 0.45)
275.63: (-0.65, 0.71, 0.25)
275.75: (-0.55, 0.83, 0.03)
275.85: (-0.55, 0.81, -0.19)
275.97: (-0.53, 0.67, -0.52)
276.08: (-0.34, 0.41, -0.85)
276.20: (-0.11, 0.11, -0.99)
276.32: (-0.26, -0.19, -0.95)
276.43: (-0.54, -0.39, -0.75)
276.53: (-0.80, -0.32, -0.50)
276.63: (-0.97, -0.15, -0.17)
276.75: (-0.95, 0.20, 0.25)
276.85: (-0.69, 0.54, 0.49)
276.95: (-0.43, 0.81, 0.39)
277.07: (-0.25, 0.97, 0.02)
277.18: (-0.17, 0.90, -0.39)
277.30: (-0.09, 0.64, -0.77)
277.40: (-0.02, 0.37, -0.93)
277.52: (0.10, 0.11, -0.99)
277.63: (0.22, -0.13, -0.97)
277.75: (0.23, -0.39, -0.89)
277.86: (-0.03, -0.58, -0.82)
277.97: (-0.21, -0.62, -0.75)
278.08: (-0.42, -0.64, -0.65)
278.20: (-0.64, -0.63, -0.43)
278.31: (-0.83, -0.48, -0.28)
278.42: (-0.81, -0.27, -0.53)
278.52: (-0.53, -0.22, -0.82)
278.63: (-0.44, -0.17, -0.88)
278.75: (-0.27, 0.09, -0.96)
278.86: (-0.35, 0.19, -0.92)
278.98: (-0.56, 0.28, -0.78)
279.10: (-0.71, 0.32, -0.62)
279.20: (-0.79, 0.08, -0.60)
279.31: (-0.83, -0.33, -0.44)
279.43: (-0.72, -0.67, -0.20)
279.55: (-0.65, -0.75, 0.12)
279.66: (-0.67, -0.61, 0.42)
279.78: (-0.54, -0.58, 0.61)
279.88: (-0.24, -0.62, 0.75)
280.00: (0.23, -0.56, 0.80)
280.11: (0.55, -0.44, 0.71)
280.23: (0.55, -0.44, 0.71)
280.33: (0.55, -0.44, 0.71)
280.43: (0.55, -0.44, 0.71)
280.55: (0.51, -0.42, 0.75)
280.66: (0.64, -0.26, 0.72)
280.78: (0.86, 0.01, 0.51)
280.90: (0.95, 0.27, 0.15)
281.01: (0.91, 0.40, -0.08)
281.13: (0.95, 0.33, 0.00)
281.25: (0.97, 0.19, 0.17)
281.35: (0.95, 0.13, 0.27)
281.43: (0.95, 0.13, 0.27)
281.43: (-0.16, -0.43, 0.89): 0
281.45: (0.95, 0.13, 0.27)
281.56: (0.95, 0.13, 0.27)
281.68: (0.91, 0.11, 0.40)
281.78: (0.77, -0.06, 0.64)
281.90: (0.58, -0.24, 0.78)
282.01: (0.27, -0.36, 0.89)
282.13: (-0.14, -0.49, 0.86)
282.25: (-0.36, -0.59, 0.72)
282.36: (-0.39, -0.59, 0.71)
282.48: (-0.31, -0.52, 0.80)
282.60: (-0.20, -0.47, 0.86)
282.68: (-0.20, -0.47, 0.86)
282.68: (-0.50, -0.15, 0.85): 2
282.70: (-0.20, -0.47, 0.86)
282.81: (-0.21, -0.46, 0.86)
282.93: (-0.21, -0.44, 0.88)
283.05: (-0.30, -0.29, 0.91)
283.15: (-0.39, -0.25, 0.88)
283.26: (-0.40, -0.25, 0.88)
283.38: (-0.43, -0.18, 0.88)
283.45: (-0.45, -0.14, 0.88)
283.45: (1.00, -0.02, -0.01): 0
283.48: (-0.45, -0.14, 0.88)
283.60: (-0.49, -0.14, 0.86)
283.71: (-0.63, -0.14, 0.77)
283.83: (-0.75, -0.13, 0.65)
283.95: (-0.86, -0.14, 0.49)
284.06: (-0.97, -0.22, 0.12)
284.18: (-0.89, -0.45, -0.08)
284.30: (-0.70, -0.71, -0.05)
284.41: (-0.35, -0.94, 0.02)
284.51: (0.15, -0.98, 0.14)
284.63: (0.74, -0.61, 0.29)
284.75: (0.70, -0.61, 0.36)
284.85: (0.70, -0.61, 0.36)
284.95: (0.70, -0.61, 0.36)
285.06: (0.72, -0.62, 0.30)
285.18: (0.86, -0.47, 0.21)
285.30: (0.97, -0.22, 0.09)
285.41: (0.99, -0.12, 0.05)
285.51: (1.00, -0.07, 0.04)
285.61: (1.00, -0.07, 0.04)
285.61: (-0.05, 0.53, -0.85): 2
285.61: (1.00, -0.07, 0.04)
285.73: (1.00, -0.07, 0.04)
285.85: (1.00, -0.03, -0.07)
285.95: (0.97, 0.04, -0.23)
286.06: (0.92, -0.02, -0.39)
286.18: (0.82, -0.20, -0.54)
286.30: (0.69, -0.37, -0.62)
286.41: (0.57, -0.51, -0.65)
286.53: (0.50, -0.61, -0.62)
286.65: (0.55, -0.48, -0.68)
286.76: (0.56, -0.11, -0.82)
286.88: (0.45, 0.44, -0.78)
286.98: (0.42, 0.59, -0.69)
287.10: (0.42, 0.59, -0.69)
287.20: (0.40, 0.62, -0.68)
287.31: (0.30, 0.68, -0.67)
287.43: (0.15, 0.64, -0.75)
287.55: (0.03, 0.56, -0.83)
287.65: (0.01, 0.55, -0.83)
287.65: (0.19, -0.88, -0.43): 1
287.66: (0.01, 0.55, -0.83)
287.78: (0.02, 0.56, -0.83)
287.90: (0.04, 0.55, -0.83)
288.01: (0.20, 0.53, -0.82)
288.11: (0.36, 0.55, -0.75)
288.23: (0.54, 0.48, -0.69)
288.33: (0.69, 0.27, -0.67)
288.43: (0.76, 0.04, -0.65)
288.55: (0.81, -0.26, -0.53)
288.66: (0.71, -0.65, -0.27)
288.78: (0.70, -0.66, -0.26)
288.90: (0.70, -0.66, -0.26)
289.01: (0.70, -0.66, -0.27)
289.11: (0.67, -0.68, -0.29)
289.21: (0.51, -0.81, -0.30)
289.33: (0.31, -0.87, -0.39)
289.45: (0.25, -0.86, -0.44)
289.50: (0.24, -0.86, -0.45)
289.50: (-0.16, 0.90, -0.42): 1
289.56: (0.24, -0.86, -0.45)
289.68: (0.27, -0.88, -0.40)
289.78: (0.35, -0.90, -0.26)
289.90: (0.45, -0.87, -0.18)
290.00: (0.56, -0.82, -0.11)
290.11: (0.68, -0.72, -0.11)
290.23: (0.82, -0.46, -0.35)
290.35: (0.81, -0.17, -0.56)
290.45: (0.73, 0.08, -0.68)
290.56: (0.51, 0.32, -0.80)
290.68: (0.25, 0.64, -0.73)
290.80: (0.09, 0.82, -0.56)
290.91: (0.09, 0.82, -0.56)
291.03: (0.09, 0.82, -0.57)
291.15: (0.02, 0.82, -0.57)
291.25: (-0.07, 0.86, -0.51)
291.36: (-0.09, 0.88, -0.47)
291.38: (-0.09, 0.88, -0.47)
291.38: (-0.57, 0.01, 0.82): 0
291.48: (-0.10, 0.88, -0.47)
291.60: (-0.09, 0.90, -0.43)
291.71: (-0.07, 0.95, -0.29)
291.81: (0.00, 0.98, -0.22)
291.93: (0.05, 0.99, -0.12)
292.05: (-0.11, 0.98, 0.17)
292.16: (-0.29, 0.85, 0.45)
292.26: (-0.52, 0.65, 0.55)
292.38: (-0.65, 0.67, 0.35)
292.50: (-0.77, 0.44, 0.46)
292.61: (-0.76, 0.43, 0.48)
292.73: (-0.76, 0.43, 0.48)
292.83: (-0.76, 0.39, 0.53)
292.95: (-0.68, 0.25, 0.69)
293.06: (-0.65, 0.12, 0.75)
293.18: (-0.62, 0.07, 0.78)
293.18: (0.97, 0.05, 0.25): 2
293.18: (-0.62, 0.07, 0.78)
293.28: (-0.60, 0.05, 0.79)
293.38: (-0.59, 0.05, 0.81)
293.50: (-0.49, 0.07, 0.87)
293.61: (-0.33, 0.20, 0.92)
293.71: (-0.28, 0.39, 0.88)
293.83: (-0.24, 0.54, 0.81)
293.95: (-0.21, 0.72, 0.67)
294.06: (-0.15, 0.89, 0.43)
294.16: (-0.06, 1.00, 0.04)
294.28: (0.01, 0.98, -0.20)
294.40: (0.01, 0.98, -0.19)
294.51: (0.01, 0.98, -0.19)
294.61: (-0.02, 0.98, -0.19)
294.73: (0.05, 0.94, -0.34)
294.85: (0.12, 0.83, -0.55)
294.96: (0.09, 0.71, -0.70)
295.08: (0.05, 0.45, -0.89)
295.18: (0.19, 0.31, -0.93)
295.29: (0.58, 0.22, -0.79)
295.41: (0.81, 0.09, -0.59)
295.51: (0.96, 0.04, -0.27)
295.63: (0.96, -0.02, 0.29)
295.74: (0.80, -0.04, 0.60)
295.86: (0.83, -0.04, 0.56)
295.98: (0.92, 0.01, 0.39)
296.08: (0.95, 0.07, 0.32)
296.16: (0.95, 0.09, 0.30)
296.16: (0.41, -0.11, 0.91): 0
296.18: (0.95, 0.09, 0.30)
296.29: (0.95, 0.09, 0.30)
296.41: (0.98, 0.09, 0.16)
296.51: (0.99, 0.10, -0.13)
296.63: (0.90, 0.10, -0.42)
296.73: (0.77, 0.09, -0.63)
296.84: (0.48, 0.04, -0.88)
296.96: (0.08, -0.01, -1.00)
297.08: (-0.26, -0.14, -0.95)
297.19: (-0.28, -0.51, -0.81)
297.31: (-0.10, -0.72, -0.69)
297.43: (0.07, -0.89, -0.45)
297.54: (0.21, -0.95, -0.21)
297.66: (0.33, -0.94, 0.02)
297.78: (0.35, -0.94, 0.00)
297.88: (0.33, -0.94, -0.11)
297.99: (0.07, -0.76, -0.65)
298.11: (-0.12, -0.47, -0.88)
298.23: (-0.26, -0.20, -0.95)
298.33: (-0.34, 0.00, -0.94)
298.44: (-0.42, 0.20, -0.88)
298.56: (-0.39, 0.43, -0.81)
298.68: (-0.18, 0.66, -0.73)
298.79: (0.09, 0.68, -0.73)
298.91: (0.39, 0.67, -0.63)
299.03: (0.62, 0.65, -0.44)
299.13: (0.77, 0.59, -0.25)
299.23: (0.89, 0.46, -0.01)
299.34: (0.92, 0.29, 0.28)
299.46: (0.84, 0.20, 0.50)
299.58: (0.75, 0.01, 0.66)
299.69: (0.61, -0.27, 0.75)
299.81: (0.43, -0.34, 0.84)
299.93: (0.41, -0.22, 0.88)
300.04: (0.46, -0.10, 0.88)
300.11: (0.49, -0.07, 0.87)
300.11: (0.14, -0.68, 0.72): 1
300.16: (0.49, -0.06, 0.87)
300.28: (0.56, -0.02, 0.83)
300.39: (0.71, 0.22, 0.67)
300.51: (0.74, 0.53, 0.41)
300.63: (0.59, 0.80, 0.12)
300.74: (0.32, 0.92, -0.24)
300.86: (0.06, 0.81, -0.58)
300.96: (-0.11, 0.58, -0.81)
301.08: (-0.24, 0.25, -0.94)
301.19: (-0.30, -0.10, -0.95)
301.31: (-0.18, -0.35, -0.92)
301.43: (0.08, -0.51, -0.86)
301.53: (0.32, -0.62, -0.71)
301.64: (0.55, -0.70, -0.45)
301.76: (0.73, -0.66, -0.17)
301.88: (0.84, -0.53, 0.14)
301.98: (0.85, -0.34, 0.40)
302.09: (0.72, -0.06, 0.69)
302.21: (0.57, -0.06, 0.82)
302.33: (0.40, -0.24, 0.89)
302.43: (0.20, -0.46, 0.86)
302.54: (-0.03, -0.64, 0.77)
302.64: (-0.03, -0.67, 0.74)
302.74: (0.05, -0.65, 0.76)
302.86: (0.09, -0.64, 0.76)
302.86: (-0.84, -0.10, 0.53): 2
302.86: (0.09, -0.64, 0.76)
302.98: (0.09, -0.64, 0.76)
303.09: (0.23, -0.59, 0.77)
303.19: (0.30, -0.56, 0.77)
303.31: (0.30, -0.56, 0.77)
303.43: (0.31, -0.56, 0.77)
303.53: (0.39, -0.54, 0.74)
303.64: (0.62, -0.46, 0.64)
303.76: (0.80, -0.33, 0.51)
303.88: (0.92, -0.17, 0.34)
303.99: (0.99, -0.08, 0.10)
304.11: (0.95, -0.15, -0.27)
304.23: (0.72, -0.26, -0.64)
304.34: (0.82, -0.25, -0.52)
304.46: (0.82, -0.25, -0.52)
304.58: (0.82, -0.25, -0.51)
304.69: (0.85, -0.32, -0.42)
304.79: (0.74, -0.42, -0.52)
304.91: (0.55, -0.42, -0.72)
305.01: (0.24, -0.34, -0.91)
305.11: (-0.08, -0.16, -0.98)
305.21: (-0.28, 0.10, -0.95)
305.33: (-0.39, 0.39, -0.83)
305.44: (-0.51, 0.59, -0.63)
305.56: (-0.73, 0.54, -0.43)
305.68: (-0.83, 0.46, -0.31)
305.79: (-0.80, 0.49, -0.35)
305.91: (-0.80, 0.49, -0.35)
306.01: (-0.75, 0.47, -0.46)
306.13: (-0.89, 0.33, -0.30)
306.23: (-0.99, 0.12, 0.03)
306.34: (-0.93, -0.10, 0.36)
306.46: (-0.84, -0.19, 0.51)
306.58: (-0.85, -0.10, 0.52)
306.69: (-0.85, -0.09, 0.51)
306.73: (-0.85, -0.09, 0.51)
306.73: (-0.81, -0.56, 0.18): 2
306.79: (-0.85, -0.09, 0.51)
306.91: (-0.86, -0.09, 0.50)
307.03: (-0.92, -0.22, 0.32)
307.13: (-0.84, -0.47, 0.27)
307.24: (-0.78, -0.55, 0.31)
307.36: (-0.82, -0.50, 0.28)
307.46: (-0.84, -0.48, 0.26)
307.48: (-0.84, -0.48, 0.26)
307.48: (0.33, 0.20, -0.92): 1
307.56: (-0.84, -0.48, 0.26)
307.68: (-0.84, -0.48, 0.26)
307.79: (-0.84, -0.50, 0.20)
307.91: (-0.82, -0.57, 0.04)
308.03: (-0.67, -0.73, -0.17)
308.13: (-0.45, -0.79, -0.41)
308.24: (-0.24, -0.65, -0.72)
308.34: (-0.17, -0.37, -0.91)
308.46: (-0.21, 0.10, -0.97)
308.58: (-0.30, 0.53, -0.79)
308.69: (-0.26, 0.69, -0.67)
308.79: (-0.09, 0.50, -0.86)
308.91: (0.03, 0.29, -0.96)
309.03: (0.08, 0.26, -0.96)
309.14: (0.22, 0.24, -0.95)
309.24: (0.32, 0.16, -0.93)
309.31: (0.33, 0.16, -0.93)
309.31: (0.91, 0.36, 0.18): 0
309.36: (0.33, 0.16, -0.93)
309.46: (0.30, 0.18, -0.93)
309.58: (0.16, 0.26, -0.95)
309.69: (-0.18, 0.28, -0.94)
309.79: (-0.53, 0.22, -0.82)
309.89: (-0.77, 0.22, -0.59)
310.01: (-0.86, 0.28, -0.42)
310.13: (-0.96, 0.22, -0.18)
310.24: (-0.96, 0.17, 0.20)
310.34: (-0.93, 0.14, 0.35)
310.44: (-0.84, -0.09, 0.53)
310.56: (-0.61, -0.45, 0.65)
310.68: (-0.34, -0.76, 0.56)
310.79: (0.07, -0.91, 0.40)
310.89: (0.49, -0.77, 0.41)
311.01: (0.64, -0.49, 0.59)
311.11: (0.34, -0.27, 0.90)
311.23: (-0.30, -0.12, 0.95)
311.33: (-0.79, -0.06, 0.60)
311.44: (-0.99, -0.11, -0.03)
311.54: (-0.87, -0.18, -0.47)
311.66: (-0.54, -0.08, -0.84)
311.77: (-0.09, 0.13, -0.99)
311.89: (0.14, 0.18, -0.97)
312.01: (0.14, 0.18, -0.97)
312.12: (0.14, 0.18, -0.97)
312.22: (0.09, 0.09, -0.99)
312.34: (0.35, -0.11, -0.93)
312.44: (0.61, -0.40, -0.69)
312.56: (0.75, -0.54, -0.38)
312.66: (0.79, -0.60, -0.09)
312.76: (0.75, -0.62, 0.24)
312.87: (0.59, -0.56, 0.59)
312.97: (0.40, -0.42, 0.82)
313.09: (0.19, -0.13, 0.97)
313.21: (0.19, 0.29, 0.94)
313.32: (0.32, 0.63, 0.71)
313.44: (0.58, 0.67, 0.47)
313.54: (0.65, 0.36, 0.66)
313.66: (0.50, -0.08, 0.86)
313.76: (0.63, -0.06, 0.78)
313.87: (0.83, 0.18, 0.53)
313.97: (0.88, 0.32, 0.34)
314.09: (0.88, 0.36, 0.31)
314.21: (0.88, 0.36, 0.31)
314.32: (0.91, 0.38, 0.18)
314.42: (0.91, 0.38, 0.18)
314.52: (0.91, 0.38, 0.18)
314.52: (0.59, 0.29, -0.76): 2
314.54: (0.91, 0.38, 0.18)
314.64: (0.91, 0.37, 0.18)
314.76: (0.97, 0.21, 0.15)
314.86: (1.00, -0.06, 0.06)
314.97: (0.91, -0.41, -0.06)
315.09: (0.69, -0.71, -0.16)
315.19: (0.42, -0.88, -0.21)
315.31: (0.20, -0.94, -0.28)
315.41: (0.06, -0.93, -0.35)
315.52: (-0.16, -0.90, -0.41)
315.62: (-0.36, -0.82, -0.43)
315.74: (-0.60, -0.69, -0.41)
315.86: (-0.78, -0.52, -0.36)
315.96: (-0.87, -0.24, -0.44)
316.07: (-0.71, 0.07, -0.70)
316.19: (-0.38, 0.31, -0.87)
316.31: (-0.12, 0.55, -0.83)
316.41: (-0.23, 0.77, -0.60)
316.52: (-0.36, 0.91, -0.19)
316.64: (-0.17, 0.96, -0.21)
316.76: (0.22, 0.85, -0.47)
316.87: (0.38, 0.64, -0.67)
316.99: (0.48, 0.37, -0.80)
317.09: (0.57, 0.15, -0.81)
317.21: (0.60, 0.11, -0.79)
317.31: (0.61, 0.18, -0.77)
317.42: (0.62, 0.25, -0.75)
317.51: (0.62, 0.26, -0.74)
317.51: (-0.77, 0.63, 0.14): 0
317.54: (0.62, 0.26, -0.74)
317.66: (0.61, 0.25, -0.75)
317.77: (0.43, 0.28, -0.86)
317.89: (0.24, 0.30, -0.92)
318.01: (0.24, 0.30, -0.92)
318.12: (0.27, 0.25, -0.93)
318.22: (0.18, 0.26, -0.95)
318.34: (-0.08, 0.26, -0.96)
318.46: (-0.51, 0.28, -0.82)
318.57: (-0.91, 0.23, -0.35)
318.69: (-0.80, 0.31, -0.51)
318.79: (-0.78, 0.32, -0.53)
318.91: (-0.74, 0.32, -0.59)
319.01: (-0.83, 0.35, -0.44)
319.12: (-0.88, 0.41, -0.22)
319.24: (-0.84, 0.51, -0.18)
319.36: (-0.79, 0.61, -0.09)
319.47: (-0.76, 0.65, 0.02)
319.57: (-0.76, 0.65, 0.05)
319.69: (-0.75, 0.65, 0.11)
319.81: (-0.74, 0.65, 0.16)
319.81: (0.26, -0.67, -0.69): 2
319.81: (-0.74, 0.65, 0.16)
319.92: (-0.74, 0.65, 0.16)
320.02: (-0.74, 0.65, 0.17)
320.12: (-0.77, 0.59, 0.24)
320.24: (-0.78, 0.51, 0.37)
320.36: (-0.71, 0.57, 0.42)
320.46: (-0.62, 0.69, 0.37)
320.57: (-0.34, 0.85, 0.41)
320.69: (-0.14, 0.96, 0.24)
320.79: (-0.18, 0.98, -0.04)
320.91: (-0.26, 0.91, -0.33)
321.02: (-0.16, 0.78, -0.61)
321.14: (0.15, 0.82, -0.55)
321.26: (0.27, 0.94, -0.22)
321.36: (0.17, 0.98, -0.03)
321.47: (-0.06, 1.00, 0.04)
321.57: (-0.34, 0.94, 0.03)
321.69: (-0.62, 0.77, -0.10)
321.81: (-0.78, 0.57, -0.27)
321.92: (-0.83, 0.46, -0.31)
322.04: (-0.86, 0.43, -0.27)
322.14: (-0.93, 0.35, -0.12)
322.26: (-0.96, 0.26, -0.04)
322.36: (-0.99, 0.15, -0.08)
322.47: (-0.99, 0.05, -0.15)
322.57: (-0.97, -0.03, -0.25)
322.69: (-0.80, -0.17, -0.58)
322.81: (-0.38, -0.34, -0.86)
322.91: (-0.32, -0.63, -0.70)
323.02: (-0.37, -0.86, -0.34)
323.14: (-0.26, -0.95, -0.18)
323.26: (-0.01, -0.94, -0.35)
323.36: (0.07, -0.85, -0.53)
323.47: (0.10, -0.74, -0.67)
323.59: (0.19, -0.68, -0.70)
323.71: (0.26, -0.68, -0.69)
323.77: (0.27, -0.68, -0.69)
323.77: (0.05, -0.79, -0.61): 0
323.82: (0.27, -0.68, -0.69)
323.94: (0.23, -0.67, -0.71)
324.04: (0.09, -0.64, -0.76)
324.16: (-0.05, -0.74, -0.68)
324.27: (0.05, -0.79, -0.61)
324.39: (0.08, -0.78, -0.62)
324.49: (0.04, -0.76, -0.65)
324.51: (0.04, -0.76, -0.65)
324.51: (0.98, 0.16, 0.13): 0
324.61: (0.04, -0.76, -0.65)
324.72: (0.00, -0.77, -0.64)
324.84: (-0.13, -0.79, -0.59)
324.94: (-0.26, -0.80, -0.54)
325.06: (-0.43, -0.74, -0.52)
325.17: (-0.74, -0.52, -0.41)
325.27: (-0.94, -0.30, -0.16)
325.37: (-0.96, -0.08, 0.26)
325.49: (-0.77, 0.03, 0.64)
325.59: (-0.65, 0.23, 0.73)
325.71: (-0.52, 0.55, 0.65)
325.82: (-0.27, 0.81, 0.52)
325.94: (0.07, 0.92, 0.39)
326.06: (0.31, 0.87, 0.39)
326.17: (0.36, 0.75, 0.55)
326.29: (0.37, 0.57, 0.73)
326.39: (0.33, 0.50, 0.80)
326.51: (0.19, 0.39, 0.90)
326.62: (-0.22, 0.21, 0.95)
326.74: (-0.57, 0.24, 0.79)
326.86: (-0.77, 0.39, 0.50)
326.97: (-0.88, 0.42, 0.23)
327.09: (-0.97, 0.23, -0.02)
327.19: (-0.98, -0.02, -0.20)
327.30: (-0.87, -0.32, -0.37)
327.40: (-0.68, -0.54, -0.50)
327.52: (-0.34, -0.70, -0.63)
327.62: (-0.08, -0.77, -0.63)
327.74: (0.20, -0.84, -0.51)
327.84: (0.47, -0.81, -0.35)
327.95: (0.72, -0.68, -0.14)
328.07: (0.88, -0.47, 0.07)
328.19: (0.93, -0.29, 0.22)
328.30: (0.95, -0.18, 0.26)
328.42: (0.95, -0.22, 0.21)
328.54: (0.95, -0.22, 0.21)
328.65: (0.95, -0.22, 0.21)
328.77: (0.96, -0.24, 0.17)
328.89: (0.98, -0.06, 0.18)
329.00: (0.98, 0.10, 0.15)
329.10: (0.98, 0.13, 0.15)
329.20: (0.98, 0.15, 0.14)
329.20: (0.83, 0.55, -0.09): 1
329.22: (0.98, 0.15, 0.14)
329.34: (0.98, 0.12, 0.13)
329.45: (1.00, 0.01, 0.04)
329.55: (0.99, 0.11, -0.04)
329.67: (0.90, 0.43, -0.06)
329.79: (0.87, 0.50, -0.03)
329.90: (0.87, 0.49, -0.04)
330.02: (0.84, 0.53, -0.08)
330.07: (0.84, 0.53, -0.08)
330.07: (-0.99, 0.04, 0.11): 1
330.14: (0.84, 0.53, -0.08)
330.25: (0.85, 0.52, -0.09)
330.37: (0.90, 0.42, -0.14)
330.47: (0.95, 0.26, -0.19)
330.57: (0.97, 0.04, -0.25)
330.69: (0.84, -0.40, -0.35)
330.79: (0.56, -0.71, -0.42)
330.90: (0.20, -0.93, -0.31)
331.02: (-0.16, -0.99, -0.05)
331.14: (-0.43, -0.87, 0.23)
331.24: (-0.46, -0.75, 0.48)
331.35: (-0.25, -0.71, 0.66)
331.45: (0.08, -0.80, 0.59)
331.57: (0.44, -0.89, 0.12)
331.67: (0.61, -0.74, -0.29)
331.79: (0.50, -0.47, -0.73)
331.90: (0.16, -0.13, -0.98)
332.02: (-0.15, 0.20, -0.97)
332.14: (-0.41, 0.41, -0.81)
332.25: (-0.54, 0.59, -0.60)
332.35: (-0.58, 0.73, -0.35)
332.47: (-0.51, 0.84, -0.16)
332.59: (-0.39, 0.92, 0.03)
332.70: (-0.20, 0.96, 0.19)
332.82: (-0.18, 0.98, 0.10)
332.94: (-0.18, 0.98, 0.06)
333.04: (-0.18, 0.98, 0.06)
333.14: (-0.22, 0.97, -0.11)
333.25: (-0.58, 0.80, -0.15)
333.37: (-0.81, 0.58, -0.09)
333.49: (-0.91, 0.39, 0.09)
333.60: (-0.94, 0.31, 0.16)
333.70: (-0.96, 0.23, 0.14)
333.82: (-1.00, 0.04, 0.09)
333.94: (-1.00, 0.04, 0.09)
333.99: (-1.00, 0.04, 0.09)
333.99: (0.84, -0.52, -0.16): 1
334.05: (-1.00, 0.04, 0.09)
334.15: (-1.00, 0.04, 0.08)
334.25: (-1.00, -0.03, -0.01)
334.37: (-0.94, -0.27, -0.21)
334.49: (-0.82, -0.44, -0.37)
334.60: (-0.42, -0.64, -0.65)
334.70: (0.10, -0.74, -0.66)
334.82: (0.49, -0.72, -0.49)
334.94: (0.55, -0.81, -0.21)
335.05: (0.27, -0.96, 0.11)
335.15: (0.33, -0.94, 0.10)
335.27: (0.57, -0.82, 0.03)
335.39: (0.68, -0.73, -0.01)
335.50: (0.76, -0.65, -0.04)
335.62: (0.79, -0.60, -0.09)
335.74: (0.82, -0.55, -0.14)
335.79: (0.83, -0.54, -0.14)
335.79: (0.67, -0.09, 0.74): 2
335.85: (0.83, -0.54, -0.14)
335.97: (0.82, -0.55, -0.16)
336.09: (0.76, -0.56, -0.32)
336.20: (0.59, -0.59, -0.55)
336.30: (0.26, -0.66, -0.71)
336.42: (-0.29, -0.68, -0.67)
336.54: (-0.75, -0.47, -0.47)
336.65: (-0.92, -0.36, -0.18)
336.77: (-0.89, -0.42, 0.16)
336.89: (-0.63, -0.57, 0.53)
336.99: (-0.26, -0.63, 0.73)
337.09: (0.12, -0.59, 0.80)
337.20: (0.55, -0.44, 0.71)
337.32: (0.70, -0.36, 0.62)
337.44: (0.67, -0.32, 0.67)
337.55: (0.62, -0.19, 0.76)
337.65: (0.62, -0.07, 0.78)
337.77: (0.66, 0.00, 0.75)
END