3/31/2023 6:12:25 PM
Mode: Mono
White time (s): [1.033264, 3.382629, 1.582825, 5.38208, 0.9828491, 3.182861, 2.483032, 2.199585, 2.19989, 2.416565, 2.21637, 2.216309, 1.915955, 2.499756, 5.4151, 1.999512, 1.383301, 1.59967, 2.63269, 1.849548, 2.349548, 3.866394, 3.432617, 2.566345, 9.981628, 6.515381, 5.415588, 2.516113, 7.798645, 3.582947]
Shot time (s): [3.71582, 0.7830811, 1.049744, 2.482727, 4.216003, 2.616211, 1.566162, 2.083252, 1.582581, 1.183105, 4.332397, 4.965454, 3.516296, 1.249878, 1.599487, 11.33142, 1.766541, 2.182922, 2.315735, 1.749756, 1.599548, 1.466553, 5.615234, 3.116333, 1.849304, 3.03302, 6.59845, 1.583069, 4.399109, 2.216187]
Step time (s): [2.299561, 1.033203, 2.316101, 1.183228, 2.433289, 0.8995361, 5.282349, 7.082275, 4.015442, 2.599609, 2.832703, 1.433289, 3.732117, 1.24939, 4.499146, 2.166199, 2.199585, 2.199829, 5.482239, 0.6994629, 1.582764, 1.966248, 1.599854, 2.666138, 2.432678, 10.29785, 2.832764, 1.466431, 1.149475, 1.649719]
White horz (deg): [30.27748, 215.7374, 132.1649, 562.2372, 17.24249, 200.475, 194.1225, 188.3474, 152.7074, 262.3499, 141.075, 166.0724, 172.59, 155.925, 614.6249, 199.5674, 115.665, 88.19245, 270.435, 125.2349, 318.7798, 579.645, 217.1399, 226.2974, 1630.199, 1021.35, 838.5297, 359.8648, 1709.152, 403.1772]
Shot horz (deg): [283.7998, 16.16999, 22.43999, 136.2899, 495.0824, 288.0073, 46.36498, 119.5424, 99.98996, 55.10995, 444.5098, 547.7997, 359.3698, 81.09747, 120.0375, 2058.539, 133.155, 222.3375, 323.3999, 202.3725, 146.3549, 109.3124, 836.137, 657.0298, 251.9549, 434.1149, 1027.372, 118.0574, 747.9446, 228.1949]
Step horz (deg): [155.6774, 45.37499, 183.645, 51.31497, 135.2175, 15.17999, 531.3823, 854.617, 493.1023, 310.4474, 336.6824, 124.9049, 373.5598, 68.72247, 607.1998, 206.7449, 239.0024, 183.6449, 721.4615, 34.15499, 73.42496, 242.3024, 165.9075, 239.085, 188.3474, 1406.79, 286.4398, 154.8524, 27.71999, 57.74996]
White vert (deg): [31.76249, 143.5499, 86.45997, 446.9023, 24.17249, 202.2074, 192.9675, 64.84494, 85.71746, 165.2474, 140.2499, 142.3124, 96.44247, 217.9649, 391.2148, 84.97495, 69.79498, 74.08495, 199.9799, 26.23498, 115.5825, 221.0173, 246.345, 206.0849, 777.9751, 243.5398, 251.9548, 90.25496, 439.9718, 213.9224]
Shot vert (deg): [153.1199, 18.80999, 36.62998, 73.67245, 331.5673, 103.1249, 18.06749, 172.8374, 60.38999, 33.16498, 341.5499, 311.1899, 215.7374, 50.48997, 51.39748, 1156.072, 57.50246, 114.3449, 127.215, 50.32497, 52.05748, 81.75746, 222.5023, 107.0024, 30.02998, 161.6174, 280.0872, 42.32246, 207.8174, 77.46745]
Step vert (deg): [111.7874, 9.404994, 117.2324, 26.15248, 124.9874, 30.60749, 419.6772, 623.1226, 330.0823, 118.4699, 191.7299, 61.95747, 119.1299, 23.51249, 363.4124, 99.41246, 58.90496, 97.51493, 433.7022, 14.84999, 93.47246, 100.32, 31.59748, 210.3749, 83.48994, 1101.127, 114.3449, 41.24999, 38.52747, 211.5299]

Time in sec: camera forward versor
Time in sec: target versor: sound type (0 = White, 1 = Shot, 2 = Step)
START
752.74: (-0.99, -0.07, 0.08): 2
752.74: (0.36, 0.92, 0.12)
752.84: (0.36, 0.92, 0.12)
752.95: (0.37, 0.92, 0.11)
753.07: (0.37, 0.92, 0.11)
753.19: (0.37, 0.92, 0.11)
753.29: (0.27, 0.96, 0.04)
753.40: (-0.06, 1.00, 0.00)
753.52: (-0.23, 0.96, -0.13)
753.64: (-0.45, 0.75, -0.48)
753.75: (-0.43, 0.69, -0.58)
753.87: (-0.50, 0.71, -0.49)
753.99: (-0.74, 0.57, -0.37)
754.09: (-0.94, 0.15, -0.29)
754.19: (-0.95, -0.10, -0.28)
754.30: (-0.88, -0.15, -0.45)
754.42: (-0.86, -0.24, -0.45)
754.54: (-0.96, -0.08, -0.25)
754.64: (-0.99, 0.02, -0.13)
754.75: (-1.00, 0.05, -0.07)
754.87: (-1.00, 0.01, 0.06)
754.97: (-0.99, -0.02, 0.11)
755.04: (-0.99, -0.02, 0.11)
755.04: (0.67, 0.49, 0.56): 1
755.09: (-0.99, -0.02, 0.11)
755.20: (-0.99, -0.04, 0.10)
755.30: (-0.99, -0.06, 0.10)
755.42: (-0.99, -0.06, 0.10)
755.54: (-0.96, -0.18, 0.20)
755.65: (-0.87, -0.37, 0.33)
755.77: (-0.77, -0.56, 0.32)
755.87: (-0.55, -0.80, 0.24)
755.99: (-0.34, -0.92, 0.20)
756.10: (-0.12, -0.98, 0.14)
756.22: (0.15, -0.98, -0.10)
756.34: (0.05, -0.85, -0.53)
756.44: (0.06, -0.75, -0.66)
756.55: (0.31, -0.75, -0.58)
756.67: (0.51, -0.61, -0.61)
756.79: (0.73, -0.30, -0.61)
756.90: (0.91, 0.15, -0.39)
757.02: (0.97, 0.19, -0.16)
757.14: (0.97, 0.12, -0.21)
757.25: (0.97, 0.12, -0.21)
757.37: (0.97, 0.12, -0.21)
757.49: (0.98, 0.12, -0.15)
757.59: (0.93, 0.26, 0.25)
757.70: (0.66, 0.47, 0.58)
757.80: (0.61, 0.51, 0.60)
757.92: (0.63, 0.52, 0.58)
758.04: (0.62, 0.46, 0.63)
758.15: (0.64, 0.41, 0.66)
758.25: (0.66, 0.39, 0.64)
758.35: (0.76, 0.31, 0.57)
758.47: (0.74, 0.36, 0.57)
758.57: (0.67, 0.47, 0.57)
758.69: (0.65, 0.50, 0.58)
758.75: (0.65, 0.50, 0.58)
758.75: (0.98, -0.06, 0.16): 2
758.80: (0.65, 0.50, 0.58)
758.90: (0.65, 0.50, 0.58)
759.02: (0.66, 0.49, 0.57)
759.14: (0.76, 0.39, 0.52)
759.25: (0.93, 0.16, 0.33)
759.35: (0.95, 0.13, 0.28)
759.47: (0.95, 0.13, 0.30)
759.59: (0.97, 0.05, 0.25)
759.70: (0.98, -0.04, 0.18)
759.79: (0.98, -0.04, 0.19)
759.79: (0.97, -0.12, -0.21): 1
759.80: (0.98, -0.04, 0.19)
759.92: (0.98, -0.04, 0.19)
760.04: (0.98, -0.04, 0.19)
760.15: (0.99, -0.07, 0.13)
760.27: (0.99, -0.11, -0.07)
760.39: (0.98, -0.10, -0.16)
760.49: (0.97, -0.10, -0.21)
760.57: (0.97, -0.10, -0.23)
760.57: (-0.73, 0.58, -0.36): 2
760.60: (0.97, -0.10, -0.23)
760.70: (0.97, -0.10, -0.23)
760.82: (0.97, -0.12, -0.22)
760.94: (0.96, -0.17, -0.23)
761.05: (0.97, -0.15, -0.17)
761.17: (0.99, -0.11, 0.03)
761.29: (0.99, -0.08, 0.14)
761.40: (0.88, 0.16, 0.44)
761.52: (0.64, 0.42, 0.64)
761.64: (0.42, 0.65, 0.63)
761.74: (0.29, 0.87, 0.40)
761.85: (0.19, 0.97, 0.13)
761.97: (-0.16, 0.99, -0.05)
762.09: (-0.54, 0.83, -0.10)
762.19: (-0.77, 0.64, -0.01)
762.30: (-0.82, 0.55, 0.12)
762.40: (-0.78, 0.63, -0.02)
762.52: (-0.73, 0.66, -0.18)
762.62: (-0.72, 0.65, -0.25)
762.74: (-0.73, 0.61, -0.31)
762.85: (-0.74, 0.58, -0.33)
762.89: (-0.75, 0.58, -0.34)
762.89: (-0.93, 0.30, 0.19): 1
762.97: (-0.75, 0.57, -0.33)
763.07: (-0.76, 0.57, -0.32)
763.19: (-0.76, 0.57, -0.32)
763.30: (-0.82, 0.50, -0.27)
763.42: (-0.92, 0.38, 0.03)
763.52: (-0.90, 0.41, 0.15)
763.64: (-0.90, 0.42, 0.14)
763.75: (-0.91, 0.38, 0.18)
763.87: (-0.92, 0.33, 0.23)
763.93: (-0.92, 0.32, 0.23)
763.93: (-0.87, -0.21, 0.45): 0
763.99: (-0.92, 0.31, 0.23)
764.10: (-0.92, 0.31, 0.23)
764.22: (-0.92, 0.32, 0.23)
764.33: (-0.92, 0.25, 0.30)
764.45: (-0.88, 0.03, 0.48)
764.57: (-0.83, -0.16, 0.53)
764.68: (-0.87, -0.19, 0.46)
764.79: (-0.89, -0.21, 0.41)
764.90: (-0.88, -0.24, 0.41)
764.97: (-0.87, -0.25, 0.42)
764.97: (-0.50, -0.86, 0.12): 2
765.02: (-0.87, -0.25, 0.42)
765.13: (-0.86, -0.25, 0.43)
765.25: (-0.87, -0.24, 0.44)
765.37: (-0.83, -0.36, 0.42)
765.48: (-0.69, -0.60, 0.40)
765.60: (-0.53, -0.77, 0.36)
765.72: (-0.51, -0.80, 0.31)
765.82: (-0.53, -0.82, 0.22)
765.93: (-0.50, -0.86, 0.08)
766.05: (-0.49, -0.87, 0.05)
766.15: (-0.49, -0.87, 0.04)
766.15: (0.67, -0.31, -0.67): 1
766.15: (-0.49, -0.87, 0.04)
766.27: (-0.49, -0.87, 0.04)
766.37: (-0.49, -0.87, 0.05)
766.48: (-0.50, -0.87, 0.06)
766.58: (-0.44, -0.90, 0.04)
766.70: (-0.15, -0.99, 0.01)
766.82: (0.07, -1.00, 0.04)
766.93: (0.28, -0.96, 0.00)
767.05: (0.39, -0.92, -0.04)
767.17: (0.65, -0.75, -0.10)
767.27: (0.61, -0.79, -0.09)
767.38: (0.61, -0.79, -0.09)
767.48: (0.61, -0.79, -0.09)
767.58: (0.65, -0.75, -0.10)
767.70: (0.87, -0.41, -0.27)
767.82: (0.89, 0.02, -0.45)
767.93: (0.87, -0.02, -0.49)
768.05: (0.87, -0.14, -0.48)
768.17: (0.84, -0.18, -0.51)
768.28: (0.78, -0.21, -0.59)
768.38: (0.73, -0.23, -0.65)
768.50: (0.68, -0.27, -0.69)
768.62: (0.66, -0.26, -0.70)
768.63: (0.66, -0.26, -0.70)
768.63: (0.09, -1.00, 0.03): 1
768.72: (0.66, -0.26, -0.70)
768.83: (0.66, -0.26, -0.70)
768.95: (0.65, -0.31, -0.70)
769.07: (0.65, -0.29, -0.70)
769.17: (0.70, -0.02, -0.72)
769.28: (0.62, 0.40, -0.67)
769.38: (0.32, 0.77, -0.55)
769.50: (0.02, 0.92, -0.40)
769.62: (-0.16, 0.91, -0.39)
769.72: (-0.34, 0.84, -0.41)
769.83: (-0.59, 0.74, -0.32)
769.95: (-0.78, 0.58, -0.21)
770.07: (-0.92, 0.36, -0.15)
770.18: (-0.99, 0.13, 0.01)
770.30: (-0.96, -0.06, 0.27)
770.42: (-0.82, -0.16, 0.56)
770.52: (-0.59, -0.04, 0.81)
770.62: (-0.32, 0.12, 0.94)
770.73: (-0.04, 0.30, 0.95)
770.85: (0.18, 0.55, 0.81)
770.97: (0.27, 0.75, 0.60)
771.08: (0.22, 0.89, 0.39)
771.20: (-0.04, 0.99, 0.16)
771.30: (-0.42, 0.91, 0.01)
771.40: (-0.81, 0.59, -0.04)
771.52: (-0.99, 0.02, 0.15)
771.63: (-0.80, -0.47, 0.37)
771.75: (-0.44, -0.83, 0.35)
771.87: (-0.04, -0.98, 0.17)
771.98: (0.41, -0.91, -0.11)
772.10: (0.51, -0.82, -0.24)
772.20: (0.20, -0.98, -0.09)
772.32: (-0.09, -0.99, 0.06)
772.42: (-0.15, -0.99, 0.08)
772.52: (-0.08, -0.99, 0.08)
772.63: (0.02, -1.00, 0.08)
772.75: (0.07, -0.99, 0.08)
772.85: (0.09, -0.99, 0.08)
772.85: (-0.91, 0.39, 0.17): 0
772.87: (0.09, -0.99, 0.08)
772.97: (0.09, -0.99, 0.08)
773.08: (0.13, -0.99, 0.06)
773.20: (0.21, -0.98, -0.01)
773.32: (0.34, -0.92, -0.17)
773.43: (0.49, -0.83, -0.27)
773.53: (0.62, -0.71, -0.34)
773.65: (0.69, -0.58, -0.43)
773.77: (0.72, -0.44, -0.54)
773.88: (0.74, -0.26, -0.63)
774.00: (0.72, -0.19, -0.67)
774.10: (0.69, -0.23, -0.69)
774.22: (0.69, -0.17, -0.70)
774.33: (0.64, -0.02, -0.77)
774.45: (0.44, -0.13, -0.89)
774.57: (0.33, -0.14, -0.93)
774.68: (0.53, 0.18, -0.83)
774.80: (0.54, 0.35, -0.77)
774.92: (0.28, 0.53, -0.80)
775.02: (0.20, 0.52, -0.83)
775.12: (0.18, 0.54, -0.82)
775.23: (0.14, 0.58, -0.80)
775.35: (-0.11, 0.61, -0.78)
775.47: (-0.49, 0.60, -0.63)
775.58: (-0.71, 0.53, -0.47)
775.70: (-0.79, 0.49, -0.36)
775.82: (-0.83, 0.52, -0.20)
775.92: (-0.84, 0.54, -0.06)
776.03: (-0.88, 0.48, 0.04)
776.15: (-0.89, 0.44, 0.09)
776.23: (-0.90, 0.43, 0.10)
776.23: (0.96, -0.29, 0.01): 1
776.25: (-0.90, 0.43, 0.10)
776.37: (-0.90, 0.43, 0.10)
776.48: (-0.90, 0.41, 0.14)
776.60: (-0.87, 0.44, 0.24)
776.72: (-0.84, 0.46, 0.29)
776.83: (-0.90, 0.43, 0.04)
776.95: (-0.89, 0.31, -0.32)
777.07: (-0.61, 0.07, -0.79)
777.18: (-0.04, 0.13, -0.99)
777.30: (0.14, 0.49, -0.86)
777.42: (0.10, 0.69, -0.72)
777.53: (0.46, 0.62, -0.64)
777.65: (0.72, 0.46, -0.51)
777.77: (0.88, 0.29, -0.37)
777.88: (1.00, -0.05, -0.05)
778.00: (0.83, -0.48, 0.27)
778.10: (0.76, -0.61, 0.23)
778.22: (0.85, -0.52, 0.08)
778.33: (0.91, -0.41, -0.03)
778.45: (0.94, -0.33, -0.11)
778.57: (0.96, -0.26, -0.13)
778.67: (0.95, -0.31, -0.06)
778.78: (0.95, -0.32, -0.05)
778.85: (0.95, -0.32, -0.05)
778.85: (-0.47, 0.78, 0.41): 0
778.90: (0.95, -0.32, -0.05)
779.02: (0.95, -0.32, -0.05)
779.13: (0.95, -0.31, -0.05)
779.25: (0.97, -0.21, -0.13)
779.37: (0.97, -0.08, -0.24)
779.48: (0.89, 0.29, -0.36)
779.60: (0.67, 0.64, -0.38)
779.72: (0.37, 0.87, -0.32)
779.82: (0.13, 0.96, -0.23)
779.93: (-0.01, 1.00, -0.05)
780.03: (-0.14, 0.98, 0.17)
780.15: (-0.30, 0.88, 0.36)
780.25: (-0.43, 0.72, 0.54)
780.37: (-0.48, 0.66, 0.58)
780.43: (-0.48, 0.68, 0.55)
780.43: (0.05, -0.28, -0.96): 2
780.48: (-0.47, 0.69, 0.55)
780.60: (-0.44, 0.76, 0.47)
780.72: (-0.44, 0.78, 0.44)
780.83: (-0.46, 0.78, 0.42)
780.95: (-0.51, 0.79, 0.34)
781.06: (-0.58, 0.78, 0.23)
781.16: (-0.62, 0.75, 0.21)
781.28: (-0.71, 0.67, 0.21)
781.40: (-0.91, 0.38, 0.16)
781.51: (-1.00, -0.06, -0.03)
781.62: (-0.98, 0.00, -0.18)
781.73: (-0.93, 0.18, -0.31)
781.85: (-0.87, 0.27, -0.43)
781.96: (-0.68, 0.30, -0.67)
782.08: (-0.53, 0.19, -0.83)
782.20: (-0.39, 0.06, -0.92)
782.30: (-0.18, -0.07, -0.98)
782.40: (0.04, -0.20, -0.98)
782.51: (0.06, -0.25, -0.97)
782.63: (-0.02, -0.22, -0.98)
782.75: (-0.05, -0.20, -0.98)
782.85: (-0.05, -0.20, -0.98)
782.87: (-0.05, -0.20, -0.98)
782.87: (-0.97, 0.11, 0.20): 0
782.97: (-0.05, -0.19, -0.98)
783.08: (0.01, -0.21, -0.98)
783.20: (0.04, -0.23, -0.97)
783.31: (0.13, -0.15, -0.98)
783.43: (0.23, -0.04, -0.97)
783.55: (0.35, 0.07, -0.93)
783.66: (0.53, 0.00, -0.85)
783.78: (0.69, -0.28, -0.67)
783.90: (0.85, -0.32, -0.42)
784.01: (0.96, -0.11, -0.24)
784.13: (0.99, 0.14, -0.08)
784.25: (0.92, 0.37, 0.11)
784.36: (0.68, 0.71, 0.21)
784.46: (0.31, 0.95, 0.08)
784.58: (-0.10, 0.98, -0.16)
784.70: (-0.35, 0.83, -0.43)
784.80: (-0.34, 0.63, -0.70)
784.91: (-0.19, 0.40, -0.90)
785.03: (-0.19, 0.17, -0.97)
785.13: (-0.41, 0.05, -0.91)
785.23: (-0.65, -0.03, -0.76)
785.35: (-0.50, -0.29, -0.82)
785.46: (-0.38, -0.64, -0.67)
785.58: (-0.36, -0.89, -0.28)
785.70: (-0.27, -0.95, 0.14)
785.81: (-0.15, -0.87, 0.47)
785.93: (-0.07, -0.76, 0.64)
786.05: (0.14, -0.70, 0.70)
786.15: (0.38, -0.69, 0.62)
786.26: (0.56, -0.75, 0.34)
786.38: (0.61, -0.79, -0.02)
786.48: (0.62, -0.75, -0.23)
786.60: (0.62, -0.62, -0.48)
786.71: (0.59, -0.40, -0.70)
786.81: (0.50, -0.16, -0.85)
786.93: (0.37, 0.09, -0.93)
787.05: (0.12, 0.32, -0.94)
787.16: (-0.10, 0.46, -0.88)
787.28: (-0.32, 0.55, -0.77)
787.40: (-0.55, 0.60, -0.58)
787.51: (-0.80, 0.54, -0.28)
787.61: (-0.92, 0.39, 0.03)
787.73: (-0.92, 0.09, 0.37)
787.85: (-0.90, -0.04, 0.44)
787.96: (-0.97, 0.07, 0.24)
788.06: (-0.98, 0.12, 0.14)
788.16: (-0.98, 0.12, 0.13)
788.25: (-0.98, 0.12, 0.14)
788.25: (-0.98, -0.13, -0.16): 0
788.28: (-0.98, 0.12, 0.14)
788.40: (-0.98, 0.12, 0.14)
788.51: (-0.98, 0.12, 0.14)
788.63: (-1.00, 0.05, 0.03)
788.73: (-0.98, 0.04, -0.19)
788.85: (-0.97, 0.04, -0.25)
788.96: (-0.97, 0.04, -0.24)
789.08: (-0.97, -0.01, -0.24)
789.18: (-0.97, -0.08, -0.21)
789.23: (-0.98, -0.09, -0.20)
789.23: (0.87, -0.40, -0.27): 0
789.30: (-0.98, -0.10, -0.19)
789.41: (-0.97, -0.14, -0.18)
789.51: (-0.97, -0.17, -0.18)
789.63: (-0.95, -0.26, -0.15)
789.75: (-0.88, -0.47, -0.05)
789.86: (-0.84, -0.55, -0.03)
789.98: (-0.79, -0.61, 0.01)
790.10: (-0.76, -0.65, 0.02)
790.21: (-0.70, -0.72, 0.03)
790.33: (-0.61, -0.79, 0.04)
790.45: (-0.39, -0.92, 0.10)
790.55: (-0.14, -0.97, 0.18)
790.66: (0.01, -0.91, 0.41)
790.78: (0.08, -0.79, 0.60)
790.88: (0.19, -0.71, 0.67)
791.00: (0.44, -0.58, 0.68)
791.11: (0.57, -0.34, 0.75)
791.23: (0.43, -0.08, 0.90)
791.33: (0.43, 0.10, 0.90)
791.45: (0.68, 0.24, 0.70)
791.56: (0.89, 0.06, 0.45)
791.68: (0.94, -0.26, 0.23)
791.80: (0.84, -0.55, -0.05)
791.91: (0.65, -0.70, -0.28)
792.03: (0.66, -0.66, -0.36)
792.13: (0.81, -0.55, -0.20)
792.25: (0.88, -0.46, -0.13)
792.36: (0.90, -0.41, -0.14)
792.41: (0.90, -0.41, -0.16)
792.41: (1.00, 0.03, 0.02): 2
792.48: (0.90, -0.41, -0.16)
792.60: (0.90, -0.41, -0.17)
792.71: (0.89, -0.39, -0.23)
792.83: (0.92, -0.29, -0.25)
792.93: (0.99, -0.14, -0.07)
793.05: (1.00, -0.03, 0.06)
793.15: (1.00, -0.02, 0.04)
793.26: (1.00, 0.00, 0.03)
793.31: (1.00, 0.00, 0.03)
793.31: (0.52, -0.24, 0.82): 2
793.38: (1.00, 0.00, 0.03)
793.50: (1.00, 0.00, 0.03)
793.61: (1.00, 0.00, 0.03)
793.73: (0.99, -0.11, -0.03)
793.83: (0.96, -0.26, -0.12)
793.93: (0.89, -0.42, -0.19)
794.05: (0.76, -0.59, -0.27)
794.16: (0.59, -0.75, -0.30)
794.26: (0.43, -0.88, -0.22)
794.38: (0.20, -0.98, -0.03)
794.50: (-0.06, -0.97, 0.22)
794.61: (-0.28, -0.92, 0.27)
794.73: (-0.47, -0.85, 0.22)
794.85: (-0.62, -0.76, 0.17)
794.96: (-0.72, -0.64, 0.27)
795.08: (-0.82, -0.40, 0.41)
795.20: (-0.93, -0.02, 0.36)
795.31: (-0.90, 0.30, 0.33)
795.43: (-0.72, 0.40, 0.56)
795.53: (-0.54, 0.51, 0.67)
795.65: (-0.32, 0.65, 0.69)
795.76: (-0.02, 0.76, 0.65)
795.88: (0.31, 0.68, 0.67)
795.98: (0.58, 0.55, 0.60)
796.10: (0.84, 0.42, 0.36)
796.20: (0.96, 0.25, 0.08)
796.31: (0.96, 0.07, -0.28)
796.43: (0.76, 0.12, -0.64)
796.55: (0.41, 0.39, -0.83)
796.66: (0.08, 0.71, -0.70)
796.78: (-0.09, 0.93, -0.34)
796.88: (-0.03, 1.00, -0.04)
796.98: (0.16, 0.97, 0.20)
797.10: (0.33, 0.83, 0.45)
797.21: (0.28, 0.65, 0.71)
797.33: (0.06, 0.45, 0.89)
797.44: (-0.09, 0.12, 0.99)
797.56: (-0.15, -0.32, 0.94)
797.66: (-0.06, -0.68, 0.73)
797.78: (0.27, -0.79, 0.55)
797.89: (0.39, -0.64, 0.66)
797.99: (0.34, -0.50, 0.79)
798.11: (0.27, -0.41, 0.87)
798.21: (0.28, -0.39, 0.88)
798.33: (0.36, -0.34, 0.87)
798.43: (0.42, -0.29, 0.86)
798.54: (0.49, -0.26, 0.83)
798.59: (0.52, -0.24, 0.82)
798.59: (-0.91, -0.41, 0.01): 0
798.66: (0.53, -0.23, 0.81)
798.78: (0.55, -0.24, 0.80)
798.88: (0.62, -0.23, 0.75)
798.99: (0.78, -0.18, 0.60)
799.11: (0.93, -0.13, 0.35)
799.23: (1.00, 0.04, 0.06)
799.34: (0.94, 0.28, -0.21)
799.46: (0.78, 0.47, -0.41)
799.58: (0.62, 0.56, -0.54)
799.69: (0.37, 0.66, -0.66)
799.79: (0.17, 0.69, -0.70)
799.91: (-0.05, 0.66, -0.75)
800.03: (-0.31, 0.55, -0.77)
800.13: (-0.53, 0.44, -0.72)
800.24: (-0.77, 0.28, -0.57)
800.36: (-0.92, 0.03, -0.39)
800.48: (-0.95, -0.27, -0.18)
800.59: (-0.87, -0.49, -0.02)
800.71: (-0.86, -0.50, 0.12)
800.83: (-0.93, -0.37, 0.07)
800.94: (-0.93, -0.36, 0.03)
801.06: (-0.93, -0.37, 0.03)
801.08: (-0.93, -0.37, 0.03)
801.08: (0.95, 0.28, 0.17): 0
801.18: (-0.93, -0.36, 0.03)
801.29: (-0.93, -0.36, 0.03)
801.39: (-0.94, -0.35, 0.02)
801.51: (-1.00, -0.06, -0.06)
801.63: (-0.96, 0.25, -0.13)
801.73: (-0.95, 0.32, -0.06)
801.84: (-0.89, 0.45, 0.10)
801.96: (-0.70, 0.68, 0.23)
802.08: (-0.31, 0.91, 0.26)
802.19: (0.08, 0.97, 0.22)
802.29: (0.32, 0.93, 0.18)
802.41: (0.56, 0.83, 0.10)
802.51: (0.71, 0.70, 0.01)
802.63: (0.86, 0.51, -0.06)
802.74: (0.91, 0.41, 0.00)
802.84: (0.90, 0.44, 0.08)
802.94: (0.88, 0.46, 0.14)
803.06: (0.91, 0.37, 0.19)
803.18: (0.93, 0.32, 0.20)
803.28: (0.94, 0.28, 0.20)
803.28: (0.99, -0.04, -0.12): 1
803.29: (0.94, 0.28, 0.20)
803.41: (0.94, 0.28, 0.20)
803.51: (0.94, 0.28, 0.19)
803.63: (0.98, 0.19, 0.10)
803.74: (1.00, 0.05, -0.02)
803.84: (1.00, 0.04, -0.06)
803.96: (1.00, 0.02, -0.09)
804.08: (0.99, -0.05, -0.15)
804.18: (0.96, -0.15, -0.22)
804.29: (0.95, -0.17, -0.26)
804.39: (0.95, -0.18, -0.26)
804.51: (0.95, -0.18, -0.26)
804.63: (0.97, -0.15, -0.21)
804.74: (0.99, -0.09, -0.13)
804.84: (0.99, -0.07, -0.10)
804.84: (-0.95, -0.19, 0.24): 2
804.86: (0.99, -0.07, -0.10)
804.98: (0.99, -0.07, -0.09)
805.08: (0.99, -0.06, -0.09)
805.19: (0.99, -0.08, -0.12)
805.31: (0.95, -0.19, -0.23)
805.43: (0.93, -0.25, -0.27)
805.54: (0.82, -0.46, -0.34)
805.66: (0.56, -0.73, -0.40)
805.76: (0.09, -0.90, -0.42)
805.88: (-0.43, -0.75, -0.50)
805.99: (-0.43, -0.75, -0.50)
806.11: (-0.43, -0.75, -0.50)
806.23: (-0.43, -0.75, -0.50)
806.34: (-0.43, -0.75, -0.50)
806.44: (-0.51, -0.53, -0.68)
806.56: (-0.59, -0.24, -0.77)
806.68: (-0.66, 0.06, -0.75)
806.79: (-0.57, 0.35, -0.75)
806.89: (-0.37, 0.52, -0.77)
807.01: (-0.16, 0.77, -0.62)
807.13: (-0.01, 0.92, -0.38)
807.24: (0.22, 0.97, -0.09)
807.36: (0.61, 0.78, 0.14)
807.48: (0.87, 0.45, 0.21)
807.59: (0.98, 0.10, 0.18)
807.69: (0.97, -0.23, 0.02)
807.81: (0.81, -0.52, -0.26)
807.93: (0.60, -0.67, -0.44)
808.04: (0.26, -0.76, -0.60)
808.16: (-0.19, -0.50, -0.84)
808.28: (-0.59, 0.04, -0.80)
808.38: (-0.73, 0.47, -0.50)
808.49: (-0.61, 0.79, -0.02)
808.59: (-0.34, 0.88, 0.33)
808.71: (-0.01, 0.80, 0.60)
808.83: (0.26, 0.59, 0.76)
808.94: (0.52, 0.27, 0.81)
809.04: (0.73, -0.10, 0.68)
809.16: (0.84, -0.44, 0.30)
809.28: (0.79, -0.61, -0.09)
809.39: (0.59, -0.64, -0.50)
809.49: (0.34, -0.53, -0.77)
809.61: (0.07, -0.31, -0.95)
809.73: (-0.16, -0.03, -0.99)
809.84: (0.02, 0.27, -0.96)
809.96: (0.45, 0.47, -0.76)
810.06: (0.42, 0.70, -0.58)
810.18: (-0.07, 0.93, -0.36)
810.29: (-0.52, 0.84, -0.13)
810.41: (-0.86, 0.49, 0.15)
810.53: (-0.80, 0.28, 0.53)
810.63: (-0.44, 0.48, 0.76)
810.74: (-0.03, 0.66, 0.75)
810.86: (-0.12, 0.67, 0.73)
810.98: (-0.29, 0.60, 0.74)
811.09: (-0.42, 0.48, 0.77)
811.21: (-0.55, 0.33, 0.76)
811.33: (-0.67, 0.19, 0.72)
811.44: (-0.74, 0.11, 0.66)
811.54: (-0.80, 0.02, 0.60)
811.66: (-0.88, -0.10, 0.47)
811.78: (-0.90, -0.17, 0.39)
811.88: (-0.92, -0.20, 0.35)
811.93: (-0.92, -0.22, 0.32)
811.93: (0.10, 0.24, -0.96): 2
811.98: (-0.92, -0.23, 0.31)
812.09: (-0.92, -0.24, 0.30)
812.21: (-0.92, -0.24, 0.30)
812.33: (-0.91, -0.23, 0.34)
812.44: (-0.86, -0.08, 0.50)
812.54: (-0.75, 0.11, 0.65)
812.66: (-0.44, 0.37, 0.82)
812.78: (-0.05, 0.60, 0.79)
812.88: (0.24, 0.75, 0.62)
812.99: (0.49, 0.80, 0.34)
813.11: (0.65, 0.76, -0.03)
813.23: (0.77, 0.51, -0.38)
813.34: (0.79, 0.12, -0.60)
813.46: (0.62, -0.35, -0.70)
813.58: (0.16, -0.76, -0.63)
813.69: (-0.30, -0.89, -0.34)
813.79: (-0.61, -0.79, -0.08)
813.91: (-0.86, -0.51, 0.11)
814.03: (-0.97, -0.15, 0.19)
814.14: (-0.96, 0.22, 0.15)
814.26: (-0.83, 0.55, -0.02)
814.37: (-0.60, 0.77, -0.20)
814.49: (-0.28, 0.90, -0.34)
814.61: (0.18, 0.88, -0.44)
814.72: (0.58, 0.64, -0.50)
814.84: (0.79, 0.25, -0.56)
814.96: (0.81, -0.22, -0.54)
815.07: (0.62, -0.65, -0.44)
815.19: (0.39, -0.80, -0.47)
815.31: (0.32, -0.56, -0.77)
815.42: (0.32, -0.32, -0.89)
815.52: (0.26, -0.07, -0.96)
815.64: (0.17, 0.20, -0.96)
815.74: (0.15, 0.23, -0.96)
815.86: (0.15, 0.19, -0.97)
815.94: (0.15, 0.18, -0.97)
815.94: (0.53, -0.82, -0.23): 2
815.97: (0.15, 0.18, -0.97)
816.09: (0.15, 0.18, -0.97)
816.21: (0.11, 0.22, -0.97)
816.32: (-0.05, 0.30, -0.95)
816.44: (-0.31, 0.45, -0.84)
816.56: (-0.59, 0.59, -0.56)
816.67: (-0.73, 0.63, -0.25)
816.79: (-0.80, 0.59, 0.08)
816.91: (-0.79, 0.49, 0.37)
817.01: (-0.74, 0.43, 0.52)
817.12: (-0.51, 0.30, 0.81)
817.24: (-0.25, 0.03, 0.97)
817.36: (0.04, -0.28, 0.96)
817.46: (0.22, -0.54, 0.82)
817.57: (0.27, -0.80, 0.53)
817.69: (0.24, -0.96, 0.15)
817.81: (0.34, -0.89, -0.30)
817.92: (0.60, -0.65, -0.46)
818.02: (0.68, -0.63, -0.37)
818.14: (0.61, -0.72, -0.33)
818.24: (0.57, -0.78, -0.27)
818.34: (0.54, -0.82, -0.19)
818.46: (0.51, -0.84, -0.18)
818.54: (0.52, -0.83, -0.19)
818.54: (-0.98, 0.14, -0.13): 1
818.57: (0.52, -0.83, -0.20)
818.67: (0.53, -0.82, -0.22)
818.77: (0.53, -0.81, -0.25)
818.89: (0.54, -0.76, -0.35)
819.01: (0.58, -0.70, -0.42)
819.12: (0.48, -0.83, -0.30)
819.22: (0.15, -0.99, -0.05)
819.34: (-0.25, -0.97, -0.02)
819.46: (-0.44, -0.86, -0.27)
819.56: (-0.50, -0.68, -0.53)
819.67: (-0.56, -0.48, -0.68)
819.77: (-0.67, -0.29, -0.68)
819.87: (-0.83, -0.07, -0.56)
819.99: (-0.91, 0.24, -0.34)
820.11: (-0.86, 0.48, -0.19)
820.22: (-0.89, 0.42, -0.19)
820.32: (-0.96, 0.22, -0.15)
820.44: (-0.99, 0.14, -0.09)
820.54: (-0.99, 0.13, -0.07)
820.62: (-0.99, 0.11, -0.06)
820.62: (0.12, -0.37, 0.92): 1
820.64: (-0.99, 0.11, -0.06)
820.76: (-0.99, 0.12, -0.05)
820.87: (-0.99, 0.10, -0.04)
820.99: (-1.00, 0.01, 0.03)
821.11: (-0.97, 0.07, 0.24)
821.22: (-0.85, 0.16, 0.50)
821.34: (-0.68, 0.21, 0.70)
821.44: (-0.47, 0.21, 0.86)
821.56: (-0.25, 0.09, 0.96)
821.67: (-0.16, -0.08, 0.98)
821.77: (-0.09, -0.16, 0.98)
821.89: (-0.02, -0.26, 0.97)
822.01: (0.08, -0.31, 0.95)
822.12: (0.13, -0.32, 0.94)
822.21: (0.16, -0.34, 0.93)
822.21: (0.17, 0.34, 0.93): 1
822.24: (0.16, -0.34, 0.93)
822.36: (0.19, -0.35, 0.92)
822.47: (0.30, -0.39, 0.87)
822.57: (0.47, -0.42, 0.78)
822.69: (0.48, -0.25, 0.84)
822.81: (0.38, -0.12, 0.92)
822.92: (0.34, -0.06, 0.94)
823.04: (0.29, 0.07, 0.95)
823.16: (0.26, 0.17, 0.95)
823.27: (0.24, 0.22, 0.94)
823.39: (0.22, 0.27, 0.94)
823.39: (0.85, -0.52, -0.09): 0
823.39: (0.22, 0.27, 0.94)
823.51: (0.22, 0.29, 0.93)
823.61: (0.19, 0.30, 0.93)
823.71: (0.18, 0.31, 0.93)
823.82: (0.12, 0.34, 0.93)
823.94: (0.02, 0.34, 0.94)
824.06: (0.16, 0.26, 0.95)
824.17: (0.61, 0.21, 0.77)
824.29: (0.69, 0.32, 0.64)
824.41: (0.82, 0.33, 0.46)
824.51: (0.97, 0.16, 0.17)
824.62: (0.97, -0.11, -0.23)
824.74: (0.84, -0.27, -0.46)
824.86: (0.78, -0.33, -0.52)
824.96: (0.86, -0.37, -0.35)
825.07: (0.91, -0.37, -0.17)
825.19: (0.91, -0.40, -0.08)
825.31: (0.89, -0.44, -0.05)
825.41: (0.87, -0.49, -0.06)
825.52: (0.85, -0.52, -0.08)
825.59: (0.85, -0.53, -0.08)
825.59: (0.22, 0.97, -0.08): 1
825.64: (0.85, -0.53, -0.08)
825.76: (0.85, -0.53, -0.08)
825.87: (0.85, -0.52, -0.08)
825.99: (0.86, -0.51, -0.02)
826.09: (0.85, -0.52, 0.06)
826.21: (0.73, -0.68, -0.01)
826.32: (0.46, -0.85, -0.26)
826.44: (0.12, -0.79, -0.61)
826.56: (-0.10, -0.56, -0.83)
826.67: (-0.17, -0.35, -0.92)
826.79: (-0.33, 0.04, -0.94)
826.91: (-0.24, 0.31, -0.92)
827.01: (-0.01, 0.41, -0.91)
827.12: (0.25, 0.41, -0.88)
827.24: (0.44, 0.36, -0.82)
827.34: (0.63, 0.23, -0.75)
827.46: (0.70, 0.10, -0.70)
827.57: (0.69, 0.04, -0.72)
827.69: (0.67, -0.38, -0.64)
827.81: (0.65, -0.43, -0.62)
827.92: (0.65, -0.43, -0.62)
828.04: (0.65, -0.43, -0.62)
828.16: (0.54, -0.71, -0.45)
828.27: (0.20, -0.98, 0.07)
828.39: (-0.21, -0.83, 0.52)
828.49: (-0.44, -0.55, 0.71)
828.61: (-0.58, -0.24, 0.78)
828.72: (-0.69, 0.02, 0.72)
828.84: (-0.73, 0.41, 0.55)
828.96: (-0.57, 0.77, 0.27)
829.07: (-0.31, 0.95, -0.02)
829.19: (-0.01, 0.93, -0.36)
829.31: (0.33, 0.73, -0.60)
829.42: (0.23, 0.85, -0.48)
829.54: (0.07, 0.96, -0.28)
829.66: (0.10, 0.97, -0.22)
829.77: (0.15, 0.98, -0.15)
829.87: (0.16, 0.98, -0.09)
829.92: (0.17, 0.98, -0.09)
829.92: (0.19, -0.83, 0.52): 2
829.99: (0.17, 0.98, -0.09)
830.11: (0.17, 0.98, -0.10)
830.21: (0.16, 0.97, -0.17)
830.32: (0.14, 0.94, -0.31)
830.44: (-0.17, 0.93, -0.32)
830.54: (-0.50, 0.85, -0.18)
830.66: (-0.71, 0.71, -0.01)
830.77: (-0.79, 0.62, -0.06)
830.89: (-0.81, 0.49, -0.32)
831.00: (-0.32, 0.77, -0.54)
831.12: (0.19, 0.75, -0.64)
831.24: (0.53, 0.58, -0.62)
831.35: (0.80, 0.40, -0.45)
831.47: (0.92, 0.19, -0.33)
831.59: (0.98, -0.13, -0.14)
831.70: (0.83, -0.55, 0.07)
831.82: (0.58, -0.81, -0.01)
831.94: (0.44, -0.75, -0.49)
832.05: (0.35, -0.66, -0.66)
832.16: (0.40, -0.82, -0.41)
832.27: (0.38, -0.91, -0.16)
832.39: (0.32, -0.95, -0.04)
832.49: (0.26, -0.95, 0.18)
832.59: (0.19, -0.91, 0.36)
832.70: (0.10, -0.87, 0.48)
832.75: (0.10, -0.87, 0.48)
832.75: (-0.84, 0.16, 0.52): 2
832.82: (0.10, -0.87, 0.48)
832.94: (0.11, -0.87, 0.48)
833.04: (0.06, -0.85, 0.52)
833.15: (-0.16, -0.73, 0.66)
833.27: (-0.47, -0.38, 0.80)
833.39: (-0.69, -0.05, 0.72)
833.49: (-0.77, 0.28, 0.57)
833.59: (-0.78, 0.50, 0.37)
833.69: (-0.83, 0.43, 0.36)
833.79: (-0.84, 0.26, 0.47)
833.90: (-0.83, 0.19, 0.52)
834.02: (-0.83, 0.15, 0.53)
834.12: (-0.83, 0.12, 0.54)
834.19: (-0.84, 0.11, 0.54)
834.19: (0.52, 0.86, 0.00): 2
834.24: (-0.84, 0.11, 0.54)
834.35: (-0.84, 0.11, 0.53)
834.47: (-0.89, 0.07, 0.46)
834.59: (-0.94, 0.17, 0.31)
834.70: (-0.88, 0.47, 0.05)
834.82: (-0.69, 0.69, -0.23)
834.94: (-0.56, 0.74, -0.38)
835.05: (-0.51, 0.71, -0.48)
835.15: (-0.46, 0.72, -0.52)
835.27: (-0.33, 0.69, -0.64)
835.39: (-0.54, 0.51, -0.67)
835.50: (-0.76, 0.31, -0.57)
835.60: (-0.86, 0.12, -0.50)
835.72: (-0.92, -0.12, -0.39)
835.84: (-0.93, -0.26, -0.26)
835.95: (-0.92, -0.37, -0.14)
836.07: (-0.80, -0.60, 0.01)
836.19: (-0.54, -0.81, 0.22)
836.30: (-0.27, -0.88, 0.40)
836.42: (-0.14, -0.84, 0.52)
836.52: (0.04, -0.79, 0.61)
836.64: (0.32, -0.66, 0.68)
836.75: (0.59, -0.44, 0.68)
836.87: (0.77, -0.20, 0.60)
836.97: (0.87, 0.03, 0.50)
837.09: (0.89, 0.28, 0.37)
837.20: (0.82, 0.54, 0.22)
837.32: (0.66, 0.75, 0.05)
837.44: (0.50, 0.86, -0.02)
837.55: (0.47, 0.88, 0.05)
837.67: (0.49, 0.87, 0.07)
837.79: (0.56, 0.82, 0.09)
837.90: (0.58, 0.81, 0.09)
837.92: (0.58, 0.81, 0.09)
837.92: (0.86, -0.51, 0.04): 0
838.02: (0.58, 0.81, 0.09)
838.14: (0.58, 0.81, 0.09)
838.25: (0.56, 0.82, 0.13)
838.37: (0.42, 0.89, 0.18)
838.49: (0.01, 0.99, 0.11)
838.60: (-0.53, 0.84, -0.12)
838.72: (-0.81, 0.54, -0.25)
838.82: (-0.94, 0.25, -0.25)
838.94: (-0.99, -0.04, -0.17)
839.04: (-0.94, -0.32, -0.11)
839.15: (-0.82, -0.56, -0.07)
839.27: (-0.66, -0.75, -0.05)
839.39: (-0.39, -0.92, -0.10)
839.50: (0.02, -0.99, -0.13)
839.62: (0.40, -0.90, -0.16)
839.72: (0.63, -0.76, -0.15)
839.84: (0.88, -0.46, -0.11)
839.95: (0.97, -0.26, 0.00)
840.07: (0.94, -0.34, 0.04)
840.19: (0.87, -0.50, 0.02)
840.29: (0.85, -0.52, 0.00)
840.34: (0.85, -0.52, 0.00)
840.34: (0.94, 0.32, -0.13): 2
840.40: (0.85, -0.52, 0.00)
840.52: (0.85, -0.52, 0.02)
840.64: (0.81, -0.59, 0.07)
840.75: (0.91, -0.41, 0.05)
840.85: (0.97, -0.23, 0.01)
840.97: (0.98, -0.20, -0.05)
841.09: (0.98, -0.12, -0.12)
841.20: (0.99, 0.05, -0.16)
841.30: (0.98, 0.17, -0.14)
841.42: (0.94, 0.32, -0.12)
841.52: (0.90, 0.43, -0.09)
841.59: (0.89, 0.44, -0.10)
841.59: (-0.99, -0.01, 0.10): 2
841.62: (0.90, 0.43, -0.10)
841.74: (0.90, 0.41, -0.12)
841.85: (0.92, 0.36, -0.16)
841.97: (0.95, 0.26, -0.17)
842.09: (0.99, 0.09, -0.09)
842.19: (1.00, -0.04, -0.06)
842.30: (0.96, -0.26, -0.05)
842.40: (0.91, -0.42, -0.07)
842.52: (0.81, -0.57, -0.09)
842.64: (0.49, -0.87, -0.11)
842.75: (0.14, -0.99, -0.04)
842.85: (0.01, -0.98, 0.22)
842.97: (0.50, -0.77, 0.40)
843.07: (0.86, -0.37, 0.36)
843.19: (0.96, 0.04, 0.27)
843.30: (0.94, 0.34, 0.03)
843.42: (0.87, 0.45, -0.19)
843.54: (0.73, 0.58, -0.37)
843.65: (0.40, 0.77, -0.50)
843.77: (0.00, 0.90, -0.44)
843.89: (-0.26, 0.95, -0.19)
844.00: (-0.31, 0.94, 0.13)
844.10: (-0.22, 0.89, 0.40)
844.22: (-0.05, 0.69, 0.72)
844.34: (0.08, 0.43, 0.90)
844.45: (0.24, 0.22, 0.95)
844.57: (0.53, 0.06, 0.85)
844.69: (0.90, -0.05, 0.43)
844.79: (0.97, -0.11, -0.20)
844.90: (0.35, -0.09, -0.93)
845.02: (-0.51, 0.00, -0.86)
845.12: (-0.83, 0.05, -0.55)
845.22: (-0.94, 0.08, -0.32)
845.34: (-1.00, 0.10, 0.01)
845.45: (-0.93, 0.17, 0.33)
845.57: (-0.90, 0.19, 0.40)
845.69: (-0.94, 0.14, 0.30)
845.80: (-0.98, 0.07, 0.18)
845.92: (-0.99, 0.01, 0.11)
846.04: (-1.00, -0.03, 0.08)
846.09: (-1.00, -0.03, 0.08)
846.09: (0.45, 0.49, -0.75): 2
846.15: (-1.00, -0.03, 0.08)
846.27: (-1.00, -0.04, 0.09)
846.39: (-0.99, -0.05, 0.12)
846.49: (-0.98, -0.09, 0.20)
846.59: (-0.91, -0.06, 0.40)
846.70: (-0.69, -0.05, 0.72)
846.82: (-0.44, -0.07, 0.89)
846.94: (-0.13, -0.12, 0.98)
847.05: (0.14, -0.13, 0.98)
847.17: (0.40, -0.12, 0.91)
847.27: (0.63, -0.09, 0.77)
847.39: (0.88, 0.01, 0.47)
847.50: (0.97, 0.12, 0.22)
847.62: (0.96, 0.26, -0.05)
847.74: (0.90, 0.37, -0.24)
847.85: (0.83, 0.41, -0.39)
847.97: (0.70, 0.45, -0.55)
848.08: (0.55, 0.45, -0.70)
848.20: (0.51, 0.44, -0.74)
848.25: (0.50, 0.45, -0.74)
848.25: (-0.66, -0.43, 0.62): 0
848.32: (0.51, 0.45, -0.74)
848.43: (0.50, 0.45, -0.74)
848.55: (0.43, 0.48, -0.77)
848.67: (0.28, 0.50, -0.82)
848.77: (0.14, 0.48, -0.86)
848.88: (-0.11, 0.42, -0.90)
849.00: (-0.42, 0.34, -0.84)
849.12: (-0.71, 0.20, -0.68)
849.22: (-0.85, 0.05, -0.52)
849.33: (-0.94, -0.10, -0.33)
849.45: (-0.95, -0.30, -0.06)
849.57: (-0.82, -0.53, 0.20)
849.68: (-0.67, -0.68, 0.29)
849.80: (-0.63, -0.76, 0.15)
849.92: (-0.66, -0.65, 0.38)
850.02: (-0.63, -0.60, 0.49)
850.12: (-0.65, -0.55, 0.52)
850.23: (-0.68, -0.49, 0.55)
850.35: (-0.67, -0.41, 0.62)
850.47: (-0.65, -0.40, 0.65)
850.47: (0.63, 0.62, -0.47): 0
850.47: (-0.65, -0.40, 0.65)
850.57: (-0.64, -0.41, 0.65)
850.68: (-0.64, -0.41, 0.66)
850.80: (-0.52, -0.37, 0.77)
850.90: (-0.42, -0.30, 0.86)
851.02: (-0.21, -0.28, 0.93)
851.13: (0.10, -0.29, 0.95)
851.25: (0.42, -0.24, 0.88)
851.37: (0.63, -0.13, 0.76)
851.48: (0.82, 0.00, 0.58)
851.58: (0.95, 0.07, 0.30)
851.68: (0.99, 0.10, -0.03)
851.80: (0.93, 0.12, -0.35)
851.92: (0.83, 0.14, -0.54)
852.02: (0.71, 0.18, -0.68)
852.13: (0.58, 0.35, -0.74)
852.23: (0.48, 0.56, -0.67)
852.35: (0.54, 0.61, -0.58)
852.45: (0.64, 0.63, -0.45)
852.57: (0.66, 0.62, -0.43)
852.68: (0.66, 0.62, -0.44)
852.68: (0.81, -0.38, 0.45): 1
852.68: (0.66, 0.62, -0.44)
852.78: (0.66, 0.62, -0.44)
852.90: (0.66, 0.63, -0.42)
853.02: (0.69, 0.67, -0.29)
853.12: (0.69, 0.70, -0.19)
853.23: (0.67, 0.74, -0.02)
853.33: (0.66, 0.73, 0.20)
853.45: (0.69, 0.57, 0.44)
853.57: (0.68, 0.42, 0.60)
853.68: (0.56, 0.46, 0.69)
853.80: (0.33, 0.42, 0.84)
853.90: (0.16, 0.27, 0.95)
854.02: (0.11, 0.05, 0.99)
854.13: (0.09, -0.05, 0.99)
854.25: (-0.12, -0.09, 0.99)
854.35: (-0.32, -0.24, 0.92)
854.47: (-0.59, -0.43, 0.68)
854.58: (-0.74, -0.48, 0.48)
854.70: (-0.85, -0.45, 0.27)
854.82: (-0.87, -0.49, 0.09)
854.93: (-0.81, -0.59, -0.03)
855.05: (-0.62, -0.77, -0.18)
855.15: (-0.54, -0.74, -0.39)
855.25: (-0.51, -0.59, -0.62)
855.37: (-0.36, -0.35, -0.86)
855.48: (-0.10, -0.11, -0.99)
855.60: (0.17, 0.09, -0.98)
855.72: (0.43, 0.20, -0.88)
855.83: (0.65, 0.34, -0.68)
855.95: (0.75, 0.54, -0.38)
856.05: (0.70, 0.71, -0.03)
856.17: (0.54, 0.71, 0.45)
856.27: (0.42, 0.45, 0.79)
856.38: (0.36, -0.01, 0.93)
856.48: (0.41, -0.44, 0.80)
856.60: (0.45, -0.82, 0.35)
856.72: (0.39, -0.91, -0.16)
856.82: (0.37, -0.85, -0.38)
856.92: (0.51, -0.83, -0.22)
857.03: (0.62, -0.78, 0.01)
857.15: (0.65, -0.75, 0.12)
857.27: (0.66, -0.72, 0.20)
857.37: (0.72, -0.64, 0.25)
857.48: (0.77, -0.52, 0.37)
857.60: (0.78, -0.39, 0.49)
857.65: (0.77, -0.37, 0.52)
857.65: (-0.99, 0.09, -0.05): 1
857.70: (0.77, -0.36, 0.53)
857.82: (0.79, -0.34, 0.51)
857.93: (0.82, -0.28, 0.50)
858.03: (0.82, -0.21, 0.53)
858.13: (0.84, -0.12, 0.52)
858.25: (0.85, -0.33, 0.41)
858.37: (0.76, -0.57, 0.31)
858.48: (0.76, -0.58, 0.27)
858.60: (0.78, -0.57, 0.26)
858.72: (0.77, -0.64, 0.09)
858.83: (0.57, -0.76, -0.30)
858.95: (0.36, -0.73, -0.59)
859.07: (0.28, -0.58, -0.77)
859.18: (0.25, -0.50, -0.83)
859.30: (0.29, -0.38, -0.88)
859.42: (0.68, -0.16, -0.72)
859.53: (0.93, -0.17, -0.33)
859.65: (0.98, -0.12, 0.17)
859.77: (0.84, 0.11, 0.53)
859.88: (0.55, 0.33, 0.77)
859.98: (0.24, 0.49, 0.84)
860.10: (-0.18, 0.56, 0.81)
860.22: (-0.60, 0.48, 0.65)
860.33: (-0.92, 0.25, 0.32)
860.45: (-0.99, 0.07, -0.09)
860.57: (-0.95, 0.04, -0.32)
860.68: (-0.98, 0.19, -0.09)
860.80: (-0.97, 0.23, 0.05)
860.90: (-0.97, 0.23, 0.05)
861.00: (-0.98, 0.17, 0.02)
861.12: (-0.99, 0.10, -0.03)
861.17: (-1.00, 0.09, -0.03)
861.17: (0.67, 0.72, -0.17): 0
861.22: (-1.00, 0.09, -0.03)
861.33: (-1.00, 0.09, -0.03)
861.45: (-0.99, 0.12, -0.11)
861.57: (-0.94, 0.10, -0.33)
861.68: (-0.86, 0.09, -0.50)
861.80: (-0.76, 0.02, -0.65)
861.92: (-0.52, -0.09, -0.85)
862.03: (-0.10, -0.15, -0.98)
862.15: (0.14, 0.10, -0.98)
862.25: (0.44, 0.35, -0.83)
862.37: (0.77, 0.42, -0.48)
862.48: (0.83, 0.52, -0.22)
862.58: (0.79, 0.62, 0.01)
862.68: (0.74, 0.67, -0.03)
862.80: (0.71, 0.66, -0.24)
862.92: (0.71, 0.66, -0.25)
863.03: (0.68, 0.70, -0.23)
863.08: (0.67, 0.71, -0.23)
863.08: (-0.98, -0.15, -0.14): 0
863.15: (0.66, 0.71, -0.22)
863.27: (0.63, 0.76, -0.19)
863.38: (0.54, 0.84, -0.07)
863.50: (0.44, 0.88, 0.17)
863.62: (0.33, 0.81, 0.48)
863.73: (0.15, 0.70, 0.69)
863.85: (-0.15, 0.59, 0.80)
863.95: (-0.29, 0.36, 0.89)
864.07: (-0.32, -0.03, 0.95)
864.18: (-0.35, -0.39, 0.85)
864.28: (-0.41, -0.58, 0.70)
864.40: (-0.50, -0.74, 0.44)
864.52: (-0.60, -0.78, 0.18)
864.63: (-0.45, -0.89, -0.04)
864.75: (-0.39, -0.88, -0.27)
864.86: (-0.53, -0.74, -0.42)
864.98: (-0.78, -0.55, -0.31)
865.10: (-0.92, -0.35, -0.16)
865.21: (-0.95, -0.30, -0.10)
865.31: (-0.95, -0.27, -0.12)
865.42: (-0.96, -0.21, -0.17)
865.52: (-0.97, -0.15, -0.19)
865.58: (-0.97, -0.13, -0.19)
865.58: (0.96, 0.20, 0.19): 2
865.63: (-0.97, -0.13, -0.19)
865.75: (-0.98, -0.09, -0.19)
865.86: (-0.98, 0.12, -0.17)
865.98: (-0.87, 0.49, -0.07)
866.10: (-0.68, 0.73, 0.09)
866.21: (-0.46, 0.83, 0.31)
866.31: (-0.23, 0.85, 0.48)
866.43: (0.07, 0.85, 0.53)
866.53: (0.42, 0.77, 0.49)
866.65: (0.82, 0.42, 0.39)
866.76: (0.97, 0.00, 0.22)
866.88: (0.99, -0.10, 0.08)
867.00: (0.98, 0.12, 0.17)
867.11: (0.91, 0.32, 0.28)
867.21: (0.89, 0.36, 0.28)
867.33: (0.89, 0.39, 0.26)
867.43: (0.90, 0.36, 0.24)
867.55: (0.95, 0.27, 0.17)
867.66: (0.97, 0.22, 0.14)
867.78: (0.97, 0.19, 0.13)
867.78: (-0.98, 0.13, 0.11): 2
867.78: (0.97, 0.19, 0.13)
867.90: (0.97, 0.19, 0.13)
868.01: (0.98, 0.15, 0.11)
868.11: (1.00, 0.00, 0.06)
868.23: (0.97, -0.23, 0.04)
868.35: (0.89, -0.46, 0.08)
868.46: (0.68, -0.72, 0.08)
868.58: (0.34, -0.94, 0.01)
868.70: (0.00, -1.00, 0.00)
868.80: (-0.21, -0.97, 0.10)
868.90: (-0.40, -0.89, 0.23)
869.01: (-0.65, -0.75, 0.14)
869.13: (-0.81, -0.58, -0.06)
869.25: (-0.89, -0.40, -0.20)
869.35: (-0.96, -0.25, -0.14)
869.46: (-0.99, -0.10, 0.08)
869.58: (-0.99, 0.06, 0.14)
869.68: (-0.99, 0.07, 0.10)
869.80: (-1.00, 0.09, 0.03)
869.91: (-0.99, 0.10, 0.02)
869.98: (-0.99, 0.10, 0.02)
869.98: (0.19, -0.98, 0.07): 0
870.01: (-0.99, 0.10, 0.02)
870.13: (-0.99, 0.12, 0.05)
870.25: (-0.98, 0.16, 0.07)
870.36: (-0.96, 0.23, 0.15)
870.48: (-0.91, 0.40, 0.14)
870.60: (-0.78, 0.62, 0.08)
870.71: (-0.56, 0.83, 0.08)
870.83: (-0.26, 0.96, 0.07)
870.95: (0.00, 1.00, 0.05)
871.05: (0.14, 0.99, 0.01)
871.16: (0.32, 0.95, -0.05)
871.26: (0.53, 0.83, -0.16)
871.38: (0.70, 0.63, -0.33)
871.48: (0.71, 0.37, -0.60)
871.60: (0.53, 0.06, -0.84)
871.71: (0.29, -0.25, -0.92)
871.83: (-0.06, -0.54, -0.84)
871.93: (-0.34, -0.70, -0.63)
872.05: (-0.58, -0.75, -0.31)
872.16: (-0.76, -0.65, 0.03)
872.28: (-0.84, -0.43, 0.33)
872.40: (-0.80, -0.21, 0.57)
872.50: (-0.69, -0.02, 0.72)
872.60: (-0.61, 0.17, 0.77)
872.71: (-0.58, 0.45, 0.68)
872.83: (-0.53, 0.70, 0.48)
872.95: (-0.47, 0.85, 0.24)
873.06: (-0.49, 0.87, -0.02)
873.18: (-0.58, 0.80, -0.14)
873.28: (-0.58, 0.80, -0.14)
873.40: (-0.58, 0.80, -0.14)
873.51: (-0.58, 0.80, -0.14)
873.63: (-0.56, 0.81, -0.16)
873.73: (-0.32, 0.87, -0.38)
873.85: (-0.10, 0.74, -0.67)
873.95: (-0.16, 0.45, -0.88)
874.06: (-0.30, -0.01, -0.95)
874.18: (-0.29, -0.47, -0.83)
874.28: (-0.24, -0.81, -0.53)
874.40: (-0.22, -0.98, 0.03)
874.50: (-0.17, -0.78, 0.60)
874.61: (-0.07, -0.32, 0.94)
874.73: (0.04, -0.39, 0.92)
874.85: (0.16, -0.81, 0.56)
874.96: (0.16, -0.93, 0.34)
875.08: (0.17, -0.94, 0.29)
875.20: (0.20, -0.97, 0.12)
875.30: (0.22, -0.97, -0.04)
875.40: (0.23, -0.97, -0.08)
875.40: (-0.60, 0.62, 0.50): 0
875.40: (0.23, -0.97, -0.08)
875.51: (0.22, -0.97, -0.08)
875.63: (0.21, -0.98, -0.04)
875.75: (0.21, -0.97, 0.10)
875.85: (0.28, -0.89, 0.37)
875.96: (0.33, -0.68, 0.66)
876.08: (0.33, -0.34, 0.88)
876.18: (0.33, -0.07, 0.94)
876.30: (0.25, 0.23, 0.94)
876.41: (0.11, 0.58, 0.80)
876.53: (-0.12, 0.82, 0.56)
876.65: (-0.29, 0.92, 0.27)
876.75: (-0.40, 0.91, 0.11)
876.86: (-0.58, 0.80, 0.16)
876.98: (-0.62, 0.70, 0.35)
877.10: (-0.59, 0.72, 0.38)
877.21: (-0.56, 0.70, 0.44)
877.33: (-0.53, 0.66, 0.53)
877.40: (-0.53, 0.65, 0.54)
877.40: (-0.29, 0.17, -0.94): 0
877.43: (-0.53, 0.65, 0.54)
877.55: (-0.53, 0.65, 0.54)
877.65: (-0.56, 0.66, 0.49)
877.76: (-0.66, 0.70, 0.28)
877.88: (-0.72, 0.69, -0.03)
878.00: (-0.73, 0.58, -0.36)
878.11: (-0.67, 0.36, -0.65)
878.23: (-0.51, 0.05, -0.86)
878.35: (-0.33, -0.14, -0.93)
878.46: (-0.38, 0.07, -0.92)
878.58: (-0.39, 0.20, -0.90)
878.68: (-0.37, 0.21, -0.91)
878.78: (-0.35, 0.20, -0.91)
878.78: (0.66, 0.65, -0.39): 2
878.80: (-0.35, 0.20, -0.92)
878.91: (-0.34, 0.19, -0.92)
879.03: (-0.28, 0.10, -0.95)
879.15: (-0.16, -0.07, -0.98)
879.26: (0.02, -0.23, -0.97)
879.36: (0.22, -0.40, -0.89)
879.48: (0.49, -0.58, -0.65)
879.60: (0.66, -0.65, -0.37)
879.71: (0.73, -0.68, -0.11)
879.83: (0.76, -0.62, 0.16)
879.95: (0.77, -0.52, 0.36)
880.06: (0.73, -0.37, 0.58)
880.18: (0.54, -0.17, 0.82)
880.30: (0.25, -0.04, 0.97)
880.41: (-0.02, -0.05, 1.00)
880.53: (-0.10, -0.18, 0.98)
880.65: (-0.02, -0.40, 0.92)
880.76: (0.07, -0.66, 0.74)
880.88: (0.34, -0.87, 0.35)
881.00: (0.66, -0.75, -0.08)
881.11: (0.71, -0.56, -0.43)
881.21: (0.53, -0.38, -0.76)
881.33: (0.27, -0.23, -0.94)
881.43: (0.08, -0.19, -0.98)
881.54: (-0.22, 0.06, -0.97)
881.66: (-0.52, 0.35, -0.78)
881.78: (-0.75, 0.50, -0.43)
881.89: (-0.72, 0.70, -0.04)
882.01: (-0.46, 0.84, 0.29)
882.13: (-0.08, 0.83, 0.54)
882.24: (0.29, 0.65, 0.70)
882.36: (0.62, 0.34, 0.71)
882.46: (0.76, 0.05, 0.65)
882.58: (0.84, -0.24, 0.48)
882.69: (0.79, -0.58, 0.19)
882.81: (0.60, -0.80, -0.08)
882.91: (0.36, -0.84, -0.41)
883.01: (0.13, -0.67, -0.73)
883.13: (-0.05, -0.37, -0.93)
883.24: (-0.16, 0.02, -0.99)
883.36: (-0.19, 0.37, -0.91)
883.48: (-0.06, 0.65, -0.75)
883.58: (0.13, 0.83, -0.54)
883.68: (0.29, 0.91, -0.28)
883.80: (0.42, 0.91, -0.07)
883.91: (0.54, 0.82, -0.17)
884.03: (0.59, 0.75, -0.31)
884.14: (0.62, 0.68, -0.40)
884.26: (0.63, 0.66, -0.40)
884.26: (0.74, 0.66, -0.10): 1
884.26: (0.63, 0.66, -0.40)
884.36: (0.65, 0.64, -0.40)
884.48: (0.74, 0.51, -0.44)
884.58: (0.85, 0.25, -0.47)
884.69: (0.90, -0.07, -0.44)
884.81: (0.91, 0.17, -0.37)
884.93: (0.87, 0.39, -0.30)
885.04: (0.85, 0.46, -0.25)
885.16: (0.84, 0.50, -0.22)
885.28: (0.77, 0.62, -0.14)
885.38: (0.73, 0.68, -0.09)
885.49: (0.72, 0.69, -0.08)
885.51: (0.72, 0.69, -0.08)
885.51: (0.82, -0.23, 0.52): 1
885.59: (0.72, 0.69, -0.08)
885.69: (0.72, 0.69, -0.08)
885.81: (0.82, 0.56, -0.11)
885.93: (0.95, 0.28, -0.10)
886.04: (0.99, 0.06, -0.08)
886.16: (0.98, -0.22, 0.02)
886.26: (0.85, -0.46, 0.25)
886.38: (0.74, -0.56, 0.37)
886.49: (0.84, -0.34, 0.42)
886.61: (0.89, -0.10, 0.45)
886.73: (0.86, -0.08, 0.50)
886.84: (0.84, -0.15, 0.53)
886.94: (0.82, -0.20, 0.53)
887.06: (0.81, -0.26, 0.52)
887.11: (0.81, -0.26, 0.52)
887.11: (-0.85, 0.51, -0.13): 1
887.16: (0.81, -0.26, 0.52)
887.28: (0.80, -0.29, 0.52)
887.39: (0.71, -0.48, 0.51)
887.51: (0.64, -0.58, 0.50)
887.63: (0.54, -0.71, 0.45)
887.74: (0.34, -0.79, 0.51)
887.86: (0.05, -0.84, 0.53)
887.96: (-0.04, -0.84, 0.54)
888.08: (-0.25, -0.88, 0.41)
888.18: (-0.52, -0.84, 0.18)
888.29: (-0.74, -0.66, -0.11)
888.41: (-0.79, -0.54, -0.29)
888.53: (-0.80, -0.42, -0.43)
888.64: (-0.57, -0.01, -0.82)
888.76: (-0.22, 0.40, -0.89)
888.88: (0.18, 0.69, -0.70)
888.99: (0.34, 0.66, -0.66)
889.09: (0.19, 0.43, -0.88)
889.21: (-0.01, 0.12, -0.99)
889.33: (-0.15, -0.29, -0.95)
889.44: (-0.30, -0.72, -0.63)
889.56: (-0.33, -0.94, -0.14)
889.66: (-0.30, -0.92, 0.23)
889.78: (-0.24, -0.79, 0.56)
889.89: (-0.11, -0.53, 0.84)
890.01: (0.09, -0.21, 0.97)
890.13: (0.33, 0.15, 0.93)
890.24: (0.51, 0.43, 0.74)
890.36: (0.68, 0.64, 0.35)
890.48: (0.73, 0.66, -0.19)
890.58: (0.61, 0.58, -0.55)
890.69: (0.43, 0.40, -0.81)
890.79: (0.26, 0.13, -0.96)
890.91: (0.04, -0.24, -0.97)
891.03: (-0.14, -0.52, -0.84)
891.14: (-0.17, -0.73, -0.66)
891.26: (-0.09, -0.92, -0.38)
891.38: (0.03, -1.00, -0.08)
891.49: (0.16, -0.97, 0.17)
891.59: (0.32, -0.85, 0.41)
891.71: (0.43, -0.60, 0.67)
891.83: (0.51, -0.32, 0.80)
891.94: (0.60, 0.05, 0.80)
892.06: (0.63, 0.50, 0.60)
892.16: (0.53, 0.81, 0.25)
892.28: (0.37, 0.89, -0.26)
892.39: (0.11, 0.61, -0.78)
892.49: (-0.10, 0.14, -0.99)
892.61: (-0.30, -0.48, -0.82)
892.73: (-0.32, -0.91, -0.28)
892.84: (-0.13, -0.88, 0.45)
892.96: (0.18, -0.41, 0.90)
893.06: (0.37, 0.07, 0.93)
893.18: (0.47, 0.56, 0.69)
893.29: (0.33, 0.90, 0.28)
893.39: (0.06, 0.99, -0.16)
893.51: (-0.20, 0.79, -0.58)
893.63: (-0.31, 0.40, -0.86)
893.74: (-0.27, -0.04, -0.96)
893.86: (-0.10, -0.48, -0.87)
893.98: (0.09, -0.77, -0.64)
894.08: (0.22, -0.90, -0.38)
894.19: (0.28, -0.96, 0.00)
894.31: (0.32, -0.87, 0.36)
894.43: (0.33, -0.58, 0.74)
894.54: (0.25, -0.18, 0.95)
894.66: (0.16, 0.24, 0.96)
894.78: (0.09, 0.62, 0.78)
894.88: (0.12, 0.86, 0.49)
894.98: (0.18, 0.98, 0.11)
895.09: (0.36, 0.89, -0.27)
895.21: (0.73, 0.61, -0.32)
895.33: (1.00, 0.00, -0.07)
895.44: (0.86, -0.50, 0.00)
895.56: (0.65, -0.71, -0.28)
895.68: (0.36, -0.78, -0.51)
895.79: (0.02, -0.80, -0.59)
895.89: (-0.29, -0.84, -0.46)
896.01: (-0.58, -0.80, -0.13)
896.13: (-0.69, -0.51, 0.51)
896.24: (-0.36, 0.17, 0.92)
896.36: (0.23, 0.67, 0.70)
896.48: (0.72, 0.67, 0.15)
896.59: (0.96, 0.27, -0.12)
896.71: (0.93, -0.36, -0.03)
896.83: (0.31, -0.95, 0.01)
896.94: (-0.63, -0.77, -0.13)
897.06: (-0.90, 0.27, -0.34)
897.18: (-0.18, 0.90, -0.40)
897.28: (0.43, 0.73, -0.53)
897.39: (0.61, 0.29, -0.74)
897.51: (0.32, 0.34, -0.88)
897.63: (0.00, 0.53, -0.85)
897.74: (-0.16, 0.60, -0.79)
897.86: (-0.31, 0.64, -0.70)
897.98: (-0.45, 0.68, -0.58)
898.09: (-0.62, 0.66, -0.42)
898.21: (-0.78, 0.56, -0.28)
898.33: (-0.82, 0.52, -0.24)
898.43: (-0.82, 0.52, -0.24)
898.44: (-0.82, 0.52, -0.24)
898.44: (-1.00, -0.05, 0.02): 2
898.54: (-0.82, 0.52, -0.24)
898.66: (-0.83, 0.51, -0.22)
898.78: (-0.88, 0.45, -0.13)
898.89: (-0.98, 0.16, -0.05)
898.99: (-1.00, 0.00, -0.06)
899.11: (-1.00, 0.00, -0.07)
899.14: (-1.00, 0.00, -0.06)
899.14: (-0.29, -0.15, 0.94): 1
899.22: (-1.00, 0.00, -0.06)
899.33: (-1.00, 0.00, -0.06)
899.44: (-1.00, -0.03, 0.00)
899.56: (-0.99, -0.11, 0.08)
899.68: (-0.90, -0.34, 0.29)
899.79: (-0.67, -0.51, 0.54)
899.91: (-0.29, -0.64, 0.71)
900.02: (0.04, -0.72, 0.69)
900.12: (0.19, -0.71, 0.68)
900.24: (0.20, -0.55, 0.81)
900.36: (0.03, -0.38, 0.92)
900.47: (-0.04, -0.34, 0.94)
900.59: (-0.13, -0.33, 0.94)
900.71: (-0.24, -0.26, 0.94)
900.82: (-0.26, -0.23, 0.94)
900.91: (-0.26, -0.20, 0.94)
900.91: (-0.97, 0.00, 0.24): 2
900.92: (-0.26, -0.20, 0.95)
901.02: (-0.25, -0.19, 0.95)
901.14: (-0.25, -0.13, 0.96)
901.26: (-0.28, 0.02, 0.96)
901.37: (-0.36, 0.18, 0.92)
901.47: (-0.42, 0.32, 0.85)
901.59: (-0.37, 0.51, 0.78)
901.71: (-0.39, 0.69, 0.61)
901.82: (-0.72, 0.56, 0.40)
901.92: (-0.87, 0.29, 0.39)
902.02: (-0.90, 0.16, 0.40)
902.14: (-0.92, 0.09, 0.39)
902.26: (-0.94, 0.01, 0.35)
902.37: (-0.97, -0.03, 0.26)
902.47: (-0.97, -0.02, 0.23)
902.49: (-0.97, -0.02, 0.23)
902.49: (0.68, -0.72, -0.10): 2
902.57: (-0.97, -0.02, 0.23)
902.69: (-0.98, -0.01, 0.20)
902.81: (-1.00, 0.02, 0.05)
902.91: (-0.99, 0.01, -0.16)
903.02: (-0.92, -0.06, -0.39)
903.14: (-0.76, -0.10, -0.64)
903.26: (-0.59, 0.05, -0.81)
903.37: (-0.19, 0.28, -0.94)
903.47: (0.31, 0.20, -0.93)
903.59: (0.74, -0.08, -0.67)
903.71: (0.85, -0.43, -0.31)
903.82: (0.69, -0.73, 0.03)
903.92: (0.46, -0.85, 0.26)
904.04: (0.49, -0.85, 0.20)
904.16: (0.63, -0.78, -0.03)
904.27: (0.65, -0.75, -0.13)
904.39: (0.65, -0.75, -0.16)
904.46: (0.65, -0.74, -0.16)
904.46: (-0.10, -0.90, -0.42): 0
904.51: (0.65, -0.74, -0.16)
904.61: (0.65, -0.74, -0.16)
904.72: (0.66, -0.70, -0.26)
904.84: (0.66, -0.63, -0.42)
904.96: (0.62, -0.76, -0.19)
905.07: (0.35, -0.93, -0.09)
905.19: (0.15, -0.94, -0.30)
905.29: (0.21, -0.83, -0.52)
905.39: (0.30, -0.74, -0.60)
905.51: (0.20, -0.82, -0.53)
905.62: (0.05, -0.90, -0.42)
905.74: (0.02, -0.90, -0.43)
905.86: (-0.03, -0.91, -0.41)
905.97: (-0.11, -0.92, -0.36)
906.06: (-0.13, -0.93, -0.35)
906.06: (0.10, 0.05, -0.99): 2
906.07: (-0.13, -0.93, -0.34)
906.19: (-0.13, -0.93, -0.34)
906.31: (-0.08, -0.88, -0.47)
906.42: (0.03, -0.71, -0.70)
906.52: (0.08, -0.46, -0.88)
906.62: (0.08, -0.03, -1.00)
906.74: (0.03, 0.48, -0.88)
906.86: (0.00, 0.78, -0.63)
906.97: (0.06, 0.60, -0.80)
907.07: (0.06, 0.34, -0.94)
907.17: (0.03, 0.24, -0.97)
907.29: (0.03, 0.22, -0.97)
907.41: (0.07, 0.17, -0.98)
907.52: (0.12, 0.10, -0.99)
907.64: (0.14, 0.10, -0.98)
907.66: (0.14, 0.10, -0.98)
907.66: (-1.00, -0.01, 0.02): 0
907.74: (0.14, 0.10, -0.98)
907.86: (0.17, 0.17, -0.97)
907.96: (0.24, 0.35, -0.91)
908.07: (0.23, 0.70, -0.68)
908.19: (0.23, 0.89, -0.38)
908.29: (0.29, 0.95, -0.11)
908.41: (0.37, 0.92, 0.15)
908.52: (0.41, 0.82, 0.40)
908.64: (0.39, 0.64, 0.66)
908.76: (0.26, 0.40, 0.88)
908.87: (-0.02, 0.29, 0.96)
908.99: (-0.27, 0.41, 0.87)
909.11: (-0.50, 0.47, 0.73)
909.21: (-0.66, 0.52, 0.55)
909.32: (-0.75, 0.63, 0.19)
909.44: (-0.43, 0.89, -0.12)
909.56: (-0.25, 0.95, -0.19)
909.66: (-0.56, 0.82, -0.06)
909.76: (-0.80, 0.61, 0.03)
909.87: (-0.90, 0.42, 0.12)
909.99: (-0.94, 0.32, 0.11)
910.11: (-0.98, 0.18, 0.00)
910.22: (-1.00, 0.08, 0.00)
910.29: (-1.00, 0.06, 0.01)
910.29: (0.44, -0.86, -0.26): 0
910.34: (-1.00, 0.06, 0.01)
910.46: (-1.00, 0.02, 0.00)
910.56: (-0.98, -0.19, 0.03)
910.67: (-0.90, -0.43, 0.01)
910.79: (-0.76, -0.64, -0.02)
910.91: (-0.56, -0.83, -0.02)
911.02: (-0.24, -0.97, -0.03)
911.12: (-0.06, -1.00, -0.05)
911.24: (-0.10, -1.00, 0.00)
911.36: (-0.10, -1.00, 0.00)
911.47: (-0.10, -1.00, 0.00)
911.59: (0.03, -1.00, -0.08)
911.71: (0.10, -0.98, -0.15)
911.82: (0.25, -0.95, -0.16)
911.94: (0.37, -0.92, -0.14)
912.06: (0.41, -0.90, -0.14)
912.14: (0.43, -0.89, -0.14)
912.14: (-0.16, 0.98, 0.10): 1
912.17: (0.43, -0.89, -0.14)
912.27: (0.43, -0.89, -0.18)
912.39: (0.39, -0.87, -0.31)
912.51: (0.35, -0.81, -0.47)
912.62: (0.10, -0.85, -0.51)
912.74: (-0.29, -0.89, -0.35)
912.86: (-0.64, -0.77, -0.05)
912.97: (-0.92, -0.29, 0.26)
913.09: (-0.89, 0.31, 0.33)
913.21: (-0.67, 0.71, 0.20)
913.31: (-0.52, 0.86, 0.02)
913.42: (-0.41, 0.89, -0.19)
913.54: (-0.48, 0.85, -0.24)
913.66: (-0.58, 0.81, -0.04)
913.76: (-0.56, 0.83, 0.06)
913.87: (-0.42, 0.90, 0.14)
913.97: (-0.32, 0.94, 0.13)
914.09: (-0.27, 0.96, 0.10)
914.21: (-0.14, 0.99, 0.06)
914.32: (-0.09, 0.99, 0.06)
914.32: (0.26, 0.07, -0.96): 2
914.32: (-0.09, 0.99, 0.06)
914.42: (-0.08, 0.99, 0.06)
914.54: (0.04, 1.00, -0.06)
914.66: (0.17, 0.95, -0.27)
914.77: (0.12, 0.87, -0.47)
914.89: (-0.09, 0.83, -0.55)
915.01: (-0.45, 0.78, -0.43)
915.11: (-0.79, 0.58, -0.20)
915.22: (-0.97, 0.23, 0.06)
915.34: (-0.94, -0.23, 0.26)
915.45: (-0.72, -0.63, 0.29)
915.57: (-0.48, -0.85, 0.19)
915.69: (-0.34, -0.94, -0.02)
915.80: (-0.21, -0.94, -0.28)
915.90: (-0.06, -0.88, -0.46)
916.02: (0.13, -0.73, -0.67)
916.14: (0.24, -0.51, -0.83)
916.24: (0.30, -0.23, -0.93)
916.35: (0.22, 0.12, -0.97)
916.47: (0.02, 0.33, -0.94)
916.59: (0.01, 0.29, -0.96)
916.69: (0.05, 0.20, -0.98)
916.80: (0.10, 0.15, -0.98)
916.92: (0.20, 0.10, -0.98)
916.99: (0.24, 0.07, -0.97)
916.99: (0.69, -0.68, 0.22): 0
917.02: (0.25, 0.06, -0.97)
917.14: (0.25, 0.06, -0.97)
917.24: (0.23, 0.05, -0.97)
917.35: (-0.04, 0.10, -0.99)
917.45: (-0.38, 0.20, -0.91)
917.57: (-0.78, 0.26, -0.57)
917.69: (-0.96, 0.24, -0.10)
917.79: (-0.92, 0.19, 0.34)
917.90: (-0.73, 0.13, 0.67)
918.02: (-0.45, 0.04, 0.89)
918.14: (-0.04, -0.04, 1.00)
918.25: (0.38, -0.13, 0.92)
918.35: (0.67, -0.17, 0.72)
918.47: (0.89, -0.22, 0.39)
918.57: (0.97, -0.25, 0.01)
918.69: (0.88, -0.34, -0.33)
918.80: (0.81, -0.50, -0.31)
918.90: (0.80, -0.57, -0.19)
919.02: (0.78, -0.62, -0.01)
919.14: (0.76, -0.64, 0.11)
919.25: (0.72, -0.67, 0.17)
919.34: (0.71, -0.68, 0.20)
919.34: (0.85, 0.50, 0.16): 0
919.37: (0.70, -0.68, 0.21)
919.47: (0.69, -0.68, 0.23)
919.57: (0.68, -0.65, 0.35)
919.69: (0.62, -0.50, 0.60)
919.80: (0.52, -0.23, 0.82)
919.92: (0.35, 0.08, 0.93)
920.02: (0.15, 0.33, 0.93)
920.14: (-0.04, 0.52, 0.85)
920.25: (-0.28, 0.66, 0.70)
920.37: (-0.56, 0.73, 0.40)
920.49: (-0.74, 0.67, 0.02)
920.60: (-0.79, 0.52, -0.33)
920.72: (-0.72, 0.26, -0.64)
920.82: (-0.59, -0.08, -0.80)
920.94: (-0.35, -0.43, -0.83)
921.04: (-0.07, -0.71, -0.70)
921.15: (0.14, -0.93, -0.33)
921.27: (-0.02, -1.00, -0.04)
921.39: (-0.47, -0.88, -0.09)
921.49: (-0.74, -0.63, -0.23)
921.60: (-0.91, -0.18, -0.38)
921.72: (-0.85, 0.34, -0.41)
921.84: (-0.47, 0.84, -0.27)
921.95: (0.11, 0.99, 0.06)
922.05: (0.55, 0.75, 0.37)
922.17: (0.72, 0.31, 0.63)
922.29: (0.61, 0.12, 0.79)
922.40: (0.47, 0.11, 0.88)
922.52: (0.60, 0.25, 0.76)
922.64: (0.77, 0.28, 0.57)
922.75: (0.85, 0.28, 0.44)
922.87: (0.89, 0.33, 0.31)
922.99: (0.90, 0.38, 0.23)
923.10: (0.87, 0.46, 0.18)
923.20: (0.85, 0.51, 0.16)
923.20: (0.88, -0.46, -0.07): 1
923.20: (0.85, 0.51, 0.16)
923.32: (0.84, 0.51, 0.16)
923.44: (0.70, 0.69, 0.20)
923.55: (0.28, 0.94, 0.22)
923.67: (-0.17, 0.97, 0.17)
923.79: (-0.53, 0.85, 0.06)
923.90: (-0.80, 0.59, -0.06)
924.00: (-0.94, 0.32, -0.12)
924.12: (-0.98, -0.01, -0.18)
924.24: (-0.92, -0.31, -0.23)
924.35: (-0.77, -0.61, -0.19)
924.45: (-0.50, -0.86, -0.07)
924.57: (-0.05, -0.99, 0.12)
924.69: (0.46, -0.84, 0.28)
924.80: (0.78, -0.55, 0.29)
924.92: (0.95, -0.26, 0.18)
925.04: (0.99, -0.08, 0.11)
925.14: (0.97, -0.25, 0.07)
925.25: (0.91, -0.42, 0.02)
925.35: (0.88, -0.47, 0.01)
925.47: (0.87, -0.50, -0.01)
925.52: (0.87, -0.50, -0.02)
925.52: (0.02, -0.92, 0.39): 0
925.57: (0.87, -0.50, -0.01)
925.69: (0.86, -0.50, -0.03)
925.79: (0.87, -0.49, -0.09)
925.90: (0.83, -0.53, -0.14)
926.02: (0.79, -0.55, -0.27)
926.14: (0.85, -0.19, -0.49)
926.25: (0.89, 0.15, -0.43)
926.37: (0.89, 0.15, -0.43)
926.47: (0.89, 0.15, -0.43)
926.59: (0.89, 0.15, -0.43)
926.70: (0.70, 0.35, -0.62)
926.82: (0.31, 0.56, -0.77)
926.94: (0.05, 0.61, -0.79)
927.05: (-0.08, 0.54, -0.84)
927.15: (-0.24, 0.47, -0.85)
927.25: (-0.45, 0.47, -0.76)
927.37: (-0.68, 0.48, -0.55)
927.49: (-0.85, 0.31, -0.42)
927.60: (-0.94, 0.00, -0.33)
927.72: (-0.91, -0.32, -0.26)
927.84: (-0.76, -0.61, -0.20)
927.95: (-0.59, -0.80, -0.10)
928.05: (-0.44, -0.90, 0.00)
928.17: (-0.17, -0.99, 0.02)
928.29: (0.13, -0.99, -0.02)
928.40: (0.38, -0.93, -0.05)
928.52: (0.39, -0.92, -0.03)
928.64: (0.25, -0.96, 0.13)
928.75: (0.11, -0.95, 0.30)
928.85: (0.02, -0.92, 0.39)
928.95: (-0.02, -0.91, 0.42)
928.95: (-0.54, 0.22, 0.81): 0
928.97: (-0.02, -0.91, 0.42)
929.09: (-0.01, -0.91, 0.42)
929.20: (0.04, -0.91, 0.40)
929.32: (0.28, -0.94, 0.19)
929.42: (0.51, -0.86, -0.08)
929.54: (0.72, -0.58, -0.39)
929.64: (0.78, -0.33, -0.52)
929.75: (0.78, -0.10, -0.62)
929.87: (0.65, 0.26, -0.72)
929.99: (0.45, 0.58, -0.68)
930.10: (0.25, 0.81, -0.53)
930.22: (0.06, 0.94, -0.33)
930.34: (0.00, 0.99, -0.14)
930.44: (0.02, 1.00, 0.04)
930.55: (-0.02, 0.93, 0.36)
930.67: (-0.12, 0.76, 0.64)
930.77: (-0.18, 0.51, 0.84)
930.89: (-0.26, 0.19, 0.95)
931.00: (-0.36, -0.15, 0.92)
931.12: (-0.46, -0.08, 0.88)
931.24: (-0.52, 0.08, 0.85)
931.35: (-0.56, 0.17, 0.81)
931.47: (-0.56, 0.19, 0.80)
931.52: (-0.56, 0.19, 0.80)
931.52: (0.68, 0.66, -0.32): 1
931.59: (-0.56, 0.19, 0.80)
931.70: (-0.53, 0.19, 0.83)
931.82: (-0.34, 0.24, 0.91)
931.92: (-0.05, 0.32, 0.95)
932.04: (0.32, 0.33, 0.89)
932.15: (0.65, 0.36, 0.67)
932.27: (0.90, 0.37, 0.24)
932.39: (0.92, 0.34, -0.20)
932.49: (0.80, 0.29, -0.52)
932.60: (0.88, 0.40, -0.26)
932.72: (0.85, 0.52, 0.03)
932.83: (0.75, 0.66, -0.02)
932.95: (0.70, 0.70, -0.14)
933.05: (0.67, 0.69, -0.26)
933.15: (0.67, 0.68, -0.31)
933.27: (0.67, 0.67, -0.32)
933.27: (-0.79, -0.23, -0.57): 1
933.27: (0.67, 0.67, -0.32)
933.38: (0.67, 0.66, -0.33)
933.50: (0.64, 0.62, -0.44)
933.62: (0.55, 0.52, -0.65)
933.72: (0.34, 0.32, -0.88)
933.83: (0.07, 0.06, -1.00)
933.93: (-0.11, -0.11, -0.99)
934.05: (-0.33, -0.29, -0.90)
934.17: (-0.55, -0.46, -0.69)
934.28: (-0.70, -0.55, -0.46)
934.38: (-0.78, -0.49, -0.39)
934.50: (-0.79, -0.41, -0.46)
934.62: (-0.77, -0.31, -0.56)
934.72: (-0.76, -0.28, -0.58)
934.83: (-0.76, -0.27, -0.59)
934.87: (-0.76, -0.27, -0.59)
934.87: (0.60, 0.07, 0.80): 2
934.95: (-0.76, -0.27, -0.59)
935.07: (-0.80, -0.31, -0.51)
935.18: (-0.87, -0.37, -0.32)
935.30: (-0.91, -0.40, 0.11)
935.42: (-0.80, -0.39, 0.45)
935.53: (-0.75, -0.40, 0.53)
935.63: (-0.72, -0.46, 0.52)
935.75: (-0.71, -0.39, 0.59)
935.85: (-0.75, -0.31, 0.59)
935.95: (-0.75, -0.31, 0.59)
936.07: (-0.75, -0.31, 0.59)
936.17: (-0.75, -0.31, 0.59)
936.28: (-0.38, -0.41, 0.83)
936.40: (-0.03, -0.33, 0.94)
936.52: (0.36, -0.12, 0.93)
936.63: (0.63, 0.13, 0.76)
936.75: (0.62, 0.24, 0.75)
936.87: (0.52, 0.13, 0.84)
936.98: (0.48, 0.06, 0.87)
937.10: (0.47, 0.03, 0.88)
937.22: (0.52, 0.04, 0.85)
937.30: (0.55, 0.06, 0.83)
937.30: (0.90, -0.03, -0.44): 1
937.33: (0.56, 0.07, 0.82)
937.43: (0.63, 0.11, 0.77)
937.55: (0.71, 0.17, 0.69)
937.67: (0.77, 0.24, 0.60)
937.77: (0.86, 0.36, 0.36)
937.88: (0.86, 0.50, 0.02)
937.98: (0.76, 0.58, -0.29)
938.10: (0.62, 0.60, -0.51)
938.22: (0.79, 0.49, -0.37)
938.33: (0.90, 0.30, -0.31)
938.45: (0.92, 0.17, -0.35)
938.55: (0.91, 0.04, -0.40)
938.67: (0.91, -0.07, -0.42)
938.77: (0.91, -0.09, -0.40)
938.77: (0.28, -0.83, 0.48): 2
938.78: (0.91, -0.09, -0.40)
938.90: (0.91, -0.10, -0.40)
939.02: (0.95, -0.04, -0.32)
939.12: (0.99, 0.11, -0.11)
939.23: (0.93, 0.26, 0.26)
939.35: (0.93, 0.26, 0.26)
939.47: (0.93, 0.26, 0.26)
939.58: (0.93, 0.26, 0.26)
939.70: (0.84, 0.24, 0.49)
939.82: (0.57, 0.24, 0.79)
939.93: (0.24, 0.22, 0.95)
940.05: (-0.15, 0.13, 0.98)
940.15: (-0.50, -0.03, 0.87)
940.27: (-0.75, -0.22, 0.63)
940.38: (-0.88, -0.33, 0.34)
940.50: (-0.92, -0.38, -0.07)
940.62: (-0.91, -0.29, -0.31)
940.73: (-0.86, -0.16, -0.48)
940.85: (-0.67, -0.08, -0.73)
940.95: (-0.36, -0.08, -0.93)
941.07: (0.12, 0.00, -0.99)
941.18: (0.43, 0.20, -0.88)
941.28: (0.62, 0.38, -0.69)
941.40: (0.80, 0.52, -0.30)
941.52: (0.78, 0.59, 0.21)
941.62: (0.57, 0.69, 0.45)
941.73: (0.22, 0.87, 0.45)
941.85: (-0.10, 0.91, 0.41)
941.97: (-0.37, 0.87, 0.32)
942.08: (-0.60, 0.77, 0.21)
942.20: (-0.73, 0.67, 0.13)
942.32: (-0.80, 0.59, -0.13)
942.43: (-0.68, 0.41, -0.61)
942.55: (-0.49, 0.10, -0.87)
942.67: (-0.20, -0.10, -0.97)
942.78: (0.24, -0.34, -0.91)
942.88: (0.57, -0.51, -0.64)
942.98: (0.76, -0.56, -0.32)
943.10: (0.89, -0.45, 0.11)
943.22: (0.86, -0.22, 0.45)
943.33: (0.70, 0.02, 0.72)
943.43: (0.47, 0.22, 0.85)
943.55: (0.17, 0.45, 0.87)
943.65: (-0.17, 0.63, 0.75)
943.77: (-0.52, 0.75, 0.41)
943.88: (-0.77, 0.64, -0.10)
944.00: (-0.70, 0.22, -0.68)
944.12: (-0.29, -0.13, -0.95)
944.23: (0.21, -0.12, -0.97)
944.33: (0.55, 0.04, -0.84)
944.45: (0.67, 0.42, -0.61)
944.57: (0.49, 0.84, -0.25)
944.68: (0.45, 0.88, 0.16)
944.80: (0.40, 0.74, 0.54)
944.90: (0.05, 0.61, 0.79)
945.02: (-0.50, 0.54, 0.68)
945.13: (-0.94, 0.33, 0.08)
945.25: (-0.70, -0.21, -0.69)
945.37: (0.16, -0.70, -0.70)
945.48: (0.82, -0.57, -0.09)
945.60: (0.87, 0.02, 0.49)
945.72: (0.21, 0.67, 0.71)
945.82: (-0.48, 0.76, 0.44)
945.93: (-0.87, 0.49, -0.09)
946.05: (-0.88, 0.46, -0.13)
946.17: (-0.78, 0.62, 0.07)
946.28: (-0.67, 0.67, 0.32)
946.40: (-0.60, 0.58, 0.56)
946.50: (-0.47, 0.50, 0.73)
946.62: (-0.06, 0.55, 0.83)
946.73: (0.35, 0.50, 0.79)
946.85: (0.25, 0.32, 0.91)
946.97: (-0.12, 0.09, 0.99)
947.08: (-0.53, 0.05, 0.84)
947.20: (-0.80, 0.01, 0.61)
947.32: (-0.94, -0.05, 0.34)
947.43: (-0.96, -0.18, 0.21)
947.55: (-0.93, -0.31, 0.22)
947.67: (-0.92, -0.36, 0.14)
947.78: (-0.91, -0.42, 0.00)
947.90: (-0.68, -0.71, 0.21)
948.02: (-0.32, -0.71, 0.62)
948.13: (-0.32, -0.71, 0.62)
948.25: (-0.32, -0.71, 0.62)
948.35: (-0.32, -0.71, 0.62)
948.47: (-0.32, -0.71, 0.62)
948.58: (-0.25, -0.75, 0.61)
948.70: (0.05, -0.82, 0.57)
948.81: (0.21, -0.82, 0.54)
948.92: (0.25, -0.80, 0.55)
949.03: (0.24, -0.80, 0.56)
949.06: (0.23, -0.80, 0.56)
949.06: (-0.50, 0.43, 0.75): 0
949.13: (0.23, -0.80, 0.56)
949.25: (0.23, -0.80, 0.56)
949.36: (0.24, -0.79, 0.56)
949.48: (0.28, -0.79, 0.54)
949.60: (0.22, -0.82, 0.53)
949.71: (-0.08, -0.88, 0.46)
949.81: (0.13, -0.92, 0.36)
949.93: (0.51, -0.81, 0.29)
950.05: (0.76, -0.57, 0.31)
950.16: (0.94, -0.24, 0.23)
950.28: (1.00, -0.02, 0.05)
950.40: (0.97, 0.17, -0.18)
950.51: (0.92, 0.20, -0.33)
950.61: (0.90, -0.02, -0.43)
950.73: (0.77, -0.28, -0.58)
950.83: (0.55, -0.40, -0.73)
950.95: (0.21, -0.40, -0.89)
951.06: (-0.14, -0.39, -0.91)
951.18: (-0.44, -0.48, -0.76)
951.28: (-0.63, -0.56, -0.54)
951.40: (-0.73, -0.64, -0.23)
951.50: (-0.70, -0.71, 0.10)
951.61: (-0.50, -0.76, 0.42)
951.73: (-0.19, -0.71, 0.67)
951.85: (0.18, -0.55, 0.82)
951.96: (0.57, -0.24, 0.78)
952.08: (0.84, 0.15, 0.52)
952.20: (0.87, 0.47, 0.14)
952.31: (0.74, 0.63, -0.24)
952.41: (0.58, 0.62, -0.53)
952.53: (0.28, 0.47, -0.84)
952.65: (-0.06, 0.19, -0.98)
952.76: (-0.40, 0.05, -0.92)
952.88: (-0.63, 0.14, -0.77)
953.00: (-0.83, 0.12, -0.55)
953.10: (-0.84, 0.08, -0.54)
953.21: (-0.76, -0.12, -0.64)
953.33: (-0.54, -0.54, -0.65)
953.45: (-0.34, -0.90, -0.29)
953.55: (-0.15, -0.99, 0.07)
953.66: (0.06, -0.91, 0.40)
953.78: (0.19, -0.77, 0.61)
953.88: (0.30, -0.58, 0.76)
954.00: (0.43, -0.35, 0.84)
954.11: (0.69, -0.25, 0.69)
954.23: (0.87, 0.01, 0.50)
954.33: (0.81, 0.39, 0.43)
954.45: (0.54, 0.76, 0.36)
954.56: (0.13, 0.95, 0.30)
954.68: (-0.32, 0.94, 0.16)
954.80: (-0.68, 0.73, 0.03)
954.91: (-0.93, 0.35, -0.13)
955.03: (-0.94, -0.22, -0.27)
955.15: (-0.62, -0.74, -0.25)
955.25: (-0.27, -0.95, -0.16)
955.36: (0.17, -0.98, 0.10)
955.48: (0.58, -0.69, 0.44)
955.58: (0.78, -0.18, 0.60)
955.70: (0.69, 0.53, 0.49)
955.81: (0.29, 0.95, 0.11)
955.91: (-0.17, 0.94, -0.30)
956.03: (-0.55, 0.55, -0.63)
956.13: (-0.52, 0.19, -0.83)
956.25: (-0.03, 0.28, -0.96)
956.36: (0.47, 0.40, -0.79)
956.48: (0.76, 0.51, -0.41)
956.60: (0.73, 0.66, 0.18)
956.71: (0.36, 0.69, 0.63)
956.83: (-0.34, 0.41, 0.84)
956.95: (-0.90, -0.21, 0.39)
957.06: (-0.63, -0.61, -0.47)
957.18: (0.10, -0.46, -0.88)
957.30: (0.34, -0.27, -0.90)
957.41: (0.00, -0.36, -0.93)
957.51: (-0.17, -0.41, -0.89)
957.63: (-0.34, -0.46, -0.82)
957.75: (-0.67, -0.47, -0.57)
957.86: (-0.84, -0.46, -0.28)
957.96: (-0.88, -0.46, -0.11)
958.08: (-0.89, -0.44, 0.10)
958.20: (-0.84, -0.32, 0.44)
958.31: (-0.73, -0.11, 0.68)
958.43: (-0.70, 0.10, 0.71)
958.55: (-0.73, 0.15, 0.66)
958.66: (-0.70, 0.21, 0.68)
958.78: (-0.61, 0.29, 0.74)
958.90: (-0.51, 0.37, 0.77)
959.01: (-0.48, 0.40, 0.79)
959.05: (-0.47, 0.40, 0.79)
959.05: (0.19, -0.98, 0.02): 1
959.11: (-0.47, 0.40, 0.79)
959.23: (-0.47, 0.40, 0.79)
959.35: (-0.51, 0.37, 0.77)
959.46: (-0.64, 0.24, 0.73)
959.58: (-0.74, 0.05, 0.67)
959.70: (-0.86, -0.28, 0.43)
959.81: (-0.83, -0.56, 0.04)
959.93: (-0.74, -0.58, -0.33)
960.05: (-0.63, -0.49, -0.60)
960.15: (-0.52, -0.48, -0.70)
960.26: (-0.25, -0.63, -0.74)
960.38: (0.17, -0.68, -0.72)
960.50: (0.51, -0.35, -0.78)
960.61: (0.54, -0.01, -0.84)
960.73: (0.57, 0.21, -0.80)
960.85: (0.60, 0.48, -0.64)
960.96: (0.59, 0.71, -0.39)
961.08: (0.43, 0.89, 0.16)
961.20: (0.10, 0.77, 0.63)
961.31: (-0.18, 0.50, 0.85)
961.43: (-0.45, 0.15, 0.88)
961.53: (-0.61, -0.23, 0.76)
961.65: (-0.65, -0.67, 0.37)
961.76: (-0.41, -0.89, -0.20)
961.88: (0.04, -0.68, -0.73)
962.00: (0.43, -0.13, -0.90)
962.11: (0.61, 0.43, -0.66)
962.23: (0.61, 0.75, -0.27)
962.35: (0.66, 0.73, -0.17)
962.46: (0.72, 0.57, -0.38)
962.58: (0.78, 0.47, -0.41)
962.70: (0.86, 0.21, -0.46)
962.81: (0.87, -0.06, -0.49)
962.93: (0.82, -0.29, -0.49)
963.05: (0.68, -0.50, -0.54)
963.16: (0.43, -0.65, -0.62)
963.26: (0.23, -0.71, -0.66)
963.38: (0.05, -0.75, -0.66)
963.50: (-0.18, -0.79, -0.59)
963.61: (-0.33, -0.86, -0.38)
963.73: (-0.43, -0.90, -0.08)
963.85: (-0.66, -0.75, 0.09)
963.95: (-0.71, -0.71, 0.04)
964.06: (-0.42, -0.91, -0.03)
964.18: (-0.21, -0.98, -0.02)
964.30: (-0.08, -1.00, -0.02)
964.41: (0.02, -1.00, -0.01)
964.53: (0.09, -1.00, -0.01)
964.65: (0.17, -0.99, 0.00)
964.66: (0.17, -0.99, 0.00)
964.66: (-0.39, 0.62, -0.68): 0
964.75: (0.17, -0.99, 0.00)
964.86: (0.22, -0.97, 0.00)
964.98: (0.42, -0.91, -0.05)
965.10: (0.79, -0.59, -0.17)
965.21: (0.95, -0.22, -0.20)
965.33: (0.98, 0.14, -0.14)
965.44: (0.89, 0.46, -0.07)
965.54: (0.70, 0.72, 0.01)
965.66: (0.36, 0.93, 0.09)
965.76: (0.02, 0.99, 0.14)
965.86: (-0.24, 0.96, 0.16)
965.96: (-0.23, 0.96, 0.14)
966.08: (-0.23, 0.96, 0.14)
966.19: (-0.23, 0.96, 0.14)
966.31: (-0.21, 0.97, 0.11)
966.43: (-0.44, 0.89, 0.05)
966.54: (-0.72, 0.67, 0.15)
966.66: (-0.91, 0.33, 0.25)
966.78: (-0.96, -0.03, 0.27)
966.88: (-0.91, -0.31, 0.26)
966.98: (-0.80, -0.56, 0.22)
967.09: (-0.55, -0.83, 0.08)
967.21: (-0.17, -0.98, -0.13)
967.31: (0.22, -0.90, -0.38)
967.43: (0.61, -0.60, -0.52)
967.54: (0.86, -0.26, -0.44)
967.66: (0.95, -0.01, -0.31)
967.76: (0.97, 0.10, -0.21)
967.88: (0.97, 0.17, -0.15)
967.98: (0.97, 0.17, -0.15)
968.09: (0.98, 0.17, -0.09)
968.21: (0.96, 0.23, 0.14)
968.33: (0.80, 0.54, 0.27)
968.43: (0.47, 0.82, 0.31)
968.54: (0.39, 0.84, 0.37)
968.64: (0.71, 0.60, 0.36)
968.76: (0.97, 0.01, 0.25)
968.88: (0.74, -0.67, 0.07)
968.99: (0.14, -0.99, -0.06)
969.11: (-0.35, -0.92, -0.16)
969.21: (-0.61, -0.76, -0.21)
969.33: (-0.72, -0.64, -0.28)
969.44: (-0.85, -0.39, -0.36)
969.56: (-0.90, 0.21, -0.37)
969.66: (-0.59, 0.78, -0.22)
969.78: (0.12, 0.99, 0.05)
969.89: (0.63, 0.74, 0.24)
970.01: (0.88, 0.35, 0.31)
970.11: (0.90, 0.30, 0.30)
970.23: (0.65, 0.74, 0.19)
970.34: (0.40, 0.91, 0.12)
970.46: (0.04, 1.00, -0.02)
970.58: (-0.09, 0.99, -0.12)
970.69: (-0.09, 0.97, -0.22)
970.81: (-0.10, 0.92, -0.38)
970.93: (-0.34, 0.76, -0.55)
971.04: (-0.41, 0.68, -0.61)
971.16: (-0.40, 0.70, -0.59)
971.18: (-0.40, 0.70, -0.59)
971.18: (0.07, 0.71, 0.71): 1
971.26: (-0.40, 0.70, -0.59)
971.36: (-0.40, 0.70, -0.59)
971.48: (-0.49, 0.62, -0.61)
971.59: (-0.70, 0.38, -0.60)
971.71: (-0.87, -0.13, -0.48)
971.83: (-0.59, -0.80, -0.07)
971.94: (-0.03, -0.98, 0.19)
972.06: (0.31, -0.95, 0.01)
972.18: (0.60, -0.80, 0.01)
972.29: (0.75, -0.63, 0.20)
972.41: (0.75, -0.61, 0.25)
972.51: (0.46, -0.88, -0.11)
972.63: (-0.19, -0.79, -0.59)
972.74: (-0.74, -0.07, -0.66)
972.86: (-0.73, 0.66, -0.18)
972.98: (-0.19, 0.89, 0.41)
973.09: (0.42, 0.52, 0.74)
973.21: (0.78, -0.18, 0.59)
973.31: (0.73, -0.64, 0.24)
973.43: (0.75, -0.53, 0.40)
973.54: (0.64, -0.09, 0.76)
973.66: (0.50, 0.14, 0.85)
973.78: (0.40, 0.29, 0.87)
973.88: (0.34, 0.42, 0.84)
973.99: (0.24, 0.53, 0.81)
974.11: (0.08, 0.66, 0.74)
974.23: (0.03, 0.68, 0.73)
974.29: (0.02, 0.69, 0.73)
974.29: (-0.54, 0.57, -0.61): 1
974.34: (0.03, 0.68, 0.73)
974.46: (0.01, 0.70, 0.71)
974.58: (-0.14, 0.80, 0.59)
974.69: (-0.45, 0.89, 0.04)
974.81: (-0.54, 0.53, -0.65)
974.93: (-0.29, -0.12, -0.95)
975.03: (-0.01, -0.52, -0.85)
975.14: (-0.06, -0.41, -0.91)
975.26: (-0.23, -0.06, -0.97)
975.38: (-0.29, 0.11, -0.95)
975.49: (-0.39, 0.28, -0.88)
975.61: (-0.46, 0.38, -0.80)
975.73: (-0.50, 0.40, -0.76)
975.84: (-0.53, 0.44, -0.72)
975.96: (-0.55, 0.52, -0.65)
976.08: (-0.55, 0.56, -0.62)
976.14: (-0.55, 0.56, -0.62)
976.14: (0.87, 0.50, -0.03): 1
976.18: (-0.55, 0.56, -0.62)
976.29: (-0.55, 0.55, -0.63)
976.41: (-0.56, 0.52, -0.64)
976.53: (-0.56, 0.34, -0.76)
976.64: (-0.48, 0.01, -0.88)
976.76: (-0.35, -0.38, -0.86)
976.88: (-0.19, -0.65, -0.74)
976.99: (-0.19, -0.62, -0.76)
977.11: (-0.17, -0.61, -0.78)
977.23: (0.02, -0.79, -0.61)
977.34: (-0.11, -0.68, -0.72)
977.44: (-0.48, -0.07, -0.87)
977.56: (-0.58, 0.62, -0.53)
977.68: (-0.40, 0.90, -0.18)
977.78: (-0.17, 0.98, 0.13)
977.89: (0.26, 0.77, 0.59)
977.99: (0.55, 0.39, 0.74)
978.11: (0.79, -0.08, 0.61)
978.23: (0.90, -0.30, 0.31)
978.34: (1.00, -0.06, 0.00)
978.46: (0.87, 0.49, 0.00)
978.58: (0.71, 0.69, 0.10)
978.69: (0.77, 0.62, 0.14)
978.81: (0.80, 0.59, 0.08)
978.91: (0.84, 0.55, 0.00)
979.03: (0.88, 0.47, -0.08)
979.14: (0.91, 0.40, -0.14)
979.18: (0.91, 0.39, -0.14)
979.18: (-0.50, 0.24, 0.83): 1
979.26: (0.91, 0.39, -0.14)
979.38: (0.91, 0.39, -0.14)
979.49: (0.88, 0.46, -0.08)
979.61: (0.81, 0.58, -0.01)
979.73: (0.72, 0.70, 0.02)
979.83: (0.66, 0.75, 0.04)
979.94: (0.68, 0.73, 0.08)
980.06: (0.68, 0.73, 0.07)
980.16: (0.39, 0.92, 0.10)
980.28: (0.06, 0.99, 0.12)
980.39: (-0.44, 0.90, 0.02)
980.51: (-0.88, 0.46, -0.15)
980.63: (-0.97, 0.13, -0.21)
980.73: (-0.97, 0.11, -0.21)
980.84: (-0.98, 0.07, -0.20)
980.96: (-0.94, -0.30, -0.18)
981.08: (-0.76, -0.64, -0.11)
981.19: (-0.47, -0.87, -0.13)
981.31: (-0.11, -0.95, -0.29)
981.41: (0.11, -0.92, -0.38)
981.53: (0.26, -0.90, -0.36)
981.64: (0.52, -0.84, -0.16)
981.76: (0.60, -0.80, 0.01)
981.88: (0.60, -0.80, 0.01)
981.99: (0.60, -0.80, 0.01)
982.09: (0.60, -0.80, 0.01)
982.19: (0.84, -0.54, 0.08)
982.31: (0.98, -0.02, 0.20)
982.43: (0.76, 0.57, 0.30)
982.54: (0.30, 0.91, 0.27)
982.66: (-0.17, 0.98, 0.06)
982.77: (-0.58, 0.80, -0.12)
982.89: (-0.91, 0.36, -0.20)
983.01: (-0.95, -0.28, -0.14)
983.12: (-0.62, -0.79, -0.01)
983.24: (0.02, -1.00, 0.06)
983.36: (0.33, -0.93, -0.17)
983.46: (0.19, -0.80, -0.57)
983.57: (-0.08, -0.49, -0.87)
983.69: (-0.59, -0.24, -0.77)
983.81: (-0.99, -0.06, -0.15)
983.92: (-0.72, 0.07, 0.69)
984.04: (0.18, 0.19, 0.96)
984.14: (0.78, 0.26, 0.57)
984.24: (0.96, 0.28, 0.10)
984.36: (0.95, 0.30, -0.02)
984.47: (0.92, 0.34, 0.18)
984.59: (0.86, 0.38, 0.34)
984.71: (0.75, 0.42, 0.51)
984.82: (0.52, 0.49, 0.70)
984.94: (0.34, 0.52, 0.78)
985.06: (0.20, 0.51, 0.84)
985.16: (0.03, 0.46, 0.89)
985.27: (-0.18, 0.39, 0.91)
985.39: (-0.34, 0.32, 0.88)
985.51: (-0.40, 0.29, 0.87)
985.62: (-0.42, 0.26, 0.87)
985.74: (-0.46, 0.24, 0.86)
985.77: (-0.46, 0.23, 0.86)
985.77: (-0.93, 0.34, 0.16): 0
985.84: (-0.46, 0.23, 0.86)
985.96: (-0.51, 0.21, 0.84)
986.06: (-0.57, 0.11, 0.82)
986.17: (-0.64, -0.03, 0.77)
986.29: (-0.79, -0.21, 0.57)
986.41: (-0.91, -0.38, 0.16)
986.52: (-0.72, -0.57, -0.39)
986.62: (-0.42, -0.72, -0.55)
986.74: (-0.42, -0.72, -0.55)
986.84: (-0.42, -0.72, -0.55)
986.96: (-0.42, -0.72, -0.55)
987.07: (-0.48, -0.68, -0.56)
987.19: (-0.16, -0.55, -0.82)
987.31: (0.38, -0.22, -0.90)
987.41: (0.66, 0.08, -0.74)
987.52: (0.81, 0.38, -0.45)
987.64: (0.80, 0.57, -0.15)
987.76: (0.70, 0.69, -0.18)
987.87: (0.52, 0.68, -0.52)
987.99: (0.26, 0.48, -0.84)
988.11: (-0.01, 0.19, -0.98)
988.21: (-0.18, -0.10, -0.98)
988.31: (-0.30, -0.38, -0.87)
988.42: (-0.39, -0.72, -0.58)
988.54: (-0.43, -0.90, -0.06)
988.66: (-0.30, -0.81, 0.51)
988.76: (-0.09, -0.51, 0.86)
988.87: (0.15, 0.09, 0.99)
988.99: (0.16, 0.64, 0.75)
989.09: (-0.09, 0.79, 0.61)
989.21: (-0.46, 0.71, 0.53)
989.32: (-0.64, 0.47, 0.61)
989.42: (-0.62, 0.05, 0.78)
989.54: (-0.22, -0.62, 0.75)
989.66: (0.24, -0.92, 0.33)
989.76: (0.34, -0.93, 0.16)
989.87: (0.12, -0.94, 0.31)
989.99: (-0.10, -0.91, 0.41)
990.11: (-0.34, -0.81, 0.48)
990.22: (-0.58, -0.64, 0.50)
990.34: (-0.78, -0.38, 0.49)
990.46: (-0.87, -0.04, 0.49)
990.57: (-0.79, 0.32, 0.51)
990.67: (-0.76, 0.46, 0.46)
990.79: (-0.83, 0.44, 0.34)
990.91: (-0.88, 0.39, 0.26)
991.02: (-0.92, 0.36, 0.17)
991.14: (-0.93, 0.33, 0.13)
991.19: (-0.93, 0.33, 0.13)
991.19: (0.24, 0.62, -0.74): 0
991.24: (-0.93, 0.33, 0.13)
991.34: (-0.93, 0.33, 0.13)
991.46: (-0.95, 0.27, 0.13)
991.57: (-0.98, 0.17, 0.13)
991.69: (-0.99, -0.13, 0.10)
991.81: (-0.78, -0.63, -0.05)
991.92: (-0.41, -0.90, -0.15)
992.02: (-0.11, -0.99, -0.10)
992.14: (0.14, -0.99, -0.02)
992.24: (0.42, -0.90, 0.10)
992.36: (0.81, -0.52, 0.26)
992.47: (0.94, 0.20, 0.26)
992.59: (0.70, 0.71, 0.00)
992.71: (0.40, 0.88, -0.25)
992.82: (0.08, 0.91, -0.40)
992.94: (-0.29, 0.83, -0.47)
993.06: (-0.43, 0.75, -0.50)
993.17: (-0.30, 0.74, -0.60)
993.29: (-0.01, 0.75, -0.67)
993.41: (0.23, 0.71, -0.67)
993.52: (0.31, 0.64, -0.70)
993.64: (0.32, 0.60, -0.74)
993.71: (0.32, 0.59, -0.74)
993.71: (-1.00, 0.03, 0.00): 1
993.74: (0.32, 0.59, -0.74)
993.86: (0.32, 0.58, -0.75)
993.97: (0.30, 0.57, -0.77)
994.09: (0.13, 0.48, -0.87)
994.21: (-0.14, 0.45, -0.88)
994.32: (-0.51, 0.39, -0.76)
994.44: (-0.86, 0.21, -0.47)
994.56: (-0.98, -0.04, -0.21)
994.66: (-0.97, -0.21, -0.11)
994.77: (-0.97, -0.22, -0.07)
994.89: (-0.99, -0.10, -0.04)
995.01: (-1.00, -0.05, -0.03)
995.12: (-1.00, -0.01, 0.00)
995.24: (-1.00, 0.01, 0.02)
995.29: (-1.00, 0.02, 0.02)
995.29: (-0.37, -0.92, 0.08): 2
995.36: (-1.00, 0.02, 0.02)
995.47: (-1.00, 0.01, 0.04)
995.59: (-0.99, 0.06, 0.12)
995.71: (-0.98, 0.10, 0.14)
995.82: (-0.96, -0.08, 0.26)
995.92: (-0.83, -0.23, 0.51)
996.02: (-0.78, -0.15, 0.61)
996.14: (-0.78, -0.15, 0.61)
996.26: (-0.78, -0.15, 0.61)
996.36: (-0.78, -0.15, 0.61)
996.47: (-0.46, -0.40, 0.79)
996.59: (0.17, -0.61, 0.77)
996.71: (0.60, -0.65, 0.47)
996.82: (0.83, -0.56, 0.07)
996.94: (0.81, -0.53, -0.24)
997.06: (0.67, -0.67, -0.32)
997.17: (0.50, -0.81, -0.31)
997.29: (0.29, -0.93, -0.22)
997.41: (-0.01, -0.99, 0.12)
997.52: (-0.39, -0.79, 0.47)
997.64: (-0.50, -0.70, 0.52)
997.76: (-0.40, -0.83, 0.39)
997.87: (-0.35, -0.90, 0.27)
997.97: (-0.34, -0.92, 0.19)
998.09: (-0.38, -0.92, 0.12)
998.12: (-0.38, -0.92, 0.12)
998.12: (0.24, 0.15, -0.96): 2
998.21: (-0.38, -0.92, 0.12)
998.32: (-0.36, -0.93, 0.09)
998.44: (-0.16, -0.99, -0.07)
998.56: (0.20, -0.92, -0.33)
998.67: (0.56, -0.55, -0.62)
998.79: (0.63, -0.15, -0.76)
998.90: (0.52, -0.04, -0.85)
999.02: (0.38, -0.24, -0.89)
999.12: (0.27, -0.31, -0.91)
999.24: (0.24, -0.19, -0.95)
999.35: (0.27, -0.03, -0.96)
999.46: (0.28, 0.11, -0.95)
999.57: (0.29, 0.20, -0.94)
999.59: (0.29, 0.20, -0.94)
999.59: (-0.96, -0.25, -0.12): 0
999.69: (0.29, 0.20, -0.94)
999.80: (0.28, 0.20, -0.94)
999.92: (0.26, 0.03, -0.96)
1000.04: (0.11, -0.33, -0.94)
1000.16: (-0.03, -0.55, -0.84)
1000.27: (-0.07, -0.65, -0.76)
1000.37: (-0.18, -0.83, -0.53)
1000.47: (-0.36, -0.90, -0.22)
1000.59: (-0.53, -0.83, 0.16)
1000.71: (-0.58, -0.63, 0.51)
1000.82: (-0.54, -0.32, 0.78)
1000.94: (-0.34, -0.03, 0.94)
1001.04: (-0.06, 0.27, 0.96)
1001.16: (0.20, 0.62, 0.76)
1001.27: (0.24, 0.85, 0.48)
1001.39: (0.02, 0.96, 0.28)
1001.50: (-0.40, 0.83, 0.38)
1001.62: (-0.60, 0.45, 0.66)
1001.74: (-0.62, 0.08, 0.78)
1001.85: (-0.58, -0.35, 0.74)
1001.97: (-0.34, -0.81, 0.48)
1002.07: (0.03, -1.00, 0.03)
1002.19: (0.49, -0.68, -0.54)
1002.30: (0.57, 0.05, -0.82)
1002.41: (0.33, 0.52, -0.79)
1002.52: (0.00, 0.75, -0.66)
1002.64: (-0.23, 0.75, -0.63)
1002.75: (-0.36, 0.54, -0.76)
1002.87: (-0.17, 0.09, -0.98)
1002.99: (0.16, -0.40, -0.90)
1003.10: (0.58, -0.72, -0.39)
1003.20: (0.72, -0.62, 0.32)
1003.32: (0.42, -0.10, 0.90)
1003.42: (-0.24, 0.31, 0.92)
1003.54: (-0.81, 0.52, 0.28)
1003.64: (-0.83, 0.46, -0.32)
1003.75: (-0.44, 0.23, -0.87)
1003.87: (0.26, -0.17, -0.95)
1003.99: (0.72, -0.44, -0.53)
1004.09: (0.69, -0.64, -0.34)
1004.20: (0.29, -0.88, -0.38)
1004.30: (-0.25, -0.86, -0.45)
1004.42: (-0.63, -0.36, -0.69)
1004.54: (-0.44, 0.53, -0.73)
1004.65: (0.06, 0.95, -0.30)
1004.77: (0.54, 0.76, 0.36)
1004.89: (0.58, -0.01, 0.81)
1004.99: (0.23, -0.61, 0.76)
1005.10: (-0.31, -0.93, 0.21)
1005.22: (-0.65, -0.59, -0.47)
1005.34: (-0.66, 0.09, -0.75)
1005.45: (-0.35, 0.75, -0.56)
1005.55: (-0.26, 0.92, -0.30)
1005.67: (-0.68, 0.70, -0.24)
1005.77: (-0.91, 0.29, -0.29)
1005.89: (-0.92, -0.07, -0.38)
1006.00: (-0.85, -0.32, -0.41)
1006.12: (-0.79, -0.49, -0.37)
1006.24: (-0.70, -0.65, -0.30)
1006.35: (-0.60, -0.75, -0.27)
1006.47: (-0.58, -0.77, -0.28)
1006.57: (-0.75, -0.59, -0.29)
1006.69: (-0.86, -0.47, -0.22)
1006.80: (-0.87, -0.46, -0.17)
1006.92: (-0.89, -0.45, -0.12)
1007.04: (-0.91, -0.41, -0.08)
1007.15: (-0.92, -0.38, -0.08)
1007.25: (-0.95, -0.30, -0.11)
1007.35: (-0.95, -0.27, -0.15)
1007.39: (-0.95, -0.27, -0.15)
1007.39: (-0.99, 0.10, 0.09): 2
1007.47: (-0.95, -0.27, -0.15)
1007.59: (-0.95, -0.27, -0.16)
1007.70: (-0.92, -0.32, -0.24)
1007.82: (-0.90, -0.32, -0.28)
1007.94: (-0.96, -0.23, -0.17)
1008.05: (-0.99, -0.12, 0.05)
1008.15: (-0.99, -0.03, 0.12)
1008.27: (-1.00, 0.04, 0.07)
1008.39: (-0.99, 0.10, 0.03)
1008.49: (-0.99, 0.10, 0.03)
1008.54: (-0.99, 0.10, 0.03)
1008.54: (0.97, 0.24, -0.03): 2
1008.60: (-0.99, 0.10, 0.03)
1008.72: (-0.99, 0.10, 0.03)
1008.82: (-0.99, 0.11, -0.07)
1008.94: (-0.90, -0.01, -0.43)
1009.04: (-0.65, -0.25, -0.72)
1009.15: (-0.01, -0.51, -0.86)
1009.27: (0.71, -0.36, -0.60)
1009.39: (0.99, -0.01, -0.16)
1009.49: (0.97, 0.17, 0.15)
1009.60: (0.94, 0.19, 0.27)
1009.72: (0.96, 0.15, 0.24)
1009.84: (0.99, 0.10, 0.10)
1009.95: (0.99, 0.12, 0.06)
1010.05: (0.99, 0.15, 0.04)
1010.17: (0.99, 0.17, 0.03)
1010.19: (0.99, 0.17, 0.03)
1010.19: (0.19, -0.63, 0.75): 1
1010.27: (0.99, 0.17, 0.03)
1010.37: (0.99, 0.17, 0.02)
1010.49: (0.97, 0.21, 0.08)
1010.60: (0.96, 0.24, 0.12)
1010.72: (0.96, 0.24, 0.12)
1010.84: (0.96, 0.24, 0.12)
1010.95: (0.96, 0.24, 0.12)
1011.07: (0.96, 0.24, 0.12)
1011.19: (0.96, 0.24, 0.12)
1011.30: (0.96, 0.26, 0.03)
1011.40: (0.81, 0.55, -0.19)
1011.52: (0.49, 0.78, -0.39)
1011.64: (0.52, 0.82, -0.25)
1011.74: (0.68, 0.73, 0.05)
1011.85: (0.71, 0.61, 0.36)
1011.97: (0.62, 0.50, 0.60)
1012.09: (0.43, 0.75, 0.50)
1012.19: (0.04, 0.99, 0.12)
1012.30: (-0.38, 0.86, -0.34)
1012.42: (-0.63, 0.51, -0.59)
1012.54: (-0.69, -0.06, -0.72)
1012.65: (-0.39, -0.57, -0.72)
1012.77: (0.14, -0.76, -0.64)
1012.89: (0.46, -0.65, -0.61)
1013.00: (0.17, 0.06, -0.98)
1013.12: (-0.60, 0.72, -0.34)
1013.24: (-0.73, 0.47, 0.50)
1013.35: (-0.42, -0.12, 0.90)
1013.47: (0.05, -0.62, 0.79)
1013.57: (0.45, -0.78, 0.44)
1013.69: (0.82, -0.56, -0.13)
1013.80: (0.94, -0.30, -0.12)
1013.92: (0.83, -0.46, 0.32)
1014.04: (0.55, -0.54, 0.64)
1014.15: (0.38, -0.57, 0.73)
1014.27: (0.27, -0.62, 0.73)
1014.39: (0.14, -0.67, 0.73)
1014.49: (0.08, -0.69, 0.72)
1014.59: (0.09, -0.68, 0.72)
1014.59: (-0.96, 0.26, 0.10): 1
1014.60: (0.10, -0.68, 0.72)
1014.72: (0.12, -0.67, 0.73)
1014.84: (0.12, -0.67, 0.73)
1014.95: (0.06, -0.63, 0.77)
1015.07: (-0.25, -0.51, 0.82)
1015.19: (-0.64, -0.21, 0.74)
1015.30: (-0.88, 0.24, 0.41)
1015.42: (-0.76, 0.64, -0.05)
1015.54: (-0.43, 0.81, -0.39)
1015.64: (-0.24, 0.78, -0.58)
1015.75: (-0.51, 0.67, -0.53)
1015.85: (-0.70, 0.61, -0.38)
1015.97: (-0.83, 0.50, -0.26)
1016.09: (-0.85, 0.48, -0.23)
1016.20: (-0.89, 0.42, -0.19)
1016.32: (-0.94, 0.33, -0.06)
1016.44: (-0.97, 0.26, 0.00)
1016.54: (-0.97, 0.25, 0.01)
1016.65: (-0.96, 0.23, 0.14)
1016.75: (-0.96, 0.24, 0.17)
1016.80: (-0.96, 0.24, 0.17)
1016.80: (0.36, 0.81, 0.47): 0
1016.87: (-0.96, 0.24, 0.16)
1016.97: (-0.97, 0.23, 0.12)
1017.07: (-0.96, 0.26, 0.04)
1017.19: (-0.94, 0.24, -0.26)
1017.30: (-0.74, 0.26, -0.62)
1017.42: (-0.38, 0.29, -0.88)
1017.54: (0.04, 0.33, -0.94)
1017.65: (0.37, 0.35, -0.86)
1017.77: (0.62, 0.29, -0.73)
1017.87: (0.80, 0.13, -0.58)
1017.98: (0.96, -0.07, -0.27)
1018.10: (0.98, -0.16, -0.14)
1018.20: (0.98, -0.16, -0.14)
1018.30: (0.98, -0.16, -0.14)
1018.42: (0.98, -0.16, -0.14)
1018.53: (0.98, -0.19, 0.05)
1018.65: (0.82, -0.16, 0.54)
1018.75: (0.52, -0.11, 0.85)
1018.85: (0.08, -0.11, 0.99)
1018.97: (-0.32, -0.02, 0.95)
1019.08: (-0.52, 0.23, 0.82)
1019.20: (-0.51, 0.64, 0.57)
1019.30: (-0.29, 0.92, 0.27)
1019.42: (0.19, 0.98, 0.08)
1019.53: (0.65, 0.71, 0.26)
1019.65: (0.70, 0.51, 0.50)
1019.77: (0.61, 0.56, 0.57)
1019.88: (0.46, 0.67, 0.58)
1020.00: (0.31, 0.76, 0.57)
1020.12: (0.29, 0.79, 0.54)
1020.23: (0.34, 0.82, 0.46)
1020.35: (0.35, 0.82, 0.45)
1020.38: (0.35, 0.82, 0.45)
END