3/31/2023 6:24:44 PM
Mode: Mono
White time (s): [4.78241, 0.9830017, 5.398926, 1.066498, 3.182953, 5.865509, 3.632599, 1.549438, 2.36618, 0.7494202, 12.09763, 4.182465, 5.58255, 6.798615, 2.299988, 0.7163391, 0.9998169, 0.6669617, 0.6168213, 3.565948, 3.549255, 0.5495605, 5.449219, 1.96582, 3.149109, 1.133301, 3.916077, 3.232666, 3.832581, 0.8828735]
Shot time (s): [0.6667786, 1.016663, 1.616089, 0.6997986, 3.116272, 1.266357, 1.716461, 4.549286, 1.433075, 3.465973, 2.299561, 1.999817, 3.915802, 2.265778, 10.56461, 5.248932, 1.749725, 0.8164368, 5.332214, 3.699158, 2.732788, 3.915588, 1.433044, 1.666504, 0.5997925, 3.532471, 0.9498291, 3.4328, 2.149658, 4.59906]
Step time (s): [1.483002, 7.198364, 3.582764, 2.782684, 5.015625, 1.249542, 2.582886, 1.632965, 1.566345, 4.065552, 4.848785, 4.049164, 4.015747, 1.699646, 5.548615, 1.216492, 2.466675, 2.149902, 1.366455, 1.64978, 2.066467, 4.54895, 2.132751, 1.982971, 0.7165527, 1.616577, 1.582764, 0.9163208, 3.216003, 0.9833374]
White horz (deg): [314.88, 40.88498, 588.8797, 10.71, 272.765, 576.8947, 186.5748, 143.1399, 259.42, 28.98499, 1072.19, 254.2348, 537.1998, 431.0348, 110.5, 26.94499, 61.79497, 16.06499, 7.989997, 208.0799, 231.8799, 11.73, 397.3749, 136.1699, 194.9049, 83.89495, 240.89, 214.0299, 170.1699, 39.60998]
Shot horz (deg): [18.18999, 51.08498, 76.92493, 32.55499, 190.995, 84.99995, 87.71992, 563.9749, 62.47498, 247.095, 126.565, 112.1149, 369.1547, 142.0349, 910.35, 372.8099, 75.47997, 25.41499, 352.2399, 263.9248, 210.9699, 225.0799, 56.01497, 79.04996, 10.2, 204.7649, 44.62498, 327.7597, 119.3399, 278.1198]
Step horz (deg): [35.03999, 770.0797, 234.16, 160.88, 612.8799, 54.39997, 294.5251, 116.9599, 97.40993, 240.9749, 381.9897, 358.4449, 208.5049, 48.87498, 269.1949, 32.89498, 130.73, 52.10495, 59.41497, 81.93995, 125.2899, 286.1098, 135.9149, 94.34991, 27.62499, 74.71497, 72.75996, 52.78498, 199.0699, 51.50998]
White vert (deg): [488.1595, 51.84998, 432.7349, 61.28497, 181.05, 535.0751, 321.6399, 112.455, 119.4249, 10.54, 967.4695, 256.615, 276.505, 757.6896, 231.5399, 35.27498, 87.54996, 14.28, 15.64, 531.9297, 430.61, 10.625, 979.0297, 143.225, 473.7048, 83.89494, 551.8197, 236.81, 342.0399, 44.19998]
Shot vert (deg): [17.84999, 27.79498, 82.02495, 22.18499, 151.5549, 38.50498, 104.4649, 370.4297, 44.19997, 311.61, 194.4799, 120.2749, 298.3499, 161.16, 1275.085, 779.6201, 112.1149, 35.86999, 469.0299, 420.3247, 206.975, 624.9196, 32.72498, 158.9499, 14.62, 421.8548, 63.57997, 401.1997, 188.36, 393.4648]
Step vert (deg): [65.67999, 672.0798, 260.5599, 265.8399, 308.415, 31.70499, 205.53, 105.6549, 58.47998, 208.6749, 509.9998, 342.7198, 226.695, 96.55995, 729.725, 54.39997, 198.22, 246.0749, 159.2899, 162.3499, 290.4448, 603.1597, 202.2149, 170.4249, 29.15499, 127.3299, 87.63493, 48.10999, 438.6848, 17.085]

Time in sec: camera forward versor
Time in sec: target versor: sound type (0 = White, 1 = Shot, 2 = Step)
START
348.38: (0.07, 0.21, 0.98): 2
348.38: (0.27, 0.93, 0.24)
348.48: (0.27, 0.93, 0.24)
348.60: (0.27, 0.93, 0.24)
348.72: (0.27, 0.93, 0.24)
348.83: (0.23, 0.88, 0.42)
348.93: (0.25, 0.84, 0.48)
349.05: (0.35, 0.75, 0.56)
349.17: (0.21, 0.65, 0.73)
349.27: (0.05, 0.56, 0.82)
349.37: (0.05, 0.44, 0.90)
349.48: (0.11, 0.37, 0.92)
349.60: (0.07, 0.27, 0.96)
349.72: (0.06, 0.21, 0.98)
349.83: (0.06, 0.16, 0.99)
349.87: (0.06, 0.16, 0.99)
349.87: (-0.48, -0.87, -0.06): 2
349.95: (0.07, 0.16, 0.98)
350.07: (0.10, 0.16, 0.98)
350.18: (0.24, 0.14, 0.96)
350.30: (0.44, 0.07, 0.90)
350.40: (0.59, 0.01, 0.81)
350.52: (0.79, -0.15, 0.60)
350.63: (0.86, -0.27, 0.43)
350.73: (0.81, -0.33, 0.48)
350.85: (0.71, -0.53, 0.47)
350.97: (0.33, -0.64, 0.70)
351.08: (-0.09, -0.51, 0.86)
351.18: (-0.41, -0.31, 0.86)
351.30: (-0.58, -0.12, 0.80)
351.42: (-0.64, 0.12, 0.76)
351.53: (-0.72, 0.34, 0.61)
351.63: (-0.75, 0.56, 0.35)
351.75: (-0.76, 0.65, 0.00)
351.87: (-0.64, 0.68, -0.36)
351.97: (-0.31, 0.77, -0.56)
352.08: (0.02, 0.83, -0.56)
352.20: (0.21, 0.92, -0.34)
352.32: (0.36, 0.93, -0.07)
352.42: (0.38, 0.91, 0.15)
352.53: (0.30, 0.85, 0.42)
352.65: (0.14, 0.69, 0.71)
352.75: (-0.18, 0.41, 0.89)
352.87: (-0.38, 0.18, 0.91)
352.97: (-0.54, 0.07, 0.84)
353.07: (-0.84, -0.07, 0.54)
353.18: (-0.95, -0.24, 0.22)
353.30: (-0.95, -0.26, -0.17)
353.42: (-0.83, -0.21, -0.51)
353.52: (-0.62, -0.12, -0.77)
353.63: (-0.25, 0.04, -0.97)
353.75: (0.17, 0.13, -0.98)
353.87: (0.38, 0.08, -0.92)
353.97: (0.53, -0.03, -0.84)
354.08: (0.69, -0.21, -0.69)
354.20: (0.75, -0.48, -0.46)
354.32: (0.61, -0.73, -0.30)
354.43: (0.44, -0.87, -0.20)
354.55: (0.49, -0.87, -0.03)
354.65: (0.69, -0.69, 0.23)
354.77: (0.85, -0.40, 0.36)
354.88: (0.96, 0.09, 0.26)
355.00: (0.81, 0.57, 0.11)
355.12: (0.61, 0.79, -0.09)
355.22: (0.38, 0.88, -0.28)
355.33: (0.08, 0.92, -0.39)
355.45: (-0.18, 0.82, -0.54)
355.55: (-0.39, 0.65, -0.65)
355.67: (-0.65, 0.38, -0.66)
355.77: (-0.87, 0.12, -0.48)
355.88: (-0.99, -0.02, -0.12)
356.00: (-0.99, -0.10, 0.13)
356.12: (-0.93, -0.31, 0.19)
356.22: (-0.78, -0.59, 0.21)
356.33: (-0.41, -0.91, 0.08)
356.45: (-0.06, -0.99, -0.11)
356.57: (0.05, -0.98, -0.17)
356.68: (-0.27, -0.95, -0.15)
356.80: (-0.49, -0.86, -0.13)
356.90: (-0.43, -0.90, -0.10)
357.02: (-0.44, -0.90, 0.03)
357.07: (-0.45, -0.89, 0.05)
357.07: (-0.28, 0.86, -0.44): 2
357.13: (-0.45, -0.89, 0.05)
357.25: (-0.46, -0.89, 0.04)
357.37: (-0.52, -0.85, -0.03)
357.48: (-0.52, -0.85, -0.03)
357.60: (-0.52, -0.85, -0.03)
357.72: (-0.52, -0.85, -0.03)
357.82: (-0.52, -0.85, -0.03)
357.93: (-0.51, -0.86, -0.03)
358.05: (-0.32, -0.95, -0.07)
358.15: (0.08, -0.98, -0.16)
358.27: (0.47, -0.88, -0.05)
358.38: (0.62, -0.78, 0.05)
358.50: (0.68, -0.71, 0.19)
358.60: (0.59, -0.56, 0.58)
358.72: (0.37, -0.46, 0.80)
358.83: (0.12, -0.42, 0.90)
358.95: (-0.17, -0.41, 0.90)
359.07: (-0.42, -0.32, 0.85)
359.18: (-0.67, -0.19, 0.72)
359.30: (-0.84, -0.03, 0.54)
359.40: (-0.91, 0.22, 0.36)
359.50: (-0.85, 0.46, 0.27)
359.62: (-0.73, 0.62, 0.28)
359.73: (-0.56, 0.74, 0.39)
359.85: (-0.20, 0.83, 0.52)
359.95: (0.03, 0.84, 0.54)
360.07: (-0.09, 0.96, 0.28)
360.18: (-0.19, 0.98, -0.04)
360.30: (-0.18, 0.97, -0.16)
360.42: (-0.15, 0.94, -0.30)
360.53: (-0.23, 0.87, -0.44)
360.63: (-0.29, 0.84, -0.47)
360.65: (-0.29, 0.84, -0.47)
360.65: (-0.07, -0.60, -0.80): 2
360.73: (-0.29, 0.84, -0.46)
360.85: (-0.29, 0.84, -0.46)
360.97: (-0.18, 0.94, -0.30)
361.08: (0.02, 0.99, -0.14)
361.20: (0.29, 0.96, -0.01)
361.32: (0.50, 0.86, 0.10)
361.43: (0.65, 0.73, 0.21)
361.55: (0.79, 0.54, 0.29)
361.66: (0.93, 0.29, 0.24)
361.77: (0.97, 0.03, 0.26)
361.88: (0.92, -0.19, 0.33)
362.00: (0.80, -0.47, 0.38)
362.11: (0.62, -0.66, 0.42)
362.23: (0.41, -0.78, 0.48)
362.35: (0.12, -0.84, 0.53)
362.45: (-0.11, -0.91, 0.40)
362.56: (-0.15, -0.99, -0.07)
362.66: (-0.02, -0.92, -0.39)
362.78: (0.28, -0.77, -0.57)
362.90: (0.47, -0.66, -0.59)
363.00: (0.28, -0.76, -0.59)
363.10: (0.00, -0.75, -0.66)
363.21: (-0.07, -0.64, -0.77)
363.33: (-0.06, -0.61, -0.79)
363.43: (-0.07, -0.60, -0.80)
363.43: (-0.71, 0.06, -0.70): 0
363.45: (-0.07, -0.60, -0.80)
363.56: (-0.07, -0.60, -0.80)
363.68: (-0.06, -0.59, -0.80)
363.78: (0.04, -0.55, -0.84)
363.90: (0.31, -0.40, -0.86)
364.01: (0.51, -0.16, -0.84)
364.13: (0.69, 0.05, -0.72)
364.25: (0.82, 0.30, -0.49)
364.36: (0.85, 0.42, -0.32)
364.48: (0.86, 0.50, -0.09)
364.60: (0.84, 0.49, 0.23)
364.70: (0.79, 0.41, 0.45)
364.81: (0.69, 0.34, 0.63)
364.93: (0.47, 0.28, 0.84)
365.05: (0.13, 0.22, 0.97)
365.15: (-0.16, 0.20, 0.97)
365.26: (-0.41, 0.26, 0.87)
365.38: (-0.60, 0.34, 0.72)
365.50: (-0.76, 0.35, 0.54)
365.61: (-0.70, 0.57, 0.44)
365.73: (-0.36, 0.87, 0.34)
365.83: (-0.01, 0.97, 0.23)
365.95: (0.32, 0.94, 0.08)
366.06: (0.54, 0.84, -0.05)
366.16: (0.72, 0.69, -0.10)
366.28: (0.89, 0.40, -0.19)
366.40: (0.97, 0.05, -0.25)
366.51: (0.91, -0.18, -0.38)
366.63: (0.75, -0.40, -0.53)
366.75: (0.53, -0.53, -0.66)
366.86: (0.30, -0.61, -0.74)
366.98: (0.01, -0.65, -0.76)
367.10: (-0.24, -0.68, -0.69)
367.21: (-0.45, -0.66, -0.60)
367.33: (-0.65, -0.62, -0.43)
367.43: (-0.79, -0.52, -0.31)
367.53: (-0.84, -0.25, -0.48)
367.65: (-0.71, -0.09, -0.69)
367.76: (-0.61, -0.10, -0.79)
367.88: (-0.58, -0.09, -0.81)
368.00: (-0.66, 0.04, -0.75)
368.10: (-0.69, 0.11, -0.71)
368.21: (-0.72, 0.14, -0.68)
368.21: (-0.84, 0.01, 0.54): 2
368.21: (-0.72, 0.14, -0.68)
368.33: (-0.72, 0.13, -0.68)
368.45: (-0.70, 0.01, -0.71)
368.55: (-0.51, -0.42, -0.75)
368.65: (0.09, -0.88, -0.47)
368.76: (0.77, -0.62, 0.15)
368.88: (0.93, 0.07, 0.36)
368.98: (0.86, 0.37, 0.36)
369.10: (0.86, 0.37, 0.36)
369.21: (0.86, 0.37, 0.36)
369.33: (0.86, 0.37, 0.36)
369.45: (0.86, 0.37, 0.36)
369.56: (0.97, 0.11, 0.24)
369.68: (0.92, -0.36, -0.15)
369.80: (0.52, -0.68, -0.51)
369.91: (0.18, -0.82, -0.54)
370.03: (0.06, -0.91, -0.41)
370.15: (0.02, -0.96, -0.26)
370.25: (-0.03, -0.96, -0.29)
370.36: (-0.15, -0.93, -0.32)
370.46: (-0.16, -0.93, -0.33)
370.58: (-0.25, -0.86, -0.44)
370.70: (-0.28, -0.82, -0.50)
370.81: (-0.27, -0.82, -0.51)
370.91: (-0.30, -0.76, -0.58)
371.03: (-0.30, -0.65, -0.70)
371.13: (-0.25, -0.59, -0.77)
371.25: (0.07, -0.59, -0.81)
371.36: (0.38, -0.64, -0.67)
371.46: (0.57, -0.67, -0.48)
371.58: (0.80, -0.59, -0.12)
371.70: (0.76, -0.63, 0.17)
371.81: (0.46, -0.65, 0.61)
371.91: (0.15, -0.38, 0.91)
372.03: (-0.20, 0.10, 0.97)
372.15: (-0.37, 0.36, 0.86)
372.25: (-0.39, 0.52, 0.76)
372.36: (-0.44, 0.79, 0.43)
372.48: (-0.55, 0.83, 0.09)
372.60: (-0.80, 0.59, 0.15)
372.71: (-0.81, 0.37, 0.46)
372.83: (-0.76, 0.17, 0.63)
372.93: (-0.83, 0.03, 0.55)
373.05: (-0.86, -0.06, 0.50)
373.16: (-0.87, -0.11, 0.48)
373.23: (-0.86, -0.11, 0.49)
373.23: (-1.00, 0.00, 0.02): 0
373.28: (-0.86, -0.11, 0.49)
373.40: (-0.85, -0.07, 0.52)
373.51: (-0.84, -0.02, 0.54)
373.61: (-0.97, 0.05, 0.24)
373.73: (-1.00, -0.01, -0.07)
373.85: (-0.99, -0.09, -0.12)
373.96: (-1.00, -0.08, 0.04)
374.08: (-1.00, -0.03, 0.07)
374.20: (-1.00, 0.05, 0.05)
374.21: (-1.00, 0.05, 0.05)
374.21: (-0.93, -0.01, 0.36): 1
374.31: (-1.00, 0.05, 0.05)
374.43: (-1.00, 0.04, 0.03)
374.55: (-0.98, -0.01, 0.19)
374.65: (-0.93, -0.04, 0.37)
374.75: (-0.90, -0.01, 0.43)
374.85: (-0.90, -0.01, 0.43)
374.88: (-0.90, -0.01, 0.43)
374.88: (-1.00, 0.05, 0.02): 2
374.96: (-0.90, -0.01, 0.43)
375.08: (-0.90, -0.01, 0.43)
375.20: (-0.95, 0.05, 0.30)
375.31: (-0.99, 0.15, 0.01)
375.43: (-0.99, 0.10, 0.05)
375.53: (-0.98, 0.06, 0.19)
375.63: (-0.98, 0.08, 0.20)
375.75: (-0.98, 0.12, 0.17)
375.86: (-0.98, 0.13, 0.15)
375.98: (-0.99, 0.03, 0.11)
376.10: (-1.00, 0.01, 0.04)
376.13: (-1.00, 0.01, 0.04)
376.13: (-0.67, 0.38, -0.64): 1
376.20: (-1.00, 0.01, 0.04)
376.31: (-1.00, 0.03, 0.06)
376.41: (-1.00, 0.04, 0.07)
376.53: (-0.94, 0.24, -0.26)
376.65: (-0.89, 0.21, -0.41)
376.76: (-0.86, 0.22, -0.46)
376.88: (-0.83, 0.23, -0.50)
376.98: (-0.71, 0.27, -0.65)
377.10: (-0.61, 0.30, -0.73)
377.15: (-0.63, 0.31, -0.72)
377.15: (-0.96, -0.21, 0.17): 1
377.21: (-0.63, 0.31, -0.72)
377.33: (-0.65, 0.31, -0.69)
377.45: (-0.68, 0.33, -0.66)
377.56: (-0.68, 0.33, -0.66)
377.66: (-0.88, 0.25, -0.39)
377.78: (-0.99, 0.11, 0.04)
377.90: (-0.96, 0.16, 0.24)
378.01: (-0.97, 0.04, 0.26)
378.13: (-0.98, -0.18, 0.07)
378.24: (-0.97, -0.23, 0.09)
378.36: (-0.95, -0.19, 0.23)
378.48: (-0.95, -0.19, 0.25)
378.59: (-0.95, -0.21, 0.22)
378.69: (-0.95, -0.25, 0.21)
378.76: (-0.95, -0.25, 0.21)
378.76: (0.84, -0.01, 0.54): 0
378.81: (-0.95, -0.25, 0.21)
378.93: (-0.95, -0.23, 0.20)
379.04: (-0.99, -0.11, 0.13)
379.16: (-0.98, 0.18, -0.12)
379.28: (-0.91, 0.25, -0.34)
379.39: (-0.80, 0.15, -0.58)
379.51: (-0.66, 0.08, -0.75)
379.63: (-0.44, -0.09, -0.89)
379.74: (-0.30, -0.24, -0.92)
379.86: (-0.11, -0.40, -0.91)
379.98: (0.00, -0.62, -0.78)
380.08: (-0.08, -0.84, -0.53)
380.18: (-0.30, -0.94, -0.17)
380.30: (-0.40, -0.91, 0.12)
380.41: (-0.57, -0.77, 0.28)
380.53: (-0.63, -0.68, 0.37)
380.64: (-0.77, -0.45, 0.45)
380.76: (-0.91, 0.02, 0.41)
380.86: (-0.88, 0.44, 0.20)
380.98: (-0.64, 0.73, -0.22)
381.09: (-0.44, 0.72, -0.54)
381.19: (-0.34, 0.60, -0.73)
381.31: (-0.27, 0.26, -0.93)
381.43: (-0.18, -0.28, -0.94)
381.54: (-0.10, -0.80, -0.59)
381.66: (-0.14, -0.99, 0.03)
381.76: (-0.15, -0.87, 0.46)
381.88: (-0.21, -0.65, 0.73)
381.98: (-0.27, -0.62, 0.74)
382.09: (-0.27, -0.62, 0.74)
382.21: (-0.25, -0.63, 0.74)
382.31: (-0.21, -0.66, 0.73)
382.43: (-0.13, -0.52, 0.84)
382.53: (-0.16, -0.13, 0.98)
382.64: (-0.14, 0.34, 0.93)
382.76: (-0.02, 0.51, 0.86)
382.86: (0.11, 0.65, 0.75)
382.98: (0.37, 0.73, 0.57)
383.09: (0.66, 0.70, 0.29)
383.21: (0.81, 0.58, -0.07)
383.31: (0.81, 0.50, -0.32)
383.43: (0.81, 0.53, -0.23)
383.54: (0.87, 0.40, 0.30)
383.66: (0.84, 0.32, 0.43)
383.78: (0.81, 0.21, 0.55)
383.89: (0.74, -0.01, 0.67)
383.99: (0.81, -0.03, 0.59)
384.11: (0.85, -0.06, 0.52)
384.16: (0.86, -0.06, 0.51)
384.16: (0.57, 0.38, 0.72): 0
384.23: (0.85, -0.05, 0.52)
384.34: (0.85, -0.04, 0.52)
384.46: (0.79, 0.08, 0.61)
384.56: (0.56, 0.38, 0.74)
384.68: (0.39, 0.52, 0.76)
384.79: (0.50, 0.42, 0.76)
384.91: (0.50, 0.39, 0.77)
385.03: (0.46, 0.39, 0.79)
385.13: (0.48, 0.35, 0.80)
385.23: (0.50, 0.33, 0.80)
385.23: (0.96, -0.25, -0.16): 0
385.23: (0.50, 0.33, 0.80)
385.33: (0.50, 0.33, 0.80)
385.44: (0.49, 0.36, 0.79)
385.56: (0.40, 0.51, 0.76)
385.68: (0.29, 0.60, 0.75)
385.79: (0.18, 0.74, 0.65)
385.91: (-0.06, 0.91, 0.41)
386.03: (-0.20, 0.95, 0.23)
386.14: (-0.34, 0.94, 0.05)
386.26: (-0.37, 0.87, -0.34)
386.36: (-0.32, 0.75, -0.58)
386.48: (-0.17, 0.63, -0.76)
386.58: (0.09, 0.36, -0.93)
386.69: (0.43, 0.35, -0.83)
386.81: (0.68, 0.30, -0.67)
386.93: (0.70, 0.52, -0.49)
387.03: (0.54, 0.78, -0.32)
387.14: (0.27, 0.96, -0.12)
387.26: (0.69, 0.71, -0.12)
387.38: (0.89, 0.40, -0.20)
387.49: (0.92, 0.21, -0.33)
387.61: (0.92, 0.21, -0.33)
387.71: (0.92, 0.21, -0.33)
387.81: (0.92, 0.20, -0.33)
387.93: (0.96, 0.09, -0.28)
388.03: (0.97, -0.14, -0.19)
388.13: (0.97, -0.14, -0.18)
388.24: (0.97, -0.19, -0.17)
388.36: (0.95, -0.29, -0.12)
388.41: (0.95, -0.29, -0.12)
388.41: (0.34, -0.26, 0.90): 0
388.48: (0.95, -0.29, -0.12)
388.59: (0.95, -0.28, -0.13)
388.71: (0.95, -0.23, -0.21)
388.81: (0.90, -0.20, -0.38)
388.93: (0.82, -0.05, -0.57)
389.04: (0.70, 0.40, -0.59)
389.16: (0.59, 0.63, -0.51)
389.28: (0.45, 0.80, -0.40)
389.38: (0.29, 0.93, -0.25)
389.49: (0.17, 0.98, -0.07)
389.61: (0.00, 1.00, 0.10)
389.73: (0.29, 0.91, -0.29)
389.83: (0.71, 0.20, -0.67)
389.94: (0.80, -0.03, -0.61)
390.06: (0.79, -0.02, -0.61)
390.18: (0.79, -0.02, -0.61)
390.29: (0.86, -0.06, -0.51)
390.41: (0.88, -0.37, -0.31)
390.53: (0.70, -0.69, -0.16)
390.64: (0.50, -0.87, 0.01)
390.76: (0.20, -0.94, 0.27)
390.88: (-0.15, -0.89, 0.43)
390.99: (-0.41, -0.84, 0.35)
391.11: (-0.64, -0.72, 0.26)
391.23: (-0.88, -0.45, 0.14)
391.33: (-0.97, -0.23, -0.07)
391.43: (-0.94, -0.13, -0.31)
391.54: (-0.86, -0.03, -0.51)
391.66: (-0.69, 0.01, -0.72)
391.78: (-0.40, -0.02, -0.91)
391.89: (0.05, -0.02, -1.00)
392.01: (0.53, -0.04, -0.85)
392.13: (0.79, -0.05, -0.61)
392.24: (0.88, 0.14, -0.46)
392.36: (0.79, 0.45, -0.41)
392.46: (0.65, 0.58, -0.49)
392.58: (0.27, 0.49, -0.83)
392.68: (-0.14, 0.16, -0.98)
392.79: (-0.57, -0.26, -0.78)
392.91: (-0.74, -0.55, -0.39)
393.03: (-0.70, -0.71, -0.02)
393.14: (-0.51, -0.81, 0.28)
393.26: (-0.31, -0.76, 0.57)
393.36: (-0.14, -0.66, 0.74)
393.48: (0.31, -0.57, 0.76)
393.59: (0.72, -0.42, 0.55)
393.69: (0.83, -0.29, 0.47)
393.81: (0.70, -0.30, 0.65)
393.91: (0.50, -0.33, 0.80)
394.03: (0.41, -0.33, 0.85)
394.14: (0.37, -0.30, 0.88)
394.26: (0.27, -0.26, 0.93)
394.28: (0.27, -0.26, 0.93)
394.28: (0.93, 0.37, -0.01): 0
394.36: (0.27, -0.26, 0.93)
394.48: (0.28, -0.28, 0.92)
394.59: (0.30, -0.35, 0.89)
394.71: (0.35, -0.52, 0.78)
394.83: (0.34, -0.67, 0.65)
394.93: (0.29, -0.81, 0.51)
395.04: (0.26, -0.90, 0.34)
395.14: (0.24, -0.95, 0.18)
395.26: (0.14, -0.99, -0.08)
395.36: (0.03, -0.95, -0.31)
395.47: (-0.04, -0.82, -0.58)
395.57: (-0.09, -0.66, -0.74)
395.67: (-0.12, -0.50, -0.86)
395.78: (-0.19, -0.33, -0.92)
395.89: (-0.30, -0.11, -0.95)
396.01: (-0.40, 0.13, -0.91)
396.12: (-0.46, 0.34, -0.82)
396.22: (-0.42, 0.51, -0.75)
396.34: (-0.41, 0.70, -0.58)
396.46: (-0.27, 0.87, -0.41)
396.56: (-0.01, 0.98, -0.20)
396.67: (0.31, 0.95, -0.05)
396.79: (0.37, 0.93, -0.04)
396.89: (0.47, 0.81, -0.37)
397.01: (0.59, 0.52, -0.62)
397.11: (0.74, 0.45, -0.49)
397.22: (0.82, 0.53, -0.21)
397.34: (0.87, 0.48, -0.10)
397.46: (0.95, 0.30, -0.10)
397.57: (0.97, 0.24, 0.02)
397.69: (0.95, 0.31, 0.06)
397.79: (0.93, 0.36, 0.05)
397.89: (0.92, 0.39, 0.01)
397.91: (0.92, 0.39, 0.01)
397.91: (-0.73, -0.68, -0.01): 0
398.01: (0.93, 0.37, 0.01)
398.12: (0.97, 0.24, -0.01)
398.24: (0.99, -0.15, -0.07)
398.36: (0.88, -0.48, -0.05)
398.46: (0.70, -0.72, -0.05)
398.56: (0.43, -0.90, -0.09)
398.67: (0.05, -0.98, -0.21)
398.77: (-0.28, -0.91, -0.31)
398.89: (-0.47, -0.78, -0.41)
399.01: (-0.52, -0.78, -0.35)
399.12: (-0.63, -0.78, 0.01)
399.22: (-0.68, -0.72, 0.11)
399.34: (-0.71, -0.71, 0.03)
399.46: (-0.71, -0.70, 0.01)
399.46: (-0.41, -0.91, 0.08): 1
399.46: (-0.71, -0.70, 0.01)
399.57: (-0.73, -0.68, 0.01)
399.69: (-0.76, -0.65, 0.05)
399.81: (-0.74, -0.67, 0.07)
399.92: (-0.50, -0.87, 0.04)
400.02: (-0.39, -0.92, 0.01)
400.14: (-0.47, -0.88, 0.07)
400.16: (-0.46, -0.88, 0.07)
400.16: (0.81, 0.48, 0.35): 2
400.26: (-0.43, -0.90, 0.08)
400.37: (-0.38, -0.92, 0.08)
400.49: (-0.31, -0.94, 0.12)
400.59: (-0.22, -0.95, 0.20)
400.69: (-0.20, -0.89, 0.41)
400.79: (-0.20, -0.73, 0.65)
400.89: (-0.09, -0.51, 0.86)
401.01: (0.11, -0.22, 0.97)
401.12: (0.23, 0.09, 0.97)
401.24: (0.25, 0.40, 0.88)
401.36: (0.18, 0.69, 0.70)
401.47: (-0.08, 0.91, 0.40)
401.59: (-0.55, 0.83, -0.11)
401.71: (-0.76, 0.49, -0.43)
401.81: (-0.54, 0.78, -0.33)
401.92: (-0.03, 1.00, -0.03)
402.04: (0.25, 0.96, 0.15)
402.16: (0.57, 0.77, 0.29)
402.26: (0.68, 0.67, 0.30)
402.37: (0.80, 0.56, 0.23)
402.49: (0.87, 0.44, 0.20)
402.61: (0.87, 0.40, 0.30)
402.71: (0.79, 0.46, 0.41)
402.74: (0.78, 0.46, 0.42)
402.74: (-0.91, 0.05, 0.40): 1
402.82: (0.79, 0.46, 0.41)
402.92: (0.77, 0.48, 0.41)
403.02: (0.70, 0.56, 0.44)
403.14: (0.68, 0.58, 0.45)
403.24: (0.68, 0.58, 0.45)
403.34: (0.68, 0.58, 0.45)
403.44: (0.68, 0.58, 0.45)
403.56: (0.68, 0.58, 0.45)
403.67: (0.71, 0.53, 0.46)
403.79: (0.87, 0.36, 0.35)
403.89: (0.98, 0.19, 0.12)
403.99: (0.98, 0.09, -0.15)
404.11: (0.92, -0.02, -0.40)
404.22: (0.82, 0.05, -0.57)
404.34: (0.70, 0.06, -0.72)
404.44: (0.50, 0.16, -0.85)
404.56: (0.19, 0.22, -0.96)
404.67: (-0.06, 0.31, -0.95)
404.77: (-0.13, 0.31, -0.94)
404.89: (-0.34, 0.40, -0.85)
404.99: (-0.60, 0.48, -0.64)
405.11: (-0.80, 0.52, -0.29)
405.21: (-0.85, 0.52, 0.04)
405.32: (-0.88, 0.37, 0.30)
405.44: (-0.91, 0.19, 0.38)
405.56: (-0.93, 0.07, 0.37)
405.67: (-0.90, 0.13, 0.41)
405.77: (-0.89, 0.11, 0.44)
405.86: (-0.89, 0.11, 0.44)
405.86: (0.05, 1.00, 0.05): 2
405.89: (-0.89, 0.10, 0.44)
406.01: (-0.89, 0.10, 0.43)
406.11: (-0.89, 0.09, 0.44)
406.22: (-0.86, 0.17, 0.48)
406.34: (-0.64, 0.36, 0.67)
406.46: (-0.30, 0.54, 0.79)
406.56: (-0.06, 0.67, 0.74)
406.67: (0.08, 0.74, 0.67)
406.77: (0.23, 0.67, 0.70)
406.89: (0.39, 0.51, 0.77)
406.99: (0.29, 0.79, 0.53)
407.11: (0.10, 0.97, 0.23)
407.22: (0.05, 0.99, 0.16)
407.34: (-0.02, 1.00, 0.07)
407.44: (-0.07, 1.00, -0.04)
407.49: (-0.07, 1.00, -0.03)
407.49: (0.84, 0.29, 0.46): 1
407.56: (-0.06, 1.00, -0.03)
407.67: (0.00, 1.00, 0.02)
407.77: (0.07, 1.00, 0.06)
407.89: (0.17, 0.98, 0.11)
408.01: (0.39, 0.87, 0.30)
408.11: (0.65, 0.65, 0.39)
408.22: (0.81, 0.49, 0.34)
408.34: (0.89, 0.33, 0.31)
408.46: (0.87, 0.31, 0.38)
408.57: (0.82, 0.22, 0.52)
408.69: (0.80, 0.18, 0.57)
408.76: (0.82, 0.17, 0.55)
408.76: (-0.89, -0.27, 0.36): 0
408.79: (0.82, 0.17, 0.55)
408.91: (0.82, 0.17, 0.55)
409.02: (0.82, 0.19, 0.54)
409.12: (0.90, 0.07, 0.42)
409.24: (0.96, -0.06, 0.29)
409.36: (0.99, 0.15, 0.05)
409.46: (0.91, 0.37, -0.20)
409.57: (0.75, 0.48, -0.45)
409.69: (0.55, 0.60, -0.59)
409.79: (0.31, 0.72, -0.62)
409.91: (0.14, 0.76, -0.64)
410.02: (-0.23, 0.84, -0.48)
410.14: (-0.55, 0.80, -0.25)
410.26: (-0.76, 0.64, 0.03)
410.37: (-0.87, 0.39, 0.31)
410.47: (-0.81, 0.04, 0.58)
410.59: (-0.55, -0.35, 0.76)
410.71: (-0.67, -0.38, 0.64)
410.82: (-0.82, -0.30, 0.48)
410.94: (-0.86, -0.26, 0.44)
411.06: (-0.88, -0.25, 0.40)
411.12: (-0.89, -0.24, 0.39)
411.12: (-0.50, 0.86, -0.06): 1
411.17: (-0.89, -0.24, 0.39)
411.27: (-0.89, -0.23, 0.39)
411.39: (-0.87, -0.14, 0.47)
411.51: (-0.79, 0.25, 0.55)
411.62: (-0.60, 0.59, 0.55)
411.74: (-0.33, 0.84, 0.43)
411.86: (-0.26, 0.95, 0.19)
411.97: (-0.57, 0.82, -0.02)
412.09: (-0.63, 0.78, -0.02)
412.21: (-0.50, 0.86, -0.08)
412.32: (-0.55, 0.83, -0.07)
412.44: (-0.60, 0.80, 0.01)
412.56: (-0.59, 0.81, 0.01)
412.67: (-0.55, 0.83, -0.02)
412.77: (-0.54, 0.84, -0.04)
412.84: (-0.54, 0.84, -0.04)
412.84: (-0.98, -0.17, -0.08): 1
412.87: (-0.53, 0.85, -0.05)
412.99: (-0.43, 0.89, -0.18)
413.10: (-0.44, 0.88, -0.16)
413.22: (-0.44, 0.89, -0.13)
413.34: (-0.34, 0.94, -0.09)
413.45: (-0.13, 0.98, -0.15)
413.57: (0.02, 1.00, -0.05)
413.67: (0.17, 0.98, -0.08)
413.79: (0.31, 0.94, -0.14)
413.90: (0.47, 0.85, -0.22)
414.00: (0.60, 0.63, -0.49)
414.12: (0.61, 0.28, -0.74)
414.24: (0.62, -0.08, -0.78)
414.34: (0.72, -0.32, -0.62)
414.45: (0.68, -0.49, -0.55)
414.57: (0.41, -0.80, -0.45)
414.69: (0.03, -0.99, -0.15)
414.80: (-0.12, -0.98, 0.16)
414.90: (-0.14, -0.91, 0.39)
415.02: (-0.17, -0.78, 0.61)
415.14: (-0.10, -0.67, 0.73)
415.24: (0.05, -0.55, 0.83)
415.35: (0.30, -0.29, 0.91)
415.47: (0.65, -0.01, 0.76)
415.59: (0.89, 0.22, 0.40)
415.70: (0.92, 0.40, -0.05)
415.82: (0.69, 0.43, -0.58)
415.92: (0.38, 0.34, -0.86)
416.04: (0.00, 0.04, -1.00)
416.15: (-0.44, -0.28, -0.85)
416.27: (-0.72, -0.54, -0.43)
416.39: (-0.76, -0.64, 0.12)
416.50: (-0.53, -0.59, 0.61)
416.62: (-0.33, -0.44, 0.84)
416.72: (-0.63, -0.45, 0.64)
416.84: (-0.87, -0.37, 0.33)
416.94: (-0.95, -0.30, 0.07)
417.05: (-0.96, -0.29, 0.05)
417.15: (-0.98, -0.16, -0.09)
417.27: (-0.97, -0.12, -0.23)
417.39: (-0.97, -0.13, -0.21)
417.39: (-0.94, -0.34, 0.04): 0
417.39: (-0.97, -0.13, -0.21)
417.50: (-0.97, -0.14, -0.21)
417.62: (-0.98, -0.16, -0.13)
417.74: (-0.97, -0.20, 0.12)
417.85: (-0.98, -0.20, 0.08)
417.97: (-0.97, -0.24, 0.03)
418.09: (-0.95, -0.31, 0.04)
418.14: (-0.95, -0.31, 0.04)
418.14: (-0.12, -0.45, 0.88): 2
418.20: (-0.95, -0.31, 0.04)
418.32: (-0.95, -0.31, 0.03)
418.44: (-0.94, -0.33, 0.08)
418.55: (-0.88, -0.44, 0.18)
418.67: (-0.72, -0.70, -0.01)
418.79: (-0.55, -0.82, 0.17)
418.89: (-0.36, -0.79, 0.50)
419.00: (-0.17, -0.64, 0.75)
419.12: (-0.15, -0.71, 0.69)
419.24: (-0.16, -0.72, 0.67)
419.34: (-0.14, -0.67, 0.73)
419.45: (-0.16, -0.52, 0.84)
419.57: (-0.19, -0.43, 0.88)
419.67: (-0.19, -0.44, 0.88)
419.70: (-0.19, -0.44, 0.88)
419.70: (0.98, -0.18, 0.07): 0
419.79: (-0.19, -0.44, 0.88)
419.89: (-0.17, -0.40, 0.90)
420.00: (0.02, -0.20, 0.98)
420.12: (0.22, 0.06, 0.97)
420.24: (0.34, 0.34, 0.88)
420.35: (0.38, 0.50, 0.78)
420.45: (0.38, 0.53, 0.75)
420.57: (0.39, 0.69, 0.61)
420.69: (0.23, 0.91, 0.36)
420.80: (-0.03, 0.97, 0.24)
420.92: (-0.23, 0.96, 0.17)
421.04: (-0.43, 0.89, 0.15)
421.14: (-0.58, 0.81, -0.02)
421.25: (-0.73, 0.63, -0.27)
421.35: (-0.77, 0.43, -0.47)
421.47: (-0.69, 0.23, -0.68)
421.57: (-0.52, 0.14, -0.84)
421.69: (-0.11, 0.08, -0.99)
421.79: (0.23, 0.16, -0.96)
421.90: (0.47, 0.39, -0.79)
422.02: (0.57, 0.62, -0.54)
422.14: (0.51, 0.83, -0.22)
422.24: (0.38, 0.92, 0.06)
422.35: (0.15, 0.90, 0.40)
422.47: (-0.05, 0.75, 0.65)
422.59: (-0.31, 0.50, 0.81)
422.70: (-0.50, 0.20, 0.84)
422.80: (-0.59, -0.04, 0.81)
422.92: (-0.72, -0.34, 0.61)
423.04: (-0.76, -0.58, 0.29)
423.15: (-0.73, -0.68, 0.04)
423.27: (-0.71, -0.68, -0.18)
423.39: (-0.67, -0.60, -0.43)
423.50: (-0.57, -0.53, -0.63)
423.62: (-0.44, -0.24, -0.87)
423.72: (-0.33, 0.04, -0.94)
423.84: (-0.21, 0.35, -0.91)
423.95: (-0.07, 0.58, -0.81)
424.07: (0.12, 0.78, -0.62)
424.19: (0.29, 0.92, -0.26)
424.29: (0.35, 0.93, 0.10)
424.40: (0.36, 0.81, 0.46)
424.50: (0.33, 0.65, 0.68)
424.62: (0.25, 0.52, 0.82)
424.74: (0.16, 0.36, 0.92)
424.85: (0.05, 0.17, 0.98)
424.97: (-0.12, 0.03, 0.99)
425.07: (-0.34, -0.08, 0.94)
425.19: (-0.55, -0.20, 0.81)
425.30: (-0.70, -0.35, 0.62)
425.42: (-0.79, -0.43, 0.43)
425.54: (-0.78, -0.60, 0.16)
425.64: (-0.70, -0.71, -0.04)
425.75: (-0.59, -0.77, -0.24)
425.85: (-0.50, -0.77, -0.40)
425.97: (-0.34, -0.71, -0.62)
426.09: (-0.20, -0.63, -0.75)
426.20: (-0.09, -0.49, -0.87)
426.30: (0.03, -0.33, -0.94)
426.40: (0.12, -0.17, -0.98)
426.52: (0.18, 0.00, -0.98)
426.64: (0.24, 0.18, -0.95)
426.75: (0.38, 0.39, -0.84)
426.87: (0.42, 0.57, -0.71)
426.97: (0.42, 0.70, -0.57)
427.09: (0.45, 0.80, -0.40)
427.19: (0.57, 0.81, -0.17)
427.29: (0.62, 0.79, 0.01)
427.40: (0.55, 0.81, 0.19)
427.52: (0.47, 0.76, 0.45)
427.64: (0.37, 0.65, 0.66)
427.75: (0.22, 0.57, 0.79)
427.87: (0.11, 0.38, 0.92)
427.99: (0.06, 0.12, 0.99)
428.09: (-0.06, 0.05, 1.00)
428.20: (-0.19, -0.07, 0.98)
428.32: (-0.33, -0.23, 0.91)
428.44: (-0.55, -0.23, 0.80)
428.55: (-0.72, -0.32, 0.62)
428.65: (-0.78, -0.47, 0.41)
428.77: (-0.87, -0.47, 0.16)
428.89: (-0.95, -0.32, -0.03)
429.00: (-0.96, -0.19, -0.22)
429.12: (-0.93, 0.04, -0.37)
429.23: (-0.81, 0.28, -0.52)
429.33: (-0.64, 0.47, -0.61)
429.44: (-0.45, 0.67, -0.59)
429.55: (-0.26, 0.81, -0.52)
429.67: (0.01, 0.93, -0.36)
429.78: (0.27, 0.95, -0.16)
429.90: (0.52, 0.85, 0.04)
430.00: (0.70, 0.68, 0.24)
430.12: (0.77, 0.44, 0.46)
430.22: (0.78, 0.24, 0.58)
430.33: (0.71, -0.05, 0.71)
430.45: (0.50, -0.28, 0.82)
430.57: (0.34, -0.23, 0.91)
430.67: (0.34, -0.23, 0.91)
430.78: (0.34, -0.23, 0.91)
430.90: (0.33, -0.21, 0.92)
431.02: (0.30, -0.15, 0.94)
431.13: (0.38, -0.08, 0.92)
431.25: (0.78, -0.13, 0.61)
431.35: (0.93, -0.10, 0.35)
431.47: (0.95, -0.18, 0.24)
431.57: (0.95, -0.25, 0.20)
431.68: (0.97, -0.23, 0.04)
431.80: (0.98, -0.18, 0.05)
431.80: (0.47, 0.11, 0.88): 0
431.80: (0.98, -0.18, 0.05)
431.90: (0.98, -0.18, 0.05)
432.02: (0.98, -0.19, 0.03)
432.13: (0.97, -0.25, 0.03)
432.25: (0.90, -0.42, 0.05)
432.35: (0.87, -0.50, 0.01)
432.47: (0.85, -0.53, 0.03)
432.57: (0.72, -0.67, 0.16)
432.68: (0.53, -0.83, 0.16)
432.80: (0.32, -0.94, 0.08)
432.90: (0.05, -1.00, 0.06)
433.02: (-0.27, -0.96, 0.01)
433.13: (-0.44, -0.90, -0.05)
433.25: (-0.57, -0.81, -0.15)
433.37: (-0.67, -0.71, -0.22)
433.48: (-0.80, -0.55, -0.23)
433.60: (-0.95, -0.24, -0.18)
433.72: (-0.97, 0.13, -0.19)
433.83: (-0.89, 0.39, -0.22)
433.95: (-0.81, 0.54, -0.22)
434.05: (-0.72, 0.69, -0.10)
434.17: (-0.57, 0.82, 0.07)
434.28: (-0.34, 0.92, 0.20)
434.40: (-0.09, 0.96, 0.25)
434.52: (0.15, 0.88, 0.46)
434.63: (0.36, 0.62, 0.70)
434.73: (0.12, 0.60, 0.79)
434.85: (0.11, 0.60, 0.79)
434.95: (0.11, 0.60, 0.79)
435.05: (0.11, 0.60, 0.79)
435.17: (0.07, 0.59, 0.81)
435.28: (0.14, 0.52, 0.84)
435.40: (0.26, 0.39, 0.89)
435.52: (0.51, 0.03, 0.86)
435.62: (0.56, -0.03, 0.82)
435.73: (0.49, 0.05, 0.87)
435.85: (0.46, 0.09, 0.89)
435.95: (0.46, 0.09, 0.89)
435.98: (0.46, 0.10, 0.88)
435.98: (-0.72, -0.59, 0.37): 0
436.05: (0.46, 0.10, 0.88)
436.17: (0.46, 0.10, 0.88)
436.28: (0.47, 0.10, 0.88)
436.38: (0.53, 0.13, 0.83)
436.50: (0.73, 0.08, 0.68)
436.62: (0.87, 0.08, 0.49)
436.73: (0.95, 0.13, 0.30)
436.83: (0.99, 0.11, 0.04)
436.95: (0.94, 0.12, -0.31)
437.07: (0.78, 0.25, -0.58)
437.18: (0.55, 0.41, -0.73)
437.28: (0.37, 0.49, -0.79)
437.40: (0.16, 0.59, -0.79)
437.52: (-0.04, 0.68, -0.73)
437.62: (-0.21, 0.77, -0.60)
437.73: (-0.41, 0.83, -0.39)
437.85: (-0.53, 0.83, -0.20)
437.95: (-0.58, 0.81, -0.10)
438.07: (-0.70, 0.69, 0.20)
438.17: (-0.71, 0.53, 0.46)
438.28: (-0.68, 0.39, 0.62)
438.40: (-0.64, 0.19, 0.75)
438.52: (-0.47, -0.06, 0.88)
438.63: (-0.15, -0.35, 0.92)
438.75: (0.26, -0.53, 0.81)
438.85: (0.57, -0.57, 0.59)
438.97: (0.80, -0.48, 0.35)
439.08: (0.94, -0.32, 0.09)
439.20: (0.98, -0.14, -0.13)
439.32: (0.93, -0.01, -0.37)
439.43: (0.74, 0.16, -0.65)
439.53: (0.52, 0.30, -0.80)
439.65: (0.32, 0.43, -0.85)
439.77: (0.12, 0.54, -0.83)
439.88: (-0.10, 0.64, -0.76)
440.00: (-0.41, 0.65, -0.65)
440.12: (-0.61, 0.61, -0.51)
440.23: (-0.74, 0.56, -0.38)
440.35: (-0.85, 0.47, -0.23)
440.45: (-0.91, 0.39, -0.11)
440.57: (-0.95, 0.31, -0.03)
440.68: (-0.98, 0.17, 0.11)
440.78: (-0.97, -0.04, 0.26)
440.90: (-0.90, -0.23, 0.37)
441.02: (-0.83, -0.35, 0.44)
441.13: (-0.83, -0.36, 0.43)
441.25: (-0.78, -0.45, 0.43)
441.37: (-0.72, -0.56, 0.41)
441.47: (-0.67, -0.62, 0.41)
441.57: (-0.64, -0.65, 0.40)
441.57: (0.57, 0.47, -0.67): 2
441.57: (-0.64, -0.65, 0.40)
441.68: (-0.64, -0.65, 0.40)
441.80: (-0.66, -0.63, 0.41)
441.90: (-0.75, -0.51, 0.44)
442.00: (-0.75, -0.51, 0.44)
442.12: (-0.75, -0.51, 0.44)
442.22: (-0.75, -0.51, 0.44)
442.33: (-0.75, -0.51, 0.44)
442.45: (-0.82, -0.39, 0.43)
442.57: (-0.86, -0.34, 0.37)
442.68: (-0.79, -0.47, 0.39)
442.80: (-0.64, -0.62, 0.45)
442.92: (-0.54, -0.69, 0.49)
443.03: (-0.41, -0.75, 0.52)
443.13: (-0.25, -0.79, 0.56)
443.25: (-0.09, -0.82, 0.57)
443.37: (0.08, -0.84, 0.54)
443.48: (0.28, -0.81, 0.51)
443.60: (0.37, -0.68, 0.63)
443.72: (0.47, -0.48, 0.74)
443.83: (0.53, -0.32, 0.78)
443.95: (0.58, -0.18, 0.79)
444.07: (0.61, -0.02, 0.80)
444.18: (0.61, 0.07, 0.79)
444.28: (0.71, -0.15, 0.68)
444.40: (0.77, -0.46, 0.44)
444.52: (0.75, -0.66, 0.03)
444.63: (0.66, -0.69, -0.30)
444.75: (0.54, -0.62, -0.57)
444.85: (0.44, -0.55, -0.71)
444.97: (0.31, -0.40, -0.86)
445.07: (0.30, -0.21, -0.93)
445.18: (0.34, 0.04, -0.94)
445.30: (0.40, 0.25, -0.88)
445.42: (0.51, 0.29, -0.81)
445.53: (0.58, 0.42, -0.70)
445.63: (0.59, 0.53, -0.61)
445.63: (1.00, -0.01, -0.09): 0
445.65: (0.59, 0.53, -0.61)
445.77: (0.58, 0.57, -0.58)
445.88: (0.56, 0.64, -0.53)
446.00: (0.52, 0.80, -0.29)
446.11: (0.51, 0.86, 0.01)
446.23: (0.57, 0.76, 0.32)
446.35: (0.59, 0.63, 0.51)
446.45: (0.59, 0.53, 0.60)
446.56: (0.57, 0.38, 0.73)
446.68: (0.53, 0.26, 0.80)
446.78: (0.48, 0.37, 0.79)
446.90: (0.31, 0.68, 0.67)
447.01: (0.12, 0.89, 0.43)
447.13: (-0.17, 0.98, 0.05)
447.25: (-0.41, 0.88, -0.25)
447.35: (-0.55, 0.74, -0.39)
447.46: (-0.67, 0.58, -0.46)
447.58: (-0.73, 0.44, -0.52)
447.68: (-0.76, 0.30, -0.57)
447.80: (-0.81, 0.12, -0.58)
447.91: (-0.79, -0.12, -0.60)
448.01: (-0.75, -0.26, -0.61)
448.13: (-0.73, -0.43, -0.54)
448.23: (-0.73, -0.52, -0.44)
448.35: (-0.76, -0.57, -0.32)
448.46: (-0.88, -0.47, -0.10)
448.58: (-0.97, -0.19, 0.16)
448.70: (-0.92, 0.14, 0.38)
448.81: (-0.76, 0.34, 0.55)
448.93: (-0.52, 0.50, 0.70)
449.03: (-0.27, 0.58, 0.76)
449.15: (-0.05, 0.59, 0.81)
449.26: (-0.12, 0.44, 0.89)
449.38: (-0.29, 0.15, 0.94)
449.50: (-0.40, -0.20, 0.90)
449.61: (-0.47, -0.51, 0.72)
449.71: (-0.49, -0.68, 0.54)
449.81: (-0.44, -0.80, 0.41)
449.93: (-0.40, -0.88, 0.27)
450.05: (-0.34, -0.93, 0.11)
450.15: (-0.21, -0.96, -0.21)
450.26: (0.05, -0.87, -0.50)
450.38: (0.30, -0.90, -0.33)
450.50: (0.34, -0.94, 0.04)
450.61: (0.31, -0.88, 0.35)
450.73: (0.28, -0.73, 0.62)
450.85: (0.24, -0.45, 0.86)
450.96: (0.20, -0.13, 0.97)
451.06: (0.16, 0.20, 0.97)
451.18: (0.14, 0.52, 0.84)
451.30: (0.22, 0.64, 0.74)
451.40: (0.34, 0.55, 0.77)
451.51: (0.54, 0.22, 0.81)
451.63: (0.71, -0.11, 0.70)
451.73: (0.83, -0.33, 0.44)
451.85: (0.91, -0.41, 0.05)
451.95: (0.90, -0.37, -0.22)
452.06: (0.90, -0.27, -0.33)
452.18: (0.96, -0.20, -0.18)
452.28: (0.98, -0.15, -0.09)
452.40: (1.00, -0.03, -0.03)
452.43: (1.00, -0.01, -0.03)
452.43: (0.98, 0.18, 0.10): 1
452.51: (1.00, -0.01, -0.03)
452.61: (0.95, -0.25, 0.16)
452.73: (0.93, -0.30, 0.20)
452.83: (0.93, -0.30, 0.20)
452.93: (0.93, -0.30, 0.20)
453.03: (0.93, -0.30, 0.20)
453.15: (0.96, -0.17, 0.22)
453.26: (0.97, 0.06, 0.22)
453.38: (0.97, 0.21, 0.15)
453.50: (0.98, 0.20, -0.09)
453.60: (0.98, 0.15, -0.09)
453.71: (0.99, 0.15, 0.02)
453.83: (0.98, 0.17, 0.06)
453.86: (0.98, 0.17, 0.05)
453.86: (0.26, 0.39, -0.88): 0
453.93: (0.99, 0.17, 0.04)
454.05: (0.99, 0.16, 0.04)
454.15: (0.98, 0.17, 0.11)
454.26: (0.94, 0.22, 0.27)
454.36: (0.83, 0.41, 0.38)
454.48: (0.61, 0.64, 0.47)
454.58: (0.42, 0.80, 0.42)
454.68: (0.21, 0.90, 0.38)
454.80: (0.09, 0.93, 0.36)
454.90: (0.15, 0.93, 0.34)
455.01: (0.53, 0.81, 0.26)
455.13: (0.88, 0.47, 0.10)
455.23: (0.97, 0.18, -0.18)
455.35: (0.88, -0.08, -0.46)
455.45: (0.82, -0.19, -0.54)
455.56: (0.71, -0.26, -0.66)
455.68: (0.53, -0.30, -0.79)
455.80: (0.46, -0.10, -0.88)
455.90: (0.33, 0.22, -0.92)
456.01: (0.26, 0.43, -0.86)
456.11: (0.27, 0.44, -0.86)
456.16: (0.27, 0.43, -0.86)
456.16: (0.09, 0.90, -0.44): 0
456.21: (0.27, 0.42, -0.86)
456.33: (0.26, 0.44, -0.86)
456.45: (0.15, 0.51, -0.84)
456.56: (0.03, 0.71, -0.70)
456.68: (0.00, 0.88, -0.48)
456.78: (0.07, 0.90, -0.43)
456.88: (0.09, 0.90, -0.44)
456.88: (0.44, 0.79, 0.42): 1
456.90: (0.08, 0.89, -0.44)
457.01: (0.06, 0.89, -0.44)
457.13: (0.04, 0.90, -0.43)
457.25: (-0.04, 0.85, -0.52)
457.35: (-0.20, 0.76, -0.61)
457.46: (-0.40, 0.58, -0.71)
457.58: (-0.61, 0.30, -0.73)
457.70: (-0.69, -0.03, -0.72)
457.81: (-0.68, -0.33, -0.65)
457.93: (-0.67, -0.54, -0.51)
458.03: (-0.62, -0.65, -0.44)
458.15: (-0.52, -0.82, -0.23)
458.26: (-0.44, -0.89, 0.10)
458.38: (-0.41, -0.88, 0.24)
458.48: (-0.41, -0.83, 0.38)
458.60: (-0.48, -0.66, 0.58)
458.71: (-0.60, -0.44, 0.66)
458.83: (-0.77, -0.17, 0.61)
458.95: (-0.89, 0.08, 0.45)
459.06: (-0.89, 0.41, 0.20)
459.16: (-0.79, 0.61, -0.04)
459.28: (-0.63, 0.74, -0.24)
459.40: (-0.42, 0.83, -0.37)
459.50: (-0.21, 0.88, -0.43)
459.61: (0.03, 0.90, -0.43)
459.73: (0.18, 0.94, -0.27)
459.83: (0.03, 1.00, -0.06)
459.93: (-0.03, 0.99, 0.15)
460.05: (0.04, 0.94, 0.33)
460.16: (0.28, 0.87, 0.40)
460.28: (0.39, 0.85, 0.35)
460.35: (0.39, 0.84, 0.37)
460.35: (0.59, 0.59, -0.55): 2
460.40: (0.39, 0.84, 0.38)
460.51: (0.45, 0.79, 0.42)
460.63: (0.47, 0.77, 0.43)
460.75: (0.53, 0.73, 0.43)
460.86: (0.76, 0.47, 0.44)
460.96: (0.89, 0.25, 0.38)
461.08: (0.98, 0.03, 0.21)
461.20: (0.97, -0.23, -0.06)
461.31: (0.90, -0.39, -0.21)
461.43: (0.75, -0.57, -0.33)
461.55: (0.50, -0.78, -0.38)
461.65: (0.37, -0.88, -0.28)
461.76: (0.44, -0.90, -0.04)
461.86: (0.49, -0.85, 0.21)
461.98: (0.53, -0.63, 0.57)
462.08: (0.48, -0.31, 0.82)
462.19: (0.32, 0.09, 0.94)
462.31: (0.03, 0.41, 0.91)
462.41: (-0.16, 0.57, 0.81)
462.51: (-0.28, 0.68, 0.68)
462.63: (-0.38, 0.77, 0.52)
462.74: (-0.49, 0.79, 0.37)
462.86: (-0.61, 0.76, 0.21)
462.98: (-0.75, 0.66, -0.01)
463.08: (-0.87, 0.47, -0.13)
463.19: (-0.99, 0.05, -0.10)
463.31: (-0.96, -0.29, 0.03)
463.41: (-0.84, -0.50, 0.19)
463.53: (-0.71, -0.60, 0.38)
463.64: (-0.51, -0.59, 0.63)
463.76: (-0.31, -0.51, 0.80)
463.86: (-0.11, -0.39, 0.92)
463.98: (0.21, -0.19, 0.96)
464.09: (0.49, 0.00, 0.87)
464.21: (0.72, 0.18, 0.67)
464.33: (0.89, 0.33, 0.31)
464.43: (0.93, 0.35, -0.13)
464.54: (0.79, 0.31, -0.53)
464.66: (0.53, 0.18, -0.83)
464.78: (0.48, 0.23, -0.85)
464.88: (0.58, 0.38, -0.72)
464.99: (0.67, 0.52, -0.53)
465.09: (0.66, 0.54, -0.52)
465.19: (0.64, 0.57, -0.52)
465.19: (-0.77, 0.17, -0.62): 2
465.21: (0.63, 0.57, -0.52)
465.33: (0.63, 0.61, -0.48)
465.43: (0.65, 0.64, -0.40)
465.53: (0.65, 0.64, -0.40)
465.64: (0.65, 0.64, -0.40)
465.74: (0.65, 0.64, -0.40)
465.86: (0.54, 0.84, -0.09)
465.98: (0.30, 0.87, 0.39)
466.09: (0.08, 0.56, 0.83)
466.21: (0.12, 0.48, 0.87)
466.31: (0.21, 0.48, 0.85)
466.43: (0.45, 0.45, 0.77)
466.54: (0.80, 0.41, 0.44)
466.66: (0.97, 0.18, 0.16)
466.76: (1.00, -0.04, 0.01)
466.88: (0.95, -0.25, -0.17)
466.99: (0.85, -0.37, -0.37)
467.09: (0.70, -0.46, -0.55)
467.21: (0.58, -0.45, -0.68)
467.33: (0.45, -0.37, -0.81)
467.44: (0.40, -0.15, -0.91)
467.56: (0.44, 0.28, -0.85)
467.68: (0.40, 0.60, -0.69)
467.79: (0.35, 0.81, -0.47)
467.91: (0.32, 0.91, -0.27)
468.03: (0.24, 0.97, -0.06)
468.13: (0.08, 0.98, 0.19)
468.24: (-0.12, 0.90, 0.41)
468.34: (-0.33, 0.87, 0.38)
468.46: (-0.53, 0.84, 0.12)
468.58: (-0.63, 0.74, -0.24)
468.69: (-0.55, 0.60, -0.59)
468.81: (-0.36, 0.39, -0.85)
468.91: (-0.53, 0.25, -0.81)
469.03: (-0.76, 0.16, -0.63)
469.14: (-0.83, 0.18, -0.53)
469.24: (-0.81, 0.16, -0.56)
469.24: (-0.98, 0.12, 0.13): 0
469.26: (-0.81, 0.16, -0.57)
469.38: (-0.81, 0.15, -0.57)
469.49: (-0.83, 0.08, -0.55)
469.61: (-0.98, 0.00, -0.20)
469.73: (-0.97, -0.05, 0.22)
469.83: (-0.85, -0.08, 0.52)
469.94: (-0.94, 0.01, 0.34)
470.06: (-0.99, 0.12, 0.03)
470.18: (-0.99, 0.11, 0.00)
470.24: (-0.99, 0.11, -0.01)
470.24: (1.00, 0.00, 0.00): 1
470.29: (-0.99, 0.12, -0.01)
470.41: (-0.99, 0.11, 0.01)
470.51: (-1.00, 0.04, 0.07)
470.63: (-0.99, -0.13, -0.03)
470.74: (-0.92, -0.36, -0.16)
470.86: (-0.77, -0.57, -0.29)
470.96: (-0.60, -0.74, -0.30)
471.08: (-0.45, -0.84, -0.29)
471.18: (-0.31, -0.91, -0.29)
471.29: (-0.20, -0.93, -0.30)
471.41: (0.06, -0.94, -0.35)
471.53: (0.36, -0.83, -0.42)
471.64: (0.62, -0.59, -0.52)
471.74: (0.78, -0.28, -0.56)
471.86: (0.85, 0.00, -0.53)
471.96: (0.92, 0.13, -0.37)
472.08: (0.98, -0.11, -0.17)
472.19: (0.96, -0.27, -0.04)
472.31: (0.99, -0.16, 0.03)
472.43: (1.00, 0.00, 0.05)
472.53: (1.00, 0.01, 0.06)
472.54: (1.00, 0.01, 0.06)
472.54: (-0.95, -0.32, -0.03): 1
472.63: (1.00, 0.01, 0.06)
472.74: (0.99, -0.04, 0.13)
472.84: (0.92, -0.20, 0.34)
472.96: (0.83, -0.23, 0.51)
473.08: (0.65, -0.27, 0.71)
473.19: (0.51, -0.38, 0.77)
473.31: (0.35, -0.48, 0.80)
473.43: (0.22, -0.54, 0.81)
473.54: (0.09, -0.62, 0.78)
473.66: (-0.10, -0.69, 0.72)
473.78: (-0.33, -0.82, 0.47)
473.89: (-0.49, -0.85, 0.20)
474.01: (-0.55, -0.83, 0.05)
474.13: (-0.63, -0.77, -0.06)
474.23: (-0.81, -0.59, -0.04)
474.34: (-0.90, -0.43, -0.01)
474.46: (-0.91, -0.40, -0.02)
474.54: (-0.92, -0.40, -0.02)
474.54: (-0.31, -0.12, -0.94): 2
474.58: (-0.92, -0.39, -0.02)
474.69: (-0.95, -0.32, -0.02)
474.79: (-0.97, -0.26, 0.02)
474.91: (-0.97, -0.25, 0.03)
475.03: (-0.99, -0.10, 0.10)
475.14: (-0.95, -0.07, 0.29)
475.26: (-0.86, 0.02, 0.51)
475.38: (-0.73, 0.13, 0.67)
475.49: (-0.53, 0.25, 0.81)
475.61: (-0.26, 0.29, 0.92)
475.73: (-0.04, 0.26, 0.97)
475.84: (0.19, 0.21, 0.96)
475.96: (0.39, 0.24, 0.89)
476.08: (0.57, 0.27, 0.78)
476.18: (0.71, 0.30, 0.64)
476.29: (0.82, 0.32, 0.47)
476.41: (0.89, 0.35, 0.30)
476.53: (0.93, 0.35, 0.13)
476.64: (0.91, 0.40, -0.11)
476.76: (0.82, 0.43, -0.37)
476.86: (0.75, 0.44, -0.50)
476.98: (0.67, 0.39, -0.63)
477.09: (0.65, 0.26, -0.72)
477.21: (0.54, 0.20, -0.82)
477.33: (0.39, 0.22, -0.89)
477.44: (0.36, 0.14, -0.92)
477.54: (0.35, 0.22, -0.91)
477.66: (0.35, 0.25, -0.91)
477.76: (0.25, 0.21, -0.95)
477.86: (0.07, 0.17, -0.98)
477.98: (-0.08, 0.16, -0.98)
478.09: (-0.15, 0.06, -0.99)
478.21: (-0.24, -0.01, -0.97)
478.31: (-0.29, -0.04, -0.96)
478.43: (-0.31, -0.16, -0.94)
478.54: (-0.26, -0.19, -0.95)
478.56: (-0.26, -0.19, -0.95)
478.56: (-0.97, 0.19, -0.11): 1
478.66: (-0.26, -0.16, -0.95)
478.77: (-0.26, -0.15, -0.95)
478.88: (-0.22, -0.09, -0.97)
478.99: (0.45, 0.23, -0.86)
479.09: (0.92, 0.37, -0.16)
479.21: (0.93, 0.37, -0.10)
479.31: (0.93, 0.37, -0.10)
479.43: (0.92, 0.37, -0.10)
479.54: (0.92, 0.40, -0.03)
479.64: (0.92, 0.40, -0.03)
479.76: (0.93, 0.32, 0.20)
479.87: (0.96, 0.23, 0.18)
479.98: (0.98, 0.17, -0.05)
480.09: (0.90, 0.22, -0.38)
480.21: (0.66, 0.27, -0.70)
480.32: (0.31, 0.31, -0.90)
480.44: (0.17, 0.55, -0.82)
480.56: (-0.02, 0.79, -0.61)
480.68: (-0.17, 0.96, -0.22)
480.79: (-0.32, 0.95, 0.06)
480.91: (-0.46, 0.83, 0.31)
481.02: (-0.50, 0.69, 0.53)
481.12: (-0.53, 0.57, 0.63)
481.24: (-0.55, 0.31, 0.78)
481.36: (-0.53, 0.06, 0.85)
481.47: (-0.61, -0.14, 0.78)
481.59: (-0.77, -0.25, 0.59)
481.69: (-0.87, -0.19, 0.45)
481.81: (-0.97, -0.13, 0.18)
481.92: (-0.97, -0.19, -0.14)
482.04: (-0.88, -0.21, -0.43)
482.16: (-0.97, -0.03, -0.25)
482.26: (-0.98, 0.05, -0.16)
482.37: (-0.98, 0.16, -0.10)
482.47: (-0.98, 0.16, -0.10)
482.47: (-0.99, 0.13, 0.09): 0
482.49: (-0.98, 0.16, -0.10)
482.59: (-0.98, 0.16, -0.10)
482.71: (-0.98, 0.16, -0.13)
482.82: (-0.97, 0.12, -0.22)
482.94: (-0.99, 0.16, -0.02)
483.04: (-0.99, 0.13, 0.01)
483.14: (-0.99, 0.13, 0.01)
483.14: (0.78, 0.57, -0.26): 1
483.14: (-0.99, 0.13, 0.01)
483.26: (-0.99, 0.12, 0.01)
483.36: (-0.99, 0.12, 0.01)
483.47: (-0.99, 0.12, 0.02)
483.59: (-0.99, 0.10, -0.03)
483.71: (-0.95, 0.05, -0.31)
483.82: (-0.77, 0.12, -0.63)
483.94: (-0.59, 0.18, -0.79)
484.04: (-0.35, 0.24, -0.90)
484.16: (-0.04, 0.24, -0.97)
484.26: (0.20, 0.21, -0.96)
484.37: (0.58, 0.20, -0.79)
484.49: (0.85, 0.09, -0.53)
484.61: (0.94, -0.11, -0.31)
484.71: (0.95, -0.06, -0.31)
484.82: (0.87, 0.35, -0.35)
484.94: (0.83, 0.43, -0.36)
485.04: (0.81, 0.45, -0.38)
485.14: (0.76, 0.55, -0.34)
485.26: (0.73, 0.66, -0.17)
485.36: (0.74, 0.65, -0.18)
485.41: (0.75, 0.64, -0.18)
485.41: (-0.41, 0.36, 0.84): 1
485.46: (0.76, 0.63, -0.18)
485.57: (0.77, 0.60, -0.20)
485.69: (0.77, 0.61, -0.19)
485.81: (0.86, 0.44, -0.24)
485.92: (0.96, 0.26, -0.13)
486.04: (0.97, 0.19, 0.16)
486.16: (0.95, 0.01, 0.32)
486.26: (0.84, -0.11, 0.53)
486.37: (0.58, -0.36, 0.73)
486.49: (0.27, -0.57, 0.77)
486.61: (0.19, -0.65, 0.74)
486.71: (-0.08, -0.73, 0.68)
486.82: (-0.26, -0.76, 0.59)
486.94: (-0.42, -0.71, 0.57)
487.06: (-0.54, -0.65, 0.54)
487.16: (-0.53, -0.68, 0.50)
487.27: (-0.36, -0.85, 0.40)
487.39: (0.10, -0.99, 0.11)
487.49: (0.56, -0.82, -0.15)
487.59: (0.78, -0.54, -0.31)
487.71: (0.89, -0.25, -0.38)
487.82: (0.91, -0.01, -0.42)
487.92: (0.81, 0.33, -0.48)
488.04: (0.59, 0.67, -0.46)
488.16: (0.28, 0.89, -0.37)
488.26: (-0.06, 0.94, -0.33)
488.36: (-0.43, 0.85, -0.29)
488.47: (-0.74, 0.64, -0.22)
488.59: (-0.93, 0.35, -0.15)
488.71: (-0.99, -0.09, -0.10)
488.82: (-0.89, -0.45, -0.08)
488.92: (-0.74, -0.67, -0.11)
489.04: (-0.65, -0.70, -0.30)
489.16: (-0.60, -0.61, -0.51)
489.27: (-0.43, -0.48, -0.77)
489.39: (-0.20, -0.15, -0.97)
489.51: (0.09, 0.30, -0.95)
489.62: (0.33, 0.65, -0.69)
489.74: (0.55, 0.80, -0.25)
489.86: (0.70, 0.70, 0.14)
489.96: (0.76, 0.50, 0.41)
490.07: (0.74, 0.29, 0.61)
490.19: (0.68, 0.02, 0.73)
490.29: (0.55, -0.25, 0.80)
490.41: (0.39, -0.53, 0.76)
490.51: (0.29, -0.80, 0.53)
490.62: (0.22, -0.95, 0.23)
490.74: (0.33, -0.94, -0.07)
490.86: (0.57, -0.66, -0.49)
490.97: (0.69, -0.27, -0.67)
491.07: (0.70, 0.14, -0.70)
491.19: (0.58, 0.58, -0.57)
491.31: (0.37, 0.86, -0.35)
491.42: (0.01, 0.99, -0.10)
491.54: (-0.35, 0.93, 0.12)
491.64: (-0.61, 0.76, 0.22)
491.74: (-0.81, 0.55, 0.18)
491.86: (-0.93, 0.37, 0.01)
491.97: (-0.93, 0.28, -0.25)
492.09: (-0.82, 0.21, -0.53)
492.19: (-0.59, 0.30, -0.75)
492.31: (-0.21, 0.32, -0.92)
492.41: (0.18, 0.26, -0.95)
492.52: (0.68, 0.15, -0.72)
492.64: (0.93, -0.01, -0.37)
492.76: (1.00, -0.06, 0.04)
492.87: (0.94, -0.11, 0.33)
492.99: (0.77, -0.48, 0.42)
493.09: (0.56, -0.72, 0.40)
493.19: (0.36, -0.84, 0.40)
493.31: (0.11, -0.95, 0.29)
493.42: (-0.21, -0.98, -0.06)
493.54: (-0.26, -0.87, -0.42)
493.64: (-0.13, -0.65, -0.75)
493.74: (0.08, -0.42, -0.91)
493.86: (0.26, -0.41, -0.88)
493.97: (0.26, -0.41, -0.88)
494.09: (0.26, -0.41, -0.88)
494.21: (0.26, -0.41, -0.88)
494.32: (0.26, -0.41, -0.88)
494.44: (0.26, -0.41, -0.88)
494.56: (0.22, -0.31, -0.93)
494.66: (0.20, 0.04, -0.98)
494.77: (0.22, 0.50, -0.84)
494.89: (0.18, 0.82, -0.54)
494.99: (0.08, 0.97, -0.24)
495.11: (-0.05, 1.00, 0.04)
495.22: (-0.13, 0.95, 0.30)
495.34: (-0.17, 0.78, 0.60)
495.46: (-0.27, 0.63, 0.72)
495.57: (-0.40, 0.64, 0.66)
495.69: (-0.53, 0.49, 0.69)
495.80: (-0.50, 0.35, 0.79)
495.92: (-0.45, 0.36, 0.82)
495.97: (-0.44, 0.37, 0.82)
495.97: (0.68, 0.71, 0.16): 1
496.02: (-0.44, 0.37, 0.82)
496.14: (-0.51, 0.38, 0.77)
496.24: (-0.63, 0.46, 0.63)
496.35: (-0.73, 0.58, 0.37)
496.45: (-0.81, 0.58, 0.06)
496.57: (-0.81, 0.48, -0.34)
496.67: (-0.73, 0.37, -0.57)
496.79: (-0.63, 0.19, -0.75)
496.90: (-0.40, -0.05, -0.91)
497.01: (-0.21, -0.16, -0.97)
497.12: (0.13, -0.19, -0.97)
497.24: (0.40, -0.26, -0.88)
497.35: (0.62, -0.32, -0.71)
497.45: (0.74, -0.45, -0.50)
497.57: (0.81, -0.56, -0.17)
497.69: (0.77, -0.63, 0.12)
497.80: (0.61, -0.79, 0.02)
497.92: (0.33, -0.86, -0.40)
498.04: (-0.04, -0.63, -0.77)
498.15: (-0.46, -0.21, -0.86)
498.25: (-0.63, 0.14, -0.77)
498.37: (-0.75, 0.48, -0.45)
498.47: (-0.76, 0.65, 0.00)
498.59: (-0.72, 0.63, 0.30)
498.69: (-0.65, 0.51, 0.56)
498.80: (-0.51, 0.24, 0.82)
498.90: (-0.36, -0.04, 0.93)
499.02: (-0.23, -0.38, 0.89)
499.14: (-0.09, -0.69, 0.71)
499.25: (-0.09, -0.87, 0.48)
499.37: (-0.30, -0.88, 0.36)
499.49: (-0.61, -0.77, 0.18)
499.60: (-0.91, -0.40, -0.10)
499.70: (-0.91, 0.13, -0.38)
499.82: (-0.44, 0.68, -0.59)
499.94: (0.32, 0.80, -0.51)
500.05: (0.81, 0.49, -0.32)
500.17: (0.99, 0.10, -0.11)
500.29: (0.99, -0.12, 0.04)
500.39: (1.00, 0.02, 0.09)
500.50: (0.85, 0.51, 0.17)
500.60: (0.58, 0.79, 0.19)
500.72: (0.64, 0.73, 0.23)
500.82: (0.75, 0.62, 0.24)
500.94: (0.77, 0.60, 0.22)
501.05: (0.72, 0.66, 0.23)
501.15: (0.68, 0.70, 0.23)
501.22: (0.68, 0.69, 0.23)
501.22: (0.72, -0.60, 0.36): 2
501.27: (0.69, 0.69, 0.23)
501.37: (0.68, 0.70, 0.22)
501.49: (0.68, 0.70, 0.22)
501.60: (0.67, 0.71, 0.23)
501.72: (0.70, 0.66, 0.27)
501.84: (0.75, 0.55, 0.36)
501.95: (0.79, 0.43, 0.44)
502.05: (0.81, 0.31, 0.50)
502.17: (0.80, 0.15, 0.58)
502.29: (0.72, -0.19, 0.66)
502.40: (0.56, -0.46, 0.69)
502.52: (0.52, -0.62, 0.59)
502.64: (0.68, -0.63, 0.37)
502.75: (0.73, -0.62, 0.29)
502.85: (0.72, -0.64, 0.29)
502.92: (0.71, -0.64, 0.30)
502.92: (0.90, -0.36, 0.25): 0
502.97: (0.71, -0.64, 0.30)
503.09: (0.71, -0.64, 0.31)
503.19: (0.71, -0.63, 0.32)
503.30: (0.74, -0.61, 0.28)
503.42: (0.84, -0.49, 0.25)
503.52: (0.85, -0.44, 0.27)
503.54: (0.85, -0.44, 0.27)
503.54: (-0.29, -0.48, 0.83): 2
503.64: (0.85, -0.44, 0.27)
503.75: (0.88, -0.41, 0.25)
503.87: (0.90, -0.37, 0.22)
503.99: (0.87, -0.46, 0.14)
504.09: (0.74, -0.66, 0.15)
504.20: (0.54, -0.84, 0.12)
504.30: (0.32, -0.95, -0.02)
504.42: (0.12, -0.99, -0.04)
504.54: (-0.12, -0.99, -0.06)
504.65: (-0.42, -0.90, -0.13)
504.77: (-0.61, -0.77, -0.17)
504.87: (-0.42, -0.88, -0.23)
504.99: (-0.42, -0.88, -0.23)
505.09: (-0.42, -0.88, -0.23)
505.20: (-0.42, -0.88, -0.23)
505.32: (-0.42, -0.88, -0.23)
505.42: (-0.38, -0.89, -0.23)
505.52: (-0.37, -0.90, -0.24)
505.64: (-0.50, -0.85, -0.15)
505.75: (-0.81, -0.59, -0.05)
505.87: (-1.00, 0.00, -0.02)
505.99: (-0.94, 0.33, -0.03)
506.10: (-0.85, 0.52, -0.08)
506.20: (-0.71, 0.67, -0.20)
506.32: (-0.44, 0.87, -0.24)
506.44: (-0.25, 0.96, -0.14)
506.55: (0.00, 1.00, -0.03)
506.65: (0.37, 0.92, -0.09)
506.75: (0.66, 0.74, -0.12)
506.87: (0.91, 0.39, -0.15)
506.99: (0.99, 0.00, -0.15)
507.10: (0.94, -0.14, -0.32)
507.22: (0.83, -0.24, -0.51)
507.34: (0.67, -0.28, -0.69)
507.45: (0.57, 0.21, -0.79)
507.55: (0.22, 0.71, -0.67)
507.67: (-0.14, 0.95, -0.29)
507.79: (-0.42, 0.90, 0.12)
507.90: (-0.63, 0.62, 0.46)
508.02: (-0.73, 0.12, 0.67)
508.12: (-0.68, -0.38, 0.62)
508.24: (-0.37, -0.89, 0.25)
508.35: (0.03, -0.99, -0.13)
508.47: (0.00, -1.00, -0.07)
508.59: (-0.30, -0.81, 0.50)
508.70: (-0.51, -0.50, 0.70)
508.82: (-0.51, -0.39, 0.77)
508.94: (-0.39, -0.40, 0.83)
509.05: (-0.31, -0.41, 0.86)
509.09: (-0.30, -0.41, 0.86)
509.09: (-0.63, 0.78, -0.03): 1
509.17: (-0.30, -0.41, 0.86)
509.27: (-0.30, -0.40, 0.86)
509.37: (-0.31, -0.39, 0.87)
509.49: (-0.33, -0.37, 0.87)
509.60: (-0.38, -0.37, 0.84)
509.70: (-0.50, -0.31, 0.81)
509.82: (-0.76, -0.11, 0.64)
509.92: (-0.90, 0.19, 0.39)
510.04: (-0.89, 0.44, 0.07)
510.14: (-0.82, 0.54, -0.19)
510.25: (-0.70, 0.57, -0.42)
510.37: (-0.67, 0.64, -0.37)
510.49: (-0.64, 0.75, -0.18)
510.59: (-0.62, 0.78, -0.11)
510.70: (-0.61, 0.79, -0.07)
510.82: (-0.61, 0.79, -0.01)
510.84: (-0.61, 0.79, -0.01)
510.84: (-0.95, 0.31, -0.04): 1
510.94: (-0.60, 0.80, -0.01)
511.04: (-0.60, 0.80, -0.03)
511.15: (-0.62, 0.77, -0.13)
511.27: (-0.82, 0.54, -0.20)
511.37: (-0.87, 0.46, -0.16)
511.49: (-0.90, 0.43, -0.10)
511.60: (-0.96, 0.29, -0.03)
511.65: (-0.96, 0.28, -0.03)
511.65: (0.69, 0.65, 0.30): 0
511.70: (-0.95, 0.29, -0.05)
511.82: (-0.95, 0.30, -0.05)
511.92: (-0.95, 0.31, -0.07)
512.04: (-0.93, 0.35, -0.11)
512.15: (-0.85, 0.44, -0.29)
512.25: (-0.73, 0.52, -0.46)
512.37: (-0.52, 0.56, -0.64)
512.49: (-0.26, 0.60, -0.76)
512.60: (0.06, 0.60, -0.80)
512.72: (0.43, 0.49, -0.76)
512.83: (0.71, 0.30, -0.64)
512.93: (0.86, 0.14, -0.49)
513.05: (0.96, -0.01, -0.29)
513.17: (0.96, -0.28, 0.02)
513.28: (0.78, -0.56, 0.30)
513.38: (0.51, -0.73, 0.46)
513.50: (0.16, -0.85, 0.51)
513.62: (0.00, -0.87, 0.49)
513.73: (0.27, -0.95, 0.17)
513.85: (0.57, -0.74, -0.36)
513.95: (0.69, -0.24, -0.68)
514.07: (0.57, 0.41, -0.71)
514.18: (0.36, 0.79, -0.49)
514.30: (0.09, 0.94, -0.32)
514.40: (-0.21, 0.96, -0.17)
514.52: (-0.55, 0.83, 0.07)
514.63: (-0.49, 0.86, 0.16)
514.75: (0.20, 0.95, 0.25)
514.87: (0.67, 0.73, 0.13)
514.98: (0.79, 0.60, 0.11)
515.10: (0.75, 0.61, 0.25)
515.22: (0.72, 0.63, 0.30)
515.22: (-1.00, 0.04, -0.06): 0
515.22: (0.72, 0.63, 0.30)
515.33: (0.73, 0.63, 0.29)
515.45: (0.73, 0.64, 0.26)
515.57: (0.75, 0.64, 0.18)
515.67: (0.82, 0.58, 0.01)
515.78: (0.85, 0.46, -0.27)
515.88: (0.77, 0.36, -0.53)
516.00: (0.68, 0.18, -0.71)
516.10: (0.66, -0.08, -0.74)
516.22: (0.67, -0.31, -0.68)
516.33: (0.63, -0.53, -0.57)
516.45: (0.57, -0.70, -0.43)
516.57: (0.46, -0.84, -0.28)
516.68: (0.21, -0.92, -0.33)
516.80: (-0.12, -0.82, -0.56)
516.92: (-0.21, -0.57, -0.79)
517.03: (-0.07, -0.21, -0.98)
517.13: (0.24, -0.09, -0.97)
517.25: (0.68, 0.04, -0.73)
517.37: (0.93, 0.03, -0.36)
517.48: (1.00, 0.00, 0.07)
517.60: (0.83, 0.07, 0.55)
517.72: (0.61, 0.22, 0.76)
517.83: (0.34, 0.38, 0.86)
517.95: (-0.11, 0.47, 0.88)
518.07: (-0.54, 0.50, 0.67)
518.18: (-0.81, 0.43, 0.40)
518.28: (-0.89, 0.37, 0.28)
518.40: (-0.83, 0.46, 0.31)
518.52: (-0.85, 0.44, 0.29)
518.63: (-0.98, 0.18, 0.09)
518.75: (-1.00, 0.08, -0.01)
518.77: (-1.00, 0.08, -0.01)
518.77: (-0.79, -0.23, -0.57): 2
518.87: (-0.99, 0.12, 0.01)
518.98: (-0.99, 0.15, 0.01)
519.10: (-0.97, 0.23, -0.02)
519.22: (-0.94, 0.20, -0.27)
519.33: (-0.95, 0.10, -0.31)
519.45: (-0.95, -0.01, -0.33)
519.57: (-0.81, -0.18, -0.56)
519.67: (-0.76, -0.21, -0.61)
519.78: (-0.79, -0.18, -0.58)
519.90: (-0.82, -0.15, -0.56)
519.98: (-0.82, -0.14, -0.56)
519.98: (0.93, -0.15, -0.32): 2
520.02: (-0.82, -0.14, -0.55)
520.13: (-0.82, -0.14, -0.55)
520.23: (-0.82, -0.13, -0.55)
520.35: (-0.96, -0.08, -0.28)
520.47: (-1.00, 0.00, 0.09)
520.58: (-0.98, 0.00, 0.19)
520.70: (-0.98, 0.00, 0.19)
520.82: (-0.98, -0.01, 0.20)
520.92: (-0.99, -0.01, 0.12)
521.03: (-0.97, -0.18, -0.16)
521.15: (-0.75, -0.35, -0.55)
521.27: (-0.61, -0.44, -0.66)
521.38: (-0.43, -0.46, -0.78)
521.50: (-0.21, -0.40, -0.89)
521.60: (-0.14, -0.40, -0.91)
521.72: (0.22, -0.47, -0.86)
521.83: (0.57, -0.45, -0.68)
521.95: (0.64, -0.44, -0.63)
522.07: (0.53, -0.35, -0.77)
522.17: (0.69, -0.26, -0.67)
522.28: (0.90, -0.13, -0.42)
522.40: (0.94, -0.06, -0.34)
522.45: (0.94, -0.06, -0.35)
522.45: (0.99, 0.04, -0.09): 0
522.50: (0.93, -0.07, -0.36)
522.62: (0.93, -0.07, -0.37)
522.73: (0.94, -0.03, -0.35)
522.85: (0.97, 0.09, -0.23)
522.97: (0.97, 0.10, -0.20)
523.00: (0.97, 0.09, -0.21)
523.00: (-0.02, -0.86, -0.51): 1
523.08: (0.98, 0.08, -0.20)
523.20: (0.98, 0.06, -0.17)
523.30: (0.99, 0.06, -0.12)
523.42: (0.99, 0.15, 0.00)
523.53: (0.95, 0.26, 0.18)
523.63: (0.88, 0.34, 0.33)
523.75: (0.78, 0.41, 0.47)
523.87: (0.63, 0.50, 0.59)
523.98: (0.41, 0.58, 0.70)
524.08: (0.19, 0.59, 0.79)
524.20: (-0.06, 0.56, 0.82)
524.32: (-0.27, 0.56, 0.78)
524.43: (-0.43, 0.53, 0.73)
524.55: (-0.58, 0.48, 0.65)
524.67: (-0.75, 0.41, 0.51)
524.77: (-0.86, 0.33, 0.40)
524.88: (-0.92, 0.27, 0.29)
525.00: (-0.93, 0.24, 0.26)
525.12: (-0.98, 0.20, 0.03)
525.23: (-0.96, 0.13, -0.26)
525.35: (-0.88, 0.06, -0.46)
525.47: (-0.81, 0.04, -0.58)
525.58: (-0.77, 0.10, -0.63)
525.68: (-0.69, 0.07, -0.72)
525.78: (-0.44, 0.10, -0.89)
525.90: (-0.15, 0.27, -0.95)
526.02: (0.10, 0.42, -0.90)
526.13: (0.40, 0.51, -0.76)
526.25: (0.55, 0.66, -0.51)
526.37: (0.50, 0.84, -0.18)
526.48: (0.33, 0.93, 0.15)
526.60: (0.12, 0.88, 0.45)
526.70: (-0.10, 0.76, 0.64)
526.82: (-0.38, 0.49, 0.79)
526.93: (-0.55, 0.10, 0.83)
527.05: (-0.56, -0.28, 0.78)
527.17: (-0.44, -0.63, 0.64)
527.28: (-0.29, -0.78, 0.56)
527.40: (-0.19, -0.87, 0.45)
527.52: (-0.04, -0.97, 0.22)
527.63: (0.21, -0.98, -0.01)
527.75: (0.47, -0.86, -0.22)
527.87: (0.60, -0.70, -0.40)
527.97: (0.56, -0.70, -0.45)
528.07: (0.30, -0.81, -0.51)
528.18: (0.01, -0.88, -0.48)
528.30: (-0.01, -0.89, -0.46)
528.33: (-0.01, -0.89, -0.46)
528.33: (-0.62, 0.74, 0.27): 1
528.42: (-0.01, -0.89, -0.46)
528.53: (-0.03, -0.88, -0.47)
528.63: (-0.15, -0.81, -0.57)
528.75: (-0.30, -0.58, -0.75)
528.87: (-0.35, -0.39, -0.85)
528.98: (-0.37, 0.03, -0.93)
529.10: (-0.19, 0.28, -0.94)
529.21: (0.00, 0.52, -0.85)
529.31: (0.14, 0.68, -0.72)
529.43: (0.25, 0.79, -0.56)
529.53: (0.41, 0.83, -0.39)
529.65: (0.62, 0.76, -0.17)
529.77: (0.78, 0.62, 0.05)
529.88: (0.88, 0.42, 0.22)
530.00: (0.92, 0.22, 0.34)
530.12: (0.87, 0.11, 0.48)
530.23: (0.84, -0.10, 0.54)
530.35: (0.79, -0.45, 0.41)
530.46: (0.67, -0.72, 0.18)
530.56: (0.64, -0.77, 0.02)
530.68: (0.62, -0.67, -0.40)
530.80: (0.57, -0.40, -0.72)
530.91: (0.49, 0.02, -0.87)
531.03: (0.33, 0.33, -0.89)
531.15: (-0.03, 0.60, -0.80)
531.26: (-0.36, 0.73, -0.58)
531.38: (-0.66, 0.72, -0.23)
531.50: (-0.82, 0.57, 0.10)
531.60: (-0.84, 0.45, 0.31)
531.71: (-0.80, 0.48, 0.35)
531.83: (-0.71, 0.69, 0.16)
531.95: (-0.66, 0.74, 0.09)
532.03: (-0.65, 0.76, 0.11)
532.03: (0.95, 0.29, 0.10): 1
532.06: (-0.65, 0.76, 0.11)
532.18: (-0.65, 0.74, 0.15)
532.30: (-0.62, 0.78, 0.13)
532.40: (-0.62, 0.78, 0.13)
532.51: (-0.62, 0.78, 0.13)
532.63: (-0.62, 0.78, 0.13)
532.75: (-0.62, 0.78, 0.13)
532.86: (-0.62, 0.78, 0.13)
532.98: (-0.62, 0.78, 0.13)
533.10: (-0.74, 0.63, 0.23)
533.21: (-0.88, 0.32, 0.36)
533.33: (-0.80, -0.35, 0.49)
533.45: (-0.44, -0.73, 0.53)
533.56: (-0.03, -0.86, 0.51)
533.68: (0.34, -0.79, 0.51)
533.80: (0.65, -0.58, 0.50)
533.91: (0.88, -0.23, 0.41)
534.01: (0.99, 0.02, 0.10)
534.13: (0.89, 0.31, -0.34)
534.25: (0.81, 0.35, -0.48)
534.36: (0.90, 0.29, -0.34)
534.48: (0.94, 0.26, -0.20)
534.58: (0.97, 0.24, -0.04)
534.70: (0.96, 0.24, 0.13)
534.76: (0.96, 0.27, 0.09)
534.76: (-1.00, 0.07, 0.05): 2
534.80: (0.96, 0.27, 0.09)
534.90: (0.96, 0.27, 0.09)
535.01: (0.97, 0.25, 0.07)
535.13: (1.00, 0.06, 0.05)
535.25: (0.95, -0.31, 0.00)
535.36: (0.78, -0.62, -0.02)
535.48: (0.55, -0.83, -0.03)
535.60: (0.24, -0.97, -0.01)
535.71: (-0.20, -0.98, 0.03)
535.83: (-0.52, -0.85, 0.03)
535.95: (-0.81, -0.59, 0.06)
536.05: (-0.96, -0.26, 0.09)
536.16: (-0.99, 0.09, 0.06)
536.26: (-0.96, 0.28, 0.04)
536.38: (-0.98, 0.18, 0.00)
536.50: (-1.00, -0.02, 0.01)
536.60: (-1.00, -0.06, 0.03)
536.71: (-0.99, 0.06, 0.09)
536.81: (-0.98, 0.15, 0.09)
536.91: (-0.99, 0.13, 0.08)
536.91: (-0.36, -0.87, 0.33): 1
536.93: (-0.99, 0.13, 0.08)
537.05: (-0.99, 0.12, 0.09)
537.16: (-0.97, 0.23, 0.06)
537.28: (-0.86, 0.50, 0.05)
537.38: (-0.68, 0.73, -0.05)
537.50: (-0.32, 0.94, -0.10)
537.61: (0.09, 0.98, -0.16)
537.73: (0.39, 0.90, -0.16)
537.85: (0.65, 0.75, -0.13)
537.95: (0.82, 0.56, -0.10)
538.06: (0.95, 0.31, -0.03)
538.18: (1.00, -0.01, -0.01)
538.30: (0.91, -0.42, 0.01)
538.41: (0.70, -0.72, -0.03)
538.53: (0.47, -0.86, -0.20)
538.63: (0.26, -0.92, -0.28)
538.75: (0.08, -0.95, -0.31)
538.86: (0.04, -0.91, -0.40)
538.98: (0.28, -0.78, -0.56)
539.10: (0.71, -0.42, -0.56)
539.21: (0.91, 0.31, -0.28)
539.33: (0.59, 0.81, 0.08)
539.45: (0.03, 0.94, 0.35)
539.56: (-0.50, 0.78, 0.38)
539.66: (-0.82, 0.51, 0.25)
539.78: (-1.00, -0.04, -0.07)
539.88: (-0.88, -0.41, -0.25)
539.98: (-0.66, -0.66, -0.35)
540.10: (-0.35, -0.83, -0.42)
540.21: (-0.07, -0.89, -0.45)
540.33: (-0.21, -0.90, -0.38)
540.43: (-0.48, -0.87, -0.07)
540.55: (-0.58, -0.80, 0.14)
540.66: (-0.42, -0.87, 0.25)
540.78: (-0.35, -0.88, 0.32)
540.83: (-0.35, -0.88, 0.33)
540.83: (0.07, 0.81, -0.59): 2
540.90: (-0.36, -0.87, 0.32)
541.01: (-0.43, -0.85, 0.30)
541.13: (-0.56, -0.81, 0.16)
541.23: (-0.78, -0.62, -0.10)
541.35: (-0.91, -0.26, -0.33)
541.46: (-0.83, 0.16, -0.53)
541.56: (-0.67, 0.44, -0.59)
541.68: (-0.46, 0.70, -0.55)
541.80: (-0.20, 0.85, -0.48)
541.90: (-0.02, 0.91, -0.41)
542.01: (-0.01, 0.86, -0.51)
542.13: (0.06, 0.79, -0.60)
542.20: (0.07, 0.79, -0.61)
542.20: (-0.77, 0.24, 0.60): 0
542.25: (0.07, 0.79, -0.61)
542.36: (0.08, 0.79, -0.61)
542.48: (0.18, 0.81, -0.56)
542.58: (0.40, 0.85, -0.33)
542.70: (0.62, 0.78, -0.08)
542.81: (0.79, 0.58, 0.21)
542.91: (0.85, 0.37, 0.37)
543.01: (0.86, 0.16, 0.48)
543.13: (0.75, -0.21, 0.63)
543.25: (0.52, -0.60, 0.61)
543.36: (0.25, -0.85, 0.46)
543.46: (0.03, -0.96, 0.28)
543.58: (-0.11, -0.99, 0.09)
543.70: (-0.22, -0.97, -0.08)
543.80: (-0.33, -0.91, -0.25)
543.91: (-0.35, -0.84, -0.43)
544.01: (-0.18, -0.86, -0.48)
544.13: (0.32, -0.90, -0.29)
544.25: (0.75, -0.62, 0.22)
544.36: (0.80, -0.07, 0.59)
544.48: (0.58, 0.49, 0.65)
544.60: (0.29, 0.79, 0.54)
544.71: (-0.03, 0.98, 0.20)
544.83: (-0.30, 0.92, -0.26)
544.95: (-0.45, 0.59, -0.67)
545.06: (-0.39, 0.07, -0.92)
545.16: (-0.30, -0.32, -0.90)
545.28: (-0.18, -0.76, -0.63)
545.40: (0.04, -0.98, -0.20)
545.51: (0.31, -0.91, 0.27)
545.63: (0.50, -0.66, 0.56)
545.75: (0.65, -0.39, 0.66)
545.85: (0.74, -0.28, 0.61)
545.96: (0.87, -0.34, 0.37)
546.08: (0.84, -0.53, -0.14)
546.19: (0.43, -0.57, -0.70)
546.30: (-0.07, -0.41, -0.91)
546.41: (-0.54, -0.07, -0.84)
546.53: (-0.85, 0.22, -0.48)
546.64: (-0.87, 0.49, -0.01)
546.76: (-0.62, 0.68, 0.40)
546.86: (-0.21, 0.66, 0.72)
546.98: (0.11, 0.62, 0.78)
547.09: (-0.07, 0.56, 0.82)
547.21: (-0.72, 0.11, 0.68)
547.31: (-0.87, -0.01, 0.49)
547.41: (-0.82, 0.09, 0.56)
547.53: (-0.74, 0.21, 0.64)
547.63: (-0.73, 0.24, 0.64)
547.65: (-0.73, 0.25, 0.64)
547.65: (0.98, -0.11, -0.13): 0
547.75: (-0.74, 0.25, 0.62)
547.86: (-0.76, 0.25, 0.60)
547.96: (-0.76, 0.25, 0.60)
548.08: (-0.76, 0.25, 0.60)
548.19: (-0.76, 0.25, 0.60)
548.31: (-0.76, 0.28, 0.59)
548.43: (-0.62, 0.46, 0.64)
548.54: (-0.15, 0.56, 0.81)
548.66: (0.50, 0.41, 0.76)
548.78: (0.72, 0.20, 0.67)
548.88: (0.79, 0.00, 0.61)
548.99: (0.84, -0.29, 0.46)
549.09: (0.87, -0.45, 0.22)
549.21: (0.91, -0.38, -0.15)
549.33: (0.94, -0.11, -0.33)
549.44: (0.97, -0.08, -0.21)
549.56: (0.98, -0.11, -0.14)
549.61: (0.98, -0.12, -0.18)
549.61: (-0.93, -0.35, 0.09): 2
549.66: (0.97, -0.12, -0.20)
549.78: (0.98, -0.07, -0.21)
549.89: (0.90, 0.08, -0.43)
550.01: (0.73, -0.01, -0.68)
550.13: (0.56, -0.21, -0.80)
550.24: (0.28, -0.37, -0.88)
550.36: (-0.11, -0.50, -0.86)
550.48: (-0.49, -0.55, -0.67)
550.58: (-0.72, -0.49, -0.49)
550.69: (-0.87, -0.42, -0.27)
550.81: (-0.94, -0.33, -0.10)
550.93: (-0.97, -0.24, 0.03)
551.04: (-0.95, -0.27, 0.16)
551.16: (-0.94, -0.31, 0.12)
551.26: (-0.93, -0.35, 0.07)
551.26: (0.80, -0.34, -0.50): 2
551.26: (-0.93, -0.35, 0.07)
551.38: (-0.93, -0.35, 0.07)
551.49: (-0.97, -0.23, 0.09)
551.61: (-0.96, -0.12, 0.25)
551.71: (-0.89, -0.04, 0.45)
551.83: (-0.81, 0.26, 0.52)
551.93: (-0.72, 0.58, 0.37)
552.04: (-0.74, 0.68, 0.01)
552.16: (-0.76, 0.46, -0.46)
552.28: (-0.68, 0.01, -0.73)
552.39: (-0.39, -0.37, -0.84)
552.51: (0.06, -0.57, -0.82)
552.61: (0.47, -0.63, -0.62)
552.71: (0.84, -0.48, -0.27)
552.83: (0.97, -0.25, 0.08)
552.94: (0.97, -0.25, -0.05)
553.06: (0.83, -0.32, -0.45)
553.16: (0.76, -0.32, -0.57)
553.28: (0.74, -0.33, -0.58)
553.33: (0.74, -0.33, -0.58)
553.33: (-0.79, -0.44, -0.44): 0
553.38: (0.74, -0.34, -0.58)
553.49: (0.80, -0.30, -0.52)
553.61: (0.96, -0.13, -0.24)
553.73: (0.98, 0.09, 0.15)
553.84: (0.82, 0.27, 0.50)
553.96: (0.62, 0.41, 0.67)
554.08: (0.39, 0.55, 0.74)
554.19: (0.08, 0.65, 0.76)
554.31: (-0.32, 0.70, 0.64)
554.41: (-0.62, 0.67, 0.41)
554.53: (-0.79, 0.59, 0.17)
554.64: (-0.78, 0.63, 0.03)
554.74: (-0.53, 0.85, 0.02)
554.86: (-0.09, 1.00, 0.03)
554.98: (0.48, 0.87, 0.08)
555.09: (0.87, 0.47, 0.11)
555.21: (0.99, -0.04, 0.09)
555.33: (0.87, -0.49, 0.02)
555.44: (0.59, -0.80, -0.08)
555.54: (0.27, -0.95, -0.13)
555.66: (-0.06, -0.97, -0.25)
555.78: (-0.41, -0.82, -0.40)
555.89: (-0.70, -0.55, -0.46)
556.01: (-0.80, -0.23, -0.55)
556.13: (-0.79, -0.09, -0.61)
556.24: (-0.81, -0.22, -0.54)
556.36: (-0.79, -0.41, -0.45)
556.48: (-0.76, -0.46, -0.45)
556.48: (-0.26, -0.93, 0.25): 1
556.48: (-0.76, -0.46, -0.45)
556.59: (-0.76, -0.46, -0.46)
556.71: (-0.71, -0.56, -0.42)
556.83: (-0.71, -0.58, -0.40)
556.94: (-0.71, -0.58, -0.40)
557.06: (-0.71, -0.58, -0.40)
557.18: (-0.71, -0.58, -0.40)
557.28: (-0.71, -0.58, -0.41)
557.38: (-0.64, -0.69, -0.33)
557.49: (-0.47, -0.88, -0.07)
557.61: (-0.31, -0.95, 0.06)
557.73: (-0.27, -0.95, 0.13)
557.84: (-0.22, -0.94, 0.26)
557.91: (-0.22, -0.94, 0.28)
557.91: (-0.72, -0.18, -0.67): 0
557.96: (-0.22, -0.94, 0.28)
558.06: (-0.22, -0.94, 0.27)
558.18: (-0.30, -0.93, 0.23)
558.29: (-0.56, -0.83, 0.03)
558.41: (-0.80, -0.51, -0.32)
558.53: (-0.83, -0.05, -0.56)
558.64: (-0.82, 0.13, -0.55)
558.74: (-0.83, -0.04, -0.55)
558.86: (-0.75, -0.16, -0.64)
558.98: (-0.72, -0.12, -0.68)
559.04: (-0.72, -0.12, -0.69)
559.04: (0.45, -0.23, -0.86): 2
559.09: (-0.72, -0.12, -0.69)
559.21: (-0.72, -0.11, -0.68)
559.33: (-0.79, 0.10, -0.61)
559.43: (-0.84, 0.36, -0.41)
559.54: (-0.71, 0.67, -0.20)
559.66: (-0.39, 0.92, -0.03)
559.78: (-0.08, 0.99, 0.14)
559.88: (0.10, 0.97, 0.24)
559.99: (0.28, 0.91, 0.30)
560.11: (0.47, 0.80, 0.37)
560.23: (0.63, 0.67, 0.38)
560.33: (0.80, 0.45, 0.40)
560.44: (0.88, 0.20, 0.44)
560.56: (0.92, 0.10, 0.39)
560.68: (0.94, 0.20, 0.29)
560.79: (0.75, 0.66, -0.01)
560.91: (0.24, 0.92, -0.30)
561.03: (-0.31, 0.84, -0.44)
561.14: (-0.71, 0.50, -0.50)
561.26: (-0.87, 0.10, -0.48)
561.38: (-0.86, -0.27, -0.43)
561.48: (-0.74, -0.57, -0.35)
561.59: (-0.52, -0.83, -0.21)
561.71: (-0.21, -0.98, -0.07)
561.83: (0.16, -0.98, 0.07)
561.94: (0.58, -0.78, 0.25)
562.06: (0.85, -0.38, 0.36)
562.16: (0.92, -0.05, 0.39)
562.28: (0.92, 0.23, 0.32)
562.38: (0.88, 0.45, 0.12)
562.49: (0.80, 0.56, -0.22)
562.61: (0.66, 0.54, -0.52)
562.71: (0.56, 0.49, -0.67)
562.81: (0.47, 0.41, -0.78)
562.92: (0.40, 0.26, -0.88)
563.04: (0.37, -0.02, -0.93)
563.14: (0.40, -0.27, -0.88)
563.26: (0.46, -0.49, -0.74)
563.38: (0.46, -0.43, -0.78)
563.49: (0.46, -0.28, -0.84)
563.59: (0.50, -0.27, -0.82)
563.59: (0.93, 0.01, 0.36): 0
563.61: (0.50, -0.27, -0.82)
563.72: (0.50, -0.27, -0.82)
563.84: (0.51, -0.46, -0.72)
563.94: (0.47, -0.79, -0.39)
564.06: (0.28, -0.96, 0.02)
564.17: (0.00, -0.93, 0.37)
564.29: (-0.17, -0.79, 0.59)
564.41: (-0.26, -0.66, 0.70)
564.52: (-0.32, -0.53, 0.79)
564.64: (-0.46, -0.24, 0.85)
564.76: (-0.60, 0.08, 0.79)
564.87: (-0.62, 0.41, 0.67)
564.99: (-0.65, 0.60, 0.46)
565.11: (-0.68, 0.70, 0.21)
565.22: (-0.64, 0.76, -0.12)
565.34: (-0.60, 0.70, -0.38)
565.46: (-0.52, 0.55, -0.65)
565.57: (-0.37, 0.27, -0.89)
565.69: (-0.17, -0.11, -0.98)
565.81: (-0.04, -0.36, -0.93)
565.92: (-0.12, -0.49, -0.86)
566.04: (-0.49, -0.49, -0.72)
566.14: (-0.85, -0.34, -0.40)
566.26: (-0.98, -0.10, 0.19)
566.36: (-0.81, 0.04, 0.59)
566.47: (-0.56, 0.15, 0.81)
566.59: (-0.14, 0.15, 0.98)
566.69: (0.20, 0.11, 0.97)
566.81: (0.52, 0.03, 0.85)
566.91: (0.77, -0.04, 0.63)
567.02: (0.97, -0.13, 0.22)
567.14: (0.99, -0.12, 0.01)
567.26: (0.98, -0.09, 0.19)
567.37: (0.92, -0.04, 0.39)
567.47: (0.91, -0.02, 0.42)
567.51: (0.91, -0.02, 0.42)
567.51: (-0.97, 0.06, -0.23): 2
567.59: (0.92, -0.02, 0.40)
567.71: (0.86, 0.14, 0.48)
567.82: (0.86, 0.14, 0.48)
567.94: (0.86, 0.14, 0.48)
568.06: (0.86, 0.14, 0.48)
568.16: (0.86, 0.34, 0.38)
568.27: (0.90, 0.16, 0.40)
568.39: (0.78, -0.36, 0.51)
568.51: (0.54, -0.57, 0.62)
568.62: (0.16, -0.73, 0.67)
568.74: (-0.28, -0.75, 0.60)
568.86: (-0.63, -0.65, 0.43)
568.96: (-0.87, -0.46, 0.20)
569.07: (-0.98, -0.20, -0.06)
569.19: (-0.95, 0.10, -0.31)
569.29: (-0.87, 0.21, -0.45)
569.41: (-0.93, 0.07, -0.36)
569.52: (-0.95, 0.02, -0.32)
569.62: (-0.95, 0.03, -0.32)
569.64: (-0.95, 0.03, -0.32)
569.64: (0.98, 0.08, 0.19): 1
569.74: (-0.95, 0.03, -0.32)
569.86: (-0.95, 0.06, -0.29)
569.96: (-0.94, 0.14, -0.30)
570.07: (-0.83, 0.32, -0.45)
570.17: (-0.64, 0.50, -0.59)
570.27: (-0.32, 0.67, -0.67)
570.39: (-0.07, 0.71, -0.70)
570.51: (0.19, 0.74, -0.65)
570.62: (0.45, 0.72, -0.52)
570.74: (0.67, 0.66, -0.35)
570.86: (0.84, 0.50, -0.20)
570.97: (0.95, 0.32, -0.06)
571.09: (0.99, 0.10, 0.02)
571.19: (1.00, 0.00, 0.07)
571.31: (0.99, -0.05, 0.13)
571.31: (0.98, 0.16, 0.10): 1
571.31: (0.99, -0.05, 0.13)
571.42: (0.99, -0.05, 0.13)
571.54: (1.00, 0.00, 0.08)
571.66: (1.00, 0.00, 0.01)
571.76: (0.99, 0.04, 0.11)
571.87: (0.99, 0.06, 0.10)
571.91: (0.99, 0.07, 0.10)
571.91: (-0.37, 0.71, -0.60): 2
571.99: (0.99, 0.07, 0.10)
572.09: (0.99, 0.07, 0.10)
572.21: (0.98, 0.16, 0.14)
572.31: (0.99, 0.15, -0.02)
572.42: (0.99, 0.00, -0.17)
572.54: (0.91, -0.05, -0.41)
572.66: (0.73, -0.11, -0.67)
572.77: (0.56, -0.15, -0.81)
572.89: (0.35, -0.09, -0.93)
573.01: (0.04, 0.06, -1.00)
573.11: (-0.23, 0.16, -0.96)
573.22: (-0.54, 0.30, -0.79)
573.34: (-0.75, 0.35, -0.56)
573.46: (-0.53, 0.50, -0.68)
573.56: (-0.27, 0.66, -0.70)
573.67: (-0.31, 0.68, -0.66)
573.79: (-0.38, 0.68, -0.63)
573.89: (-0.39, 0.67, -0.63)
573.89: (-0.05, -0.66, -0.75): 1
573.89: (-0.39, 0.67, -0.63)
573.99: (-0.40, 0.67, -0.63)
574.11: (-0.50, 0.56, -0.66)
574.22: (-0.71, 0.39, -0.59)
574.32: (-0.84, 0.31, -0.44)
574.44: (-0.93, 0.19, -0.31)
574.56: (-0.98, 0.06, -0.16)
574.66: (-1.00, -0.02, -0.01)
574.77: (-0.97, -0.13, 0.21)
574.89: (-0.85, -0.25, 0.46)
575.01: (-0.70, -0.30, 0.64)
575.12: (-0.49, -0.35, 0.80)
575.24: (-0.20, -0.38, 0.90)
575.34: (0.03, -0.39, 0.92)
575.46: (0.02, -0.45, 0.89)
575.57: (-0.24, -0.66, 0.72)
575.69: (-0.58, -0.74, 0.35)
575.79: (-0.79, -0.61, -0.04)
575.91: (-0.86, -0.38, -0.35)
576.02: (-0.78, -0.13, -0.61)
576.12: (-0.64, 0.05, -0.76)
576.24: (-0.42, 0.17, -0.89)
576.36: (-0.18, 0.30, -0.94)
576.47: (0.12, 0.37, -0.92)
576.59: (0.45, 0.40, -0.80)
576.69: (0.64, 0.35, -0.68)
576.81: (0.82, 0.17, -0.55)
576.92: (0.62, -0.07, -0.78)
577.04: (0.21, -0.38, -0.90)
577.14: (0.01, -0.56, -0.83)
577.26: (-0.08, -0.66, -0.74)
577.37: (-0.02, -0.70, -0.71)
577.42: (-0.01, -0.70, -0.71)
577.42: (0.21, 0.43, -0.88): 0
577.49: (-0.02, -0.70, -0.71)
577.61: (-0.05, -0.72, -0.69)
577.72: (-0.05, -0.62, -0.78)
577.84: (0.10, -0.63, -0.77)
577.96: (0.15, -0.90, -0.41)
578.07: (0.01, -0.95, -0.30)
578.19: (-0.07, -0.91, -0.40)
578.31: (-0.07, -0.91, -0.40)
578.41: (-0.07, -0.91, -0.40)
578.52: (-0.07, -0.91, -0.40)
578.64: (-0.10, -0.92, -0.39)
578.76: (-0.23, -0.94, -0.26)
578.87: (-0.12, -0.99, -0.07)
578.97: (0.08, -1.00, 0.05)
579.09: (0.27, -0.90, 0.33)
579.21: (0.51, -0.75, 0.42)
579.32: (0.85, -0.46, 0.25)
579.44: (0.98, -0.19, 0.10)
579.55: (0.99, 0.13, -0.09)
579.67: (0.84, 0.49, -0.21)
579.79: (0.68, 0.71, -0.15)
579.90: (0.49, 0.87, -0.10)
580.02: (0.27, 0.96, -0.04)
580.12: (0.16, 0.99, -0.06)
580.24: (0.27, 0.89, -0.36)
580.35: (0.33, 0.74, -0.58)
580.47: (0.28, 0.54, -0.80)
580.57: (0.17, 0.43, -0.88)
580.65: (0.13, 0.41, -0.90)
580.65: (0.19, 0.63, -0.75): 2
580.69: (0.13, 0.41, -0.90)
580.80: (0.14, 0.40, -0.91)
580.92: (0.03, 0.38, -0.93)
581.04: (-0.09, 0.60, -0.80)
581.15: (-0.03, 0.67, -0.74)
581.27: (0.16, 0.61, -0.77)
581.37: (0.16, 0.61, -0.78)
581.37: (-0.24, 0.07, -0.97): 1
581.37: (0.16, 0.61, -0.78)
581.49: (0.15, 0.61, -0.78)
581.60: (0.08, 0.62, -0.78)
581.72: (-0.26, 0.44, -0.86)
581.84: (-0.53, 0.10, -0.84)
581.95: (-0.40, 0.14, -0.91)
582.07: (-0.27, 0.22, -0.94)
582.19: (-0.24, 0.13, -0.96)
582.29: (-0.25, 0.08, -0.97)
582.32: (-0.25, 0.08, -0.97)
582.32: (-0.77, -0.38, 0.52): 2
582.40: (-0.25, 0.08, -0.97)
582.52: (-0.34, 0.06, -0.94)
582.64: (-0.49, -0.01, -0.87)
582.74: (-0.69, -0.05, -0.73)
582.85: (-0.92, -0.08, -0.39)
582.95: (-0.99, 0.01, -0.16)
583.07: (-0.98, 0.04, 0.19)
583.19: (-0.88, 0.14, 0.45)
583.30: (-0.74, 0.26, 0.63)
583.42: (-0.74, -0.02, 0.67)
583.54: (-0.79, -0.22, 0.58)
583.65: (-0.80, -0.22, 0.56)
583.77: (-0.75, -0.33, 0.57)
583.87: (-0.72, -0.41, 0.55)
583.94: (-0.72, -0.42, 0.55)
583.94: (0.42, 0.00, 0.91): 1
583.99: (-0.72, -0.41, 0.55)
584.10: (-0.72, -0.41, 0.55)
584.22: (-0.71, -0.38, 0.59)
584.32: (-0.64, -0.36, 0.68)
584.44: (-0.73, 0.12, 0.67)
584.55: (-0.72, 0.48, 0.50)
584.67: (-0.55, 0.53, 0.65)
584.77: (-0.14, 0.70, 0.70)
584.87: (0.32, 0.80, 0.51)
584.99: (0.59, 0.77, 0.23)
585.10: (0.54, 0.83, 0.16)
585.22: (0.17, 0.98, -0.12)
585.34: (-0.36, 0.87, -0.33)
585.44: (-0.71, 0.53, -0.46)
585.54: (-0.84, 0.10, -0.54)
585.65: (-0.76, -0.34, -0.56)
585.77: (-0.55, -0.68, -0.48)
585.89: (-0.27, -0.90, -0.34)
586.00: (0.01, -0.98, -0.21)
586.12: (0.27, -0.96, 0.02)
586.22: (0.57, -0.79, 0.20)
586.34: (0.86, -0.39, 0.32)
586.45: (0.93, 0.03, 0.37)
586.57: (0.85, 0.41, 0.32)
586.69: (0.77, 0.59, 0.23)
586.80: (0.81, 0.49, 0.33)
586.92: (0.76, 0.31, 0.57)
587.02: (0.62, 0.20, 0.76)
587.14: (0.49, 0.12, 0.86)
587.25: (0.46, 0.05, 0.88)
587.35: (0.44, 0.01, 0.90)
587.37: (0.43, 0.01, 0.90)
587.37: (0.73, 0.16, -0.66): 2
587.47: (0.44, 0.01, 0.90)
587.59: (0.46, 0.01, 0.89)
587.70: (0.50, 0.00, 0.86)
587.82: (0.72, -0.08, 0.68)
587.94: (0.91, -0.13, 0.40)
588.04: (0.97, -0.12, 0.22)
588.15: (0.99, -0.11, 0.06)
588.27: (0.99, -0.14, -0.10)
588.39: (0.94, -0.11, -0.33)
588.50: (0.85, -0.08, -0.53)
588.62: (0.82, 0.08, -0.57)
588.74: (0.76, 0.23, -0.60)
588.85: (0.73, 0.26, -0.63)
588.95: (0.74, 0.25, -0.63)
588.95: (0.99, -0.04, 0.11): 2
588.97: (0.74, 0.25, -0.63)
589.07: (0.74, 0.25, -0.63)
589.17: (0.74, 0.22, -0.63)
589.29: (0.73, 0.01, -0.68)
589.40: (0.92, -0.22, -0.32)
589.52: (0.98, -0.20, -0.02)
589.64: (0.99, -0.14, 0.04)
589.75: (1.00, -0.08, 0.03)
589.87: (1.00, 0.01, 0.04)
589.87: (0.45, -0.72, 0.52): 0
589.87: (1.00, 0.01, 0.04)
589.97: (1.00, -0.02, 0.04)
590.07: (1.00, -0.03, 0.02)
590.19: (0.98, -0.11, -0.15)
590.30: (0.91, -0.17, -0.38)
590.42: (0.69, -0.35, -0.63)
590.54: (0.45, -0.43, -0.78)
590.64: (0.23, -0.39, -0.89)
590.75: (-0.05, -0.34, -0.94)
590.85: (-0.28, -0.33, -0.90)
590.97: (-0.53, -0.22, -0.82)
591.09: (-0.64, -0.08, -0.76)
591.19: (-0.60, -0.11, -0.79)
591.30: (-0.60, -0.11, -0.79)
591.42: (-0.60, -0.11, -0.79)
591.54: (-0.60, -0.11, -0.79)
591.65: (-0.59, -0.09, -0.80)
591.77: (-0.66, -0.01, -0.75)
591.89: (-0.90, 0.04, -0.43)
592.00: (-0.94, 0.32, -0.08)
592.12: (-0.81, 0.56, 0.15)
592.24: (-0.68, 0.66, 0.33)
592.35: (-0.50, 0.64, 0.58)
592.47: (-0.27, 0.59, 0.76)
592.59: (-0.10, 0.47, 0.88)
592.70: (0.07, 0.37, 0.93)
592.82: (0.30, 0.22, 0.93)
592.94: (0.48, 0.04, 0.88)
593.05: (0.58, -0.17, 0.79)
593.17: (0.66, -0.34, 0.67)
593.27: (0.75, -0.45, 0.49)
593.39: (0.74, -0.53, 0.42)
593.50: (0.47, -0.67, 0.57)
593.62: (0.45, -0.69, 0.57)
593.70: (0.45, -0.70, 0.56)
593.70: (-0.67, 0.71, 0.23): 2
593.72: (0.45, -0.70, 0.55)
593.82: (0.46, -0.70, 0.55)
593.94: (0.55, -0.65, 0.52)
594.05: (0.57, -0.71, 0.40)
594.17: (0.62, -0.75, 0.23)
594.29: (0.67, -0.73, -0.16)
594.39: (0.66, -0.65, -0.38)
594.50: (0.61, -0.59, -0.53)
594.62: (0.52, -0.49, -0.69)
594.74: (0.37, -0.40, -0.84)
594.85: (0.16, -0.34, -0.93)
594.97: (-0.08, -0.34, -0.94)
595.09: (-0.32, -0.32, -0.89)
595.20: (-0.39, -0.17, -0.90)
595.32: (0.08, 0.23, -0.97)
595.44: (0.59, 0.24, -0.77)
595.54: (0.82, -0.02, -0.57)
595.65: (0.89, -0.42, -0.17)
595.75: (0.77, -0.59, 0.26)
595.87: (0.41, -0.52, 0.75)
595.97: (0.12, -0.29, 0.95)
596.09: (-0.20, 0.03, 0.98)
596.19: (-0.45, 0.29, 0.84)
596.30: (-0.66, 0.52, 0.55)
596.42: (-0.75, 0.64, 0.17)
596.53: (-0.73, 0.68, -0.09)
596.65: (-0.70, 0.70, 0.11)
596.77: (-0.61, 0.72, 0.34)
596.87: (-0.57, 0.72, 0.39)
596.92: (-0.57, 0.72, 0.38)
596.92: (0.99, 0.00, -0.14): 1
596.98: (-0.57, 0.72, 0.38)
597.10: (-0.58, 0.73, 0.36)
597.22: (-0.55, 0.78, 0.31)
597.33: (-0.35, 0.91, 0.24)
597.45: (-0.15, 0.95, 0.27)
597.55: (0.06, 0.90, 0.43)
597.67: (0.27, 0.74, 0.61)
597.78: (0.48, 0.52, 0.70)
597.88: (0.64, 0.24, 0.73)
598.00: (0.71, -0.07, 0.70)
598.12: (0.74, -0.33, 0.59)
598.23: (0.72, -0.56, 0.42)
598.33: (0.67, -0.70, 0.27)
598.45: (0.76, -0.62, 0.19)
598.57: (0.95, -0.30, 0.03)
598.68: (0.99, 0.04, -0.11)
598.80: (0.99, 0.10, -0.07)
598.92: (1.00, 0.03, -0.03)
599.03: (1.00, -0.03, -0.03)
599.07: (1.00, -0.03, -0.03)
599.07: (-0.68, 0.67, 0.30): 1
599.13: (1.00, -0.02, -0.03)
599.25: (1.00, 0.00, -0.07)
599.37: (0.95, 0.10, -0.31)
599.48: (0.85, 0.18, -0.49)
599.60: (0.77, 0.11, -0.63)
599.72: (0.50, 0.14, -0.85)
599.83: (0.27, 0.11, -0.96)
599.95: (0.19, -0.18, -0.97)
600.07: (0.27, -0.15, -0.95)
600.18: (0.28, -0.15, -0.95)
600.30: (0.28, -0.15, -0.95)
600.42: (0.28, -0.15, -0.95)
600.53: (0.28, -0.15, -0.95)
600.65: (0.29, -0.15, -0.95)
600.77: (0.15, -0.27, -0.95)
600.88: (-0.26, -0.49, -0.83)
601.00: (-0.60, -0.62, -0.50)
601.10: (-0.77, -0.59, -0.22)
601.20: (-0.80, -0.60, -0.06)
601.32: (-0.78, -0.61, 0.16)
601.43: (-0.73, -0.53, 0.43)
601.55: (-0.57, -0.39, 0.73)
601.65: (-0.44, -0.25, 0.86)
601.75: (-0.30, -0.17, 0.94)
601.87: (-0.15, -0.03, 0.99)
601.98: (-0.01, 0.11, 0.99)
602.10: (0.16, 0.31, 0.94)
602.22: (0.28, 0.48, 0.83)
602.33: (0.40, 0.65, 0.65)
602.45: (0.41, 0.80, 0.44)
602.55: (0.34, 0.89, 0.29)
602.67: (0.29, 0.95, 0.13)
602.78: (0.10, 0.99, 0.14)
602.90: (-0.30, 0.89, 0.33)
603.02: (-0.69, 0.59, 0.42)
603.12: (-0.88, 0.15, 0.45)
603.22: (-0.90, 0.05, 0.44)
603.33: (-0.84, 0.34, 0.42)
603.45: (-0.76, 0.60, 0.24)
603.57: (-0.75, 0.65, 0.16)
603.67: (-0.74, 0.64, 0.18)
603.67: (-0.87, 0.23, -0.44): 2
603.67: (-0.74, 0.64, 0.18)
603.78: (-0.75, 0.64, 0.20)
603.90: (-0.76, 0.61, 0.20)
604.02: (-0.87, 0.49, 0.03)
604.13: (-0.89, 0.34, -0.29)
604.25: (-0.88, 0.34, -0.34)
604.37: (-0.89, 0.34, -0.30)
604.48: (-0.89, 0.25, -0.38)
604.60: (-0.87, 0.22, -0.45)
604.65: (-0.87, 0.22, -0.45)
604.65: (-0.24, 0.43, -0.87): 0
604.72: (-0.87, 0.22, -0.45)
604.83: (-0.86, 0.20, -0.46)
604.95: (-0.84, 0.16, -0.52)
605.07: (-0.61, 0.27, -0.74)
605.18: (-0.27, 0.38, -0.89)
605.28: (-0.15, 0.40, -0.90)
605.40: (-0.20, 0.38, -0.90)
605.52: (-0.22, 0.41, -0.89)
605.53: (-0.22, 0.41, -0.89)
END