3/31/2023 6:01:37 PM
Mode: Stereo
White time (s): [3.799194, 1.649437, 4.382713, 2.483078, 3.782516, 1.682922, 2.082809, 2.116364, 1.249863, 2.016449, 2.349747, 4.232529, 2.432846, 0.9162598, 11.69775, 7.481659, 1.599762, 9.331436, 3.815887, 1.183197, 1.699921, 2.732574, 0.699646, 13.3974, 1.29953, 3.299225, 10.43109, 2.916199, 2.883026, 0.8831482]
Shot time (s): [3.249046, 5.565872, 1.916229, 2.549263, 4.815353, 1.200073, 2.649078, 2.549088, 0.9998322, 1.549561, 1.999603, 2.999725, 3.732697, 4.432312, 3.249359, 1.716064, 0.6499329, 1.049774, 0.8667908, 3.532867, 5.948914, 2.932465, 4.299286, 2.31604, 4.915802, 2.082825, 0.6335449, 3.74942, 6.965057, 1.216217]
Step time (s): [1.849876, 5.515625, 6.665443, 1.533081, 4.865387, 4.082733, 0.9835358, 1.29953, 4.232773, 1.749741, 1.933151, 0.7329102, 5.432648, 1.466141, 1.216476, 6.715195, 5.032364, 0.7662964, 2.4496, 1.049866, 1.949524, 0.7166748, 2.599457, 2.849182, 0.6997986, 2.283142, 0.6500549, 4.482117, 5.682068, 1.049805]
White horz (deg): [278.2722, 28.79248, 472.4773, 181.3349, 297.6599, 94.70993, 191.3175, 159.3074, 37.37248, 160.6274, 175.0649, 366.9596, 196.35, 24.66749, 754.9575, 402.6823, 165.2475, 455.9772, 205.4249, 48.09747, 130.7625, 146.19, 28.13249, 464.3097, 71.85747, 197.5873, 343.1174, 352.7699, 308.5498, 13.11749]
Shot horz (deg): [248.3249, 592.2673, 120.45, 167.8875, 570.4872, 36.87748, 177.5399, 111.9525, 35.96999, 51.64498, 140.7449, 217.3049, 382.5523, 344.6847, 250.8825, 89.75995, 12.21, 38.03248, 7.589998, 264.33, 651.0894, 112.1999, 223.4924, 121.6049, 548.3774, 101.2275, 9.487496, 140.1674, 730.1251, 56.42997]
Step horz (deg): [45.53998, 453.1721, 637.23, 65.42247, 513.4797, 502.3422, 29.12248, 82.16998, 440.9623, 101.2274, 124.74, 12.95249, 422.9772, 72.02247, 24.33749, 719.1521, 427.5144, 19.55249, 138.4349, 34.56748, 116.985, 19.38749, 184.635, 148.7475, 16.16999, 138.1049, 17.16, 372.7348, 509.0247, 21.03749]
White vert (deg): [60.30743, 42.07498, 196.845, 47.35495, 107.8274, 78.53995, 71.69247, 58.40995, 17.07749, 68.14494, 45.29247, 195.7724, 67.40246, 18.47999, 254.0998, 241.3949, 57.58497, 278.1898, 115.005, 12.20999, 38.69247, 55.76996, 4.619998, 294.1123, 15.09749, 153.2849, 248.5724, 158.5649, 184.3049, 12.62249]
Shot vert (deg): [50.98497, 176.7974, 42.73498, 39.18748, 189.6674, 35.63999, 107.9099, 102.2175, 17.48999, 26.39998, 45.12748, 131.0099, 286.6049, 227.2049, 134.8875, 20.29498, 9.817496, 17.98499, 19.71749, 163.6799, 378.0971, 82.66494, 171.9299, 74.16746, 253.6874, 83.32494, 30.19499, 155.595, 499.7846, 36.13498]
Step vert (deg): [15.83999, 108.8174, 291.6373, 33.57748, 199.0724, 192.8848, 32.66999, 27.55499, 148.9949, 51.89249, 32.25748, 8.827497, 409.4471, 9.569996, 38.77497, 350.9548, 266.6399, 22.19249, 143.9624, 31.43248, 70.94996, 8.332497, 60.63746, 60.22497, 12.62249, 30.44248, 14.68499, 216.8924, 277.6948, 32.75249]

Time in sec: camera forward versor
Time in sec: target versor: sound type (0 = White, 1 = Shot, 2 = Step)
START
93.00: (0.71, -0.30, 0.64): 2
93.00: (-0.02, -0.02, 1.00)
93.12: (-0.02, -0.02, 1.00)
93.22: (-0.03, -0.03, 1.00)
93.34: (-0.03, -0.03, 1.00)
93.45: (-0.03, -0.03, 1.00)
93.55: (-0.02, -0.02, 1.00)
93.67: (0.09, -0.05, 0.99)
93.79: (0.31, -0.10, 0.94)
93.90: (0.32, -0.10, 0.94)
94.02: (0.33, -0.13, 0.94)
94.13: (0.44, -0.15, 0.88)
94.24: (0.50, -0.13, 0.86)
94.35: (0.52, -0.13, 0.84)
94.47: (0.59, -0.17, 0.79)
94.58: (0.60, -0.22, 0.77)
94.68: (0.62, -0.26, 0.74)
94.80: (0.65, -0.29, 0.71)
94.85: (0.65, -0.29, 0.71)
94.85: (-0.73, 0.39, 0.56): 0
94.92: (0.65, -0.29, 0.71)
95.03: (0.65, -0.29, 0.71)
95.15: (0.66, -0.28, 0.70)
95.27: (0.66, -0.28, 0.69)
95.37: (0.67, -0.28, 0.69)
95.48: (0.67, -0.28, 0.69)
95.60: (0.70, -0.26, 0.67)
95.70: (0.79, -0.25, 0.56)
95.82: (0.92, -0.24, 0.30)
95.93: (0.94, -0.22, 0.24)
96.05: (0.98, -0.16, 0.08)
96.17: (0.91, 0.01, -0.42)
96.28: (0.99, -0.09, -0.13)
96.40: (0.99, -0.13, -0.03)
96.52: (0.96, -0.21, 0.16)
96.63: (0.95, -0.23, 0.22)
96.75: (0.92, -0.24, 0.31)
96.87: (0.85, -0.28, 0.45)
96.98: (0.74, -0.32, 0.59)
97.08: (0.53, -0.35, 0.77)
97.20: (0.37, -0.37, 0.85)
97.32: (0.17, -0.37, 0.91)
97.43: (-0.14, -0.31, 0.94)
97.53: (-0.29, -0.30, 0.91)
97.65: (-0.47, -0.25, 0.85)
97.77: (-0.75, -0.09, 0.66)
97.88: (-0.78, 0.00, 0.63)
97.98: (-0.64, -0.03, 0.77)
98.08: (-0.62, 0.02, 0.79)
98.20: (-0.72, 0.16, 0.68)
98.32: (-0.80, 0.20, 0.57)
98.42: (-0.80, 0.23, 0.55)
98.53: (-0.77, 0.26, 0.59)
98.65: (-0.75, 0.27, 0.61)
98.65: (-0.73, 0.51, -0.45): 2
98.65: (-0.75, 0.27, 0.61)
98.77: (-0.75, 0.27, 0.61)
98.88: (-0.75, 0.27, 0.61)
99.00: (-0.73, 0.27, 0.63)
99.12: (-0.52, 0.23, 0.82)
99.22: (-0.36, 0.16, 0.92)
99.33: (-0.23, 0.02, 0.97)
99.43: (-0.20, -0.02, 0.98)
99.55: (-0.08, -0.08, 0.99)
99.67: (-0.02, -0.11, 0.99)
99.78: (0.16, -0.19, 0.97)
99.90: (0.33, -0.29, 0.90)
100.02: (0.36, -0.30, 0.88)
100.12: (0.55, -0.39, 0.74)
100.23: (0.66, -0.43, 0.61)
100.35: (0.73, -0.48, 0.49)
100.47: (0.82, -0.50, 0.26)
100.58: (0.87, -0.50, 0.07)
100.70: (0.84, -0.45, -0.29)
100.82: (0.77, -0.39, -0.51)
100.93: (0.69, -0.28, -0.67)
101.03: (0.66, -0.20, -0.72)
101.15: (0.60, -0.09, -0.79)
101.27: (0.65, -0.09, -0.76)
101.38: (0.86, -0.29, -0.43)
101.50: (0.92, -0.39, -0.06)
101.62: (0.86, -0.43, 0.27)
101.72: (0.80, -0.45, 0.40)
101.82: (0.73, -0.46, 0.51)
101.93: (0.61, -0.46, 0.64)
102.05: (0.46, -0.46, 0.76)
102.17: (0.28, -0.44, 0.85)
102.28: (0.18, -0.42, 0.89)
102.38: (0.07, -0.39, 0.92)
102.48: (-0.10, -0.35, 0.93)
102.60: (-0.30, -0.27, 0.92)
102.72: (-0.42, -0.21, 0.88)
102.82: (-0.55, -0.14, 0.82)
102.92: (-0.64, -0.10, 0.77)
103.03: (-0.75, -0.04, 0.66)
103.15: (-0.87, 0.07, 0.50)
103.27: (-0.92, 0.15, 0.37)
103.38: (-0.94, 0.23, 0.23)
103.48: (-0.94, 0.35, 0.03)
103.60: (-0.87, 0.46, -0.18)
103.72: (-0.84, 0.48, -0.24)
103.82: (-0.84, 0.48, -0.26)
103.93: (-0.78, 0.48, -0.40)
104.05: (-0.73, 0.48, -0.49)
104.15: (-0.73, 0.48, -0.50)
104.17: (-0.73, 0.48, -0.50)
104.17: (-0.56, 0.76, 0.32): 0
104.27: (-0.73, 0.48, -0.50)
104.37: (-0.73, 0.48, -0.49)
104.48: (-0.74, 0.49, -0.46)
104.60: (-0.77, 0.50, -0.40)
104.70: (-0.82, 0.50, -0.28)
104.82: (-0.85, 0.50, -0.15)
104.93: (-0.84, 0.53, -0.09)
105.05: (-0.84, 0.54, 0.01)
105.15: (-0.84, 0.54, 0.01)
105.27: (-0.82, 0.57, 0.08)
105.38: (-0.75, 0.63, 0.19)
105.48: (-0.71, 0.66, 0.25)
105.60: (-0.69, 0.68, 0.26)
105.72: (-0.66, 0.70, 0.27)
105.82: (-0.63, 0.72, 0.29)
105.82: (-0.98, -0.16, -0.08): 0
105.83: (-0.63, 0.71, 0.30)
105.93: (-0.63, 0.72, 0.30)
106.03: (-0.61, 0.73, 0.31)
106.15: (-0.60, 0.72, 0.34)
106.27: (-0.59, 0.68, 0.43)
106.38: (-0.58, 0.56, 0.59)
106.50: (-0.52, 0.40, 0.76)
106.62: (-0.43, 0.24, 0.87)
106.72: (-0.36, 0.12, 0.92)
106.83: (-0.22, -0.04, 0.98)
106.95: (-0.01, -0.22, 0.98)
107.07: (0.08, -0.42, 0.90)
107.17: (0.14, -0.62, 0.77)
107.28: (0.30, -0.86, 0.41)
107.40: (0.49, -0.85, 0.21)
107.52: (0.61, -0.77, 0.18)
107.63: (0.69, -0.73, -0.01)
107.75: (0.65, -0.65, -0.38)
107.85: (0.69, -0.61, -0.40)
107.97: (0.86, -0.50, 0.12)
108.08: (0.75, -0.42, 0.52)
108.18: (0.58, -0.42, 0.70)
108.30: (0.36, -0.39, 0.85)
108.42: (0.11, -0.42, 0.90)
108.52: (-0.20, -0.36, 0.91)
108.63: (-0.52, -0.17, 0.84)
108.75: (-0.73, 0.00, 0.68)
108.87: (-0.88, 0.21, 0.43)
108.97: (-0.91, 0.37, 0.17)
109.07: (-0.85, 0.50, -0.13)
109.18: (-0.74, 0.54, -0.40)
109.30: (-0.81, 0.41, -0.42)
109.42: (-1.00, 0.06, -0.05)
109.53: (-1.00, -0.01, 0.04)
109.65: (-0.99, 0.11, -0.11)
109.76: (-0.98, 0.08, -0.16)
109.88: (-0.99, -0.04, -0.10)
110.00: (-0.99, -0.10, -0.03)
110.10: (-0.99, -0.15, 0.00)
110.20: (-0.99, -0.16, 0.00)
110.20: (0.33, 0.28, -0.90): 1
110.22: (-0.99, -0.16, 0.00)
110.33: (-0.99, -0.16, 0.00)
110.43: (-0.99, -0.16, 0.00)
110.55: (-0.98, -0.18, 0.09)
110.67: (-0.96, -0.20, 0.19)
110.78: (-0.87, -0.28, 0.40)
110.90: (-0.75, -0.36, 0.56)
111.01: (-0.54, -0.45, 0.71)
111.13: (-0.32, -0.48, 0.82)
111.25: (-0.06, -0.46, 0.88)
111.36: (0.13, -0.43, 0.89)
111.48: (0.33, -0.43, 0.84)
111.60: (0.49, -0.43, 0.75)
111.70: (0.61, -0.42, 0.67)
111.81: (0.81, -0.32, 0.50)
111.93: (0.90, -0.25, 0.35)
112.05: (0.97, -0.16, 0.17)
112.15: (1.00, -0.08, 0.00)
112.26: (0.99, 0.00, -0.15)
112.38: (0.94, 0.11, -0.33)
112.50: (0.86, 0.22, -0.47)
112.61: (0.65, 0.36, -0.66)
112.71: (0.64, 0.35, -0.68)
112.81: (0.68, 0.26, -0.69)
112.93: (0.65, 0.18, -0.74)
113.05: (0.57, 0.23, -0.79)
113.16: (0.50, 0.26, -0.83)
113.28: (0.46, 0.29, -0.84)
113.40: (0.42, 0.31, -0.85)
113.45: (0.41, 0.32, -0.85)
113.45: (0.21, -0.87, -0.44): 1
113.50: (0.41, 0.32, -0.86)
113.61: (0.41, 0.32, -0.86)
113.71: (0.41, 0.32, -0.86)
113.81: (0.41, 0.32, -0.85)
113.91: (0.42, 0.32, -0.85)
114.03: (0.42, 0.32, -0.85)
114.13: (0.42, 0.32, -0.85)
114.25: (0.43, 0.32, -0.85)
114.36: (0.51, 0.28, -0.81)
114.48: (0.84, 0.06, -0.54)
114.58: (0.95, -0.10, -0.30)
114.70: (0.97, -0.26, -0.04)
114.81: (0.95, -0.30, 0.06)
114.93: (0.95, -0.31, 0.10)
115.05: (0.97, -0.14, -0.19)
115.16: (0.77, 0.13, -0.62)
115.28: (0.64, 0.16, -0.75)
115.38: (0.53, 0.19, -0.83)
115.50: (0.31, 0.31, -0.90)
115.61: (0.07, 0.40, -0.91)
115.71: (-0.12, 0.42, -0.90)
115.83: (-0.30, 0.42, -0.86)
115.95: (-0.59, 0.43, -0.69)
116.05: (-0.80, 0.37, -0.47)
116.15: (-0.92, 0.29, -0.27)
116.26: (-0.98, 0.20, -0.05)
116.38: (-0.97, 0.09, 0.22)
116.50: (-0.88, -0.02, 0.47)
116.61: (-0.72, -0.14, 0.68)
116.73: (-0.51, -0.22, 0.83)
116.83: (-0.45, -0.14, 0.88)
116.95: (-0.45, 0.14, 0.88)
117.06: (-0.48, 0.51, 0.71)
117.16: (-0.54, 0.71, 0.45)
117.28: (-0.73, 0.67, 0.15)
117.40: (-0.87, 0.47, -0.17)
117.50: (-0.83, 0.23, -0.51)
117.61: (-0.64, -0.07, -0.77)
117.73: (-0.42, -0.37, -0.83)
117.85: (0.09, -0.64, -0.76)
117.96: (0.45, -0.74, -0.50)
118.06: (0.55, -0.77, -0.32)
118.18: (0.13, -0.81, -0.57)
118.30: (0.08, -0.79, -0.60)
118.41: (0.13, -0.82, -0.56)
118.53: (0.10, -0.83, -0.55)
118.65: (0.10, -0.84, -0.53)
118.76: (0.11, -0.87, -0.48)
118.88: (0.14, -0.89, -0.43)
118.98: (0.15, -0.90, -0.41)
119.01: (0.15, -0.90, -0.41)
119.01: (0.99, 0.13, -0.09): 1
119.10: (0.15, -0.90, -0.41)
119.20: (0.15, -0.90, -0.42)
119.31: (0.17, -0.89, -0.43)
119.43: (0.33, -0.86, -0.39)
119.53: (0.41, -0.84, -0.35)
119.65: (0.47, -0.82, -0.33)
119.75: (0.64, -0.74, -0.20)
119.86: (0.80, -0.60, -0.04)
119.98: (0.90, -0.41, 0.13)
120.10: (0.94, -0.18, 0.29)
120.21: (0.97, -0.24, 0.04)
120.33: (0.97, -0.22, -0.12)
120.45: (0.99, -0.10, -0.04)
120.55: (1.00, 0.00, 0.07)
120.66: (1.00, 0.06, 0.04)
120.78: (0.99, 0.04, -0.10)
120.88: (0.99, 0.04, -0.11)
120.93: (0.99, 0.04, -0.11)
120.93: (-0.21, -0.97, -0.15): 1
121.00: (0.99, 0.05, -0.10)
121.11: (0.99, 0.07, -0.07)
121.23: (0.99, 0.12, -0.04)
121.35: (0.99, 0.16, -0.02)
121.45: (0.97, 0.23, 0.00)
121.55: (0.94, 0.34, 0.04)
121.66: (0.92, 0.37, 0.08)
121.76: (0.92, 0.37, 0.08)
121.86: (0.93, 0.36, 0.05)
121.98: (0.91, 0.40, 0.11)
122.08: (0.98, 0.20, -0.05)
122.18: (0.93, -0.18, -0.32)
122.30: (0.84, -0.37, -0.40)
122.41: (0.69, -0.57, -0.45)
122.51: (0.56, -0.68, -0.47)
122.63: (0.42, -0.76, -0.49)
122.75: (0.10, -0.86, -0.49)
122.86: (0.00, -0.87, -0.50)
122.98: (0.08, -0.90, -0.42)
123.10: (-0.03, -0.97, -0.25)
123.21: (-0.15, -0.97, -0.17)
123.33: (-0.17, -0.97, -0.17)
123.45: (-0.25, -0.95, -0.17)
123.48: (-0.25, -0.95, -0.17)
123.48: (0.60, -0.59, 0.53): 2
123.55: (-0.25, -0.95, -0.17)
123.66: (-0.25, -0.95, -0.17)
123.78: (-0.24, -0.95, -0.19)
123.90: (-0.21, -0.95, -0.22)
124.01: (-0.10, -0.96, -0.28)
124.13: (0.10, -0.94, -0.32)
124.25: (0.23, -0.92, -0.32)
124.36: (0.49, -0.82, -0.30)
124.48: (0.54, -0.79, -0.29)
124.58: (0.61, -0.74, -0.28)
124.68: (0.80, -0.55, -0.24)
124.80: (0.90, -0.39, -0.20)
124.91: (0.96, -0.23, -0.16)
125.01: (1.00, 0.04, -0.06)
125.13: (0.96, 0.27, 0.02)
125.25: (0.93, 0.37, 0.06)
125.35: (0.75, 0.64, 0.17)
125.46: (0.54, 0.79, 0.28)
125.58: (0.26, 0.89, 0.36)
125.68: (-0.06, 0.91, 0.41)
125.80: (-0.33, 0.84, 0.43)
125.91: (-0.62, 0.69, 0.38)
126.01: (-0.83, 0.51, 0.24)
126.13: (-0.77, 0.63, 0.13)
126.25: (-0.70, 0.72, 0.03)
126.36: (-0.82, 0.55, -0.17)
126.46: (-0.86, 0.40, -0.32)
126.58: (-0.84, 0.32, -0.45)
126.69: (-0.89, -0.03, -0.45)
126.79: (-0.85, -0.33, -0.40)
126.91: (-0.75, -0.59, -0.30)
127.03: (-0.61, -0.76, -0.23)
127.14: (-0.57, -0.80, -0.18)
127.26: (-0.89, -0.32, -0.32)
127.38: (-0.91, -0.25, -0.32)
127.49: (-0.91, -0.25, -0.33)
127.61: (-0.72, 0.07, -0.69)
127.73: (-0.47, 0.46, -0.76)
127.84: (-0.42, 0.62, -0.66)
127.96: (-0.36, 0.82, -0.45)
128.08: (-0.22, 0.97, -0.12)
128.19: (-0.19, 0.97, 0.13)
128.31: (-0.28, 0.91, 0.32)
128.43: (-0.17, 0.74, 0.65)
128.53: (-0.06, 0.60, 0.80)
128.64: (-0.09, 0.41, 0.91)
128.76: (-0.16, 0.14, 0.98)
128.88: (-0.28, -0.09, 0.96)
128.98: (-0.22, -0.26, 0.94)
129.09: (-0.23, -0.42, 0.88)
129.21: (-0.37, -0.59, 0.71)
129.33: (-0.42, -0.78, 0.47)
129.44: (-0.33, -0.82, 0.47)
129.56: (-0.07, -0.72, 0.69)
129.66: (0.06, -0.63, 0.77)
129.78: (0.17, -0.61, 0.77)
129.89: (0.38, -0.64, 0.67)
129.99: (0.52, -0.62, 0.59)
130.11: (0.55, -0.61, 0.57)
130.14: (0.55, -0.61, 0.57)
130.14: (0.97, 0.17, -0.20): 2
130.23: (0.55, -0.61, 0.57)
130.33: (0.56, -0.61, 0.57)
130.44: (0.56, -0.61, 0.57)
130.56: (0.62, -0.58, 0.53)
130.66: (0.71, -0.51, 0.48)
130.78: (0.77, -0.40, 0.51)
130.88: (0.79, -0.35, 0.51)
130.99: (0.91, -0.25, 0.32)
131.11: (0.99, -0.12, 0.01)
131.21: (1.00, -0.06, -0.05)
131.33: (1.00, -0.02, -0.02)
131.43: (1.00, 0.02, -0.01)
131.54: (1.00, 0.07, -0.06)
131.66: (0.98, 0.12, -0.13)
131.68: (0.98, 0.13, -0.14)
131.68: (-0.95, -0.31, 0.08): 0
131.78: (0.98, 0.13, -0.14)
131.89: (0.98, 0.13, -0.14)
132.01: (0.98, 0.14, -0.16)
132.13: (0.94, 0.23, -0.24)
132.23: (0.92, 0.28, -0.27)
132.34: (0.79, 0.41, -0.46)
132.46: (0.66, 0.45, -0.60)
132.58: (0.57, 0.46, -0.68)
132.68: (0.44, 0.48, -0.76)
132.79: (0.13, 0.48, -0.87)
132.91: (-0.28, 0.43, -0.86)
133.01: (-0.50, 0.35, -0.79)
133.13: (-0.69, 0.24, -0.68)
133.23: (-0.83, 0.15, -0.54)
133.34: (-0.88, 0.13, -0.46)
133.46: (-0.96, 0.05, -0.28)
133.56: (-0.99, -0.06, -0.11)
133.68: (-0.99, -0.15, -0.06)
133.78: (-0.98, -0.18, -0.08)
133.89: (-0.96, -0.28, -0.02)
134.01: (-0.94, -0.35, 0.05)
134.11: (-0.93, -0.36, 0.06)
134.16: (-0.93, -0.36, 0.07)
134.16: (-0.48, -0.51, -0.71): 2
134.23: (-0.93, -0.36, 0.07)
134.34: (-0.93, -0.36, 0.07)
134.46: (-0.94, -0.35, 0.04)
134.58: (-0.96, -0.28, -0.01)
134.69: (-0.98, -0.17, -0.11)
134.81: (-0.94, 0.00, -0.34)
134.93: (-0.89, 0.07, -0.45)
135.04: (-0.75, 0.21, -0.63)
135.14: (-0.68, 0.27, -0.68)
135.26: (-0.71, 0.26, -0.66)
135.38: (-0.83, 0.17, -0.54)
135.48: (-0.88, 0.13, -0.45)
135.59: (-0.97, -0.01, -0.26)
135.69: (-0.98, -0.17, -0.07)
135.79: (-0.95, -0.28, 0.09)
135.91: (-0.85, -0.40, 0.35)
136.03: (-0.68, -0.43, 0.59)
136.14: (-0.31, -0.50, 0.81)
136.26: (0.03, -0.50, 0.87)
136.38: (0.29, -0.49, 0.83)
136.48: (0.50, -0.42, 0.76)
136.59: (0.76, -0.24, 0.61)
136.71: (0.91, 0.00, 0.40)
136.81: (0.93, 0.21, 0.30)
136.93: (0.83, 0.42, 0.36)
137.04: (0.64, 0.47, 0.61)
137.16: (0.36, 0.29, 0.89)
137.28: (0.13, 0.14, 0.98)
137.38: (-0.04, 0.09, 1.00)
137.49: (-0.23, 0.07, 0.97)
137.61: (-0.46, -0.05, 0.88)
137.73: (-0.67, -0.29, 0.69)
137.84: (-0.79, -0.48, 0.38)
137.96: (-0.75, -0.65, 0.08)
138.08: (-0.45, -0.84, -0.29)
138.19: (-0.05, -0.87, -0.48)
138.31: (0.17, -0.83, -0.54)
138.41: (-0.11, -0.82, -0.57)
138.53: (-0.40, -0.75, -0.53)
138.64: (-0.46, -0.72, -0.52)
138.76: (-0.46, -0.69, -0.56)
138.86: (-0.44, -0.60, -0.66)
138.98: (-0.46, -0.56, -0.69)
139.03: (-0.46, -0.56, -0.69)
139.03: (-1.00, 0.04, 0.03): 0
139.09: (-0.46, -0.56, -0.69)
139.19: (-0.46, -0.56, -0.69)
139.29: (-0.41, -0.51, -0.75)
139.41: (-0.40, -0.48, -0.78)
139.51: (-0.38, -0.44, -0.81)
139.63: (-0.24, -0.30, -0.92)
139.74: (-0.08, -0.21, -0.97)
139.86: (-0.01, -0.17, -0.99)
139.96: (0.08, -0.12, -0.99)
140.06: (0.25, 0.00, -0.97)
140.18: (0.43, 0.12, -0.90)
140.29: (0.56, 0.23, -0.79)
140.41: (0.69, 0.30, -0.65)
140.53: (0.84, 0.36, -0.42)
140.64: (0.93, 0.33, -0.19)
140.76: (0.95, 0.31, 0.06)
140.86: (0.90, 0.34, 0.27)
140.98: (0.80, 0.35, 0.49)
141.09: (0.71, 0.33, 0.62)
141.21: (0.58, 0.22, 0.79)
141.31: (0.43, 0.13, 0.90)
141.43: (0.25, 0.04, 0.97)
141.54: (0.15, -0.01, 0.99)
141.66: (0.05, -0.04, 1.00)
141.78: (-0.12, -0.09, 0.99)
141.89: (-0.41, -0.14, 0.90)
142.01: (-0.60, -0.20, 0.77)
142.13: (-0.76, -0.29, 0.59)
142.24: (-0.86, -0.31, 0.40)
142.36: (-0.90, -0.29, 0.32)
142.46: (-0.93, -0.21, 0.29)
142.58: (-0.97, -0.14, 0.18)
142.69: (-0.99, -0.07, 0.09)
142.81: (-1.00, -0.05, 0.08)
142.81: (-0.41, 0.67, 0.62): 2
142.81: (-1.00, -0.05, 0.08)
142.93: (-1.00, -0.05, 0.08)
143.04: (-1.00, -0.03, 0.05)
143.16: (-1.00, -0.01, -0.04)
143.27: (-0.99, 0.01, -0.15)
143.39: (-0.96, 0.04, -0.27)
143.49: (-0.91, 0.10, -0.41)
143.61: (-0.82, 0.11, -0.55)
143.71: (-0.69, 0.15, -0.70)
143.83: (-0.66, 0.18, -0.73)
143.94: (-0.83, 0.20, -0.52)
144.06: (-0.99, 0.14, 0.05)
144.17: (-0.91, 0.03, 0.41)
144.29: (-0.72, -0.13, 0.68)
144.41: (-0.49, -0.31, 0.81)
144.52: (-0.13, -0.40, 0.91)
144.64: (0.25, -0.36, 0.90)
144.76: (0.61, -0.27, 0.74)
144.87: (0.87, -0.12, 0.48)
144.98: (0.98, 0.03, 0.20)
145.09: (0.97, 0.24, 0.00)
145.21: (0.83, 0.56, -0.04)
145.33: (0.58, 0.81, -0.06)
145.44: (0.49, 0.87, 0.00)
145.56: (0.44, 0.87, 0.23)
145.67: (0.34, 0.80, 0.50)
145.79: (0.14, 0.60, 0.79)
145.91: (-0.02, -0.03, 1.00)
146.01: (-0.11, -0.60, 0.79)
146.12: (-0.17, -0.46, 0.87)
146.24: (-0.20, 0.09, 0.98)
146.36: (-0.23, 0.38, 0.90)
146.47: (-0.25, 0.43, 0.87)
146.57: (-0.30, 0.50, 0.81)
146.69: (-0.39, 0.66, 0.65)
146.81: (-0.44, 0.74, 0.51)
146.89: (-0.44, 0.74, 0.51)
146.89: (0.26, -0.80, 0.54): 0
146.91: (-0.44, 0.74, 0.51)
147.02: (-0.43, 0.74, 0.51)
147.14: (-0.41, 0.72, 0.56)
147.26: (-0.37, 0.71, 0.60)
147.37: (-0.32, 0.64, 0.70)
147.47: (-0.28, 0.47, 0.84)
147.59: (-0.28, 0.16, 0.95)
147.71: (-0.28, -0.14, 0.95)
147.81: (-0.26, -0.25, 0.93)
147.92: (-0.22, -0.46, 0.86)
148.04: (-0.20, -0.65, 0.74)
148.14: (-0.15, -0.69, 0.71)
148.24: (-0.02, -0.76, 0.65)
148.36: (0.15, -0.76, 0.63)
148.47: (0.29, -0.75, 0.59)
148.57: (0.34, -0.79, 0.51)
148.57: (0.16, 0.77, -0.62): 0
148.59: (0.34, -0.79, 0.51)
148.69: (0.35, -0.80, 0.49)
148.79: (0.35, -0.82, 0.46)
148.91: (0.35, -0.87, 0.35)
149.02: (0.34, -0.92, 0.20)
149.14: (0.32, -0.95, 0.03)
149.26: (0.26, -0.94, -0.20)
149.37: (0.24, -0.87, -0.44)
149.49: (0.21, -0.76, -0.62)
149.59: (0.18, -0.59, -0.79)
149.69: (0.10, -0.33, -0.94)
149.81: (-0.02, -0.04, -1.00)
149.92: (-0.09, 0.17, -0.98)
150.04: (-0.24, 0.45, -0.86)
150.14: (-0.32, 0.68, -0.66)
150.26: (-0.29, 0.82, -0.50)
150.37: (-0.08, 0.85, -0.53)
150.49: (0.04, 0.76, -0.64)
150.61: (0.02, 0.74, -0.67)
150.66: (0.02, 0.73, -0.68)
150.66: (0.64, 0.59, -0.49): 2
150.71: (0.02, 0.73, -0.68)
150.82: (0.02, 0.73, -0.68)
150.94: (0.07, 0.70, -0.71)
151.06: (0.15, 0.56, -0.81)
151.17: (0.23, 0.51, -0.83)
151.27: (0.35, 0.56, -0.75)
151.39: (0.49, 0.65, -0.58)
151.51: (0.54, 0.66, -0.52)
151.61: (0.55, 0.64, -0.54)
151.64: (0.55, 0.63, -0.54)
151.64: (-0.59, -0.21, -0.78): 1
151.72: (0.57, 0.63, -0.53)
151.84: (0.60, 0.62, -0.50)
151.96: (0.69, 0.58, -0.43)
152.07: (0.74, 0.50, -0.45)
152.19: (0.74, 0.35, -0.57)
152.29: (0.73, 0.17, -0.66)
152.41: (0.70, -0.07, -0.71)
152.52: (0.59, -0.36, -0.72)
152.64: (0.44, -0.59, -0.68)
152.74: (0.30, -0.77, -0.57)
152.86: (0.12, -0.90, -0.43)
152.97: (-0.08, -0.96, -0.28)
153.09: (-0.36, -0.93, -0.07)
153.21: (-0.53, -0.83, 0.17)
153.32: (-0.68, -0.58, 0.45)
153.42: (-0.73, -0.35, 0.59)
153.54: (-0.73, -0.16, 0.66)
153.66: (-0.70, 0.12, 0.70)
153.76: (-0.60, 0.42, 0.68)
153.87: (-0.42, 0.60, 0.68)
153.99: (-0.18, 0.75, 0.64)
154.11: (0.16, 0.89, 0.42)
154.22: (0.38, 0.90, 0.23)
154.32: (0.54, 0.83, 0.16)
154.44: (0.72, 0.69, -0.06)
154.56: (0.81, 0.44, -0.40)
154.67: (0.73, 0.09, -0.67)
154.77: (0.51, -0.21, -0.83)
154.89: (0.18, 0.04, -0.98)
154.99: (-0.05, 0.40, -0.91)
155.11: (-0.07, 0.79, -0.61)
155.22: (0.08, 0.93, -0.36)
155.34: (-0.04, 0.81, -0.58)
155.46: (-0.21, 0.61, -0.76)
155.57: (-0.26, 0.49, -0.83)
155.67: (-0.25, 0.30, -0.92)
155.79: (-0.38, 0.05, -0.92)
155.89: (-0.54, -0.04, -0.84)
156.01: (-0.61, 0.05, -0.79)
156.12: (-0.58, 0.02, -0.81)
156.24: (-0.58, -0.11, -0.81)
156.36: (-0.57, -0.21, -0.80)
156.46: (-0.55, -0.24, -0.80)
156.46: (-0.94, -0.04, -0.34): 1
156.47: (-0.55, -0.24, -0.80)
156.59: (-0.55, -0.24, -0.80)
156.71: (-0.56, -0.23, -0.80)
156.81: (-0.54, -0.11, -0.84)
156.92: (-0.54, 0.01, -0.84)
157.04: (-0.69, -0.04, -0.73)
157.16: (-0.83, -0.13, -0.54)
157.27: (-0.85, -0.15, -0.50)
157.39: (-0.85, -0.14, -0.51)
157.51: (-0.87, -0.09, -0.49)
157.62: (-0.92, -0.05, -0.39)
157.66: (-0.92, -0.06, -0.38)
157.66: (0.97, 0.23, 0.07): 1
157.74: (-0.93, -0.06, -0.37)
157.86: (-0.93, -0.06, -0.37)
157.97: (-0.94, 0.00, -0.35)
158.09: (-0.94, 0.06, -0.32)
158.21: (-0.94, 0.14, -0.31)
158.32: (-0.96, 0.23, -0.16)
158.42: (-0.93, 0.35, -0.09)
158.54: (-0.85, 0.50, -0.14)
158.66: (-0.66, 0.73, -0.18)
158.77: (-0.62, 0.78, -0.09)
158.89: (-0.34, 0.93, -0.16)
159.01: (-0.20, 0.96, -0.20)
159.12: (-0.16, 0.97, -0.19)
159.22: (0.01, 0.95, -0.32)
159.34: (0.13, 0.79, -0.59)
159.46: (0.26, 0.58, -0.77)
159.57: (0.66, 0.35, -0.66)
159.69: (0.85, 0.19, -0.49)
159.80: (0.90, 0.12, -0.42)
159.92: (0.94, 0.18, -0.29)
160.02: (0.94, 0.27, -0.19)
160.14: (0.94, 0.33, -0.09)
160.25: (0.96, 0.27, -0.02)
160.30: (0.97, 0.25, -0.01)
160.30: (0.72, -0.69, -0.11): 0
160.37: (0.97, 0.25, -0.01)
160.47: (0.97, 0.23, 0.00)
160.59: (0.99, 0.16, 0.04)
160.70: (0.99, 0.07, 0.12)
160.82: (0.92, -0.18, 0.36)
160.94: (0.86, -0.27, 0.43)
161.05: (0.85, -0.31, 0.43)
161.17: (0.71, -0.49, 0.50)
161.29: (0.49, -0.64, 0.59)
161.39: (0.17, -0.72, 0.68)
161.50: (-0.02, -0.77, 0.64)
161.62: (0.05, -0.80, 0.60)
161.72: (0.27, -0.84, 0.48)
161.82: (0.39, -0.85, 0.37)
161.94: (0.46, -0.87, 0.19)
162.05: (0.60, -0.80, 0.05)
162.15: (0.66, -0.76, 0.01)
162.27: (0.72, -0.70, -0.03)
162.39: (0.77, -0.63, -0.11)
162.42: (0.78, -0.62, -0.13)
162.42: (0.94, -0.18, -0.29): 0
162.49: (0.78, -0.61, -0.13)
162.59: (0.78, -0.62, -0.13)
162.70: (0.80, -0.58, -0.14)
162.82: (0.92, -0.33, -0.19)
162.94: (0.93, -0.31, -0.20)
163.05: (0.90, -0.36, -0.24)
163.15: (0.89, -0.35, -0.30)
163.27: (0.89, -0.25, -0.37)
163.39: (0.90, -0.23, -0.37)
163.50: (0.93, -0.17, -0.34)
163.62: (0.94, -0.15, -0.31)
163.67: (0.94, -0.15, -0.31)
163.67: (-0.77, 0.42, 0.49): 0
163.74: (0.94, -0.15, -0.31)
163.84: (0.94, -0.15, -0.30)
163.95: (0.96, -0.06, -0.29)
164.05: (0.96, 0.10, -0.27)
164.15: (0.92, 0.34, -0.20)
164.27: (0.85, 0.51, -0.16)
164.39: (0.70, 0.70, -0.14)
164.49: (0.49, 0.87, -0.07)
164.60: (0.36, 0.93, 0.05)
164.72: (-0.02, 0.98, 0.22)
164.84: (-0.16, 0.92, 0.36)
164.94: (-0.14, 0.82, 0.55)
165.05: (-0.24, 0.68, 0.69)
165.17: (-0.48, 0.62, 0.62)
165.29: (-0.64, 0.57, 0.53)
165.39: (-0.66, 0.54, 0.51)
165.50: (-0.71, 0.49, 0.50)
165.62: (-0.78, 0.41, 0.47)
165.69: (-0.83, 0.34, 0.45)
165.69: (0.10, 0.78, 0.61): 2
165.74: (-0.83, 0.32, 0.45)
165.85: (-0.83, 0.32, 0.46)
165.97: (-0.81, 0.33, 0.49)
166.07: (-0.77, 0.33, 0.55)
166.19: (-0.63, 0.39, 0.67)
166.30: (-0.44, 0.49, 0.75)
166.42: (-0.14, 0.60, 0.78)
166.54: (-0.09, 0.62, 0.78)
166.65: (-0.20, 0.65, 0.73)
166.75: (0.07, 0.78, 0.63)
166.85: (0.14, 0.80, 0.58)
166.97: (0.11, 0.81, 0.58)
166.99: (0.11, 0.81, 0.58)
166.99: (-0.52, 0.57, -0.64): 2
167.09: (0.10, 0.80, 0.59)
167.19: (0.06, 0.79, 0.60)
167.30: (0.04, 0.78, 0.63)
167.40: (0.14, 0.78, 0.62)
167.52: (0.25, 0.78, 0.58)
167.64: (0.40, 0.74, 0.55)
167.75: (0.58, 0.69, 0.43)
167.85: (0.71, 0.64, 0.28)
167.97: (0.91, 0.41, -0.04)
168.09: (0.94, 0.21, -0.28)
168.19: (0.89, 0.05, -0.46)
168.30: (0.68, -0.23, -0.70)
168.42: (0.38, -0.43, -0.82)
168.52: (0.35, -0.53, -0.77)
168.64: (0.51, -0.62, -0.59)
168.74: (0.66, -0.64, -0.39)
168.85: (0.64, -0.71, -0.29)
168.97: (0.62, -0.71, -0.32)
169.09: (0.86, -0.47, -0.22)
169.19: (0.99, -0.13, -0.01)
169.30: (0.99, 0.12, 0.11)
169.40: (0.93, 0.33, 0.16)
169.52: (0.80, 0.58, 0.15)
169.64: (0.61, 0.78, 0.13)
169.75: (0.29, 0.95, 0.14)
169.85: (0.00, 0.99, 0.13)
169.97: (-0.32, 0.94, 0.08)
170.09: (-0.56, 0.83, -0.01)
170.20: (-0.75, 0.65, -0.12)
170.32: (-0.93, 0.31, -0.20)
170.42: (-0.98, 0.09, -0.20)
170.52: (-0.98, 0.16, -0.14)
170.64: (-0.85, 0.47, -0.25)
170.75: (-0.68, 0.63, -0.37)
170.87: (-0.63, 0.59, -0.50)
170.99: (-0.53, 0.58, -0.62)
171.09: (-0.46, 0.57, -0.68)
171.19: (-0.44, 0.55, -0.71)
171.22: (-0.44, 0.55, -0.71)
171.22: (0.16, 0.34, 0.93): 1
171.30: (-0.45, 0.55, -0.70)
171.42: (-0.45, 0.55, -0.70)
171.54: (-0.44, 0.60, -0.67)
171.64: (-0.42, 0.66, -0.62)
171.75: (-0.40, 0.69, -0.60)
171.85: (-0.27, 0.81, -0.51)
171.97: (-0.15, 0.89, -0.43)
172.09: (-0.28, 0.87, -0.39)
172.19: (-0.10, 0.97, -0.20)
172.30: (0.12, 0.99, -0.10)
172.42: (-0.10, 1.00, 0.00)
172.54: (-0.20, 0.95, 0.23)
172.65: (-0.26, 0.89, 0.37)
172.77: (-0.29, 0.86, 0.42)
172.89: (-0.33, 0.75, 0.57)
173.00: (-0.31, 0.65, 0.69)
173.10: (-0.32, 0.54, 0.78)
173.22: (-0.17, 0.47, 0.87)
173.34: (0.05, 0.45, 0.89)
173.45: (0.08, 0.48, 0.87)
173.55: (0.11, 0.43, 0.89)
173.67: (0.14, 0.37, 0.92)
173.77: (0.15, 0.36, 0.92)
173.77: (0.93, -0.32, -0.16): 2
173.79: (0.15, 0.36, 0.92)
173.89: (0.15, 0.36, 0.92)
174.00: (0.15, 0.36, 0.92)
174.12: (0.17, 0.34, 0.92)
174.24: (0.20, 0.30, 0.93)
174.35: (0.43, 0.27, 0.86)
174.47: (0.71, 0.17, 0.68)
174.59: (0.78, 0.23, 0.58)
174.70: (0.88, 0.28, 0.37)
174.82: (0.96, 0.25, 0.10)
174.94: (0.99, 0.15, -0.09)
175.04: (1.00, 0.09, 0.01)
175.15: (1.00, -0.05, 0.01)
175.27: (0.97, -0.20, -0.10)
175.39: (0.96, -0.25, -0.12)
175.49: (0.95, -0.27, -0.13)
175.52: (0.95, -0.27, -0.13)
175.52: (0.99, 0.12, 0.00): 1
175.60: (0.95, -0.27, -0.13)
175.72: (0.95, -0.29, -0.14)
175.82: (0.93, -0.32, -0.19)
175.94: (0.96, -0.21, -0.17)
176.05: (0.99, 0.02, -0.10)
176.15: (1.00, 0.07, -0.06)
176.27: (1.00, 0.08, -0.03)
176.39: (0.99, 0.11, 0.04)
176.50: (0.98, 0.16, 0.12)
176.52: (0.98, 0.16, 0.12)
176.52: (-0.92, 0.30, -0.25): 0
176.60: (0.98, 0.16, 0.12)
176.72: (0.98, 0.15, 0.13)
176.84: (0.96, 0.18, 0.21)
176.95: (0.91, 0.24, 0.33)
177.07: (0.79, 0.36, 0.49)
177.18: (0.69, 0.44, 0.58)
177.28: (0.56, 0.51, 0.65)
177.40: (0.21, 0.57, 0.80)
177.52: (-0.08, 0.55, 0.83)
177.62: (-0.25, 0.50, 0.83)
177.73: (-0.47, 0.45, 0.76)
177.85: (-0.72, 0.34, 0.61)
177.97: (-0.86, 0.27, 0.43)
178.08: (-0.96, 0.19, 0.21)
178.20: (-0.97, 0.21, 0.13)
178.32: (-0.95, 0.32, 0.04)
178.42: (-0.92, 0.38, -0.07)
178.52: (-0.91, 0.38, -0.17)
178.62: (-0.92, 0.35, -0.17)
178.73: (-0.94, 0.27, -0.22)
178.83: (-0.94, 0.25, -0.24)
178.87: (-0.94, 0.25, -0.24)
178.87: (-0.62, 0.36, 0.70): 1
178.93: (-0.94, 0.25, -0.24)
179.05: (-0.94, 0.25, -0.24)
179.17: (-0.94, 0.23, -0.25)
179.28: (-0.95, 0.21, -0.23)
179.40: (-0.96, 0.28, -0.08)
179.52: (-0.96, 0.28, -0.01)
179.63: (-0.96, 0.28, 0.05)
179.75: (-0.93, 0.31, 0.22)
179.87: (-0.84, 0.33, 0.44)
179.98: (-0.79, 0.35, 0.50)
180.10: (-0.77, 0.37, 0.53)
180.20: (-0.72, 0.37, 0.59)
180.30: (-0.70, 0.35, 0.63)
180.42: (-0.68, 0.34, 0.65)
180.42: (0.98, -0.05, -0.17): 1
180.42: (-0.68, 0.34, 0.65)
180.53: (-0.65, 0.35, 0.67)
180.65: (-0.61, 0.36, 0.71)
180.77: (-0.57, 0.38, 0.73)
180.88: (-0.40, 0.44, 0.80)
180.98: (-0.26, 0.45, 0.85)
181.08: (-0.04, 0.50, 0.86)
181.20: (0.13, 0.54, 0.83)
181.32: (0.26, 0.56, 0.79)
181.43: (0.45, 0.56, 0.69)
181.55: (0.68, 0.55, 0.48)
181.65: (0.79, 0.52, 0.33)
181.77: (0.87, 0.47, 0.16)
181.88: (0.92, 0.39, -0.06)
182.00: (0.96, 0.24, -0.17)
182.12: (0.99, 0.15, -0.08)
182.23: (0.99, 0.09, -0.06)
182.35: (1.00, 0.03, -0.07)
182.42: (1.00, -0.01, -0.09)
182.42: (-0.12, 0.32, -0.94): 0
182.45: (1.00, -0.01, -0.09)
182.57: (0.99, -0.02, -0.11)
182.67: (0.99, -0.04, -0.13)
182.78: (0.97, -0.09, -0.23)
182.90: (0.93, -0.16, -0.33)
183.02: (0.84, -0.26, -0.48)
183.13: (0.66, -0.34, -0.67)
183.25: (0.37, -0.41, -0.83)
183.37: (0.16, -0.44, -0.88)
183.48: (0.04, -0.42, -0.91)
183.58: (-0.15, -0.43, -0.89)
183.70: (-0.29, -0.44, -0.85)
183.82: (-0.27, -0.48, -0.84)
183.93: (-0.17, -0.57, -0.80)
184.03: (-0.13, -0.64, -0.76)
184.15: (0.07, -0.75, -0.66)
184.25: (0.21, -0.79, -0.58)
184.37: (0.31, -0.83, -0.47)
184.48: (0.53, -0.79, -0.30)
184.60: (0.81, -0.59, -0.02)
184.70: (0.90, -0.40, 0.17)
184.80: (0.96, -0.20, 0.22)
184.90: (0.97, 0.06, 0.22)
185.02: (0.91, 0.37, 0.20)
185.13: (0.75, 0.64, 0.16)
185.25: (0.51, 0.86, 0.08)
185.35: (0.23, 0.97, -0.01)
185.47: (-0.04, 1.00, -0.08)
185.57: (-0.14, 0.98, -0.13)
185.68: (-0.32, 0.92, -0.25)
185.80: (-0.63, 0.65, -0.42)
185.90: (-0.73, 0.45, -0.52)
186.02: (-0.71, 0.21, -0.67)
186.13: (-0.61, 0.15, -0.78)
186.25: (-0.43, 0.29, -0.86)
186.37: (-0.33, 0.27, -0.91)
186.48: (-0.24, 0.25, -0.94)
186.60: (-0.15, 0.28, -0.95)
186.65: (-0.14, 0.28, -0.95)
186.65: (0.14, -0.81, 0.57): 0
186.70: (-0.14, 0.28, -0.95)
186.80: (-0.14, 0.28, -0.95)
186.92: (-0.11, 0.30, -0.95)
187.03: (-0.04, 0.36, -0.93)
187.15: (0.10, 0.53, -0.84)
187.27: (0.25, 0.71, -0.66)
187.37: (0.34, 0.81, -0.47)
187.48: (0.34, 0.91, -0.22)
187.58: (0.41, 0.91, 0.04)
187.70: (0.53, 0.81, 0.27)
187.82: (0.60, 0.67, 0.43)
187.92: (0.63, 0.54, 0.55)
188.03: (0.64, 0.32, 0.70)
188.15: (0.66, 0.09, 0.75)
188.27: (0.60, -0.15, 0.79)
188.37: (0.49, -0.33, 0.81)
188.48: (0.34, -0.51, 0.79)
188.60: (0.27, -0.63, 0.73)
188.70: (0.22, -0.73, 0.65)
188.82: (0.19, -0.78, 0.59)
188.93: (0.19, -0.78, 0.59)
189.03: (0.19, -0.78, 0.59)
189.08: (0.19, -0.78, 0.59)
189.08: (0.29, -0.58, 0.76): 0
189.13: (0.19, -0.78, 0.59)
189.25: (0.17, -0.80, 0.57)
189.37: (0.13, -0.83, 0.54)
189.48: (0.13, -0.86, 0.49)
189.60: (0.21, -0.78, 0.60)
189.70: (0.22, -0.74, 0.63)
189.80: (0.22, -0.73, 0.65)
189.92: (0.26, -0.66, 0.70)
190.00: (0.27, -0.64, 0.72)
190.00: (0.96, -0.07, 0.27): 2
190.02: (0.27, -0.64, 0.72)
190.12: (0.27, -0.64, 0.72)
190.23: (0.27, -0.62, 0.73)
190.35: (0.27, -0.60, 0.76)
190.47: (0.23, -0.61, 0.76)
190.58: (0.12, -0.68, 0.73)
190.70: (-0.11, -0.80, 0.58)
190.82: (-0.12, -0.80, 0.59)
190.93: (0.08, -0.70, 0.71)
191.05: (0.46, -0.49, 0.74)
191.17: (0.66, -0.28, 0.69)
191.28: (0.79, -0.06, 0.60)
191.38: (0.82, -0.02, 0.57)
191.50: (0.84, -0.08, 0.53)
191.62: (0.90, -0.09, 0.43)
191.72: (0.93, -0.06, 0.35)
191.83: (0.94, -0.07, 0.32)
191.93: (0.95, -0.05, 0.29)
191.93: (1.00, -0.01, 0.07): 2
191.93: (0.95, -0.05, 0.29)
192.05: (0.96, -0.05, 0.29)
192.15: (0.95, -0.04, 0.30)
192.27: (0.97, 0.02, 0.26)
192.38: (0.98, 0.08, 0.16)
192.50: (0.99, 0.05, 0.13)
192.62: (0.99, 0.01, 0.11)
192.67: (0.99, 0.01, 0.11)
192.67: (-0.36, -0.93, 0.07): 2
192.72: (0.99, 0.01, 0.11)
192.83: (0.99, 0.02, 0.11)
192.95: (0.99, 0.01, 0.10)
193.07: (1.00, -0.01, 0.08)
193.18: (1.00, 0.07, 0.06)
193.30: (0.97, 0.26, -0.01)
193.41: (0.91, 0.40, -0.09)
193.53: (0.78, 0.59, -0.20)
193.63: (0.61, 0.71, -0.36)
193.75: (0.39, 0.76, -0.51)
193.85: (0.16, 0.77, -0.61)
193.97: (-0.09, 0.73, -0.68)
194.08: (-0.36, 0.64, -0.68)
194.20: (-0.61, 0.47, -0.64)
194.31: (-0.80, 0.21, -0.57)
194.42: (-0.86, 0.03, -0.50)
194.53: (-0.93, -0.05, -0.36)
194.65: (-0.98, -0.14, -0.11)
194.76: (-0.93, -0.28, 0.22)
194.88: (-0.79, -0.28, 0.55)
195.00: (-0.69, -0.14, 0.71)
195.10: (-0.54, 0.08, 0.84)
195.21: (-0.24, 0.36, 0.90)
195.33: (-0.15, 0.68, 0.72)
195.45: (-0.01, 0.88, 0.48)
195.56: (0.11, 0.98, 0.16)
195.66: (0.01, 0.98, -0.21)
195.78: (-0.04, 0.93, -0.36)
195.88: (-0.18, 0.79, -0.59)
196.00: (-0.42, 0.74, -0.53)
196.10: (-0.66, 0.70, -0.26)
196.21: (-0.76, 0.64, 0.06)
196.33: (-0.72, 0.60, 0.36)
196.43: (-0.63, 0.50, 0.59)
196.55: (-0.54, 0.28, 0.79)
196.65: (-0.48, 0.12, 0.87)
196.76: (-0.29, -0.06, 0.96)
196.88: (0.01, -0.22, 0.98)
197.00: (0.20, -0.39, 0.90)
197.10: (0.26, -0.46, 0.85)
197.21: (0.26, -0.60, 0.76)
197.31: (0.09, -0.82, 0.57)
197.41: (-0.12, -0.96, 0.25)
197.53: (-0.24, -0.97, -0.02)
197.65: (-0.30, -0.95, 0.01)
197.75: (-0.28, -0.94, 0.18)
197.86: (-0.32, -0.93, 0.17)
197.98: (-0.33, -0.94, 0.13)
198.08: (-0.32, -0.94, 0.11)
198.10: (-0.32, -0.94, 0.11)
198.10: (0.56, -0.46, 0.69): 2
198.18: (-0.32, -0.94, 0.11)
198.30: (-0.26, -0.95, 0.16)
198.41: (-0.19, -0.97, 0.18)
198.53: (-0.09, -0.97, 0.24)
198.63: (0.01, -0.95, 0.30)
198.75: (0.02, -0.95, 0.31)
198.86: (0.10, -0.92, 0.38)
198.98: (0.42, -0.71, 0.57)
199.10: (0.52, -0.60, 0.61)
199.21: (0.49, -0.63, 0.60)
199.33: (0.50, -0.61, 0.61)
199.43: (0.54, -0.55, 0.64)
199.55: (0.54, -0.53, 0.66)
199.56: (0.54, -0.52, 0.66)
199.56: (0.66, 0.51, -0.55): 0
199.65: (0.55, -0.52, 0.66)
199.76: (0.55, -0.52, 0.66)
199.88: (0.55, -0.50, 0.67)
200.00: (0.62, -0.36, 0.70)
200.10: (0.67, -0.21, 0.71)
200.21: (0.72, -0.06, 0.69)
200.33: (0.63, -0.14, 0.76)
200.43: (0.63, -0.14, 0.76)
200.55: (0.63, -0.14, 0.76)
200.66: (0.55, -0.32, 0.78)
200.76: (0.23, -0.64, 0.74)
200.88: (0.42, -0.31, 0.85)
201.00: (0.56, 0.02, 0.83)
201.11: (0.61, 0.13, 0.79)
201.23: (0.63, 0.20, 0.75)
201.35: (0.70, 0.44, 0.56)
201.45: (0.70, 0.54, 0.47)
201.56: (0.69, 0.55, 0.47)
201.68: (0.70, 0.54, 0.47)
201.80: (0.70, 0.51, 0.50)
201.91: (0.70, 0.48, 0.53)
202.01: (0.71, 0.43, 0.56)
202.13: (0.71, 0.37, 0.60)
202.25: (0.71, 0.37, 0.60)
202.35: (0.71, 0.37, 0.60)
202.46: (0.71, 0.36, 0.61)
202.58: (0.71, 0.35, 0.61)
202.70: (0.71, 0.35, 0.61)
202.81: (0.71, 0.35, 0.61)
202.91: (0.71, 0.35, 0.61)
203.03: (0.71, 0.35, 0.61)
203.13: (0.71, 0.35, 0.62)
203.25: (0.70, 0.34, 0.62)
203.36: (0.70, 0.34, 0.62)
203.48: (0.70, 0.34, 0.62)
203.60: (0.71, 0.32, 0.63)
203.71: (0.69, 0.21, 0.69)
203.83: (0.67, -0.07, 0.74)
203.93: (0.60, -0.31, 0.74)
204.05: (0.52, -0.47, 0.71)
204.16: (0.44, -0.64, 0.63)
204.26: (0.34, -0.79, 0.52)
204.38: (0.17, -0.91, 0.37)
204.50: (0.07, -0.97, 0.25)
204.60: (0.03, -0.97, 0.25)
204.71: (-0.13, -0.95, 0.29)
204.83: (-0.43, -0.89, 0.11)
204.93: (-0.50, -0.86, 0.00)
205.03: (-0.51, -0.86, 0.03)
205.15: (-0.51, -0.86, 0.05)
205.26: (-0.49, -0.86, 0.15)
205.36: (-0.47, -0.86, 0.20)
205.48: (-0.46, -0.86, 0.22)
205.60: (-0.46, -0.86, 0.22)
205.70: (-0.46, -0.86, 0.22)
205.81: (-0.46, -0.86, 0.22)
205.93: (-0.46, -0.86, 0.22)
206.05: (-0.46, -0.86, 0.22)
206.15: (-0.46, -0.86, 0.22)
206.26: (-0.46, -0.86, 0.22)
206.38: (-0.46, -0.86, 0.22)
206.50: (-0.46, -0.86, 0.22)
206.61: (-0.56, -0.83, 0.10)
206.73: (-0.70, -0.68, -0.19)
206.85: (-0.79, -0.48, -0.37)
206.96: (-0.81, -0.36, -0.46)
207.06: (-0.83, -0.20, -0.52)
207.16: (-0.83, -0.01, -0.56)
207.28: (-0.79, 0.17, -0.59)
207.40: (-0.71, 0.31, -0.63)
207.51: (-0.64, 0.42, -0.64)
207.63: (-0.53, 0.55, -0.64)
207.73: (-0.40, 0.75, -0.53)
207.85: (-0.34, 0.89, -0.31)
207.96: (-0.34, 0.91, -0.24)
208.06: (-0.39, 0.91, -0.16)
208.18: (-0.55, 0.84, -0.02)
208.30: (-0.74, 0.67, 0.08)
208.41: (-0.85, 0.51, 0.13)
208.53: (-0.97, 0.20, 0.15)
208.65: (-0.97, -0.13, 0.22)
208.76: (-0.90, -0.39, 0.21)
208.86: (-0.78, -0.62, 0.10)
208.98: (-0.40, -0.91, -0.15)
209.08: (0.06, -0.92, -0.38)
209.20: (0.42, -0.75, -0.52)
209.31: (0.53, -0.61, -0.58)
209.43: (0.64, -0.43, -0.63)
209.55: (0.64, -0.42, -0.64)
209.66: (0.64, -0.42, -0.64)
209.78: (0.65, -0.36, -0.67)
209.88: (0.65, -0.04, -0.76)
210.00: (0.61, 0.37, -0.70)
210.11: (0.58, 0.59, -0.56)
210.23: (0.60, 0.62, -0.51)
210.33: (0.68, 0.50, -0.54)
210.44: (0.76, 0.30, -0.58)
210.56: (0.75, 0.21, -0.62)
210.68: (0.72, 0.17, -0.67)
210.79: (0.71, 0.29, -0.64)
210.91: (0.66, 0.51, -0.55)
211.01: (0.65, 0.52, -0.55)
211.13: (0.65, 0.51, -0.56)
211.25: (0.65, 0.51, -0.56)
211.26: (0.65, 0.51, -0.56)
211.26: (0.03, 0.84, -0.54): 2
211.35: (0.65, 0.51, -0.56)
211.46: (0.65, 0.51, -0.56)
211.58: (0.65, 0.51, -0.56)
211.69: (0.66, 0.48, -0.57)
211.81: (0.59, 0.53, -0.61)
211.93: (0.38, 0.65, -0.65)
212.04: (0.22, 0.70, -0.68)
212.14: (0.14, 0.74, -0.66)
212.26: (0.07, 0.81, -0.59)
212.38: (0.03, 0.86, -0.51)
212.48: (0.03, 0.86, -0.51)
212.48: (0.99, -0.13, 0.06): 0
212.49: (0.03, 0.86, -0.51)
212.61: (0.03, 0.85, -0.52)
212.73: (0.04, 0.85, -0.52)
212.84: (0.06, 0.83, -0.55)
212.96: (0.09, 0.81, -0.58)
213.06: (0.11, 0.76, -0.63)
213.18: (0.12, 0.74, -0.66)
213.29: (0.14, 0.69, -0.71)
213.39: (0.17, 0.56, -0.81)
213.51: (0.23, 0.43, -0.88)
213.63: (0.33, 0.45, -0.83)
213.73: (0.37, 0.45, -0.81)
213.84: (0.40, 0.45, -0.80)
213.96: (0.39, 0.43, -0.81)
214.08: (0.35, 0.29, -0.89)
214.19: (0.29, 0.04, -0.96)
214.31: (0.20, -0.20, -0.96)
214.43: (0.10, -0.48, -0.87)
214.54: (0.02, -0.66, -0.75)
214.64: (-0.07, -0.80, -0.60)
214.74: (-0.15, -0.92, -0.37)
214.84: (-0.21, -0.96, -0.20)
214.96: (-0.27, -0.96, -0.01)
215.08: (-0.30, -0.95, 0.12)
215.19: (-0.32, -0.93, 0.20)
215.31: (-0.35, -0.90, 0.27)
215.43: (-0.36, -0.89, 0.28)
215.54: (-0.33, -0.90, 0.29)
215.66: (-0.28, -0.90, 0.34)
215.78: (-0.28, -0.86, 0.42)
215.88: (-0.30, -0.80, 0.51)
215.99: (-0.33, -0.72, 0.61)
216.11: (-0.35, -0.63, 0.69)
216.23: (-0.33, -0.53, 0.78)
216.34: (-0.30, -0.44, 0.85)
216.46: (-0.29, -0.40, 0.87)
216.56: (-0.18, -0.26, 0.95)
216.68: (-0.18, -0.11, 0.98)
216.79: (-0.20, 0.01, 0.98)
216.91: (-0.25, 0.20, 0.95)
217.03: (-0.25, 0.35, 0.90)
217.14: (-0.22, 0.49, 0.84)
217.26: (-0.17, 0.63, 0.76)
217.36: (-0.15, 0.67, 0.73)
217.48: (-0.15, 0.66, 0.73)
217.59: (-0.14, 0.63, 0.76)
217.71: (-0.13, 0.57, 0.81)
217.81: (-0.11, 0.52, 0.85)
217.93: (-0.09, 0.45, 0.89)
218.03: (-0.06, 0.31, 0.95)
218.14: (-0.06, 0.04, 1.00)
218.26: (-0.04, -0.15, 0.99)
218.38: (-0.02, -0.22, 0.98)
218.49: (0.15, -0.49, 0.86)
218.59: (0.31, -0.63, 0.71)
218.71: (0.42, -0.72, 0.55)
218.83: (0.53, -0.78, 0.34)
218.94: (0.62, -0.78, 0.08)
219.04: (0.66, -0.74, -0.08)
219.16: (0.69, -0.71, -0.10)
219.28: (0.77, -0.61, -0.20)
219.39: (0.87, -0.40, -0.30)
219.51: (0.97, -0.10, -0.21)
219.63: (0.99, -0.15, -0.05)
219.73: (0.97, -0.22, 0.03)
219.84: (0.97, -0.23, 0.07)
219.96: (0.97, -0.23, 0.07)
219.96: (-0.45, 0.12, -0.88): 1
219.96: (0.97, -0.23, 0.07)
220.08: (0.97, -0.22, 0.06)
220.18: (0.98, -0.20, 0.06)
220.29: (0.99, -0.08, 0.14)
220.39: (0.98, 0.02, 0.22)
220.51: (0.96, 0.05, 0.27)
220.63: (0.96, 0.09, 0.28)
220.73: (0.93, 0.21, 0.30)
220.84: (0.91, 0.24, 0.33)
220.96: (0.96, 0.28, 0.05)
221.06: (0.96, 0.25, -0.15)
221.18: (0.93, 0.21, -0.30)
221.28: (0.86, 0.12, -0.49)
221.39: (0.69, -0.02, -0.73)
221.51: (0.46, -0.16, -0.88)
221.63: (0.18, -0.32, -0.93)
221.73: (-0.07, -0.45, -0.89)
221.84: (-0.34, -0.53, -0.78)
221.96: (-0.65, -0.51, -0.56)
222.08: (-0.86, -0.37, -0.36)
222.19: (-0.88, -0.22, -0.41)
222.31: (-0.77, -0.16, -0.62)
222.41: (-0.66, -0.13, -0.74)
222.53: (-0.66, -0.06, -0.75)
222.63: (-0.64, 0.04, -0.77)
222.74: (-0.58, 0.09, -0.81)
222.86: (-0.56, 0.09, -0.82)
222.96: (-0.55, 0.08, -0.83)
222.96: (-0.19, 0.66, 0.73): 2
222.96: (-0.55, 0.08, -0.83)
223.08: (-0.55, 0.08, -0.83)
223.18: (-0.53, 0.09, -0.84)
223.29: (-0.53, 0.09, -0.84)
223.41: (-0.52, 0.11, -0.85)
223.53: (-0.43, 0.14, -0.89)
223.64: (-0.15, 0.16, -0.98)
223.74: (-0.14, 0.14, -0.98)
223.86: (-0.26, 0.10, -0.96)
223.96: (-0.46, 0.00, -0.89)
224.08: (-0.60, -0.11, -0.79)
224.19: (-0.81, -0.25, -0.53)
224.31: (-0.92, -0.32, -0.23)
224.43: (-0.93, -0.36, -0.05)
224.54: (-0.91, -0.36, 0.20)
224.66: (-0.84, -0.32, 0.45)
224.76: (-0.74, -0.23, 0.64)
224.88: (-0.56, -0.12, 0.82)
224.98: (-0.32, -0.05, 0.95)
225.09: (-0.06, 0.00, 1.00)
225.21: (0.21, 0.07, 0.98)
225.33: (0.49, 0.17, 0.85)
225.44: (0.74, 0.27, 0.61)
225.56: (0.89, 0.28, 0.37)
225.68: (0.94, 0.27, 0.21)
225.78: (0.96, 0.29, -0.04)
225.89: (0.84, 0.26, -0.48)
225.99: (0.64, 0.19, -0.74)
226.11: (0.48, 0.06, -0.88)
226.23: (0.41, -0.08, -0.91)
226.33: (0.32, -0.26, -0.91)
226.44: (0.00, -0.37, -0.93)
226.56: (-0.41, -0.34, -0.85)
226.68: (-0.80, -0.19, -0.57)
226.79: (-0.98, 0.02, -0.19)
226.91: (-0.97, 0.24, 0.10)
227.02: (-0.93, 0.33, -0.13)
227.14: (-0.75, 0.44, -0.49)
227.26: (-0.44, 0.55, -0.71)
227.38: (-0.12, 0.49, -0.86)
227.48: (0.09, 0.29, -0.95)
227.59: (0.24, -0.04, -0.97)
227.71: (0.15, -0.31, -0.94)
227.82: (-0.07, -0.65, -0.75)
227.92: (-0.25, -0.78, -0.57)
228.04: (-0.49, -0.82, -0.30)
228.16: (-0.73, -0.68, -0.09)
228.28: (-0.87, -0.48, 0.09)
228.39: (-0.90, -0.32, 0.28)
228.51: (-0.86, -0.18, 0.48)
228.63: (-0.84, 0.02, 0.55)
228.74: (-0.81, 0.22, 0.54)
228.86: (-0.72, 0.45, 0.53)
228.97: (-0.59, 0.66, 0.46)
229.09: (-0.49, 0.84, 0.24)
229.19: (-0.42, 0.89, 0.17)
229.31: (-0.36, 0.82, 0.44)
229.42: (-0.34, 0.67, 0.66)
229.52: (-0.28, 0.69, 0.67)
229.64: (-0.25, 0.70, 0.67)
229.67: (-0.23, 0.70, 0.68)
229.67: (-0.89, 0.06, -0.45): 2
229.76: (-0.23, 0.70, 0.68)
229.87: (-0.22, 0.68, 0.70)
229.99: (-0.19, 0.63, 0.75)
230.11: (-0.14, 0.46, 0.88)
230.22: (-0.07, 0.11, 0.99)
230.34: (0.00, -0.09, 1.00)
230.46: (0.14, -0.26, 0.95)
230.57: (0.33, -0.42, 0.85)
230.67: (0.45, -0.53, 0.72)
230.79: (0.45, -0.54, 0.71)
230.91: (0.39, -0.49, 0.78)
231.01: (0.29, -0.15, 0.95)
231.12: (0.23, 0.21, 0.95)
231.24: (0.12, 0.46, 0.88)
231.34: (0.07, 0.66, 0.75)
231.46: (0.04, 0.82, 0.57)
231.56: (0.03, 0.92, 0.40)
231.67: (-0.06, 0.99, 0.12)
231.79: (-0.19, 0.95, -0.24)
231.91: (-0.20, 0.86, -0.47)
232.02: (-0.11, 0.76, -0.64)
232.14: (-0.09, 0.59, -0.80)
232.24: (-0.09, 0.41, -0.91)
232.34: (-0.02, 0.26, -0.96)
232.46: (0.06, 0.05, -1.00)
232.57: (0.12, -0.22, -0.97)
232.69: (0.11, -0.42, -0.90)
232.81: (-0.01, -0.58, -0.81)
232.92: (-0.25, -0.77, -0.59)
233.02: (-0.45, -0.83, -0.34)
233.14: (-0.60, -0.80, -0.10)
233.26: (-0.64, -0.76, -0.09)
233.36: (-0.72, -0.69, -0.09)
233.47: (-0.86, -0.50, 0.01)
233.59: (-0.98, -0.18, 0.05)
233.71: (-0.98, 0.17, -0.02)
233.82: (-0.86, 0.50, -0.10)
233.92: (-0.83, 0.54, -0.12)
234.04: (-0.94, 0.24, -0.24)
234.16: (-0.92, -0.06, -0.39)
234.26: (-0.90, -0.12, -0.43)
234.37: (-0.90, -0.05, -0.44)
234.47: (-0.91, 0.00, -0.41)
234.59: (-0.92, 0.04, -0.40)
234.71: (-0.92, 0.04, -0.40)
234.71: (-0.86, -0.50, -0.11): 0
234.71: (-0.92, 0.04, -0.40)
234.82: (-0.90, 0.04, -0.43)
234.94: (-0.85, 0.06, -0.52)
235.04: (-0.70, 0.09, -0.71)
235.16: (-0.13, -0.03, -0.99)
235.27: (0.13, -0.10, -0.99)
235.37: (-0.12, -0.16, -0.98)
235.49: (-0.57, -0.17, -0.80)
235.61: (-0.83, -0.12, -0.55)
235.72: (-0.91, -0.10, -0.40)
235.84: (-0.93, -0.19, -0.32)
235.96: (-0.92, -0.35, -0.20)
236.06: (-0.90, -0.42, -0.07)
236.17: (-0.88, -0.48, 0.01)
236.29: (-0.86, -0.52, 0.02)
236.31: (-0.86, -0.52, 0.02)
236.31: (1.00, -0.02, 0.05): 0
236.39: (-0.85, -0.52, 0.01)
236.51: (-0.85, -0.53, -0.01)
236.62: (-0.83, -0.56, -0.06)
236.72: (-0.79, -0.60, -0.13)
236.84: (-0.71, -0.64, -0.29)
236.96: (-0.61, -0.70, -0.38)
237.06: (-0.52, -0.75, -0.40)
237.17: (-0.40, -0.81, -0.42)
237.29: (-0.28, -0.88, -0.39)
237.41: (-0.20, -0.90, -0.39)
237.52: (-0.10, -0.89, -0.44)
237.64: (-0.03, -0.87, -0.48)
237.74: (0.04, -0.83, -0.55)
237.86: (0.11, -0.76, -0.64)
237.96: (0.19, -0.73, -0.66)
238.07: (0.26, -0.71, -0.66)
238.19: (0.31, -0.64, -0.70)
238.29: (0.38, -0.52, -0.77)
238.41: (0.46, -0.40, -0.79)
238.51: (0.55, -0.27, -0.79)
238.62: (0.59, -0.18, -0.79)
238.74: (0.59, -0.16, -0.79)
238.84: (0.59, -0.15, -0.80)
238.94: (0.59, -0.14, -0.80)
239.06: (0.59, -0.14, -0.80)
239.17: (0.58, -0.13, -0.80)
239.27: (0.58, -0.13, -0.80)
239.37: (0.58, -0.13, -0.80)
239.49: (0.58, -0.13, -0.81)
239.61: (0.57, -0.13, -0.81)
239.71: (0.57, -0.13, -0.81)
239.81: (0.57, -0.13, -0.81)
239.92: (0.57, -0.13, -0.81)
240.04: (0.57, -0.13, -0.81)
240.14: (0.57, -0.13, -0.81)
240.26: (0.57, -0.13, -0.81)
240.36: (0.57, -0.13, -0.81)
240.47: (0.57, -0.13, -0.81)
240.59: (0.57, -0.13, -0.81)
240.69: (0.57, -0.13, -0.81)
240.81: (0.57, -0.13, -0.81)
240.92: (0.57, -0.13, -0.81)
241.04: (0.57, -0.13, -0.81)
241.16: (0.57, -0.13, -0.81)
241.27: (0.57, -0.13, -0.81)
241.39: (0.57, -0.13, -0.81)
241.49: (0.57, -0.13, -0.81)
241.61: (0.57, -0.13, -0.81)
241.71: (0.57, -0.13, -0.81)
241.82: (0.57, -0.13, -0.81)
241.94: (0.62, -0.06, -0.78)
242.06: (0.69, 0.05, -0.72)
242.17: (0.75, 0.25, -0.61)
242.27: (0.77, 0.34, -0.55)
242.39: (0.76, 0.38, -0.52)
242.51: (0.76, 0.41, -0.51)
242.62: (0.76, 0.43, -0.48)
242.74: (0.77, 0.45, -0.46)
242.86: (0.78, 0.46, -0.42)
242.97: (0.77, 0.57, -0.29)
243.07: (0.68, 0.73, -0.04)
243.19: (0.51, 0.84, 0.17)
243.29: (0.27, 0.92, 0.30)
243.41: (0.09, 0.95, 0.31)
243.52: (-0.20, 0.92, 0.34)
243.64: (-0.39, 0.88, 0.28)
243.74: (-0.50, 0.83, 0.24)
243.86: (-0.74, 0.62, 0.25)
243.97: (-0.94, 0.24, 0.25)
244.07: (-0.98, -0.09, 0.17)
244.19: (-0.94, -0.33, 0.01)
244.29: (-0.85, -0.50, -0.15)
244.41: (-0.60, -0.72, -0.33)
244.52: (-0.17, -0.89, -0.41)
244.62: (0.26, -0.88, -0.40)
244.72: (0.61, -0.71, -0.35)
244.84: (0.88, -0.34, -0.32)
244.96: (0.93, -0.01, -0.36)
245.07: (0.87, 0.26, -0.42)
245.19: (0.92, 0.17, -0.35)
245.31: (0.99, 0.00, -0.15)
245.42: (1.00, -0.06, -0.05)
245.52: (1.00, -0.04, -0.04)
245.64: (1.00, -0.03, -0.01)
245.64: (0.87, -0.21, 0.45): 2
245.64: (1.00, -0.03, -0.01)
245.75: (1.00, -0.03, -0.01)
245.85: (1.00, -0.03, 0.00)
245.97: (1.00, 0.02, 0.09)
246.07: (0.97, 0.05, 0.25)
246.19: (0.93, -0.12, 0.35)
246.30: (0.89, -0.23, 0.40)
246.40: (0.88, -0.24, 0.41)
246.40: (-0.88, -0.43, -0.18): 1
246.42: (0.88, -0.24, 0.41)
246.52: (0.88, -0.24, 0.41)
246.64: (0.87, -0.24, 0.44)
246.75: (0.81, -0.25, 0.53)
246.85: (0.69, -0.24, 0.68)
246.97: (0.50, -0.18, 0.85)
247.09: (0.36, -0.13, 0.92)
247.20: (0.10, -0.03, 0.99)
247.32: (-0.30, 0.12, 0.95)
247.42: (-0.56, 0.18, 0.81)
247.52: (-0.77, 0.21, 0.60)
247.64: (-0.91, 0.29, 0.30)
247.74: (-0.93, 0.34, 0.16)
247.85: (-0.81, 0.45, 0.36)
247.97: (-0.47, 0.71, 0.53)
248.09: (-0.10, 0.80, 0.59)
248.20: (0.30, 0.67, 0.69)
248.32: (0.60, 0.37, 0.71)
248.42: (0.73, 0.03, 0.68)
248.54: (0.79, -0.30, 0.54)
248.65: (0.81, -0.50, 0.30)
248.77: (0.80, -0.60, -0.04)
248.87: (0.67, -0.63, -0.38)
248.99: (0.43, -0.56, -0.71)
249.10: (0.03, -0.45, -0.89)
249.20: (-0.28, -0.41, -0.87)
249.30: (-0.64, -0.46, -0.61)
249.42: (-0.87, -0.49, -0.11)
249.54: (-0.87, -0.46, 0.17)
249.65: (-0.87, -0.50, 0.05)
249.77: (-0.84, -0.51, -0.16)
249.89: (-0.85, -0.50, -0.18)
250.00: (-0.85, -0.50, -0.18)
250.12: (-0.85, -0.50, -0.18)
250.14: (-0.85, -0.50, -0.18)
250.14: (0.37, 0.44, -0.82): 2
250.24: (-0.85, -0.50, -0.18)
250.35: (-0.84, -0.51, -0.20)
250.45: (-0.82, -0.53, -0.20)
250.57: (-0.75, -0.61, -0.24)
250.69: (-0.66, -0.71, -0.23)
250.79: (-0.57, -0.78, -0.26)
250.90: (-0.46, -0.80, -0.37)
251.02: (-0.39, -0.80, -0.46)
251.14: (-0.27, -0.79, -0.55)
251.25: (-0.11, -0.77, -0.63)
251.35: (0.12, -0.69, -0.72)
251.47: (0.43, -0.50, -0.75)
251.59: (0.67, -0.28, -0.69)
251.69: (0.81, -0.10, -0.58)
251.80: (0.93, 0.19, -0.30)
251.92: (0.90, 0.31, -0.30)
252.04: (0.78, 0.23, -0.59)
252.14: (0.68, 0.24, -0.69)
252.25: (0.61, 0.35, -0.71)
252.35: (0.54, 0.41, -0.73)
252.47: (0.48, 0.40, -0.78)
252.59: (0.46, 0.39, -0.80)
252.59: (0.84, -0.48, 0.26): 1
252.59: (0.46, 0.39, -0.80)
252.69: (0.45, 0.38, -0.80)
252.80: (0.44, 0.40, -0.80)
252.92: (0.44, 0.40, -0.80)
253.04: (0.38, 0.51, -0.77)
253.15: (0.38, 0.66, -0.65)
253.25: (0.32, 0.80, -0.51)
253.37: (0.34, 0.76, -0.56)
253.49: (0.38, 0.36, -0.85)
253.60: (0.28, 0.02, -0.96)
253.70: (0.21, -0.24, -0.95)
253.82: (0.13, -0.48, -0.87)
253.92: (0.06, -0.66, -0.75)
254.04: (-0.02, -0.81, -0.59)
254.15: (-0.13, -0.92, -0.37)
254.27: (-0.27, -0.95, -0.12)
254.37: (-0.41, -0.91, 0.05)
254.49: (-0.58, -0.79, 0.19)
254.60: (-0.69, -0.70, 0.20)
254.72: (-0.78, -0.58, 0.21)
254.82: (-0.91, -0.35, 0.22)
254.94: (-0.96, -0.15, 0.25)
255.04: (-0.97, -0.11, 0.23)
255.15: (-0.98, -0.01, 0.19)
255.27: (-0.97, 0.16, 0.20)
255.39: (-0.85, 0.39, 0.36)
255.50: (-0.68, 0.48, 0.56)
255.62: (-0.43, 0.48, 0.76)
255.74: (-0.11, 0.35, 0.93)
255.85: (0.22, 0.15, 0.96)
255.95: (0.41, -0.05, 0.91)
256.07: (0.53, -0.26, 0.81)
256.19: (0.63, -0.47, 0.62)
256.30: (0.70, -0.53, 0.48)
256.40: (0.75, -0.44, 0.48)
256.52: (0.81, -0.35, 0.48)
256.64: (0.84, -0.38, 0.38)
256.74: (0.85, -0.41, 0.32)
256.85: (0.84, -0.45, 0.32)
256.97: (0.83, -0.48, 0.27)
257.02: (0.84, -0.48, 0.27)
257.02: (0.29, -0.56, 0.77): 2
257.07: (0.84, -0.48, 0.27)
257.17: (0.84, -0.48, 0.26)
257.29: (0.82, -0.51, 0.24)
257.39: (0.80, -0.55, 0.22)
257.50: (0.70, -0.63, 0.32)
257.62: (0.45, -0.66, 0.60)
257.74: (0.41, -0.64, 0.65)
257.84: (0.41, -0.62, 0.66)
257.95: (0.38, -0.62, 0.69)
258.07: (0.34, -0.61, 0.71)
258.07: (-0.28, 0.67, -0.69): 1
258.07: (0.34, -0.61, 0.71)
258.17: (0.34, -0.61, 0.71)
258.29: (0.34, -0.60, 0.72)
258.40: (0.28, -0.56, 0.78)
258.52: (0.19, -0.48, 0.86)
258.64: (0.06, -0.33, 0.94)
258.75: (-0.06, -0.20, 0.98)
258.87: (-0.15, -0.13, 0.98)
258.99: (-0.18, -0.12, 0.98)
259.10: (-0.05, -0.22, 0.97)
259.22: (0.30, -0.45, 0.84)
259.32: (0.58, -0.48, 0.66)
259.44: (0.75, -0.49, 0.45)
259.55: (0.82, -0.56, 0.14)
259.67: (0.74, -0.66, -0.10)
259.77: (0.72, -0.69, -0.08)
259.89: (0.72, -0.69, -0.08)
260.00: (0.72, -0.69, -0.08)
260.12: (0.72, -0.69, -0.08)
260.22: (0.61, -0.60, -0.51)
260.34: (0.53, -0.46, -0.71)
260.44: (0.50, -0.36, -0.79)
260.54: (0.40, -0.21, -0.89)
260.64: (0.22, 0.02, -0.98)
260.75: (-0.09, 0.34, -0.93)
260.87: (-0.33, 0.51, -0.79)
260.99: (-0.41, 0.58, -0.70)
261.09: (-0.35, 0.62, -0.70)
261.20: (-0.29, 0.64, -0.71)
261.30: (-0.28, 0.64, -0.72)
261.32: (-0.28, 0.64, -0.72)
261.32: (0.24, 0.17, 0.96): 0
261.42: (-0.28, 0.64, -0.72)
261.52: (-0.28, 0.64, -0.72)
261.62: (-0.24, 0.62, -0.75)
261.74: (-0.17, 0.58, -0.79)
261.85: (-0.12, 0.54, -0.83)
261.97: (0.01, 0.43, -0.90)
262.08: (0.13, 0.33, -0.94)
262.20: (0.22, 0.25, -0.94)
262.32: (0.36, 0.09, -0.93)
262.44: (0.47, -0.06, -0.88)
262.55: (0.55, -0.26, -0.79)
262.67: (0.62, -0.46, -0.64)
262.78: (0.64, -0.54, -0.55)
262.90: (0.64, -0.55, -0.54)
263.02: (0.64, -0.56, -0.52)
263.12: (0.65, -0.56, -0.51)
263.23: (0.65, -0.56, -0.51)
263.35: (0.65, -0.57, -0.50)
263.47: (0.66, -0.60, -0.45)
263.58: (0.67, -0.68, -0.29)
263.70: (0.66, -0.75, -0.03)
263.80: (0.63, -0.75, 0.20)
263.92: (0.51, -0.74, 0.43)
264.02: (0.39, -0.70, 0.60)
264.13: (0.31, -0.60, 0.74)
264.23: (0.28, -0.54, 0.80)
264.35: (0.22, -0.50, 0.84)
264.47: (0.05, -0.44, 0.90)
264.58: (0.00, -0.34, 0.94)
264.70: (0.10, -0.18, 0.98)
264.82: (0.20, -0.07, 0.98)
264.93: (0.23, -0.01, 0.97)
265.05: (0.22, 0.08, 0.97)
265.13: (0.21, 0.11, 0.97)
265.13: (-0.85, 0.26, -0.46): 2
265.15: (0.21, 0.11, 0.97)
265.27: (0.21, 0.12, 0.97)
265.38: (0.18, 0.17, 0.97)
265.50: (0.10, 0.25, 0.96)
265.60: (0.00, 0.34, 0.94)
265.72: (-0.17, 0.52, 0.84)
265.83: (-0.34, 0.70, 0.62)
265.93: (-0.43, 0.76, 0.49)
266.03: (-0.45, 0.77, 0.46)
266.15: (-0.45, 0.77, 0.46)
266.25: (-0.44, 0.77, 0.46)
266.37: (-0.49, 0.79, 0.37)
266.48: (-0.65, 0.75, 0.12)
266.58: (-0.78, 0.62, -0.11)
266.70: (-0.85, 0.48, -0.24)
266.82: (-0.86, 0.40, -0.31)
266.93: (-0.86, 0.27, -0.42)
267.05: (-0.85, 0.13, -0.51)
267.08: (-0.85, 0.12, -0.51)
267.08: (-0.97, -0.01, 0.26): 0
267.17: (-0.85, 0.13, -0.51)
267.27: (-0.85, 0.13, -0.51)
267.38: (-0.85, 0.14, -0.51)
267.50: (-0.86, 0.15, -0.49)
267.62: (-0.95, 0.14, -0.27)
267.73: (-0.99, 0.11, -0.12)
267.85: (-0.99, 0.09, -0.07)
267.95: (-1.00, 0.08, -0.02)
268.07: (-0.99, 0.05, 0.11)
268.17: (-0.98, 0.04, 0.21)
268.27: (-0.96, 0.05, 0.28)
268.27: (-0.56, -0.24, -0.79): 1
268.28: (-0.95, 0.05, 0.30)
268.38: (-0.95, 0.05, 0.32)
268.48: (-0.95, 0.05, 0.32)
268.60: (-0.94, 0.05, 0.35)
268.72: (-0.91, 0.06, 0.42)
268.83: (-0.89, 0.08, 0.44)
268.95: (-0.90, 0.10, 0.43)
269.07: (-0.95, 0.08, 0.28)
269.17: (-1.00, 0.05, 0.02)
269.28: (-0.99, 0.01, -0.14)
269.40: (-0.95, -0.06, -0.29)
269.52: (-0.93, -0.09, -0.37)
269.63: (-0.89, -0.11, -0.45)
269.75: (-0.80, -0.17, -0.58)
269.87: (-0.63, -0.27, -0.73)
269.98: (-0.59, -0.28, -0.76)
269.98: (0.96, 0.29, -0.03): 0
269.98: (-0.59, -0.28, -0.76)
270.08: (-0.59, -0.28, -0.76)
270.18: (-0.58, -0.28, -0.76)
270.30: (-0.55, -0.29, -0.78)
270.42: (-0.42, -0.30, -0.86)
270.53: (-0.25, -0.29, -0.92)
270.65: (0.05, -0.19, -0.98)
270.75: (0.38, -0.13, -0.92)
270.87: (0.70, -0.15, -0.70)
270.98: (0.84, -0.18, -0.51)
271.10: (0.90, -0.18, -0.40)
271.22: (0.95, -0.12, -0.27)
271.33: (0.99, 0.06, -0.11)
271.45: (0.98, 0.16, -0.06)
271.57: (0.97, 0.22, -0.02)
271.68: (0.97, 0.24, -0.01)
271.68: (0.95, 0.28, -0.17): 2
271.68: (0.97, 0.24, -0.01)
271.80: (0.97, 0.25, -0.01)
271.90: (0.96, 0.26, 0.01)
272.02: (0.96, 0.28, 0.08)
272.13: (0.95, 0.30, 0.05)
272.23: (0.95, 0.30, -0.06)
272.35: (0.94, 0.30, -0.16)
272.40: (0.94, 0.30, -0.16)
272.40: (-0.88, -0.17, -0.44): 0
272.47: (0.94, 0.30, -0.16)
272.58: (0.94, 0.30, -0.16)
272.68: (0.94, 0.29, -0.19)
272.80: (0.93, 0.28, -0.25)
272.92: (0.90, 0.26, -0.36)
273.02: (0.87, 0.24, -0.44)
273.13: (0.84, 0.22, -0.49)
273.25: (0.80, 0.17, -0.57)
273.37: (0.73, 0.13, -0.67)
273.48: (0.65, 0.10, -0.76)
273.60: (0.62, 0.10, -0.78)
273.72: (0.54, 0.06, -0.84)
273.83: (0.48, -0.08, -0.88)
273.95: (0.38, -0.27, -0.89)
274.07: (0.20, -0.38, -0.90)
274.18: (-0.14, -0.48, -0.87)
274.30: (-0.23, -0.51, -0.83)
274.42: (-0.34, -0.52, -0.78)
274.52: (-0.50, -0.50, -0.70)
274.62: (-0.64, -0.41, -0.65)
274.73: (-0.70, -0.25, -0.66)
274.85: (-0.73, -0.18, -0.66)
274.97: (-0.83, -0.13, -0.54)
275.08: (-0.87, -0.12, -0.48)
275.13: (-0.87, -0.13, -0.48)
275.13: (-0.87, 0.02, -0.50): 1
275.18: (-0.87, -0.14, -0.47)
275.30: (-0.87, -0.16, -0.46)
275.40: (-0.88, -0.18, -0.44)
275.52: (-0.92, -0.15, -0.36)
275.63: (-0.91, -0.10, -0.40)
275.73: (-0.90, -0.05, -0.43)
275.78: (-0.90, -0.05, -0.44)
275.78: (-0.95, -0.30, 0.08): 1
275.85: (-0.90, -0.05, -0.44)
275.97: (-0.90, -0.04, -0.44)
276.08: (-0.92, -0.02, -0.39)
276.18: (-0.99, -0.06, -0.14)
276.30: (-0.98, -0.17, -0.06)
276.42: (-0.96, -0.24, -0.11)
276.52: (-0.96, -0.27, -0.12)
276.63: (-0.96, -0.27, -0.03)
276.75: (-0.96, -0.28, 0.03)
276.83: (-0.96, -0.27, 0.06)
276.83: (-0.93, -0.17, -0.31): 0
276.87: (-0.96, -0.27, 0.07)
276.98: (-0.96, -0.26, 0.09)
277.10: (-0.96, -0.25, 0.15)
277.20: (-0.96, -0.24, 0.17)
277.30: (-0.97, -0.23, -0.02)
277.42: (-0.96, -0.21, -0.18)
277.53: (-0.96, -0.21, -0.18)
277.53: (-0.97, 0.18, -0.13): 1
277.53: (-0.96, -0.21, -0.18)
277.63: (-0.96, -0.21, -0.17)
277.75: (-0.96, -0.21, -0.17)
277.85: (-0.96, -0.21, -0.18)
277.97: (-0.99, -0.07, -0.12)
278.07: (-1.00, 0.04, -0.09)
278.18: (-0.99, 0.07, -0.09)
278.30: (-0.99, 0.11, -0.08)
278.40: (-0.99, 0.14, -0.08)
278.40: (0.99, 0.08, -0.07): 2
278.40: (-0.99, 0.14, -0.08)
278.52: (-0.99, 0.14, -0.08)
278.63: (-0.99, 0.14, -0.08)
278.75: (-0.99, 0.14, -0.08)
278.85: (-0.99, 0.13, -0.07)
278.95: (-0.99, 0.12, -0.04)
279.06: (-0.99, 0.13, 0.11)
279.18: (-0.98, 0.13, 0.15)
279.28: (-0.97, 0.12, 0.20)
279.38: (-0.92, 0.14, 0.36)
279.50: (-0.69, 0.20, 0.69)
279.61: (-0.47, 0.21, 0.86)
279.71: (-0.33, 0.15, 0.93)
279.83: (0.02, 0.07, 1.00)
279.95: (0.41, 0.03, 0.91)
280.06: (0.69, -0.09, 0.72)
280.18: (0.73, -0.21, 0.65)
280.30: (0.82, -0.14, 0.56)
280.40: (0.91, -0.03, 0.42)
280.51: (0.97, 0.13, 0.21)
280.63: (0.98, 0.18, 0.09)
280.73: (0.99, 0.14, 0.05)
280.85: (1.00, 0.09, -0.02)
280.96: (1.00, 0.08, -0.05)
281.00: (1.00, 0.08, -0.05)
281.00: (-0.71, -0.35, -0.61): 1
281.06: (1.00, 0.08, -0.05)
281.18: (1.00, 0.08, -0.05)
281.28: (1.00, 0.08, -0.05)
281.40: (1.00, 0.08, -0.05)
281.51: (1.00, 0.08, -0.05)
281.63: (1.00, 0.08, -0.05)
281.75: (1.00, 0.08, -0.05)
281.85: (1.00, 0.08, -0.05)
281.96: (1.00, 0.06, -0.01)
282.08: (0.98, 0.05, 0.21)
282.20: (0.79, 0.09, 0.61)
282.31: (0.54, 0.14, 0.83)
282.41: (0.71, 0.22, 0.67)
282.53: (0.78, 0.33, 0.53)
282.63: (0.76, 0.33, 0.56)
282.75: (0.75, 0.28, 0.60)
282.86: (0.91, 0.31, 0.26)
282.98: (0.87, 0.41, -0.27)
283.10: (0.65, 0.29, -0.70)
283.21: (0.65, 0.06, -0.76)
283.33: (0.60, -0.21, -0.77)
283.43: (0.37, -0.47, -0.80)
283.55: (0.12, -0.59, -0.80)
283.66: (-0.13, -0.45, -0.88)
283.78: (-0.38, -0.15, -0.91)
283.90: (-0.56, -0.06, -0.82)
284.00: (-0.58, -0.21, -0.79)
284.10: (-0.57, -0.34, -0.75)
284.20: (-0.57, -0.40, -0.72)
284.31: (-0.64, -0.41, -0.65)
284.43: (-0.70, -0.39, -0.59)
284.53: (-0.72, -0.38, -0.58)
284.53: (0.95, -0.23, -0.20): 2
284.53: (-0.72, -0.38, -0.58)
284.65: (-0.73, -0.35, -0.58)
284.76: (-0.74, -0.34, -0.58)
284.88: (-0.75, -0.33, -0.57)
285.00: (-0.75, -0.33, -0.57)
285.11: (-0.77, -0.32, -0.56)
285.21: (-0.81, -0.31, -0.50)
285.33: (-0.80, -0.31, -0.51)
285.45: (-0.79, -0.32, -0.52)
285.55: (-0.79, -0.32, -0.53)
285.66: (-0.77, -0.32, -0.55)
285.78: (-0.68, -0.32, -0.66)
285.90: (-0.63, -0.30, -0.72)
286.01: (-0.62, -0.29, -0.73)
286.13: (-0.55, -0.26, -0.79)
286.23: (-0.23, -0.19, -0.96)
286.35: (0.02, -0.19, -0.98)
286.46: (0.30, -0.20, -0.93)
286.56: (0.53, -0.15, -0.84)
286.68: (0.77, 0.03, -0.63)
286.80: (0.90, 0.13, -0.41)
286.91: (0.88, -0.05, -0.46)
287.01: (0.88, -0.18, -0.45)
287.11: (0.90, -0.24, -0.36)
287.23: (0.93, -0.26, -0.25)
287.35: (0.95, -0.25, -0.18)
287.38: (0.95, -0.25, -0.18)
287.38: (0.99, 0.04, -0.10): 2
287.45: (0.95, -0.25, -0.18)
287.56: (0.96, -0.23, -0.15)
287.68: (0.98, -0.19, -0.09)
287.80: (0.99, -0.13, 0.00)
287.91: (0.99, -0.05, -0.09)
288.03: (0.99, 0.00, -0.16)
288.08: (0.99, 0.00, -0.16)
288.08: (-0.10, 0.63, -0.77): 1
288.15: (0.99, 0.00, -0.16)
288.25: (0.99, 0.01, -0.15)
288.36: (0.99, 0.02, -0.11)
288.48: (1.00, 0.05, -0.04)
288.58: (0.99, 0.11, 0.08)
288.70: (0.95, 0.19, 0.24)
288.81: (0.87, 0.25, 0.42)
288.93: (0.81, 0.30, 0.51)
289.05: (0.94, 0.24, 0.26)
289.16: (0.97, 0.14, -0.17)
289.26: (0.89, 0.05, -0.44)
289.38: (0.75, -0.04, -0.66)
289.50: (0.47, -0.21, -0.86)
289.61: (0.31, -0.29, -0.90)
289.73: (0.05, -0.37, -0.93)
289.85: (-0.37, -0.54, -0.76)
289.96: (-0.45, -0.71, -0.54)
290.08: (-0.50, -0.76, -0.42)
290.20: (-0.73, -0.66, -0.19)
290.30: (-0.83, -0.56, -0.04)
290.41: (-0.91, -0.30, 0.29)
290.53: (-0.95, -0.03, 0.32)
290.65: (-0.97, 0.19, 0.17)
290.75: (-0.95, 0.31, 0.04)
290.86: (-0.87, 0.50, -0.07)
290.98: (-0.64, 0.75, -0.13)
291.10: (-0.21, 0.97, 0.13)
291.21: (0.20, 0.84, 0.50)
291.33: (0.25, 0.68, 0.69)
291.45: (0.10, 0.55, 0.83)
291.55: (0.01, 0.38, 0.93)
291.66: (-0.04, 0.11, 0.99)
291.76: (0.03, -0.17, 0.98)
291.88: (0.17, -0.49, 0.85)
292.00: (0.23, -0.70, 0.68)
292.10: (0.19, -0.84, 0.51)
292.21: (-0.08, -0.93, 0.36)
292.33: (-0.52, -0.70, 0.49)
292.45: (-0.66, -0.45, 0.60)
292.56: (-0.62, -0.16, 0.77)
292.68: (-0.58, 0.16, 0.80)
292.78: (-0.58, 0.43, 0.69)
292.90: (-0.53, 0.73, 0.42)
293.01: (-0.40, 0.91, 0.05)
293.13: (-0.25, 0.94, -0.22)
293.23: (-0.10, 0.91, -0.41)
293.35: (0.14, 0.79, -0.60)
293.46: (0.22, 0.59, -0.78)
293.58: (0.05, 0.64, -0.77)
293.68: (0.01, 0.69, -0.72)
293.80: (-0.04, 0.71, -0.70)
293.91: (-0.11, 0.69, -0.71)
294.03: (-0.11, 0.69, -0.72)
294.03: (1.00, 0.01, 0.01): 1
294.03: (-0.11, 0.69, -0.72)
294.13: (-0.11, 0.69, -0.72)
294.25: (-0.11, 0.69, -0.71)
294.36: (-0.10, 0.70, -0.71)
294.48: (-0.10, 0.70, -0.70)
294.60: (-0.04, 0.71, -0.70)
294.70: (0.02, 0.69, -0.72)
294.81: (0.13, 0.62, -0.77)
294.93: (0.21, 0.56, -0.80)
295.05: (0.30, 0.46, -0.84)
295.15: (0.33, 0.42, -0.85)
295.25: (0.33, 0.43, -0.84)
295.36: (0.32, 0.45, -0.83)
295.48: (0.32, 0.45, -0.83)
295.59: (0.37, 0.37, -0.85)
295.69: (0.47, 0.23, -0.85)
295.80: (0.59, 0.11, -0.80)
295.91: (0.72, -0.07, -0.69)
296.03: (0.83, -0.26, -0.50)
296.13: (0.80, -0.40, -0.44)
296.24: (0.84, -0.33, -0.43)
296.36: (0.96, -0.10, -0.26)
296.46: (0.98, -0.14, -0.13)
296.58: (0.97, -0.22, -0.11)
296.68: (0.97, -0.20, -0.11)
296.79: (0.99, -0.08, -0.09)
296.91: (1.00, -0.03, -0.08)
296.96: (1.00, -0.03, -0.08)
296.96: (-0.07, 0.32, -0.94): 2
297.03: (1.00, -0.03, -0.08)
297.14: (1.00, -0.06, -0.06)
297.24: (1.00, -0.07, -0.05)
297.36: (0.99, -0.11, 0.00)
297.46: (0.99, -0.14, 0.03)
297.56: (0.98, -0.19, 0.10)
297.68: (0.94, -0.26, 0.24)
297.79: (0.93, -0.19, 0.30)
297.91: (1.00, -0.05, 0.08)
298.03: (0.96, 0.06, -0.26)
298.13: (0.91, 0.08, -0.40)
298.24: (0.80, 0.08, -0.59)
298.36: (0.65, 0.10, -0.75)
298.48: (0.48, 0.16, -0.86)
298.58: (0.30, 0.24, -0.92)
298.69: (0.21, 0.28, -0.94)
298.81: (0.20, 0.28, -0.94)
298.91: (0.10, 0.32, -0.94)
299.03: (0.03, 0.36, -0.93)
299.14: (0.01, 0.36, -0.93)
299.24: (-0.03, 0.35, -0.93)
299.24: (-0.97, 0.25, -0.07): 1
299.24: (-0.03, 0.35, -0.93)
299.36: (-0.04, 0.35, -0.94)
299.48: (-0.04, 0.35, -0.94)
299.58: (-0.04, 0.35, -0.94)
299.68: (-0.04, 0.35, -0.94)
299.79: (-0.04, 0.35, -0.94)
299.91: (-0.04, 0.35, -0.93)
300.03: (-0.06, 0.36, -0.93)
300.14: (0.07, 0.36, -0.93)
300.26: (0.32, 0.32, -0.89)
300.38: (0.47, 0.27, -0.84)
300.48: (0.60, 0.21, -0.77)
300.59: (0.74, 0.07, -0.67)
300.71: (0.92, -0.15, -0.38)
300.83: (0.94, -0.26, -0.20)
300.94: (0.95, -0.30, -0.06)
301.06: (0.94, -0.34, 0.07)
301.16: (0.91, -0.36, 0.20)
301.28: (0.89, -0.36, 0.29)
301.39: (0.87, -0.34, 0.35)
301.51: (0.77, -0.32, 0.55)
301.61: (0.68, -0.29, 0.67)
301.73: (0.66, -0.19, 0.73)
301.84: (0.63, -0.06, 0.77)
301.94: (0.56, 0.04, 0.82)
302.06: (0.53, 0.21, 0.82)
302.18: (0.54, 0.38, 0.75)
302.29: (0.47, 0.51, 0.72)
302.39: (0.40, 0.62, 0.67)
302.51: (0.22, 0.84, 0.50)
302.63: (-0.03, 0.95, 0.32)
302.73: (-0.25, 0.96, 0.13)
302.84: (-0.45, 0.89, -0.06)
302.96: (-0.56, 0.82, -0.05)
303.06: (-0.69, 0.72, -0.05)
303.18: (-0.84, 0.54, -0.08)
303.29: (-0.90, 0.43, -0.03)
303.39: (-0.92, 0.39, 0.04)
303.51: (-0.94, 0.33, 0.03)
303.54: (-0.95, 0.32, 0.02)
303.54: (-0.28, 0.88, -0.39): 1
303.61: (-0.95, 0.32, 0.02)
303.73: (-0.95, 0.31, 0.02)
303.84: (-0.96, 0.28, 0.03)
303.96: (-0.97, 0.25, 0.05)
304.06: (-0.98, 0.20, 0.10)
304.18: (-0.97, 0.05, 0.22)
304.29: (-0.96, 0.00, 0.26)
304.41: (-0.96, -0.03, 0.28)
304.51: (-0.98, -0.03, 0.21)
304.63: (-1.00, 0.01, 0.08)
304.74: (-1.00, 0.07, 0.00)
304.84: (-0.98, 0.18, -0.08)
304.94: (-0.81, 0.49, -0.31)
305.06: (-0.48, 0.70, -0.53)
305.18: (-0.29, 0.70, -0.65)
305.29: (-0.25, 0.72, -0.65)
305.41: (-0.36, 0.83, -0.43)
305.53: (-0.39, 0.88, -0.26)
305.64: (-0.36, 0.88, -0.31)
305.74: (-0.32, 0.86, -0.39)
305.86: (-0.29, 0.86, -0.41)
305.86: (-0.34, -0.80, 0.50): 0
305.86: (-0.29, 0.86, -0.41)
305.98: (-0.29, 0.86, -0.41)
306.08: (-0.29, 0.86, -0.41)
306.19: (-0.29, 0.86, -0.41)
306.31: (-0.32, 0.86, -0.41)
306.43: (-0.43, 0.82, -0.37)
306.53: (-0.55, 0.77, -0.33)
306.64: (-0.66, 0.71, -0.26)
306.74: (-0.75, 0.63, -0.20)
306.86: (-0.82, 0.55, -0.13)
306.98: (-0.83, 0.55, -0.12)
307.08: (-0.83, 0.55, -0.12)
307.19: (-0.83, 0.55, -0.12)
307.29: (-0.83, 0.55, -0.12)
307.41: (-0.83, 0.55, -0.12)
307.51: (-0.83, 0.55, -0.12)
307.63: (-0.83, 0.55, -0.12)
307.74: (-0.83, 0.55, -0.12)
307.84: (-0.83, 0.55, -0.12)
307.96: (-0.82, 0.55, -0.13)
308.08: (-0.82, 0.56, -0.13)
308.19: (-0.82, 0.56, -0.14)
308.31: (-0.81, 0.56, -0.14)
308.41: (-0.81, 0.57, -0.14)
308.53: (-0.81, 0.57, -0.14)
308.64: (-0.81, 0.57, -0.14)
308.76: (-0.81, 0.57, -0.14)
308.86: (-0.81, 0.57, -0.14)
308.98: (-0.81, 0.57, -0.14)
309.09: (-0.81, 0.57, -0.14)
309.19: (-0.81, 0.57, -0.14)
309.31: (-0.81, 0.57, -0.14)
309.43: (-0.81, 0.57, -0.14)
309.53: (-0.81, 0.57, -0.14)
309.64: (-0.81, 0.57, -0.14)
309.76: (-0.81, 0.57, -0.14)
309.88: (-0.81, 0.57, -0.14)
309.98: (-0.81, 0.57, -0.14)
310.08: (-0.81, 0.57, -0.14)
310.19: (-0.81, 0.57, -0.14)
310.31: (-0.81, 0.57, -0.15)
310.41: (-0.81, 0.57, -0.15)
310.53: (-0.81, 0.57, -0.15)
310.64: (-0.81, 0.57, -0.15)
310.76: (-0.81, 0.57, -0.15)
310.86: (-0.81, 0.57, -0.15)
310.98: (-0.81, 0.57, -0.15)
311.09: (-0.81, 0.57, -0.15)
311.21: (-0.81, 0.57, -0.15)
311.31: (-0.81, 0.57, -0.15)
311.43: (-0.81, 0.57, -0.15)
311.54: (-0.81, 0.57, -0.15)
311.64: (-0.81, 0.57, -0.15)
311.74: (-0.81, 0.57, -0.15)
311.86: (-0.81, 0.57, -0.15)
311.96: (-0.81, 0.57, -0.15)
312.07: (-0.81, 0.57, -0.15)
312.18: (-0.81, 0.57, -0.15)
312.29: (-0.81, 0.57, -0.15)
312.41: (-0.81, 0.57, -0.15)
312.51: (-0.81, 0.57, -0.15)
312.62: (-0.81, 0.57, -0.15)
312.74: (-0.81, 0.57, -0.15)
312.84: (-0.81, 0.57, -0.15)
312.94: (-0.81, 0.57, -0.15)
313.06: (-0.81, 0.57, -0.15)
313.17: (-0.81, 0.57, -0.15)
313.28: (-0.81, 0.57, -0.15)
313.39: (-0.81, 0.57, -0.15)
313.49: (-0.81, 0.57, -0.15)
313.61: (-0.81, 0.57, -0.15)
313.72: (-0.81, 0.57, -0.15)
313.83: (-0.81, 0.57, -0.15)
313.94: (-0.81, 0.57, -0.15)
314.06: (-0.81, 0.57, -0.15)
314.17: (-0.81, 0.57, -0.15)
314.29: (-0.81, 0.57, -0.15)
314.39: (-0.81, 0.57, -0.15)
314.49: (-0.81, 0.57, -0.15)
314.61: (-0.81, 0.57, -0.15)
314.72: (-0.81, 0.57, -0.15)
314.84: (-0.81, 0.57, -0.15)
314.94: (-0.81, 0.57, -0.15)
315.04: (-0.81, 0.57, -0.15)
315.16: (-0.81, 0.57, -0.15)
315.27: (-0.81, 0.57, -0.15)
315.39: (-0.81, 0.57, -0.15)
315.51: (-0.81, 0.57, -0.15)
315.62: (-0.81, 0.57, -0.15)
315.74: (-0.81, 0.57, -0.15)
315.86: (-0.81, 0.57, -0.15)
315.97: (-0.81, 0.57, -0.15)
316.07: (-0.73, 0.68, -0.11)
316.19: (-0.40, 0.90, -0.17)
316.31: (-0.41, 0.85, -0.33)
316.41: (-0.37, 0.81, -0.47)
316.52: (-0.04, 0.92, -0.38)
316.62: (0.25, 0.88, -0.40)
316.74: (0.44, 0.75, -0.50)
316.84: (0.70, 0.47, -0.54)
316.96: (0.65, 0.18, -0.74)
317.06: (0.41, 0.02, -0.91)
317.17: (0.04, 0.08, -1.00)
317.29: (-0.36, 0.20, -0.91)
317.41: (-0.40, -0.09, -0.91)
317.52: (-0.63, -0.07, -0.77)
317.64: (-0.84, 0.32, -0.43)
317.74: (-0.65, 0.72, -0.23)
317.86: (-0.49, 0.87, -0.01)
317.97: (-0.48, 0.78, 0.40)
318.09: (-0.37, 0.43, 0.82)
318.21: (-0.17, 0.08, 0.98)
318.32: (-0.05, -0.33, 0.94)
318.44: (0.07, -0.74, 0.67)
318.54: (0.01, -0.91, 0.42)
318.66: (-0.04, -0.99, 0.11)
318.76: (-0.09, -0.99, 0.07)
318.87: (-0.20, -0.93, 0.30)
318.99: (-0.35, -0.81, 0.47)
319.11: (-0.42, -0.77, 0.48)
319.22: (-0.43, -0.76, 0.48)
319.26: (-0.44, -0.76, 0.48)
319.26: (-0.64, 0.19, -0.74): 1
319.32: (-0.44, -0.76, 0.48)
319.42: (-0.44, -0.76, 0.48)
319.54: (-0.43, -0.76, 0.49)
319.66: (-0.46, -0.69, 0.56)
319.76: (-0.49, -0.61, 0.62)
319.87: (-0.56, -0.45, 0.70)
319.99: (-0.68, -0.12, 0.73)
320.11: (-0.71, 0.24, 0.66)
320.22: (-0.63, 0.51, 0.59)
320.34: (-0.45, 0.70, 0.56)
320.44: (-0.33, 0.86, 0.39)
320.56: (-0.23, 0.97, 0.06)
320.67: (-0.14, 0.96, -0.23)
320.79: (0.11, 0.93, -0.35)
320.91: (0.39, 0.74, -0.55)
321.01: (0.48, 0.40, -0.78)
321.11: (0.46, 0.03, -0.89)
321.21: (0.48, -0.21, -0.85)
321.32: (0.47, -0.57, -0.67)
321.44: (0.23, -0.93, -0.28)
321.56: (-0.01, -0.99, 0.13)
321.66: (-0.13, -0.93, 0.35)
321.77: (-0.08, -0.89, 0.45)
321.89: (0.26, -0.92, 0.30)
322.01: (0.65, -0.76, 0.06)
322.12: (0.81, -0.58, -0.01)
322.24: (0.93, -0.36, -0.01)
322.34: (0.99, -0.15, 0.00)
322.46: (0.97, 0.23, -0.08)
322.56: (0.86, 0.49, -0.15)
322.67: (0.71, 0.64, -0.30)
322.79: (0.55, 0.76, -0.36)
322.91: (0.25, 0.81, -0.52)
323.02: (-0.03, 0.74, -0.68)
323.14: (-0.32, 0.59, -0.74)
323.26: (-0.66, 0.30, -0.69)
323.37: (-0.77, 0.10, -0.63)
323.49: (-0.61, 0.28, -0.74)
323.59: (-0.54, 0.34, -0.77)
323.69: (-0.55, 0.35, -0.76)
323.81: (-0.56, 0.35, -0.75)
323.92: (-0.60, 0.31, -0.74)
324.02: (-0.65, 0.25, -0.72)
324.14: (-0.66, 0.23, -0.71)
324.17: (-0.66, 0.23, -0.71)
324.17: (-0.42, -0.85, -0.32): 0
324.24: (-0.66, 0.23, -0.72)
324.36: (-0.65, 0.23, -0.72)
324.47: (-0.66, 0.18, -0.73)
324.57: (-0.69, 0.08, -0.72)
324.69: (-0.75, -0.21, -0.63)
324.79: (-0.74, -0.38, -0.55)
324.91: (-0.73, -0.42, -0.54)
325.02: (-0.68, -0.51, -0.52)
325.14: (-0.61, -0.63, -0.48)
325.26: (-0.53, -0.74, -0.42)
325.36: (-0.48, -0.79, -0.38)
325.47: (-0.44, -0.84, -0.31)
325.47: (-0.47, -0.88, 0.08): 2
325.47: (-0.44, -0.84, -0.31)
325.57: (-0.45, -0.84, -0.30)
325.69: (-0.44, -0.85, -0.29)
325.81: (-0.41, -0.89, -0.19)
325.91: (-0.39, -0.92, -0.05)
326.02: (-0.45, -0.89, 0.07)
326.12: (-0.46, -0.88, 0.07)
326.12: (0.72, -0.25, 0.65): 1
326.12: (-0.46, -0.88, 0.07)
326.22: (-0.47, -0.88, 0.07)
326.34: (-0.47, -0.88, 0.07)
326.46: (-0.46, -0.88, 0.11)
326.57: (-0.43, -0.89, 0.17)
326.69: (-0.40, -0.88, 0.24)
326.79: (-0.37, -0.87, 0.32)
326.91: (-0.28, -0.82, 0.49)
327.02: (-0.22, -0.76, 0.62)
327.14: (-0.10, -0.67, 0.73)
327.26: (0.02, -0.50, 0.86)
327.37: (0.12, -0.25, 0.96)
327.49: (0.13, 0.03, 0.99)
327.61: (0.25, -0.02, 0.97)
327.72: (0.40, -0.23, 0.89)
327.82: (0.49, -0.25, 0.83)
327.94: (0.57, -0.19, 0.80)
328.06: (0.65, -0.19, 0.74)
328.17: (0.69, -0.19, 0.70)
328.21: (0.69, -0.19, 0.70)
328.21: (0.22, 0.80, 0.56): 0
328.29: (0.69, -0.19, 0.70)
328.41: (0.70, -0.19, 0.69)
328.52: (0.74, -0.18, 0.64)
328.64: (0.80, -0.15, 0.58)
328.74: (0.83, -0.20, 0.51)
328.86: (0.87, -0.26, 0.42)
328.97: (0.94, -0.30, 0.19)
329.09: (0.97, -0.24, 0.06)
329.19: (0.98, -0.18, 0.00)
329.30: (0.96, -0.28, -0.10)
329.42: (0.94, -0.33, -0.14)
329.54: (0.95, -0.29, -0.16)
329.64: (0.98, -0.15, -0.15)
329.75: (0.99, 0.02, -0.10)
329.87: (0.99, 0.08, -0.08)
329.99: (0.98, 0.20, -0.04)
330.09: (0.87, 0.50, -0.01)
330.20: (0.67, 0.74, -0.06)
330.32: (0.50, 0.86, -0.06)
330.42: (0.34, 0.94, -0.05)
330.54: (-0.06, 0.98, -0.20)
330.65: (-0.40, 0.90, -0.19)
330.77: (-0.32, 0.94, 0.09)
330.89: (0.02, 0.98, 0.18)
331.00: (0.21, 0.96, 0.17)
331.10: (0.21, 0.96, 0.20)
331.22: (0.21, 0.92, 0.35)
331.34: (0.23, 0.88, 0.41)
331.44: (0.22, 0.87, 0.44)
331.50: (0.21, 0.86, 0.46)
331.50: (0.02, 0.51, 0.86): 1
331.55: (0.21, 0.85, 0.48)
331.67: (0.22, 0.84, 0.50)
331.79: (0.24, 0.81, 0.54)
331.90: (0.20, 0.73, 0.66)
332.00: (0.04, 0.61, 0.79)
332.12: (-0.02, 0.56, 0.83)
332.14: (-0.02, 0.56, 0.83)
332.14: (0.03, 0.67, -0.74): 2
332.24: (0.00, 0.57, 0.82)
332.35: (0.02, 0.54, 0.84)
332.47: (0.05, 0.52, 0.85)
332.59: (0.19, 0.47, 0.86)
332.69: (0.29, 0.44, 0.85)
332.80: (0.45, 0.37, 0.81)
332.92: (0.52, 0.35, 0.78)
333.04: (0.68, 0.25, 0.69)
333.15: (0.83, 0.15, 0.53)
333.27: (0.84, 0.15, 0.52)
333.39: (0.95, -0.04, 0.32)
333.50: (0.94, -0.33, -0.06)
333.60: (0.84, -0.51, -0.19)
333.72: (0.68, -0.66, -0.31)
333.84: (0.51, -0.73, -0.45)
333.95: (0.11, -0.78, -0.62)
334.07: (-0.19, -0.82, -0.54)
334.19: (-0.28, -0.88, -0.38)
334.29: (-0.26, -0.93, -0.26)
334.40: (-0.19, -0.98, -0.08)
334.52: (-0.23, -0.97, 0.02)
334.62: (-0.27, -0.95, 0.17)
334.74: (-0.38, -0.84, 0.38)
334.85: (-0.49, -0.67, 0.55)
334.97: (-0.64, -0.50, 0.58)
335.09: (-0.82, -0.37, 0.43)
335.20: (-0.96, -0.17, 0.21)
335.30: (-1.00, 0.02, 0.08)
335.42: (-0.97, 0.23, -0.05)
335.52: (-0.88, 0.42, -0.23)
335.64: (-0.67, 0.55, -0.50)
335.75: (-0.42, 0.40, -0.81)
335.87: (-0.19, 0.22, -0.96)
335.99: (-0.23, 0.33, -0.92)
336.10: (-0.32, 0.52, -0.79)
336.22: (-0.26, 0.59, -0.77)
336.34: (-0.11, 0.61, -0.79)
336.44: (0.02, 0.60, -0.80)
336.55: (0.07, 0.62, -0.79)
336.62: (0.07, 0.63, -0.78)
336.62: (0.52, -0.85, 0.09): 1
336.67: (0.07, 0.63, -0.78)
336.79: (0.07, 0.63, -0.77)
336.90: (0.08, 0.63, -0.77)
337.02: (0.09, 0.64, -0.76)
337.14: (0.10, 0.63, -0.77)
337.25: (0.13, 0.60, -0.79)
337.37: (0.06, 0.55, -0.83)
337.47: (0.02, 0.53, -0.85)
337.59: (0.02, 0.53, -0.85)
337.70: (0.02, 0.53, -0.85)
337.82: (0.00, 0.47, -0.88)
337.94: (-0.14, 0.40, -0.90)
338.05: (-0.30, 0.35, -0.88)
338.17: (-0.52, 0.25, -0.82)
338.29: (-0.68, 0.15, -0.72)
338.39: (-0.74, 0.13, -0.66)
338.50: (-0.71, 0.14, -0.69)
338.60: (-0.67, 0.11, -0.74)
338.72: (-0.62, -0.01, -0.78)
338.84: (-0.68, -0.09, -0.72)
338.95: (-0.67, -0.16, -0.72)
339.07: (-0.42, -0.42, -0.81)
339.19: (-0.23, -0.56, -0.80)
339.30: (-0.05, -0.61, -0.79)
339.42: (0.21, -0.61, -0.76)
339.52: (0.50, -0.61, -0.62)
339.64: (0.62, -0.63, -0.48)
339.74: (0.66, -0.65, -0.39)
339.85: (0.75, -0.63, -0.19)
339.95: (0.73, -0.68, -0.01)
340.07: (0.62, -0.78, -0.01)
340.19: (0.50, -0.87, 0.00)
340.29: (0.48, -0.87, 0.04)
340.37: (0.48, -0.88, 0.06)
340.37: (0.02, 0.39, 0.92): 2
340.40: (0.48, -0.88, 0.06)
340.52: (0.47, -0.88, 0.06)
340.62: (0.46, -0.88, 0.07)
340.74: (0.42, -0.90, 0.12)
340.84: (0.30, -0.94, 0.17)
340.95: (0.13, -0.98, 0.14)
341.07: (-0.04, -0.99, 0.14)
341.17: (-0.08, -0.98, 0.20)
341.29: (-0.10, -0.97, 0.21)
341.40: (-0.11, -0.97, 0.21)
341.52: (-0.06, -0.99, 0.10)
341.62: (0.37, -0.93, -0.05)
341.74: (0.61, -0.75, -0.26)
341.85: (0.73, -0.60, -0.33)
341.97: (0.90, -0.37, -0.22)
342.07: (0.99, -0.06, -0.12)
342.19: (0.95, 0.26, -0.16)
342.29: (0.87, 0.43, -0.22)
342.40: (0.68, 0.71, -0.15)
342.50: (0.47, 0.88, -0.04)
342.62: (0.21, 0.97, 0.07)
342.72: (-0.04, 0.98, 0.21)
342.82: (-0.30, 0.90, 0.31)
342.94: (-0.42, 0.87, 0.25)
343.05: (-0.54, 0.81, 0.24)
343.17: (-0.69, 0.67, 0.27)
343.29: (-0.89, 0.34, 0.30)
343.39: (-0.96, -0.05, 0.26)
343.50: (-0.92, -0.34, 0.20)
343.60: (-0.86, -0.49, 0.15)
343.70: (-0.80, -0.59, 0.10)
343.80: (-0.84, -0.54, -0.04)
343.92: (-0.95, -0.19, -0.25)
344.04: (-0.93, 0.04, -0.37)
344.14: (-0.88, 0.16, -0.46)
344.24: (-0.75, 0.29, -0.59)
344.35: (-0.51, 0.47, -0.72)
344.47: (-0.23, 0.60, -0.77)
344.59: (0.02, 0.69, -0.72)
344.70: (0.26, 0.77, -0.58)
344.82: (0.44, 0.82, -0.37)
344.92: (0.55, 0.82, -0.18)
345.04: (0.61, 0.79, 0.08)
345.15: (0.56, 0.78, 0.28)
345.27: (0.45, 0.77, 0.45)
345.37: (0.38, 0.65, 0.66)
345.48: (0.28, 0.42, 0.87)
345.60: (0.26, 0.33, 0.91)
345.72: (0.22, 0.42, 0.88)
345.82: (0.15, 0.45, 0.88)
345.93: (0.10, 0.42, 0.90)
346.05: (0.06, 0.38, 0.92)
346.05: (0.14, -0.24, 0.96): 2
346.05: (0.06, 0.38, 0.92)
346.17: (0.05, 0.39, 0.92)
346.28: (0.05, 0.39, 0.92)
346.38: (0.04, 0.38, 0.92)
346.50: (0.00, 0.26, 0.97)
346.60: (0.01, 0.08, 1.00)
346.72: (0.09, -0.11, 0.99)
346.82: (0.11, -0.15, 0.98)
346.93: (0.13, -0.19, 0.97)
347.03: (0.13, -0.24, 0.96)
347.10: (0.13, -0.25, 0.96)
347.10: (0.17, 0.73, 0.66): 0
347.15: (0.13, -0.25, 0.96)
347.27: (0.14, -0.26, 0.96)
347.38: (0.14, -0.26, 0.96)
347.50: (0.12, -0.26, 0.96)
347.60: (0.11, -0.26, 0.96)
347.72: (0.03, -0.25, 0.97)
347.83: (-0.06, -0.21, 0.97)
347.93: (-0.14, -0.27, 0.95)
348.05: (-0.38, -0.37, 0.85)
348.17: (-0.42, -0.37, 0.83)
348.28: (-0.42, -0.37, 0.83)
348.40: (-0.47, -0.30, 0.83)
348.52: (-0.60, -0.11, 0.79)
348.62: (-0.61, -0.18, 0.77)
348.73: (-0.61, -0.32, 0.73)
348.85: (-0.61, -0.35, 0.71)
348.97: (-0.61, -0.35, 0.71)
349.08: (-0.61, -0.37, 0.71)
349.20: (-0.60, -0.38, 0.71)
349.32: (-0.59, -0.38, 0.71)
349.43: (-0.59, -0.38, 0.71)
349.53: (-0.59, -0.38, 0.71)
349.65: (-0.59, -0.38, 0.71)
349.77: (-0.59, -0.38, 0.71)
349.87: (-0.59, -0.38, 0.71)
349.98: (-0.59, -0.38, 0.71)
350.10: (-0.59, -0.38, 0.71)
350.20: (-0.59, -0.38, 0.71)
350.32: (-0.59, -0.39, 0.71)
350.43: (-0.59, -0.39, 0.71)
350.55: (-0.59, -0.39, 0.71)
350.67: (-0.59, -0.39, 0.71)
350.78: (-0.59, -0.40, 0.71)
350.88: (-0.58, -0.40, 0.70)
351.00: (-0.58, -0.41, 0.70)
351.12: (-0.58, -0.41, 0.70)
351.22: (-0.58, -0.41, 0.70)
351.33: (-0.58, -0.41, 0.70)
351.43: (-0.58, -0.41, 0.70)
351.53: (-0.58, -0.41, 0.70)
351.65: (-0.58, -0.41, 0.70)
351.77: (-0.58, -0.41, 0.70)
351.87: (-0.58, -0.41, 0.70)
351.98: (-0.58, -0.41, 0.70)
352.10: (-0.58, -0.41, 0.70)
352.22: (-0.58, -0.41, 0.70)
352.33: (-0.58, -0.41, 0.70)
352.45: (-0.58, -0.41, 0.70)
352.57: (-0.58, -0.41, 0.70)
352.68: (-0.59, -0.41, 0.70)
352.80: (-0.59, -0.42, 0.69)
352.92: (-0.59, -0.42, 0.69)
353.02: (-0.59, -0.42, 0.69)
353.13: (-0.59, -0.42, 0.69)
353.25: (-0.59, -0.42, 0.69)
353.37: (-0.59, -0.42, 0.69)
353.48: (-0.59, -0.42, 0.69)
353.58: (-0.59, -0.42, 0.69)
353.70: (-0.59, -0.42, 0.69)
353.82: (-0.59, -0.42, 0.69)
353.93: (-0.59, -0.42, 0.69)
354.05: (-0.59, -0.42, 0.69)
354.15: (-0.59, -0.43, 0.69)
354.25: (-0.59, -0.43, 0.69)
354.37: (-0.59, -0.43, 0.69)
354.48: (-0.59, -0.43, 0.69)
354.60: (-0.59, -0.43, 0.69)
354.70: (-0.59, -0.43, 0.69)
354.82: (-0.59, -0.43, 0.69)
354.93: (-0.59, -0.44, 0.68)
355.05: (-0.58, -0.64, 0.50)
355.17: (-0.64, -0.74, 0.23)
355.28: (-0.77, -0.64, 0.01)
355.38: (-0.79, -0.55, -0.27)
355.50: (-0.68, -0.50, -0.54)
355.62: (-0.35, -0.37, -0.86)
355.73: (-0.08, -0.02, -1.00)
355.85: (-0.04, 0.27, -0.96)
355.97: (-0.08, 0.50, -0.86)
356.07: (-0.04, 0.75, -0.66)
356.18: (0.18, 0.95, -0.25)
356.30: (0.35, 0.89, 0.28)
356.42: (0.25, 0.68, 0.69)
356.52: (0.08, 0.34, 0.94)
356.63: (-0.14, 0.09, 0.99)
356.73: (-0.08, 0.17, 0.98)
356.83: (0.01, 0.36, 0.93)
356.95: (0.03, 0.62, 0.79)
357.07: (0.02, 0.67, 0.74)
357.18: (0.03, 0.67, 0.74)
357.30: (0.11, 0.68, 0.73)
357.42: (0.20, 0.70, 0.69)
357.53: (0.25, 0.70, 0.66)
357.53: (0.85, 0.48, 0.22): 0
357.53: (0.25, 0.70, 0.66)
357.63: (0.25, 0.71, 0.66)
357.75: (0.25, 0.71, 0.66)
357.85: (0.25, 0.71, 0.66)
357.95: (0.25, 0.75, 0.61)
358.07: (0.23, 0.85, 0.48)
358.18: (0.09, 0.91, 0.41)
358.30: (-0.16, 0.94, 0.29)
358.42: (-0.43, 0.89, 0.13)
358.52: (-0.68, 0.73, 0.03)
358.63: (-0.88, 0.48, 0.02)
358.75: (-0.97, 0.18, -0.14)
358.85: (-0.94, -0.12, -0.33)
358.97: (-0.71, -0.44, -0.55)
359.08: (-0.20, -0.75, -0.63)
359.20: (0.25, -0.84, -0.48)
359.30: (0.58, -0.71, -0.39)
359.42: (0.89, -0.36, -0.29)
359.53: (0.97, 0.14, -0.18)
359.63: (0.82, 0.57, 0.04)
359.75: (0.51, 0.81, 0.29)
359.87: (0.55, 0.78, 0.29)
359.98: (0.79, 0.59, 0.16)
360.08: (0.86, 0.50, 0.11)
360.20: (0.86, 0.48, 0.16)
360.32: (0.85, 0.48, 0.24)
360.43: (0.84, 0.47, 0.26)
360.45: (0.84, 0.47, 0.26)
360.45: (-0.66, 0.45, -0.60): 0
360.53: (0.84, 0.47, 0.26)
360.63: (0.84, 0.47, 0.26)
360.75: (0.77, 0.57, 0.29)
360.85: (0.58, 0.72, 0.38)
360.97: (0.33, 0.83, 0.46)
361.07: (0.09, 0.92, 0.37)
361.18: (-0.28, 0.94, 0.19)
361.30: (-0.65, 0.72, 0.25)
361.41: (-0.84, 0.17, 0.52)
361.53: (-0.75, -0.27, 0.61)
361.63: (-0.71, -0.54, 0.46)
361.75: (-0.61, -0.75, 0.26)
361.85: (-0.49, -0.87, -0.05)
361.97: (-0.45, -0.83, -0.35)
362.08: (-0.56, -0.65, -0.52)
362.18: (-0.69, -0.38, -0.62)
362.30: (-0.82, -0.05, -0.58)
362.41: (-0.94, 0.25, -0.24)
362.52: (-0.93, 0.36, 0.00)
362.63: (-0.90, 0.41, 0.13)
362.75: (-0.89, 0.41, -0.21)
362.86: (-0.81, 0.42, -0.40)
362.96: (-0.79, 0.45, -0.42)
363.08: (-0.71, 0.48, -0.52)
363.20: (-0.65, 0.49, -0.57)
363.30: (-0.65, 0.49, -0.58)
363.33: (-0.65, 0.49, -0.58)
363.33: (0.67, 0.64, -0.37): 1
363.41: (-0.65, 0.49, -0.58)
363.53: (-0.69, 0.50, -0.53)
363.65: (-0.77, 0.54, -0.35)
363.75: (-0.80, 0.60, -0.06)
363.86: (-0.74, 0.61, 0.28)
363.98: (-0.56, 0.58, 0.59)
364.10: (-0.44, 0.59, 0.68)
364.21: (-0.63, 0.65, 0.42)
364.31: (-0.76, 0.65, 0.07)
364.41: (-0.78, 0.59, -0.19)
364.53: (-0.65, 0.52, -0.55)
364.65: (-0.44, 0.37, -0.82)
364.76: (-0.21, 0.23, -0.95)
364.88: (0.01, 0.07, -1.00)
365.00: (0.24, -0.01, -0.97)
365.11: (0.51, -0.12, -0.85)
365.23: (0.71, -0.26, -0.65)
365.35: (0.82, -0.29, -0.49)
365.45: (0.90, -0.25, -0.35)
365.55: (0.95, -0.23, -0.21)
365.66: (0.97, -0.23, 0.10)
365.78: (0.86, -0.24, 0.45)
365.88: (0.69, -0.24, 0.69)
366.00: (0.56, -0.31, 0.77)
366.10: (0.56, -0.31, 0.77)
366.21: (0.56, -0.31, 0.77)
366.33: (0.56, -0.31, 0.77)
366.45: (0.58, -0.38, 0.72)
366.56: (-0.03, -0.42, 0.91)
366.68: (-0.66, -0.13, 0.74)
366.78: (-0.86, -0.06, 0.51)
366.90: (-0.92, -0.23, 0.31)
367.01: (-0.86, -0.48, 0.18)
367.11: (-0.73, -0.68, 0.00)
367.23: (-0.54, -0.84, -0.08)
367.35: (-0.31, -0.94, -0.14)
367.46: (0.02, -0.97, -0.24)
367.58: (0.32, -0.90, -0.31)
367.70: (0.64, -0.72, -0.27)
367.81: (0.83, -0.49, -0.27)
367.91: (0.94, -0.28, -0.22)
368.03: (0.93, -0.36, -0.05)
368.15: (0.68, -0.73, 0.07)
368.25: (0.42, -0.90, -0.08)
368.35: (0.13, -0.96, -0.26)
368.46: (-0.18, -0.92, -0.34)
368.58: (-0.39, -0.83, -0.39)
368.70: (-0.62, -0.62, -0.47)
368.81: (-0.85, -0.27, -0.45)
368.93: (-0.95, 0.08, -0.30)
369.05: (-0.87, 0.46, -0.19)
369.16: (-0.67, 0.73, -0.12)
369.28: (-0.46, 0.89, -0.09)
369.38: (-0.29, 0.96, -0.05)
369.50: (-0.04, 1.00, 0.03)
369.60: (0.21, 0.97, 0.08)
369.70: (0.47, 0.88, 0.02)
369.81: (0.67, 0.74, -0.08)
369.93: (0.65, 0.72, -0.23)
370.05: (0.60, 0.72, -0.35)
370.15: (0.61, 0.69, -0.39)
370.26: (0.62, 0.66, -0.42)
370.30: (0.62, 0.66, -0.42)
370.30: (0.99, -0.15, -0.06): 1
370.38: (0.62, 0.66, -0.42)
370.48: (0.62, 0.66, -0.42)
370.60: (0.69, 0.61, -0.40)
370.70: (0.78, 0.50, -0.37)
370.81: (0.85, 0.39, -0.37)
370.93: (0.89, 0.24, -0.39)
371.05: (0.93, 0.01, -0.38)
371.15: (0.95, -0.10, -0.29)
371.26: (0.97, -0.21, -0.11)
371.38: (0.96, -0.27, -0.03)
371.50: (0.96, -0.29, 0.01)
371.51: (0.96, -0.29, 0.01)
371.51: (1.00, 0.01, -0.01): 0
371.61: (0.96, -0.29, 0.01)
371.71: (0.96, -0.29, 0.01)
371.83: (0.96, -0.29, 0.04)
371.95: (0.96, -0.27, 0.08)
372.06: (0.96, -0.25, 0.11)
372.18: (0.98, -0.17, 0.05)
372.30: (1.00, -0.08, -0.01)
372.40: (1.00, -0.06, 0.00)
END