3/31/2023 6:07:42 PM
Mode: Default
White time (s): [4.349243, 1.083374, 0.9332886, 1.03299, 2.399353, 3.665894, 2.966248, 3.132751, 7.431824, 1.966431, 8.281555, 1.933044, 9.614563, 1.316589, 1.666443, 3.26593, 1.516357, 2.566101, 1.682922, 2.666443, 1.999512, 2.133057, 3.282715, 1.766724, 1.916199, 3.915527, 5.965515, 7.765198, 1.449829, 1.116333]
Shot time (s): [2.716034, 0.9162903, 1.39978, 1.949677, 1.832886, 2.149445, 1.183228, 4.432159, 3.932373, 0.8330688, 2.032898, 5.782349, 4.582581, 1.132629, 10.56458, 1.733398, 2.365601, 2.082764, 4.066284, 1.133057, 1.832947, 2.183167, 1.682922, 2.71637, 1.899597, 1.999573, 3.949158, 4.182556, 0.8996582, 3.049988]
Step time (s): [4.382477, 3.082581, 2.849396, 4.515839, 1.966156, 1.233215, 2.166565, 2.599548, 2.849609, 1.032898, 3.999573, 2.399414, 6.265381, 3.165894, 6.082153, 2.882629, 1.36676, 4.165771, 1.799744, 3.165955, 1.782898, 4.698608, 2.365906, 2.682922, 2.815857, 2.933044, 2.582458, 2.549805, 1.566162, 2.949463]
White horz (deg): [300.2173, 48.09747, 37.94999, 28.29749, 186.3674, 304.2598, 180.3449, 199.5675, 984.3071, 148.6649, 1020.03, 91.40999, 903.6219, 57.66747, 36.71251, 236.4449, 50.32496, 162.0299, 96.27746, 148.2524, 83.98495, 128.7825, 191.5649, 111.0449, 105.2699, 297.4122, 473.6321, 670.0645, 74.66247, 40.01248]
Shot horz (deg): [170.8574, 35.55748, 70.70247, 103.785, 119.7074, 170.7749, 58.32747, 355.1623, 328.1848, 16.58249, 110.7974, 324.4723, 283.1398, 53.21247, 1198.148, 81.59248, 147.4275, 142.9724, 459.3596, 43.64247, 121.3575, 38.69249, 95.53494, 177.5399, 100.98, 115.9124, 229.5974, 187.5224, 31.92749, 187.8525]
Step horz (deg): [317.1298, 254.6773, 201.7125, 321.9973, 109.2299, 50.73748, 144.7049, 165, 130.5974, 40.09497, 238.5074, 136.0424, 504.322, 202.2074, 443.7672, 125.8125, 56.67747, 192.5549, 109.3125, 214.9949, 92.23494, 493.1022, 105.0224, 153.8625, 139.0125, 211.0349, 167.145, 148.9949, 67.97993, 160.71]
White vert (deg): [129.6074, 15.42749, 29.03998, 28.46248, 75.075, 184.7174, 69.29993, 86.87243, 635.9922, 51.80996, 632.6095, 36.95996, 403.8371, 24.66749, 40.58997, 104.6099, 30.52498, 82.16994, 39.92998, 42.73497, 59.72996, 96.35995, 129.36, 49.66497, 47.43748, 159.8024, 408.7048, 547.6347, 35.47499, 30.02999]
Shot vert (deg): [58.73994, 25.98749, 32.99998, 65.83496, 51.64497, 87.11994, 23.59498, 315.3972, 274.4774, 14.10749, 34.23748, 123.7499, 156.3374, 12.12749, 689.2874, 49.82997, 113.5199, 74.41497, 186.5324, 14.02499, 45.12747, 70.53745, 38.60997, 76.47746, 77.63248, 63.11245, 165.9074, 163.5149, 11.385, 101.31]
Step vert (deg): [244.9424, 108.0749, 94.29746, 323.3172, 37.86748, 14.35499, 54.20247, 68.63994, 97.26743, 14.02499, 121.1099, 52.71748, 311.5196, 53.29495, 259.4624, 46.28247, 29.45249, 53.87249, 32.66998, 78.78745, 40.17748, 229.0198, 65.17493, 47.10748, 94.87493, 83.15995, 82.25246, 71.77495, 20.12999, 69.21742]

Time in sec: camera forward versor
Time in sec: target versor: sound type (0 = White, 1 = Shot, 2 = Step)
START
472.99: (0.92, -0.39, 0.02): 1
472.99: (-0.87, -0.39, -0.29)
473.11: (-0.87, -0.39, -0.29)
473.23: (-0.87, -0.39, -0.29)
473.34: (-0.87, -0.39, -0.29)
473.46: (-0.87, -0.39, -0.29)
473.58: (-0.85, -0.41, -0.33)
473.69: (-0.84, -0.41, -0.36)
473.81: (-0.82, -0.43, -0.39)
473.93: (-0.70, -0.51, -0.49)
474.04: (-0.59, -0.51, -0.62)
474.14: (-0.56, -0.52, -0.64)
474.24: (-0.49, -0.58, -0.66)
474.36: (-0.21, -0.66, -0.72)
474.46: (0.16, -0.62, -0.77)
474.56: (0.26, -0.59, -0.76)
474.68: (0.36, -0.59, -0.72)
474.79: (0.67, -0.52, -0.53)
474.91: (0.93, -0.27, -0.27)
475.01: (1.00, 0.01, -0.04)
475.13: (0.99, -0.12, -0.09)
475.24: (0.93, -0.33, -0.15)
475.34: (0.92, -0.36, -0.13)
475.46: (0.91, -0.39, -0.11)
475.58: (0.91, -0.40, -0.06)
475.68: (0.92, -0.40, -0.02)
475.71: (0.92, -0.40, -0.02)
475.71: (-0.48, -0.63, 0.61): 2
475.79: (0.92, -0.40, -0.02)
475.89: (0.91, -0.40, -0.03)
476.01: (0.91, -0.40, -0.03)
476.13: (0.91, -0.40, -0.03)
476.23: (0.90, -0.43, -0.09)
476.33: (0.87, -0.44, -0.20)
476.43: (0.82, -0.47, -0.33)
476.53: (0.72, -0.54, -0.43)
476.64: (0.49, -0.67, -0.56)
476.76: (0.31, -0.68, -0.66)
476.86: (0.21, -0.66, -0.73)
476.98: (-0.04, -0.60, -0.80)
477.09: (-0.29, -0.49, -0.82)
477.21: (-0.50, -0.43, -0.75)
477.31: (-0.62, -0.43, -0.66)
477.43: (-0.77, -0.33, -0.54)
477.53: (-0.91, -0.20, -0.37)
477.64: (-0.97, -0.14, -0.20)
477.74: (-0.99, -0.15, -0.04)
477.86: (-0.98, -0.06, 0.20)
477.98: (-0.96, 0.09, 0.25)
478.09: (-0.91, 0.28, 0.31)
478.21: (-0.75, 0.52, 0.41)
478.33: (-0.48, 0.74, 0.46)
478.43: (-0.17, 0.86, 0.49)
478.53: (0.09, 0.81, 0.59)
478.64: (-0.03, 0.63, 0.77)
478.76: (-0.28, 0.45, 0.85)
478.88: (-0.58, 0.33, 0.74)
478.99: (-0.73, 0.25, 0.63)
479.11: (-0.82, 0.10, 0.57)
479.22: (-0.85, -0.17, 0.50)
479.33: (-0.83, -0.44, 0.35)
479.44: (-0.77, -0.61, 0.17)
479.56: (-0.66, -0.65, 0.37)
479.68: (-0.52, -0.57, 0.63)
479.78: (-0.51, -0.57, 0.65)
479.89: (-0.50, -0.60, 0.62)
480.01: (-0.49, -0.62, 0.61)
480.09: (-0.49, -0.62, 0.61)
480.09: (0.57, 0.82, -0.01): 0
480.12: (-0.49, -0.62, 0.61)
480.24: (-0.49, -0.62, 0.61)
480.34: (-0.49, -0.62, 0.62)
480.46: (-0.52, -0.57, 0.63)
480.57: (-0.56, -0.46, 0.69)
480.68: (-0.56, -0.48, 0.68)
480.79: (-0.56, -0.48, 0.67)
480.91: (-0.64, -0.42, 0.64)
481.02: (-0.68, -0.39, 0.62)
481.12: (-0.71, -0.36, 0.61)
481.24: (-0.72, -0.43, 0.55)
481.36: (-0.82, -0.45, 0.36)
481.46: (-0.86, -0.46, 0.24)
481.57: (-0.88, -0.46, 0.08)
481.67: (-0.89, -0.43, -0.16)
481.79: (-0.89, -0.41, -0.20)
481.91: (-0.90, -0.39, -0.16)
482.01: (-0.90, -0.39, -0.17)
482.11: (-0.91, -0.40, -0.09)
482.22: (-0.84, -0.43, 0.32)
482.34: (-0.58, -0.30, 0.76)
482.44: (-0.48, -0.24, 0.85)
482.56: (-0.31, -0.13, 0.94)
482.67: (0.09, 0.01, 1.00)
482.79: (0.47, 0.15, 0.87)
482.89: (0.80, 0.22, 0.56)
483.01: (0.97, 0.23, 0.12)
483.12: (0.90, 0.27, -0.35)
483.24: (0.92, 0.31, -0.22)
483.34: (0.92, 0.31, -0.22)
483.46: (0.92, 0.31, -0.22)
483.57: (0.92, 0.31, -0.22)
483.69: (0.91, 0.36, -0.23)
483.81: (0.76, 0.59, -0.26)
483.91: (0.70, 0.68, -0.21)
484.02: (0.72, 0.68, -0.10)
484.14: (0.73, 0.68, -0.01)
484.26: (0.66, 0.75, -0.05)
484.36: (0.59, 0.81, -0.08)
484.44: (0.57, 0.82, -0.09)
484.44: (0.66, 0.57, 0.50): 1
484.47: (0.57, 0.82, -0.09)
484.59: (0.57, 0.82, -0.09)
484.71: (0.59, 0.81, -0.06)
484.81: (0.64, 0.77, 0.06)
484.92: (0.72, 0.64, 0.26)
485.04: (0.75, 0.51, 0.42)
485.14: (0.73, 0.54, 0.42)
485.24: (0.70, 0.58, 0.42)
485.36: (0.68, 0.57, 0.47)
485.36: (0.26, -0.02, 0.97): 0
485.36: (0.68, 0.57, 0.47)
485.46: (0.67, 0.56, 0.48)
485.57: (0.67, 0.56, 0.49)
485.69: (0.67, 0.51, 0.54)
485.81: (0.60, 0.33, 0.73)
485.92: (0.48, 0.14, 0.86)
486.04: (0.46, 0.12, 0.88)
486.14: (0.45, 0.11, 0.89)
486.24: (0.38, 0.04, 0.92)
486.36: (0.32, -0.01, 0.95)
486.44: (0.32, -0.01, 0.95)
486.44: (0.37, 0.42, -0.83): 2
486.46: (0.32, -0.01, 0.95)
486.57: (0.31, -0.01, 0.95)
486.67: (0.28, -0.05, 0.96)
486.77: (0.21, -0.14, 0.97)
486.89: (0.09, -0.28, 0.96)
487.01: (-0.04, -0.41, 0.91)
487.12: (-0.11, -0.56, 0.82)
487.22: (-0.11, -0.66, 0.74)
487.32: (-0.16, -0.77, 0.61)
487.44: (-0.23, -0.86, 0.46)
487.56: (-0.26, -0.88, 0.39)
487.67: (-0.05, -0.77, 0.64)
487.77: (0.18, -0.48, 0.86)
487.89: (0.37, -0.21, 0.90)
488.01: (0.51, -0.02, 0.86)
488.11: (0.63, 0.11, 0.77)
488.21: (0.76, 0.21, 0.61)
488.31: (0.83, 0.39, 0.39)
488.42: (0.81, 0.56, 0.18)
488.54: (0.73, 0.68, -0.12)
488.66: (0.61, 0.67, -0.42)
488.76: (0.49, 0.73, -0.47)
488.87: (0.44, 0.76, -0.48)
488.99: (0.45, 0.64, -0.62)
489.11: (0.45, 0.56, -0.70)
489.22: (0.46, 0.51, -0.72)
489.32: (0.46, 0.47, -0.75)
489.44: (0.43, 0.45, -0.78)
489.52: (0.42, 0.45, -0.79)
489.52: (0.42, -0.06, -0.90): 0
489.54: (0.42, 0.45, -0.79)
489.66: (0.41, 0.45, -0.80)
489.77: (0.37, 0.42, -0.83)
489.89: (0.21, 0.26, -0.94)
490.01: (0.15, 0.06, -0.99)
490.12: (0.24, 0.03, -0.97)
490.22: (0.34, 0.00, -0.94)
490.34: (0.39, -0.06, -0.92)
490.46: (0.38, -0.10, -0.92)
490.46: (-0.16, 0.14, -0.98): 0
490.46: (0.38, -0.10, -0.92)
490.57: (0.38, -0.10, -0.92)
490.67: (0.38, -0.10, -0.92)
490.79: (0.33, -0.15, -0.93)
490.91: (0.04, -0.08, -1.00)
491.02: (-0.05, 0.06, -1.00)
491.12: (-0.03, 0.08, -1.00)
491.24: (-0.02, 0.07, -1.00)
491.36: (-0.07, 0.09, -0.99)
491.47: (-0.12, 0.11, -0.99)
491.49: (-0.12, 0.11, -0.99)
491.49: (-0.95, 0.06, -0.30): 1
491.59: (-0.12, 0.11, -0.99)
491.71: (-0.12, 0.11, -0.99)
491.82: (-0.17, 0.13, -0.98)
491.94: (-0.27, 0.20, -0.94)
492.04: (-0.45, 0.25, -0.86)
492.16: (-0.75, 0.23, -0.62)
492.26: (-0.90, 0.10, -0.42)
492.37: (-0.96, -0.04, -0.29)
492.49: (-0.94, -0.01, -0.33)
492.59: (-0.94, 0.02, -0.35)
492.71: (-0.93, 0.07, -0.36)
492.82: (-0.93, 0.07, -0.36)
492.89: (-0.93, 0.07, -0.36)
492.89: (0.73, 0.62, 0.28): 2
492.92: (-0.93, 0.07, -0.36)
493.04: (-0.93, 0.07, -0.36)
493.14: (-0.93, 0.07, -0.36)
493.24: (-0.94, 0.07, -0.34)
493.36: (-0.95, 0.08, -0.30)
493.47: (-0.96, 0.11, -0.25)
493.59: (-0.98, 0.17, -0.11)
493.71: (-0.98, 0.19, -0.02)
493.82: (-0.94, 0.19, -0.28)
493.94: (-0.84, 0.22, -0.50)
494.04: (-0.78, 0.29, -0.56)
494.14: (-0.61, 0.38, -0.69)
494.26: (-0.38, 0.40, -0.83)
494.37: (-0.09, 0.35, -0.93)
494.49: (0.31, 0.30, -0.90)
494.59: (0.52, 0.28, -0.80)
494.71: (0.72, 0.23, -0.66)
494.81: (0.84, 0.21, -0.50)
494.92: (0.98, 0.17, -0.12)
495.04: (0.99, 0.10, 0.06)
495.16: (0.99, 0.13, 0.09)
495.26: (0.94, 0.33, 0.06)
495.36: (0.89, 0.45, 0.08)
495.47: (0.87, 0.48, 0.13)
495.57: (0.84, 0.51, 0.16)
495.69: (0.81, 0.54, 0.22)
495.74: (0.81, 0.55, 0.22)
495.74: (-0.91, -0.30, -0.28): 2
495.81: (0.81, 0.55, 0.22)
495.91: (0.79, 0.56, 0.24)
496.02: (0.78, 0.56, 0.27)
496.14: (0.77, 0.57, 0.30)
496.26: (0.70, 0.59, 0.40)
496.36: (0.68, 0.58, 0.45)
496.47: (0.66, 0.59, 0.46)
496.59: (0.58, 0.68, 0.45)
496.70: (0.57, 0.73, 0.38)
496.81: (0.52, 0.78, 0.34)
496.92: (0.46, 0.70, 0.55)
497.04: (0.42, 0.38, 0.82)
497.15: (0.39, 0.11, 0.92)
497.27: (0.34, 0.01, 0.94)
497.39: (0.20, -0.11, 0.97)
497.50: (0.03, -0.48, 0.88)
497.62: (-0.02, -0.66, 0.75)
497.74: (-0.14, -0.37, 0.92)
497.86: (-0.36, -0.07, 0.93)
497.97: (-0.50, 0.10, 0.86)
498.09: (-0.43, 0.42, 0.80)
498.20: (-0.33, 0.72, 0.61)
498.30: (-0.25, 0.89, 0.39)
498.42: (-0.11, 0.96, 0.27)
498.54: (-0.10, 0.87, 0.47)
498.64: (-0.24, 0.52, 0.82)
498.75: (-0.42, 0.16, 0.89)
498.87: (-0.51, -0.02, 0.86)
498.97: (-0.61, -0.20, 0.76)
499.09: (-0.63, -0.50, 0.59)
499.20: (-0.61, -0.70, 0.37)
499.32: (-0.57, -0.82, 0.10)
499.42: (-0.48, -0.87, -0.13)
499.54: (-0.50, -0.83, -0.26)
499.65: (-0.75, -0.65, -0.13)
499.77: (-0.84, -0.51, -0.19)
499.87: (-0.81, -0.48, -0.34)
499.99: (-0.81, -0.44, -0.38)
500.10: (-0.85, -0.39, -0.35)
500.22: (-0.87, -0.38, -0.32)
500.25: (-0.87, -0.38, -0.31)
500.25: (0.63, 0.15, -0.76): 2
500.32: (-0.87, -0.38, -0.31)
500.44: (-0.87, -0.38, -0.30)
500.55: (-0.88, -0.37, -0.30)
500.67: (-0.88, -0.37, -0.30)
500.79: (-0.87, -0.31, -0.40)
500.90: (-0.84, -0.21, -0.50)
501.00: (-0.83, -0.17, -0.53)
501.12: (-0.80, -0.09, -0.59)
501.24: (-0.68, 0.02, -0.73)
501.35: (-0.50, 0.08, -0.86)
501.47: (-0.20, 0.09, -0.97)
501.59: (0.15, 0.11, -0.98)
501.69: (0.40, 0.19, -0.90)
501.79: (0.51, 0.21, -0.84)
501.90: (0.53, 0.18, -0.83)
502.00: (0.51, 0.18, -0.84)
502.12: (0.52, 0.18, -0.84)
502.22: (0.52, 0.18, -0.84)
502.22: (-0.64, 0.49, -0.59): 1
502.24: (0.52, 0.18, -0.84)
502.34: (0.52, 0.18, -0.84)
502.45: (0.52, 0.18, -0.84)
502.57: (0.31, 0.19, -0.93)
502.69: (0.31, 0.19, -0.93)
502.80: (0.29, 0.21, -0.94)
502.90: (0.28, 0.23, -0.93)
503.02: (0.08, 0.20, -0.98)
503.12: (-0.27, 0.15, -0.95)
503.24: (-0.53, 0.05, -0.85)
503.34: (-0.70, -0.01, -0.72)
503.44: (-0.81, 0.06, -0.59)
503.55: (-0.79, 0.30, -0.54)
503.67: (-0.62, 0.41, -0.67)
503.79: (-0.58, 0.37, -0.72)
503.89: (-0.62, 0.40, -0.67)
504.00: (-0.63, 0.44, -0.64)
504.12: (-0.63, 0.47, -0.61)
504.17: (-0.63, 0.47, -0.61)
504.17: (-0.99, 0.10, 0.02): 2
504.24: (-0.63, 0.47, -0.61)
504.34: (-0.63, 0.47, -0.61)
504.45: (-0.65, 0.47, -0.60)
504.57: (-0.82, 0.34, -0.46)
504.69: (-0.94, 0.25, -0.24)
504.79: (-0.96, 0.24, -0.17)
504.89: (-0.96, 0.24, -0.16)
505.00: (-0.98, 0.21, -0.07)
505.10: (-0.99, 0.15, 0.02)
505.22: (-0.99, 0.13, 0.04)
505.34: (-0.99, 0.11, 0.08)
505.40: (-0.99, 0.09, 0.10)
505.40: (0.57, -0.31, 0.76): 1
505.44: (-0.99, 0.09, 0.10)
505.55: (-0.99, 0.09, 0.10)
505.67: (-0.99, 0.06, 0.13)
505.77: (-0.96, -0.08, 0.28)
505.89: (-0.92, -0.14, 0.37)
506.00: (-0.85, -0.17, 0.50)
506.12: (-0.71, -0.33, 0.63)
506.24: (-0.52, -0.57, 0.64)
506.35: (-0.22, -0.66, 0.72)
506.47: (0.04, -0.52, 0.85)
506.59: (0.20, -0.44, 0.87)
506.70: (0.28, -0.46, 0.84)
506.80: (0.37, -0.43, 0.82)
506.92: (0.47, -0.39, 0.79)
507.04: (0.52, -0.37, 0.77)
507.14: (0.57, -0.34, 0.75)
507.24: (0.58, -0.34, 0.74)
507.24: (-0.98, 0.18, 0.11): 1
507.25: (0.58, -0.34, 0.74)
507.37: (0.58, -0.34, 0.74)
507.49: (0.60, -0.36, 0.71)
507.60: (0.68, -0.38, 0.62)
507.72: (0.72, -0.39, 0.58)
507.84: (0.61, -0.48, 0.63)
507.95: (0.24, -0.55, 0.80)
508.05: (0.02, -0.56, 0.83)
508.17: (-0.24, -0.50, 0.83)
508.29: (-0.50, -0.43, 0.75)
508.40: (-0.81, -0.35, 0.47)
508.52: (-0.98, -0.20, 0.02)
508.64: (-0.99, -0.09, -0.05)
508.75: (-0.97, -0.08, 0.24)
508.87: (-0.93, -0.06, 0.37)
508.99: (-0.95, -0.03, 0.32)
509.10: (-0.97, 0.03, 0.23)
509.22: (-0.98, 0.09, 0.17)
509.34: (-0.98, 0.13, 0.13)
509.39: (-0.99, 0.13, 0.11)
509.39: (-0.78, -0.61, 0.16): 1
509.44: (-0.99, 0.13, 0.11)
509.55: (-0.99, 0.14, 0.09)
509.67: (-0.98, 0.20, -0.01)
509.77: (-0.99, 0.15, -0.07)
509.89: (-0.98, -0.16, 0.08)
510.00: (-0.92, -0.36, 0.18)
510.12: (-0.91, -0.39, 0.17)
510.24: (-0.88, -0.44, 0.17)
510.34: (-0.82, -0.54, 0.18)
510.45: (-0.78, -0.60, 0.18)
510.57: (-0.78, -0.60, 0.18)
510.57: (0.50, 0.86, 0.08): 1
510.57: (-0.78, -0.60, 0.18)
510.69: (-0.78, -0.60, 0.18)
510.80: (-0.79, -0.59, 0.18)
510.92: (-0.81, -0.57, 0.17)
511.04: (-0.88, -0.46, 0.10)
511.15: (-0.96, -0.28, -0.05)
511.25: (-0.98, -0.14, -0.16)
511.35: (-0.95, 0.01, -0.30)
511.47: (-0.85, 0.24, -0.48)
511.59: (-0.75, 0.34, -0.57)
511.70: (-0.78, 0.35, -0.51)
511.82: (-0.99, -0.05, -0.09)
511.92: (-0.95, -0.27, 0.14)
512.04: (-0.88, -0.42, 0.24)
512.15: (-0.75, -0.58, 0.32)
512.25: (-0.60, -0.71, 0.37)
512.37: (-0.31, -0.86, 0.41)
512.47: (-0.05, -0.91, 0.41)
512.57: (0.13, -0.90, 0.43)
512.69: (0.38, -0.79, 0.49)
512.80: (0.48, -0.55, 0.68)
512.92: (0.40, -0.27, 0.87)
513.03: (0.28, -0.08, 0.96)
513.14: (0.14, 0.05, 0.99)
513.24: (0.02, 0.29, 0.96)
513.35: (-0.20, 0.61, 0.76)
513.47: (-0.57, 0.64, 0.51)
513.57: (-0.51, 0.84, 0.17)
513.69: (-0.01, 0.99, -0.12)
513.80: (0.30, 0.95, 0.12)
513.92: (0.30, 0.65, 0.70)
514.03: (0.35, 0.51, 0.78)
514.15: (0.36, 0.66, 0.66)
514.27: (0.37, 0.77, 0.52)
514.37: (0.36, 0.81, 0.47)
514.48: (0.36, 0.85, 0.39)
514.60: (0.41, 0.89, 0.21)
514.72: (0.48, 0.87, 0.09)
514.82: (0.50, 0.86, 0.11)
514.93: (0.53, 0.84, 0.15)
515.00: (0.53, 0.83, 0.15)
515.00: (0.93, -0.37, -0.08): 2
515.05: (0.53, 0.83, 0.15)
515.15: (0.53, 0.83, 0.15)
515.25: (0.53, 0.83, 0.15)
515.37: (0.51, 0.84, 0.18)
515.48: (0.40, 0.87, 0.29)
515.60: (0.23, 0.89, 0.39)
515.70: (-0.01, 0.87, 0.49)
515.82: (0.14, 0.87, 0.48)
515.92: (0.43, 0.82, 0.38)
516.03: (0.67, 0.67, 0.30)
516.13: (0.86, 0.48, 0.19)
516.25: (0.94, 0.34, 0.10)
516.37: (1.00, 0.08, -0.03)
516.48: (0.99, -0.13, -0.09)
516.60: (0.98, -0.20, -0.01)
516.70: (0.98, -0.21, 0.06)
516.80: (0.97, -0.25, 0.07)
516.92: (0.95, -0.30, 0.04)
517.03: (0.95, -0.33, 0.00)
517.15: (0.93, -0.36, -0.04)
517.17: (0.93, -0.37, -0.04)
517.17: (-0.99, -0.03, -0.10): 2
517.25: (0.93, -0.37, -0.04)
517.37: (0.93, -0.38, -0.04)
517.48: (0.91, -0.41, -0.04)
517.60: (0.85, -0.53, -0.03)
517.70: (0.82, -0.57, -0.01)
517.82: (0.84, -0.55, 0.05)
517.93: (0.78, -0.63, 0.00)
518.05: (0.59, -0.80, -0.12)
518.15: (0.38, -0.90, -0.23)
518.27: (0.01, -0.94, -0.34)
518.38: (-0.29, -0.85, -0.43)
518.50: (-0.41, -0.72, -0.56)
518.62: (-0.55, -0.48, -0.68)
518.73: (-0.70, -0.27, -0.66)
518.83: (-0.77, -0.27, -0.58)
518.95: (-0.84, -0.18, -0.51)
519.07: (-0.89, -0.23, -0.39)
519.17: (-0.91, -0.23, -0.35)
519.28: (-0.94, -0.18, -0.28)
519.40: (-0.98, -0.10, -0.18)
519.52: (-0.99, -0.05, -0.13)
519.62: (-1.00, 0.00, -0.10)
519.72: (-1.00, 0.02, -0.09)
519.77: (-1.00, 0.02, -0.09)
519.77: (0.29, -0.95, 0.12): 0
519.82: (-1.00, 0.02, -0.09)
519.93: (-1.00, 0.03, -0.08)
520.05: (-1.00, 0.03, -0.08)
520.17: (-0.98, 0.16, 0.09)
520.28: (-0.97, 0.13, 0.18)
520.38: (-0.99, -0.04, 0.12)
520.50: (-0.92, -0.39, -0.07)
520.62: (-0.78, -0.57, -0.25)
520.73: (-0.69, -0.63, -0.35)
520.85: (-0.47, -0.74, -0.48)
520.97: (-0.22, -0.84, -0.49)
521.08: (0.09, -0.91, -0.40)
521.20: (0.33, -0.88, -0.33)
521.30: (0.54, -0.80, -0.25)
521.42: (0.59, -0.79, -0.14)
521.53: (0.32, -0.94, -0.05)
521.65: (0.16, -0.99, -0.05)
521.75: (0.19, -0.98, -0.06)
521.87: (0.23, -0.97, -0.02)
521.98: (0.22, -0.97, 0.05)
522.10: (0.25, -0.96, 0.10)
522.17: (0.26, -0.96, 0.12)
522.17: (0.50, -0.35, 0.79): 0
522.20: (0.26, -0.96, 0.13)
522.32: (0.27, -0.96, 0.12)
522.42: (0.28, -0.95, 0.11)
522.53: (0.30, -0.95, 0.09)
522.65: (0.39, -0.92, 0.03)
522.75: (0.51, -0.86, -0.05)
522.87: (0.63, -0.77, -0.06)
522.97: (0.76, -0.65, -0.05)
523.07: (0.86, -0.51, 0.02)
523.18: (0.93, -0.35, 0.07)
523.30: (0.98, -0.17, 0.12)
523.42: (0.99, 0.04, 0.16)
523.52: (0.95, 0.23, 0.21)
523.63: (0.85, 0.43, 0.30)
523.75: (0.72, 0.62, 0.31)
523.85: (0.60, 0.74, 0.30)
523.95: (0.50, 0.83, 0.24)
524.05: (0.33, 0.94, 0.07)
524.17: (0.60, 0.78, -0.19)
524.28: (0.76, 0.56, -0.34)
524.40: (0.72, 0.53, -0.44)
524.50: (0.73, 0.43, -0.53)
524.62: (0.83, 0.06, -0.55)
524.73: (0.80, -0.49, -0.35)
524.85: (0.72, -0.69, -0.06)
524.97: (0.60, -0.76, 0.25)
525.07: (0.42, -0.78, 0.47)
525.18: (0.28, -0.74, 0.61)
525.28: (0.47, -0.66, 0.59)
525.40: (0.65, -0.48, 0.59)
525.50: (0.65, -0.42, 0.64)
525.62: (0.52, -0.41, 0.75)
525.73: (0.46, -0.45, 0.77)
525.83: (0.44, -0.46, 0.78)
525.83: (-0.07, 0.93, 0.36): 1
525.83: (0.44, -0.46, 0.78)
525.95: (0.44, -0.46, 0.78)
526.05: (0.44, -0.46, 0.77)
526.17: (0.44, -0.46, 0.77)
526.28: (0.38, -0.46, 0.80)
526.40: (0.18, -0.42, 0.89)
526.52: (0.01, -0.38, 0.93)
526.63: (-0.19, -0.34, 0.92)
526.73: (-0.35, -0.36, 0.86)
526.85: (-0.57, -0.40, 0.72)
526.97: (-0.79, -0.33, 0.52)
527.08: (-0.92, -0.18, 0.35)
527.18: (-0.97, -0.06, 0.21)
527.30: (-1.00, 0.03, 0.02)
527.40: (-0.98, 0.13, -0.18)
527.52: (-0.85, 0.31, -0.43)
527.62: (-0.66, 0.47, -0.58)
527.73: (-0.39, 0.55, -0.74)
527.83: (-0.01, 0.56, -0.83)
527.95: (0.33, 0.50, -0.80)
528.07: (0.60, 0.44, -0.67)
528.18: (0.85, 0.29, -0.44)
528.28: (0.97, 0.13, -0.22)
528.40: (0.99, -0.13, 0.06)
528.50: (0.96, -0.27, 0.10)
528.60: (0.98, 0.01, -0.19)
528.72: (0.84, 0.36, -0.41)
528.83: (0.71, 0.54, -0.45)
528.95: (0.59, 0.70, -0.41)
529.05: (0.49, 0.82, -0.31)
529.17: (0.35, 0.92, -0.18)
529.28: (0.21, 0.98, -0.05)
529.40: (0.02, 0.99, 0.17)
529.51: (-0.06, 0.96, 0.27)
529.62: (-0.06, 0.96, 0.28)
529.73: (-0.02, 0.96, 0.28)
529.76: (-0.02, 0.96, 0.28)
529.76: (0.42, -0.53, 0.73): 0
529.85: (-0.01, 0.96, 0.28)
529.96: (-0.01, 0.96, 0.28)
530.07: (-0.01, 0.96, 0.28)
530.18: (-0.04, 0.94, 0.35)
530.30: (0.03, 0.89, 0.45)
530.42: (0.13, 0.84, 0.53)
530.52: (0.23, 0.77, 0.60)
530.63: (0.32, 0.67, 0.67)
530.75: (0.41, 0.65, 0.64)
530.85: (0.35, 0.81, 0.47)
530.97: (0.35, 0.81, 0.47)
531.08: (0.35, 0.81, 0.47)
531.20: (0.35, 0.81, 0.47)
531.31: (0.42, 0.80, 0.42)
531.43: (0.60, 0.64, 0.48)
531.53: (0.65, 0.51, 0.57)
531.65: (0.60, 0.36, 0.72)
531.76: (0.64, 0.12, 0.76)
531.88: (0.64, -0.42, 0.65)
532.00: (0.49, -0.76, 0.43)
532.10: (0.47, -0.70, 0.54)
532.21: (0.48, -0.53, 0.70)
532.31: (0.47, -0.51, 0.72)
532.41: (0.46, -0.50, 0.73)
532.53: (0.47, -0.46, 0.76)
532.65: (0.47, -0.44, 0.76)
532.73: (0.47, -0.45, 0.76)
532.73: (0.63, -0.32, -0.71): 2
532.75: (0.47, -0.45, 0.76)
532.86: (0.47, -0.45, 0.76)
532.98: (0.48, -0.45, 0.76)
533.08: (0.48, -0.45, 0.76)
533.18: (0.48, -0.42, 0.77)
533.30: (0.49, -0.40, 0.78)
533.41: (0.50, -0.37, 0.78)
533.53: (0.50, -0.36, 0.79)
533.63: (0.51, -0.37, 0.78)
533.75: (0.52, -0.40, 0.75)
533.86: (0.55, -0.42, 0.72)
533.98: (0.65, -0.53, 0.54)
534.10: (0.74, -0.62, 0.24)
534.20: (0.76, -0.64, 0.12)
534.31: (0.73, -0.68, 0.00)
534.43: (0.65, -0.73, -0.20)
534.55: (0.44, -0.76, -0.48)
534.65: (0.16, -0.73, -0.66)
534.76: (-0.09, -0.70, -0.70)
534.88: (-0.12, -0.64, -0.76)
534.98: (0.12, -0.62, -0.77)
535.10: (0.35, -0.56, -0.75)
535.20: (0.38, -0.52, -0.76)
535.31: (0.43, -0.45, -0.78)
535.41: (0.51, -0.41, -0.76)
535.53: (0.54, -0.39, -0.75)
535.58: (0.54, -0.38, -0.75)
535.58: (0.96, 0.03, -0.29): 2
535.63: (0.54, -0.38, -0.75)
535.75: (0.57, -0.36, -0.74)
535.85: (0.60, -0.37, -0.71)
535.95: (0.64, -0.38, -0.67)
536.06: (0.79, -0.31, -0.53)
536.16: (0.88, -0.20, -0.44)
536.28: (0.90, -0.14, -0.41)
536.40: (0.91, -0.08, -0.40)
536.51: (0.93, -0.02, -0.36)
536.61: (0.94, 0.00, -0.35)
536.61: (-0.69, -0.43, 0.57): 0
536.63: (0.94, 0.00, -0.35)
536.73: (0.94, 0.01, -0.34)
536.85: (0.94, 0.02, -0.34)
536.96: (0.94, 0.02, -0.34)
537.08: (0.94, 0.03, -0.33)
537.18: (0.96, 0.05, -0.27)
537.28: (0.99, 0.12, -0.03)
537.40: (0.98, 0.16, 0.14)
537.51: (0.98, 0.16, 0.14)
537.63: (0.98, 0.16, 0.14)
537.73: (0.96, 0.19, 0.18)
537.85: (0.90, 0.23, 0.36)
537.96: (0.76, 0.25, 0.60)
538.06: (0.70, 0.23, 0.68)
538.18: (0.50, 0.23, 0.84)
538.30: (0.29, 0.20, 0.94)
538.41: (0.07, 0.15, 0.99)
538.53: (-0.12, 0.09, 0.99)
538.63: (-0.41, 0.08, 0.91)
538.73: (-0.70, 0.04, 0.71)
538.85: (-0.81, 0.00, 0.59)
538.95: (-0.91, -0.08, 0.41)
539.06: (-0.91, -0.22, 0.35)
539.18: (-0.84, -0.30, 0.46)
539.28: (-0.71, -0.28, 0.64)
539.38: (-0.70, -0.27, 0.66)
539.50: (-0.74, -0.33, 0.59)
539.61: (-0.74, -0.37, 0.56)
539.71: (-0.73, -0.39, 0.56)
539.75: (-0.73, -0.39, 0.56)
539.75: (0.24, -0.61, -0.75): 0
539.83: (-0.73, -0.39, 0.56)
539.93: (-0.73, -0.39, 0.56)
540.05: (-0.74, -0.39, 0.54)
540.16: (-0.77, -0.40, 0.49)
540.26: (-0.81, -0.40, 0.43)
540.38: (-0.88, -0.44, 0.20)
540.48: (-0.89, -0.46, -0.03)
540.60: (-0.90, -0.42, -0.10)
540.71: (-0.90, -0.35, -0.24)
540.83: (-0.83, -0.32, -0.45)
540.95: (-0.66, -0.25, -0.71)
541.05: (-0.45, -0.14, -0.88)
541.15: (-0.16, 0.05, -0.99)
541.26: (0.10, 0.20, -0.97)
541.38: (0.47, 0.36, -0.81)
541.50: (0.75, 0.45, -0.49)
541.60: (0.79, 0.52, -0.33)
541.71: (0.78, 0.52, -0.34)
541.81: (0.78, 0.52, -0.34)
541.93: (0.72, 0.58, -0.39)
542.03: (0.37, 0.67, -0.65)
542.15: (-0.11, 0.53, -0.84)
542.26: (-0.30, 0.38, -0.88)
542.36: (-0.36, 0.24, -0.90)
542.48: (-0.65, -0.04, -0.76)
542.60: (-0.87, -0.20, -0.45)
542.70: (-0.92, -0.29, -0.25)
542.81: (-0.91, -0.41, 0.01)
542.91: (-0.82, -0.52, 0.25)
543.01: (-0.63, -0.60, 0.49)
543.13: (-0.21, -0.77, 0.60)
543.25: (0.00, -0.90, 0.44)
543.36: (0.12, -0.99, 0.09)
543.46: (0.37, -0.92, -0.06)
543.58: (0.64, -0.76, -0.09)
543.70: (0.88, -0.43, -0.18)
543.81: (0.91, -0.09, -0.40)
543.93: (0.84, 0.14, -0.52)
544.03: (0.74, 0.26, -0.61)
544.15: (0.54, 0.61, -0.58)
544.26: (0.20, 0.95, -0.25)
544.38: (0.07, 0.93, 0.37)
544.48: (0.22, 0.50, 0.84)
544.60: (0.37, -0.09, 0.92)
544.71: (0.48, -0.51, 0.72)
544.83: (0.61, -0.68, 0.41)
544.93: (0.84, -0.49, 0.23)
545.05: (0.97, 0.15, 0.18)
545.16: (0.58, 0.81, 0.11)
545.28: (-0.03, 1.00, 0.02)
545.40: (-0.51, 0.86, -0.07)
545.51: (-0.83, 0.55, -0.06)
545.61: (-0.99, 0.16, -0.02)
545.73: (-0.94, -0.33, -0.05)
545.83: (-0.71, -0.70, -0.07)
545.95: (-0.34, -0.94, -0.06)
546.06: (0.00, -1.00, -0.07)
546.18: (0.41, -0.90, -0.12)
546.29: (0.73, -0.64, -0.22)
546.41: (0.88, -0.35, -0.31)
546.51: (0.76, -0.48, -0.45)
546.63: (0.47, -0.69, -0.55)
546.75: (0.33, -0.71, -0.62)
546.86: (0.30, -0.69, -0.66)
546.98: (0.25, -0.66, -0.70)
547.09: (0.24, -0.63, -0.74)
547.18: (0.26, -0.60, -0.75)
547.18: (-0.03, 0.34, 0.94): 2
547.21: (0.27, -0.60, -0.75)
547.31: (0.28, -0.60, -0.75)
547.43: (0.26, -0.54, -0.80)
547.53: (0.27, -0.51, -0.82)
547.65: (0.29, -0.42, -0.86)
547.76: (0.36, -0.20, -0.91)
547.88: (0.36, -0.11, -0.93)
547.98: (0.38, -0.06, -0.92)
548.09: (0.44, 0.15, -0.89)
548.21: (0.50, 0.29, -0.81)
548.33: (0.52, 0.32, -0.79)
548.44: (0.52, 0.35, -0.78)
548.56: (0.55, 0.45, -0.71)
548.68: (0.56, 0.52, -0.64)
548.79: (0.56, 0.52, -0.64)
548.91: (0.56, 0.52, -0.64)
549.03: (0.57, 0.53, -0.63)
549.13: (0.59, 0.64, -0.49)
549.24: (0.52, 0.81, -0.27)
549.36: (0.44, 0.75, -0.49)
549.48: (0.37, 0.53, -0.76)
549.59: (0.52, 0.55, -0.65)
549.71: (0.62, 0.76, -0.21)
549.83: (0.60, 0.80, 0.04)
549.94: (0.50, 0.81, 0.30)
550.06: (0.37, 0.80, 0.47)
550.16: (0.36, 0.79, 0.50)
550.28: (0.35, 0.79, 0.51)
550.39: (0.34, 0.78, 0.53)
550.49: (0.20, 0.71, 0.68)
550.61: (0.00, 0.52, 0.85)
550.73: (-0.04, 0.45, 0.89)
550.83: (-0.02, 0.45, 0.89)
550.94: (0.01, 0.38, 0.92)
551.06: (0.01, 0.28, 0.96)
551.16: (0.00, 0.24, 0.97)
551.18: (0.00, 0.24, 0.97)
551.18: (-0.34, 0.35, 0.87): 1
551.28: (0.00, 0.25, 0.97)
551.39: (0.00, 0.25, 0.97)
551.51: (-0.02, 0.24, 0.97)
551.63: (-0.17, 0.29, 0.94)
551.74: (-0.29, 0.28, 0.91)
551.86: (-0.32, 0.29, 0.90)
551.96: (-0.32, 0.32, 0.89)
552.01: (-0.33, 0.33, 0.88)
552.01: (-0.33, -0.80, -0.50): 2
552.08: (-0.33, 0.33, 0.88)
552.18: (-0.33, 0.33, 0.88)
552.29: (-0.34, 0.33, 0.88)
552.41: (-0.35, 0.33, 0.88)
552.53: (-0.39, 0.31, 0.87)
552.64: (-0.51, 0.20, 0.84)
552.74: (-0.62, 0.12, 0.78)
552.86: (-0.72, 0.24, 0.65)
552.98: (-0.92, 0.18, 0.35)
553.09: (-0.99, 0.04, 0.13)
553.19: (-0.99, -0.11, 0.04)
553.31: (-0.97, -0.25, -0.03)
553.41: (-0.88, -0.43, -0.18)
553.53: (-0.78, -0.57, -0.25)
553.64: (-0.60, -0.73, -0.32)
553.74: (-0.42, -0.80, -0.42)
553.84: (-0.38, -0.80, -0.45)
553.96: (-0.42, -0.79, -0.45)
554.08: (-0.43, -0.78, -0.46)
554.18: (-0.40, -0.79, -0.47)
554.28: (-0.37, -0.78, -0.50)
554.39: (-0.36, -0.78, -0.50)
554.41: (-0.36, -0.78, -0.50)
554.41: (0.72, 0.17, -0.67): 1
554.51: (-0.36, -0.78, -0.50)
554.61: (-0.36, -0.78, -0.50)
554.73: (-0.36, -0.79, -0.50)
554.84: (-0.37, -0.80, -0.48)
554.96: (-0.37, -0.80, -0.48)
555.08: (-0.37, -0.80, -0.48)
555.19: (-0.33, -0.80, -0.50)
555.29: (0.05, -0.75, -0.66)
555.41: (0.18, -0.72, -0.67)
555.53: (0.40, -0.65, -0.65)
555.63: (0.57, -0.57, -0.59)
555.74: (0.82, -0.31, -0.49)
555.84: (0.84, -0.19, -0.51)
555.96: (0.72, -0.20, -0.67)
556.08: (0.71, -0.11, -0.69)
556.18: (0.74, -0.01, -0.67)
556.29: (0.74, 0.07, -0.67)
556.41: (0.74, 0.12, -0.67)
556.44: (0.74, 0.12, -0.67)
556.44: (0.97, -0.22, -0.01): 2
556.51: (0.74, 0.12, -0.67)
556.63: (0.74, 0.12, -0.67)
556.73: (0.74, 0.12, -0.67)
556.84: (0.75, 0.25, -0.61)
556.96: (0.75, 0.25, -0.61)
557.06: (0.72, 0.27, -0.64)
557.18: (0.67, 0.26, -0.69)
557.29: (0.63, 0.25, -0.73)
557.39: (0.58, 0.24, -0.78)
557.49: (0.58, 0.24, -0.78)
557.61: (0.52, 0.25, -0.82)
557.73: (0.35, 0.27, -0.90)
557.84: (0.25, 0.26, -0.93)
557.94: (0.15, 0.20, -0.97)
558.06: (-0.26, -0.03, -0.96)
558.18: (-0.52, 0.02, -0.86)
558.28: (-0.54, 0.04, -0.84)
558.39: (-0.54, 0.04, -0.84)
558.51: (-0.72, -0.08, -0.69)
558.61: (-0.91, -0.12, -0.39)
558.73: (-0.98, -0.08, -0.19)
558.83: (-0.95, 0.03, -0.31)
558.94: (-0.89, 0.16, -0.43)
559.06: (-0.80, 0.28, -0.53)
559.18: (-0.53, 0.48, -0.70)
559.28: (-0.37, 0.51, -0.78)
559.39: (-0.42, 0.39, -0.82)
559.49: (-0.55, 0.26, -0.80)
559.61: (-0.73, 0.08, -0.68)
559.73: (-0.91, -0.14, -0.38)
559.83: (-0.95, -0.32, 0.04)
559.94: (-0.87, -0.38, 0.30)
560.06: (-0.87, -0.38, 0.30)
560.16: (-0.87, -0.38, 0.30)
560.28: (-0.86, -0.19, 0.47)
560.39: (-0.90, 0.13, 0.41)
560.51: (-0.96, 0.26, -0.01)
560.61: (-0.96, 0.26, -0.01)
560.73: (-0.97, 0.23, 0.00)
560.84: (-0.89, 0.09, 0.46)
560.94: (-0.67, -0.18, 0.72)
561.06: (-0.60, -0.42, 0.68)
561.18: (-0.27, -0.71, 0.65)
561.28: (0.21, -0.82, 0.53)
561.39: (0.62, -0.73, 0.29)
561.49: (0.79, -0.61, 0.06)
561.61: (0.81, -0.55, -0.22)
561.71: (0.73, -0.68, -0.09)
561.83: (0.70, -0.68, 0.21)
561.94: (0.79, -0.55, 0.25)
562.04: (0.85, -0.50, 0.18)
562.16: (0.87, -0.48, 0.12)
562.28: (0.91, -0.42, 0.01)
562.38: (0.95, -0.31, -0.06)
562.49: (0.96, -0.26, -0.05)
562.59: (0.97, -0.22, -0.04)
562.71: (0.98, -0.20, -0.03)
562.71: (-0.86, 0.49, 0.16): 2
562.71: (0.98, -0.20, -0.03)
562.81: (0.98, -0.20, -0.03)
562.93: (0.98, -0.20, -0.04)
563.04: (0.98, -0.19, -0.06)
563.16: (0.99, -0.13, -0.12)
563.28: (0.99, -0.03, -0.16)
563.38: (0.98, 0.06, -0.19)
563.49: (0.91, 0.31, -0.26)
563.61: (0.86, 0.42, -0.29)
563.72: (0.73, 0.59, -0.36)
563.84: (0.63, 0.64, -0.43)
563.96: (0.61, 0.65, -0.45)
564.06: (0.60, 0.65, -0.46)
564.17: (0.59, 0.65, -0.48)
564.28: (0.57, 0.65, -0.49)
564.39: (0.57, 0.65, -0.50)
564.51: (0.54, 0.64, -0.55)
564.62: (0.18, 0.81, -0.56)
564.74: (-0.06, 0.85, -0.53)
564.86: (-0.20, 0.81, -0.55)
564.97: (-0.38, 0.77, -0.51)
565.09: (-0.70, 0.64, -0.32)
565.21: (-0.95, 0.30, -0.02)
565.32: (-0.96, 0.26, 0.14)
565.44: (-0.90, 0.41, 0.16)
565.54: (-0.87, 0.48, 0.13)
565.66: (-0.84, 0.52, 0.13)
565.77: (-0.83, 0.55, 0.14)
565.87: (-0.84, 0.53, 0.13)
565.87: (0.07, -0.26, 0.96): 0
565.89: (-0.84, 0.53, 0.13)
566.01: (-0.85, 0.52, 0.13)
566.11: (-0.85, 0.51, 0.13)
566.21: (-0.87, 0.47, 0.13)
566.32: (-0.90, 0.40, 0.15)
566.44: (-0.93, 0.29, 0.21)
566.56: (-0.92, 0.07, 0.38)
566.67: (-0.72, -0.34, 0.61)
566.79: (-0.33, -0.65, 0.69)
566.91: (-0.07, -0.70, 0.71)
567.01: (0.11, -0.67, 0.73)
567.12: (0.34, -0.62, 0.70)
567.22: (0.37, -0.58, 0.73)
567.34: (0.21, -0.51, 0.84)
567.46: (0.14, -0.47, 0.87)
567.56: (0.13, -0.41, 0.90)
567.67: (0.10, -0.34, 0.93)
567.77: (0.08, -0.30, 0.95)
567.84: (0.08, -0.30, 0.95)
567.84: (-0.44, -0.35, -0.83): 2
567.89: (0.08, -0.30, 0.95)
568.01: (0.08, -0.29, 0.95)
568.12: (0.06, -0.28, 0.96)
568.24: (0.05, -0.28, 0.96)
568.36: (0.02, -0.27, 0.96)
568.46: (-0.02, -0.24, 0.97)
568.57: (-0.05, -0.22, 0.97)
568.67: (-0.09, -0.19, 0.98)
568.79: (-0.22, -0.13, 0.97)
568.91: (-0.42, -0.07, 0.90)
569.01: (-0.60, -0.01, 0.80)
569.12: (-0.62, 0.01, 0.78)
569.24: (-0.67, 0.08, 0.74)
569.36: (-0.76, 0.11, 0.64)
569.47: (-0.92, 0.25, 0.31)
569.59: (-0.96, 0.27, -0.04)
569.71: (-0.95, 0.27, -0.15)
569.82: (-0.89, 0.41, -0.21)
569.92: (-0.80, 0.57, -0.20)
570.04: (-0.69, 0.60, -0.40)
570.16: (-0.55, 0.55, -0.63)
570.27: (-0.48, 0.59, -0.65)
570.39: (-0.37, 0.61, -0.70)
570.49: (-0.37, 0.58, -0.72)
570.61: (-0.20, 0.38, -0.90)
570.72: (0.08, 0.38, -0.92)
570.82: (0.17, 0.58, -0.80)
570.94: (0.28, 0.71, -0.64)
571.06: (0.36, 0.78, -0.51)
571.16: (0.35, 0.86, -0.38)
571.27: (0.18, 0.96, -0.22)
571.39: (0.06, 0.99, -0.14)
571.49: (-0.15, 0.99, 0.06)
571.61: (-0.43, 0.82, 0.37)
571.72: (-0.52, 0.67, 0.53)
571.84: (-0.58, 0.52, 0.63)
571.96: (-0.65, 0.33, 0.69)
572.06: (-0.72, 0.09, 0.68)
572.17: (-0.76, -0.23, 0.61)
572.29: (-0.74, -0.46, 0.48)
572.41: (-0.70, -0.64, 0.32)
572.52: (-0.64, -0.77, 0.05)
572.62: (-0.53, -0.83, -0.14)
572.72: (-0.46, -0.87, -0.19)
572.84: (-0.33, -0.91, -0.26)
572.96: (-0.03, -0.89, -0.45)
573.07: (0.16, -0.78, -0.61)
573.19: (-0.02, -0.73, -0.68)
573.29: (-0.25, -0.69, -0.68)
573.41: (-0.38, -0.61, -0.70)
573.52: (-0.38, -0.51, -0.77)
573.64: (-0.37, -0.45, -0.81)
573.76: (-0.38, -0.39, -0.84)
573.87: (-0.39, -0.35, -0.85)
573.92: (-0.39, -0.35, -0.85)
573.92: (-0.87, 0.39, -0.31): 0
573.97: (-0.39, -0.35, -0.85)
574.09: (-0.39, -0.35, -0.85)
574.21: (-0.39, -0.35, -0.85)
574.31: (-0.41, -0.35, -0.84)
574.42: (-0.43, -0.36, -0.83)
574.54: (-0.45, -0.38, -0.81)
574.66: (-0.47, -0.38, -0.79)
574.77: (-0.50, -0.40, -0.77)
574.89: (-0.51, -0.42, -0.75)
574.99: (-0.52, -0.43, -0.74)
575.11: (-0.55, -0.45, -0.70)
575.21: (-0.66, -0.51, -0.55)
575.32: (-0.83, -0.54, -0.13)
575.42: (-0.88, -0.46, 0.11)
575.54: (-0.88, -0.41, 0.23)
575.66: (-0.88, -0.36, 0.30)
575.77: (-0.89, -0.39, 0.23)
575.89: (-0.90, -0.44, -0.01)
576.01: (-0.83, -0.51, -0.21)
576.12: (-0.66, -0.65, -0.37)
576.22: (-0.41, -0.78, -0.47)
576.32: (-0.19, -0.83, -0.53)
576.44: (0.11, -0.79, -0.60)
576.56: (0.26, -0.71, -0.66)
576.67: (0.26, -0.71, -0.66)
576.79: (0.32, -0.66, -0.68)
576.91: (0.74, -0.25, -0.62)
577.01: (0.75, 0.16, -0.64)
577.12: (0.45, 0.13, -0.88)
577.24: (0.17, -0.10, -0.98)
577.36: (0.06, -0.24, -0.97)
577.46: (-0.04, -0.53, -0.85)
577.57: (-0.21, -0.71, -0.68)
577.69: (-0.41, -0.83, -0.39)
577.79: (-0.49, -0.87, -0.08)
577.91: (-0.48, -0.83, 0.29)
578.02: (-0.43, -0.65, 0.63)
578.14: (-0.32, -0.47, 0.82)
578.26: (0.09, -0.02, 1.00)
578.37: (0.43, 0.39, 0.82)
578.49: (0.61, 0.64, 0.47)
578.61: (0.69, 0.72, -0.10)
578.71: (0.65, 0.62, -0.43)
578.82: (0.63, 0.55, -0.55)
578.94: (0.56, 0.29, -0.78)
579.04: (0.31, -0.04, -0.95)
579.16: (-0.07, -0.30, -0.95)
579.27: (-0.28, -0.57, -0.77)
579.39: (-0.15, -0.85, -0.50)
579.49: (-0.08, -0.98, -0.17)
579.61: (-0.19, -0.95, 0.26)
579.71: (-0.33, -0.79, 0.52)
579.82: (-0.40, -0.37, 0.84)
579.94: (-0.15, 0.14, 0.98)
580.06: (0.41, 0.31, 0.86)
580.17: (0.86, 0.20, 0.47)
580.29: (0.97, -0.19, -0.13)
580.41: (0.71, -0.63, -0.30)
580.52: (0.06, -1.00, -0.07)
580.64: (-0.64, -0.75, 0.17)
580.74: (-0.94, -0.21, 0.25)
580.85: (-0.90, 0.38, 0.20)
580.97: (-0.65, 0.75, 0.15)
581.07: (-0.36, 0.92, 0.14)
581.19: (-0.10, 0.99, 0.11)
581.30: (-0.42, 0.90, 0.13)
581.42: (-0.57, 0.82, 0.08)
581.52: (-0.66, 0.75, 0.01)
581.62: (-0.71, 0.69, -0.11)
581.74: (-0.77, 0.61, -0.22)
581.85: (-0.78, 0.59, -0.21)
581.97: (-0.83, 0.52, -0.21)
582.07: (-0.85, 0.49, -0.22)
582.19: (-0.86, 0.47, -0.22)
582.20: (-0.86, 0.47, -0.22)
582.20: (-0.03, 0.95, 0.31): 0
582.29: (-0.86, 0.47, -0.22)
582.40: (-0.86, 0.45, -0.23)
582.50: (-0.86, 0.45, -0.23)
582.62: (-0.86, 0.45, -0.23)
582.74: (-0.86, 0.45, -0.23)
582.85: (-0.88, 0.41, -0.24)
582.95: (-0.89, 0.39, -0.24)
583.07: (-0.80, 0.54, -0.26)
583.19: (-0.62, 0.75, -0.23)
583.30: (-0.47, 0.87, -0.14)
583.42: (-0.17, 0.98, -0.05)
583.52: (0.07, 1.00, 0.04)
583.64: (0.00, 0.99, 0.12)
583.75: (-0.16, 0.96, 0.21)
583.85: (-0.19, 0.94, 0.29)
583.97: (-0.17, 0.92, 0.34)
584.09: (-0.15, 0.92, 0.37)
584.14: (-0.15, 0.92, 0.37)
584.14: (0.99, 0.08, 0.09): 2
584.20: (-0.15, 0.92, 0.37)
584.32: (-0.16, 0.92, 0.36)
584.42: (-0.17, 0.93, 0.34)
584.54: (-0.18, 0.93, 0.33)
584.65: (-0.20, 0.93, 0.32)
584.77: (-0.22, 0.93, 0.31)
584.89: (-0.25, 0.92, 0.29)
584.99: (-0.30, 0.91, 0.28)
585.10: (-0.41, 0.89, 0.18)
585.22: (-0.39, 0.91, 0.16)
585.34: (-0.28, 0.93, 0.22)
585.44: (-0.20, 0.93, 0.31)
585.55: (-0.14, 0.93, 0.35)
585.67: (-0.03, 0.93, 0.37)
585.77: (0.09, 0.91, 0.40)
585.89: (0.23, 0.86, 0.45)
586.00: (0.40, 0.76, 0.52)
586.12: (0.55, 0.61, 0.57)
586.24: (0.64, 0.48, 0.60)
586.35: (0.73, 0.43, 0.54)
586.45: (0.86, 0.38, 0.36)
586.57: (0.92, 0.32, 0.21)
586.67: (0.94, 0.30, 0.18)
586.79: (0.96, 0.23, 0.15)
586.90: (0.99, 0.14, 0.09)
587.02: (0.99, 0.10, 0.08)
587.02: (0.67, 0.05, 0.74): 1
587.02: (0.99, 0.10, 0.08)
587.12: (0.99, 0.10, 0.08)
587.24: (0.99, 0.10, 0.08)
587.35: (0.99, 0.10, 0.08)
587.47: (0.97, 0.20, 0.11)
587.57: (0.93, 0.34, 0.15)
587.69: (0.85, 0.50, 0.19)
587.79: (0.75, 0.62, 0.24)
587.89: (0.73, 0.64, 0.23)
588.00: (0.73, 0.64, 0.22)
588.10: (0.73, 0.65, 0.21)
588.22: (0.72, 0.66, 0.21)
588.32: (0.72, 0.66, 0.21)
588.42: (0.72, 0.66, 0.21)
588.54: (0.72, 0.66, 0.21)
588.64: (0.72, 0.66, 0.21)
588.75: (0.72, 0.66, 0.21)
588.87: (0.72, 0.66, 0.21)
588.99: (0.70, 0.68, 0.22)
589.10: (0.65, 0.71, 0.26)
589.20: (0.65, 0.71, 0.26)
589.32: (0.65, 0.71, 0.26)
589.44: (0.66, 0.71, 0.25)
589.55: (0.73, 0.65, 0.20)
589.65: (0.83, 0.54, 0.13)
589.77: (0.95, 0.31, -0.02)
589.87: (0.98, 0.03, -0.19)
589.99: (0.92, -0.25, -0.30)
590.10: (0.76, -0.58, -0.29)
590.20: (0.57, -0.79, -0.20)
590.32: (0.51, -0.85, -0.15)
590.42: (0.51, -0.86, -0.07)
590.54: (0.54, -0.84, -0.07)
590.65: (0.57, -0.81, -0.09)
590.75: (0.59, -0.80, -0.09)
590.87: (0.61, -0.78, -0.10)
590.99: (0.64, -0.75, -0.13)
591.10: (0.68, -0.72, -0.14)
591.20: (0.80, -0.58, -0.14)
591.32: (0.99, -0.14, -0.10)
591.44: (0.97, 0.23, 0.07)
591.55: (0.89, 0.41, 0.22)
591.67: (0.72, 0.60, 0.35)
591.77: (0.52, 0.74, 0.42)
591.89: (0.27, 0.82, 0.51)
591.99: (0.44, 0.64, 0.62)
592.09: (0.64, 0.42, 0.64)
592.20: (0.66, 0.39, 0.64)
592.32: (0.69, 0.29, 0.66)
592.44: (0.70, 0.15, 0.70)
592.55: (0.68, 0.09, 0.73)
592.65: (0.67, 0.07, 0.74)
592.77: (0.65, 0.02, 0.76)
592.80: (0.65, 0.02, 0.76)
592.80: (0.88, 0.37, -0.29): 1
592.89: (0.65, 0.02, 0.76)
593.00: (0.66, 0.02, 0.75)
593.10: (0.66, 0.06, 0.75)
593.22: (0.65, 0.15, 0.74)
593.34: (0.66, 0.21, 0.73)
593.45: (0.66, 0.23, 0.72)
593.57: (0.65, 0.25, 0.72)
593.69: (0.64, 0.27, 0.72)
593.79: (0.64, 0.28, 0.72)
593.90: (0.63, 0.30, 0.72)
594.02: (0.63, 0.30, 0.71)
594.14: (0.64, 0.30, 0.71)
594.25: (0.64, 0.30, 0.71)
594.37: (0.79, 0.17, 0.58)
594.47: (0.94, -0.14, 0.32)
594.57: (0.93, -0.33, 0.17)
594.67: (0.82, -0.55, 0.15)
594.79: (0.66, -0.73, 0.18)
594.90: (0.48, -0.88, 0.05)
595.02: (0.27, -0.93, -0.25)
595.14: (0.10, -0.84, -0.54)
595.25: (0.02, -0.61, -0.79)
595.37: (0.34, -0.48, -0.81)
595.49: (0.67, -0.34, -0.66)
595.60: (0.81, -0.20, -0.55)
595.70: (0.92, -0.18, -0.35)
595.82: (0.99, -0.15, 0.01)
595.94: (1.00, -0.07, 0.01)
596.04: (0.99, -0.04, -0.10)
596.15: (0.90, -0.05, -0.43)
596.27: (0.86, -0.03, -0.52)
596.38: (0.88, -0.05, -0.48)
596.49: (0.88, -0.05, -0.48)
596.60: (0.88, -0.05, -0.48)
596.72: (0.88, -0.05, -0.48)
596.82: (0.88, 0.02, -0.47)
596.94: (0.90, 0.15, -0.41)
597.05: (0.89, 0.29, -0.34)
597.15: (0.89, 0.31, -0.34)
597.27: (0.86, 0.34, -0.38)
597.39: (0.85, 0.36, -0.38)
597.39: (0.83, 0.21, 0.52): 1
597.39: (0.85, 0.36, -0.38)
597.50: (0.86, 0.36, -0.37)
597.62: (0.88, 0.34, -0.34)
597.73: (0.93, 0.31, -0.21)
597.83: (0.94, 0.32, -0.09)
597.95: (0.93, 0.29, 0.22)
598.07: (0.90, 0.25, 0.36)
598.18: (0.90, 0.23, 0.36)
598.30: (0.91, 0.20, 0.36)
598.42: (0.87, 0.19, 0.46)
598.52: (0.86, 0.20, 0.48)
598.52: (0.12, -0.37, 0.92): 2
598.53: (0.86, 0.20, 0.48)
598.63: (0.86, 0.20, 0.48)
598.73: (0.86, 0.20, 0.48)
598.85: (0.83, 0.17, 0.53)
598.97: (0.78, 0.13, 0.62)
599.08: (0.72, 0.09, 0.69)
599.20: (0.61, 0.03, 0.79)
599.32: (0.37, -0.06, 0.93)
599.43: (0.24, -0.13, 0.96)
599.53: (0.23, -0.21, 0.95)
599.65: (0.19, -0.35, 0.92)
599.77: (0.15, -0.42, 0.89)
599.88: (0.13, -0.43, 0.89)
599.88: (0.21, -0.68, -0.70): 0
599.88: (0.13, -0.43, 0.89)
600.00: (0.13, -0.43, 0.89)
600.12: (0.11, -0.44, 0.89)
600.23: (0.09, -0.44, 0.89)
600.33: (0.08, -0.44, 0.89)
600.43: (0.07, -0.45, 0.89)
600.55: (0.06, -0.45, 0.89)
600.67: (0.06, -0.45, 0.89)
600.78: (0.06, -0.45, 0.89)
600.88: (0.06, -0.45, 0.89)
601.00: (0.05, -0.45, 0.89)
601.12: (0.05, -0.45, 0.89)
601.22: (0.05, -0.45, 0.89)
601.33: (0.05, -0.45, 0.89)
601.43: (0.05, -0.45, 0.89)
601.55: (0.05, -0.45, 0.89)
601.65: (0.05, -0.45, 0.89)
601.75: (0.05, -0.45, 0.89)
601.85: (0.04, -0.45, 0.89)
601.97: (0.04, -0.45, 0.89)
602.07: (0.04, -0.45, 0.89)
602.18: (0.04, -0.44, 0.89)
602.30: (0.04, -0.43, 0.90)
602.40: (0.04, -0.42, 0.91)
602.50: (0.04, -0.42, 0.91)
602.62: (0.11, -0.27, 0.96)
602.73: (0.49, -0.09, 0.87)
602.85: (0.76, -0.05, 0.65)
602.95: (0.89, -0.18, 0.42)
603.07: (0.99, -0.14, 0.08)
603.17: (0.98, 0.12, -0.17)
603.27: (0.87, 0.26, -0.42)
603.38: (0.69, 0.27, -0.67)
603.50: (0.53, 0.06, -0.84)
603.62: (-0.01, 0.08, -1.00)
603.72: (-0.41, 0.22, -0.88)
603.83: (-0.61, 0.20, -0.77)
603.95: (-0.79, 0.09, -0.60)
604.05: (-0.98, 0.03, -0.22)
604.17: (-0.92, 0.37, 0.15)
604.27: (-0.68, 0.59, 0.44)
604.38: (-0.74, 0.57, 0.35)
604.50: (-0.87, 0.48, -0.10)
604.60: (-0.68, 0.29, -0.68)
604.72: (-0.10, 0.20, -0.97)
604.82: (0.01, 0.53, -0.85)
604.93: (0.40, 0.55, -0.74)
605.05: (0.44, 0.81, -0.39)
605.17: (0.78, 0.58, -0.21)
605.27: (0.77, 0.64, -0.08)
605.38: (0.77, 0.63, -0.08)
605.48: (0.77, 0.63, -0.08)
605.58: (0.75, 0.65, 0.15)
605.70: (0.75, 0.44, 0.50)
605.82: (0.84, 0.04, 0.55)
605.93: (0.88, -0.11, 0.45)
606.05: (0.81, -0.02, 0.59)
606.15: (0.72, 0.28, 0.64)
606.27: (0.58, 0.55, 0.60)
606.38: (0.46, 0.81, 0.36)
606.50: (0.50, 0.83, 0.24)
606.62: (0.50, 0.83, 0.24)
606.73: (0.50, 0.83, 0.24)
606.85: (0.16, 0.97, 0.19)
606.97: (-0.44, 0.89, -0.08)
607.07: (-0.67, 0.71, -0.22)
607.18: (-0.87, 0.36, -0.35)
607.30: (-0.87, 0.37, -0.33)
607.40: (-0.72, 0.65, -0.25)
607.52: (-0.93, 0.18, -0.31)
607.63: (-0.93, -0.16, -0.32)
607.75: (-0.85, -0.39, -0.34)
607.85: (-0.69, -0.63, -0.36)
607.97: (-0.53, -0.72, -0.46)
608.08: (-0.25, -0.81, -0.53)
608.20: (0.28, -0.90, -0.33)
608.32: (0.43, -0.87, -0.26)
608.43: (0.32, -0.85, -0.41)
608.55: (0.20, -0.81, -0.55)
608.65: (0.08, -0.80, -0.59)
608.77: (0.03, -0.81, -0.59)
608.88: (0.11, -0.78, -0.62)
608.98: (0.16, -0.76, -0.63)
609.10: (0.20, -0.72, -0.66)
609.22: (0.24, -0.71, -0.67)
609.33: (0.28, -0.69, -0.67)
609.45: (0.29, -0.69, -0.66)
609.50: (0.28, -0.69, -0.66)
609.50: (0.82, -0.57, -0.02): 0
609.55: (0.28, -0.69, -0.67)
609.67: (0.26, -0.69, -0.68)
609.78: (0.26, -0.68, -0.69)
609.88: (0.25, -0.69, -0.68)
610.00: (0.36, -0.76, -0.55)
610.12: (0.52, -0.79, -0.31)
610.23: (0.55, -0.78, -0.30)
610.35: (0.65, -0.71, -0.26)
610.47: (0.76, -0.63, -0.17)
610.58: (0.82, -0.57, -0.03)
610.70: (0.84, -0.54, 0.04)
610.82: (0.84, -0.54, 0.04)
610.82: (-0.74, 0.42, -0.52): 2
610.82: (0.84, -0.54, 0.04)
610.93: (0.83, -0.56, 0.03)
611.03: (0.82, -0.57, 0.01)
611.13: (0.81, -0.58, -0.01)
611.25: (0.74, -0.66, -0.07)
611.35: (0.73, -0.68, -0.09)
611.47: (0.85, -0.52, 0.07)
611.58: (0.85, -0.52, 0.07)
611.70: (0.85, -0.52, 0.07)
611.80: (0.85, -0.52, 0.07)
611.92: (0.85, -0.52, 0.07)
612.03: (0.85, -0.52, 0.07)
612.15: (0.85, -0.52, 0.07)
612.27: (0.85, -0.52, 0.07)
612.38: (0.85, -0.52, 0.07)
612.48: (0.84, -0.54, 0.05)
612.60: (0.84, -0.54, 0.01)
612.72: (0.84, -0.55, 0.01)
612.83: (0.83, -0.55, -0.01)
612.95: (0.83, -0.55, -0.02)
613.05: (0.82, -0.57, -0.04)
613.17: (0.82, -0.57, -0.05)
613.28: (0.75, -0.65, -0.15)
613.40: (0.58, -0.74, -0.33)
613.50: (0.28, -0.81, -0.51)
613.61: (0.14, -0.81, -0.58)
613.73: (-0.09, -0.70, -0.70)
613.83: (-0.32, -0.59, -0.74)
613.95: (-0.59, -0.49, -0.64)
614.05: (-0.77, -0.31, -0.56)
614.15: (-0.84, -0.12, -0.53)
614.27: (-0.87, 0.14, -0.47)
614.38: (-0.80, 0.37, -0.47)
614.50: (-0.76, 0.40, -0.52)
614.61: (-0.74, 0.39, -0.55)
614.73: (-0.73, 0.36, -0.58)
614.85: (-0.74, 0.33, -0.59)
614.95: (-0.75, 0.31, -0.59)
614.98: (-0.75, 0.31, -0.59)
614.98: (-1.00, -0.07, -0.06): 0
615.06: (-0.75, 0.31, -0.59)
615.18: (-0.75, 0.31, -0.58)
615.28: (-0.76, 0.31, -0.57)
615.40: (-0.77, 0.32, -0.55)
615.51: (-0.79, 0.34, -0.51)
615.62: (-0.82, 0.34, -0.47)
615.73: (-0.85, 0.37, -0.38)
615.85: (-0.86, 0.43, -0.28)
615.96: (-0.90, 0.38, -0.20)
616.08: (-0.97, 0.12, -0.19)
616.20: (-0.98, 0.01, -0.18)
616.30: (-0.99, 0.00, -0.16)
616.41: (-0.99, 0.00, -0.13)
616.53: (-0.99, -0.07, -0.08)
616.63: (-0.99, -0.08, -0.08)
616.65: (-0.99, -0.08, -0.08)
616.65: (0.33, 0.92, -0.20): 0
616.75: (-0.99, -0.08, -0.08)
616.86: (-0.99, -0.08, -0.08)
616.98: (-0.99, -0.08, -0.08)
617.08: (-0.99, -0.08, -0.08)
617.20: (-0.99, -0.08, -0.08)
617.31: (-0.99, -0.08, -0.08)
617.43: (-1.00, 0.01, -0.02)
617.53: (-0.99, 0.15, 0.06)
617.65: (-0.89, 0.44, 0.16)
617.76: (-0.70, 0.67, 0.25)
617.88: (-0.25, 0.83, 0.50)
618.00: (0.04, 0.81, 0.58)
618.11: (0.21, 0.84, 0.49)
618.21: (0.50, 0.77, 0.40)
618.31: (0.87, 0.36, 0.35)
618.43: (0.88, 0.12, 0.46)
618.55: (0.67, 0.46, 0.58)
618.66: (0.51, 0.72, 0.47)
618.78: (0.51, 0.75, 0.42)
618.88: (0.53, 0.78, 0.33)
619.00: (0.50, 0.83, 0.24)
619.11: (0.45, 0.87, 0.20)
619.21: (0.44, 0.89, 0.12)
619.33: (0.44, 0.90, 0.00)
619.45: (0.46, 0.87, -0.15)
619.56: (0.47, 0.86, -0.20)
619.66: (0.41, 0.89, -0.19)
619.78: (0.30, 0.93, -0.20)
619.90: (0.29, 0.93, -0.20)
619.91: (0.29, 0.93, -0.20)
619.91: (0.82, 0.38, 0.43): 0
620.01: (0.29, 0.93, -0.20)
620.13: (0.30, 0.94, -0.19)
620.25: (0.32, 0.93, -0.17)
620.35: (0.32, 0.93, -0.16)
620.46: (0.31, 0.94, -0.14)
620.58: (0.33, 0.94, -0.10)
620.70: (0.40, 0.92, -0.04)
620.81: (0.52, 0.85, 0.06)
620.93: (0.69, 0.70, 0.17)
621.03: (0.70, 0.65, 0.27)
621.15: (0.71, 0.61, 0.34)
621.26: (0.75, 0.51, 0.43)
621.36: (0.77, 0.43, 0.47)
621.43: (0.77, 0.42, 0.47)
621.43: (0.10, -0.99, 0.05): 2
621.48: (0.77, 0.42, 0.47)
621.60: (0.78, 0.42, 0.47)
621.71: (0.80, 0.35, 0.49)
621.83: (0.87, 0.19, 0.47)
621.95: (0.90, 0.03, 0.44)
622.06: (0.90, -0.08, 0.42)
622.18: (0.88, -0.28, 0.37)
622.28: (0.82, -0.46, 0.33)
622.40: (0.76, -0.59, 0.25)
622.51: (0.75, -0.64, 0.14)
622.61: (0.61, -0.79, 0.01)
622.73: (0.35, -0.93, -0.07)
622.85: (0.25, -0.97, 0.02)
622.96: (0.26, -0.96, 0.10)
623.06: (0.22, -0.97, 0.12)
623.18: (0.16, -0.98, 0.12)
623.23: (0.16, -0.98, 0.12)
623.23: (0.42, -0.32, -0.85): 1
623.30: (0.16, -0.98, 0.12)
623.41: (0.16, -0.98, 0.12)
623.53: (0.13, -0.99, 0.09)
623.65: (0.13, -0.98, 0.13)
623.76: (0.13, -0.98, 0.13)
623.88: (0.13, -0.98, 0.13)
624.00: (0.06, -0.99, 0.12)
624.11: (-0.27, -0.96, 0.06)
624.21: (-0.33, -0.94, 0.08)
624.33: (-0.48, -0.87, 0.11)
624.45: (-0.63, -0.77, 0.04)
624.55: (-0.63, -0.77, 0.04)
624.66: (-0.63, -0.77, 0.04)
624.78: (-0.63, -0.77, 0.04)
624.90: (-0.65, -0.75, 0.10)
625.01: (-0.63, -0.64, 0.44)
625.11: (-0.49, -0.64, 0.59)
625.23: (-0.20, -0.66, 0.72)
625.35: (0.07, -0.56, 0.83)
625.46: (0.30, -0.36, 0.88)
625.58: (0.61, 0.02, 0.79)
625.70: (0.80, 0.38, 0.46)
625.81: (0.82, 0.57, 0.11)
625.91: (0.74, 0.63, -0.25)
626.03: (0.47, 0.63, -0.62)
626.15: (0.15, 0.41, -0.90)
626.25: (-0.07, 0.11, -0.99)
626.36: (-0.37, -0.32, -0.87)
626.48: (-0.59, -0.64, -0.49)
626.58: (-0.60, -0.79, -0.16)
626.70: (-0.48, -0.86, 0.17)
626.81: (-0.25, -0.87, 0.42)
626.93: (-0.07, -0.78, 0.63)
627.05: (-0.24, -0.69, 0.68)
627.16: (-0.51, -0.82, 0.27)
627.28: (-0.50, -0.86, -0.02)
627.38: (-0.45, -0.89, -0.08)
627.50: (-0.45, -0.89, -0.08)
627.61: (-0.45, -0.89, -0.08)
627.73: (-0.45, -0.89, -0.08)
627.85: (-0.55, -0.78, -0.29)
627.95: (-0.49, -0.59, -0.64)
628.06: (-0.48, -0.44, -0.76)
628.18: (-0.40, -0.18, -0.90)
628.30: (-0.36, 0.05, -0.93)
628.41: (-0.33, 0.36, -0.87)
628.53: (-0.05, 0.76, -0.65)
628.63: (-0.08, 0.88, -0.47)
628.75: (-0.49, 0.86, -0.16)
628.85: (-0.61, 0.79, 0.02)
628.95: (-0.37, 0.87, 0.32)
629.06: (-0.19, 0.87, 0.44)
629.16: (-0.64, 0.66, 0.39)
629.28: (-0.94, 0.19, 0.28)
629.40: (-0.86, 0.30, 0.40)
629.51: (-0.55, 0.73, 0.41)
629.61: (-0.24, 0.97, 0.10)
629.73: (0.10, 0.99, -0.03)
629.84: (0.55, 0.84, -0.02)
629.96: (0.83, 0.55, -0.10)
630.08: (1.00, 0.04, -0.04)
630.20: (0.93, -0.33, -0.14)
630.31: (0.78, -0.62, -0.09)
630.41: (0.73, -0.67, -0.07)
630.53: (0.91, -0.12, -0.40)
630.65: (0.69, 0.50, -0.52)
630.76: (0.36, 0.78, -0.51)
630.86: (0.06, 0.85, -0.53)
630.98: (-0.32, 0.84, -0.43)
631.09: (-0.61, 0.76, -0.20)
631.19: (-0.84, 0.54, 0.01)
631.31: (-0.97, 0.19, 0.14)
631.43: (-0.99, 0.11, 0.13)
631.54: (-0.99, 0.11, 0.13)
631.64: (-0.98, 0.12, 0.13)
631.76: (-0.98, 0.16, 0.07)
631.86: (-0.99, 0.17, 0.01)
631.98: (-0.91, 0.29, -0.30)
632.09: (-0.59, 0.43, -0.69)
632.19: (-0.16, 0.43, -0.89)
632.31: (0.26, 0.33, -0.91)
632.43: (0.48, 0.29, -0.83)
632.54: (0.56, 0.38, -0.74)
632.64: (0.43, 0.53, -0.73)
632.76: (0.13, 0.69, -0.71)
632.86: (0.26, 0.56, -0.79)
632.98: (0.42, 0.27, -0.86)
633.09: (0.43, 0.15, -0.89)
633.21: (0.42, 0.10, -0.90)
633.31: (0.41, 0.04, -0.91)
633.43: (0.44, -0.18, -0.88)
633.54: (0.48, -0.36, -0.80)
633.64: (0.48, -0.38, -0.79)
633.76: (0.46, -0.38, -0.80)
633.79: (0.46, -0.38, -0.80)
633.79: (-0.69, -0.03, 0.72): 0
633.88: (0.46, -0.38, -0.80)
633.99: (0.46, -0.38, -0.80)
634.09: (0.46, -0.38, -0.80)
634.19: (0.47, -0.38, -0.80)
634.31: (0.47, -0.37, -0.80)
634.43: (0.47, -0.37, -0.80)
634.54: (0.47, -0.36, -0.81)
634.64: (0.41, -0.34, -0.84)
634.76: (0.12, -0.29, -0.95)
634.88: (-0.22, -0.22, -0.95)
634.98: (-0.42, -0.14, -0.90)
635.09: (-0.61, -0.02, -0.79)
635.21: (-0.84, 0.16, -0.52)
635.33: (-0.93, 0.26, -0.26)
635.44: (-0.95, 0.27, 0.13)
635.54: (-0.89, 0.23, 0.38)
635.66: (-0.80, 0.19, 0.57)
635.76: (-0.74, 0.13, 0.66)
635.88: (-0.76, 0.06, 0.65)
635.99: (-0.80, 0.00, 0.60)
636.11: (-0.78, -0.02, 0.63)
636.23: (-0.73, -0.03, 0.69)
636.34: (-0.69, -0.05, 0.72)
636.36: (-0.69, -0.05, 0.72)
636.36: (-0.62, 0.49, -0.62): 0
636.44: (-0.69, -0.05, 0.72)
636.54: (-0.69, -0.05, 0.72)
636.66: (-0.67, -0.05, 0.74)
636.78: (-0.66, -0.05, 0.75)
636.89: (-0.66, -0.05, 0.75)
637.01: (-0.80, 0.05, 0.60)
637.11: (-0.92, 0.13, 0.37)
637.23: (-0.99, 0.14, 0.06)
637.34: (-0.95, 0.16, -0.26)
637.44: (-0.86, 0.19, -0.48)
637.56: (-0.81, 0.26, -0.53)
637.68: (-0.80, 0.42, -0.43)
637.79: (-0.76, 0.47, -0.45)
637.91: (-0.69, 0.48, -0.54)
638.01: (-0.68, 0.46, -0.57)
638.04: (-0.68, 0.46, -0.57)
638.04: (0.57, 0.00, 0.82): 2
638.11: (-0.68, 0.46, -0.57)
638.23: (-0.68, 0.45, -0.57)
638.34: (-0.68, 0.45, -0.57)
638.46: (-0.68, 0.45, -0.57)
638.56: (-0.69, 0.45, -0.57)
638.68: (-0.80, 0.45, -0.40)
638.79: (-0.87, 0.44, -0.22)
638.91: (-0.91, 0.41, -0.08)
639.01: (-0.93, 0.37, 0.03)
639.13: (-0.93, 0.36, 0.07)
639.23: (-0.93, 0.36, 0.09)
639.34: (-0.91, 0.29, 0.28)
639.44: (-0.81, 0.21, 0.55)
639.56: (-0.75, 0.18, 0.64)
639.68: (-0.63, 0.09, 0.77)
639.78: (-0.48, -0.05, 0.88)
639.89: (-0.20, -0.30, 0.93)
640.01: (0.05, -0.46, 0.89)
640.11: (0.18, -0.49, 0.85)
640.23: (0.23, -0.48, 0.85)
640.34: (0.44, -0.51, 0.74)
640.46: (0.70, -0.47, 0.54)
640.56: (0.75, -0.30, 0.59)
640.68: (0.58, -0.23, 0.78)
640.78: (0.42, -0.22, 0.88)
640.89: (0.44, -0.16, 0.88)
641.01: (0.51, -0.07, 0.86)
641.11: (0.55, -0.01, 0.83)
641.21: (0.58, 0.00, 0.82)
641.21: (-0.72, -0.10, 0.69): 1
641.23: (0.58, 0.00, 0.82)
641.33: (0.58, 0.00, 0.82)
641.44: (0.57, 0.00, 0.82)
641.56: (0.57, -0.01, 0.82)
641.68: (0.57, -0.01, 0.82)
641.79: (0.57, -0.02, 0.82)
641.91: (0.51, -0.02, 0.86)
642.01: (0.26, 0.00, 0.96)
642.13: (-0.14, 0.08, 0.99)
642.23: (-0.34, 0.18, 0.92)
642.34: (-0.40, 0.35, 0.85)
642.46: (-0.46, 0.29, 0.84)
642.56: (-0.55, 0.11, 0.83)
642.68: (-0.62, -0.04, 0.78)
642.79: (-0.68, -0.07, 0.73)
642.91: (-0.74, -0.08, 0.66)
642.94: (-0.74, -0.08, 0.66)
642.94: (0.97, 0.03, -0.22): 1
643.03: (-0.74, -0.08, 0.66)
643.14: (-0.74, -0.08, 0.66)
643.26: (-0.75, -0.07, 0.66)
643.38: (-0.75, -0.07, 0.66)
643.48: (-0.74, -0.06, 0.67)
643.59: (-0.60, 0.01, 0.80)
643.71: (-0.20, 0.15, 0.97)
643.83: (0.19, 0.22, 0.96)
643.93: (0.38, 0.28, 0.88)
644.04: (0.55, 0.42, 0.72)
644.16: (0.65, 0.49, 0.57)
644.26: (0.79, 0.43, 0.44)
644.38: (0.90, 0.17, 0.40)
644.49: (0.94, -0.16, 0.29)
644.61: (0.99, 0.04, 0.10)
644.73: (0.98, 0.19, 0.02)
644.84: (0.98, 0.18, 0.01)
644.96: (0.99, 0.10, -0.09)
645.08: (0.98, 0.05, -0.18)
645.19: (0.98, 0.03, -0.22)
645.31: (0.97, 0.02, -0.25)
645.31: (0.02, 0.10, 0.99): 0
645.31: (0.97, 0.02, -0.25)
645.41: (0.97, 0.01, -0.25)
645.53: (0.97, 0.02, -0.25)
645.63: (0.97, 0.02, -0.25)
645.74: (0.97, 0.04, -0.23)
645.86: (0.98, 0.07, -0.19)
645.98: (0.98, 0.22, -0.01)
646.09: (0.91, 0.36, 0.20)
646.19: (0.88, 0.40, 0.24)
646.31: (0.86, 0.43, 0.28)
646.41: (0.84, 0.45, 0.31)
646.53: (0.81, 0.49, 0.33)
646.64: (0.76, 0.53, 0.38)
646.76: (0.68, 0.57, 0.45)
646.87: (0.65, 0.58, 0.49)
646.98: (0.61, 0.59, 0.53)
647.09: (0.51, 0.60, 0.61)
647.21: (0.25, 0.59, 0.77)
647.33: (-0.20, 0.42, 0.89)
647.44: (-0.34, 0.27, 0.90)
647.54: (-0.12, 0.26, 0.96)
647.64: (0.05, 0.22, 0.97)
647.76: (0.08, 0.16, 0.98)
647.87: (0.08, 0.11, 0.99)
647.97: (0.08, 0.06, 0.99)
647.97: (0.16, 0.81, 0.57): 0
647.97: (0.08, 0.06, 0.99)
648.09: (0.08, 0.06, 0.99)
648.21: (0.07, 0.06, 1.00)
648.31: (0.06, 0.06, 1.00)
648.42: (0.04, 0.03, 1.00)
648.53: (0.05, 0.02, 1.00)
648.64: (0.20, 0.06, 0.98)
648.76: (0.32, 0.09, 0.94)
648.87: (0.40, 0.17, 0.90)
648.99: (0.49, 0.39, 0.78)
649.09: (0.55, 0.56, 0.62)
649.19: (0.59, 0.60, 0.54)
649.31: (0.68, 0.55, 0.50)
649.42: (0.65, 0.66, 0.37)
649.54: (0.43, 0.78, 0.46)
649.66: (0.29, 0.76, 0.58)
649.76: (0.28, 0.76, 0.59)
649.87: (0.25, 0.79, 0.56)
649.97: (0.23, 0.80, 0.55)
649.97: (-0.50, -0.85, 0.17): 1
649.99: (0.23, 0.80, 0.55)
650.09: (0.23, 0.80, 0.55)
650.21: (0.23, 0.80, 0.56)
650.32: (0.23, 0.80, 0.56)
650.42: (0.23, 0.80, 0.56)
650.54: (0.20, 0.77, 0.60)
650.66: (0.00, 0.71, 0.71)
650.77: (-0.21, 0.61, 0.76)
650.87: (-0.36, 0.50, 0.79)
650.99: (-0.50, 0.31, 0.81)
651.09: (-0.53, 0.13, 0.84)
651.21: (-0.55, -0.24, 0.80)
651.32: (-0.44, -0.68, 0.59)
651.44: (-0.27, -0.90, 0.36)
651.56: (-0.25, -0.93, 0.27)
651.67: (-0.44, -0.84, 0.32)
651.77: (-0.49, -0.82, 0.30)
651.89: (-0.51, -0.82, 0.25)
652.01: (-0.54, -0.83, 0.16)
652.06: (-0.54, -0.83, 0.15)
652.06: (0.95, -0.32, -0.04): 1
652.11: (-0.54, -0.83, 0.15)
652.22: (-0.54, -0.83, 0.15)
652.34: (-0.53, -0.83, 0.14)
652.46: (-0.53, -0.83, 0.14)
652.56: (-0.58, -0.81, 0.06)
652.67: (-0.58, -0.81, -0.02)
652.77: (-0.47, -0.82, -0.33)
652.89: (-0.42, -0.80, -0.43)
653.01: (-0.35, -0.75, -0.56)
653.12: (-0.12, -0.59, -0.80)
653.22: (0.20, -0.44, -0.88)
653.34: (0.49, -0.22, -0.84)
653.46: (0.53, -0.16, -0.83)
653.57: (0.45, -0.20, -0.87)
653.69: (0.34, -0.30, -0.89)
653.79: (0.07, -0.51, -0.85)
653.91: (-0.31, -0.70, -0.65)
654.02: (-0.61, -0.72, -0.33)
654.14: (-0.79, -0.60, 0.12)
654.24: (-0.77, -0.46, 0.44)
654.36: (-0.57, -0.27, 0.78)
654.47: (-0.27, -0.17, 0.95)
654.59: (0.06, -0.09, 0.99)
654.69: (0.41, -0.05, 0.91)
654.79: (0.63, -0.02, 0.77)
654.91: (0.82, -0.03, 0.58)
655.02: (0.93, 0.16, 0.33)
655.12: (0.93, 0.35, 0.12)
655.22: (0.79, 0.51, -0.35)
655.34: (0.71, 0.55, -0.44)
655.46: (0.92, 0.34, -0.20)
655.57: (0.98, 0.16, -0.12)
655.67: (0.99, 0.03, -0.11)
655.79: (0.98, -0.15, -0.14)
655.91: (0.94, -0.31, -0.16)
656.01: (0.92, -0.35, -0.16)
656.11: (0.92, -0.36, -0.14)
656.12: (0.92, -0.36, -0.14)
656.12: (-0.05, -0.83, 0.56): 2
656.22: (0.92, -0.36, -0.14)
656.34: (0.92, -0.37, -0.12)
656.46: (0.92, -0.38, -0.07)
656.57: (0.92, -0.39, -0.04)
656.69: (0.92, -0.40, -0.01)
656.81: (0.91, -0.40, -0.01)
656.91: (0.91, -0.41, 0.05)
657.02: (0.84, -0.45, 0.30)
657.14: (0.68, -0.48, 0.56)
657.26: (0.49, -0.52, 0.70)
657.37: (0.19, -0.63, 0.76)
657.47: (-0.03, -0.69, 0.72)
657.59: (-0.10, -0.78, 0.62)
657.71: (-0.02, -0.84, 0.54)
657.81: (-0.02, -0.85, 0.53)
657.91: (-0.03, -0.85, 0.53)
657.91: (-0.64, -0.25, 0.72): 1
657.92: (-0.03, -0.85, 0.53)
658.04: (-0.03, -0.85, 0.53)
658.16: (-0.03, -0.84, 0.54)
658.27: (-0.06, -0.82, 0.56)
658.37: (-0.19, -0.74, 0.65)
658.49: (-0.33, -0.58, 0.74)
658.61: (-0.42, -0.47, 0.77)
658.71: (-0.46, -0.45, 0.76)
658.82: (-0.51, -0.41, 0.75)
658.94: (-0.56, -0.36, 0.74)
659.04: (-0.57, -0.35, 0.74)
659.04: (0.97, 0.24, 0.03): 0
659.06: (-0.57, -0.35, 0.74)
659.16: (-0.57, -0.35, 0.74)
659.27: (-0.60, -0.31, 0.74)
659.39: (-0.62, -0.29, 0.73)
659.49: (-0.63, -0.28, 0.73)
659.61: (-0.55, -0.29, 0.78)
659.72: (-0.24, -0.39, 0.89)
659.84: (0.13, -0.53, 0.84)
659.96: (0.38, -0.58, 0.72)
660.07: (0.56, -0.57, 0.60)
660.17: (0.78, -0.41, 0.47)
660.27: (0.93, -0.20, 0.30)
660.39: (0.98, -0.12, 0.16)
660.51: (0.97, -0.26, 0.02)
660.62: (0.99, -0.09, 0.06)
660.74: (1.00, 0.05, 0.05)
660.84: (0.99, 0.09, 0.06)
660.96: (0.98, 0.19, 0.04)
661.07: (0.96, 0.27, -0.02)
661.17: (0.96, 0.27, -0.03)
661.17: (-0.17, -0.12, 0.98): 1
661.19: (0.96, 0.27, -0.03)
661.31: (0.96, 0.28, -0.03)
661.41: (0.96, 0.28, -0.03)
661.52: (0.96, 0.28, -0.03)
661.64: (0.96, 0.28, -0.03)
661.74: (0.96, 0.27, -0.02)
661.86: (0.92, 0.28, 0.28)
661.97: (0.76, 0.19, 0.62)
662.09: (0.60, 0.03, 0.80)
662.21: (0.34, -0.13, 0.93)
662.31: (0.04, -0.31, 0.95)
662.42: (-0.13, -0.34, 0.93)
662.54: (0.00, -0.19, 0.98)
662.66: (0.01, -0.11, 0.99)
662.77: (-0.03, -0.08, 1.00)
662.87: (-0.07, -0.09, 0.99)
662.97: (-0.11, -0.12, 0.99)
663.01: (-0.12, -0.13, 0.98)
663.01: (0.50, -0.85, 0.18): 2
663.09: (-0.12, -0.13, 0.98)
663.21: (-0.12, -0.14, 0.98)
663.31: (-0.16, -0.17, 0.97)
663.42: (-0.19, -0.18, 0.96)
663.54: (-0.23, -0.20, 0.95)
663.66: (-0.32, -0.24, 0.92)
663.77: (-0.34, -0.26, 0.91)
663.89: (-0.18, -0.20, 0.96)
663.99: (0.13, -0.09, 0.99)
664.10: (0.45, -0.05, 0.89)
664.22: (0.66, -0.07, 0.75)
664.32: (0.82, -0.07, 0.57)
664.44: (0.93, 0.04, 0.37)
664.55: (0.96, 0.20, 0.19)
664.67: (0.92, 0.37, -0.14)
664.79: (0.78, 0.49, -0.39)
664.90: (0.65, 0.55, -0.52)
665.02: (0.47, 0.60, -0.65)
665.12: (0.28, 0.61, -0.75)
665.24: (0.08, 0.57, -0.81)
665.35: (-0.04, 0.61, -0.79)
665.45: (0.01, 0.79, -0.61)
665.57: (0.12, 0.93, -0.35)
665.69: (0.48, 0.88, 0.01)
665.80: (0.76, 0.64, 0.12)
665.90: (0.95, 0.30, 0.10)
666.02: (0.97, 0.09, -0.24)
666.14: (0.83, -0.02, -0.56)
666.25: (0.67, 0.00, -0.74)
666.37: (0.38, 0.14, -0.91)
666.49: (-0.02, 0.25, -0.97)
666.60: (-0.26, 0.29, -0.92)
666.72: (-0.27, 0.26, -0.93)
666.82: (0.02, 0.00, -1.00)
666.94: (0.40, -0.42, -0.81)
667.04: (0.55, -0.58, -0.60)
667.15: (0.64, -0.70, -0.31)
667.27: (0.64, -0.77, -0.09)
667.37: (0.60, -0.80, 0.00)
667.49: (0.57, -0.82, 0.03)
667.60: (0.54, -0.83, 0.09)
667.70: (0.53, -0.84, 0.12)
667.70: (-1.00, 0.04, -0.08): 0
667.72: (0.52, -0.84, 0.12)
667.84: (0.52, -0.84, 0.12)
667.95: (0.53, -0.84, 0.14)
668.07: (0.53, -0.83, 0.15)
668.19: (0.53, -0.83, 0.15)
668.29: (0.53, -0.83, 0.15)
668.40: (0.56, -0.81, 0.18)
668.52: (0.58, -0.79, 0.21)
668.64: (0.61, -0.76, 0.22)
668.75: (0.64, -0.75, 0.18)
668.87: (0.68, -0.72, 0.14)
668.99: (0.72, -0.70, 0.04)
669.09: (0.73, -0.59, -0.35)
669.20: (0.64, -0.31, -0.70)
669.32: (0.56, -0.14, -0.82)
669.44: (0.32, -0.04, -0.95)
669.55: (0.03, -0.13, -0.99)
669.67: (-0.20, -0.15, -0.97)
669.79: (-0.45, -0.18, -0.87)
669.90: (-0.70, -0.21, -0.68)
670.02: (-0.85, -0.24, -0.47)
670.12: (-0.93, -0.26, -0.26)
670.24: (-0.98, -0.09, -0.17)
670.35: (-0.95, 0.03, -0.32)
670.47: (-0.94, 0.06, -0.34)
670.59: (-0.96, 0.06, -0.27)
670.69: (-0.98, 0.04, -0.20)
670.80: (-0.99, 0.05, -0.12)
670.92: (-1.00, 0.05, -0.06)
670.99: (-1.00, 0.05, -0.05)
670.99: (-0.21, 0.95, -0.22): 1
671.02: (-1.00, 0.05, -0.05)
671.12: (-1.00, 0.05, -0.05)
671.24: (-1.00, 0.05, -0.05)
671.35: (-1.00, 0.05, -0.05)
671.47: (-1.00, 0.06, -0.04)
671.59: (-1.00, 0.06, -0.04)
671.69: (-1.00, 0.06, -0.04)
671.80: (-1.00, 0.06, 0.03)
671.92: (-1.00, 0.06, 0.04)
672.04: (-1.00, 0.06, 0.04)
672.14: (-1.00, 0.06, 0.04)
672.25: (-1.00, 0.07, 0.04)
672.35: (-0.98, 0.21, 0.05)
672.47: (-0.83, 0.56, 0.01)
672.57: (-0.70, 0.71, -0.08)
672.69: (-0.56, 0.81, -0.17)
672.80: (-0.43, 0.87, -0.25)
672.92: (-0.30, 0.90, -0.31)
673.02: (-0.27, 0.93, -0.26)
673.14: (-0.20, 0.97, -0.16)
673.17: (-0.20, 0.97, -0.16)
673.17: (-0.99, -0.13, -0.09): 2
673.25: (-0.20, 0.97, -0.16)
673.37: (-0.21, 0.97, -0.15)
673.47: (-0.22, 0.96, -0.18)
673.59: (-0.22, 0.96, -0.18)
673.70: (-0.22, 0.96, -0.18)
673.80: (-0.22, 0.96, -0.18)
673.92: (-0.22, 0.96, -0.18)
674.02: (-0.22, 0.96, -0.18)
674.14: (-0.24, 0.95, -0.19)
674.25: (-0.43, 0.84, -0.31)
674.37: (-0.69, 0.55, -0.47)
674.47: (-0.76, 0.38, -0.52)
674.57: (-0.79, 0.31, -0.54)
674.69: (-0.83, 0.17, -0.54)
674.80: (-0.84, -0.08, -0.53)
674.92: (-0.81, -0.32, -0.49)
675.04: (-0.92, -0.20, -0.33)
675.14: (-0.97, -0.11, -0.23)
675.25: (-0.97, -0.11, -0.20)
675.37: (-0.98, -0.10, -0.15)
675.49: (-0.99, -0.08, -0.10)
675.54: (-0.99, -0.08, -0.09)
675.54: (0.93, -0.10, -0.34): 2
675.60: (-0.99, -0.08, -0.09)
675.70: (-0.99, -0.09, -0.10)
675.82: (-0.99, -0.09, -0.11)
675.92: (-0.99, -0.10, -0.13)
676.04: (-0.98, -0.10, -0.14)
676.15: (-0.98, -0.10, -0.14)
676.27: (-0.97, -0.11, -0.22)
676.39: (-0.94, -0.19, -0.29)
676.49: (-0.92, -0.28, -0.29)
676.60: (-0.85, -0.44, -0.29)
676.72: (-0.70, -0.64, -0.32)
676.84: (-0.53, -0.77, -0.36)
676.94: (-0.45, -0.82, -0.35)
677.05: (-0.19, -0.91, -0.37)
677.17: (0.07, -0.92, -0.38)
677.29: (0.22, -0.89, -0.40)
677.39: (0.44, -0.82, -0.38)
677.50: (0.68, -0.68, -0.28)
677.62: (0.77, -0.61, -0.21)
677.74: (0.82, -0.52, -0.24)
677.85: (0.89, -0.36, -0.28)
677.97: (0.90, -0.31, -0.32)
678.07: (0.91, -0.24, -0.33)
678.19: (0.92, -0.18, -0.34)
678.22: (0.92, -0.18, -0.34)
678.22: (0.41, 0.54, 0.74): 1
678.29: (0.92, -0.18, -0.34)
678.40: (0.94, -0.16, -0.31)
678.52: (0.94, -0.16, -0.31)
678.64: (0.94, -0.16, -0.31)
678.74: (0.94, -0.16, -0.31)
678.85: (0.97, -0.07, -0.23)
678.95: (0.95, 0.30, 0.07)
679.07: (0.66, 0.68, 0.32)
679.19: (0.62, 0.73, 0.30)
679.30: (0.64, 0.71, 0.30)
679.40: (0.67, 0.62, 0.41)
679.52: (0.59, 0.57, 0.57)
679.62: (0.53, 0.55, 0.64)
679.74: (0.47, 0.54, 0.69)
679.85: (0.40, 0.53, 0.75)
679.90: (0.39, 0.53, 0.75)
679.90: (-0.68, -0.65, 0.34): 1
679.97: (0.38, 0.53, 0.75)
680.07: (0.37, 0.54, 0.76)
680.19: (0.35, 0.55, 0.76)
680.30: (0.32, 0.56, 0.76)
680.42: (0.21, 0.62, 0.76)
680.53: (-0.01, 0.65, 0.76)
680.65: (-0.32, 0.64, 0.69)
680.77: (-0.44, 0.58, 0.69)
680.87: (-0.55, 0.50, 0.67)
680.99: (-0.78, 0.42, 0.46)
681.10: (-0.93, 0.30, 0.21)
681.22: (-0.96, 0.22, 0.16)
681.33: (-0.99, 0.06, 0.13)
681.45: (-0.98, -0.21, -0.04)
681.57: (-0.91, -0.40, -0.14)
681.68: (-0.80, -0.57, -0.22)
681.80: (-0.68, -0.70, -0.22)
681.92: (-0.71, -0.71, -0.03)
682.02: (-0.78, -0.63, 0.05)
682.13: (-0.80, -0.59, 0.13)
682.25: (-0.76, -0.61, 0.21)
682.35: (-0.71, -0.64, 0.29)
682.45: (-0.69, -0.64, 0.34)
682.57: (-0.67, -0.65, 0.36)
682.62: (-0.67, -0.65, 0.36)
682.62: (-0.96, 0.21, -0.20): 1
682.68: (-0.66, -0.65, 0.36)
682.80: (-0.68, -0.65, 0.34)
682.90: (-0.68, -0.65, 0.33)
683.00: (-0.68, -0.65, 0.33)
683.12: (-0.68, -0.66, 0.33)
683.23: (-0.73, -0.58, 0.36)
683.35: (-0.85, -0.37, 0.37)
683.45: (-0.94, -0.05, 0.35)
683.57: (-0.93, 0.23, 0.28)
683.68: (-0.89, 0.41, 0.21)
683.80: (-0.75, 0.65, 0.14)
683.92: (-0.73, 0.68, 0.08)
684.02: (-0.89, 0.46, 0.04)
684.12: (-0.94, 0.33, 0.00)
684.23: (-0.96, 0.29, -0.05)
684.35: (-0.96, 0.28, -0.11)
684.47: (-0.96, 0.24, -0.17)
684.52: (-0.96, 0.24, -0.17)
684.52: (0.48, -0.64, 0.60): 2
684.58: (-0.96, 0.24, -0.17)
684.70: (-0.96, 0.23, -0.18)
684.82: (-0.96, 0.23, -0.18)
684.93: (-0.96, 0.22, -0.18)
685.05: (-0.96, 0.22, -0.18)
685.17: (-0.96, 0.22, -0.18)
685.28: (-0.96, 0.20, -0.19)
685.38: (-0.97, 0.12, -0.23)
685.48: (-0.97, 0.00, -0.25)
685.60: (-0.94, -0.26, -0.20)
685.72: (-0.81, -0.57, -0.10)
685.83: (-0.65, -0.75, -0.06)
685.95: (-0.51, -0.86, 0.02)
686.07: (-0.27, -0.95, 0.16)
686.17: (-0.07, -0.96, 0.28)
686.28: (0.19, -0.91, 0.36)
686.38: (0.35, -0.87, 0.35)
686.50: (0.51, -0.81, 0.29)
686.62: (0.55, -0.77, 0.33)
686.73: (0.52, -0.77, 0.36)
686.83: (0.56, -0.70, 0.44)
686.93: (0.61, -0.62, 0.49)
687.05: (0.59, -0.61, 0.53)
687.17: (0.50, -0.64, 0.58)
687.28: (0.41, -0.69, 0.60)
687.33: (0.40, -0.69, 0.60)
687.33: (-1.00, -0.02, -0.03): 0
687.40: (0.40, -0.69, 0.60)
687.50: (0.40, -0.71, 0.58)
687.62: (0.41, -0.71, 0.57)
687.72: (0.43, -0.72, 0.55)
687.83: (0.36, -0.78, 0.51)
687.93: (0.00, -0.88, 0.47)
688.05: (-0.38, -0.85, 0.37)
688.15: (-0.56, -0.77, 0.31)
688.27: (-0.69, -0.68, 0.25)
688.38: (-0.81, -0.56, 0.16)
688.50: (-0.92, -0.38, 0.09)
688.60: (-0.96, -0.26, 0.03)
688.72: (-0.97, -0.26, 0.02)
688.83: (-0.97, -0.23, 0.00)
688.95: (-1.00, -0.07, -0.04)
689.07: (-1.00, -0.02, -0.07)
689.10: (-1.00, -0.01, -0.07)
689.10: (0.10, -0.98, -0.14): 1
689.17: (-1.00, -0.01, -0.07)
689.28: (-1.00, -0.01, -0.07)
689.40: (-1.00, -0.02, -0.07)
689.52: (-1.00, -0.01, -0.08)
689.62: (-1.00, -0.01, -0.09)
689.73: (-0.99, -0.07, -0.10)
689.85: (-0.94, -0.35, -0.03)
689.97: (-0.80, -0.59, 0.08)
690.08: (-0.57, -0.79, 0.22)
690.18: (-0.31, -0.89, 0.34)
690.30: (-0.04, -0.90, 0.43)
690.40: (0.18, -0.89, 0.41)
690.52: (0.12, -0.94, 0.31)
690.63: (0.03, -0.98, 0.20)
690.75: (0.01, -1.00, 0.09)
690.87: (0.05, -1.00, 0.00)
690.98: (0.08, -0.99, -0.08)
691.08: (0.10, -0.99, -0.11)
691.10: (0.10, -0.99, -0.11)
691.10: (-0.98, 0.06, 0.20): 0
691.20: (0.10, -0.99, -0.11)
691.32: (0.11, -0.99, -0.11)
691.43: (0.14, -0.98, -0.10)
691.55: (0.14, -0.98, -0.10)
691.67: (0.04, -0.99, -0.10)
691.78: (-0.43, -0.89, -0.14)
691.88: (-0.59, -0.80, -0.14)
692.00: (-0.66, -0.74, -0.11)
692.12: (-0.80, -0.59, -0.10)
692.23: (-0.93, -0.33, -0.13)
692.35: (-0.97, -0.16, -0.18)
692.45: (-0.98, -0.20, -0.05)
692.57: (-0.98, -0.20, 0.08)
692.68: (-0.99, -0.11, 0.12)
692.80: (-0.99, 0.03, 0.15)
692.92: (-0.99, 0.05, 0.16)
693.02: (-0.98, 0.07, 0.16)
693.02: (1.00, -0.07, -0.02): 0
693.02: (-0.98, 0.07, 0.16)
693.13: (-0.99, 0.07, 0.15)
693.25: (-0.99, 0.07, 0.15)
693.37: (-0.99, 0.07, 0.14)
693.47: (-0.99, 0.07, 0.14)
693.57: (-0.99, 0.08, 0.14)
693.68: (-0.99, 0.08, 0.14)
693.80: (-0.99, 0.06, 0.11)
693.92: (-1.00, -0.05, 0.05)
694.02: (-0.99, -0.16, 0.01)
694.13: (-0.98, -0.21, 0.00)
694.25: (-0.99, -0.12, -0.03)
694.37: (-0.98, -0.19, -0.08)
694.47: (-0.92, -0.38, -0.06)
694.58: (-0.75, -0.66, 0.06)
694.70: (-0.75, -0.66, -0.03)
694.82: (-0.81, -0.50, -0.29)
694.93: (-0.84, -0.34, -0.43)
695.05: (-0.89, 0.03, -0.45)
695.15: (-0.91, 0.39, -0.14)
695.27: (-0.97, 0.26, 0.01)
695.38: (-0.94, 0.26, 0.20)
695.50: (-0.85, 0.42, 0.30)
695.60: (-0.69, 0.60, 0.41)
695.72: (-0.37, 0.75, 0.55)
695.83: (-0.11, 0.84, 0.54)
695.95: (0.27, 0.87, 0.42)
696.07: (0.66, 0.69, 0.30)
696.17: (0.85, 0.45, 0.26)
696.28: (0.96, 0.04, 0.28)
696.40: (0.96, -0.08, 0.25)
696.52: (0.99, 0.07, 0.15)
696.63: (0.99, 0.07, 0.10)
696.75: (1.00, 0.03, 0.05)
696.86: (1.00, -0.01, 0.02)
696.93: (1.00, -0.03, 0.01)
696.93: (-0.45, -0.36, -0.81): 2
696.97: (1.00, -0.03, 0.01)
697.08: (1.00, -0.03, 0.01)
697.20: (1.00, -0.03, 0.01)
697.32: (1.00, -0.03, 0.01)
697.43: (1.00, -0.04, 0.01)
697.55: (1.00, -0.04, 0.01)
697.66: (1.00, -0.04, 0.00)
697.76: (0.90, -0.39, -0.18)
697.88: (0.75, -0.63, -0.21)
697.98: (0.68, -0.70, -0.23)
698.10: (0.65, -0.72, -0.25)
698.20: (0.81, -0.56, -0.17)
698.30: (0.88, -0.47, -0.10)
698.41: (0.74, -0.65, -0.20)
698.53: (0.40, -0.85, -0.34)
698.65: (0.00, -0.91, -0.41)
698.75: (-0.17, -0.90, -0.41)
698.86: (-0.32, -0.88, -0.34)
698.98: (-0.56, -0.76, -0.33)
699.08: (-0.74, -0.56, -0.38)
699.20: (-0.76, -0.30, -0.58)
699.30: (-0.63, -0.22, -0.74)
699.41: (-0.49, -0.36, -0.79)
699.53: (-0.52, -0.49, -0.70)
699.65: (-0.54, -0.47, -0.69)
699.76: (-0.49, -0.47, -0.73)
699.86: (-0.48, -0.48, -0.73)
699.86: (-0.02, -0.56, 0.83): 0
699.86: (-0.48, -0.48, -0.73)
699.98: (-0.48, -0.47, -0.74)
700.08: (-0.48, -0.46, -0.75)
700.18: (-0.47, -0.46, -0.75)
700.30: (-0.48, -0.45, -0.75)
700.40: (-0.48, -0.45, -0.75)
700.50: (-0.48, -0.46, -0.75)
700.61: (-0.46, -0.49, -0.74)
700.73: (-0.44, -0.51, -0.74)
700.85: (-0.42, -0.54, -0.73)
700.96: (-0.36, -0.62, -0.70)
701.08: (-0.31, -0.70, -0.64)
701.18: (-0.30, -0.72, -0.62)
701.30: (-0.37, -0.67, -0.64)
701.41: (-0.74, -0.30, -0.60)
701.53: (-0.81, -0.21, -0.55)
701.65: (-0.90, -0.04, -0.43)
701.76: (-0.95, 0.11, -0.30)
701.86: (-0.94, 0.30, -0.13)
701.96: (-0.87, 0.50, 0.05)
702.08: (-0.67, 0.74, 0.06)
702.20: (-0.42, 0.91, 0.05)
702.30: (-0.29, 0.95, 0.09)
702.41: (-0.30, 0.95, 0.14)
702.53: (-0.34, 0.88, 0.33)
702.63: (-0.44, 0.77, 0.46)
702.75: (-0.69, 0.51, 0.51)
702.86: (-0.88, 0.17, 0.45)
702.98: (-0.92, -0.04, 0.39)
703.10: (-0.94, -0.23, 0.24)
703.21: (-0.88, -0.46, 0.11)
703.33: (-0.67, -0.75, 0.03)
703.45: (-0.39, -0.91, -0.14)
703.55: (-0.17, -0.91, -0.38)
703.66: (-0.06, -0.74, -0.67)
703.78: (-0.15, -0.70, -0.70)
703.90: (-0.61, -0.64, -0.47)
704.00: (-0.91, -0.40, -0.07)
704.11: (-0.98, 0.04, 0.20)
704.23: (-0.92, 0.32, 0.21)
704.33: (-0.88, 0.43, 0.20)
704.45: (-0.75, 0.61, 0.26)
704.56: (-0.47, 0.79, 0.40)
704.68: (-0.05, 0.77, 0.64)
704.78: (0.24, 0.52, 0.82)
704.90: (0.35, 0.12, 0.93)
705.01: (0.28, -0.30, 0.91)
705.13: (0.13, -0.72, 0.68)
705.25: (-0.07, -0.80, 0.60)
705.36: (-0.22, -0.71, 0.67)
705.48: (-0.17, -0.57, 0.80)
705.60: (-0.08, -0.56, 0.83)
705.71: (-0.04, -0.58, 0.81)
705.83: (-0.03, -0.59, 0.81)
705.83: (0.69, 0.15, -0.70): 1
705.83: (-0.03, -0.59, 0.81)
705.95: (-0.03, -0.59, 0.81)
706.05: (-0.03, -0.59, 0.81)
706.16: (-0.03, -0.56, 0.83)
706.28: (-0.03, -0.54, 0.84)
706.40: (-0.03, -0.54, 0.84)
706.51: (-0.03, -0.54, 0.84)
706.61: (-0.03, -0.54, 0.84)
706.73: (-0.03, -0.53, 0.85)
706.85: (-0.01, -0.44, 0.90)
706.96: (0.11, -0.26, 0.96)
707.08: (0.07, -0.21, 0.97)
707.20: (0.10, -0.34, 0.94)
707.31: (0.21, -0.46, 0.86)
707.41: (0.28, -0.66, 0.70)
707.53: (0.26, -0.91, 0.32)
707.65: (0.33, -0.94, 0.09)
707.76: (0.47, -0.88, 0.07)
707.88: (0.49, -0.87, 0.08)
707.98: (0.49, -0.87, 0.08)
708.10: (0.49, -0.87, 0.08)
708.21: (0.53, -0.84, -0.14)
708.33: (0.55, -0.71, -0.43)
708.45: (0.50, -0.61, -0.62)
708.56: (0.40, -0.45, -0.80)
708.68: (0.21, -0.12, -0.97)
708.78: (-0.01, 0.17, -0.98)
708.90: (-0.15, 0.17, -0.97)
709.01: (0.01, 0.04, -1.00)
709.13: (0.31, 0.05, -0.95)
709.25: (0.36, 0.19, -0.91)
709.35: (0.43, 0.28, -0.86)
709.45: (0.55, 0.25, -0.80)
709.56: (0.63, 0.18, -0.76)
709.68: (0.67, 0.13, -0.73)
709.78: (0.68, 0.12, -0.72)
709.78: (-0.78, -0.48, 0.40): 1
709.80: (0.68, 0.12, -0.72)
709.90: (0.68, 0.12, -0.72)
710.01: (0.69, 0.11, -0.71)
710.11: (0.70, 0.10, -0.70)
710.23: (0.71, 0.09, -0.69)
710.35: (0.72, 0.08, -0.69)
710.45: (0.72, 0.08, -0.69)
710.56: (0.73, 0.06, -0.68)
710.68: (0.74, 0.09, -0.66)
710.80: (0.73, 0.21, -0.65)
710.90: (0.68, 0.28, -0.67)
711.01: (0.70, 0.18, -0.69)
711.13: (0.77, 0.07, -0.63)
711.23: (0.78, 0.06, -0.63)
711.35: (0.78, 0.03, -0.63)
711.46: (0.78, 0.19, -0.60)
711.56: (0.76, 0.34, -0.55)
711.68: (0.64, 0.51, -0.58)
711.80: (0.59, 0.56, -0.58)
711.91: (0.37, 0.74, -0.56)
712.03: (0.02, 0.90, -0.44)
712.15: (-0.24, 0.94, -0.23)
712.26: (-0.17, 0.97, -0.18)
712.38: (-0.17, 0.97, -0.18)
712.50: (-0.17, 0.97, -0.18)
712.60: (-0.17, 0.97, -0.18)
712.71: (-0.22, 0.96, -0.17)
712.81: (-0.57, 0.81, -0.13)
712.93: (-0.80, 0.59, -0.12)
713.03: (-0.95, 0.31, -0.09)
713.15: (-1.00, 0.09, 0.02)
713.26: (-0.97, -0.09, 0.24)
713.38: (-0.86, -0.34, 0.39)
713.50: (-0.79, -0.44, 0.43)
713.61: (-0.79, -0.45, 0.42)
713.71: (-0.82, -0.43, 0.37)
713.83: (-0.82, -0.43, 0.38)
713.95: (-0.81, -0.43, 0.41)
713.96: (-0.81, -0.43, 0.41)
713.96: (0.56, -0.13, 0.82): 0
714.06: (-0.81, -0.43, 0.41)
714.16: (-0.81, -0.43, 0.41)
714.28: (-0.81, -0.42, 0.42)
714.39: (-0.84, -0.36, 0.41)
714.51: (-0.89, -0.22, 0.41)
714.61: (-0.89, -0.19, 0.41)
714.73: (-0.89, -0.18, 0.41)
714.83: (-0.90, -0.18, 0.41)
714.93: (-0.90, -0.17, 0.41)
715.04: (-0.90, -0.16, 0.41)
715.14: (-0.90, -0.16, 0.41)
715.26: (-0.90, -0.13, 0.41)
715.38: (-0.91, -0.02, 0.40)
715.48: (-0.91, 0.09, 0.42)
715.59: (-0.88, -0.03, 0.47)
715.71: (-0.74, -0.37, 0.56)
715.81: (-0.50, -0.66, 0.56)
715.93: (-0.21, -0.91, 0.37)
716.04: (-0.21, -0.97, 0.14)
716.14: (-0.16, -0.98, -0.10)
716.26: (0.11, -0.91, -0.41)
716.38: (0.25, -0.79, -0.56)
716.49: (0.01, -0.71, -0.70)
716.61: (-0.40, -0.54, -0.74)
716.71: (-0.61, -0.26, -0.75)
716.83: (-0.64, 0.04, -0.76)
716.93: (-0.58, 0.22, -0.78)
717.04: (-0.52, 0.39, -0.76)
717.14: (-0.45, 0.60, -0.66)
717.26: (-0.26, 0.83, -0.48)
717.36: (0.05, 0.90, -0.44)
717.48: (0.33, 0.82, -0.47)
717.59: (0.50, 0.72, -0.49)
717.71: (0.72, 0.46, -0.51)
717.81: (0.85, 0.17, -0.50)
717.93: (0.81, -0.19, -0.55)
718.04: (0.71, -0.34, -0.62)
718.16: (0.53, -0.48, -0.70)
718.26: (0.22, -0.60, -0.77)
718.36: (-0.08, -0.58, -0.81)
718.48: (-0.32, -0.45, -0.83)
718.59: (-0.51, -0.38, -0.77)
718.71: (-0.72, -0.28, -0.64)
718.83: (-0.89, -0.15, -0.42)
718.94: (-0.98, -0.18, -0.01)
719.04: (-0.80, -0.42, 0.43)
719.16: (-0.39, -0.74, 0.55)
719.28: (-0.12, -0.96, 0.26)
719.39: (-0.21, -0.94, -0.27)
719.51: (-0.16, -0.64, -0.76)
719.61: (0.10, -0.38, -0.92)
719.73: (0.45, -0.23, -0.86)
719.83: (0.81, -0.20, -0.55)
719.94: (0.94, -0.34, -0.09)
720.06: (0.93, -0.34, -0.11)
720.18: (0.93, -0.34, -0.11)
720.28: (0.93, -0.34, -0.11)
720.38: (0.93, -0.34, -0.11)
720.49: (0.91, -0.41, -0.09)
720.59: (0.90, -0.37, 0.22)
720.71: (0.69, -0.03, 0.73)
720.83: (0.33, 0.31, 0.89)
720.94: (0.10, 0.47, 0.88)
721.06: (0.14, 0.36, 0.92)
721.18: (0.19, 0.21, 0.96)
721.28: (0.24, 0.14, 0.96)
721.39: (0.33, 0.07, 0.94)
721.51: (0.51, -0.02, 0.86)
721.61: (0.55, -0.03, 0.83)
721.73: (0.56, -0.04, 0.83)
721.73: (0.87, -0.15, -0.48): 0
721.73: (0.56, -0.04, 0.83)
721.84: (0.57, -0.04, 0.82)
721.94: (0.57, -0.04, 0.82)
722.06: (0.58, -0.04, 0.81)
722.16: (0.59, -0.05, 0.81)
722.28: (0.62, -0.09, 0.78)
722.39: (0.81, -0.17, 0.56)
722.51: (0.93, -0.31, 0.21)
722.63: (0.94, -0.34, 0.07)
722.74: (0.94, -0.33, 0.04)
722.84: (0.96, -0.23, -0.14)
722.96: (0.94, -0.10, -0.34)
723.06: (0.91, -0.10, -0.40)
723.16: (0.90, -0.10, -0.43)
723.18: (0.90, -0.10, -0.43)
723.18: (0.89, -0.34, 0.30): 0
723.28: (0.89, -0.10, -0.44)
723.39: (0.89, -0.10, -0.45)
723.51: (0.87, -0.11, -0.49)
723.61: (0.89, -0.10, -0.44)
723.73: (0.97, -0.21, -0.15)
723.83: (0.95, -0.32, -0.03)
723.94: (0.94, -0.34, 0.00)
724.06: (0.94, -0.31, 0.13)
724.16: (0.93, -0.32, 0.21)
724.28: (0.91, -0.33, 0.26)
724.29: (0.91, -0.33, 0.26)
724.29: (0.59, 0.75, 0.30): 2
724.39: (0.91, -0.32, 0.26)
724.51: (0.91, -0.32, 0.26)
724.63: (0.91, -0.32, 0.26)
724.74: (0.91, -0.33, 0.25)
724.84: (0.92, -0.36, 0.12)
724.96: (0.92, -0.39, -0.05)
725.08: (0.93, -0.36, 0.06)
725.19: (0.89, -0.31, 0.35)
725.29: (0.83, -0.22, 0.51)
725.41: (0.71, -0.13, 0.69)
725.53: (0.52, 0.00, 0.85)
725.64: (0.34, 0.15, 0.93)
725.76: (0.17, 0.36, 0.92)
725.88: (0.07, 0.61, 0.79)
725.98: (0.07, 0.75, 0.65)
726.09: (-0.02, 0.76, 0.64)
726.21: (-0.12, 0.77, 0.63)
726.33: (0.04, 0.85, 0.53)
726.44: (0.23, 0.86, 0.47)
726.56: (0.38, 0.82, 0.43)
726.68: (0.46, 0.80, 0.39)
726.79: (0.51, 0.78, 0.36)
726.88: (0.53, 0.77, 0.35)
726.88: (-0.91, -0.24, -0.35): 2
726.91: (0.53, 0.77, 0.35)
727.01: (0.53, 0.77, 0.35)
727.13: (0.56, 0.75, 0.37)
727.24: (0.56, 0.74, 0.37)
727.34: (0.56, 0.74, 0.37)
727.46: (0.56, 0.74, 0.37)
727.58: (0.56, 0.74, 0.37)
727.69: (0.39, 0.84, 0.39)
727.81: (0.10, 0.92, 0.38)
727.93: (0.05, 0.95, 0.31)
728.04: (-0.02, 0.99, 0.17)
728.16: (-0.35, 0.94, 0.00)
728.28: (-0.74, 0.67, -0.05)
728.39: (-0.88, 0.46, 0.03)
728.51: (-0.92, 0.36, 0.14)
728.61: (-0.96, 0.27, -0.02)
728.73: (-0.97, 0.13, -0.22)
728.84: (-0.97, 0.04, -0.26)
728.96: (-0.97, 0.00, -0.25)
729.06: (-0.97, -0.08, -0.25)
729.18: (-0.95, -0.20, -0.25)
729.29: (-0.92, -0.26, -0.28)
729.41: (-0.90, -0.29, -0.31)
729.43: (-0.90, -0.29, -0.32)
729.43: (-1.00, -0.04, -0.03): 1
729.53: (-0.90, -0.29, -0.32)
729.64: (-0.91, -0.28, -0.31)
729.74: (-0.91, -0.28, -0.31)
729.86: (-0.90, -0.35, -0.27)
729.98: (-0.96, -0.21, -0.17)
730.08: (-0.99, -0.11, -0.11)
730.19: (-1.00, -0.06, -0.05)
730.29: (-1.00, -0.02, -0.02)
730.33: (-1.00, -0.02, -0.02)
730.33: (-0.57, -0.75, -0.32): 2
730.41: (-1.00, -0.02, -0.02)
730.53: (-1.00, 0.00, -0.01)
730.64: (-1.00, 0.03, 0.02)
730.76: (-0.99, 0.08, 0.06)
730.87: (-0.99, -0.14, -0.04)
730.97: (-0.92, -0.37, -0.14)
731.09: (-0.83, -0.50, -0.23)
731.21: (-0.73, -0.61, -0.31)
731.32: (-0.67, -0.67, -0.31)
731.42: (-0.65, -0.71, -0.28)
731.54: (-0.62, -0.75, -0.23)
731.66: (-0.59, -0.78, -0.21)
731.77: (-0.58, -0.79, -0.21)
731.87: (-0.57, -0.79, -0.24)
731.89: (-0.57, -0.79, -0.24)
731.89: (0.97, -0.23, 0.06): 2
731.99: (-0.57, -0.79, -0.24)
732.11: (-0.56, -0.79, -0.24)
732.22: (-0.70, -0.66, -0.26)
732.34: (-0.73, -0.63, -0.25)
732.46: (-0.73, -0.63, -0.25)
732.56: (-0.73, -0.63, -0.25)
732.67: (-0.77, -0.63, -0.11)
732.79: (-0.52, -0.84, -0.12)
732.89: (-0.45, -0.87, -0.19)
733.01: (-0.34, -0.90, -0.26)
733.11: (-0.14, -0.97, -0.20)
733.22: (0.41, -0.90, -0.13)
733.34: (0.73, -0.68, -0.03)
733.46: (0.81, -0.59, 0.02)
733.57: (0.83, -0.55, 0.06)
733.67: (0.91, -0.38, 0.15)
733.79: (0.96, -0.23, 0.17)
733.91: (0.96, -0.23, 0.15)
734.02: (0.96, -0.26, 0.09)
734.14: (0.95, -0.30, 0.05)
734.24: (0.94, -0.34, 0.01)
734.34: (0.93, -0.36, -0.02)
734.46: (0.93, -0.37, -0.02)
734.57: (0.94, -0.33, 0.02)
734.69: (0.96, -0.28, 0.06)
734.81: (0.96, -0.27, 0.07)
734.84: (0.96, -0.27, 0.07)
734.84: (-0.19, 0.91, -0.37): 1
734.92: (0.96, -0.27, 0.07)
735.04: (0.96, -0.27, 0.07)
735.16: (0.94, -0.35, 0.06)
735.27: (0.86, -0.51, 0.01)
735.37: (0.81, -0.58, -0.05)
735.49: (0.72, -0.69, -0.11)
735.61: (0.72, -0.69, -0.11)
735.72: (0.72, -0.69, -0.11)
735.82: (0.81, -0.58, -0.10)
735.94: (0.92, -0.40, -0.05)
736.04: (0.97, -0.24, 0.04)
736.16: (0.99, 0.02, 0.16)
736.27: (0.83, 0.45, 0.33)
736.39: (0.56, 0.73, 0.40)
736.51: (0.30, 0.86, 0.42)
736.62: (0.09, 0.90, 0.43)
736.74: (0.01, 0.91, 0.42)
736.84: (0.01, 0.92, 0.40)
736.96: (0.02, 0.98, 0.17)
737.06: (0.01, 1.00, -0.02)
737.17: (0.02, 0.99, -0.10)
737.29: (0.02, 0.99, -0.11)
737.41: (-0.08, 0.98, -0.16)
737.52: (-0.18, 0.95, -0.24)
737.64: (-0.26, 0.92, -0.30)
737.76: (-0.28, 0.89, -0.35)
737.86: (-0.28, 0.88, -0.38)
737.89: (-0.27, 0.88, -0.39)
END