3/31/2023 6:20:08 PM
Mode: Default
White time (s): [6.915237, 2.682724, 2.18306, 1.133057, 0.7995148, 1.449463, 1.732986, 1.466476, 1.916275, 1.616486, 3.382874, 1.666306, 1.466309, 1.616287, 1.049622, 1.682922, 1.532867, 1.682709, 2.132874, 0.750061, 1.616364, 1.666382, 1.032837, 1.483093, 1.933289, 1.666382, 1.299988, 1.166565, 0.849884, 1.416351]
Shot time (s): [5.165527, 2.233047, 1.366348, 4.83252, 1.783417, 2.065979, 1.250183, 4.082718, 1.066193, 3.932602, 1.333099, 1.599487, 1.632843, 3.28244, 1.783142, 2.199738, 1.449844, 1.449524, 1.216614, 4.349152, 1.616425, 1.049835, 1.716309, 1.69931, 3.998993, 2.466156, 0.9664612, 3.599243, 2.715942, 2.466187]
Step time (s): [3.082657, 2.499542, 2.133163, 0.7832031, 2.699341, 2.082672, 1.765884, 4.549362, 3.882401, 1.499771, 0.8829346, 2.232925, 2.599396, 4.682663, 2.11647, 1.016418, 2.01651, 1.682953, 1.899597, 1.149963, 2.516174, 1.09964, 0.7164917, 2.499878, 1.599976, 0.6164246, 1.316376, 0.8997192, 0.8996582, 1.366333]
White horz (deg): [508.56, 115.84, 175.04, 54.56, 13.43999, 86.47999, 161.92, 124.4, 138.64, 123.04, 217.5999, 127.6799, 88.23998, 115.92, 68.24, 109.76, 104.08, 174.0799, 79.2, 48.63999, 140.2399, 90.64004, 32.95998, 92.23999, 147.12, 144.96, 64.39999, 85.11996, 45.27999, 81.35999]
Shot horz (deg): [240.5601, 127.2, 74.24001, 231.6802, 117.84, 158, 89.12002, 344.9597, 31.83998, 294.6399, 101.92, 92.15997, 151.12, 208.8, 107.76, 103.28, 100.16, 138, 115.04, 461.84, 115.3599, 57.2, 142, 143.6, 318.4798, 175.76, 66.15998, 384.9598, 257.7599, 193.36]
Step horz (deg): [172.48, 197.44, 130.56, 26.47999, 288.7198, 203.5999, 103.04, 460.32, 319.2799, 69.43999, 24.07999, 140.96, 165.12, 355.5999, 191.52, 28.31998, 124.4799, 131.04, 147.2, 61.84, 193.92, 48.47999, 18.31999, 207.12, 83.67999, 7.599996, 67.60001, 43.12, 30.95998, 79.59998]
White vert (deg): [175.12, 68.80002, 34.23999, 38.56001, 5.119998, 15.91999, 57.75998, 63.76001, 77.36003, 47.68, 74.32004, 63.51999, 64.71999, 77.27999, 22.87999, 50.95999, 74.56001, 78.55999, 228.48, 22.23999, 52.23999, 70.48001, 8.559996, 58.96, 47.59998, 57.59999, 16.47999, 31.67999, 26.07999, 57.68]
Shot vert (deg): [276, 29.51998, 34.71999, 224.56, 13.59999, 57.76003, 31.83998, 121.76, 32.31998, 238.72, 29.67998, 25.11998, 60.48001, 229.44, 45.20002, 97.75996, 46.71999, 65.76001, 45.51999, 273.7599, 51.27999, 96.79997, 62.63999, 57.99999, 279.2801, 79.59998, 21.91999, 246.8799, 133.2801, 111.6]
Step vert (deg): [56.8, 43.83999, 74.64, 33.12, 106.48, 95.59999, 67.51997, 303.5199, 218.32, 30.71998, 31.27999, 125.84, 125.36, 282.96, 84.08002, 33.43998, 110.96, 72.87998, 131.92, 56.07999, 181.3599, 39.76, 20.63999, 98.88007, 34.55999, 17.75999, 14.95999, 30.95998, 36.31998, 60.95999]

Time in sec: camera forward versor
Time in sec: target versor: sound type (0 = White, 1 = Shot, 2 = Step)
START
147.24: (-0.87, 0.48, 0.02): 0
147.24: (-0.38, 0.39, -0.84)
147.34: (-0.38, 0.39, -0.84)
147.46: (-0.38, 0.39, -0.84)
147.56: (-0.38, 0.39, -0.84)
147.67: (-0.38, 0.39, -0.84)
147.77: (-0.38, 0.39, -0.84)
147.89: (-0.38, 0.38, -0.84)
148.01: (-0.47, 0.20, -0.86)
148.12: (-0.57, 0.04, -0.82)
148.24: (-0.59, 0.02, -0.81)
148.34: (-0.63, -0.09, -0.77)
148.46: (-0.65, -0.18, -0.74)
148.57: (-0.67, -0.32, -0.67)
148.69: (-0.68, -0.46, -0.57)
148.81: (-0.68, -0.62, -0.39)
148.92: (-0.66, -0.71, -0.26)
149.02: (-0.67, -0.68, -0.30)
149.14: (-0.67, -0.29, -0.69)
149.26: (-0.60, -0.11, -0.80)
149.36: (-0.53, -0.01, -0.85)
149.47: (-0.36, 0.25, -0.90)
149.57: (-0.25, 0.42, -0.87)
149.69: (-0.16, 0.51, -0.84)
149.81: (0.00, 0.64, -0.76)
149.92: (0.16, 0.75, -0.64)
150.02: (0.29, 0.80, -0.53)
150.14: (0.41, 0.83, -0.38)
150.26: (0.52, 0.83, -0.20)
150.37: (0.55, 0.83, -0.11)
150.47: (0.58, 0.82, -0.04)
150.59: (0.61, 0.79, 0.09)
150.69: (0.65, 0.73, 0.21)
150.81: (0.66, 0.66, 0.35)
150.92: (0.67, 0.50, 0.54)
151.02: (0.65, 0.39, 0.65)
151.14: (0.63, 0.32, 0.70)
151.26: (0.53, 0.11, 0.84)
151.37: (0.43, -0.03, 0.90)
151.49: (0.28, -0.22, 0.93)
151.59: (0.23, -0.25, 0.94)
151.71: (0.15, -0.13, 0.98)
151.82: (0.09, 0.07, 0.99)
151.94: (0.08, 0.22, 0.97)
152.06: (0.06, 0.36, 0.93)
152.17: (0.05, 0.56, 0.83)
152.29: (0.06, 0.64, 0.77)
152.39: (0.04, 0.75, 0.66)
152.49: (-0.04, 0.91, 0.40)
152.61: (-0.05, 0.93, 0.35)
152.72: (-0.06, 0.96, 0.27)
152.84: (-0.17, 0.98, 0.06)
152.94: (-0.24, 0.96, -0.12)
153.04: (-0.26, 0.91, -0.32)
153.16: (-0.27, 0.82, -0.51)
153.27: (-0.35, 0.78, -0.52)
153.39: (-0.57, 0.82, -0.07)
153.49: (-0.64, 0.77, 0.07)
153.61: (-0.68, 0.72, -0.12)
153.72: (-0.77, 0.61, -0.17)
153.84: (-0.84, 0.54, 0.05)
153.94: (-0.84, 0.53, 0.13)
154.06: (-0.84, 0.54, 0.01)
154.16: (-0.84, 0.54, 0.00)
154.16: (0.28, -0.52, 0.81): 0
154.16: (-0.84, 0.54, 0.00)
154.27: (-0.84, 0.54, 0.00)
154.37: (-0.84, 0.54, 0.00)
154.49: (-0.84, 0.54, 0.01)
154.61: (-0.84, 0.54, 0.01)
154.72: (-0.83, 0.56, 0.05)
154.84: (-0.77, 0.62, 0.16)
154.96: (-0.69, 0.66, 0.30)
155.07: (-0.66, 0.58, 0.47)
155.19: (-0.50, 0.45, 0.74)
155.31: (-0.27, 0.36, 0.89)
155.42: (-0.10, 0.32, 0.94)
155.52: (-0.10, 0.32, 0.94)
155.64: (-0.10, 0.32, 0.94)
155.76: (-0.10, 0.32, 0.94)
155.87: (-0.10, 0.27, 0.96)
155.99: (0.00, -0.15, 0.99)
156.11: (0.13, -0.22, 0.97)
156.22: (0.14, -0.20, 0.97)
156.34: (0.10, -0.18, 0.98)
156.46: (0.16, -0.35, 0.92)
156.57: (0.22, -0.48, 0.85)
156.69: (0.24, -0.50, 0.83)
156.79: (0.25, -0.51, 0.82)
156.84: (0.25, -0.51, 0.82)
156.84: (-0.99, -0.04, 0.13): 1
156.91: (0.25, -0.51, 0.82)
157.02: (0.25, -0.51, 0.82)
157.14: (0.25, -0.51, 0.82)
157.24: (0.25, -0.51, 0.82)
157.36: (0.25, -0.44, 0.86)
157.47: (0.23, -0.35, 0.91)
157.59: (0.22, -0.34, 0.91)
157.71: (0.19, -0.22, 0.96)
157.82: (0.15, -0.05, 0.99)
157.94: (0.07, 0.13, 0.99)
158.06: (0.01, 0.25, 0.97)
158.16: (-0.05, 0.39, 0.92)
158.27: (-0.14, 0.56, 0.82)
158.39: (-0.19, 0.62, 0.76)
158.51: (-0.25, 0.72, 0.65)
158.61: (-0.29, 0.79, 0.54)
158.71: (-0.32, 0.84, 0.44)
158.81: (-0.35, 0.87, 0.36)
158.92: (-0.38, 0.91, 0.15)
159.04: (-0.42, 0.90, -0.06)
159.16: (-0.43, 0.89, -0.17)
159.26: (-0.41, 0.86, -0.31)
159.37: (-0.40, 0.82, -0.41)
159.47: (-0.40, 0.82, -0.41)
159.59: (-0.37, 0.82, -0.44)
159.71: (-0.24, 0.90, -0.35)
159.82: (-0.22, 0.96, -0.15)
159.94: (-0.46, 0.82, 0.35)
160.05: (-0.28, 0.82, 0.49)
160.16: (-0.06, 0.89, 0.45)
160.27: (0.14, 0.92, 0.36)
160.39: (0.28, 0.89, 0.37)
160.50: (0.43, 0.84, 0.34)
160.62: (0.62, 0.73, 0.28)
160.74: (0.64, 0.69, 0.33)
160.84: (0.16, 0.87, 0.46)
160.95: (-0.27, 0.83, 0.49)
161.06: (-0.39, 0.78, 0.49)
161.17: (-0.49, 0.73, 0.48)
161.29: (-0.74, 0.55, 0.39)
161.41: (-0.92, 0.31, 0.24)
161.52: (-0.99, 0.07, 0.14)
161.64: (-0.98, -0.18, 0.05)
161.75: (-0.99, -0.05, 0.11)
161.87: (-0.98, 0.08, 0.16)
161.99: (-0.99, 0.06, 0.15)
162.00: (-0.99, 0.06, 0.15)
162.00: (0.73, -0.22, -0.64): 2
162.10: (-0.99, 0.05, 0.15)
162.22: (-0.99, 0.05, 0.13)
162.32: (-0.99, 0.05, 0.13)
162.42: (-0.99, 0.05, 0.13)
162.54: (-0.99, 0.05, 0.13)
162.65: (-0.99, 0.05, 0.13)
162.77: (-0.99, 0.05, 0.11)
162.87: (-0.99, 0.05, 0.11)
162.97: (-0.99, 0.05, 0.11)
163.09: (-0.98, 0.18, -0.10)
163.20: (-0.94, 0.27, -0.22)
163.32: (-0.82, 0.40, -0.40)
163.42: (-0.71, 0.48, -0.52)
163.54: (-0.58, 0.53, -0.61)
163.65: (-0.44, 0.54, -0.72)
163.77: (-0.27, 0.54, -0.80)
163.89: (-0.07, 0.48, -0.88)
164.00: (0.13, 0.44, -0.89)
164.12: (0.33, 0.40, -0.86)
164.24: (0.50, 0.35, -0.79)
164.35: (0.57, 0.28, -0.77)
164.47: (0.48, 0.14, -0.87)
164.59: (0.55, -0.03, -0.83)
164.69: (0.71, -0.08, -0.70)
164.80: (0.80, -0.08, -0.59)
164.92: (0.71, -0.16, -0.68)
165.04: (0.68, -0.15, -0.72)
165.09: (0.68, -0.14, -0.72)
165.09: (-0.91, 0.19, -0.36): 2
165.14: (0.68, -0.14, -0.72)
165.25: (0.70, -0.14, -0.70)
165.37: (0.72, -0.11, -0.69)
165.47: (0.72, -0.11, -0.69)
165.59: (0.71, -0.09, -0.69)
165.69: (0.70, -0.06, -0.71)
165.79: (0.67, -0.02, -0.74)
165.90: (0.49, 0.15, -0.86)
166.00: (0.21, 0.32, -0.92)
166.12: (-0.17, 0.49, -0.85)
166.22: (-0.29, 0.53, -0.79)
166.34: (-0.54, 0.55, -0.63)
166.45: (-0.84, 0.45, -0.32)
166.57: (-0.84, 0.37, -0.39)
166.67: (-0.69, 0.40, -0.61)
166.79: (-0.73, 0.38, -0.56)
166.90: (-0.91, 0.24, -0.34)
167.02: (-0.87, 0.25, -0.43)
167.14: (-0.78, 0.32, -0.54)
167.25: (-0.80, 0.31, -0.51)
167.37: (-0.87, 0.24, -0.43)
167.49: (-0.89, 0.20, -0.42)
167.59: (-0.89, 0.19, -0.42)
167.59: (0.87, 0.21, -0.44): 1
167.59: (-0.89, 0.19, -0.42)
167.70: (-0.89, 0.20, -0.42)
167.80: (-0.88, 0.21, -0.42)
167.92: (-0.89, 0.21, -0.40)
168.04: (-0.89, 0.21, -0.40)
168.14: (-0.89, 0.21, -0.39)
168.25: (-0.89, 0.22, -0.40)
168.37: (-0.68, 0.36, -0.64)
168.47: (-0.55, 0.41, -0.73)
168.59: (-0.32, 0.44, -0.84)
168.70: (-0.03, 0.45, -0.89)
168.82: (0.16, 0.41, -0.90)
168.92: (0.34, 0.36, -0.87)
169.02: (0.48, 0.33, -0.81)
169.12: (0.50, 0.34, -0.80)
169.24: (0.59, 0.29, -0.75)
169.35: (0.70, 0.28, -0.66)
169.45: (0.72, 0.24, -0.65)
169.57: (0.79, 0.23, -0.56)
169.69: (0.89, 0.21, -0.41)
169.80: (0.89, 0.20, -0.40)
169.82: (0.89, 0.20, -0.40)
169.82: (-0.91, 0.01, 0.42): 0
169.90: (0.89, 0.20, -0.40)
170.02: (0.89, 0.20, -0.40)
170.14: (0.87, 0.25, -0.43)
170.25: (0.81, 0.30, -0.50)
170.37: (0.78, 0.31, -0.54)
170.49: (0.56, 0.46, -0.69)
170.59: (0.29, 0.54, -0.79)
170.70: (0.17, 0.58, -0.79)
170.82: (-0.09, 0.62, -0.78)
170.94: (-0.43, 0.61, -0.67)
171.05: (-0.59, 0.56, -0.58)
171.17: (-0.73, 0.51, -0.46)
171.27: (-0.89, 0.37, -0.25)
171.37: (-0.97, 0.23, -0.06)
171.49: (-0.99, 0.12, 0.07)
171.60: (-0.98, 0.14, 0.11)
171.70: (-0.97, 0.17, 0.17)
171.82: (-0.92, 0.04, 0.38)
171.94: (-0.90, 0.01, 0.43)
172.00: (-0.91, 0.02, 0.41)
172.00: (-0.47, 0.09, 0.88): 0
172.04: (-0.91, 0.02, 0.41)
172.15: (-0.92, 0.02, 0.40)
172.27: (-0.94, 0.06, 0.34)
172.39: (-0.87, 0.11, 0.48)
172.49: (-0.66, 0.08, 0.74)
172.60: (-0.47, -0.03, 0.88)
172.72: (-0.57, 0.05, 0.82)
172.84: (-0.60, 0.10, 0.80)
172.95: (-0.58, 0.09, 0.81)
173.07: (-0.54, 0.05, 0.84)
173.14: (-0.54, 0.04, 0.84)
173.14: (-0.86, 0.49, -0.17): 1
173.17: (-0.54, 0.04, 0.84)
173.27: (-0.54, 0.04, 0.84)
173.39: (-0.51, 0.08, 0.85)
173.50: (-0.51, 0.14, 0.85)
173.62: (-0.57, 0.33, 0.75)
173.74: (-0.65, 0.58, 0.49)
173.84: (-0.70, 0.62, 0.35)
173.95: (-0.79, 0.60, 0.13)
174.07: (-0.82, 0.55, 0.15)
174.19: (-0.85, 0.52, 0.07)
174.30: (-0.85, 0.52, -0.08)
174.42: (-0.85, 0.52, -0.12)
174.50: (-0.85, 0.51, -0.13)
174.50: (0.82, -0.53, 0.21): 1
174.52: (-0.85, 0.51, -0.13)
174.64: (-0.86, 0.50, -0.14)
174.75: (-0.85, 0.49, -0.18)
174.87: (-0.85, 0.49, -0.19)
174.97: (-0.85, 0.47, -0.22)
175.09: (-0.85, 0.48, -0.20)
175.20: (-0.86, 0.49, -0.14)
175.30: (-0.84, 0.51, -0.17)
175.42: (-0.78, 0.59, -0.22)
175.54: (-0.59, 0.60, -0.54)
175.65: (-0.48, 0.60, -0.64)
175.77: (-0.35, 0.54, -0.76)
175.87: (-0.26, 0.51, -0.82)
175.97: (-0.28, 0.51, -0.81)
176.09: (-0.38, 0.57, -0.73)
176.20: (-0.35, 0.55, -0.76)
176.30: (-0.19, 0.47, -0.86)
176.42: (-0.03, 0.40, -0.92)
176.54: (0.01, 0.38, -0.92)
176.64: (0.20, 0.29, -0.94)
176.74: (0.33, 0.21, -0.92)
176.85: (0.47, 0.14, -0.87)
176.97: (0.63, -0.01, -0.78)
177.07: (0.67, 0.01, -0.74)
177.19: (0.79, 0.15, -0.60)
177.30: (0.83, 0.24, -0.49)
177.42: (0.86, 0.35, -0.36)
177.53: (0.85, 0.47, -0.22)
177.64: (0.82, 0.55, -0.13)
177.75: (0.76, 0.65, 0.06)
177.87: (0.70, 0.68, 0.21)
177.98: (0.67, 0.68, 0.30)
178.09: (0.66, 0.68, 0.33)
178.20: (0.86, 0.47, 0.18)
178.32: (0.98, 0.02, -0.20)
178.43: (0.89, -0.31, -0.34)
178.55: (0.81, -0.47, -0.35)
178.65: (0.88, -0.39, -0.26)
178.77: (0.94, -0.33, -0.01)
178.88: (0.88, -0.48, 0.02)
179.00: (0.86, -0.52, 0.03)
179.12: (0.88, -0.47, 0.10)
179.22: (0.83, -0.52, 0.20)
179.32: (0.81, -0.54, 0.23)
179.33: (0.81, -0.54, 0.23)
179.33: (0.84, -0.54, 0.08): 0
179.44: (0.80, -0.55, 0.24)
179.55: (0.81, -0.55, 0.21)
179.67: (0.84, -0.52, 0.14)
179.78: (0.87, -0.49, 0.07)
179.90: (0.85, -0.51, 0.09)
180.02: (0.84, -0.53, 0.09)
180.13: (0.84, -0.53, 0.09)
180.13: (0.02, 0.81, -0.59): 1
180.13: (0.84, -0.53, 0.09)
180.25: (0.84, -0.53, 0.09)
180.35: (0.84, -0.53, 0.09)
180.45: (0.84, -0.53, 0.09)
180.57: (0.85, -0.52, 0.08)
180.68: (0.95, -0.30, -0.10)
180.80: (0.91, 0.16, -0.39)
180.92: (0.81, 0.33, -0.49)
181.03: (0.70, 0.46, -0.55)
181.15: (0.57, 0.56, -0.60)
181.27: (0.23, 0.74, -0.63)
181.38: (0.21, 0.75, -0.63)
181.48: (0.22, 0.75, -0.62)
181.58: (0.22, 0.75, -0.62)
181.70: (0.17, 0.77, -0.62)
181.80: (0.05, 0.81, -0.58)
181.92: (0.06, 0.81, -0.58)
181.92: (-0.97, 0.21, -0.12): 0
181.92: (0.06, 0.81, -0.58)
182.03: (0.06, 0.81, -0.58)
182.15: (0.01, 0.82, -0.57)
182.27: (-0.16, 0.84, -0.51)
182.38: (-0.36, 0.83, -0.44)
182.50: (-0.59, 0.74, -0.33)
182.62: (-0.74, 0.64, -0.22)
182.72: (-0.76, 0.61, -0.20)
182.83: (-0.87, 0.48, -0.09)
182.93: (-0.93, 0.36, -0.06)
183.05: (-0.93, 0.35, -0.13)
183.17: (-0.94, 0.32, -0.12)
183.28: (-0.97, 0.23, -0.08)
183.37: (-0.97, 0.25, -0.09)
183.37: (0.67, 0.05, -0.74): 1
183.40: (-0.97, 0.25, -0.09)
183.52: (-0.97, 0.24, -0.09)
183.63: (-0.97, 0.23, -0.07)
183.75: (-0.98, 0.17, 0.02)
183.85: (-0.98, 0.19, 0.10)
183.97: (-0.88, 0.43, 0.19)
184.07: (-0.75, 0.65, 0.07)
184.18: (-0.58, 0.79, -0.21)
184.30: (-0.39, 0.82, -0.42)
184.42: (-0.20, 0.80, -0.56)
184.53: (-0.02, 0.77, -0.64)
184.65: (0.27, 0.67, -0.69)
184.77: (0.47, 0.52, -0.71)
184.88: (0.58, 0.41, -0.70)
185.00: (0.50, 0.36, -0.79)
185.12: (0.56, 0.20, -0.81)
185.23: (0.66, 0.11, -0.74)
185.35: (0.68, 0.11, -0.72)
185.43: (0.68, 0.10, -0.72)
185.43: (0.95, 0.01, 0.31): 2
185.45: (0.68, 0.10, -0.72)
185.55: (0.68, 0.10, -0.72)
185.67: (0.68, 0.10, -0.72)
185.78: (0.68, 0.10, -0.72)
185.90: (0.65, 0.15, -0.74)
186.02: (0.53, 0.29, -0.80)
186.13: (0.46, 0.35, -0.82)
186.23: (0.49, 0.48, -0.73)
186.35: (0.64, 0.53, -0.56)
186.47: (0.74, 0.52, -0.42)
186.58: (0.91, 0.28, -0.29)
186.70: (0.97, -0.05, -0.25)
186.82: (0.95, -0.29, -0.16)
186.93: (0.99, 0.02, -0.13)
187.05: (0.99, 0.12, -0.06)
187.17: (1.00, -0.01, 0.09)
187.28: (0.97, -0.06, 0.25)
187.40: (0.96, 0.03, 0.27)
187.50: (0.96, 0.06, 0.27)
187.57: (0.96, 0.06, 0.27)
187.57: (-0.21, 0.20, -0.96): 0
187.60: (0.96, 0.06, 0.27)
187.72: (0.96, 0.06, 0.27)
187.83: (0.97, 0.08, 0.24)
187.93: (0.97, 0.13, 0.22)
188.05: (0.95, 0.28, 0.11)
188.17: (0.84, 0.53, -0.11)
188.27: (0.73, 0.64, -0.24)
188.38: (0.50, 0.72, -0.47)
188.48: (0.26, 0.73, -0.63)
188.60: (0.01, 0.73, -0.68)
188.70: (-0.32, 0.69, -0.65)
188.80: (-0.43, 0.59, -0.68)
188.92: (-0.08, 0.49, -0.87)
189.03: (-0.03, 0.40, -0.91)
189.15: (-0.25, 0.30, -0.92)
189.25: (-0.23, 0.21, -0.95)
189.30: (-0.25, 0.22, -0.95)
189.30: (0.83, 0.21, 0.52): 0
189.37: (-0.26, 0.24, -0.94)
189.48: (-0.28, 0.24, -0.93)
189.60: (-0.32, 0.31, -0.89)
189.70: (-0.21, 0.46, -0.86)
189.80: (0.10, 0.63, -0.77)
189.92: (0.51, 0.69, -0.51)
190.03: (0.61, 0.68, -0.40)
190.15: (0.76, 0.63, -0.16)
190.25: (0.83, 0.56, 0.05)
190.37: (0.85, 0.50, 0.20)
190.47: (0.87, 0.39, 0.31)
190.58: (0.88, 0.16, 0.44)
190.70: (0.88, 0.17, 0.45)
190.77: (0.87, 0.18, 0.45)
190.77: (1.00, -0.09, -0.02): 2
190.82: (0.87, 0.19, 0.45)
190.93: (0.88, 0.21, 0.43)
191.05: (0.89, 0.29, 0.36)
191.15: (0.98, 0.16, 0.15)
191.27: (0.99, -0.12, 0.04)
191.38: (0.99, -0.15, 0.05)
191.48: (0.99, -0.11, 0.05)
191.55: (0.99, -0.10, 0.05)
191.55: (-0.22, -0.44, 0.87): 2
191.60: (0.99, -0.09, 0.05)
191.70: (0.99, -0.09, 0.05)
191.82: (0.99, 0.14, -0.06)
191.93: (0.86, 0.45, -0.22)
192.05: (0.72, 0.62, -0.31)
192.15: (0.65, 0.68, -0.34)
192.27: (0.55, 0.74, -0.38)
192.38: (0.29, 0.84, -0.45)
192.48: (0.15, 0.89, -0.43)
192.58: (0.12, 0.91, -0.40)
192.70: (0.80, 0.54, -0.27)
192.82: (0.95, 0.29, 0.08)
192.92: (0.95, 0.15, 0.26)
193.03: (0.91, -0.06, 0.40)
193.15: (0.75, -0.22, 0.63)
193.25: (0.53, -0.40, 0.75)
193.37: (0.32, -0.55, 0.77)
193.48: (0.04, -0.63, 0.77)
193.60: (-0.17, -0.64, 0.75)
193.71: (-0.14, -0.49, 0.86)
193.82: (-0.04, -0.46, 0.89)
193.93: (-0.05, -0.48, 0.88)
194.05: (-0.23, -0.43, 0.87)
194.17: (-0.35, -0.36, 0.87)
194.25: (-0.33, -0.36, 0.87)
194.25: (0.37, 0.30, -0.88): 2
194.28: (-0.33, -0.36, 0.87)
194.40: (-0.31, -0.36, 0.88)
194.51: (-0.19, -0.43, 0.88)
194.63: (-0.05, -0.34, 0.94)
194.75: (0.24, -0.13, 0.96)
194.86: (0.32, -0.10, 0.94)
194.98: (0.52, 0.06, 0.85)
195.08: (0.62, 0.30, 0.72)
195.20: (0.66, 0.64, 0.39)
195.31: (0.57, 0.80, 0.20)
195.43: (0.47, 0.88, -0.08)
195.55: (0.24, 0.84, -0.49)
195.65: (0.04, 0.74, -0.67)
195.76: (-0.11, 0.61, -0.78)
195.86: (0.20, 0.58, -0.79)
195.98: (0.36, 0.48, -0.80)
196.10: (0.28, 0.34, -0.90)
196.21: (0.30, 0.25, -0.92)
196.33: (0.32, 0.23, -0.92)
196.33: (0.87, 0.49, 0.10): 1
196.33: (0.32, 0.23, -0.92)
196.43: (0.32, 0.23, -0.92)
196.55: (0.34, 0.27, -0.90)
196.66: (0.43, 0.33, -0.84)
196.78: (0.59, 0.56, -0.58)
196.88: (0.68, 0.70, -0.21)
197.00: (0.72, 0.69, 0.03)
197.11: (0.78, 0.63, -0.07)
197.21: (0.81, 0.58, -0.06)
197.33: (0.81, 0.58, 0.10)
197.45: (0.83, 0.55, 0.07)
197.55: (0.85, 0.52, 0.07)
197.58: (0.85, 0.52, 0.07)
197.58: (-0.78, 0.50, 0.38): 2
197.66: (0.85, 0.52, 0.07)
197.78: (0.86, 0.51, 0.08)
197.90: (0.84, 0.52, 0.13)
198.01: (0.74, 0.60, 0.31)
198.11: (0.63, 0.68, 0.39)
198.23: (0.48, 0.71, 0.52)
198.35: (0.27, 0.75, 0.61)
198.45: (0.02, 0.72, 0.69)
198.56: (-0.13, 0.67, 0.73)
198.68: (-0.32, 0.61, 0.72)
198.80: (-0.49, 0.57, 0.66)
198.91: (-0.58, 0.65, 0.50)
199.03: (-0.66, 0.63, 0.41)
199.15: (-0.76, 0.50, 0.41)
199.26: (-0.81, 0.43, 0.40)
199.35: (-0.81, 0.43, 0.40)
199.35: (-0.85, -0.43, -0.30): 0
199.38: (-0.81, 0.43, 0.40)
199.48: (-0.78, 0.45, 0.43)
199.60: (-0.72, 0.52, 0.46)
199.71: (-0.51, 0.65, 0.56)
199.83: (-0.42, 0.54, 0.73)
199.95: (-0.47, 0.24, 0.85)
200.05: (-0.55, -0.05, 0.83)
200.16: (-0.68, -0.35, 0.64)
200.28: (-0.72, -0.55, 0.41)
200.40: (-0.73, -0.64, 0.24)
200.50: (-0.72, -0.68, 0.08)
200.61: (-0.81, -0.59, 0.05)
200.73: (-0.85, -0.51, -0.14)
200.83: (-0.86, -0.46, -0.20)
200.95: (-0.86, -0.47, -0.19)
201.06: (-0.85, -0.46, -0.25)
201.18: (-0.80, -0.49, -0.34)
201.26: (-0.80, -0.48, -0.35)
201.26: (0.54, 0.74, -0.39): 2
201.30: (-0.80, -0.48, -0.35)
201.41: (-0.81, -0.49, -0.34)
201.53: (-0.84, -0.50, -0.20)
201.63: (-0.83, -0.54, 0.10)
201.75: (-0.68, -0.43, 0.60)
201.85: (-0.46, -0.31, 0.83)
201.96: (-0.40, -0.30, 0.86)
202.08: (-0.39, -0.34, 0.85)
202.18: (-0.16, -0.21, 0.97)
202.30: (0.07, 0.35, 0.93)
202.41: (-0.08, 0.77, 0.63)
202.51: (-0.10, 0.78, 0.62)
202.63: (-0.09, 0.78, 0.62)
202.75: (-0.09, 0.78, 0.62)
202.85: (-0.07, 0.79, 0.61)
202.96: (-0.03, 0.89, 0.45)
203.08: (-0.45, 0.85, 0.28)
203.20: (-0.70, 0.71, 0.06)
203.31: (-0.84, 0.53, 0.15)
203.43: (-0.88, 0.45, 0.16)
203.53: (-0.94, 0.34, 0.04)
203.65: (-0.99, 0.11, -0.05)
203.76: (-0.92, -0.18, 0.34)
203.88: (-0.74, -0.26, 0.62)
204.00: (-0.90, 0.17, 0.40)
204.10: (-0.85, 0.50, 0.16)
204.20: (-0.75, 0.66, -0.01)
204.31: (-0.46, 0.77, -0.43)
204.41: (-0.35, 0.71, -0.61)
204.53: (-0.02, 0.44, -0.90)
204.65: (0.06, 0.40, -0.91)
204.76: (0.29, 0.21, -0.93)
204.88: (0.54, 0.01, -0.84)
204.98: (0.72, 0.03, -0.70)
205.10: (0.85, 0.19, -0.49)
205.20: (0.89, 0.29, -0.34)
205.31: (0.87, 0.36, -0.35)
205.43: (0.57, 0.62, -0.54)
205.55: (0.55, 0.67, -0.51)
205.65: (0.62, 0.65, -0.44)
205.76: (0.58, 0.71, -0.40)
205.81: (0.58, 0.70, -0.42)
205.81: (-0.92, 0.39, -0.01): 0
205.86: (0.58, 0.69, -0.43)
205.98: (0.58, 0.69, -0.43)
206.10: (0.55, 0.69, -0.47)
206.21: (0.42, 0.70, -0.58)
206.33: (0.07, 0.74, -0.67)
206.43: (-0.33, 0.72, -0.61)
206.55: (-0.51, 0.62, -0.59)
206.65: (-0.69, 0.51, -0.51)
206.76: (-0.79, 0.46, -0.41)
206.88: (-0.80, 0.50, -0.33)
207.00: (-0.88, 0.45, -0.11)
207.10: (-0.94, 0.34, 0.06)
207.21: (-0.89, 0.46, -0.03)
207.33: (-0.90, 0.44, -0.01)
207.43: (-0.91, 0.42, 0.00)
207.43: (0.29, -0.81, -0.51): 2
207.43: (-0.91, 0.42, 0.00)
207.55: (-0.91, 0.42, 0.00)
207.65: (-0.93, 0.36, 0.01)
207.75: (-0.96, 0.29, 0.04)
207.86: (-0.99, 0.10, 0.09)
207.98: (-0.97, -0.14, 0.22)
208.10: (-0.90, -0.32, 0.30)
208.20: (-0.87, -0.42, 0.28)
208.31: (-0.81, -0.53, 0.25)
208.41: (-0.83, -0.55, 0.11)
208.53: (-0.99, -0.04, -0.10)
208.65: (-0.82, 0.51, -0.26)
208.76: (-0.68, 0.67, -0.29)
208.88: (-0.40, 0.83, -0.39)
208.98: (-0.17, 0.88, -0.44)
209.10: (-0.04, 0.87, -0.49)
209.21: (-0.10, 0.86, -0.49)
209.33: (0.18, 0.81, -0.56)
209.45: (0.34, 0.73, -0.60)
209.56: (0.43, 0.63, -0.64)
209.68: (0.62, 0.38, -0.69)
209.78: (0.74, 0.12, -0.66)
209.90: (0.80, -0.13, -0.58)
210.00: (0.83, -0.37, -0.42)
210.10: (0.83, -0.47, -0.31)
210.21: (0.91, -0.40, -0.11)
210.33: (0.99, -0.14, 0.04)
210.45: (0.98, -0.09, 0.17)
210.56: (0.94, -0.30, 0.15)
210.68: (0.75, -0.64, -0.18)
210.79: (0.55, -0.79, -0.28)
210.91: (0.43, -0.83, -0.36)
211.01: (0.40, -0.84, -0.37)
211.13: (0.37, -0.82, -0.44)
211.25: (0.35, -0.77, -0.53)
211.31: (0.35, -0.77, -0.53)
211.31: (0.02, -0.99, -0.10): 2
211.36: (0.34, -0.78, -0.53)
211.46: (0.34, -0.77, -0.53)
211.58: (0.36, -0.77, -0.52)
211.69: (0.27, -0.88, -0.40)
211.81: (-0.03, -1.00, -0.04)
211.93: (-0.02, -1.00, -0.04)
212.04: (0.03, -0.99, -0.12)
212.14: (0.07, -0.99, -0.14)
212.24: (0.17, -0.96, -0.22)
212.35: (0.17, -0.96, -0.22)
212.46: (0.17, -0.96, -0.21)
212.56: (0.05, -1.00, -0.09)
212.68: (0.01, -1.00, -0.08)
212.79: (0.01, -1.00, -0.08)
212.81: (0.01, -1.00, -0.08)
212.81: (0.62, -0.75, -0.23): 2
212.91: (0.01, -1.00, -0.08)
213.03: (0.02, -1.00, -0.08)
213.14: (0.12, -0.98, -0.17)
213.26: (0.36, -0.90, -0.24)
213.38: (0.44, -0.86, -0.24)
213.49: (0.48, -0.84, -0.24)
213.59: (0.60, -0.76, -0.24)
213.69: (0.62, -0.75, -0.24)
213.69: (0.89, 0.25, 0.38): 1
213.71: (0.62, -0.75, -0.24)
213.83: (0.62, -0.75, -0.24)
213.93: (0.62, -0.75, -0.24)
214.04: (0.62, -0.75, -0.24)
214.14: (0.62, -0.75, -0.24)
214.26: (0.61, -0.70, -0.38)
214.38: (0.57, -0.62, -0.55)
214.49: (0.48, -0.54, -0.69)
214.61: (0.40, -0.32, -0.86)
214.71: (0.35, -0.13, -0.93)
214.83: (0.28, 0.00, -0.96)
214.94: (0.17, 0.14, -0.98)
215.06: (0.04, 0.22, -0.97)
215.18: (-0.13, 0.28, -0.95)
215.29: (-0.24, 0.40, -0.88)
215.41: (-0.39, 0.52, -0.76)
215.53: (-0.51, 0.71, -0.50)
215.63: (-0.57, 0.75, -0.35)
215.74: (-0.60, 0.79, -0.16)
215.84: (-0.63, 0.78, 0.04)
215.96: (-0.56, 0.81, 0.19)
216.08: (-0.45, 0.81, 0.38)
216.19: (-0.31, 0.71, 0.63)
216.31: (-0.19, 0.58, 0.79)
216.43: (0.01, 0.42, 0.91)
216.53: (0.22, 0.24, 0.95)
216.64: (0.48, -0.06, 0.87)
216.74: (0.60, -0.24, 0.76)
216.86: (0.66, -0.31, 0.69)
216.98: (0.73, -0.35, 0.59)
217.09: (0.84, -0.42, 0.34)
217.21: (0.88, -0.39, 0.27)
217.31: (0.88, -0.12, 0.46)
217.43: (0.88, 0.14, 0.45)
217.54: (0.90, 0.18, 0.39)
217.66: (0.90, 0.17, 0.40)
217.76: (0.90, 0.19, 0.38)
217.78: (0.90, 0.19, 0.38)
217.78: (0.93, 0.17, -0.32): 1
217.86: (0.90, 0.19, 0.38)
217.98: (0.91, 0.20, 0.37)
218.09: (0.91, 0.19, 0.37)
218.21: (0.94, 0.15, 0.31)
218.33: (0.99, 0.08, 0.10)
218.44: (0.99, 0.13, 0.03)
218.56: (0.98, 0.17, -0.05)
218.68: (0.96, 0.19, -0.23)
218.79: (0.93, 0.17, -0.34)
218.84: (0.92, 0.17, -0.34)
218.84: (-0.93, -0.37, 0.01): 0
218.91: (0.93, 0.16, -0.35)
219.01: (0.92, 0.16, -0.35)
219.11: (0.92, 0.16, -0.35)
219.21: (0.92, 0.16, -0.35)
219.33: (0.92, 0.16, -0.35)
219.44: (0.92, 0.09, -0.38)
219.56: (0.86, -0.38, -0.36)
219.68: (0.73, -0.53, -0.43)
219.79: (0.63, -0.66, -0.41)
219.89: (0.55, -0.69, -0.47)
220.01: (0.30, -0.80, -0.52)
220.11: (0.13, -0.86, -0.50)
220.21: (-0.03, -0.87, -0.50)
220.33: (-0.21, -0.83, -0.52)
220.44: (-0.47, -0.77, -0.44)
220.56: (-0.60, -0.73, -0.34)
220.66: (-0.53, -0.76, -0.38)
220.78: (-0.53, -0.76, -0.38)
220.88: (-0.51, -0.77, -0.39)
220.99: (-0.66, -0.68, -0.32)
221.11: (-0.83, -0.53, -0.18)
221.23: (-0.78, -0.59, -0.17)
221.34: (-0.67, -0.71, -0.21)
221.46: (-0.59, -0.79, -0.15)
221.56: (-0.69, -0.72, -0.07)
221.68: (-0.86, -0.51, 0.01)
221.78: (-0.88, -0.46, -0.07)
221.88: (-0.88, -0.46, -0.07)
221.99: (-0.90, -0.44, -0.05)
222.11: (-0.95, -0.30, 0.09)
222.23: (-0.95, -0.29, 0.09)
222.23: (0.33, -0.77, 0.54): 1
222.23: (-0.95, -0.29, 0.09)
222.33: (-0.95, -0.29, 0.09)
222.44: (-0.96, -0.29, 0.08)
222.56: (-0.95, -0.30, 0.08)
222.68: (-0.86, -0.51, -0.03)
222.79: (-0.59, -0.80, -0.12)
222.89: (-0.30, -0.92, -0.25)
222.99: (-0.25, -0.92, -0.29)
223.11: (-0.10, -0.92, -0.37)
223.23: (0.17, -0.88, -0.45)
223.33: (0.25, -0.86, -0.44)
223.44: (0.65, -0.66, -0.37)
223.56: (0.83, -0.46, -0.31)
223.68: (0.92, -0.30, -0.24)
223.79: (0.99, -0.06, -0.14)
223.91: (0.99, 0.09, -0.12)
224.01: (0.96, 0.27, -0.07)
224.13: (0.91, 0.41, 0.04)
224.24: (0.74, 0.61, 0.29)
224.36: (0.58, 0.63, 0.52)
224.48: (0.51, 0.54, 0.67)
224.58: (0.49, 0.37, 0.79)
224.69: (0.45, 0.15, 0.88)
224.79: (0.46, 0.00, 0.89)
224.91: (0.38, -0.21, 0.90)
225.03: (0.43, -0.27, 0.86)
225.13: (0.77, 0.04, 0.64)
225.24: (0.90, 0.21, 0.39)
225.36: (0.73, -0.17, 0.66)
225.48: (0.53, -0.62, 0.58)
225.58: (0.39, -0.77, 0.50)
225.69: (0.44, -0.74, 0.51)
225.81: (0.42, -0.71, 0.57)
225.93: (0.36, -0.73, 0.59)
226.04: (0.32, -0.76, 0.56)
226.14: (0.29, -0.79, 0.54)
226.16: (0.29, -0.79, 0.54)
226.16: (-0.57, 0.55, 0.61): 1
226.26: (0.29, -0.79, 0.54)
226.36: (0.29, -0.79, 0.54)
226.46: (0.29, -0.79, 0.54)
226.58: (0.34, -0.74, 0.58)
226.69: (0.22, -0.58, 0.78)
226.81: (-0.03, -0.32, 0.95)
226.93: (-0.21, -0.21, 0.95)
227.04: (-0.43, 0.03, 0.90)
227.16: (-0.56, 0.29, 0.78)
227.26: (-0.61, 0.47, 0.64)
227.38: (-0.61, 0.48, 0.63)
227.48: (-0.61, 0.48, 0.63)
227.49: (-0.61, 0.48, 0.63)
227.49: (0.56, -0.09, 0.82): 0
227.59: (-0.61, 0.48, 0.63)
227.71: (-0.61, 0.48, 0.63)
227.82: (-0.60, 0.55, 0.58)
227.94: (-0.48, 0.45, 0.75)
228.06: (-0.27, 0.11, 0.96)
228.17: (-0.18, -0.14, 0.97)
228.29: (0.00, -0.37, 0.93)
228.41: (0.11, -0.48, 0.87)
228.51: (0.24, -0.64, 0.73)
228.62: (0.31, -0.61, 0.72)
228.72: (0.27, -0.37, 0.89)
228.84: (0.41, -0.25, 0.87)
228.96: (0.57, -0.18, 0.80)
229.07: (0.58, -0.11, 0.81)
229.16: (0.58, -0.10, 0.81)
229.16: (-0.99, 0.00, 0.12): 2
229.17: (0.58, -0.10, 0.81)
229.29: (0.58, -0.11, 0.81)
229.41: (0.53, -0.20, 0.83)
229.52: (0.39, -0.37, 0.84)
229.64: (0.23, -0.49, 0.84)
229.74: (0.14, -0.55, 0.82)
229.84: (0.08, -0.57, 0.82)
229.96: (-0.22, -0.31, 0.92)
230.07: (-0.44, -0.09, 0.89)
230.19: (-0.58, 0.03, 0.82)
230.31: (-0.67, 0.17, 0.72)
230.42: (-0.78, 0.36, 0.51)
230.52: (-0.81, 0.51, 0.29)
230.62: (-0.79, 0.60, 0.13)
230.74: (-0.89, 0.46, 0.04)
230.86: (-0.98, 0.17, 0.14)
230.97: (-0.97, 0.13, 0.19)
231.09: (-0.97, 0.15, 0.17)
231.19: (-0.99, 0.05, 0.12)
231.31: (-0.99, -0.03, 0.10)
231.39: (-0.99, -0.03, 0.10)
231.39: (-0.26, 0.12, 0.96): 0
231.42: (-0.99, -0.03, 0.10)
231.54: (-0.99, -0.03, 0.10)
231.66: (-0.99, -0.03, 0.10)
231.77: (-0.99, -0.05, 0.13)
231.89: (-0.95, -0.15, 0.27)
232.01: (-0.79, -0.26, 0.55)
232.11: (-0.64, -0.25, 0.72)
232.22: (-0.46, -0.33, 0.83)
232.34: (-0.22, -0.40, 0.89)
232.46: (-0.35, -0.27, 0.90)
232.57: (-0.39, -0.05, 0.92)
232.69: (-0.32, 0.04, 0.95)
232.79: (-0.27, 0.10, 0.96)
232.86: (-0.28, 0.11, 0.95)
232.86: (0.97, 0.15, -0.19): 2
232.91: (-0.28, 0.11, 0.95)
233.01: (-0.28, 0.11, 0.95)
233.12: (-0.30, 0.08, 0.95)
233.24: (-0.36, -0.06, 0.93)
233.36: (-0.41, -0.18, 0.89)
233.46: (-0.50, -0.29, 0.81)
233.57: (-0.56, -0.49, 0.67)
233.69: (-0.44, -0.74, 0.52)
233.81: (-0.27, -0.89, 0.37)
233.92: (-0.14, -0.97, 0.21)
234.04: (0.03, -1.00, 0.06)
234.14: (0.16, -0.98, -0.11)
234.26: (0.29, -0.92, -0.26)
234.37: (0.43, -0.80, -0.41)
234.49: (0.64, -0.60, -0.48)
234.61: (0.81, -0.36, -0.47)
234.71: (0.89, -0.18, -0.41)
234.82: (0.92, -0.10, -0.37)
234.94: (0.97, -0.07, -0.24)
235.06: (0.99, 0.04, -0.11)
235.16: (0.99, 0.12, -0.08)
235.27: (0.98, 0.15, -0.15)
235.37: (0.95, 0.19, -0.24)
235.46: (0.95, 0.19, -0.24)
235.46: (0.05, -0.57, 0.82): 2
235.49: (0.95, 0.19, -0.24)
235.61: (0.98, 0.10, -0.15)
235.72: (1.00, -0.03, -0.07)
235.82: (1.00, -0.03, -0.07)
235.94: (1.00, -0.03, -0.07)
236.06: (1.00, -0.03, -0.07)
236.17: (0.91, -0.35, 0.21)
236.27: (0.77, -0.54, 0.34)
236.37: (0.74, -0.62, 0.28)
236.49: (0.66, -0.70, 0.27)
236.59: (0.47, -0.81, 0.35)
236.71: (0.68, -0.61, 0.41)
236.81: (0.88, -0.40, 0.27)
236.91: (1.00, 0.01, 0.09)
237.02: (0.96, 0.29, 0.02)
237.12: (0.94, 0.34, -0.04)
237.24: (0.87, 0.46, -0.17)
237.34: (0.79, 0.56, -0.25)
237.46: (0.61, 0.63, -0.48)
237.57: (0.31, 0.81, -0.50)
237.67: (0.18, 0.88, -0.44)
237.79: (-0.01, 0.95, -0.30)
237.91: (-0.18, 0.98, 0.00)
238.02: (-0.26, 0.94, 0.20)
238.14: (-0.41, 0.86, 0.31)
238.26: (-0.53, 0.81, 0.27)
238.37: (-0.72, 0.63, 0.29)
238.49: (-0.86, 0.41, 0.29)
238.61: (-0.94, 0.23, 0.24)
238.71: (-0.98, 0.08, 0.16)
238.82: (-1.00, -0.09, 0.03)
238.94: (-0.96, -0.28, -0.08)
239.04: (-0.88, -0.47, -0.11)
239.16: (-0.75, -0.67, -0.01)
239.26: (-0.65, -0.76, 0.06)
239.37: (-0.56, -0.82, 0.11)
239.49: (-0.51, -0.78, 0.35)
239.59: (-0.38, -0.68, 0.63)
239.71: (-0.23, -0.59, 0.78)
239.82: (-0.22, -0.58, 0.79)
239.92: (-0.16, -0.60, 0.78)
240.04: (-0.02, -0.59, 0.81)
240.14: (-0.01, -0.59, 0.81)
240.14: (0.99, 0.16, 0.00): 1
240.16: (-0.01, -0.59, 0.81)
240.27: (-0.01, -0.59, 0.81)
240.39: (-0.01, -0.59, 0.81)
240.51: (0.04, -0.54, 0.84)
240.62: (0.06, -0.53, 0.85)
240.72: (0.22, -0.46, 0.86)
240.84: (0.51, -0.33, 0.79)
240.96: (0.63, -0.26, 0.73)
241.07: (0.74, -0.22, 0.63)
241.19: (0.82, -0.15, 0.55)
241.29: (0.90, -0.06, 0.42)
241.39: (0.95, 0.02, 0.32)
241.51: (0.98, 0.11, 0.14)
241.62: (0.99, 0.13, 0.07)
241.74: (0.99, 0.14, 0.03)
241.74: (0.24, 0.95, 0.19): 0
241.74: (0.99, 0.14, 0.03)
241.86: (0.99, 0.15, -0.01)
241.96: (0.99, 0.16, -0.02)
242.07: (0.98, 0.20, -0.08)
242.19: (0.96, 0.26, -0.09)
242.31: (0.91, 0.41, -0.09)
242.42: (0.73, 0.63, -0.26)
242.54: (0.44, 0.81, -0.40)
242.64: (0.18, 0.87, -0.47)
242.74: (0.00, 0.86, -0.51)
242.86: (-0.07, 0.89, -0.45)
242.97: (0.18, 0.98, -0.09)
243.09: (0.31, 0.94, 0.11)
243.21: (0.24, 0.95, 0.20)
243.32: (0.22, 0.92, 0.31)
243.36: (0.23, 0.92, 0.31)
243.36: (0.10, 0.78, 0.61): 1
243.44: (0.23, 0.92, 0.31)
243.56: (0.23, 0.92, 0.31)
243.67: (0.31, 0.91, 0.29)
243.77: (0.31, 0.91, 0.29)
243.89: (0.37, 0.76, 0.53)
244.01: (0.34, -0.10, 0.94)
244.12: (0.25, -0.18, 0.95)
244.22: (0.27, 0.17, 0.95)
244.34: (0.29, 0.48, 0.83)
244.44: (0.30, 0.51, 0.81)
244.56: (0.24, 0.64, 0.73)
244.67: (0.06, 0.79, 0.61)
244.79: (0.04, 0.75, 0.66)
244.90: (0.09, 0.71, 0.70)
244.99: (0.09, 0.73, 0.68)
244.99: (-0.88, 0.33, -0.33): 2
245.02: (0.09, 0.73, 0.68)
245.12: (0.09, 0.73, 0.68)
245.24: (0.12, 0.73, 0.68)
245.34: (0.21, 0.60, 0.77)
245.45: (0.39, 0.38, 0.84)
245.57: (0.54, 0.24, 0.81)
245.69: (0.70, 0.24, 0.67)
245.80: (0.85, 0.40, 0.33)
245.90: (0.59, 0.80, 0.06)
246.02: (0.24, 0.95, -0.18)
246.14: (0.04, 0.96, -0.28)
246.24: (-0.05, 0.95, -0.30)
246.34: (-0.22, 0.92, -0.32)
246.45: (-0.49, 0.78, -0.40)
246.57: (-0.68, 0.59, -0.43)
246.69: (-0.80, 0.47, -0.37)
246.80: (-0.89, 0.37, -0.28)
246.92: (-0.91, 0.31, -0.26)
247.02: (-0.92, 0.26, -0.29)
247.10: (-0.92, 0.27, -0.30)
247.10: (-0.56, -0.43, 0.71): 1
247.14: (-0.92, 0.27, -0.30)
247.25: (-0.92, 0.27, -0.30)
247.37: (-0.91, 0.27, -0.31)
247.49: (-0.91, 0.30, -0.30)
247.59: (-0.91, 0.32, -0.27)
247.70: (-0.89, 0.32, -0.33)
247.82: (-0.83, 0.28, -0.48)
247.92: (-0.88, 0.13, -0.45)
248.02: (-0.89, -0.15, -0.43)
248.14: (-0.77, -0.31, -0.56)
248.25: (-0.62, -0.43, -0.65)
248.35: (-0.46, -0.64, -0.62)
248.47: (-0.29, -0.80, -0.52)
248.59: (-0.14, -0.88, -0.45)
248.70: (0.08, -0.92, -0.38)
248.80: (0.24, -0.91, -0.34)
248.92: (0.40, -0.86, -0.31)
249.04: (0.55, -0.74, -0.39)
249.14: (0.70, -0.53, -0.47)
249.25: (0.84, -0.37, -0.40)
249.37: (0.86, -0.51, -0.04)
249.49: (0.55, -0.77, 0.31)
249.60: (0.09, -0.88, 0.47)
249.72: (-0.17, -0.91, 0.38)
249.84: (-0.29, -0.92, 0.28)
249.94: (-0.41, -0.85, 0.34)
250.05: (-0.56, -0.56, 0.61)
250.17: (-0.60, -0.49, 0.64)
250.29: (-0.53, -0.51, 0.67)
250.39: (-0.51, -0.49, 0.70)
250.39: (0.17, -0.93, -0.34): 1
250.40: (-0.51, -0.49, 0.70)
250.52: (-0.53, -0.49, 0.69)
250.62: (-0.51, -0.71, 0.48)
250.74: (-0.51, -0.71, 0.48)
250.85: (-0.51, -0.71, 0.48)
250.97: (-0.51, -0.71, 0.48)
251.09: (-0.55, -0.79, 0.28)
251.20: (-0.51, -0.81, 0.29)
251.32: (-0.21, -0.96, 0.19)
251.42: (0.10, -0.99, -0.14)
251.52: (0.15, -0.92, -0.36)
251.64: (0.08, -0.95, -0.30)
251.75: (0.04, -0.97, -0.22)
251.87: (0.07, -0.98, -0.20)
251.97: (0.14, -0.97, -0.22)
252.09: (0.14, -0.95, -0.26)
252.17: (0.15, -0.95, -0.27)
252.17: (0.80, 0.58, 0.15): 1
252.20: (0.15, -0.95, -0.27)
252.32: (0.15, -0.95, -0.27)
252.44: (0.18, -0.94, -0.28)
252.54: (0.28, -0.91, -0.31)
252.65: (0.43, -0.81, -0.40)
252.77: (0.56, -0.62, -0.55)
252.87: (0.63, -0.43, -0.65)
252.99: (0.60, -0.54, -0.59)
253.09: (0.60, -0.55, -0.58)
253.20: (0.60, -0.55, -0.58)
253.32: (0.63, -0.51, -0.59)
253.44: (0.79, -0.34, -0.51)
253.55: (0.95, -0.12, -0.28)
253.65: (0.99, 0.07, -0.10)
253.77: (0.98, 0.21, -0.05)
253.89: (0.91, 0.41, 0.02)
254.00: (0.79, 0.59, 0.15)
254.10: (0.78, 0.61, 0.16)
254.20: (0.84, 0.53, 0.15)
254.32: (0.84, 0.53, 0.15)
254.37: (0.84, 0.53, 0.15)
254.37: (0.78, -0.53, 0.33): 0
254.42: (0.84, 0.53, 0.15)
254.54: (0.84, 0.53, 0.15)
254.64: (0.84, 0.53, 0.15)
254.74: (0.85, 0.50, 0.15)
254.85: (0.98, 0.04, 0.20)
254.97: (0.90, -0.37, 0.25)
255.09: (0.81, -0.54, 0.24)
255.19: (0.82, -0.52, 0.25)
255.30: (0.82, -0.49, 0.31)
255.42: (0.79, -0.51, 0.34)
255.42: (-0.39, -0.83, -0.39): 1
255.42: (0.79, -0.51, 0.34)
255.54: (0.79, -0.51, 0.35)
255.65: (0.79, -0.51, 0.35)
255.77: (0.74, -0.58, 0.34)
255.89: (0.49, -0.81, 0.33)
255.99: (0.15, -0.95, 0.26)
256.09: (-0.17, -0.97, 0.20)
256.20: (-0.44, -0.88, 0.17)
256.32: (-0.52, -0.85, 0.10)
256.42: (-0.45, -0.89, -0.05)
256.52: (-0.41, -0.88, -0.24)
256.62: (-0.45, -0.84, -0.29)
256.74: (-0.47, -0.81, -0.35)
256.85: (-0.43, -0.81, -0.41)
256.87: (-0.43, -0.81, -0.41)
256.87: (-0.66, -0.71, -0.25): 2
256.97: (-0.43, -0.81, -0.40)
257.07: (-0.44, -0.80, -0.40)
257.19: (-0.44, -0.80, -0.40)
257.30: (-0.71, -0.66, -0.26)
257.42: (-0.78, -0.60, -0.17)
257.52: (-0.75, -0.61, -0.24)
257.64: (-0.69, -0.66, -0.32)
257.75: (-0.69, -0.68, -0.24)
257.87: (-0.71, -0.68, -0.19)
257.89: (-0.71, -0.68, -0.19)
257.89: (-0.21, 0.86, 0.47): 0
257.97: (-0.71, -0.68, -0.19)
258.07: (-0.73, -0.65, -0.19)
258.19: (-0.78, -0.61, -0.16)
258.30: (-0.89, -0.44, -0.07)
258.42: (-0.98, -0.16, -0.06)
258.54: (-1.00, -0.04, -0.03)
258.65: (-0.99, 0.08, 0.09)
258.77: (-0.90, 0.42, 0.10)
258.89: (-0.81, 0.55, 0.18)
258.99: (-0.69, 0.69, 0.21)
259.10: (-0.54, 0.75, 0.39)
259.22: (-0.40, 0.79, 0.46)
259.34: (-0.31, 0.84, 0.44)
259.45: (-0.30, 0.86, 0.42)
259.57: (-0.30, 0.86, 0.42)
259.57: (0.67, 0.12, -0.73): 0
259.57: (-0.30, 0.86, 0.42)
259.69: (-0.30, 0.85, 0.42)
259.80: (-0.31, 0.88, 0.37)
259.92: (-0.31, 0.95, 0.06)
260.04: (-0.11, 0.97, -0.23)
260.14: (0.10, 0.95, -0.30)
260.25: (0.38, 0.87, -0.30)
260.37: (0.49, 0.80, -0.33)
260.49: (0.67, 0.66, -0.34)
260.60: (0.76, 0.54, -0.37)
260.72: (0.72, 0.44, -0.54)
260.83: (0.71, 0.27, -0.66)
260.95: (0.71, 0.11, -0.70)
261.05: (0.70, 0.02, -0.72)
261.10: (0.69, 0.01, -0.73)
261.10: (0.60, 0.29, 0.75): 2
261.15: (0.69, 0.01, -0.73)
261.25: (0.68, 0.01, -0.74)
261.37: (0.68, 0.01, -0.74)
261.47: (0.68, 0.01, -0.73)
261.59: (0.58, 0.39, -0.71)
261.70: (0.24, 0.74, -0.63)
261.82: (0.16, 0.82, -0.55)
261.93: (-0.11, 0.93, -0.35)
262.05: (-0.24, 0.96, -0.12)
262.15: (-0.22, 0.96, 0.15)
262.27: (-0.06, 0.90, 0.43)
262.38: (0.09, 0.81, 0.58)
262.50: (0.20, 0.68, 0.71)
262.60: (0.33, 0.54, 0.77)
262.72: (0.55, 0.37, 0.75)
262.83: (0.64, 0.35, 0.69)
262.93: (0.60, 0.36, 0.71)
263.05: (0.58, 0.38, 0.72)
263.12: (0.58, 0.38, 0.72)
263.12: (-0.98, -0.11, 0.18): 2
263.17: (0.58, 0.38, 0.72)
263.27: (0.57, 0.39, 0.72)
263.38: (0.51, 0.36, 0.78)
263.48: (0.48, 0.38, 0.79)
263.60: (0.29, 0.36, 0.89)
263.70: (0.05, 0.19, 0.98)
263.82: (-0.19, -0.11, 0.97)
263.93: (-0.41, -0.35, 0.84)
264.05: (-0.47, -0.37, 0.80)
264.15: (-0.56, -0.54, 0.63)
264.27: (-0.65, -0.67, 0.36)
264.38: (-0.86, -0.40, 0.33)
264.50: (-0.91, -0.25, 0.32)
264.62: (-0.96, -0.23, 0.16)
264.72: (-0.98, -0.14, 0.12)
264.80: (-0.99, -0.12, 0.11)
264.80: (0.05, 0.24, 0.97): 1
264.83: (-0.99, -0.13, 0.11)
264.95: (-0.98, -0.13, 0.12)
265.05: (-0.99, -0.15, 0.07)
265.17: (-0.96, -0.22, -0.20)
265.28: (-0.90, -0.40, -0.14)
265.40: (-0.73, -0.62, 0.28)
265.52: (-0.54, -0.57, 0.62)
265.63: (-0.35, -0.25, 0.90)
265.73: (-0.25, 0.00, 0.97)
265.83: (-0.19, 0.19, 0.96)
265.95: (-0.18, 0.18, 0.97)
266.07: (-0.05, 0.17, 0.98)
266.18: (0.05, 0.28, 0.96)
266.25: (0.05, 0.28, 0.96)
266.25: (-0.99, -0.12, -0.03): 1
266.30: (0.05, 0.28, 0.96)
266.40: (0.03, 0.25, 0.97)
266.52: (-0.19, 0.13, 0.97)
266.63: (-0.53, -0.07, 0.85)
266.75: (-0.75, -0.23, 0.62)
266.87: (-0.83, -0.39, 0.39)
266.97: (-0.83, -0.52, 0.21)
267.08: (-0.91, -0.26, 0.31)
267.20: (-0.97, -0.18, 0.17)
267.30: (-0.98, -0.19, 0.04)
267.40: (-0.99, -0.14, 0.03)
267.47: (-0.99, -0.11, 0.03)
267.47: (-0.10, -0.94, 0.32): 1
267.52: (-0.99, -0.11, 0.03)
267.63: (-0.99, -0.08, 0.09)
267.75: (-0.93, -0.02, 0.37)
267.87: (-0.75, -0.07, 0.66)
267.97: (-0.61, -0.04, 0.79)
268.08: (-0.49, -0.01, 0.87)
268.20: (-0.24, 0.00, 0.97)
268.32: (-0.12, 0.02, 0.99)
268.42: (-0.50, -0.17, 0.85)
268.52: (-0.84, -0.25, 0.48)
268.63: (-0.95, -0.31, 0.10)
268.75: (-0.90, -0.39, -0.19)
268.87: (-0.85, -0.32, -0.42)
268.97: (-0.83, -0.18, -0.53)
269.08: (-0.92, -0.01, -0.38)
269.20: (-0.96, 0.11, -0.26)
269.30: (-0.97, 0.21, -0.15)
269.42: (-0.94, 0.33, 0.12)
269.53: (-0.86, 0.41, 0.31)
269.63: (-0.76, 0.52, 0.39)
269.75: (-0.58, 0.69, 0.43)
269.87: (-0.50, 0.81, 0.31)
269.98: (-0.56, 0.82, 0.08)
270.10: (-0.65, 0.73, -0.22)
270.22: (-0.77, 0.47, -0.43)
270.33: (-0.83, 0.07, -0.55)
270.43: (-0.82, -0.23, -0.52)
270.55: (-0.78, -0.48, -0.40)
270.67: (-0.66, -0.62, -0.43)
270.78: (-0.41, -0.81, -0.42)
270.90: (0.01, -0.93, -0.37)
271.02: (0.21, -0.91, -0.35)
271.12: (0.26, -0.88, -0.40)
271.23: (0.46, -0.82, -0.34)
271.33: (0.58, -0.81, -0.05)
271.45: (0.50, -0.84, 0.21)
271.57: (0.16, -0.94, 0.30)
271.68: (-0.12, -0.96, 0.26)
271.80: (-0.11, -0.96, 0.24)
271.82: (-0.11, -0.96, 0.24)
271.82: (-0.73, 0.26, -0.63): 1
271.90: (-0.11, -0.96, 0.24)
272.02: (-0.11, -0.96, 0.25)
272.12: (-0.18, -0.95, 0.24)
272.23: (-0.35, -0.91, 0.23)
272.35: (-0.60, -0.78, 0.16)
272.47: (-0.74, -0.67, 0.10)
272.57: (-0.87, -0.48, -0.03)
272.67: (-0.95, -0.29, -0.13)
272.78: (-0.99, -0.04, -0.15)
272.90: (-0.96, 0.18, -0.21)
273.02: (-0.84, 0.22, -0.50)
273.12: (-0.71, 0.22, -0.67)
273.22: (-0.72, 0.25, -0.65)
273.33: (-0.73, 0.34, -0.59)
273.43: (-0.73, 0.34, -0.59)
273.43: (0.97, 0.00, -0.24): 0
273.43: (-0.73, 0.34, -0.59)
273.55: (-0.71, 0.34, -0.61)
273.67: (-0.72, 0.35, -0.60)
273.77: (-0.64, 0.41, -0.65)
273.88: (-0.37, 0.57, -0.74)
273.98: (0.11, 0.77, -0.63)
274.10: (0.47, 0.80, -0.37)
274.22: (0.69, 0.70, -0.18)
274.33: (0.84, 0.54, -0.03)
274.43: (0.93, 0.37, 0.06)
274.55: (0.98, 0.16, 0.15)
274.65: (0.98, 0.16, 0.06)
274.77: (0.91, 0.29, -0.28)
274.88: (0.96, 0.14, -0.26)
275.00: (0.99, 0.00, -0.14)
275.10: (0.99, 0.01, -0.14)
275.12: (0.99, 0.01, -0.14)
275.12: (-0.53, 0.77, -0.34): 2
275.20: (0.99, 0.02, -0.14)
275.32: (0.99, 0.11, -0.13)
275.43: (0.91, 0.41, 0.05)
275.53: (0.73, 0.65, 0.22)
275.65: (0.54, 0.82, 0.18)
275.77: (0.28, 0.96, -0.03)
275.88: (-0.13, 0.83, -0.54)
276.00: (-0.49, 0.43, -0.76)
276.10: (-0.61, 0.35, -0.71)
276.22: (-0.59, 0.69, -0.42)
276.32: (-0.50, 0.83, -0.24)
276.42: (-0.42, 0.85, -0.32)
276.53: (-0.40, 0.84, -0.36)
276.65: (-0.40, 0.84, -0.37)
276.77: (-0.40, 0.84, -0.38)
276.88: (-0.48, 0.82, -0.30)
276.98: (-0.51, 0.82, -0.27)
277.02: (-0.51, 0.82, -0.27)
277.02: (-0.53, 0.46, -0.71): 1
277.10: (-0.51, 0.81, -0.29)
277.22: (-0.48, 0.76, -0.44)
277.32: (-0.20, 0.69, -0.69)
277.43: (-0.03, 0.27, -0.96)
277.55: (-0.19, 0.26, -0.95)
277.65: (-0.41, 0.42, -0.81)
277.75: (-0.53, 0.57, -0.63)
277.87: (-0.54, 0.56, -0.63)
277.98: (-0.54, 0.46, -0.71)
278.06: (-0.54, 0.46, -0.71)
278.06: (-0.82, -0.38, -0.43): 2
278.08: (-0.54, 0.46, -0.71)
278.18: (-0.54, 0.45, -0.71)
278.30: (-0.50, 0.45, -0.74)
278.41: (-0.37, 0.28, -0.89)
278.53: (-0.58, 0.02, -0.82)
278.65: (-0.82, -0.18, -0.55)
278.77: (-0.89, -0.18, -0.42)
278.87: (-0.90, -0.16, -0.40)
278.98: (-0.88, -0.19, -0.43)
279.10: (-0.84, -0.37, -0.39)
279.21: (-0.83, -0.40, -0.40)
279.21: (0.85, 0.43, -0.30): 2
279.21: (-0.83, -0.40, -0.40)
279.33: (-0.82, -0.40, -0.41)
279.43: (-0.82, -0.42, -0.38)
279.55: (-0.74, -0.55, -0.38)
279.66: (-0.73, -0.56, -0.40)
279.78: (-0.85, -0.44, -0.30)
279.90: (-0.85, -0.30, -0.42)
280.01: (-0.85, -0.02, -0.52)
280.13: (-0.95, 0.16, -0.25)
280.25: (-0.94, 0.34, -0.07)
280.36: (-0.83, 0.56, 0.03)
280.48: (-0.67, 0.74, 0.09)
280.60: (-0.51, 0.84, 0.20)
280.71: (-0.29, 0.92, 0.28)
280.83: (-0.03, 0.97, 0.25)
280.95: (0.21, 0.97, 0.11)
281.06: (0.31, 0.92, -0.22)
281.18: (0.43, 0.62, -0.66)
281.30: (0.52, 0.32, -0.79)
281.41: (0.69, 0.33, -0.64)
281.53: (0.81, 0.38, -0.44)
281.63: (0.84, 0.38, -0.39)
281.73: (0.86, 0.36, -0.36)
281.73: (-0.52, -0.40, -0.76): 0
281.75: (0.86, 0.36, -0.36)
281.85: (0.86, 0.36, -0.36)
281.96: (0.78, 0.39, -0.49)
282.08: (0.36, 0.44, -0.82)
282.18: (-0.15, 0.41, -0.90)
282.30: (-0.15, 0.41, -0.90)
282.41: (-0.15, 0.41, -0.90)
282.53: (-0.61, -0.02, -0.79)
282.65: (-0.81, -0.55, -0.21)
282.76: (-0.82, -0.54, -0.19)
282.88: (-0.73, -0.40, -0.56)
282.98: (-0.56, -0.35, -0.75)
283.10: (-0.57, -0.45, -0.69)
283.21: (-0.52, -0.45, -0.72)
283.33: (-0.42, -0.38, -0.83)
283.43: (-0.36, -0.30, -0.89)
283.55: (-0.41, -0.34, -0.85)
283.66: (-0.51, -0.38, -0.77)
283.76: (-0.52, -0.39, -0.76)
283.86: (-0.52, -0.39, -0.76)
283.86: (0.42, -0.22, -0.88): 2
283.88: (-0.52, -0.39, -0.76)
283.98: (-0.52, -0.39, -0.76)
284.08: (-0.52, -0.39, -0.76)
284.20: (-0.51, -0.40, -0.76)
284.31: (-0.31, -0.51, -0.81)
284.43: (-0.08, -0.52, -0.85)
284.55: (0.19, -0.38, -0.90)
284.66: (0.38, -0.18, -0.91)
284.78: (0.39, -0.19, -0.90)
284.90: (0.39, -0.23, -0.89)
284.96: (0.39, -0.24, -0.89)
284.96: (-0.29, -0.40, -0.87): 0
285.01: (0.39, -0.24, -0.89)
285.13: (0.39, -0.25, -0.89)
285.25: (0.33, -0.34, -0.88)
285.36: (-0.22, -0.33, -0.92)
285.48: (-0.34, -0.36, -0.87)
285.60: (-0.23, -0.39, -0.89)
285.70: (-0.22, -0.40, -0.89)
285.71: (-0.22, -0.40, -0.89)
285.71: (-0.90, -0.42, 0.14): 1
285.81: (-0.22, -0.40, -0.89)
285.91: (-0.22, -0.40, -0.89)
286.03: (-0.05, -0.40, -0.91)
286.15: (0.24, -0.34, -0.91)
286.26: (0.25, -0.31, -0.92)
286.38: (-0.42, -0.10, -0.90)
286.48: (-0.67, -0.08, -0.74)
286.58: (-0.80, -0.12, -0.59)
286.68: (-0.89, -0.10, -0.45)
286.80: (-0.97, -0.08, -0.22)
286.91: (-0.99, -0.11, -0.05)
287.03: (-0.97, -0.24, -0.03)
287.13: (-0.95, -0.32, 0.05)
287.23: (-0.94, -0.34, 0.05)
287.35: (-0.92, -0.37, 0.10)
287.43: (-0.91, -0.39, 0.14)
287.43: (-0.94, -0.04, 0.34): 2
287.46: (-0.91, -0.39, 0.14)
287.58: (-0.91, -0.39, 0.14)
287.68: (-0.95, -0.29, 0.11)
287.80: (-0.98, -0.04, 0.19)
287.91: (-0.98, 0.00, 0.21)
288.03: (-0.97, -0.01, 0.26)
288.15: (-0.96, 0.01, 0.27)
288.15: (-0.42, -0.90, 0.08): 2
288.15: (-0.96, 0.01, 0.27)
288.25: (-0.96, 0.01, 0.27)
288.36: (-0.96, 0.05, 0.29)
288.46: (-0.92, 0.15, 0.35)
288.58: (-0.87, 0.31, 0.37)
288.70: (-0.83, 0.41, 0.37)
288.81: (-0.59, 0.67, 0.45)
288.91: (-0.47, 0.83, 0.31)
289.03: (-0.48, 0.87, 0.07)
289.15: (-0.67, 0.73, -0.13)
289.26: (-0.79, 0.48, -0.37)
289.38: (-0.85, 0.24, -0.47)
289.50: (-0.84, -0.01, -0.54)
289.61: (-0.81, -0.21, -0.55)
289.71: (-0.77, -0.36, -0.53)
289.83: (-0.65, -0.60, -0.46)
289.95: (-0.38, -0.84, -0.40)
290.05: (-0.25, -0.91, -0.34)
290.16: (-0.44, -0.88, -0.19)
290.28: (-0.52, -0.85, 0.01)
290.38: (-0.48, -0.87, 0.05)
290.50: (-0.45, -0.89, 0.06)
290.60: (-0.31, -0.94, 0.11)
290.65: (-0.31, -0.94, 0.12)
290.65: (-0.86, 0.01, 0.51): 1
290.71: (-0.31, -0.94, 0.12)
290.83: (-0.30, -0.95, 0.13)
290.95: (-0.32, -0.94, 0.09)
291.06: (-0.56, -0.83, 0.04)
291.18: (-0.89, -0.43, -0.13)
291.28: (-0.97, -0.07, -0.23)
291.40: (-0.98, 0.11, -0.18)
291.51: (-0.98, 0.17, -0.07)
291.61: (-0.97, 0.25, 0.03)
291.73: (-0.83, 0.53, 0.15)
291.85: (-0.87, 0.37, 0.32)
291.95: (-0.94, 0.10, 0.31)
292.06: (-0.94, 0.06, 0.32)
292.18: (-0.91, 0.06, 0.42)
292.30: (-0.86, -0.01, 0.51)
292.35: (-0.85, -0.03, 0.52)
292.35: (0.68, -0.26, 0.68): 1
292.40: (-0.85, -0.03, 0.52)
292.51: (-0.85, -0.03, 0.52)
292.63: (-0.92, 0.06, 0.39)
292.75: (-0.96, 0.22, 0.16)
292.86: (-0.98, 0.21, 0.00)
292.98: (-0.96, 0.20, -0.20)
293.10: (-0.99, 0.12, -0.10)
293.20: (-0.95, -0.27, 0.18)
293.31: (-0.75, -0.56, 0.35)
293.41: (-0.70, -0.57, 0.42)
293.53: (-0.63, -0.55, 0.55)
293.65: (-0.44, -0.63, 0.64)
293.75: (-0.26, -0.76, 0.60)
293.86: (0.00, -0.92, 0.40)
293.98: (0.24, -0.95, 0.18)
294.10: (0.38, -0.92, 0.04)
294.21: (0.52, -0.85, -0.03)
294.33: (0.67, -0.74, -0.04)
294.45: (0.81, -0.58, -0.05)
294.56: (0.91, -0.39, -0.11)
294.66: (0.92, -0.33, -0.21)
294.78: (0.83, -0.30, -0.47)
294.89: (0.58, -0.34, -0.74)
295.01: (0.28, -0.32, -0.90)
295.11: (0.14, -0.31, -0.94)
295.23: (0.08, -0.41, -0.91)
295.34: (0.03, -0.63, -0.77)
295.46: (0.38, -0.85, -0.37)
295.58: (0.76, -0.63, -0.16)
295.68: (0.84, -0.54, 0.04)
295.79: (0.84, -0.39, 0.36)
295.91: (0.78, -0.33, 0.53)
296.03: (0.78, -0.36, 0.51)
296.14: (0.75, -0.37, 0.55)
296.26: (0.71, -0.30, 0.63)
296.34: (0.70, -0.30, 0.65)
296.34: (-0.83, -0.43, -0.36): 1
296.38: (0.70, -0.30, 0.65)
296.49: (0.70, -0.30, 0.65)
296.61: (0.69, -0.30, 0.66)
296.71: (0.65, -0.27, 0.71)
296.83: (0.53, -0.28, 0.80)
296.94: (0.18, -0.28, 0.94)
297.06: (0.03, -0.25, 0.97)
297.16: (-0.14, -0.17, 0.97)
297.28: (-0.49, -0.03, 0.87)
297.39: (-0.62, 0.04, 0.79)
297.51: (-0.74, 0.10, 0.67)
297.63: (-0.80, 0.17, 0.57)
297.74: (-0.86, 0.25, 0.45)
297.86: (-0.92, 0.38, 0.08)
297.96: (-0.92, 0.39, 0.00)
298.08: (-0.93, 0.33, -0.15)
298.18: (-0.97, 0.14, -0.21)
298.29: (-0.92, -0.23, -0.33)
298.41: (-0.85, -0.37, -0.37)
298.53: (-0.84, -0.41, -0.36)
298.64: (-0.89, -0.38, -0.25)
298.76: (-0.89, -0.39, -0.24)
298.81: (-0.88, -0.40, -0.25)
298.81: (0.78, 0.44, -0.44): 0
298.86: (-0.88, -0.41, -0.25)
298.98: (-0.87, -0.41, -0.27)
299.09: (-0.82, -0.45, -0.36)
299.21: (-0.66, -0.56, -0.51)
299.33: (-0.50, -0.58, -0.64)
299.44: (-0.26, -0.47, -0.84)
299.56: (-0.09, -0.35, -0.93)
299.68: (0.18, -0.28, -0.94)
299.79: (0.50, -0.12, -0.86)
299.89: (0.65, 0.00, -0.76)
300.01: (0.68, 0.15, -0.72)
300.13: (0.69, 0.29, -0.66)
300.24: (0.77, 0.36, -0.53)
300.36: (0.83, 0.39, -0.40)
300.43: (0.83, 0.40, -0.39)
300.43: (0.31, -0.05, -0.95): 1
300.48: (0.83, 0.40, -0.39)
300.59: (0.83, 0.40, -0.39)
300.69: (0.84, 0.39, -0.38)
300.81: (0.68, 0.07, -0.73)
300.93: (0.60, -0.03, -0.80)
301.03: (0.44, -0.11, -0.89)
301.14: (0.32, -0.19, -0.93)
301.24: (0.25, -0.19, -0.95)
301.36: (0.27, -0.12, -0.96)
301.39: (0.28, -0.11, -0.95)
301.39: (0.87, 0.50, 0.03): 2
301.48: (0.28, -0.11, -0.95)
301.58: (0.29, -0.10, -0.95)
301.69: (0.41, -0.03, -0.91)
301.81: (0.43, -0.03, -0.90)
301.93: (0.51, -0.03, -0.86)
302.04: (0.66, -0.07, -0.75)
302.16: (0.88, 0.10, -0.47)
302.28: (0.95, 0.30, -0.11)
302.38: (0.95, 0.31, -0.09)
302.49: (0.94, 0.31, -0.12)
302.61: (0.94, 0.31, -0.13)
302.71: (0.94, 0.32, -0.13)
302.83: (0.90, 0.43, -0.03)
302.93: (0.87, 0.50, 0.02)
302.99: (0.87, 0.50, 0.02)
302.99: (0.56, -0.40, -0.73): 0
303.04: (0.87, 0.50, 0.02)
303.16: (0.87, 0.50, 0.02)
303.28: (0.89, 0.45, 0.01)
303.39: (0.91, 0.35, 0.23)
303.49: (0.95, 0.16, 0.26)
303.61: (1.00, 0.02, -0.08)
303.71: (0.88, -0.06, -0.47)
303.81: (0.69, -0.14, -0.71)
303.93: (0.64, -0.22, -0.74)
304.04: (0.65, -0.38, -0.66)
304.14: (0.59, -0.44, -0.67)
304.26: (0.55, -0.43, -0.71)
304.38: (0.55, -0.41, -0.73)
304.49: (0.55, -0.38, -0.74)
304.61: (0.54, -0.32, -0.78)
304.66: (0.54, -0.32, -0.78)
304.66: (0.36, -0.49, -0.79): 0
304.73: (0.54, -0.32, -0.78)
304.83: (0.54, -0.32, -0.78)
304.93: (0.51, -0.33, -0.79)
305.04: (0.29, -0.43, -0.86)
305.16: (0.29, -0.47, -0.84)
305.28: (0.44, -0.45, -0.78)
305.39: (0.45, -0.45, -0.77)
305.51: (0.41, -0.45, -0.79)
305.63: (0.38, -0.47, -0.80)
305.69: (0.38, -0.47, -0.80)
305.69: (0.93, -0.36, 0.11): 0
305.74: (0.37, -0.47, -0.80)
305.86: (0.37, -0.46, -0.81)
305.98: (0.34, -0.44, -0.83)
306.09: (0.28, -0.41, -0.87)
306.21: (0.36, -0.34, -0.87)
306.33: (0.72, -0.14, -0.68)
306.44: (0.89, -0.04, -0.45)
306.56: (0.95, -0.01, -0.32)
306.66: (0.99, 0.10, -0.13)
306.78: (0.99, -0.08, 0.09)
306.89: (0.91, -0.34, 0.22)
307.01: (0.94, -0.34, 0.08)
307.13: (0.95, -0.32, 0.04)
307.18: (0.95, -0.32, 0.04)
307.18: (1.00, 0.00, 0.02): 2
307.24: (0.95, -0.32, 0.05)
307.34: (0.95, -0.31, 0.05)
307.46: (0.95, -0.31, 0.01)
307.58: (0.99, -0.13, -0.03)
307.69: (1.00, -0.04, -0.06)
307.79: (1.00, -0.03, -0.06)
307.79: (-0.83, -0.45, -0.33): 0
307.81: (1.00, -0.03, -0.06)
307.91: (1.00, -0.03, -0.06)
308.03: (1.00, -0.02, -0.07)
308.13: (0.98, -0.04, -0.18)
308.23: (0.93, -0.18, -0.32)
308.34: (0.78, -0.24, -0.58)
308.46: (0.67, -0.28, -0.69)
308.58: (0.51, -0.32, -0.80)
308.68: (0.24, -0.32, -0.92)
308.79: (-0.03, -0.30, -0.95)
308.91: (-0.22, -0.30, -0.93)
309.03: (-0.44, -0.28, -0.85)
309.14: (-0.67, -0.20, -0.72)
309.24: (-0.72, -0.28, -0.63)
309.36: (-0.75, -0.41, -0.52)
309.46: (-0.78, -0.48, -0.41)
309.56: (-0.82, -0.44, -0.37)
309.68: (-0.83, -0.42, -0.36)
309.73: (-0.83, -0.42, -0.36)
309.73: (-0.83, 0.17, 0.53): 2
309.79: (-0.83, -0.42, -0.36)
309.91: (-0.86, -0.39, -0.33)
310.03: (-0.92, -0.32, -0.24)
310.14: (-0.98, -0.18, -0.05)
310.24: (-0.96, 0.01, 0.26)
310.36: (-0.91, 0.08, 0.40)
310.46: (-0.93, 0.08, 0.37)
310.58: (-0.94, 0.07, 0.35)
310.69: (-0.93, 0.08, 0.36)
310.81: (-0.93, 0.08, 0.37)
310.93: (-0.88, 0.10, 0.46)
311.03: (-0.85, 0.12, 0.51)
311.04: (-0.85, 0.12, 0.51)
311.04: (0.60, 0.79, 0.11): 1
311.14: (-0.85, 0.12, 0.51)
311.26: (-0.80, 0.18, 0.57)
311.38: (-0.69, 0.25, 0.68)
311.49: (-0.47, 0.33, 0.82)
311.61: (-0.14, 0.35, 0.93)
311.73: (-0.02, 0.35, 0.94)
311.84: (0.28, 0.38, 0.88)
311.96: (0.51, 0.37, 0.77)
312.06: (0.61, 0.36, 0.71)
312.17: (0.84, 0.15, 0.52)
312.28: (0.94, -0.14, 0.30)
312.39: (0.84, -0.52, 0.17)
312.51: (0.71, -0.69, 0.16)
312.62: (0.62, -0.75, 0.21)
312.74: (0.45, -0.81, 0.38)
312.86: (0.16, -0.74, 0.66)
312.96: (-0.13, -0.66, 0.74)
313.06: (-0.36, -0.59, 0.72)
313.16: (-0.46, -0.52, 0.72)
313.26: (-0.62, -0.32, 0.72)
313.37: (-0.71, 0.02, 0.70)
313.47: (-0.78, 0.35, 0.52)
313.59: (-0.63, 0.74, 0.22)
313.71: (-0.40, 0.92, -0.03)
313.82: (-0.20, 0.97, -0.16)
313.94: (0.19, 0.90, -0.40)
314.06: (0.49, 0.66, -0.57)
314.17: (0.54, 0.68, -0.50)
314.27: (0.46, 0.84, -0.27)
314.39: (0.49, 0.86, -0.13)
314.51: (0.63, 0.78, 0.01)
314.61: (0.66, 0.74, 0.12)
314.64: (0.66, 0.74, 0.13)
314.64: (-1.00, 0.03, 0.04): 0
314.72: (0.66, 0.74, 0.12)
314.84: (0.67, 0.73, 0.13)
314.96: (0.72, 0.68, 0.10)
315.06: (0.68, 0.74, 0.04)
315.17: (0.15, 0.99, -0.02)
315.27: (-0.04, 1.00, 0.02)
315.39: (-0.33, 0.94, 0.08)
315.51: (-0.54, 0.83, 0.13)
315.62: (-0.66, 0.75, 0.09)
315.72: (-0.79, 0.60, 0.13)
315.84: (-0.90, 0.33, 0.27)
315.96: (-0.96, 0.15, 0.25)
316.07: (-0.98, 0.16, 0.08)
316.19: (-1.00, 0.03, 0.00)
316.31: (-1.00, -0.01, 0.04)
316.31: (0.53, -0.41, 0.74): 1
316.31: (-1.00, -0.01, 0.04)
316.41: (-1.00, -0.01, 0.04)
316.52: (-1.00, 0.03, 0.06)
316.64: (-0.99, 0.11, 0.10)
316.76: (-0.92, 0.36, 0.16)
316.87: (-0.75, 0.64, 0.18)
316.99: (-0.60, 0.79, 0.13)
317.09: (-0.36, 0.93, 0.04)
317.21: (-0.07, 1.00, -0.03)
317.32: (0.23, 0.96, -0.14)
317.44: (0.46, 0.84, -0.28)
317.56: (0.60, 0.62, -0.50)
317.67: (0.67, 0.35, -0.65)
317.77: (0.69, 0.17, -0.70)
317.89: (0.69, -0.02, -0.73)
318.01: (0.72, -0.24, -0.66)
318.12: (0.74, -0.54, -0.41)
318.24: (0.67, -0.72, -0.17)
318.34: (0.60, -0.80, 0.00)
318.46: (0.52, -0.79, 0.33)
318.56: (0.56, -0.64, 0.53)
318.66: (0.59, -0.54, 0.60)
318.77: (0.62, -0.51, 0.60)
318.87: (0.58, -0.48, 0.66)
318.97: (0.53, -0.43, 0.73)
319.02: (0.53, -0.42, 0.74)
319.02: (0.97, -0.06, 0.22): 2
319.09: (0.53, -0.42, 0.74)
319.19: (0.53, -0.42, 0.74)
319.31: (0.53, -0.42, 0.73)
319.42: (0.82, -0.38, 0.42)
319.54: (0.94, -0.27, 0.22)
319.66: (0.93, -0.24, 0.26)
319.77: (0.95, -0.17, 0.26)
319.89: (0.98, -0.06, 0.17)
319.92: (0.98, -0.06, 0.17)
319.92: (0.56, -0.26, -0.79): 0
319.99: (0.98, -0.06, 0.17)
320.11: (0.98, -0.06, 0.17)
320.21: (0.98, -0.06, 0.17)
320.32: (0.99, -0.09, 0.10)
320.44: (0.98, -0.14, -0.11)
320.56: (0.92, -0.14, -0.36)
320.66: (0.80, -0.11, -0.59)
320.76: (0.76, -0.18, -0.63)
320.87: (0.70, -0.23, -0.68)
320.99: (0.66, -0.22, -0.72)
321.09: (0.57, -0.22, -0.79)
321.21: (0.55, -0.24, -0.80)
321.22: (0.55, -0.24, -0.80)
321.22: (0.50, 0.42, -0.76): 2
321.32: (0.56, -0.24, -0.80)
321.44: (0.56, -0.24, -0.80)
321.56: (0.36, -0.18, -0.92)
321.66: (0.35, 0.00, -0.94)
321.77: (0.38, 0.07, -0.92)
321.89: (0.45, 0.18, -0.87)
322.01: (0.48, 0.30, -0.82)
322.12: (0.43, 0.36, -0.83)
322.12: (0.91, -0.31, 0.26): 0
322.12: (0.43, 0.36, -0.83)
322.24: (0.43, 0.36, -0.83)
322.34: (0.44, 0.34, -0.83)
322.44: (0.43, 0.33, -0.84)
322.56: (0.61, 0.26, -0.74)
322.67: (0.89, 0.14, -0.44)
322.79: (0.99, -0.02, -0.13)
322.91: (1.00, 0.01, 0.07)
323.02: (0.97, -0.08, 0.23)
323.14: (0.93, -0.28, 0.23)
323.26: (0.93, -0.30, 0.22)
323.29: (0.93, -0.30, 0.22)
323.29: (-0.75, -0.62, -0.21): 1
323.36: (0.93, -0.30, 0.22)
323.47: (0.91, -0.32, 0.25)
323.59: (0.84, -0.39, 0.38)
323.69: (0.89, -0.34, 0.30)
323.81: (0.76, -0.42, 0.49)
323.92: (0.47, -0.60, 0.65)
324.04: (0.50, -0.60, 0.62)
324.16: (0.50, -0.60, 0.62)
324.27: (0.53, -0.58, 0.61)
324.39: (0.33, -0.63, 0.71)
324.51: (0.03, -0.67, 0.75)
324.61: (-0.12, -0.69, 0.71)
324.72: (-0.35, -0.65, 0.67)
324.84: (-0.64, -0.53, 0.55)
324.96: (-0.84, -0.42, 0.35)
325.06: (-0.91, -0.41, 0.08)
325.17: (-0.97, -0.19, -0.18)
325.29: (-0.94, -0.19, -0.28)
325.41: (-0.80, -0.54, -0.25)
325.52: (-0.78, -0.61, -0.16)
325.64: (-0.81, -0.56, -0.17)
325.74: (-0.80, -0.57, -0.18)
325.76: (-0.80, -0.57, -0.18)
325.76: (-0.99, 0.03, 0.10): 0
325.86: (-0.79, -0.58, -0.18)
325.97: (-0.78, -0.60, -0.16)
326.09: (-0.84, -0.52, -0.14)
326.21: (-0.97, -0.24, -0.04)
326.31: (-0.97, -0.23, 0.05)
326.42: (-0.99, -0.11, 0.09)
326.54: (-0.99, 0.10, 0.04)
326.61: (-0.99, 0.11, 0.04)
326.61: (-0.39, 0.69, -0.60): 0
326.64: (-0.99, 0.10, 0.04)
326.76: (-0.99, 0.11, 0.04)
326.87: (-1.00, 0.06, 0.05)
326.97: (-1.00, -0.08, 0.00)
327.09: (-0.88, 0.16, -0.44)
327.21: (-0.60, 0.46, -0.65)
327.31: (-0.44, 0.59, -0.68)
327.42: (-0.49, 0.62, -0.62)
327.54: (-0.57, 0.58, -0.58)
327.64: (-0.56, 0.60, -0.57)
327.76: (-0.56, 0.60, -0.57)
327.87: (-0.52, 0.62, -0.59)
327.97: (-0.45, 0.65, -0.61)
328.02: (-0.45, 0.65, -0.61)
328.02: (-0.42, -0.30, -0.86): 2
328.09: (-0.45, 0.65, -0.61)
328.21: (-0.45, 0.65, -0.61)
328.32: (-0.47, 0.64, -0.60)
328.42: (-0.64, 0.46, -0.62)
328.54: (-0.77, 0.21, -0.60)
328.66: (-0.87, 0.01, -0.49)
328.77: (-0.89, -0.25, -0.38)
328.89: (-0.72, -0.16, -0.68)
329.00: (-0.61, -0.25, -0.75)
329.11: (-0.45, -0.25, -0.86)
329.22: (-0.49, -0.25, -0.84)
329.34: (-0.52, -0.24, -0.82)
329.39: (-0.52, -0.24, -0.82)
END