3/31/2023 6:28:31 PM
Mode: Stereo
White time (s): [3.649414, 1.516052, 1.149597, 1.466431, 1.432617, 0.7668457, 2.282898, 7.298889, 1.132874, 1.766174, 0.8167725, 6.915283, 1.083008, 2.832764, 3.449463, 2.382813, 0.7999268, 1.283264, 1.332947, 0.9498901, 1.532715, 1.433105, 5.832153, 0.9160156, 2.216187, 0.866394, 1.616394, 1.799805, 3.599365, 2.482605]
Shot time (s): [4.09906, 1.616394, 3.832214, 3.066284, 0.8164673, 4.032654, 1.699402, 2.082703, 3.099426, 1.18335, 1.366455, 4.065857, 1.349487, 3.265869, 0.7998657, 0.7831421, 1.049805, 2.582886, 4.965759, 6.382507, 1.549561, 5.748901, 3.049377, 1.46637, 6.132446, 1.816284, 1.949402, 0.7498779, 1.63269, 1.649719]
Step time (s): [1.150085, 4.21582, 1.650024, 1.499939, 2.682739, 2.066284, 2.516357, 0.8994751, 1.849609, 1.949585, 2.5495, 2.9328, 1.866455, 3.949158, 4.582336, 5.932312, 4.615784, 2.666016, 2.416321, 1.183105, 1.13324, 0.75, 1.016418, 1.899353, 2.132935, 1.416443, 1.966431, 2.049622, 5.215942, 1.699341]
White horz (deg): [340, 113.56, 101.575, 119.17, 77.17995, 36.46498, 185.9799, 521.3899, 71.90994, 113.3899, 40.79997, 527.5098, 94.34998, 214.795, 277.78, 166.1749, 24.39499, 115.1749, 95.19995, 94.00993, 151.555, 101.32, 597.2949, 16.40499, 149.175, 56.01498, 89.33495, 84.40495, 217.9398, 83.29993]
Shot horz (deg): [375.6999, 128.945, 417.775, 223.6349, 67.65995, 254.0649, 119.7649, 182.0699, 145.5199, 80.57996, 57.37497, 311.695, 64.85497, 218.5349, 12.495, 44.28498, 79.55995, 197.4549, 301.155, 529.465, 80.66496, 453.1346, 252.8749, 100.2999, 454.3245, 106.93, 136.6799, 30.17499, 26.94499, 122.9099]
Step horz (deg): [58.22497, 306.1699, 111.945, 110.3299, 203.2349, 105.6549, 216.2399, 31.44998, 141.3549, 173.0599, 237.32, 307.3599, 128.18, 358.8698, 339.2349, 314.415, 246.0748, 194.0549, 231.625, 63.23997, 25.15998, 19.46499, 59.24497, 84.65994, 92.73496, 71.31496, 170.34, 93.41493, 391.0849, 97.74997]
White vert (deg): [113.305, 50.57497, 71.31497, 74.88498, 30.85499, 15.47, 142.3749, 700.8249, 70.29497, 82.53495, 36.80499, 778.5146, 85.67995, 284.0699, 278.63, 184.0249, 38.24999, 46.74999, 70.88997, 45.55999, 113.135, 99.27995, 619.7347, 51.08497, 202.81, 28.89999, 162.095, 94.00995, 511.6148, 330.8199]
Shot vert (deg): [284.24, 80.40996, 353.7701, 239.1049, 17.17, 336.7699, 95.70995, 174.9299, 249.8149, 65.44996, 117.4699, 438.7699, 109.055, 214.2849, 38.50498, 51.33998, 37.31498, 191.59, 502.5197, 556.1544, 68.67995, 424.9149, 221, 52.86997, 588.8804, 170.5949, 227.8849, 27.96499, 73.94997, 110.2449]
Step vert (deg): [15.47, 371.5349, 71.73994, 45.13498, 122.3149, 78.02997, 166.0899, 54.56997, 173.06, 121.4649, 173.3999, 229.2449, 137.2749, 362.9499, 422.7048, 563.125, 495.9748, 183.6849, 145.605, 67.31996, 29.49499, 43.85999, 26.77499, 95.45496, 145.6899, 92.05497, 155.465, 155.1249, 670.7344, 125.12]

Time in sec: camera forward versor
Time in sec: target versor: sound type (0 = White, 1 = Shot, 2 = Step)
START
615.61: (-0.95, -0.31, -0.01): 0
615.61: (-0.02, -0.19, -0.98)
615.71: (-0.02, -0.19, -0.98)
615.83: (-0.02, -0.19, -0.98)
615.95: (-0.02, -0.19, -0.98)
616.06: (-0.06, -0.19, -0.98)
616.16: (0.02, -0.20, -0.98)
616.28: (0.35, -0.06, -0.94)
616.38: (0.53, 0.09, -0.84)
616.50: (0.70, 0.25, -0.67)
616.60: (0.78, 0.41, -0.48)
616.71: (0.83, 0.48, -0.28)
616.83: (0.88, 0.47, -0.01)
616.93: (0.83, 0.52, 0.20)
617.05: (0.74, 0.50, 0.45)
617.15: (0.69, 0.48, 0.55)
617.26: (0.87, 0.44, 0.21)
617.38: (0.87, 0.45, 0.23)
617.50: (0.59, 0.48, 0.65)
617.60: (0.47, 0.43, 0.77)
617.71: (0.55, 0.42, 0.72)
617.83: (0.55, 0.42, 0.72)
617.93: (0.55, 0.42, 0.72)
618.05: (0.52, 0.32, 0.79)
618.16: (0.10, 0.17, 0.98)
618.28: (-0.12, -0.01, 0.99)
618.38: (-0.22, -0.22, 0.95)
618.48: (-0.28, -0.46, 0.84)
618.60: (-0.54, -0.59, 0.60)
618.71: (-0.74, -0.62, 0.27)
618.83: (-0.75, -0.66, 0.06)
618.95: (-0.82, -0.57, 0.04)
619.05: (-0.91, -0.42, 0.03)
619.16: (-0.94, -0.35, 0.00)
619.26: (-0.96, -0.29, -0.04)
619.26: (0.96, -0.26, -0.12): 1
619.26: (-0.96, -0.29, -0.04)
619.38: (-0.96, -0.29, -0.04)
619.50: (-0.95, -0.30, -0.06)
619.60: (-0.94, -0.33, -0.12)
619.71: (-0.80, -0.49, -0.36)
619.83: (-0.73, -0.59, -0.34)
619.95: (-0.73, -0.60, -0.32)
620.05: (-0.73, -0.60, -0.32)
620.16: (-0.71, -0.60, -0.35)
620.28: (-0.67, -0.74, 0.06)
620.38: (-0.53, -0.79, 0.33)
620.50: (-0.22, -0.71, 0.67)
620.60: (0.00, -0.61, 0.79)
620.71: (0.24, -0.39, 0.89)
620.83: (0.47, -0.03, 0.88)
620.95: (0.60, 0.18, 0.78)
621.06: (0.67, 0.51, 0.54)
621.18: (0.65, 0.63, 0.44)
621.28: (0.59, 0.72, 0.36)
621.40: (0.35, 0.93, 0.10)
621.50: (0.03, 1.00, -0.06)
621.61: (-0.31, 0.93, -0.19)
621.73: (-0.51, 0.82, -0.26)
621.85: (-0.76, 0.59, -0.26)
621.96: (-0.92, 0.31, -0.24)
622.06: (-0.96, 0.15, -0.22)
622.18: (-0.89, 0.26, -0.37)
622.30: (-0.52, 0.46, -0.72)
622.41: (-0.15, 0.37, -0.92)
622.53: (0.31, 0.27, -0.91)
622.65: (0.63, 0.22, -0.75)
622.75: (0.76, 0.14, -0.64)
622.85: (0.85, 0.02, -0.53)
622.96: (0.91, -0.06, -0.41)
623.08: (0.95, -0.08, -0.31)
623.20: (0.95, -0.26, -0.18)
623.31: (0.94, -0.30, -0.12)
623.36: (0.94, -0.32, -0.11)
623.36: (0.93, 0.16, -0.34): 2
623.43: (0.94, -0.32, -0.11)
623.53: (0.94, -0.33, -0.12)
623.65: (0.91, -0.40, -0.13)
623.76: (0.97, 0.10, -0.23)
623.88: (0.91, 0.24, -0.34)
624.00: (0.92, 0.16, -0.35)
624.10: (0.94, 0.12, -0.33)
624.21: (0.95, 0.10, -0.30)
624.33: (0.95, 0.05, -0.30)
624.43: (0.95, 0.03, -0.31)
624.51: (0.95, 0.03, -0.31)
624.51: (0.62, -0.75, 0.24): 1
624.55: (0.95, 0.04, -0.31)
624.66: (0.94, 0.07, -0.34)
624.78: (0.93, 0.09, -0.35)
624.90: (0.91, 0.19, -0.37)
625.01: (0.81, 0.48, -0.34)
625.13: (0.77, 0.63, -0.13)
625.25: (0.73, 0.67, 0.13)
625.35: (0.79, 0.47, 0.38)
625.46: (0.87, -0.16, 0.46)
625.58: (0.77, -0.49, 0.40)
625.70: (0.75, -0.59, 0.30)
625.81: (0.74, -0.62, 0.26)
625.93: (0.64, -0.74, 0.21)
626.05: (0.55, -0.81, 0.21)
626.13: (0.55, -0.81, 0.22)
626.13: (-0.34, -0.03, -0.94): 0
626.16: (0.55, -0.81, 0.22)
626.28: (0.54, -0.81, 0.21)
626.40: (0.49, -0.86, 0.13)
626.51: (0.46, -0.89, -0.03)
626.63: (0.25, -0.92, -0.29)
626.73: (0.07, -0.87, -0.48)
626.85: (-0.10, -0.78, -0.61)
626.96: (-0.19, -0.75, -0.64)
627.08: (-0.39, -0.53, -0.75)
627.20: (-0.41, -0.21, -0.89)
627.31: (-0.27, -0.14, -0.95)
627.43: (-0.26, -0.13, -0.96)
627.55: (-0.32, -0.05, -0.94)
627.65: (-0.37, -0.02, -0.93)
627.65: (0.90, -0.31, 0.31): 2
627.66: (-0.37, -0.02, -0.93)
627.78: (-0.37, 0.00, -0.93)
627.90: (-0.42, 0.21, -0.88)
628.01: (-0.41, 0.54, -0.73)
628.11: (-0.40, 0.71, -0.59)
628.23: (-0.27, 0.86, -0.43)
628.35: (0.00, 0.98, -0.20)
628.46: (0.21, 0.98, -0.04)
628.56: (0.21, 0.98, -0.04)
628.68: (0.35, 0.94, 0.06)
628.80: (0.55, 0.74, 0.39)
628.91: (0.58, 0.51, 0.63)
629.03: (0.50, 0.34, 0.80)
629.15: (0.28, 0.53, 0.80)
629.26: (-0.05, 0.76, 0.65)
629.38: (-0.42, 0.80, 0.43)
629.50: (-0.68, 0.71, 0.16)
629.60: (-0.84, 0.55, -0.02)
629.71: (-0.93, 0.32, -0.17)
629.81: (-0.94, 0.18, -0.29)
629.93: (-0.87, -0.10, -0.48)
630.04: (-0.70, -0.53, -0.48)
630.16: (-0.67, -0.61, -0.43)
630.28: (-0.67, -0.61, -0.43)
630.39: (-0.67, -0.61, -0.43)
630.51: (-0.67, -0.61, -0.43)
630.63: (-0.68, -0.63, -0.38)
630.74: (-0.57, -0.80, -0.15)
630.86: (-0.39, -0.92, 0.02)
630.98: (-0.27, -0.96, 0.08)
631.09: (-0.14, -0.93, 0.35)
631.21: (0.13, -0.93, 0.35)
631.31: (0.45, -0.86, 0.24)
631.43: (0.75, -0.66, 0.09)
631.54: (0.86, -0.50, 0.07)
631.64: (0.89, -0.41, 0.22)
631.76: (0.83, -0.42, 0.35)
631.86: (0.86, -0.38, 0.34)
631.86: (0.59, 0.75, -0.30): 2
631.88: (0.86, -0.38, 0.34)
631.98: (0.86, -0.36, 0.36)
632.09: (0.88, -0.30, 0.36)
632.21: (0.86, -0.24, 0.45)
632.33: (0.84, -0.05, 0.54)
632.44: (0.85, 0.14, 0.50)
632.56: (0.86, 0.31, 0.42)
632.68: (0.86, 0.37, 0.35)
632.78: (0.85, 0.43, 0.31)
632.89: (0.78, 0.60, 0.18)
633.01: (0.57, 0.82, -0.02)
633.11: (0.28, 0.95, -0.10)
633.23: (0.33, 0.93, -0.16)
633.34: (0.61, 0.77, -0.19)
633.46: (0.65, 0.74, -0.20)
633.51: (0.64, 0.74, -0.20)
633.51: (-0.62, -0.38, 0.69): 1
633.58: (0.63, 0.75, -0.20)
633.69: (0.52, 0.84, -0.14)
633.81: (0.32, 0.94, 0.09)
633.93: (0.21, 0.93, 0.29)
634.04: (0.10, 0.88, 0.47)
634.14: (-0.04, 0.76, 0.65)
634.26: (-0.16, 0.66, 0.74)
634.38: (-0.28, 0.52, 0.81)
634.49: (-0.26, 0.44, 0.86)
634.61: (-0.17, 0.42, 0.89)
634.73: (0.24, 0.51, 0.83)
634.84: (0.79, 0.49, 0.35)
634.94: (0.86, 0.47, 0.17)
635.04: (0.87, 0.49, -0.05)
635.16: (0.75, 0.55, -0.36)
635.28: (0.53, 0.50, -0.69)
635.39: (0.25, 0.18, -0.95)
635.51: (0.10, -0.01, -0.99)
635.61: (0.06, -0.15, -0.99)
635.73: (-0.08, -0.47, -0.88)
635.83: (-0.10, -0.70, -0.71)
635.94: (0.22, -0.83, -0.51)
636.06: (0.49, -0.86, -0.17)
636.16: (0.70, -0.68, 0.22)
636.28: (0.74, -0.37, 0.57)
636.39: (0.55, -0.13, 0.82)
636.51: (0.31, -0.12, 0.94)
636.63: (0.03, -0.38, 0.92)
636.74: (-0.21, -0.68, 0.70)
636.86: (-0.47, -0.80, 0.39)
636.96: (-0.61, -0.74, 0.29)
637.08: (-0.56, -0.62, 0.55)
637.19: (-0.55, -0.49, 0.67)
637.31: (-0.61, -0.43, 0.67)
637.34: (-0.61, -0.42, 0.67)
637.34: (-0.19, 0.14, -0.97): 1
637.43: (-0.61, -0.42, 0.67)
637.53: (-0.61, -0.41, 0.67)
637.64: (-0.67, -0.44, 0.59)
637.76: (-0.71, -0.59, 0.39)
637.86: (-0.71, -0.67, 0.21)
637.98: (-0.78, -0.63, -0.07)
638.09: (-0.79, -0.58, -0.20)
638.21: (-0.79, -0.58, -0.20)
638.33: (-0.79, -0.58, -0.20)
638.44: (-0.79, -0.58, -0.20)
638.56: (-0.79, -0.61, -0.09)
638.68: (-0.92, -0.37, -0.10)
638.78: (-0.98, -0.21, -0.06)
638.89: (-1.00, -0.08, 0.04)
639.01: (-0.97, 0.26, 0.01)
639.11: (-0.88, 0.48, 0.01)
639.21: (-0.66, 0.75, 0.06)
639.33: (-0.19, 0.97, 0.14)
639.43: (0.11, 0.98, 0.15)
639.54: (-0.05, 0.99, -0.11)
639.66: (-0.18, 0.84, -0.51)
639.78: (-0.18, 0.54, -0.82)
639.89: (-0.03, 0.06, -1.00)
639.99: (0.09, -0.19, -0.98)
640.11: (-0.13, -0.05, -0.99)
640.23: (-0.30, 0.09, -0.95)
640.33: (-0.29, 0.10, -0.95)
640.41: (-0.24, 0.10, -0.97)
640.41: (0.39, -0.86, -0.31): 0
640.44: (-0.24, 0.10, -0.97)
640.56: (-0.19, 0.06, -0.98)
640.68: (0.14, -0.08, -0.99)
640.79: (0.38, -0.22, -0.90)
640.91: (0.53, -0.51, -0.68)
641.03: (0.54, -0.76, -0.37)
641.14: (0.48, -0.87, -0.12)
641.26: (0.39, -0.92, -0.02)
641.36: (0.34, -0.91, -0.22)
641.48: (0.37, -0.88, -0.31)
641.56: (0.36, -0.88, -0.30)
641.56: (-0.02, -0.75, -0.66): 1
641.59: (0.36, -0.88, -0.30)
641.69: (0.36, -0.88, -0.29)
641.79: (0.48, -0.87, -0.11)
641.91: (0.46, -0.89, -0.05)
642.03: (0.08, -0.88, -0.46)
642.14: (0.04, -0.82, -0.58)
642.26: (0.08, -0.81, -0.59)
642.38: (0.07, -0.81, -0.59)
642.38: (0.98, -0.04, 0.20): 0
642.38: (0.07, -0.81, -0.59)
642.49: (0.06, -0.80, -0.59)
642.61: (0.05, -0.79, -0.61)
642.73: (0.05, -0.79, -0.60)
642.84: (-0.07, -0.75, -0.66)
642.96: (0.18, -0.88, -0.43)
643.08: (0.55, -0.83, -0.06)
643.19: (0.78, -0.58, -0.24)
643.29: (0.92, -0.34, -0.20)
643.41: (0.99, -0.08, 0.08)
643.53: (0.94, 0.04, 0.33)
643.64: (0.95, -0.08, 0.31)
643.74: (0.96, -0.16, 0.23)
643.84: (0.97, -0.15, 0.20)
643.84: (-0.97, -0.10, -0.20): 1
643.86: (0.97, -0.15, 0.20)
643.98: (0.97, -0.13, 0.21)
644.09: (0.96, -0.13, 0.24)
644.21: (0.95, -0.21, 0.22)
644.33: (0.96, -0.27, 0.08)
644.44: (0.96, -0.27, 0.08)
644.56: (0.96, -0.27, 0.06)
644.68: (0.98, -0.19, 0.07)
644.78: (0.99, 0.01, 0.17)
644.89: (0.93, 0.35, 0.12)
645.01: (0.82, 0.55, 0.12)
645.13: (0.79, 0.60, 0.11)
645.24: (0.71, 0.69, 0.11)
645.36: (0.52, 0.84, 0.17)
645.48: (0.21, 0.92, 0.33)
645.58: (0.21, 0.79, 0.58)
645.69: (0.38, 0.48, 0.79)
645.81: (0.48, 0.11, 0.87)
645.93: (0.42, -0.29, 0.86)
646.04: (0.27, -0.57, 0.78)
646.16: (0.21, -0.69, 0.69)
646.28: (0.11, -0.84, 0.52)
646.39: (0.02, -0.97, 0.25)
646.49: (0.04, -1.00, -0.01)
646.59: (0.04, -0.97, -0.23)
646.71: (-0.01, -0.89, -0.46)
646.82: (-0.14, -0.78, -0.61)
646.94: (-0.26, -0.65, -0.71)
647.06: (-0.43, -0.53, -0.73)
647.18: (-0.74, -0.47, -0.48)
647.29: (-0.82, -0.55, -0.14)
647.41: (-0.84, -0.52, 0.13)
647.51: (-0.93, -0.36, 0.04)
647.63: (-0.96, -0.19, -0.19)
647.74: (-0.98, -0.05, -0.21)
647.86: (-0.98, 0.00, -0.19)
647.87: (-0.98, 0.01, -0.20)
647.87: (0.09, -0.77, -0.63): 2
647.97: (-0.98, 0.00, -0.20)
648.08: (-0.98, 0.01, -0.22)
648.19: (-0.89, -0.34, -0.31)
648.31: (-0.88, -0.37, -0.31)
648.42: (-0.88, -0.37, -0.31)
648.54: (-0.88, -0.37, -0.31)
648.66: (-0.35, -0.89, -0.31)
648.76: (-0.34, -0.86, -0.38)
648.87: (-0.10, -0.92, -0.39)
648.97: (0.18, -0.89, -0.43)
649.09: (0.13, -0.80, -0.58)
649.21: (0.09, -0.78, -0.62)
649.31: (0.09, -0.76, -0.65)
649.37: (0.09, -0.76, -0.64)
649.37: (0.92, -0.05, -0.39): 0
649.42: (0.09, -0.76, -0.64)
649.54: (0.12, -0.76, -0.64)
649.66: (0.22, -0.76, -0.61)
649.77: (0.22, -0.76, -0.61)
649.89: (0.46, -0.67, -0.59)
650.01: (0.70, -0.48, -0.52)
650.12: (0.77, -0.43, -0.47)
650.22: (0.83, -0.32, -0.46)
650.34: (0.88, -0.07, -0.47)
650.46: (0.90, 0.02, -0.43)
650.57: (0.90, -0.04, -0.43)
650.69: (0.87, -0.14, -0.48)
650.79: (0.87, -0.14, -0.48)
650.81: (0.87, -0.14, -0.48)
650.81: (0.99, 0.13, 0.05): 0
650.89: (0.87, -0.14, -0.48)
650.99: (0.89, -0.12, -0.44)
651.11: (0.96, 0.00, -0.27)
651.21: (0.99, 0.13, 0.03)
651.32: (1.00, 0.05, 0.06)
651.44: (1.00, 0.03, 0.05)
651.54: (1.00, 0.04, 0.05)
651.57: (1.00, 0.04, 0.05)
651.57: (-0.44, 0.60, 0.67): 1
651.66: (1.00, 0.03, 0.05)
651.77: (1.00, 0.06, 0.07)
651.89: (0.98, 0.11, 0.16)
652.01: (0.91, 0.25, 0.34)
652.11: (0.75, 0.49, 0.45)
652.22: (0.54, 0.66, 0.52)
652.34: (0.42, 0.74, 0.52)
652.46: (0.22, 0.88, 0.42)
652.57: (0.03, 0.97, 0.23)
652.69: (-0.18, 0.98, 0.10)
652.81: (-0.31, 0.88, 0.36)
652.92: (-0.38, 0.65, 0.66)
653.04: (-0.40, 0.58, 0.71)
653.16: (-0.45, 0.62, 0.64)
653.27: (-0.48, 0.60, 0.64)
653.27: (0.56, 0.04, -0.83): 2
653.27: (-0.48, 0.60, 0.64)
653.39: (-0.48, 0.56, 0.67)
653.51: (-0.40, 0.66, 0.64)
653.62: (-0.39, 0.66, 0.64)
653.74: (-0.39, 0.66, 0.64)
653.84: (-0.39, 0.66, 0.64)
653.96: (-0.28, 0.67, 0.69)
654.07: (-0.20, 0.69, 0.70)
654.19: (0.05, 0.85, 0.52)
654.31: (0.56, 0.82, 0.10)
654.42: (0.53, 0.84, 0.09)
654.54: (0.53, 0.84, 0.09)
654.66: (0.28, 0.94, 0.19)
654.77: (0.23, 0.97, 0.03)
654.87: (0.31, 0.91, -0.28)
654.99: (0.44, 0.74, -0.52)
655.11: (0.70, 0.43, -0.58)
655.22: (0.86, 0.32, -0.40)
655.34: (0.75, 0.30, -0.60)
655.44: (0.55, 0.13, -0.83)
655.54: (0.58, -0.05, -0.81)
655.66: (0.61, -0.02, -0.79)
655.77: (0.58, 0.01, -0.81)
655.89: (0.56, 0.11, -0.82)
655.96: (0.59, 0.09, -0.81)
655.96: (0.99, 0.14, -0.02): 2
655.99: (0.59, 0.09, -0.80)
656.11: (0.59, 0.09, -0.80)
656.21: (0.59, 0.09, -0.80)
656.32: (0.64, 0.06, -0.76)
656.44: (0.65, -0.02, -0.76)
656.56: (0.71, -0.04, -0.70)
656.67: (0.77, -0.24, -0.59)
656.79: (0.74, -0.50, -0.45)
656.91: (0.66, -0.67, -0.33)
657.02: (0.71, -0.58, -0.39)
657.12: (0.73, -0.56, -0.41)
657.24: (0.76, -0.50, -0.42)
657.36: (0.76, -0.51, -0.40)
657.46: (0.89, -0.37, -0.26)
657.57: (0.99, -0.11, -0.02)
657.69: (1.00, 0.02, -0.06)
657.81: (0.98, 0.07, -0.18)
657.91: (0.98, 0.14, -0.11)
658.02: (0.98, 0.17, -0.08)
658.02: (-0.47, 0.86, -0.21): 2
658.02: (0.98, 0.17, -0.08)
658.14: (0.98, 0.17, -0.08)
658.24: (0.99, 0.13, -0.11)
658.36: (0.99, -0.10, -0.13)
658.47: (0.84, -0.55, -0.04)
658.59: (0.65, -0.76, -0.02)
658.71: (0.42, -0.91, 0.01)
658.82: (0.27, -0.96, 0.01)
658.92: (0.11, -0.99, -0.01)
659.04: (-0.09, -0.99, -0.07)
659.16: (-0.36, -0.91, -0.22)
659.27: (-0.58, -0.79, -0.23)
659.39: (-0.74, -0.63, -0.24)
659.51: (-0.90, -0.36, -0.26)
659.62: (-0.98, -0.08, -0.20)
659.72: (-0.98, 0.15, -0.10)
659.84: (-0.91, 0.42, -0.01)
659.94: (-0.80, 0.59, 0.04)
660.06: (-0.63, 0.76, 0.15)
660.17: (-0.57, 0.80, 0.21)
660.27: (-0.57, 0.82, -0.01)
660.39: (-0.45, 0.86, -0.23)
660.51: (-0.45, 0.86, -0.23)
660.54: (-0.46, 0.86, -0.23)
660.54: (0.48, -0.45, -0.75): 1
660.61: (-0.46, 0.86, -0.23)
660.72: (-0.48, 0.84, -0.25)
660.84: (-0.47, 0.85, -0.25)
660.96: (-0.34, 0.89, -0.31)
661.07: (-0.32, 0.85, -0.41)
661.19: (-0.62, 0.77, -0.12)
661.31: (-0.89, 0.41, 0.19)
661.42: (-0.98, 0.04, 0.21)
661.54: (-0.95, -0.27, -0.19)
661.66: (-0.74, -0.39, -0.55)
661.77: (-0.47, -0.36, -0.80)
661.89: (-0.29, -0.15, -0.95)
662.01: (0.09, 0.03, -1.00)
662.12: (0.49, 0.10, -0.87)
662.24: (0.54, -0.16, -0.82)
662.36: (0.44, -0.35, -0.83)
662.47: (0.50, -0.44, -0.74)
662.59: (0.58, -0.49, -0.65)
662.62: (0.58, -0.51, -0.64)
662.62: (-0.91, -0.13, 0.39): 0
662.69: (0.58, -0.51, -0.64)
662.81: (0.57, -0.51, -0.64)
662.92: (0.64, -0.44, -0.63)
663.02: (0.56, -0.35, -0.75)
663.14: (0.20, -0.10, -0.98)
663.26: (-0.18, 0.31, -0.93)
663.37: (-0.45, 0.59, -0.67)
663.49: (-0.59, 0.74, -0.31)
663.60: (-0.64, 0.76, 0.05)
663.72: (-0.66, 0.71, 0.27)
663.84: (-0.65, 0.60, 0.47)
663.95: (-0.53, 0.46, 0.72)
664.05: (-0.54, 0.48, 0.69)
664.17: (-0.54, 0.48, 0.69)
664.27: (-0.55, 0.48, 0.69)
664.39: (-0.66, 0.30, 0.69)
664.50: (-0.84, 0.07, 0.54)
664.60: (-0.88, 0.02, 0.47)
664.72: (-0.89, 0.02, 0.45)
664.84: (-0.91, -0.05, 0.41)
664.90: (-0.91, -0.07, 0.40)
664.90: (-0.56, -0.04, -0.83): 0
664.95: (-0.91, -0.07, 0.40)
665.05: (-0.91, -0.08, 0.40)
665.17: (-0.89, -0.13, 0.45)
665.29: (-0.82, -0.27, 0.51)
665.39: (-0.81, -0.28, 0.52)
665.50: (-0.86, -0.07, 0.50)
665.62: (-0.87, -0.03, 0.50)
665.74: (-0.85, -0.05, 0.53)
665.85: (-0.90, 0.31, 0.32)
665.95: (-0.90, 0.28, 0.34)
666.07: (-0.82, -0.17, 0.55)
666.19: (-0.63, -0.53, 0.57)
666.29: (-0.56, -0.63, 0.54)
666.40: (-0.36, -0.86, 0.38)
666.52: (-0.35, -0.92, 0.15)
666.64: (-0.32, -0.93, -0.19)
666.75: (-0.25, -0.83, -0.50)
666.87: (-0.12, -0.74, -0.67)
666.97: (0.08, -0.73, -0.68)
667.07: (0.24, -0.78, -0.58)
667.19: (0.46, -0.84, -0.29)
667.30: (0.52, -0.83, 0.20)
667.40: (0.43, -0.60, 0.67)
667.52: (0.30, -0.30, 0.91)
667.64: (0.18, 0.00, 0.98)
667.74: (0.07, 0.24, 0.97)
667.85: (-0.02, 0.43, 0.90)
667.97: (-0.15, 0.66, 0.74)
668.09: (-0.22, 0.82, 0.53)
668.20: (-0.21, 0.89, 0.41)
668.30: (-0.21, 0.89, 0.41)
668.42: (-0.21, 0.89, 0.41)
668.54: (-0.21, 0.89, 0.41)
668.65: (-0.19, 0.90, 0.40)
668.77: (0.04, 0.90, 0.44)
668.89: (0.42, 0.75, 0.51)
669.00: (0.63, 0.42, 0.66)
669.12: (0.78, 0.18, 0.60)
669.24: (0.82, 0.00, 0.58)
669.35: (0.80, -0.26, 0.55)
669.45: (0.71, -0.57, 0.41)
669.57: (0.60, -0.79, 0.15)
669.69: (0.53, -0.84, -0.09)
669.80: (0.47, -0.82, -0.33)
669.92: (0.44, -0.77, -0.47)
670.02: (0.52, -0.67, -0.53)
670.14: (0.72, -0.35, -0.60)
670.25: (0.87, 0.02, -0.49)
670.37: (0.93, 0.37, -0.08)
670.49: (0.79, 0.54, 0.31)
670.60: (0.55, 0.60, 0.59)
670.70: (0.37, 0.64, 0.67)
670.80: (0.11, 0.68, 0.72)
670.92: (-0.18, 0.65, 0.74)
671.04: (-0.48, 0.56, 0.68)
671.15: (-0.77, 0.38, 0.51)
671.27: (-0.91, 0.26, 0.34)
671.37: (-0.98, 0.17, 0.14)
671.49: (-0.96, 0.10, -0.26)
671.60: (-0.80, 0.17, -0.57)
671.70: (-0.67, 0.36, -0.65)
671.82: (-0.62, 0.42, -0.66)
671.94: (-0.62, 0.13, -0.77)
672.04: (-0.59, 0.01, -0.81)
672.15: (-0.55, -0.06, -0.84)
672.20: (-0.56, -0.04, -0.83)
672.20: (0.94, 0.30, -0.16): 1
672.27: (-0.57, -0.04, -0.82)
672.39: (-0.58, -0.04, -0.82)
672.50: (-0.58, -0.04, -0.82)
672.60: (-0.60, -0.01, -0.80)
672.72: (-0.57, -0.02, -0.82)
672.84: (-0.54, -0.01, -0.84)
672.95: (-0.43, 0.11, -0.90)
673.07: (-0.42, 0.13, -0.90)
673.19: (-0.30, 0.08, -0.95)
673.30: (-0.32, 0.12, -0.94)
673.40: (-0.32, 0.12, -0.94)
673.52: (-0.32, 0.12, -0.94)
673.64: (-0.32, 0.12, -0.94)
673.74: (-0.31, 0.05, -0.95)
673.85: (-0.26, 0.35, -0.90)
673.97: (-0.08, 0.82, -0.57)
674.09: (0.05, 0.99, -0.10)
674.20: (0.30, 0.93, 0.22)
674.32: (0.49, 0.75, 0.45)
674.44: (0.63, 0.46, 0.62)
674.55: (0.71, 0.11, 0.70)
674.67: (0.77, -0.05, 0.64)
674.77: (0.92, 0.16, 0.36)
674.89: (0.90, 0.42, -0.10)
675.00: (0.86, 0.45, -0.24)
675.12: (0.92, 0.33, -0.20)
675.24: (0.94, 0.28, -0.19)
675.30: (0.94, 0.28, -0.19)
675.30: (0.99, -0.10, -0.02): 2
675.35: (0.94, 0.29, -0.19)
675.47: (0.92, 0.29, -0.25)
675.59: (0.85, 0.23, -0.48)
675.69: (0.84, 0.12, -0.53)
675.80: (0.97, 0.07, -0.24)
675.92: (0.99, 0.04, -0.16)
676.02: (1.00, -0.01, -0.10)
676.14: (0.99, -0.13, 0.01)
676.20: (0.99, -0.15, 0.02)
676.20: (-0.87, -0.41, 0.26): 2
676.25: (0.99, -0.15, 0.02)
676.37: (0.99, -0.15, 0.02)
676.47: (0.99, -0.15, 0.02)
676.59: (0.97, -0.16, -0.18)
676.70: (0.89, -0.14, -0.44)
676.82: (0.78, -0.05, -0.62)
676.92: (0.59, -0.08, -0.80)
677.04: (0.29, -0.10, -0.95)
677.15: (0.02, -0.09, -1.00)
677.27: (-0.31, -0.15, -0.94)
677.39: (-0.77, -0.18, -0.61)
677.50: (-0.94, 0.02, -0.34)
677.62: (-0.99, 0.11, -0.01)
677.74: (-0.96, 0.00, 0.29)
677.85: (-0.90, -0.26, 0.35)
677.95: (-0.87, -0.40, 0.27)
678.05: (-0.87, -0.42, 0.28)
678.05: (-0.02, -0.85, 0.53): 2
678.07: (-0.87, -0.41, 0.28)
678.19: (-0.87, -0.41, 0.27)
678.30: (-0.97, -0.24, -0.01)
678.42: (-0.86, 0.19, -0.48)
678.54: (-0.85, 0.19, -0.48)
678.65: (-0.85, 0.19, -0.48)
678.77: (-0.85, 0.19, -0.48)
678.87: (-0.85, 0.09, -0.51)
678.99: (-0.79, -0.45, -0.41)
679.10: (-0.40, -0.90, -0.19)
679.20: (-0.01, -1.00, -0.03)
679.32: (0.25, -0.97, 0.05)
679.44: (0.22, -0.96, 0.17)
679.55: (-0.02, -0.90, 0.43)
679.67: (-0.04, -0.84, 0.55)
679.79: (-0.04, -0.81, 0.59)
679.90: (-0.11, -0.78, 0.61)
680.00: (-0.12, -0.79, 0.60)
680.00: (-0.98, 0.13, -0.14): 2
680.02: (-0.12, -0.79, 0.60)
680.12: (-0.11, -0.79, 0.60)
680.23: (-0.11, -0.78, 0.62)
680.34: (-0.12, -0.67, 0.74)
680.45: (-0.16, -0.28, 0.95)
680.57: (-0.32, 0.17, 0.93)
680.68: (-0.51, 0.51, 0.70)
680.78: (-0.61, 0.62, 0.49)
680.90: (-0.60, 0.73, 0.33)
681.02: (-0.46, 0.89, 0.00)
681.13: (-0.11, 0.95, -0.28)
681.25: (0.13, 0.91, -0.38)
681.37: (0.22, 0.90, -0.37)
681.47: (0.35, 0.92, -0.17)
681.58: (0.16, 0.94, -0.29)
681.68: (-0.34, 0.85, -0.40)
681.78: (-0.66, 0.67, -0.34)
681.90: (-0.80, 0.53, -0.28)
682.02: (-0.92, 0.33, -0.23)
682.13: (-0.97, 0.23, -0.06)
682.23: (-0.97, 0.22, -0.05)
682.35: (-0.98, 0.21, -0.06)
682.47: (-0.99, 0.12, -0.11)
682.55: (-0.99, 0.12, -0.11)
682.55: (-0.26, 0.96, 0.13): 1
682.58: (-0.98, 0.13, -0.11)
682.68: (-0.98, 0.17, -0.10)
682.78: (-0.98, 0.19, -0.09)
682.90: (-0.81, 0.57, -0.13)
683.02: (-0.51, 0.86, -0.05)
683.12: (-0.24, 0.97, 0.08)
683.23: (-0.11, 0.99, 0.13)
683.33: (-0.39, 0.90, 0.19)
683.45: (-0.45, 0.88, 0.15)
683.57: (-0.44, 0.88, 0.18)
683.67: (-0.43, 0.88, 0.18)
683.73: (-0.41, 0.89, 0.19)
683.73: (0.24, 0.86, -0.46): 0
683.78: (-0.41, 0.89, 0.19)
683.90: (-0.37, 0.91, 0.17)
684.02: (-0.23, 0.96, 0.15)
684.12: (-0.04, 0.97, 0.22)
684.23: (0.25, 0.95, 0.19)
684.35: (0.48, 0.87, -0.12)
684.47: (0.31, 0.86, -0.40)
684.58: (0.04, 0.88, -0.47)
684.68: (0.11, 0.90, -0.42)
684.80: (0.21, 0.90, -0.39)
684.87: (0.21, 0.89, -0.40)
684.87: (-0.56, 0.68, 0.48): 2
684.90: (0.21, 0.89, -0.40)
685.00: (0.21, 0.89, -0.41)
685.12: (0.21, 0.83, -0.52)
685.23: (0.19, 0.52, -0.84)
685.35: (0.00, 0.28, -0.96)
685.47: (-0.20, -0.18, -0.96)
685.58: (-0.31, -0.73, -0.61)
685.70: (-0.33, -0.93, -0.15)
685.80: (-0.32, -0.94, 0.11)
685.92: (-0.29, -0.94, 0.18)
686.03: (-0.32, -0.92, 0.25)
686.13: (-0.53, -0.84, 0.11)
686.23: (-0.74, -0.65, -0.16)
686.35: (-0.83, -0.31, -0.46)
686.47: (-0.82, -0.16, -0.55)
686.58: (-0.78, 0.10, -0.62)
686.68: (-0.69, 0.31, -0.65)
686.80: (-0.54, 0.53, -0.65)
686.92: (-0.44, 0.68, -0.58)
687.03: (-0.51, 0.81, -0.29)
687.15: (-0.51, 0.86, 0.07)
687.27: (-0.31, 0.86, 0.40)
687.38: (-0.11, 0.81, 0.57)
687.48: (-0.22, 0.76, 0.61)
687.60: (-0.51, 0.69, 0.52)
687.72: (-0.56, 0.70, 0.45)
687.80: (-0.56, 0.69, 0.46)
687.80: (0.54, 0.27, -0.79): 1
687.83: (-0.56, 0.69, 0.46)
687.95: (-0.55, 0.70, 0.46)
688.07: (-0.54, 0.70, 0.47)
688.18: (-0.46, 0.79, 0.41)
688.28: (-0.26, 0.95, 0.15)
688.40: (0.03, 0.99, -0.13)
688.50: (0.30, 0.89, -0.34)
688.60: (0.51, 0.70, -0.50)
688.72: (0.61, 0.54, -0.58)
688.83: (0.69, 0.37, -0.62)
688.95: (0.62, 0.25, -0.75)
689.07: (0.55, 0.26, -0.80)
689.17: (0.53, 0.27, -0.80)
689.17: (0.63, -0.19, 0.75): 0
689.18: (0.53, 0.27, -0.80)
689.30: (0.54, 0.25, -0.80)
689.40: (0.57, 0.22, -0.79)
689.50: (0.64, 0.11, -0.77)
689.62: (0.75, -0.03, -0.66)
689.73: (0.86, -0.22, -0.46)
689.83: (0.89, -0.30, -0.33)
689.95: (0.89, -0.42, -0.16)
690.07: (0.84, -0.55, 0.04)
690.18: (0.73, -0.66, 0.19)
690.30: (0.62, -0.72, 0.30)
690.42: (0.67, -0.58, 0.46)
690.53: (0.74, -0.27, 0.62)
690.65: (0.71, -0.19, 0.67)
690.77: (0.69, -0.19, 0.69)
690.87: (0.66, -0.21, 0.73)
690.93: (0.63, -0.22, 0.75)
690.93: (-0.02, -0.29, 0.96): 0
690.98: (0.63, -0.22, 0.75)
691.10: (0.63, -0.21, 0.75)
691.22: (0.60, -0.08, 0.79)
691.33: (0.30, -0.10, 0.95)
691.45: (0.00, -0.25, 0.97)
691.57: (0.00, -0.33, 0.94)
691.67: (0.06, -0.33, 0.94)
691.75: (0.05, -0.33, 0.94)
691.75: (0.84, -0.42, -0.35): 0
691.78: (0.05, -0.32, 0.94)
691.90: (0.03, -0.33, 0.94)
692.00: (0.03, -0.29, 0.96)
692.12: (-0.03, -0.09, 1.00)
692.23: (0.09, 0.19, 0.98)
692.35: (0.39, 0.40, 0.83)
692.47: (0.51, 0.59, 0.63)
692.58: (0.45, 0.76, 0.47)
692.70: (0.55, 0.83, 0.13)
692.82: (0.52, 0.80, -0.28)
692.93: (0.54, 0.72, -0.42)
693.05: (0.55, 0.72, -0.42)
693.17: (0.55, 0.72, -0.42)
693.28: (0.55, 0.72, -0.42)
693.38: (0.58, 0.71, -0.40)
693.50: (0.60, 0.64, -0.48)
693.62: (0.45, 0.37, -0.81)
693.73: (0.16, 0.08, -0.98)
693.85: (0.00, -0.27, -0.96)
693.95: (0.02, -0.53, -0.85)
694.07: (0.08, -0.76, -0.64)
694.18: (0.15, -0.94, -0.30)
694.30: (0.12, -0.99, -0.09)
694.42: (0.10, -0.95, 0.29)
694.52: (0.02, -0.84, 0.54)
694.63: (-0.04, -0.65, 0.76)
694.75: (-0.05, -0.32, 0.95)
694.87: (-0.06, 0.01, 1.00)
694.98: (-0.10, 0.30, 0.95)
695.10: (-0.09, 0.58, 0.81)
695.20: (-0.06, 0.77, 0.63)
695.32: (-0.04, 0.92, 0.40)
695.43: (-0.08, 0.98, 0.16)
695.55: (-0.13, 0.99, -0.11)
695.67: (-0.10, 0.93, -0.35)
695.78: (-0.03, 0.84, -0.54)
695.90: (0.06, 0.77, -0.64)
696.02: (0.25, 0.81, -0.53)
696.13: (0.47, 0.88, 0.01)
696.25: (0.50, 0.60, 0.62)
696.37: (0.31, -0.10, 0.95)
696.48: (-0.12, -0.72, 0.68)
696.58: (-0.30, -0.91, 0.28)
696.70: (-0.42, -0.90, 0.14)
696.80: (-0.42, -0.90, 0.14)
696.92: (-0.42, -0.90, 0.14)
697.03: (-0.83, -0.51, 0.21)
697.15: (-0.89, -0.46, 0.07)
697.26: (-0.69, -0.67, -0.28)
697.36: (-0.39, -0.81, -0.44)
697.48: (0.08, -0.95, -0.30)
697.58: (0.28, -0.96, -0.04)
697.70: (0.36, -0.90, 0.23)
697.81: (0.45, -0.70, 0.55)
697.93: (0.55, -0.75, 0.36)
698.03: (0.70, -0.71, -0.08)
698.15: (0.72, -0.51, -0.48)
698.26: (0.74, -0.45, -0.50)
698.38: (0.83, -0.49, -0.28)
698.48: (0.83, -0.47, -0.29)
698.60: (0.82, -0.42, -0.38)
698.66: (0.82, -0.41, -0.39)
698.66: (0.19, 0.95, 0.24): 1
698.71: (0.82, -0.41, -0.39)
698.83: (0.83, -0.41, -0.38)
698.95: (0.84, -0.42, -0.34)
699.06: (0.90, -0.41, -0.14)
699.16: (0.91, -0.35, 0.21)
699.28: (0.73, -0.23, 0.64)
699.38: (0.42, -0.14, 0.90)
699.50: (0.09, 0.01, 1.00)
699.61: (-0.12, 0.15, 0.98)
699.73: (-0.28, 0.25, 0.93)
699.83: (-0.46, 0.38, 0.80)
699.95: (-0.62, 0.52, 0.59)
700.05: (-0.71, 0.58, 0.40)
700.16: (-0.78, 0.59, 0.19)
700.28: (-0.81, 0.58, -0.10)
700.38: (-0.77, 0.52, -0.38)
700.50: (-0.67, 0.31, -0.67)
700.61: (-0.55, 0.16, -0.82)
700.73: (-0.44, 0.09, -0.89)
700.85: (-0.27, -0.11, -0.96)
700.96: (0.11, -0.29, -0.95)
701.06: (0.40, -0.35, -0.85)
701.16: (0.66, -0.37, -0.66)
701.28: (0.81, -0.35, -0.46)
701.40: (0.89, -0.33, -0.31)
701.50: (0.65, -0.41, -0.65)
701.61: (0.63, -0.41, -0.66)
701.73: (0.63, -0.41, -0.66)
701.85: (0.62, -0.40, -0.67)
701.96: (0.66, -0.11, -0.74)
702.08: (0.50, 0.40, -0.77)
702.20: (0.20, 0.81, -0.55)
702.31: (-0.12, 0.96, -0.26)
702.43: (-0.20, 0.98, 0.03)
702.55: (0.07, 0.96, 0.27)
702.65: (0.19, 0.94, 0.28)
702.73: (0.19, 0.94, 0.28)
702.73: (0.63, -0.71, 0.32): 0
702.76: (0.19, 0.94, 0.28)
702.88: (0.19, 0.94, 0.28)
703.00: (0.41, 0.83, 0.38)
703.10: (0.69, 0.54, 0.49)
703.21: (0.87, 0.19, 0.46)
703.33: (0.92, -0.16, 0.36)
703.45: (0.88, -0.43, 0.19)
703.56: (0.79, -0.60, 0.11)
703.66: (0.73, -0.64, 0.24)
703.78: (0.69, -0.64, 0.32)
703.81: (0.69, -0.65, 0.32)
703.81: (-0.99, -0.07, 0.08): 2
703.90: (0.68, -0.66, 0.32)
704.01: (0.63, -0.73, 0.26)
704.13: (0.49, -0.86, 0.18)
704.23: (0.31, -0.95, -0.01)
704.35: (0.10, -0.96, -0.25)
704.46: (-0.19, -0.84, -0.51)
704.58: (-0.51, -0.51, -0.69)
704.70: (-0.70, -0.24, -0.67)
704.81: (-0.83, 0.07, -0.56)
704.91: (-0.80, 0.13, -0.58)
705.03: (-0.80, 0.13, -0.58)
705.13: (-0.80, 0.13, -0.58)
705.25: (-0.86, 0.13, -0.49)
705.36: (-0.97, 0.13, -0.19)
705.48: (-1.00, 0.05, -0.01)
705.60: (-1.00, -0.01, -0.02)
705.68: (-1.00, -0.03, 0.01)
705.68: (0.16, -0.85, 0.51): 1
705.71: (-1.00, -0.03, 0.01)
705.83: (-1.00, -0.04, 0.04)
705.95: (-0.99, -0.06, 0.13)
706.06: (-0.90, -0.19, 0.38)
706.18: (-0.76, -0.32, 0.56)
706.30: (-0.49, -0.54, 0.69)
706.40: (-0.24, -0.71, 0.66)
706.50: (0.00, -0.76, 0.65)
706.61: (0.24, -0.78, 0.57)
706.73: (0.28, -0.86, 0.43)
706.85: (0.13, -0.89, 0.44)
706.95: (0.08, -0.86, 0.50)
707.03: (0.08, -0.86, 0.50)
707.03: (0.96, 0.20, 0.21): 2
707.06: (0.08, -0.86, 0.50)
707.18: (0.12, -0.82, 0.56)
707.28: (0.27, -0.49, 0.83)
707.38: (0.32, -0.08, 0.94)
707.50: (0.26, 0.25, 0.93)
707.61: (0.18, 0.48, 0.86)
707.73: (0.06, 0.72, 0.69)
707.85: (-0.06, 0.86, 0.51)
707.96: (-0.24, 0.93, 0.29)
708.08: (-0.42, 0.90, 0.14)
708.20: (-0.42, 0.90, 0.14)
708.30: (-0.42, 0.90, 0.14)
708.41: (-0.42, 0.90, 0.14)
708.53: (-0.33, 0.94, -0.02)
708.65: (-0.31, 0.85, -0.43)
708.75: (-0.42, 0.54, -0.73)
708.86: (-0.49, 0.16, -0.86)
708.98: (-0.47, -0.15, -0.87)
709.10: (-0.40, -0.49, -0.77)
709.21: (-0.14, -0.78, -0.61)
709.31: (0.21, -0.92, -0.34)
709.43: (0.46, -0.87, -0.20)
709.55: (0.57, -0.78, -0.26)
709.66: (0.62, -0.63, -0.47)
709.78: (0.66, -0.52, -0.54)
709.90: (0.65, -0.22, -0.73)
710.00: (0.70, 0.03, -0.72)
710.11: (0.77, 0.28, -0.57)
710.23: (0.66, 0.56, -0.50)
710.35: (0.45, 0.80, -0.40)
710.46: (0.51, 0.86, -0.02)
710.58: (0.81, 0.59, 0.09)
710.70: (0.96, 0.23, 0.14)
710.81: (0.96, 0.21, 0.18)
710.93: (0.95, 0.21, 0.23)
710.98: (0.95, 0.20, 0.24)
710.98: (0.45, 0.88, 0.14): 0
711.05: (0.95, 0.20, 0.24)
711.15: (0.95, 0.16, 0.27)
711.26: (0.95, 0.03, 0.30)
711.38: (0.91, -0.23, 0.34)
711.50: (0.75, -0.55, 0.37)
711.61: (0.45, -0.84, 0.29)
711.73: (0.13, -0.99, 0.02)
711.83: (0.15, -0.99, 0.00)
711.95: (0.15, -0.99, 0.00)
712.06: (0.15, -0.99, 0.00)
712.18: (0.15, -0.99, 0.00)
712.30: (0.24, -0.97, 0.05)
712.40: (0.22, -0.96, 0.17)
712.51: (-0.29, -0.92, 0.25)
712.63: (-0.78, -0.62, 0.07)
712.73: (-0.94, -0.34, 0.00)
712.85: (-0.99, 0.12, -0.09)
712.96: (-0.84, 0.52, -0.19)
713.08: (-0.53, 0.82, -0.23)
713.20: (-0.08, 1.00, 0.02)
713.31: (0.25, 0.91, 0.33)
713.43: (0.45, 0.72, 0.53)
713.55: (0.50, 0.80, 0.33)
713.66: (0.38, 0.92, 0.08)
713.78: (0.39, 0.91, 0.14)
713.81: (0.39, 0.91, 0.14)
713.81: (-0.99, 0.14, 0.02): 0
713.88: (0.39, 0.91, 0.14)
713.99: (0.43, 0.89, 0.17)
714.11: (0.57, 0.74, 0.35)
714.23: (0.76, 0.48, 0.44)
714.33: (0.89, 0.21, 0.40)
714.44: (0.92, -0.03, 0.38)
714.56: (0.89, -0.22, 0.39)
714.66: (0.83, -0.44, 0.34)
714.78: (0.65, -0.71, 0.28)
714.89: (0.41, -0.87, 0.27)
715.01: (0.12, -0.90, 0.42)
715.13: (-0.12, -0.84, 0.52)
715.23: (-0.25, -0.72, 0.64)
715.34: (0.02, -0.61, 0.79)
715.46: (0.02, -0.61, 0.79)
715.56: (0.02, -0.61, 0.79)
715.68: (0.05, -0.60, 0.80)
715.79: (0.05, -0.43, 0.90)
715.91: (-0.02, -0.01, 1.00)
716.03: (-0.12, 0.38, 0.92)
716.13: (-0.23, 0.63, 0.74)
716.23: (-0.41, 0.77, 0.48)
716.34: (-0.49, 0.81, 0.32)
716.46: (-0.51, 0.85, 0.14)
716.58: (-0.46, 0.85, -0.27)
716.69: (-0.74, 0.55, -0.39)
716.81: (-0.96, 0.27, -0.10)
716.91: (-0.96, 0.21, 0.17)
717.03: (-0.96, 0.22, 0.20)
717.14: (-0.97, 0.17, 0.15)
717.26: (-0.98, 0.16, 0.15)
717.26: (-0.45, -0.79, -0.42): 2
717.26: (-0.98, 0.16, 0.15)
717.36: (-0.98, 0.16, 0.15)
717.46: (-0.98, 0.14, 0.16)
717.58: (-0.97, 0.11, 0.20)
717.69: (-0.92, -0.12, 0.38)
717.81: (-0.73, -0.31, 0.61)
717.91: (-0.45, -0.48, 0.76)
718.03: (-0.17, -0.60, 0.78)
718.14: (0.02, -0.63, 0.77)
718.26: (0.19, -0.66, 0.73)
718.38: (0.15, -0.57, 0.81)
718.49: (-0.01, -0.28, 0.96)
718.61: (-0.03, -0.16, 0.99)
718.73: (-0.19, 0.16, 0.97)
718.84: (-0.05, -0.19, 0.98)
718.94: (0.20, -0.64, 0.74)
719.06: (0.42, -0.75, 0.51)
719.18: (0.71, -0.64, 0.31)
719.29: (0.94, -0.35, 0.03)
719.39: (0.97, -0.11, -0.23)
719.51: (0.92, 0.06, -0.38)
719.63: (0.82, 0.19, -0.54)
719.74: (0.68, 0.22, -0.70)
719.86: (0.48, 0.16, -0.86)
719.98: (0.47, 0.02, -0.88)
720.09: (0.48, -0.36, -0.80)
720.19: (0.46, -0.69, -0.56)
720.31: (0.33, -0.94, -0.05)
720.43: (0.16, -0.92, 0.35)
720.54: (-0.08, -0.81, 0.58)
720.66: (-0.22, -0.87, 0.44)
720.76: (-0.25, -0.97, 0.05)
720.88: (-0.21, -0.91, -0.36)
720.99: (-0.15, -0.82, -0.56)
721.09: (-0.10, -0.87, -0.48)
721.21: (-0.10, -0.87, -0.48)
721.33: (-0.15, -0.88, -0.46)
721.44: (-0.28, -0.87, -0.41)
721.56: (-0.40, -0.83, -0.39)
721.68: (-0.41, -0.83, -0.39)
721.79: (-0.50, -0.77, -0.40)
721.84: (-0.51, -0.76, -0.40)
721.84: (0.00, 0.99, 0.16): 0
721.91: (-0.51, -0.76, -0.40)
722.03: (-0.49, -0.77, -0.41)
722.14: (-0.50, -0.73, -0.47)
722.26: (-0.41, -0.68, -0.61)
722.38: (-0.38, -0.74, -0.56)
722.48: (-0.38, -0.74, -0.56)
722.58: (-0.38, -0.74, -0.56)
722.69: (-0.34, -0.87, -0.36)
722.81: (-0.40, -0.82, -0.40)
722.93: (-0.42, -0.67, -0.61)
723.04: (-0.45, -0.37, -0.81)
723.16: (-0.36, 0.00, -0.93)
723.28: (-0.13, 0.26, -0.96)
723.39: (0.04, 0.55, -0.83)
723.51: (0.15, 0.73, -0.66)
723.61: (0.36, 0.86, -0.38)
723.73: (0.52, 0.85, -0.04)
723.84: (0.46, 0.87, 0.16)
723.96: (0.12, 0.99, 0.11)
724.08: (-0.01, 0.99, 0.12)
724.19: (-0.04, 0.98, 0.17)
724.23: (-0.03, 0.98, 0.19)
724.23: (-0.29, 0.92, -0.26): 0
724.31: (-0.03, 0.98, 0.19)
724.43: (-0.03, 0.96, 0.29)
724.54: (-0.05, 0.97, 0.24)
724.66: (-0.10, 0.99, -0.09)
724.76: (-0.13, 0.98, -0.14)
724.88: (-0.20, 0.95, -0.23)
724.99: (-0.26, 0.92, -0.30)
725.03: (-0.26, 0.92, -0.30)
725.03: (0.03, -0.97, 0.24): 2
725.11: (-0.27, 0.92, -0.30)
725.23: (-0.30, 0.91, -0.28)
725.34: (-0.33, 0.91, -0.27)
725.46: (-0.33, 0.91, -0.27)
725.58: (-0.33, 0.91, -0.26)
725.69: (-0.31, 0.92, -0.22)
725.79: (-0.30, 0.93, -0.22)
725.91: (-0.25, 0.93, -0.26)
726.01: (-0.19, 0.92, -0.33)
726.13: (-0.23, 0.93, -0.28)
726.24: (-0.24, 0.94, -0.25)
726.36: (-0.24, 0.93, -0.27)
726.48: (-0.20, 0.92, -0.32)
726.59: (-0.07, 0.89, -0.45)
726.71: (0.04, 0.86, -0.52)
726.83: (0.21, 0.75, -0.63)
726.94: (0.29, 0.66, -0.70)
727.06: (0.26, 0.47, -0.85)
727.18: (0.08, 0.29, -0.95)
727.28: (-0.09, 0.04, -0.99)
727.39: (-0.21, -0.22, -0.95)
727.51: (-0.21, -0.36, -0.91)
727.63: (-0.15, -0.48, -0.87)
727.74: (0.04, -0.47, -0.88)
727.86: (0.47, -0.11, -0.88)
727.98: (0.68, 0.25, -0.69)
728.09: (0.78, 0.41, -0.47)
728.21: (0.85, 0.45, -0.26)
728.33: (0.84, 0.54, -0.01)
728.44: (0.78, 0.54, 0.31)
728.56: (0.64, 0.48, 0.61)
728.68: (0.50, 0.37, 0.78)
728.79: (0.38, 0.14, 0.92)
728.91: (0.15, -0.11, 0.98)
729.01: (0.04, -0.29, 0.95)
729.13: (0.35, -0.38, 0.86)
729.24: (0.85, -0.21, 0.47)
729.36: (0.98, 0.09, -0.19)
729.48: (0.70, 0.33, -0.63)
729.59: (0.31, 0.41, -0.86)
729.71: (-0.10, 0.38, -0.92)
729.81: (-0.37, 0.25, -0.89)
729.93: (-0.58, 0.07, -0.81)
730.04: (-0.72, -0.19, -0.66)
730.16: (-0.76, -0.48, -0.43)
730.28: (-0.70, -0.68, -0.19)
730.38: (-0.63, -0.77, -0.04)
730.49: (-0.47, -0.87, 0.16)
730.59: (-0.23, -0.91, 0.34)
730.71: (-0.01, -0.95, 0.31)
730.81: (-0.01, -0.98, 0.20)
730.93: (0.02, -0.99, 0.17)
730.96: (0.03, -0.98, 0.18)
730.96: (0.91, -0.32, 0.25): 2
731.04: (0.04, -0.98, 0.20)
731.16: (0.06, -0.98, 0.19)
731.26: (0.17, -0.98, 0.08)
731.38: (0.23, -0.97, -0.06)
731.49: (0.25, -0.92, -0.31)
731.61: (0.20, -0.80, -0.56)
731.72: (0.17, -0.62, -0.76)
731.84: (0.18, -0.45, -0.87)
731.94: (0.17, -0.17, -0.97)
732.06: (0.15, 0.20, -0.97)
732.17: (0.10, 0.47, -0.88)
732.29: (0.12, 0.69, -0.72)
732.41: (0.17, 0.82, -0.54)
732.52: (0.25, 0.87, -0.42)
732.62: (0.31, 0.92, -0.25)
732.74: (0.36, 0.93, 0.03)
732.84: (0.43, 0.90, 0.09)
732.94: (0.57, 0.82, 0.03)
733.06: (0.72, 0.54, -0.44)
733.17: (0.69, 0.09, -0.72)
733.29: (0.53, -0.35, -0.77)
733.39: (0.39, -0.57, -0.72)
733.51: (0.24, -0.77, -0.59)
733.62: (0.09, -0.92, -0.38)
733.74: (0.02, -0.98, -0.19)
733.86: (-0.07, -0.99, 0.09)
733.97: (-0.19, -0.92, 0.33)
734.07: (-0.23, -0.82, 0.52)
734.19: (-0.23, -0.69, 0.69)
734.31: (-0.19, -0.54, 0.82)
734.41: (-0.12, -0.40, 0.91)
734.52: (0.02, -0.21, 0.98)
734.64: (0.16, -0.04, 0.99)
734.76: (0.34, -0.17, 0.93)
734.87: (0.62, -0.32, 0.72)
734.97: (0.82, -0.36, 0.44)
735.09: (0.92, -0.38, 0.12)
735.21: (0.91, -0.41, -0.12)
735.32: (0.90, -0.43, 0.07)
735.42: (0.88, -0.42, 0.24)
735.52: (0.87, -0.40, 0.29)
735.57: (0.87, -0.39, 0.30)
735.57: (-0.03, -0.28, -0.96): 1
735.64: (0.87, -0.39, 0.30)
735.76: (0.90, -0.32, 0.30)
735.87: (0.90, -0.37, 0.24)
735.99: (0.89, -0.38, 0.24)
736.11: (0.89, -0.38, 0.24)
736.22: (0.89, -0.38, 0.24)
736.32: (0.89, -0.38, 0.24)
736.44: (0.93, -0.17, 0.33)
736.56: (0.97, 0.08, 0.25)
736.67: (0.76, -0.54, 0.37)
736.79: (0.56, -0.75, 0.37)
736.89: (0.56, -0.75, 0.37)
737.01: (0.60, -0.71, 0.37)
737.11: (0.60, -0.71, 0.36)
737.22: (0.37, -0.77, 0.52)
737.34: (0.28, -0.63, 0.73)
737.44: (0.09, -0.57, 0.81)
737.56: (-0.25, -0.54, 0.80)
737.67: (-0.47, -0.65, 0.60)
737.77: (-0.52, -0.80, 0.29)
737.89: (-0.37, -0.93, 0.00)
738.01: (-0.16, -0.92, -0.36)
738.12: (-0.07, -0.87, -0.49)
738.24: (0.04, -0.78, -0.62)
738.36: (0.25, -0.60, -0.76)
738.47: (0.27, -0.25, -0.93)
738.57: (0.15, -0.17, -0.97)
738.69: (0.04, -0.37, -0.93)
738.81: (0.03, -0.40, -0.92)
738.84: (0.03, -0.38, -0.92)
738.84: (0.57, 0.16, 0.80): 2
738.92: (0.02, -0.36, -0.93)
739.04: (0.01, -0.35, -0.94)
739.16: (-0.06, -0.22, -0.97)
739.27: (-0.09, 0.05, -0.99)
739.37: (-0.08, 0.09, -0.99)
739.49: (-0.08, 0.09, -0.99)
739.61: (-0.08, 0.14, -0.99)
739.72: (0.22, -0.24, -0.95)
739.82: (0.43, -0.52, -0.74)
739.94: (0.56, -0.66, -0.50)
740.06: (0.68, -0.64, -0.36)
740.17: (0.88, -0.45, -0.17)
740.29: (0.97, -0.21, -0.10)
740.41: (0.99, 0.12, -0.01)
740.52: (0.90, 0.40, 0.14)
740.62: (0.77, 0.57, 0.28)
740.74: (0.55, 0.74, 0.39)
740.86: (0.38, 0.71, 0.59)
740.96: (0.48, 0.40, 0.78)
741.06: (0.63, 0.15, 0.76)
741.17: (0.68, 0.08, 0.73)
741.29: (0.65, 0.11, 0.75)
741.41: (0.59, 0.10, 0.80)
741.51: (0.56, 0.10, 0.82)
741.51: (0.62, -0.38, 0.69): 1
741.52: (0.56, 0.10, 0.82)
741.64: (0.56, 0.10, 0.82)
741.76: (0.54, 0.10, 0.83)
741.87: (0.60, -0.18, 0.78)
741.99: (0.65, -0.40, 0.65)
742.09: (0.63, -0.38, 0.67)
742.21: (0.58, -0.36, 0.73)
742.31: (0.58, -0.36, 0.73)
742.31: (0.42, 0.85, -0.32): 0
742.32: (0.58, -0.36, 0.73)
742.44: (0.58, -0.39, 0.71)
742.56: (0.57, -0.47, 0.67)
742.66: (0.62, -0.50, 0.60)
742.77: (0.71, -0.54, 0.45)
742.89: (0.97, -0.19, 0.18)
743.01: (0.94, 0.32, -0.08)
743.11: (0.88, 0.47, -0.12)
743.22: (0.80, 0.58, -0.13)
743.32: (0.62, 0.75, -0.23)
743.44: (0.47, 0.85, -0.25)
743.54: (0.46, 0.84, -0.29)
743.59: (0.46, 0.84, -0.29)
743.59: (-0.22, 0.92, 0.32): 0
743.64: (0.46, 0.84, -0.29)
743.76: (0.45, 0.84, -0.29)
743.87: (0.29, 0.90, -0.33)
743.99: (0.06, 0.92, -0.38)
744.11: (-0.15, 0.93, -0.35)
744.22: (-0.58, 0.77, -0.25)
744.32: (-0.67, 0.74, -0.09)
744.44: (-0.65, 0.73, 0.20)
744.56: (-0.36, 0.84, 0.42)
744.67: (-0.22, 0.92, 0.33)
744.77: (-0.23, 0.94, 0.25)
744.89: (-0.23, 0.94, 0.25)
744.92: (-0.24, 0.94, 0.25)
744.92: (0.34, 0.92, -0.18): 0
745.01: (-0.25, 0.93, 0.26)
745.12: (-0.44, 0.83, 0.35)
745.24: (-0.62, 0.67, 0.40)
745.36: (-0.12, 0.98, 0.16)
745.46: (0.14, 0.99, -0.03)
745.57: (0.17, 0.97, -0.15)
745.69: (0.23, 0.95, -0.21)
745.79: (0.34, 0.91, -0.23)
745.87: (0.35, 0.91, -0.23)
745.87: (0.68, -0.14, -0.72): 2
745.91: (0.35, 0.91, -0.23)
746.02: (0.35, 0.91, -0.23)
746.12: (0.33, 0.92, -0.20)
746.24: (0.19, 0.97, -0.12)
746.36: (0.01, 1.00, 0.07)
746.47: (-0.34, 0.90, 0.27)
746.59: (-0.54, 0.71, 0.46)
746.71: (-0.62, 0.54, 0.56)
746.82: (-0.67, 0.47, 0.58)
746.94: (-0.69, 0.42, 0.59)
747.04: (-0.77, 0.32, 0.55)
747.14: (-0.76, 0.39, 0.52)
747.26: (-0.41, 0.76, 0.50)
747.37: (0.03, 0.97, 0.25)
747.49: (0.29, 0.96, 0.02)
747.61: (0.55, 0.80, -0.23)
747.72: (0.67, 0.59, -0.45)
747.82: (0.62, 0.49, -0.61)
747.94: (0.53, 0.28, -0.80)
748.04: (0.65, 0.05, -0.76)
748.16: (0.70, -0.14, -0.70)
748.27: (0.67, -0.15, -0.73)
748.29: (0.67, -0.16, -0.73)
748.29: (0.02, 0.96, 0.28): 0
748.39: (0.67, -0.16, -0.73)
748.50: (0.70, -0.19, -0.68)
748.62: (0.82, 0.03, -0.58)
748.72: (0.92, 0.17, -0.36)
748.84: (0.90, 0.38, -0.22)
748.95: (0.51, 0.81, -0.30)
749.07: (-0.20, 0.95, -0.23)
749.17: (-0.40, 0.91, -0.09)
749.29: (-0.51, 0.84, 0.15)
749.40: (-0.43, 0.81, 0.39)
749.52: (-0.19, 0.88, 0.43)
749.64: (0.00, 0.96, 0.28)
749.74: (0.06, 0.98, 0.20)
749.82: (0.04, 0.98, 0.20)
749.82: (0.05, -0.24, -0.97): 0
749.85: (0.03, 0.98, 0.20)
749.97: (0.03, 0.98, 0.19)
750.07: (0.12, 0.99, 0.11)
750.19: (0.36, 0.90, -0.25)
750.30: (0.47, 0.76, -0.44)
750.42: (0.51, 0.62, -0.60)
750.54: (0.53, 0.42, -0.74)
750.65: (0.50, 0.29, -0.81)
750.77: (0.43, 0.08, -0.90)
750.89: (0.32, -0.27, -0.91)
751.00: (0.21, -0.38, -0.90)
751.12: (0.10, -0.21, -0.97)
751.24: (0.06, -0.21, -0.98)
751.25: (0.06, -0.21, -0.98)
751.25: (0.57, -0.24, -0.78): 1
751.34: (0.06, -0.22, -0.97)
751.45: (0.07, -0.17, -0.98)
751.57: (0.28, 0.09, -0.95)
751.69: (0.70, -0.12, -0.70)
751.80: (0.70, -0.23, -0.68)
751.90: (0.63, -0.28, -0.73)
752.02: (0.61, -0.27, -0.74)
752.04: (0.61, -0.27, -0.74)
752.04: (-0.24, -0.08, 0.97): 0
752.14: (0.61, -0.27, -0.75)
752.24: (0.65, -0.22, -0.73)
752.34: (0.73, -0.01, -0.68)
752.45: (0.80, 0.22, -0.56)
752.57: (0.83, 0.47, -0.30)
752.67: (0.71, 0.71, -0.06)
752.79: (0.52, 0.84, 0.13)
752.90: (0.40, 0.88, 0.26)
753.02: (0.25, 0.88, 0.41)
753.14: (0.39, 0.77, 0.51)
753.24: (0.37, 0.71, 0.60)
753.35: (-0.01, 0.82, 0.58)
753.47: (-0.45, 0.81, 0.39)
753.59: (-0.73, 0.67, 0.12)
753.70: (-0.86, 0.51, 0.01)
753.82: (-0.97, 0.26, -0.01)
753.92: (-1.00, 0.03, 0.08)
754.04: (-0.97, -0.16, 0.18)
754.14: (-0.95, -0.23, 0.21)
754.25: (-1.00, -0.03, 0.07)
754.37: (-0.83, 0.40, -0.38)
754.49: (-0.23, 0.68, -0.69)
754.60: (0.53, 0.61, -0.58)
754.72: (0.91, 0.29, -0.31)
754.84: (1.00, 0.05, -0.07)
754.94: (0.99, -0.17, -0.02)
755.05: (0.89, -0.45, -0.03)
755.17: (0.76, -0.64, -0.05)
755.29: (0.53, -0.82, -0.21)
755.40: (0.26, -0.74, -0.62)
755.52: (0.20, -0.43, -0.88)
755.62: (0.14, -0.16, -0.98)
755.74: (-0.01, 0.15, -0.99)
755.85: (-0.01, 0.32, -0.95)
755.97: (-0.01, 0.32, -0.95)
756.09: (-0.01, 0.32, -0.95)
756.19: (-0.01, 0.31, -0.95)
756.30: (-0.12, 0.45, -0.88)
756.42: (-0.43, 0.71, -0.56)
756.54: (-0.58, 0.68, -0.45)
756.65: (-0.11, 0.48, -0.87)
756.77: (0.68, -0.11, -0.72)
756.89: (0.86, -0.38, -0.33)
757.00: (0.87, -0.49, -0.08)
757.12: (0.81, -0.57, 0.14)
757.24: (0.60, -0.63, 0.48)
757.34: (0.27, -0.62, 0.73)
757.45: (-0.07, -0.47, 0.88)
757.57: (-0.31, -0.35, 0.89)
757.69: (-0.28, -0.20, 0.94)
757.80: (-0.22, -0.03, 0.97)
757.87: (-0.26, 0.02, 0.96)
757.87: (-0.03, 0.91, 0.42): 2
757.92: (-0.27, 0.03, 0.96)
758.04: (-0.30, 0.05, 0.95)
758.14: (-0.28, 0.10, 0.95)
758.25: (-0.36, 0.36, 0.86)
758.37: (-0.59, 0.52, 0.62)
758.49: (-0.65, 0.55, 0.52)
758.60: (-0.36, 0.75, 0.56)
758.72: (-0.19, 0.80, 0.57)
758.84: (-0.18, 0.82, 0.54)
758.95: (-0.03, 0.91, 0.41)
759.05: (-0.01, 0.92, 0.39)
759.05: (0.28, 0.81, -0.52): 1
759.07: (-0.01, 0.92, 0.39)
759.19: (-0.01, 0.93, 0.37)
759.29: (-0.05, 0.95, 0.29)
759.40: (-0.13, 0.99, 0.08)
759.52: (0.00, 0.99, -0.14)
759.64: (0.20, 0.83, -0.52)
759.74: (0.26, 0.69, -0.67)
759.85: (0.30, 0.72, -0.63)
759.97: (0.25, 0.81, -0.53)
760.09: (0.25, 0.82, -0.51)
760.10: (0.25, 0.82, -0.51)
760.10: (0.97, 0.05, -0.22): 1
760.20: (0.24, 0.81, -0.53)
760.30: (0.26, 0.73, -0.63)
760.42: (0.27, 0.62, -0.74)
760.54: (0.22, 0.74, -0.64)
760.65: (0.22, 0.74, -0.64)
760.77: (0.22, 0.74, -0.64)
760.89: (-0.24, 0.95, -0.19)
761.00: (-0.42, 0.90, 0.14)
761.12: (-0.15, 0.99, 0.08)
761.22: (0.05, 0.99, -0.11)
761.34: (0.19, 0.91, -0.37)
761.45: (0.29, 0.78, -0.55)
761.57: (0.50, 0.57, -0.65)
761.69: (0.62, 0.29, -0.73)
761.80: (0.64, 0.04, -0.77)
761.92: (0.50, -0.03, -0.86)
762.02: (0.45, -0.03, -0.89)
762.12: (0.78, 0.08, -0.62)
762.24: (0.95, -0.02, -0.32)
762.35: (0.94, -0.02, -0.35)
762.47: (0.94, 0.04, -0.33)
762.57: (0.97, 0.09, -0.22)
762.69: (0.97, 0.09, -0.20)
762.69: (0.96, 0.07, 0.28): 2
762.69: (0.97, 0.09, -0.20)
762.80: (0.97, 0.09, -0.21)
762.92: (0.96, 0.11, -0.25)
763.04: (0.99, 0.09, -0.11)
763.15: (0.99, 0.02, 0.11)
763.25: (0.99, -0.01, 0.12)
763.37: (1.00, -0.01, 0.09)
763.49: (0.99, -0.01, 0.11)
763.60: (0.99, -0.01, 0.15)
763.70: (0.98, -0.01, 0.22)
763.82: (0.97, -0.01, 0.25)
763.82: (-0.93, 0.03, 0.36): 1
763.82: (0.97, -0.01, 0.25)
763.92: (0.97, -0.01, 0.25)
764.04: (0.96, -0.03, 0.27)
764.15: (0.92, -0.13, 0.38)
764.27: (0.89, -0.19, 0.41)
764.37: (0.87, -0.23, 0.43)
764.49: (0.72, -0.40, 0.57)
764.60: (0.51, -0.52, 0.68)
764.70: (0.63, -0.54, 0.56)
764.82: (0.65, -0.53, 0.54)
764.94: (0.74, -0.49, 0.46)
765.05: (0.76, -0.48, 0.44)
765.17: (0.79, -0.43, 0.43)
765.28: (0.72, -0.42, 0.55)
765.40: (0.32, -0.51, 0.80)
765.50: (-0.03, -0.63, 0.77)
765.62: (-0.20, -0.72, 0.66)
765.73: (-0.33, -0.78, 0.54)
765.85: (-0.33, -0.90, 0.27)
765.95: (-0.36, -0.93, 0.09)
766.05: (-0.35, -0.93, -0.08)
766.17: (-0.37, -0.89, -0.29)
766.27: (-0.46, -0.78, -0.43)
766.38: (-0.57, -0.63, -0.53)
766.50: (-0.66, -0.44, -0.61)
766.62: (-0.54, -0.45, -0.72)
766.73: (0.00, -0.75, -0.66)
766.85: (0.33, -0.87, -0.36)
766.97: (0.57, -0.82, 0.02)
767.08: (0.80, -0.60, 0.10)
767.18: (0.95, -0.28, 0.11)
767.30: (0.96, 0.24, 0.12)
767.40: (0.85, 0.51, 0.14)
767.50: (0.68, 0.72, 0.11)
767.62: (0.50, 0.85, 0.12)
767.72: (0.33, 0.90, 0.29)
767.83: (0.05, 0.89, 0.46)
767.95: (-0.27, 0.80, 0.54)
768.05: (-0.56, 0.62, 0.55)
768.17: (-0.77, 0.43, 0.48)
768.28: (-0.76, 0.57, 0.31)
768.40: (-0.66, 0.74, 0.16)
768.52: (-0.79, 0.54, 0.28)
768.62: (-0.91, 0.25, 0.33)
768.73: (-0.94, 0.10, 0.33)
768.78: (-0.94, 0.10, 0.32)
768.78: (-0.62, 0.70, 0.36): 2
768.85: (-0.94, 0.10, 0.31)
768.97: (-0.95, 0.11, 0.30)
769.08: (-0.94, 0.24, 0.24)
769.20: (-0.76, 0.61, 0.21)
769.32: (-0.66, 0.71, 0.25)
769.43: (-0.65, 0.68, 0.34)
769.53: (-0.63, 0.68, 0.36)
769.53: (-0.73, 0.45, 0.51): 0
769.53: (-0.63, 0.68, 0.36)
769.65: (-0.63, 0.68, 0.36)
769.77: (-0.56, 0.76, 0.31)
769.88: (-0.46, 0.84, 0.29)
769.98: (-0.57, 0.69, 0.44)
770.10: (-0.64, 0.57, 0.52)
770.22: (-0.65, 0.57, 0.50)
770.33: (-0.70, 0.52, 0.48)
770.45: (-0.78, 0.41, 0.47)
770.45: (0.00, -0.67, 0.74): 1
770.45: (-0.78, 0.41, 0.47)
770.55: (-0.77, 0.42, 0.48)
770.65: (-0.74, 0.47, 0.47)
770.77: (-0.67, 0.57, 0.47)
770.88: (-0.56, 0.74, 0.37)
771.00: (-0.37, 0.89, 0.28)
771.12: (-0.12, 0.98, 0.18)
771.22: (0.11, 0.97, 0.22)
771.33: (0.32, 0.93, 0.19)
771.45: (0.61, 0.79, 0.04)
771.57: (0.90, 0.42, 0.10)
771.68: (0.97, -0.02, 0.25)
771.80: (0.93, -0.29, 0.23)
771.92: (0.89, -0.43, 0.13)
772.03: (0.90, -0.42, -0.07)
772.15: (0.84, -0.48, -0.24)
772.27: (0.66, -0.60, -0.45)
772.38: (0.59, -0.43, -0.69)
772.50: (0.61, -0.02, -0.79)
772.60: (0.76, 0.09, -0.64)
772.72: (0.77, 0.09, -0.64)
772.83: (0.77, 0.09, -0.64)
772.93: (0.77, 0.09, -0.64)
773.05: (0.79, -0.02, -0.62)
773.15: (0.75, -0.26, -0.61)
773.27: (0.66, 0.23, -0.71)
773.38: (0.60, 0.61, -0.51)
773.50: (0.58, 0.70, -0.42)
773.62: (0.53, 0.83, -0.18)
773.72: (0.62, 0.78, 0.07)
773.83: (0.56, 0.66, 0.50)
773.95: (0.32, 0.53, 0.79)
774.05: (0.31, 0.52, 0.80)
774.17: (0.34, 0.47, 0.81)
774.28: (0.76, 0.20, 0.61)
774.40: (0.98, -0.10, 0.16)
774.52: (0.97, -0.11, -0.20)
774.63: (0.87, -0.04, -0.49)
774.75: (0.65, 0.10, -0.75)
774.87: (0.44, 0.13, -0.89)
774.98: (0.13, 0.22, -0.97)
775.10: (-0.29, 0.20, -0.94)
775.22: (-0.53, 0.13, -0.84)
775.33: (-0.69, -0.01, -0.72)
775.45: (-0.65, -0.27, -0.71)
775.57: (-0.45, -0.51, -0.73)
775.67: (-0.32, -0.66, -0.68)
775.78: (-0.03, -0.82, -0.57)
775.90: (0.20, -0.89, -0.41)
776.02: (0.35, -0.89, -0.30)
776.12: (0.48, -0.85, -0.19)
776.23: (0.59, -0.80, 0.08)
776.35: (0.43, -0.85, 0.30)
776.47: (0.16, -0.84, 0.52)
776.58: (-0.04, -0.72, 0.69)
776.68: (0.02, -0.67, 0.74)
776.78: (0.07, -0.68, 0.73)
776.83: (0.07, -0.69, 0.72)
776.83: (-0.79, 0.37, 0.49): 1
776.90: (0.07, -0.70, 0.71)
777.02: (0.06, -0.69, 0.72)
777.13: (0.02, -0.69, 0.72)
777.25: (-0.14, -0.72, 0.68)
777.37: (-0.40, -0.72, 0.57)
777.48: (-0.79, -0.38, 0.48)
777.60: (-0.94, -0.11, 0.31)
777.72: (-0.94, -0.11, 0.31)
777.82: (-0.94, -0.11, 0.31)
777.93: (-0.94, -0.02, 0.34)
778.05: (-0.90, 0.15, 0.41)
778.17: (-0.86, 0.22, 0.46)
778.28: (-0.81, 0.32, 0.49)
778.38: (-0.78, 0.36, 0.50)
778.38: (-0.94, -0.17, -0.30): 1
778.38: (-0.78, 0.36, 0.50)
778.50: (-0.78, 0.36, 0.51)
778.62: (-0.79, 0.39, 0.48)
778.72: (-0.71, 0.60, 0.37)
778.83: (-0.67, 0.70, 0.25)
778.93: (-0.71, 0.67, 0.19)
779.05: (-0.65, 0.76, 0.06)
779.15: (-0.42, 0.91, -0.03)
779.27: (-0.24, 0.95, -0.20)
779.38: (-0.12, 0.88, -0.47)
779.50: (0.03, 0.77, -0.63)
779.62: (0.17, 0.58, -0.80)
779.73: (0.40, 0.23, -0.88)
779.83: (0.57, -0.04, -0.82)
779.93: (0.69, -0.19, -0.70)
780.05: (0.86, -0.28, -0.42)
780.15: (0.92, -0.17, -0.36)
780.27: (0.91, -0.16, -0.38)
780.37: (0.91, -0.16, -0.38)
780.48: (0.91, -0.16, -0.38)
780.60: (0.93, -0.11, -0.36)
780.72: (0.97, 0.15, -0.17)
780.83: (0.89, 0.44, 0.07)
780.93: (0.81, 0.54, 0.24)
781.05: (0.70, 0.51, 0.50)
781.17: (0.47, 0.61, 0.64)
781.28: (0.17, 0.55, 0.82)
781.40: (-0.03, 0.31, 0.95)
781.52: (0.00, -0.06, 1.00)
781.62: (0.17, -0.32, 0.93)
781.73: (0.39, -0.60, 0.70)
781.83: (0.57, -0.76, 0.32)
781.95: (0.61, -0.79, -0.05)
782.07: (0.57, -0.74, -0.35)
782.18: (0.46, -0.59, -0.66)
782.30: (0.22, -0.39, -0.90)
782.41: (-0.06, -0.19, -0.98)
782.51: (-0.13, -0.05, -0.99)
782.63: (-0.22, 0.14, -0.97)
782.75: (-0.36, 0.24, -0.90)
782.86: (-0.43, 0.30, -0.85)
782.96: (-0.38, 0.29, -0.88)
783.08: (-0.38, 0.29, -0.88)
783.18: (-0.38, 0.29, -0.88)
783.30: (-0.44, 0.28, -0.86)
783.41: (-0.63, 0.20, -0.75)
783.52: (-0.79, 0.08, -0.61)
783.63: (-0.87, -0.10, -0.48)
783.73: (-0.92, -0.19, -0.35)
783.85: (-0.97, -0.16, -0.19)
783.95: (-0.98, -0.06, -0.20)
784.06: (-0.97, -0.06, -0.25)
784.13: (-0.96, -0.06, -0.27)
784.13: (-0.69, -0.50, 0.52): 2
784.18: (-0.96, -0.06, -0.27)
784.30: (-0.96, -0.08, -0.26)
784.41: (-0.96, -0.08, -0.26)
784.53: (-0.99, -0.10, 0.14)
784.63: (-0.91, -0.25, 0.34)
784.75: (-0.82, -0.38, 0.43)
784.86: (-0.80, -0.47, 0.38)
784.96: (-0.80, -0.47, 0.38)
785.08: (-0.67, -0.52, 0.53)
785.15: (-0.66, -0.53, 0.53)
785.15: (-0.79, 0.52, 0.34): 2
785.20: (-0.66, -0.53, 0.54)
785.31: (-0.66, -0.53, 0.54)
785.43: (-0.67, -0.51, 0.53)
785.55: (-0.67, -0.51, 0.53)
785.66: (-0.67, -0.51, 0.54)
785.76: (-0.67, -0.51, 0.54)
785.88: (-0.64, -0.31, 0.70)
786.00: (-0.62, -0.13, 0.77)
786.10: (-0.55, 0.13, 0.82)
786.21: (-0.40, 0.41, 0.82)
786.33: (-0.21, 0.57, 0.79)
786.45: (-0.33, 0.65, 0.68)
786.56: (-0.56, 0.69, 0.47)
786.68: (-0.74, 0.53, 0.41)
786.78: (-0.78, 0.45, 0.44)
786.90: (-0.80, 0.47, 0.38)
787.01: (-0.82, 0.49, 0.31)
787.05: (-0.82, 0.49, 0.31)
787.05: (0.37, 0.89, -0.27): 1
787.13: (-0.81, 0.49, 0.33)
787.25: (-0.78, 0.50, 0.37)
787.36: (-0.66, 0.58, 0.47)
787.46: (-0.34, 0.72, 0.60)
787.58: (-0.14, 0.73, 0.67)
787.70: (-0.15, 0.73, 0.67)
787.81: (-0.15, 0.73, 0.67)
787.93: (-0.15, 0.73, 0.67)
788.05: (-0.05, 0.68, 0.74)
788.16: (0.18, 0.49, 0.85)
788.28: (0.19, 0.18, 0.97)
788.40: (0.22, -0.10, 0.97)
788.51: (0.28, -0.38, 0.88)
788.63: (0.41, -0.53, 0.74)
788.75: (0.30, -0.77, 0.56)
788.86: (0.14, -0.95, 0.27)
788.96: (0.21, -0.97, 0.13)
789.08: (0.40, -0.92, 0.05)
789.20: (0.73, -0.68, -0.05)
789.30: (0.94, -0.32, -0.08)
789.41: (0.98, 0.15, -0.14)
789.53: (0.85, 0.53, -0.06)
789.65: (0.68, 0.73, 0.03)
789.76: (0.52, 0.85, 0.01)
789.88: (0.43, 0.88, -0.19)
789.98: (0.39, 0.89, -0.24)
790.10: (0.36, 0.90, -0.25)
790.10: (-0.03, -0.60, -0.80): 2
790.10: (0.36, 0.90, -0.25)
790.20: (0.36, 0.90, -0.25)
790.31: (0.22, 0.95, -0.23)
790.43: (0.14, 0.98, -0.13)
790.55: (0.14, 0.98, -0.13)
790.66: (0.14, 0.98, -0.13)
790.78: (0.15, 0.98, -0.13)
790.88: (0.11, 0.99, -0.05)
791.00: (0.06, 1.00, -0.08)
791.11: (0.10, 0.92, -0.39)
791.23: (0.12, 0.74, -0.66)
791.35: (0.04, 0.45, -0.89)
791.46: (-0.02, 0.14, -0.99)
791.58: (-0.02, -0.15, -0.99)
791.70: (0.01, -0.44, -0.90)
791.81: (-0.02, -0.67, -0.75)
791.91: (-0.06, -0.67, -0.74)
792.03: (-0.07, -0.54, -0.84)
792.15: (-0.02, -0.50, -0.87)
792.23: (-0.01, -0.51, -0.86)
792.23: (-0.44, -0.90, -0.03): 1
792.26: (-0.01, -0.51, -0.86)
792.38: (-0.01, -0.51, -0.86)
792.48: (-0.06, -0.51, -0.86)
792.60: (-0.31, -0.59, -0.74)
792.70: (-0.24, -0.77, -0.60)
792.81: (-0.24, -0.90, -0.36)
792.91: (-0.35, -0.93, -0.11)
793.03: (-0.65, -0.74, 0.19)
793.15: (-0.64, -0.76, 0.13)
793.25: (-0.53, -0.85, -0.04)
793.36: (-0.48, -0.87, -0.05)
793.48: (-0.48, -0.88, -0.04)
793.60: (-0.38, -0.92, -0.06)
793.70: (-0.35, -0.93, -0.07)
793.70: (0.26, -0.47, 0.84): 1
793.71: (-0.35, -0.93, -0.07)
793.83: (-0.36, -0.93, -0.07)
793.95: (-0.48, -0.87, -0.05)
794.06: (-0.76, -0.65, 0.05)
794.16: (-0.89, -0.40, 0.20)
794.28: (-0.96, -0.15, 0.24)
794.40: (-0.98, 0.13, 0.16)
794.51: (-0.92, 0.39, 0.01)
794.63: (-0.70, 0.66, -0.29)
794.75: (-0.31, 0.69, -0.65)
794.85: (-0.05, 0.61, -0.79)
794.95: (0.17, 0.60, -0.78)
795.06: (0.38, 0.63, -0.68)
795.16: (0.32, 0.54, -0.78)
795.28: (0.32, 0.54, -0.78)
795.40: (0.32, 0.54, -0.78)
795.50: (0.37, 0.46, -0.81)
795.61: (0.69, 0.34, -0.63)
795.73: (0.99, 0.06, -0.13)
795.85: (0.92, 0.17, 0.36)
795.95: (0.75, 0.42, 0.51)
796.05: (0.60, 0.61, 0.52)
796.16: (0.49, 0.75, 0.45)
796.26: (0.43, 0.83, 0.35)
796.38: (0.35, 0.93, 0.08)
796.50: (0.17, 0.93, -0.32)
796.61: (-0.05, 0.81, -0.59)
796.71: (-0.20, 0.64, -0.74)
796.81: (-0.31, 0.51, -0.80)
796.93: (-0.50, 0.37, -0.78)
797.05: (-0.71, 0.21, -0.67)
797.16: (-0.92, 0.16, -0.37)
797.28: (-0.98, 0.21, -0.03)
797.40: (-0.86, 0.48, 0.15)
797.50: (-0.62, 0.73, 0.28)
797.61: (-0.20, 0.92, 0.32)
797.73: (0.21, 0.94, 0.26)
797.85: (0.52, 0.84, 0.17)
797.96: (0.81, 0.57, 0.12)
798.06: (0.97, 0.19, 0.13)
798.18: (0.96, -0.25, 0.13)
798.29: (0.82, -0.55, 0.15)
798.41: (0.75, -0.61, 0.28)
798.51: (0.71, -0.56, 0.42)
798.63: (0.85, -0.38, 0.37)
798.75: (0.85, -0.38, 0.37)
798.86: (0.85, -0.38, 0.37)
798.98: (0.88, -0.29, 0.37)
799.09: (0.64, -0.43, 0.64)
799.21: (0.51, -0.45, 0.73)
799.33: (0.42, -0.49, 0.76)
799.44: (0.21, -0.47, 0.85)
799.55: (0.16, -0.48, 0.86)
799.66: (0.17, -0.48, 0.86)
799.78: (0.19, -0.50, 0.84)
799.83: (0.19, -0.50, 0.84)
799.83: (0.97, 0.23, 0.08): 0
799.89: (0.19, -0.50, 0.84)
800.01: (0.19, -0.51, 0.84)
800.13: (0.20, -0.51, 0.83)
800.23: (0.11, -0.55, 0.83)
800.33: (0.08, -0.69, 0.72)
800.44: (0.18, -0.87, 0.45)
800.56: (0.18, -0.95, 0.24)
800.66: (0.01, -0.98, 0.22)
800.78: (0.24, -0.96, 0.13)
800.89: (0.59, -0.80, 0.09)
801.01: (0.73, -0.68, 0.10)
801.13: (0.82, -0.48, 0.31)
801.23: (0.66, -0.17, 0.73)
801.34: (0.43, 0.15, 0.89)
801.44: (0.34, 0.35, 0.87)
801.56: (0.63, 0.34, 0.70)
801.68: (0.96, 0.15, 0.25)
801.79: (0.99, 0.11, 0.04)
801.89: (0.97, 0.22, 0.04)
802.01: (0.97, 0.25, 0.06)
802.04: (0.97, 0.25, 0.06)
802.04: (-0.89, -0.27, -0.37): 1
802.13: (0.97, 0.25, 0.06)
802.24: (0.97, 0.23, 0.04)
802.36: (1.00, 0.07, 0.01)
802.48: (0.96, -0.26, -0.14)
802.59: (0.81, -0.49, -0.33)
802.71: (0.56, -0.61, -0.56)
802.81: (0.29, -0.64, -0.71)
802.93: (0.00, -0.63, -0.78)
803.04: (-0.28, -0.60, -0.75)
803.14: (-0.53, -0.45, -0.71)
803.26: (-0.75, -0.14, -0.64)
803.36: (-0.78, 0.10, -0.62)
803.48: (-0.72, 0.15, -0.67)
803.59: (-0.83, -0.16, -0.53)
803.71: (-0.88, -0.32, -0.36)
803.83: (-0.87, -0.32, -0.37)
803.86: (-0.88, -0.31, -0.36)
803.86: (-0.84, -0.54, -0.07): 0
803.94: (-0.88, -0.31, -0.36)
804.06: (-0.85, -0.34, -0.41)
804.18: (-0.74, -0.58, -0.34)
804.29: (-0.67, -0.75, 0.01)
804.41: (-0.76, -0.65, 0.01)
804.51: (-0.85, -0.53, -0.06)
804.63: (-0.88, -0.47, -0.07)
804.73: (-0.88, -0.46, -0.07)
804.73: (0.37, 0.83, -0.41): 1
804.74: (-0.88, -0.46, -0.07)
804.86: (-0.87, -0.49, -0.09)
804.98: (-0.86, -0.51, -0.04)
805.08: (-0.75, -0.66, 0.11)
805.19: (-0.52, -0.85, -0.08)
805.31: (-0.07, -1.00, -0.06)
805.43: (0.35, -0.93, -0.07)
805.54: (0.35, -0.74, -0.57)
805.66: (0.21, -0.49, -0.85)
805.78: (0.16, -0.31, -0.94)
805.88: (0.16, -0.08, -0.98)
805.99: (0.18, 0.33, -0.93)
806.11: (0.17, 0.70, -0.69)
806.21: (0.13, 0.91, -0.38)
806.33: (0.22, 0.96, -0.15)
806.44: (0.36, 0.87, -0.35)
806.56: (0.36, 0.81, -0.46)
806.68: (0.37, 0.81, -0.45)
806.68: (0.95, -0.32, 0.04): 0
806.68: (0.37, 0.81, -0.45)
806.78: (0.38, 0.82, -0.43)
806.89: (0.46, 0.81, -0.36)
806.99: (0.54, 0.81, -0.21)
807.11: (0.61, 0.79, 0.04)
807.23: (0.66, 0.70, 0.26)
807.34: (0.68, 0.54, 0.49)
807.46: (0.66, 0.34, 0.67)
807.58: (0.66, 0.15, 0.74)
807.68: (0.83, 0.06, 0.56)
807.78: (0.98, 0.08, 0.16)
807.89: (0.94, 0.05, -0.34)
808.01: (0.97, 0.01, -0.24)
808.13: (0.99, -0.16, 0.00)
808.24: (0.97, -0.24, 0.04)
808.29: (0.97, -0.24, 0.04)
808.29: (1.00, 0.03, 0.02): 1
808.36: (0.97, -0.24, 0.04)
808.48: (0.95, -0.29, 0.08)
808.59: (0.94, -0.34, -0.06)
808.71: (0.99, -0.01, -0.16)
808.83: (0.99, 0.05, -0.14)
808.93: (1.00, 0.07, -0.06)
809.04: (1.00, 0.08, -0.05)
809.04: (-0.07, -0.12, -0.99): 2
809.04: (1.00, 0.08, -0.05)
809.16: (1.00, 0.08, -0.05)
809.26: (1.00, 0.08, -0.06)
809.38: (1.00, 0.07, -0.06)
809.48: (0.99, 0.07, -0.09)
809.59: (0.96, 0.10, -0.25)
809.71: (0.81, -0.01, -0.59)
809.83: (0.61, -0.02, -0.79)
809.94: (0.24, -0.13, -0.96)
810.06: (-0.09, -0.28, -0.96)
810.18: (-0.19, -0.19, -0.96)
810.29: (-0.09, -0.06, -0.99)
810.41: (-0.06, -0.15, -0.99)
810.46: (-0.06, -0.15, -0.99)
810.46: (-0.59, 0.76, -0.29): 0
810.51: (-0.06, -0.15, -0.99)
810.63: (-0.09, -0.16, -0.98)
810.74: (-0.22, -0.31, -0.92)
810.86: (-0.31, -0.25, -0.92)
810.96: (-0.28, -0.24, -0.93)
811.08: (-0.28, -0.24, -0.93)
811.19: (-0.24, -0.24, -0.94)
811.31: (-0.39, -0.22, -0.90)
811.43: (-0.73, 0.02, -0.69)
811.54: (-0.82, 0.29, -0.49)
811.66: (-0.90, 0.32, -0.28)
811.76: (-0.85, 0.46, -0.26)
811.88: (-0.57, 0.77, -0.29)
811.99: (-0.57, 0.77, -0.29)
812.11: (-0.63, 0.73, -0.25)
812.23: (-0.63, 0.73, -0.26)
812.26: (-0.62, 0.74, -0.26)
812.26: (0.56, -0.76, -0.34): 2
812.34: (-0.62, 0.74, -0.26)
812.46: (-0.62, 0.74, -0.26)
812.58: (-0.68, 0.70, -0.21)
812.68: (-0.89, 0.46, -0.06)
812.79: (-0.93, 0.35, 0.15)
812.91: (-0.87, 0.20, 0.46)
813.03: (-0.71, 0.07, 0.70)
813.14: (-0.52, -0.05, 0.85)
813.24: (-0.36, -0.18, 0.92)
813.36: (-0.14, -0.37, 0.92)
813.48: (0.25, -0.61, 0.75)
813.59: (0.50, -0.68, 0.54)
813.71: (0.70, -0.63, 0.32)
813.83: (0.82, -0.55, 0.18)
813.93: (0.84, -0.55, 0.01)
814.04: (0.70, -0.67, -0.26)
814.14: (0.56, -0.75, -0.34)
814.23: (0.51, -0.79, -0.33)
814.23: (0.85, -0.38, -0.37): 1
814.26: (0.51, -0.79, -0.33)
814.38: (0.51, -0.79, -0.33)
814.49: (0.45, -0.88, -0.16)
814.59: (0.42, -0.90, -0.10)
814.71: (0.42, -0.90, -0.10)
814.83: (0.42, -0.90, -0.10)
814.94: (0.42, -0.90, -0.10)
815.06: (0.42, -0.90, -0.09)
815.17: (0.46, -0.87, -0.18)
815.29: (0.65, -0.68, -0.34)
815.41: (0.79, -0.44, -0.44)
815.51: (0.86, -0.23, -0.46)
815.63: (0.89, -0.23, -0.40)
815.74: (0.91, -0.26, -0.32)
815.86: (0.91, -0.25, -0.32)
815.86: (-0.47, 0.60, 0.65): 2
815.86: (0.91, -0.25, -0.32)
815.96: (0.91, -0.25, -0.32)
816.06: (0.91, -0.25, -0.32)
816.18: (0.91, -0.25, -0.33)
816.29: (0.91, -0.22, -0.36)
816.41: (0.91, 0.01, -0.41)
816.52: (0.83, 0.40, -0.40)
816.64: (0.64, 0.72, -0.27)
816.76: (0.47, 0.86, -0.21)
816.87: (0.34, 0.93, -0.10)
816.99: (0.27, 0.96, -0.02)
817.11: (0.11, 0.99, 0.06)
817.22: (0.00, 0.93, 0.37)
817.34: (-0.17, 0.75, 0.64)
817.44: (-0.31, 0.54, 0.79)
817.56: (-0.42, 0.37, 0.83)
817.67: (-0.54, 0.45, 0.71)
817.79: (-0.54, 0.58, 0.61)
817.91: (-0.53, 0.59, 0.61)
817.91: (-0.68, 0.33, -0.65): 1
817.91: (-0.53, 0.59, 0.61)
818.02: (-0.52, 0.60, 0.61)
818.12: (-0.55, 0.57, 0.61)
818.24: (-0.61, 0.53, 0.58)
818.36: (-0.80, 0.39, 0.47)
818.47: (-0.96, 0.14, 0.24)
818.59: (-1.00, -0.10, 0.01)
818.69: (-0.96, -0.19, -0.20)
818.81: (-0.83, -0.04, -0.55)
818.92: (-0.42, 0.27, -0.87)
819.04: (-0.27, 0.55, -0.79)
819.14: (-0.46, 0.53, -0.71)
819.26: (-0.57, 0.42, -0.71)
819.37: (-0.63, 0.34, -0.70)
819.49: (-0.71, 0.28, -0.65)
819.56: (-0.72, 0.27, -0.63)
819.56: (0.87, 0.25, 0.42): 0
819.61: (-0.74, 0.28, -0.61)
819.72: (-0.75, 0.28, -0.60)
819.84: (-0.67, 0.34, -0.66)
819.94: (-0.42, 0.46, -0.78)
820.06: (-0.13, 0.54, -0.83)
820.17: (0.22, 0.58, -0.79)
820.29: (0.47, 0.52, -0.71)
820.41: (0.64, 0.42, -0.64)
820.52: (0.77, 0.27, -0.58)
820.64: (0.70, 0.34, -0.63)
820.76: (0.69, 0.35, -0.63)
820.87: (0.69, 0.35, -0.63)
820.97: (0.69, 0.35, -0.63)
821.07: (0.71, 0.34, -0.62)
821.19: (0.66, 0.55, -0.51)
821.31: (0.28, 0.95, -0.17)
821.42: (-0.41, 0.89, 0.21)
821.54: (-0.74, 0.46, 0.49)
821.64: (-0.79, 0.19, 0.59)
821.76: (-0.82, -0.12, 0.56)
821.87: (-0.64, -0.61, 0.47)
821.99: (-0.12, -0.96, 0.24)
822.09: (0.39, -0.92, -0.01)
822.21: (0.76, -0.65, -0.09)
822.31: (0.87, -0.46, 0.17)
822.42: (0.59, -0.49, 0.64)
822.54: (-0.02, -0.61, 0.80)
822.66: (0.00, -0.60, 0.80)
822.77: (0.57, -0.31, 0.76)
822.89: (0.82, 0.04, 0.58)
823.01: (0.88, 0.21, 0.43)
823.11: (0.88, 0.19, 0.45)
823.16: (0.87, 0.18, 0.45)
823.16: (0.89, 0.29, -0.35): 0
823.22: (0.87, 0.18, 0.45)
823.32: (0.87, 0.18, 0.47)
823.44: (0.72, 0.08, 0.69)
823.56: (0.19, -0.16, 0.97)
823.67: (-0.40, -0.40, 0.82)
823.79: (-0.71, -0.54, 0.45)
823.91: (-0.84, -0.53, 0.14)
824.02: (-0.88, -0.46, -0.11)
824.14: (-0.87, -0.39, -0.30)
824.26: (-0.81, -0.30, -0.50)
824.37: (-0.66, -0.11, -0.74)
824.49: (-0.43, 0.06, -0.90)
824.61: (-0.09, 0.24, -0.97)
824.72: (0.22, 0.40, -0.89)
824.84: (0.49, 0.52, -0.70)
824.96: (0.68, 0.62, -0.40)
825.07: (0.71, 0.67, -0.21)
825.17: (0.78, 0.55, -0.29)
825.29: (0.89, 0.16, -0.43)
825.41: (0.89, 0.25, -0.39)
825.51: (0.90, 0.30, -0.33)
825.62: (0.89, 0.30, -0.36)
825.64: (0.89, 0.29, -0.36)
825.64: (-0.71, -0.39, 0.59): 2
825.72: (0.89, 0.29, -0.35)
825.82: (0.90, 0.30, -0.33)
825.94: (0.88, 0.40, -0.27)
826.06: (0.79, 0.60, -0.09)
826.17: (0.71, 0.66, 0.25)
826.29: (0.53, 0.57, 0.63)
826.41: (0.24, 0.41, 0.88)
826.51: (-0.01, 0.29, 0.96)
826.62: (-0.33, 0.22, 0.92)
826.74: (-0.53, 0.32, 0.79)
826.86: (-0.43, 0.67, 0.61)
826.97: (-0.07, 0.95, 0.31)
827.09: (0.27, 0.96, -0.07)
827.21: (0.38, 0.91, -0.14)
827.31: (0.38, 0.91, -0.14)
827.42: (0.40, 0.91, -0.13)
827.54: (0.77, 0.63, -0.08)
827.66: (0.86, 0.34, -0.37)
827.76: (0.79, -0.04, -0.61)
827.86: (0.58, -0.38, -0.72)
827.97: (0.19, -0.64, -0.74)
828.07: (-0.17, -0.69, -0.70)
828.19: (-0.53, -0.60, -0.60)
828.31: (-0.76, -0.47, -0.45)
828.42: (-0.94, -0.18, -0.28)
828.52: (-0.98, 0.12, -0.16)
828.64: (-0.95, 0.29, -0.13)
828.76: (-0.78, 0.56, -0.28)
828.86: (-0.50, 0.79, -0.37)
828.97: (-0.17, 0.84, -0.52)
829.09: (0.08, 0.69, -0.72)
829.21: (0.30, 0.38, -0.87)
829.31: (0.43, 0.10, -0.90)
829.42: (0.57, -0.24, -0.78)
829.54: (0.65, -0.55, -0.53)
829.66: (0.57, -0.79, -0.22)
829.77: (0.42, -0.91, 0.06)
829.89: (0.27, -0.93, 0.27)
829.99: (0.13, -0.88, 0.46)
830.11: (-0.03, -0.68, 0.74)
830.22: (-0.21, -0.39, 0.90)
830.34: (-0.27, -0.11, 0.96)
830.46: (-0.35, 0.19, 0.92)
830.57: (-0.64, -0.11, 0.76)
830.67: (-0.67, -0.35, 0.66)
830.79: (-0.64, -0.40, 0.66)
830.86: (-0.64, -0.40, 0.66)
830.86: (0.54, 0.81, -0.23): 2
830.91: (-0.64, -0.40, 0.66)
831.02: (-0.65, -0.37, 0.67)
831.12: (-0.66, -0.27, 0.70)
831.24: (-0.67, 0.04, 0.75)
831.36: (-0.68, 0.46, 0.56)
831.47: (-0.58, 0.79, 0.22)
831.57: (-0.39, 0.92, -0.03)
831.69: (-0.21, 0.95, -0.22)
831.80: (0.06, 0.95, -0.31)
831.91: (0.11, 0.94, -0.31)
832.02: (0.11, 0.94, -0.31)
832.14: (0.11, 0.94, -0.31)
832.25: (0.31, 0.90, -0.30)
832.37: (0.55, 0.77, -0.32)
832.49: (0.53, 0.79, -0.32)
832.55: (0.52, 0.80, -0.32)
END