4/1/2023 3:05:14 PM
Mode: Default
White time (s): [2.88266, 1.682785, 1.966354, 1.866226, 0.6831665, 1.416382, 1.666245, 1.983276, 2.816071, 2.082642, 3.732925, 6.231903, 1.016571, 3.482178, 1.466156, 0.7831268, 4.782745, 2.532761, 1.149811, 1.099838, 1.799713, 3.73233, 2.016586, 2.115952, 2.483002, 1.949493, 0.6165771, 1.316467, 2.932434, 1.533203]
Shot time (s): [5.081978, 2.149605, 1.149483, 1.516518, 1.766251, 1.76635, 2.549667, 1.732697, 1.183044, 3.582947, 5.748718, 0.76651, 1.232895, 2.19957, 1.183319, 1.182861, 2.699142, 1.666397, 2.264404, 0.732605, 1.816147, 1.566345, 2.399384, 1.299805, 0.7666321, 0.6999207, 1.499817, 3.149292, 5.28241, 1.283142]
Step time (s): [4.182846, 2.832687, 2.432915, 2.133179, 1.133057, 1.033447, 3.032425, 1.083176, 4.315948, 0.9166718, 0.9499054, 0.4331665, 0.9668579, 3.166122, 4.354736, 0.5661011, 5.029816, 1.016632, 4.065491, 2.449844, 1.849518, 0.8165283, 1.782913, 4.365814, 0.6165466, 0.5996704, 3.399261, 0.8499146, 0.7333984, 0.4829712]
White horz (deg): [232.35, 159.8, 259.85, 163.95, 35.90001, 119.5, 156.8, 257, 260.15, 265.15, 423.7499, 545.4498, 51.45, 421.9498, 144.1, 84.85003, 680.7001, 212.4501, 154.1, 54.14999, 143.1, 344.85, 246.3, 201.8501, 348.95, 230.1, 23.2, 79.85, 339.8, 196.05]
Shot horz (deg): [414.4499, 225.2001, 70.10001, 108.35, 114.2, 92.00003, 200.95, 164.55, 132.45, 386.1999, 701.4997, 32.3, 115.95, 243.95, 92.35, 110.1, 344.6, 149.85, 224.8999, 10.55, 236.55, 191.95, 237.3, 106.85, 78.8, 31.25, 169.5, 304.95, 586.0999, 132.65]
Step horz (deg): [244.5001, 147.45, 276.85, 131.2, 64.24998, 114.3, 412.8, 58.95, 614.8997, 54.60001, 67.75001, 6.4, 99.95, 446.6499, 560.25, 18.4, 785.3495, 56.7, 552.8998, 120.25, 63.2, 35.95, 115.55, 600.9501, 41.8, 42.55, 376.1, 55.25, 50.1, 28]
White vert (deg): [112.2, 135.75, 131.55, 109.15, 25.5, 66.49998, 72.60001, 169.9, 183.1, 171.5, 284.8, 309.05, 34.25, 301.25, 88.14999, 48.90001, 512.2, 140.5, 56.05, 59.15, 109, 285.35, 197.95, 148.4, 198.85, 228.05, 15.75, 70.79999, 267.95, 73.95]
Shot vert (deg): [207.5999, 116.75, 38.75, 122.5, 82.44999, 42, 92.59999, 89.89999, 73.85001, 226.45, 441.6, 18.25, 81.75001, 131.7, 75.40001, 81.3, 187.4001, 119.9, 161.1, 36.65001, 109.05, 92.05003, 163, 58.5, 48.1, 20.55, 123.65, 205.55, 347.8, 113.8]
Step vert (deg): [198.4, 85.29999, 123.1, 178.35, 37.99999, 50.55, 248.6, 55.5, 312.5, 35.15, 20.55, 5.05, 27.75, 322.35, 305.45, 17.35, 399.4499, 36.15, 288.9499, 163.35, 134.15, 29.6, 58, 359.8999, 39.15, 39.35, 290.5, 37.4, 57.85, 13.75]

Time in sec: camera forward versor
Time in sec: target versor: sound type (0 = White, 1 = Shot, 2 = Step)
START
99.82: (-0.97, -0.24, -0.01): 1
99.82: (-0.01, 0.12, 0.99)
99.93: (-0.01, 0.12, 0.99)
100.05: (-0.01, 0.12, 0.99)
100.15: (-0.01, 0.12, 0.99)
100.25: (-0.01, 0.12, 0.99)
100.37: (-0.01, 0.12, 0.99)
100.47: (-0.01, 0.12, 0.99)
100.58: (-0.01, 0.12, 0.99)
100.70: (-0.01, 0.12, 0.99)
100.82: (-0.01, 0.13, 0.99)
100.93: (-0.09, 0.01, 1.00)
101.05: (-0.20, -0.54, 0.82)
101.17: (-0.21, -0.79, 0.58)
101.27: (-0.23, -0.76, 0.61)
101.37: (-0.23, -0.76, 0.61)
101.48: (-0.19, -0.74, 0.65)
101.60: (-0.14, -0.98, 0.13)
101.72: (-0.12, -0.91, -0.40)
101.83: (-0.13, -0.91, -0.39)
101.93: (-0.13, -0.91, -0.38)
102.05: (-0.11, -0.97, -0.19)
102.17: (0.22, -0.86, -0.45)
102.28: (0.42, -0.67, -0.62)
102.40: (0.47, -0.59, -0.65)
102.52: (0.58, -0.35, -0.74)
102.63: (0.57, -0.27, -0.78)
102.73: (0.57, -0.27, -0.78)
102.85: (0.58, -0.28, -0.76)
102.97: (0.73, 0.11, -0.68)
103.08: (0.68, 0.49, -0.54)
103.20: (0.65, 0.57, -0.50)
103.32: (0.64, 0.58, -0.51)
103.43: (0.08, 0.75, -0.65)
103.55: (-0.46, 0.72, -0.52)
103.67: (-0.60, 0.64, -0.49)
103.77: (-0.60, 0.64, -0.49)
103.88: (-0.59, 0.65, -0.47)
104.00: (-0.92, 0.36, -0.15)
104.12: (-0.93, -0.20, 0.30)
104.23: (-0.91, -0.16, 0.38)
104.35: (-0.93, -0.16, 0.32)
104.45: (-0.97, -0.22, 0.09)
104.57: (-0.97, -0.20, 0.09)
104.68: (-0.97, -0.21, 0.07)
104.80: (-0.96, -0.26, -0.10)
104.90: (-0.95, -0.27, -0.15)
104.90: (0.67, 0.73, 0.12): 1
104.92: (-0.95, -0.27, -0.15)
105.02: (-0.95, -0.27, -0.16)
105.13: (-0.96, -0.26, -0.13)
105.25: (-0.96, -0.26, -0.12)
105.37: (-0.98, -0.21, 0.00)
105.48: (-0.97, -0.11, -0.21)
105.60: (-0.86, 0.23, -0.45)
105.72: (-0.23, 0.54, -0.81)
105.83: (0.01, 0.52, -0.86)
105.95: (-0.02, 0.52, -0.85)
106.07: (0.21, 0.56, -0.80)
106.18: (0.87, 0.37, -0.31)
106.28: (0.97, 0.21, -0.11)
106.40: (0.95, 0.25, -0.16)
106.50: (0.90, 0.39, -0.21)
106.62: (0.66, 0.72, -0.20)
106.73: (0.53, 0.84, -0.13)
106.85: (0.70, 0.71, 0.08)
106.97: (0.68, 0.73, 0.10)
107.05: (0.62, 0.78, 0.09)
107.05: (-0.81, 0.09, 0.58): 2
107.08: (0.62, 0.78, 0.09)
107.20: (0.63, 0.77, 0.09)
107.32: (0.69, 0.72, 0.03)
107.42: (0.75, 0.66, 0.02)
107.53: (0.75, 0.66, 0.01)
107.65: (0.73, 0.68, -0.02)
107.75: (0.71, 0.70, -0.01)
107.87: (0.70, 0.72, -0.01)
107.97: (0.70, 0.72, -0.01)
108.08: (0.73, 0.68, 0.05)
108.20: (0.85, 0.35, 0.40)
108.32: (0.84, 0.28, 0.47)
108.42: (0.84, 0.30, 0.46)
108.53: (0.84, 0.31, 0.45)
108.65: (0.83, 0.33, 0.45)
108.75: (0.83, 0.34, 0.45)
108.87: (0.83, 0.35, 0.44)
108.97: (0.82, 0.35, 0.44)
109.08: (0.82, 0.35, 0.44)
109.20: (0.88, 0.25, 0.41)
109.30: (0.91, -0.36, 0.21)
109.41: (0.53, -0.84, 0.10)
109.53: (0.56, -0.82, 0.10)
109.65: (0.56, -0.82, 0.10)
109.76: (-0.13, -0.98, -0.13)
109.88: (-0.22, -0.97, -0.06)
110.00: (-0.12, -0.99, -0.09)
110.11: (-0.48, -0.86, 0.16)
110.23: (-0.75, -0.52, 0.40)
110.35: (-0.74, -0.55, 0.39)
110.47: (-0.74, -0.51, 0.45)
110.58: (-0.84, -0.03, 0.54)
110.70: (-0.84, 0.01, 0.54)
110.81: (-0.83, -0.07, 0.55)
110.93: (-0.84, 0.07, 0.54)
111.03: (-0.84, 0.09, 0.54)
111.13: (-0.84, 0.09, 0.54)
111.23: (-0.84, 0.09, 0.54)
111.23: (0.34, 0.41, 0.84): 2
111.25: (-0.84, 0.09, 0.54)
111.36: (-0.84, 0.09, 0.54)
111.46: (-0.84, 0.09, 0.54)
111.58: (-0.84, 0.09, 0.54)
111.68: (-0.84, 0.08, 0.53)
111.80: (-0.84, 0.05, 0.54)
111.91: (-0.79, 0.23, 0.58)
112.03: (-0.56, 0.67, 0.48)
112.13: (-0.56, 0.67, 0.49)
112.25: (-0.56, 0.67, 0.49)
112.36: (-0.21, 0.88, 0.44)
112.48: (-0.04, 0.94, 0.34)
112.58: (-0.05, 0.94, 0.34)
112.70: (0.05, 0.94, 0.35)
112.81: (0.36, 0.91, 0.22)
112.93: (0.34, 0.92, 0.21)
113.03: (0.33, 0.92, 0.22)
113.13: (0.41, 0.86, 0.29)
113.25: (0.50, 0.71, 0.49)
113.36: (0.51, 0.70, 0.49)
113.48: (0.50, 0.70, 0.51)
113.60: (0.26, 0.46, 0.85)
113.71: (0.24, 0.26, 0.93)
113.81: (0.32, 0.29, 0.90)
113.93: (0.35, 0.36, 0.87)
114.05: (0.31, 0.39, 0.87)
114.06: (0.31, 0.39, 0.87)
114.06: (-0.47, 0.27, 0.84): 1
114.16: (0.31, 0.39, 0.87)
114.26: (0.31, 0.39, 0.87)
114.38: (0.35, 0.48, 0.80)
114.50: (0.30, 0.53, 0.79)
114.61: (-0.15, 0.28, 0.95)
114.71: (-0.18, 0.24, 0.95)
114.83: (-0.22, 0.30, 0.93)
114.95: (-0.48, 0.21, 0.85)
115.06: (-0.46, 0.20, 0.87)
115.16: (-0.39, 0.22, 0.89)
115.21: (-0.41, 0.23, 0.88)
115.21: (0.95, 0.18, 0.25): 1
115.26: (-0.41, 0.23, 0.88)
115.38: (-0.43, 0.23, 0.87)
115.50: (-0.44, 0.28, 0.85)
115.61: (-0.36, 0.43, 0.83)
115.71: (-0.28, 0.56, 0.78)
115.81: (0.23, 0.75, 0.62)
115.93: (0.53, 0.79, 0.32)
116.03: (0.72, 0.69, -0.10)
116.15: (0.78, 0.58, -0.23)
116.26: (0.80, 0.59, -0.13)
116.38: (0.89, 0.39, 0.25)
116.50: (0.93, 0.32, 0.18)
116.61: (0.95, 0.29, 0.09)
116.73: (0.95, 0.23, 0.20)
116.73: (0.83, -0.04, -0.56): 1
116.73: (0.95, 0.23, 0.20)
116.83: (0.95, 0.22, 0.20)
116.93: (0.95, 0.25, 0.20)
117.05: (0.81, 0.51, 0.28)
117.16: (0.67, 0.61, 0.42)
117.28: (0.67, 0.62, 0.41)
117.40: (0.73, 0.57, 0.38)
117.51: (0.74, 0.54, 0.40)
117.61: (0.61, 0.48, 0.63)
117.73: (0.83, 0.34, 0.44)
117.85: (1.00, 0.01, -0.08)
117.96: (1.00, 0.00, -0.09)
118.06: (1.00, 0.00, -0.09)
118.18: (0.97, -0.01, -0.25)
118.30: (0.87, -0.04, -0.49)
118.41: (0.87, -0.06, -0.48)
118.50: (0.88, -0.06, -0.48)
118.50: (-0.47, -0.84, 0.27): 0
118.53: (0.87, -0.06, -0.49)
118.65: (0.86, -0.07, -0.50)
118.75: (0.87, -0.06, -0.49)
118.86: (0.96, 0.20, -0.19)
118.98: (0.90, 0.00, -0.43)
119.10: (0.57, -0.39, -0.72)
119.21: (0.65, -0.37, -0.67)
119.31: (0.74, -0.31, -0.60)
119.43: (0.30, -0.77, -0.56)
119.55: (0.13, -0.84, -0.53)
119.66: (0.13, -0.84, -0.53)
119.78: (0.21, -0.82, -0.54)
119.90: (-0.36, -0.84, -0.39)
120.00: (-0.58, -0.74, -0.33)
120.11: (-0.58, -0.75, -0.31)
120.23: (-0.36, -0.92, -0.15)
120.35: (-0.38, -0.93, 0.01)
120.46: (-0.59, -0.80, 0.11)
120.56: (-0.62, -0.76, 0.17)
120.68: (-0.55, -0.82, 0.13)
120.80: (-0.55, -0.83, 0.12)
120.91: (-0.53, -0.84, 0.11)
121.03: (-0.47, -0.85, 0.25)
121.15: (-0.45, -0.84, 0.30)
121.26: (-0.45, -0.84, 0.30)
121.38: (-0.45, -0.84, 0.30)
121.38: (-0.93, 0.27, 0.23): 1
121.38: (-0.45, -0.84, 0.30)
121.48: (-0.46, -0.84, 0.30)
121.58: (-0.49, -0.82, 0.30)
121.70: (-0.53, -0.80, 0.29)
121.81: (-0.54, -0.80, 0.28)
121.93: (-0.53, -0.81, 0.25)
122.05: (-0.48, -0.84, 0.23)
122.15: (-0.51, -0.82, 0.26)
122.25: (-0.79, -0.41, 0.44)
122.36: (-0.86, -0.04, 0.51)
122.48: (-0.86, -0.04, 0.51)
122.60: (-0.85, -0.06, 0.52)
122.70: (-0.87, 0.13, 0.47)
122.81: (-0.89, 0.31, 0.32)
122.93: (-0.89, 0.32, 0.32)
123.05: (-0.91, 0.28, 0.31)
123.15: (-0.91, 0.32, 0.27)
123.15: (1.00, 0.02, 0.03): 1
123.15: (-0.91, 0.32, 0.27)
123.25: (-0.91, 0.32, 0.27)
123.36: (-0.91, 0.32, 0.27)
123.48: (-0.91, 0.32, 0.27)
123.60: (-0.91, 0.32, 0.27)
123.71: (-0.91, 0.32, 0.27)
123.83: (-0.89, 0.37, 0.26)
123.95: (-0.46, 0.87, 0.18)
124.05: (-0.44, 0.87, 0.21)
124.16: (-0.45, 0.86, 0.22)
124.28: (-0.31, 0.93, 0.21)
124.40: (0.39, 0.90, -0.21)
124.51: (0.42, 0.90, -0.05)
124.63: (0.35, 0.90, 0.26)
124.75: (0.41, 0.86, 0.32)
124.86: (0.58, 0.72, 0.39)
124.96: (0.78, 0.48, 0.39)
125.06: (0.85, 0.35, 0.38)
125.18: (0.83, 0.39, 0.40)
125.28: (0.82, 0.41, 0.40)
125.40: (0.98, 0.15, 0.11)
125.51: (1.00, -0.01, -0.05)
125.61: (1.00, -0.01, -0.02)
125.70: (1.00, 0.00, 0.01)
125.70: (-0.78, -0.19, 0.60): 2
125.71: (1.00, 0.00, 0.01)
125.83: (1.00, 0.00, 0.01)
125.93: (1.00, 0.00, 0.01)
126.03: (1.00, -0.01, 0.00)
126.15: (0.94, 0.28, 0.18)
126.25: (0.99, 0.15, 0.04)
126.36: (0.97, -0.16, -0.17)
126.48: (0.78, 0.48, 0.40)
126.59: (0.46, 0.73, 0.50)
126.71: (0.49, 0.72, 0.49)
126.81: (0.45, 0.71, 0.53)
126.93: (-0.35, 0.68, 0.65)
127.03: (-0.48, 0.66, 0.58)
127.15: (-0.44, 0.67, 0.60)
127.26: (-0.59, 0.58, 0.56)
127.38: (-0.95, 0.20, 0.22)
127.49: (-0.96, 0.19, 0.21)
127.59: (-0.96, 0.19, 0.21)
127.71: (-0.97, -0.02, 0.25)
127.83: (-0.87, -0.11, 0.48)
127.93: (-0.85, -0.11, 0.52)
128.04: (-0.84, -0.16, 0.51)
128.13: (-0.83, -0.21, 0.52)
128.13: (1.00, 0.04, 0.03): 2
128.16: (-0.83, -0.21, 0.52)
128.28: (-0.83, -0.20, 0.52)
128.39: (-0.89, 0.13, 0.44)
128.49: (-0.84, 0.37, 0.39)
128.61: (-0.85, 0.37, 0.38)
128.71: (-0.85, 0.44, 0.29)
128.83: (-0.60, 0.80, -0.03)
128.94: (-0.31, 0.95, 0.03)
129.06: (-0.36, 0.93, 0.03)
129.18: (-0.28, 0.96, 0.11)
129.29: (0.49, 0.85, 0.19)
129.41: (0.66, 0.73, 0.19)
129.51: (0.67, 0.72, 0.19)
129.61: (0.65, 0.74, 0.19)
129.73: (0.93, 0.33, 0.17)
129.83: (1.00, -0.01, 0.07)
129.94: (1.00, -0.03, 0.05)
130.06: (0.99, 0.07, 0.08)
130.16: (0.99, 0.07, 0.08)
130.26: (0.99, 0.07, 0.08)
130.26: (-0.67, -0.67, 0.31): 1
130.28: (0.99, 0.07, 0.08)
130.39: (0.99, 0.07, 0.08)
130.51: (0.99, 0.07, 0.07)
130.61: (0.99, 0.15, 0.02)
130.73: (0.99, -0.16, 0.04)
130.84: (0.65, -0.74, 0.19)
130.96: (0.65, -0.74, 0.19)
131.08: (0.69, -0.70, 0.20)
131.19: (-0.09, -0.99, 0.11)
131.29: (-0.44, -0.89, 0.11)
131.41: (-0.37, -0.92, 0.12)
131.51: (-0.38, -0.92, 0.13)
131.63: (-0.74, -0.64, 0.19)
131.73: (-0.76, -0.61, 0.23)
131.84: (-0.71, -0.65, 0.26)
131.96: (-0.70, -0.67, 0.26)
131.99: (-0.70, -0.67, 0.26)
131.99: (1.00, 0.00, 0.00): 0
132.06: (-0.70, -0.67, 0.26)
132.18: (-0.75, -0.63, 0.23)
132.29: (-0.86, -0.49, 0.15)
132.41: (-0.90, -0.43, 0.13)
132.53: (-0.47, -0.83, 0.29)
132.64: (-0.21, -0.93, 0.30)
132.74: (-0.21, -0.93, 0.31)
132.86: (0.19, -0.93, 0.33)
132.98: (0.87, -0.49, 0.04)
133.09: (0.87, -0.49, 0.01)
133.21: (0.86, -0.51, 0.07)
133.33: (1.00, -0.06, -0.01)
133.44: (0.99, 0.13, 0.00)
133.54: (1.00, 0.01, 0.02)
133.66: (1.00, -0.06, 0.03)
133.68: (1.00, -0.06, 0.03)
133.68: (0.47, 0.88, 0.08): 0
133.78: (1.00, -0.06, 0.03)
133.89: (0.98, -0.20, 0.06)
134.01: (0.59, -0.69, 0.42)
134.11: (0.12, -0.86, 0.50)
134.23: (0.01, -0.87, 0.50)
134.33: (0.01, -0.87, 0.50)
134.43: (0.28, -0.85, 0.46)
134.54: (0.93, -0.34, -0.17)
134.66: (0.92, -0.36, -0.15)
134.78: (0.92, -0.37, -0.13)
134.89: (0.98, -0.02, -0.20)
135.01: (0.55, 0.71, -0.45)
135.11: (0.52, 0.70, -0.49)
135.23: (0.53, 0.71, -0.46)
135.33: (0.45, 0.85, -0.28)
135.44: (0.40, 0.91, -0.10)
135.56: (0.46, 0.89, -0.03)
135.64: (0.49, 0.87, -0.01)
135.64: (-0.03, 0.69, -0.72): 2
135.68: (0.49, 0.87, -0.01)
135.79: (0.50, 0.87, -0.02)
135.91: (0.57, 0.81, -0.14)
136.01: (0.58, 0.80, -0.17)
136.13: (0.48, 0.85, -0.24)
136.24: (-0.03, 0.80, -0.60)
136.34: (-0.04, 0.82, -0.58)
136.46: (0.11, 0.80, -0.59)
136.58: (0.11, 0.73, -0.67)
136.69: (0.06, 0.71, -0.70)
136.78: (0.03, 0.72, -0.69)
136.78: (0.97, 0.22, -0.14): 2
136.81: (0.03, 0.72, -0.70)
136.91: (0.03, 0.72, -0.70)
137.03: (0.03, 0.72, -0.70)
137.14: (0.36, 0.68, -0.64)
137.26: (0.86, 0.38, -0.33)
137.38: (1.00, -0.02, -0.10)
137.49: (0.96, -0.27, 0.05)
137.61: (1.00, 0.02, -0.06)
137.71: (0.99, 0.11, -0.09)
137.81: (0.99, 0.12, -0.09)
137.81: (0.47, -0.27, 0.84): 1
137.81: (0.99, 0.12, -0.09)
137.93: (0.99, 0.12, -0.09)
138.04: (0.99, 0.10, -0.09)
138.16: (0.99, 0.11, -0.10)
138.26: (0.98, 0.17, -0.14)
138.36: (0.99, -0.08, 0.13)
138.48: (0.36, -0.68, 0.64)
138.59: (0.13, -0.70, 0.70)
138.69: (0.49, -0.40, 0.78)
138.81: (0.60, -0.21, 0.77)
138.93: (0.45, -0.30, 0.84)
138.99: (0.42, -0.32, 0.85)
138.99: (0.14, 0.46, 0.87): 2
139.04: (0.42, -0.32, 0.85)
139.16: (0.42, -0.33, 0.84)
139.28: (0.60, -0.43, 0.67)
139.39: (0.97, -0.18, 0.19)
139.51: (0.95, 0.23, -0.21)
139.63: (0.87, 0.36, -0.34)
139.74: (0.88, 0.35, -0.33)
139.86: (0.80, 0.49, -0.33)
139.98: (0.47, 0.82, -0.32)
140.08: (0.57, 0.79, -0.23)
140.19: (0.73, 0.68, -0.05)
140.31: (0.86, 0.27, 0.43)
140.43: (0.81, -0.05, 0.58)
140.54: (0.81, -0.05, 0.58)
140.66: (0.83, -0.01, 0.56)
140.78: (0.44, -0.73, 0.53)
140.88: (0.20, -0.93, 0.31)
140.98: (0.24, -0.92, 0.32)
141.09: (0.17, -0.93, 0.31)
141.21: (0.60, -0.48, 0.64)
141.33: (0.75, 0.23, 0.62)
141.43: (0.66, 0.55, 0.52)
141.54: (0.45, 0.85, 0.28)
141.66: (0.35, 0.87, 0.34)
141.78: (0.24, 0.48, 0.85)
141.89: (0.22, 0.48, 0.85)
142.01: (0.17, 0.53, 0.83)
142.03: (0.17, 0.53, 0.83)
142.03: (0.78, 0.63, -0.04): 1
142.11: (0.17, 0.53, 0.83)
142.23: (0.22, 0.51, 0.83)
142.34: (0.33, 0.44, 0.84)
142.46: (0.33, 0.44, 0.84)
142.56: (0.33, 0.44, 0.84)
142.68: (0.33, 0.44, 0.84)
142.79: (0.15, 0.94, 0.32)
142.91: (0.06, 0.97, -0.22)
143.03: (0.06, 0.97, -0.22)
143.14: (-0.06, 0.97, -0.24)
143.26: (-0.32, 0.49, -0.81)
143.36: (-0.29, 0.46, -0.84)
143.48: (-0.30, 0.47, -0.83)
143.59: (-0.38, 0.13, -0.92)
143.71: (-0.39, -0.36, -0.84)
143.82: (-0.40, -0.37, -0.84)
143.92: (-0.58, -0.06, -0.82)
144.04: (-0.68, 0.09, -0.73)
144.16: (-0.74, -0.04, -0.67)
144.27: (-0.83, 0.24, -0.50)
144.39: (-0.69, 0.66, -0.29)
144.49: (-0.23, 0.97, 0.02)
144.61: (0.16, 0.98, 0.09)
144.71: (0.81, 0.56, 0.20)
144.82: (0.89, 0.36, 0.28)
144.92: (0.89, 0.36, 0.28)
145.02: (0.89, 0.36, 0.28)
145.14: (0.82, 0.54, 0.19)
145.26: (0.79, 0.59, 0.17)
145.37: (0.84, 0.53, 0.13)
145.49: (0.75, 0.66, 0.00)
145.59: (0.76, 0.65, 0.00)
145.61: (0.76, 0.65, 0.00)
145.61: (0.31, -0.90, -0.31): 0
145.71: (0.76, 0.65, 0.00)
145.82: (0.77, 0.64, -0.01)
145.94: (0.84, 0.54, -0.05)
146.06: (0.96, 0.20, 0.20)
146.16: (0.87, -0.24, 0.42)
146.27: (0.58, -0.72, 0.38)
146.39: (0.50, -0.77, 0.39)
146.51: (0.55, -0.73, 0.40)
146.62: (0.43, -0.81, 0.41)
146.72: (0.01, -0.96, 0.27)
146.84: (-0.09, -0.97, 0.23)
146.96: (-0.17, -0.97, 0.14)
147.07: (0.05, -0.99, -0.10)
147.19: (0.26, -0.96, -0.11)
147.31: (0.26, -0.95, -0.18)
147.41: (0.30, -0.90, -0.31)
147.47: (0.34, -0.88, -0.32)
147.47: (0.39, -0.80, 0.46): 2
147.52: (0.34, -0.88, -0.32)
147.64: (0.34, -0.88, -0.32)
147.74: (0.33, -0.90, -0.28)
147.84: (0.22, -0.97, -0.11)
147.96: (-0.05, -0.99, -0.10)
148.07: (-0.03, -1.00, -0.07)
148.19: (0.32, -0.93, 0.18)
148.31: (0.46, -0.81, 0.38)
148.41: (0.42, -0.78, 0.47)
148.52: (0.37, -0.81, 0.45)
148.56: (0.37, -0.81, 0.45)
148.56: (0.57, -0.82, -0.01): 0
148.64: (0.37, -0.81, 0.45)
148.74: (0.39, -0.83, 0.40)
148.84: (0.50, -0.82, 0.27)
148.96: (0.71, -0.70, 0.11)
149.07: (0.63, -0.77, 0.11)
149.19: (0.55, -0.83, 0.01)
149.24: (0.55, -0.84, -0.01)
149.24: (-0.95, 0.22, -0.24): 0
149.31: (0.54, -0.84, -0.03)
149.41: (0.54, -0.84, -0.03)
149.52: (0.37, -0.93, -0.05)
149.64: (0.02, -1.00, -0.06)
149.74: (-0.54, -0.84, -0.07)
149.86: (-0.82, -0.57, -0.03)
149.97: (-0.93, -0.37, -0.05)
150.09: (-0.99, 0.01, -0.12)
150.19: (-0.99, 0.01, -0.12)
150.31: (-0.99, 0.00, -0.12)
150.42: (-0.99, 0.08, -0.15)
150.54: (-0.96, 0.16, -0.23)
150.64: (-0.95, 0.19, -0.25)
150.66: (-0.95, 0.19, -0.25)
150.66: (0.19, 0.37, -0.91): 1
150.76: (-0.95, 0.19, -0.25)
150.87: (-0.95, 0.20, -0.26)
150.99: (-0.92, 0.29, -0.26)
151.11: (-0.77, 0.60, -0.20)
151.21: (-0.69, 0.71, -0.14)
151.31: (-0.74, 0.66, -0.14)
151.42: (-0.66, 0.74, -0.11)
151.54: (-0.58, 0.80, 0.15)
151.66: (-0.53, 0.82, 0.20)
151.76: (-0.53, 0.82, 0.20)
151.87: (-0.54, 0.82, 0.21)
151.99: (-0.75, 0.60, 0.27)
152.09: (-0.97, -0.23, -0.06)
152.21: (-0.90, -0.41, -0.15)
152.32: (-0.90, -0.41, -0.15)
152.44: (-0.80, -0.59, -0.16)
152.56: (0.09, -0.94, -0.34)
152.66: (0.13, -0.92, -0.37)
152.77: (0.13, -0.92, -0.37)
152.89: (0.41, -0.84, -0.34)
153.01: (0.98, -0.03, -0.21)
153.11: (0.96, 0.01, -0.28)
153.21: (0.95, -0.04, -0.30)
153.32: (0.97, 0.09, -0.20)
153.44: (0.62, 0.79, 0.04)
153.56: (0.19, 0.98, 0.01)
153.67: (0.12, 0.99, -0.03)
153.79: (0.12, 0.99, -0.03)
153.89: (0.07, 1.00, -0.01)
154.01: (-0.53, 0.81, 0.25)
154.12: (-0.87, 0.34, 0.36)
154.24: (-0.92, 0.18, 0.36)
154.36: (-0.96, -0.07, 0.27)
154.46: (-0.94, -0.28, 0.18)
154.56: (-0.91, -0.40, 0.13)
154.67: (-0.79, -0.61, -0.04)
154.79: (-0.47, -0.80, -0.38)
154.91: (-0.49, -0.74, -0.47)
155.02: (-0.61, -0.63, -0.48)
155.14: (-0.61, -0.63, -0.48)
155.24: (-0.39, -0.81, -0.43)
155.36: (0.22, -0.96, -0.15)
155.47: (0.29, -0.95, 0.07)
155.59: (0.65, -0.76, -0.01)
155.71: (0.85, -0.33, -0.40)
155.81: (0.80, -0.03, -0.60)
155.92: (0.64, 0.12, -0.76)
156.02: (0.35, 0.16, -0.92)
156.14: (0.26, 0.18, -0.95)
156.26: (0.27, 0.30, -0.91)
156.37: (0.15, 0.39, -0.91)
156.41: (0.15, 0.39, -0.91)
156.41: (-0.77, 0.44, -0.47): 2
156.49: (0.15, 0.39, -0.91)
156.61: (0.15, 0.38, -0.91)
156.72: (0.16, 0.21, -0.97)
156.84: (0.20, 0.03, -0.98)
156.96: (0.21, 0.04, -0.98)
157.07: (0.21, 0.07, -0.97)
157.19: (0.14, -0.36, -0.92)
157.29: (0.07, -0.38, -0.92)
157.41: (0.00, 0.63, -0.78)
157.52: (0.11, 0.86, -0.49)
157.64: (0.12, 0.84, -0.52)
157.76: (0.25, 0.94, -0.25)
157.87: (0.05, 0.56, 0.83)
157.97: (0.05, 0.57, 0.82)
158.07: (0.05, 0.57, 0.82)
158.19: (0.03, 0.39, 0.92)
158.29: (-0.20, -0.30, 0.93)
158.39: (-0.07, -0.19, 0.98)
158.51: (0.11, -0.21, 0.97)
158.62: (-0.08, -0.59, 0.80)
158.74: (-0.36, -0.79, 0.49)
158.86: (-0.37, -0.74, 0.56)
158.97: (-0.37, -0.74, 0.56)
159.09: (-0.31, -0.93, -0.17)
159.21: (-0.17, -0.44, -0.88)
159.32: (-0.19, -0.11, -0.98)
159.44: (-0.28, -0.22, -0.93)
159.56: (-0.28, -0.24, -0.93)
159.67: (-0.21, 0.09, -0.97)
159.77: (-0.14, 0.74, -0.66)
159.89: (-0.13, 0.92, -0.36)
160.00: (-0.19, 0.97, -0.16)
160.11: (-0.25, 0.97, 0.03)
160.22: (-0.63, 0.77, -0.08)
160.34: (-0.83, 0.54, -0.15)
160.45: (-0.85, 0.50, -0.17)
160.57: (-0.79, 0.48, -0.37)
160.67: (-0.77, 0.46, -0.44)
160.72: (-0.77, 0.46, -0.44)
160.72: (-0.48, 0.08, -0.87): 1
160.77: (-0.78, 0.45, -0.44)
160.89: (-0.78, 0.45, -0.44)
161.00: (-0.75, 0.47, -0.46)
161.12: (-0.71, 0.51, -0.49)
161.24: (-0.62, 0.21, -0.76)
161.34: (-0.57, 0.14, -0.81)
161.45: (-0.57, 0.14, -0.81)
161.49: (-0.56, 0.13, -0.82)
161.49: (0.74, -0.56, 0.36): 0
161.57: (-0.54, 0.10, -0.84)
161.67: (-0.53, 0.09, -0.84)
161.79: (-0.45, -0.04, -0.89)
161.90: (-0.24, -0.18, -0.96)
162.00: (-0.17, -0.21, -0.96)
162.12: (-0.19, -0.16, -0.97)
162.22: (-0.22, -0.11, -0.97)
162.34: (0.22, -0.56, -0.80)
162.45: (0.64, -0.75, -0.18)
162.57: (0.66, -0.72, -0.22)
162.69: (0.65, -0.72, -0.25)
162.80: (0.71, -0.68, 0.17)
162.90: (0.67, -0.62, 0.40)
163.02: (0.68, -0.63, 0.38)
163.14: (0.72, -0.64, 0.29)
163.15: (0.72, -0.63, 0.30)
163.15: (-0.67, 0.29, -0.68): 0
163.24: (0.72, -0.63, 0.30)
163.35: (0.71, -0.63, 0.32)
163.47: (0.72, -0.61, 0.34)
163.59: (0.72, -0.63, 0.28)
163.69: (0.71, -0.51, 0.49)
163.79: (0.78, -0.49, 0.40)
163.89: (0.61, -0.64, -0.47)
164.00: (0.53, -0.63, -0.57)
164.12: (0.65, -0.65, -0.39)
164.22: (0.50, -0.51, -0.70)
164.34: (-0.15, -0.12, -0.98)
164.45: (-0.16, -0.19, -0.97)
164.55: (-0.04, -0.20, -0.98)
164.67: (-0.73, 0.37, -0.58)
164.77: (-0.80, 0.45, -0.41)
164.89: (-0.71, 0.38, -0.59)
165.00: (-0.66, 0.33, -0.68)
165.10: (-0.69, 0.29, -0.66)
165.14: (-0.69, 0.29, -0.66)
165.14: (-0.98, 0.04, 0.20): 1
165.22: (-0.69, 0.29, -0.66)
165.34: (-0.68, 0.18, -0.71)
165.45: (-0.71, 0.05, -0.70)
165.57: (-0.64, 0.02, -0.77)
165.69: (-0.95, 0.27, 0.16)
165.79: (-0.93, 0.21, 0.29)
165.90: (-0.93, 0.21, 0.29)
166.00: (-0.86, 0.26, 0.43)
166.12: (-0.84, 0.22, 0.50)
166.24: (-0.93, 0.11, 0.34)
166.35: (-0.94, 0.09, 0.33)
166.37: (-0.94, 0.09, 0.33)
166.37: (0.92, -0.29, -0.26): 0
166.45: (-0.94, 0.09, 0.33)
166.57: (-0.96, 0.06, 0.29)
166.69: (-0.96, 0.04, 0.29)
166.80: (-0.95, -0.01, 0.31)
166.92: (-1.00, -0.05, -0.05)
167.04: (-0.99, 0.02, 0.14)
167.14: (-0.99, 0.02, 0.17)
167.25: (-0.99, 0.01, 0.15)
167.37: (-1.00, -0.01, -0.06)
167.49: (-0.94, 0.00, -0.34)
167.60: (-0.84, 0.00, -0.54)
167.70: (-0.86, 0.00, -0.51)
167.82: (-0.93, 0.00, -0.38)
167.94: (-0.21, -0.03, -0.98)
168.05: (-0.03, 0.01, -1.00)
168.17: (-0.10, 0.00, -1.00)
168.27: (0.04, 0.01, -1.00)
168.39: (0.67, 0.14, -0.73)
168.50: (0.88, 0.19, -0.43)
168.62: (0.81, 0.28, -0.52)
168.74: (0.98, 0.01, -0.18)
168.84: (0.98, -0.16, -0.09)
168.95: (0.97, -0.18, -0.18)
169.07: (0.96, -0.21, -0.19)
169.19: (0.93, -0.29, -0.20)
169.19: (-1.00, -0.07, 0.00): 0
169.19: (0.93, -0.29, -0.20)
169.30: (0.93, -0.29, -0.20)
169.42: (0.78, -0.18, -0.60)
169.54: (0.54, -0.04, -0.84)
169.65: (0.87, -0.02, -0.49)
169.75: (0.85, 0.02, -0.53)
169.87: (0.72, 0.08, -0.69)
169.99: (0.42, 0.22, -0.88)
170.10: (0.48, 0.22, -0.85)
170.22: (0.36, 0.31, -0.88)
170.32: (-0.34, 0.41, -0.85)
170.44: (-0.36, 0.39, -0.85)
170.55: (-0.27, 0.46, -0.85)
170.67: (-0.86, 0.25, -0.44)
170.79: (-0.98, -0.12, 0.18)
170.90: (-0.89, -0.30, 0.34)
171.02: (-0.95, -0.21, 0.22)
171.14: (-0.99, -0.12, 0.11)
171.24: (-0.99, -0.10, 0.05)
171.27: (-0.99, -0.10, 0.05)
171.27: (0.91, -0.19, 0.36): 1
171.35: (-0.99, -0.10, 0.05)
171.47: (-0.98, -0.06, -0.20)
171.57: (-0.78, 0.20, -0.60)
171.67: (-0.50, 0.44, -0.74)
171.79: (-0.45, 0.48, -0.76)
171.90: (-0.46, 0.47, -0.75)
172.00: (-0.48, 0.47, -0.74)
172.12: (-0.47, 0.48, -0.74)
172.24: (0.09, 0.71, -0.70)
172.35: (0.13, 0.75, -0.65)
172.47: (0.01, 0.72, -0.70)
172.59: (0.32, 0.75, -0.58)
172.69: (0.78, 0.60, -0.17)
172.79: (0.81, 0.58, -0.09)
172.90: (0.80, 0.59, -0.09)
173.02: (0.87, 0.49, -0.07)
173.14: (0.97, -0.02, 0.26)
173.24: (0.97, -0.07, 0.24)
173.35: (0.96, -0.12, 0.27)
173.45: (0.88, -0.24, 0.42)
173.47: (0.88, -0.24, 0.42)
173.47: (0.67, 0.56, 0.49): 1
173.57: (0.88, -0.24, 0.42)
173.67: (0.89, -0.22, 0.39)
173.79: (0.97, 0.09, 0.22)
173.90: (0.97, 0.21, 0.10)
174.02: (0.97, 0.16, 0.16)
174.14: (0.89, 0.43, 0.17)
174.24: (0.72, 0.65, 0.22)
174.35: (0.75, 0.47, 0.47)
174.45: (0.75, 0.39, 0.53)
174.57: (0.69, 0.50, 0.52)
174.65: (0.67, 0.55, 0.50)
174.65: (0.12, 0.71, -0.69): 1
174.69: (0.67, 0.55, 0.50)
174.80: (0.68, 0.54, 0.50)
174.92: (0.77, 0.40, 0.50)
175.04: (0.77, 0.39, 0.50)
175.14: (0.72, 0.58, 0.38)
175.25: (0.08, 0.87, -0.50)
175.37: (-0.07, 0.70, -0.71)
175.47: (-0.07, 0.70, -0.71)
175.59: (-0.04, 0.76, -0.64)
175.70: (0.11, 0.76, -0.64)
175.82: (0.19, 0.73, -0.66)
175.84: (0.19, 0.73, -0.66)
175.84: (0.31, -0.75, -0.59): 0
175.92: (0.19, 0.73, -0.66)
176.04: (0.22, 0.72, -0.66)
176.15: (-0.12, 0.46, -0.88)
176.27: (-0.39, 0.18, -0.90)
176.37: (-0.38, 0.21, -0.90)
176.49: (-0.59, 0.07, -0.81)
176.60: (-0.72, -0.62, -0.31)
176.70: (-0.67, -0.67, -0.33)
176.80: (-0.72, -0.54, -0.44)
176.92: (-0.56, -0.83, 0.04)
177.03: (0.03, -0.85, 0.53)
177.14: (-0.03, -0.91, 0.42)
177.25: (-0.11, -0.90, 0.42)
177.35: (0.20, -0.74, 0.64)
177.47: (0.72, -0.20, 0.66)
177.57: (0.84, -0.05, 0.54)
177.68: (0.89, -0.05, 0.45)
177.80: (0.96, -0.21, 0.19)
177.92: (0.94, -0.34, 0.03)
178.03: (0.94, -0.34, 0.07)
178.13: (0.94, -0.34, 0.08)
178.25: (0.91, -0.39, -0.13)
178.37: (0.88, -0.29, -0.38)
178.47: (0.89, -0.17, -0.43)
178.58: (0.89, -0.17, -0.43)
178.70: (0.86, 0.07, -0.51)
178.82: (0.72, 0.21, -0.66)
178.93: (0.56, 0.21, -0.80)
179.05: (0.51, -0.57, -0.64)
179.17: (0.48, -0.68, -0.55)
179.28: (0.49, -0.67, -0.56)
179.40: (0.41, -0.73, -0.54)
179.52: (0.24, -0.82, -0.52)
179.57: (0.24, -0.82, -0.52)
179.57: (1.00, 0.02, 0.03): 1
179.63: (0.24, -0.82, -0.52)
179.75: (0.24, -0.82, -0.52)
179.87: (0.41, -0.47, -0.78)
179.97: (0.49, -0.35, -0.80)
180.08: (0.49, -0.40, -0.77)
180.20: (0.58, -0.10, -0.81)
180.32: (0.36, 0.75, -0.56)
180.42: (0.31, 0.77, -0.56)
180.53: (0.31, 0.77, -0.56)
180.65: (0.25, 0.87, -0.43)
180.77: (-0.29, 0.94, 0.18)
180.87: (-0.39, 0.87, 0.30)
180.98: (-0.32, 0.92, 0.23)
181.10: (-0.41, 0.85, 0.33)
181.22: (0.35, 0.92, -0.15)
181.33: (0.78, 0.50, -0.37)
181.43: (0.52, 0.80, -0.31)
181.53: (0.43, 0.87, -0.26)
181.65: (0.73, 0.67, -0.14)
181.75: (0.89, 0.43, -0.17)
181.87: (0.94, 0.30, -0.16)
181.97: (0.97, 0.24, -0.08)
182.08: (0.99, 0.17, 0.00)
182.20: (1.00, 0.07, 0.03)
182.27: (1.00, 0.03, 0.04)
182.27: (0.91, 0.09, 0.40): 2
182.30: (1.00, 0.03, 0.04)
182.42: (1.00, 0.03, 0.04)
182.53: (0.93, 0.37, -0.02)
182.65: (0.90, 0.42, -0.06)
182.77: (0.88, 0.47, 0.05)
182.88: (0.89, 0.32, 0.34)
183.00: (0.91, 0.25, 0.34)
183.10: (0.92, 0.10, 0.37)
183.18: (0.94, -0.06, 0.33)
183.18: (0.17, 0.66, -0.73): 0
183.22: (0.94, -0.06, 0.33)
183.33: (0.94, -0.06, 0.33)
183.43: (0.95, -0.07, 0.31)
183.55: (0.96, -0.01, 0.28)
183.67: (0.96, -0.01, 0.27)
183.77: (0.95, 0.03, 0.32)
183.88: (0.57, 0.64, 0.51)
184.00: (0.53, 0.69, 0.49)
184.12: (0.57, 0.69, 0.45)
184.23: (0.52, 0.79, 0.33)
184.35: (0.52, 0.79, 0.34)
184.47: (0.53, 0.78, 0.34)
184.57: (0.37, 0.87, 0.34)
184.68: (0.27, 0.91, 0.33)
184.80: (0.27, 0.91, 0.33)
184.92: (0.27, 0.91, 0.33)
185.03: (0.27, 0.91, 0.33)
185.13: (0.27, 0.91, 0.31)
185.25: (0.27, 0.91, 0.31)
185.37: (0.27, 0.91, 0.30)
185.48: (0.28, 0.91, 0.30)
185.58: (0.28, 0.91, 0.30)
185.70: (0.28, 0.91, 0.30)
185.82: (-0.14, 0.93, 0.34)
185.93: (-0.89, 0.45, 0.07)
186.05: (-0.90, 0.44, 0.02)
186.17: (-0.88, 0.46, 0.05)
186.27: (-0.99, -0.17, -0.02)
186.38: (-0.76, -0.65, -0.04)
186.48: (-0.74, -0.67, -0.04)
186.60: (-0.67, -0.74, -0.07)
186.72: (-0.39, -0.87, -0.30)
186.83: (-0.38, -0.85, -0.37)
186.95: (-0.53, -0.79, -0.30)
187.07: (-0.46, -0.82, -0.33)
187.18: (-0.46, -0.83, -0.33)
187.28: (-0.44, -0.84, -0.33)
187.40: (-0.23, -0.90, -0.36)
187.52: (0.22, -0.90, -0.39)
187.63: (0.10, -0.91, -0.40)
187.75: (0.17, -0.92, -0.36)
187.87: (0.86, -0.36, -0.36)
187.98: (0.90, -0.18, -0.39)
188.10: (0.90, -0.20, -0.39)
188.22: (0.95, 0.00, -0.30)
188.33: (0.72, 0.70, 0.01)
188.45: (0.52, 0.85, 0.05)
188.55: (0.39, 0.92, 0.08)
188.67: (0.08, 0.98, 0.20)
188.78: (-0.12, 0.99, 0.09)
188.90: (0.05, 0.87, -0.49)
189.02: (0.00, 0.72, -0.70)
189.13: (0.27, 0.57, -0.77)
189.25: (0.25, 0.68, -0.69)
189.37: (0.21, 0.66, -0.72)
189.42: (0.20, 0.64, -0.74)
189.42: (0.93, 0.33, -0.18): 2
189.47: (0.20, 0.64, -0.74)
189.58: (0.25, 0.62, -0.74)
189.68: (0.26, 0.62, -0.74)
189.80: (0.28, 0.64, -0.72)
189.90: (0.30, 0.66, -0.69)
190.02: (0.77, 0.44, -0.46)
190.13: (0.85, 0.35, -0.40)
190.25: (0.88, 0.35, -0.32)
190.35: (0.97, 0.18, -0.16)
190.37: (0.97, 0.18, -0.17)
190.37: (0.97, 0.22, 0.01): 2
190.45: (0.96, 0.20, -0.18)
190.55: (0.96, 0.20, -0.18)
190.67: (0.96, 0.22, -0.18)
190.78: (0.97, 0.22, -0.10)
190.80: (0.97, 0.22, -0.08)
190.80: (-0.80, 0.46, 0.39): 1
190.88: (0.97, 0.22, -0.07)
191.00: (0.97, 0.21, -0.09)
191.12: (0.97, 0.21, -0.09)
191.23: (0.98, 0.20, -0.07)
191.35: (0.69, 0.71, -0.14)
191.45: (0.11, 0.91, -0.41)
191.57: (0.12, 0.91, -0.41)
191.68: (-0.04, 0.93, -0.36)
191.78: (-0.59, 0.78, -0.22)
191.90: (-0.89, 0.43, -0.17)
192.02: (-0.95, 0.29, -0.13)
192.13: (-0.89, 0.45, 0.05)
192.23: (-0.86, 0.45, 0.22)
192.35: (-0.83, 0.45, 0.34)
192.47: (-0.81, 0.41, 0.41)
192.47: (-1.00, -0.02, 0.01): 0
192.47: (-0.81, 0.41, 0.41)
192.58: (-0.81, 0.41, 0.41)
192.70: (-0.84, 0.47, 0.27)
192.80: (-0.84, 0.47, 0.27)
192.90: (-0.84, 0.47, 0.27)
193.02: (-0.87, 0.38, 0.31)
193.13: (-0.98, -0.17, 0.13)
193.23: (-0.99, -0.07, 0.10)
193.35: (-1.00, 0.05, 0.05)
193.47: (-0.99, 0.10, 0.01)
193.48: (-0.99, 0.10, 0.01)
193.48: (-0.21, -0.97, -0.15): 2
193.58: (-0.99, 0.10, 0.01)
193.70: (-0.99, -0.08, -0.08)
193.80: (-0.89, -0.38, -0.26)
193.92: (-0.56, -0.78, -0.28)
194.03: (-0.11, -0.97, -0.21)
194.15: (-0.23, -0.95, -0.18)
194.25: (-0.26, -0.95, -0.15)
194.35: (-0.29, -0.95, -0.14)
194.45: (-0.29, -0.95, -0.14)
194.45: (-0.54, -0.59, 0.59): 0
194.47: (-0.29, -0.95, -0.14)
194.58: (-0.29, -0.95, -0.14)
194.70: (-0.24, -0.94, -0.26)
194.80: (-0.42, -0.85, -0.31)
194.91: (-0.48, -0.84, -0.27)
195.03: (-0.90, -0.34, -0.26)
195.15: (-0.96, 0.02, -0.27)
195.26: (-0.95, -0.07, -0.29)
195.38: (-0.89, 0.34, -0.30)
195.48: (-0.50, 0.86, -0.10)
195.60: (-0.31, 0.95, 0.05)
195.71: (-0.35, 0.94, 0.05)
195.81: (-0.36, 0.93, 0.04)
195.93: (0.25, 0.93, 0.26)
196.03: (0.64, 0.61, 0.47)
196.15: (0.75, 0.47, 0.47)
196.26: (0.91, 0.03, 0.40)
196.36: (0.91, -0.02, 0.41)
196.48: (0.91, 0.01, 0.41)
196.60: (0.92, -0.14, 0.37)
196.71: (0.50, -0.86, -0.06)
196.81: (0.20, -0.93, -0.31)
196.93: (-0.23, -0.85, -0.47)
197.05: (-0.25, -0.86, -0.45)
197.16: (-0.20, -0.88, -0.44)
197.28: (-0.63, -0.71, -0.31)
197.38: (-0.70, -0.71, 0.02)
197.48: (-0.73, -0.62, 0.30)
197.60: (-0.45, -0.71, 0.55)
197.71: (-0.42, -0.70, 0.58)
197.83: (-0.57, -0.53, 0.63)
197.93: (-0.61, -0.48, 0.62)
197.93: (0.17, 0.05, 0.98): 2
197.93: (-0.61, -0.48, 0.62)
198.05: (-0.61, -0.49, 0.62)
198.16: (-0.65, -0.55, 0.53)
198.28: (-0.66, -0.61, 0.44)
198.38: (-0.66, -0.61, 0.44)
198.48: (-0.26, -0.87, 0.43)
198.60: (0.51, -0.86, 0.01)
198.71: (0.45, -0.89, 0.05)
198.83: (0.54, -0.84, 0.03)
198.95: (0.74, -0.67, 0.07)
199.05: (0.39, -0.75, 0.53)
199.16: (0.13, -0.71, 0.70)
199.28: (0.17, -0.75, 0.63)
199.40: (0.15, -0.75, 0.65)
199.51: (-0.60, -0.46, 0.66)
199.61: (-0.92, -0.14, 0.37)
199.73: (-0.88, -0.23, 0.42)
199.85: (-0.85, -0.29, 0.44)
199.95: (-0.97, -0.07, 0.22)
200.06: (-0.81, 0.44, -0.38)
200.16: (-0.79, 0.38, -0.48)
200.28: (-0.99, -0.09, 0.05)
200.40: (-0.50, -0.40, 0.77)
200.50: (-0.18, -0.15, 0.97)
200.61: (-0.08, 0.29, 0.95)
200.73: (0.16, 0.41, 0.90)
200.85: (0.25, 0.23, 0.94)
200.95: (0.27, 0.09, 0.96)
201.06: (0.23, 0.05, 0.97)
201.10: (0.22, 0.01, 0.97)
201.10: (-0.63, 0.77, -0.07): 2
201.18: (0.22, 0.01, 0.98)
201.30: (0.13, 0.01, 0.99)
201.41: (-0.05, 0.00, 1.00)
201.53: (-0.05, 0.00, 1.00)
201.65: (0.09, -0.01, 1.00)
201.76: (0.72, -0.38, 0.58)
201.86: (0.70, -0.38, 0.61)
201.98: (0.57, -0.32, 0.76)
202.10: (0.81, -0.35, 0.47)
202.21: (0.75, -0.11, 0.66)
202.33: (0.82, -0.10, 0.57)
202.45: (0.85, -0.20, 0.49)
202.56: (0.92, -0.20, 0.34)
202.66: (0.86, -0.41, -0.31)
202.78: (0.88, -0.43, -0.17)
202.90: (0.90, -0.43, 0.05)
203.01: (0.84, -0.47, -0.25)
203.13: (0.60, -0.58, -0.55)
203.23: (0.58, -0.65, -0.49)
203.35: (0.52, -0.67, -0.52)
203.46: (0.56, -0.69, -0.46)
203.58: (0.73, -0.59, -0.35)
203.70: (0.52, -0.60, -0.61)
203.81: (0.58, -0.60, -0.55)
203.91: (0.59, -0.55, -0.59)
204.03: (-0.36, -0.29, -0.89)
204.13: (-0.51, -0.32, -0.79)
204.25: (-0.49, -0.33, -0.80)
204.35: (-0.59, -0.22, -0.78)
204.46: (-0.98, 0.17, -0.07)
204.56: (-0.97, 0.22, 0.07)
204.68: (-0.93, 0.24, 0.30)
204.80: (-0.69, 0.40, 0.61)
204.91: (-0.87, 0.50, -0.02)
205.02: (-0.84, 0.45, -0.31)
205.14: (-0.80, 0.59, -0.14)
205.25: (-0.70, 0.72, 0.03)
205.37: (-0.62, 0.79, -0.02)
205.45: (-0.60, 0.80, -0.03)
205.45: (0.87, -0.40, -0.30): 1
205.48: (-0.60, 0.80, -0.03)
205.60: (-0.66, 0.75, -0.04)
205.72: (-0.71, 0.70, -0.05)
205.83: (-0.71, 0.70, -0.05)
205.95: (-0.66, 0.75, 0.02)
206.07: (-0.41, 0.80, 0.44)
206.18: (-0.22, 0.78, 0.59)
206.30: (0.03, 0.76, 0.65)
206.42: (-0.02, 0.78, 0.63)
206.53: (-0.07, 0.81, 0.58)
206.65: (0.42, 0.61, 0.67)
206.77: (0.75, 0.00, 0.66)
206.88: (0.72, 0.06, 0.69)
207.00: (0.76, 0.04, 0.65)
207.12: (0.79, -0.55, 0.27)
207.23: (0.84, -0.54, 0.11)
207.35: (0.99, -0.09, 0.13)
207.47: (0.96, -0.28, -0.09)
207.58: (0.88, -0.38, -0.29)
207.70: (0.83, -0.41, -0.39)
207.72: (0.83, -0.41, -0.39)
207.72: (0.88, -0.33, -0.34): 1
207.82: (0.83, -0.41, -0.39)
207.93: (0.87, -0.39, -0.29)
208.05: (0.93, -0.37, -0.09)
208.17: (0.93, -0.35, -0.08)
208.28: (0.89, -0.38, -0.23)
208.40: (0.85, -0.37, -0.37)
208.45: (0.85, -0.36, -0.37)
208.45: (0.97, -0.22, -0.14): 2
208.52: (0.85, -0.36, -0.37)
208.63: (0.89, -0.35, -0.30)
208.75: (0.94, -0.32, -0.14)
208.86: (0.95, -0.29, -0.14)
208.98: (0.99, -0.10, -0.09)
209.01: (0.99, -0.09, -0.08)
209.01: (0.59, -0.28, 0.76): 2
209.10: (0.99, -0.09, -0.08)
209.21: (0.99, -0.13, -0.04)
209.33: (1.00, -0.08, 0.05)
209.45: (0.98, -0.18, -0.02)
209.56: (0.99, -0.02, 0.10)
209.68: (0.58, 0.73, 0.36)
209.80: (0.57, 0.74, 0.36)
209.91: (0.64, 0.69, 0.34)
210.03: (0.50, 0.84, 0.19)
210.15: (0.19, 0.98, -0.12)
210.26: (-0.03, 0.99, -0.11)
210.38: (0.51, 0.84, -0.19)
210.50: (0.97, -0.10, -0.20)
210.61: (0.98, -0.07, -0.16)
210.73: (0.98, -0.07, -0.16)
210.85: (0.92, -0.36, -0.13)
210.96: (0.16, -0.98, 0.14)
211.08: (-0.06, -0.97, 0.22)
211.20: (-0.06, -0.97, 0.22)
211.31: (-0.42, -0.90, 0.16)
211.43: (-0.96, -0.17, 0.24)
211.55: (-0.96, -0.12, 0.24)
211.66: (-0.92, -0.39, -0.01)
211.78: (-0.56, -0.76, -0.32)
211.90: (-0.95, -0.29, -0.08)
212.01: (-0.94, 0.32, 0.10)
212.13: (-0.94, 0.33, 0.12)
212.24: (-0.94, 0.33, 0.12)
212.36: (-0.83, 0.56, 0.01)
212.48: (-0.44, 0.80, -0.40)
212.58: (-0.39, 0.79, -0.47)
212.69: (-0.49, 0.59, -0.64)
212.81: (-0.10, 0.84, -0.53)
212.91: (0.55, 0.84, 0.05)
213.03: (0.63, 0.72, 0.28)
213.14: (0.62, 0.74, 0.27)
213.24: (0.63, 0.73, 0.27)
213.36: (0.72, -0.07, 0.69)
213.48: (0.38, -0.63, 0.67)
213.59: (0.44, -0.55, 0.71)
213.69: (0.48, -0.51, 0.71)
213.81: (0.61, -0.22, 0.76)
213.91: (0.61, -0.21, 0.76)
214.03: (0.53, -0.38, 0.75)
214.04: (0.53, -0.39, 0.75)
214.04: (0.97, -0.15, -0.19): 0
214.14: (0.54, -0.39, 0.75)
214.26: (0.54, -0.26, 0.80)
214.38: (0.58, -0.04, 0.82)
214.48: (0.67, 0.29, 0.68)
214.59: (0.71, 0.70, 0.13)
214.69: (0.74, 0.65, 0.19)
214.81: (0.75, 0.63, 0.20)
214.91: (0.82, 0.58, -0.02)
215.03: (0.88, 0.37, -0.31)
215.14: (0.99, 0.11, -0.10)
215.26: (0.99, -0.08, 0.11)
215.38: (1.00, -0.02, -0.04)
215.49: (1.00, -0.01, -0.07)
215.51: (1.00, -0.01, -0.07)
215.51: (0.75, 0.22, 0.62): 2
215.59: (1.00, -0.02, -0.07)
215.71: (1.00, -0.01, -0.07)
215.81: (0.99, 0.14, -0.09)
215.93: (0.98, 0.18, -0.07)
216.03: (0.88, 0.12, 0.45)
216.14: (0.82, 0.14, 0.56)
216.26: (0.82, 0.24, 0.52)
216.38: (0.77, 0.33, 0.54)
216.48: (0.76, 0.20, 0.62)
216.53: (0.75, 0.19, 0.63)
216.53: (-0.62, -0.12, 0.78): 2
216.59: (0.75, 0.19, 0.63)
216.71: (0.78, 0.29, 0.55)
216.81: (0.89, 0.38, 0.27)
216.93: (0.94, 0.31, -0.11)
217.04: (0.72, 0.32, -0.62)
217.16: (0.87, 0.19, -0.45)
217.28: (0.83, 0.26, -0.50)
217.39: (0.41, 0.23, -0.88)
217.49: (0.51, 0.22, -0.83)
217.61: (0.51, 0.22, -0.83)
217.73: (0.61, -0.01, -0.79)
217.84: (0.49, -0.39, -0.78)
217.96: (0.20, -0.42, -0.89)
218.06: (0.02, -0.46, -0.89)
218.18: (0.16, -0.64, -0.75)
218.29: (0.51, -0.59, -0.62)
218.39: (0.51, -0.59, -0.62)
218.51: (0.54, -0.56, -0.62)
218.63: (0.24, -0.89, -0.39)
218.74: (-0.48, -0.84, -0.26)
218.84: (-0.67, -0.65, -0.34)
218.96: (-0.67, -0.64, -0.39)
219.08: (-0.67, -0.64, -0.39)
219.18: (-0.80, -0.57, -0.17)
219.29: (-0.97, 0.15, 0.18)
219.41: (-0.86, 0.48, 0.16)
219.51: (-0.87, 0.46, 0.19)
219.63: (-0.91, 0.38, 0.18)
219.74: (-0.98, -0.03, 0.17)
219.86: (-0.94, -0.23, 0.27)
219.96: (-0.45, -0.71, 0.55)
220.08: (0.23, -0.84, 0.49)
220.19: (-0.04, -0.79, 0.61)
220.29: (-0.56, -0.37, 0.74)
220.41: (-0.67, -0.20, 0.72)
220.53: (-0.66, -0.17, 0.73)
220.59: (-0.63, -0.16, 0.76)
220.59: (0.85, 0.53, 0.06): 2
220.64: (-0.64, -0.16, 0.76)
220.76: (-0.65, -0.15, 0.74)
220.88: (-0.71, -0.20, 0.67)
220.99: (-0.72, -0.20, 0.67)
221.11: (-0.72, -0.20, 0.67)
221.23: (-0.72, -0.20, 0.67)
221.34: (-0.66, 0.00, 0.75)
221.46: (-0.70, 0.49, 0.52)
221.56: (-0.56, 0.34, 0.75)
221.68: (-0.24, 0.11, 0.96)
221.79: (0.05, 0.03, 1.00)
221.91: (0.02, 0.07, 1.00)
222.03: (0.02, 0.07, 1.00)
222.13: (0.06, 0.09, 0.99)
222.23: (0.44, 0.28, 0.85)
222.34: (0.66, 0.40, 0.64)
222.44: (0.60, 0.39, 0.70)
222.54: (0.60, 0.39, 0.70)
222.66: (0.76, 0.44, 0.48)
222.78: (0.88, 0.45, 0.14)
222.88: (0.88, 0.45, 0.13)
222.99: (0.81, 0.55, 0.20)
223.04: (0.80, 0.56, 0.20)
223.04: (0.39, 0.14, -0.91): 2
223.11: (0.81, 0.55, 0.20)
223.23: (0.81, 0.54, 0.25)
223.34: (0.75, 0.52, 0.40)
223.44: (0.74, 0.53, 0.41)
223.56: (0.85, 0.43, 0.31)
223.68: (0.99, 0.16, 0.04)
223.78: (0.97, 0.22, 0.07)
223.89: (0.97, 0.22, 0.06)
224.01: (0.88, 0.23, -0.41)
224.11: (0.71, 0.33, -0.62)
224.23: (0.77, 0.32, -0.55)
224.34: (0.77, 0.32, -0.55)
224.46: (0.53, 0.13, -0.84)
224.58: (0.29, 0.07, -0.95)
224.69: (0.34, 0.11, -0.93)
224.79: (0.40, 0.18, -0.90)
224.89: (0.39, 0.18, -0.91)
224.89: (0.44, 0.70, -0.57): 2
224.91: (0.39, 0.18, -0.91)
225.03: (0.39, 0.18, -0.91)
225.14: (0.44, 0.24, -0.86)
225.26: (0.44, 0.24, -0.86)
225.38: (0.36, 0.69, -0.63)
225.48: (0.32, 0.78, -0.54)
225.59: (0.36, 0.77, -0.53)
225.71: (0.39, 0.76, -0.52)
225.71: (0.60, 0.03, -0.80): 0
225.71: (0.39, 0.76, -0.52)
225.83: (0.39, 0.76, -0.52)
225.94: (0.35, 0.88, -0.33)
226.04: (0.43, 0.76, -0.49)
226.16: (0.56, 0.09, -0.82)
226.28: (0.54, 0.16, -0.83)
226.38: (0.55, 0.14, -0.82)
226.49: (0.60, -0.02, -0.80)
226.49: (-0.95, -0.32, 0.02): 1
226.49: (0.60, -0.02, -0.80)
226.59: (0.60, -0.01, -0.80)
226.71: (0.63, 0.16, -0.76)
226.83: (0.42, 0.70, -0.58)
226.94: (-0.04, 0.94, -0.34)
227.04: (-0.32, 0.95, 0.01)
227.16: (-0.27, 0.95, -0.15)
227.27: (-0.45, 0.88, 0.12)
227.38: (-0.66, 0.60, 0.45)
227.49: (-0.62, 0.69, 0.37)
227.61: (-0.61, 0.74, 0.28)
227.71: (-0.89, 0.44, 0.16)
227.83: (-0.98, -0.14, 0.16)
227.94: (-0.93, -0.29, 0.22)
228.06: (-0.97, -0.17, 0.17)
228.17: (-0.97, -0.23, 0.08)
228.29: (-0.95, -0.31, 0.03)
228.31: (-0.95, -0.31, 0.03)
228.31: (-0.22, 0.97, 0.08): 0
228.39: (-0.95, -0.31, 0.03)
228.51: (-0.96, -0.26, 0.14)
228.62: (-0.96, -0.22, 0.18)
228.74: (-0.96, -0.22, 0.18)
228.84: (-0.97, -0.19, 0.12)
228.94: (-0.84, 0.22, -0.50)
229.06: (-0.66, 0.41, -0.63)
229.17: (-0.66, 0.41, -0.63)
229.27: (-0.55, 0.45, -0.70)
229.39: (0.37, 0.64, -0.67)
229.49: (0.40, 0.68, -0.61)
229.61: (0.40, 0.68, -0.62)
229.72: (0.69, 0.56, -0.46)
229.84: (0.92, 0.12, 0.36)
229.94: (0.91, 0.18, 0.38)
230.06: (0.92, 0.23, 0.31)
230.17: (0.78, 0.11, 0.61)
230.27: (0.70, 0.11, 0.71)
230.39: (0.68, 0.72, 0.15)
230.51: (0.65, 0.76, 0.06)
230.61: (0.71, 0.59, 0.39)
230.72: (0.50, -0.15, 0.85)
230.84: (0.40, -0.28, 0.87)
230.94: (0.43, -0.26, 0.87)
231.04: (0.43, -0.26, 0.87)
231.16: (-0.07, -0.73, 0.68)
231.27: (-0.32, -0.85, 0.43)
231.39: (-0.08, -0.90, 0.43)
231.49: (0.08, -0.92, 0.39)
231.61: (-0.44, -0.88, 0.17)
231.72: (-0.89, -0.45, -0.12)
231.82: (-0.84, -0.54, -0.04)
231.94: (-0.81, -0.59, -0.02)
232.06: (-0.89, -0.11, -0.44)
232.16: (-0.62, 0.49, -0.62)
232.27: (-0.71, 0.40, -0.58)
232.37: (-0.71, 0.39, -0.59)
232.49: (-0.11, 0.89, -0.45)
232.61: (0.43, 0.89, -0.13)
232.72: (0.10, 0.99, -0.09)
232.84: (-0.34, 0.93, -0.13)
232.96: (-0.30, 0.95, -0.08)
233.06: (-0.16, 0.98, 0.08)
233.09: (-0.15, 0.98, 0.09)
233.09: (-0.74, -0.62, -0.24): 1
233.17: (-0.15, 0.98, 0.09)
233.29: (-0.27, 0.96, 0.04)
233.41: (-0.57, 0.75, -0.32)
233.52: (-0.66, 0.61, -0.44)
233.62: (-0.76, 0.42, -0.50)
233.74: (-0.57, -0.43, -0.69)
233.86: (-0.16, -0.83, -0.53)
233.97: (-0.07, -0.88, -0.46)
234.09: (-0.32, -0.81, -0.50)
234.21: (-0.54, -0.70, -0.47)
234.32: (-0.63, -0.66, -0.42)
234.44: (-0.67, -0.69, -0.27)
234.56: (-0.67, -0.71, -0.22)
234.66: (-0.72, -0.63, -0.28)
234.66: (0.52, -0.01, 0.86): 0
234.66: (-0.72, -0.63, -0.28)
234.77: (-0.72, -0.63, -0.28)
234.89: (-0.66, -0.71, -0.25)
235.01: (-0.32, -0.85, -0.41)
235.11: (-0.34, -0.74, -0.58)
235.22: (-0.46, -0.51, -0.73)
235.34: (-0.46, -0.50, -0.73)
235.46: (-0.46, -0.50, -0.73)
235.56: (-0.24, -0.46, -0.86)
235.67: (0.16, -0.46, -0.87)
235.79: (0.29, -0.41, -0.86)
235.91: (0.37, -0.26, -0.89)
236.02: (0.69, -0.10, -0.71)
236.12: (0.90, -0.03, -0.44)
236.24: (0.88, -0.04, -0.47)
236.36: (0.88, -0.04, -0.47)
236.47: (0.91, 0.01, -0.42)
236.59: (0.96, 0.27, 0.01)
236.71: (0.91, 0.28, 0.32)
236.82: (0.72, -0.03, 0.69)
236.94: (0.55, -0.13, 0.83)
237.06: (0.49, -0.14, 0.86)
237.17: (0.50, -0.11, 0.86)
237.19: (0.50, -0.11, 0.86)
237.19: (-0.78, -0.53, 0.34): 2
237.27: (0.50, -0.11, 0.86)
237.39: (0.49, -0.14, 0.86)
237.51: (0.53, -0.23, 0.81)
237.62: (0.68, -0.25, 0.69)
237.74: (0.68, -0.25, 0.69)
237.86: (0.69, -0.25, 0.69)
237.97: (0.64, -0.22, 0.73)
238.09: (0.20, -0.63, 0.75)
238.19: (-0.34, -0.70, 0.63)
238.31: (-0.39, -0.67, 0.63)
238.41: (-0.39, -0.67, 0.63)
238.51: (-0.40, -0.64, 0.65)
238.62: (-0.65, -0.63, 0.42)
238.72: (-0.68, -0.62, 0.39)
238.84: (-0.71, -0.60, 0.38)
238.96: (-0.78, -0.51, 0.37)
238.97: (-0.78, -0.51, 0.37)
238.97: (0.45, -0.89, -0.05): 2
239.06: (-0.78, -0.51, 0.37)
239.17: (-0.76, -0.55, 0.35)
239.29: (-0.71, -0.59, 0.39)
239.41: (-0.70, -0.58, 0.40)
239.51: (-0.84, -0.50, 0.21)
239.62: (-0.88, -0.21, -0.42)
239.72: (-0.87, -0.17, -0.45)
239.84: (-0.93, -0.31, -0.19)
239.96: (-0.46, -0.57, 0.68)
240.07: (-0.15, -0.45, 0.88)
240.17: (-0.19, -0.46, 0.87)
240.27: (-0.18, -0.45, 0.88)
240.39: (0.60, -0.06, 0.80)
240.51: (0.82, 0.08, 0.57)
240.61: (0.81, 0.07, 0.58)
240.72: (0.88, 0.17, 0.45)
240.84: (0.81, 0.46, -0.36)
240.96: (0.81, 0.39, -0.43)
241.07: (0.81, 0.39, -0.43)
241.17: (0.71, 0.38, -0.59)
241.29: (0.05, 0.28, -0.96)
241.41: (-0.01, 0.18, -0.98)
241.51: (0.02, 0.18, -0.98)
241.62: (-0.37, 0.07, -0.92)
241.74: (-0.89, -0.20, -0.41)
241.86: (-0.95, -0.22, -0.22)
241.96: (-0.96, -0.25, -0.10)
242.07: (-0.96, -0.27, 0.00)
242.19: (-0.85, -0.40, 0.34)
242.31: (-0.43, -0.58, 0.69)
242.42: (-0.13, -0.51, 0.85)
242.52: (0.16, -0.48, 0.86)
242.64: (0.59, -0.47, 0.66)
242.76: (0.80, -0.41, 0.44)
242.86: (0.86, -0.47, 0.20)
242.97: (0.84, -0.55, -0.06)
243.07: (0.62, -0.78, -0.12)
243.19: (0.47, -0.88, -0.04)
243.29: (0.42, -0.91, 0.00)
243.34: (0.42, -0.91, 0.00)
243.34: (-0.69, 0.16, 0.70): 0
243.41: (0.42, -0.91, 0.00)
243.52: (0.37, -0.93, 0.03)
243.64: (-0.04, -0.89, 0.45)
243.75: (-0.32, -0.65, 0.69)
243.87: (-0.28, -0.66, 0.69)
243.99: (-0.32, -0.51, 0.80)
244.10: (-0.73, 0.13, 0.68)
244.22: (-0.78, 0.39, 0.49)
244.34: (-0.76, 0.31, 0.57)
244.45: (-0.67, 0.14, 0.73)
244.49: (-0.67, 0.14, 0.73)
244.49: (-1.00, -0.01, 0.03): 0
244.55: (-0.67, 0.14, 0.73)
244.67: (-0.74, 0.22, 0.64)
244.77: (-0.80, 0.46, 0.39)
244.89: (-0.77, 0.49, 0.41)
245.00: (-0.77, 0.47, 0.43)
245.12: (-0.80, 0.42, 0.42)
245.22: (-0.93, 0.15, 0.33)
245.32: (-0.97, 0.08, 0.23)
245.44: (-0.99, 0.02, 0.10)
245.54: (-1.00, 0.04, 0.00)
245.59: (-1.00, 0.03, 0.00)
245.59: (0.80, -0.08, 0.60): 1
245.65: (-1.00, 0.03, 0.00)
245.77: (-0.99, 0.12, -0.04)
245.89: (-0.80, 0.57, -0.20)
245.99: (-0.74, 0.66, -0.13)
246.10: (-0.77, 0.64, -0.06)
246.22: (-0.74, 0.53, 0.42)
246.32: (-0.44, 0.77, 0.46)
246.44: (-0.10, 0.99, 0.12)
246.54: (-0.13, 0.98, 0.12)
246.65: (-0.14, 0.98, 0.15)
246.75: (0.17, 0.95, 0.25)
246.87: (0.57, 0.82, -0.06)
246.99: (0.54, 0.83, -0.12)
247.10: (0.53, 0.84, -0.10)
247.22: (0.80, 0.59, 0.08)
247.34: (0.93, 0.31, 0.19)
247.44: (0.95, 0.14, 0.29)
247.55: (0.93, -0.15, 0.33)
247.67: (0.73, 0.04, 0.68)
247.79: (0.73, 0.09, 0.68)
247.89: (0.81, -0.03, 0.58)
247.99: (0.85, -0.10, 0.51)
247.99: (-0.07, -0.24, 0.97): 0
248.00: (0.85, -0.10, 0.51)
248.12: (0.85, -0.10, 0.52)
248.22: (0.92, -0.03, 0.39)
248.34: (0.97, 0.10, 0.23)
248.45: (0.97, 0.10, 0.23)
248.57: (0.91, 0.15, 0.39)
248.69: (0.31, 0.41, 0.86)
248.79: (0.34, 0.41, 0.85)
248.90: (0.34, 0.41, 0.85)
249.02: (-0.12, 0.30, 0.95)
249.14: (-0.44, 0.24, 0.86)
249.25: (-0.35, 0.29, 0.89)
249.37: (-0.39, 0.15, 0.91)
249.47: (-0.39, -0.13, 0.91)
249.59: (-0.20, -0.24, 0.95)
249.70: (-0.01, -0.20, 0.98)
249.79: (-0.01, -0.22, 0.98)
249.79: (-0.28, -0.95, -0.12): 0
249.80: (-0.01, -0.22, 0.98)
249.92: (-0.01, -0.21, 0.98)
250.04: (-0.06, -0.12, 0.99)
250.14: (-0.06, -0.12, 0.99)
250.25: (0.00, -0.12, 0.99)
250.37: (0.50, -0.12, 0.86)
250.47: (0.48, -0.05, 0.88)
250.59: (0.11, 0.41, 0.91)
250.70: (0.21, 0.70, 0.68)
250.82: (0.18, 0.65, 0.74)
250.94: (0.17, 0.62, 0.77)
251.05: (0.58, 0.79, 0.22)
251.17: (0.76, 0.64, -0.16)
251.27: (0.80, 0.54, -0.27)
251.39: (0.85, 0.36, -0.38)
251.50: (0.87, 0.45, -0.19)
251.62: (0.88, 0.47, 0.08)
251.74: (0.61, 0.58, 0.54)
251.85: (0.61, 0.58, 0.54)
251.97: (0.56, 0.59, 0.58)
252.07: (0.71, 0.16, 0.69)
252.19: (0.79, -0.49, 0.36)
252.29: (0.81, -0.40, 0.43)
252.40: (0.82, -0.37, 0.44)
252.52: (0.78, -0.39, 0.48)
252.62: (0.53, -0.79, 0.31)
252.74: (0.26, -0.95, -0.16)
252.84: (0.21, -0.90, -0.39)
252.95: (0.28, -0.90, -0.33)
253.07: (0.27, -0.91, -0.32)
253.17: (-0.11, -0.98, -0.14)
253.29: (-0.30, -0.95, -0.07)
253.40: (-0.26, -0.96, -0.09)
253.52: (-0.22, -0.97, -0.15)
253.52: (0.80, -0.48, -0.36): 0
253.52: (-0.22, -0.97, -0.15)
253.64: (-0.22, -0.97, -0.14)
253.75: (-0.11, -0.96, -0.27)
253.87: (-0.01, -0.97, -0.23)
253.97: (0.01, -0.97, -0.26)
254.07: (-0.05, -0.76, -0.65)
254.19: (0.08, -0.27, -0.96)
254.30: (0.24, 0.38, -0.89)
254.42: (0.28, 0.48, -0.83)
254.54: (0.24, -0.01, -0.97)
254.65: (-0.03, -0.83, -0.56)
254.75: (-0.02, -1.00, 0.03)
254.85: (-0.01, -1.00, -0.06)
254.97: (-0.01, -1.00, -0.08)
255.09: (0.37, -0.88, -0.29)
255.20: (0.64, -0.64, -0.43)
255.30: (0.72, -0.54, -0.43)
255.40: (0.76, -0.53, -0.37)
255.52: (0.82, -0.43, -0.38)
255.54: (0.82, -0.43, -0.38)
255.54: (0.56, 0.50, 0.66): 0
255.64: (0.82, -0.41, -0.39)
255.75: (0.79, -0.44, -0.43)
255.87: (0.66, -0.32, -0.68)
255.97: (0.59, -0.35, -0.72)
256.09: (0.64, -0.44, -0.63)
256.20: (0.56, -0.83, 0.09)
256.32: (0.46, -0.74, 0.48)
256.44: (0.47, -0.77, 0.43)
256.55: (0.29, -0.71, 0.64)
256.67: (0.06, -0.33, 0.94)
256.79: (0.39, -0.30, 0.87)
256.89: (0.44, -0.30, 0.85)
257.00: (0.75, -0.09, 0.66)
257.10: (0.54, 0.22, 0.81)
257.22: (0.52, 0.27, 0.81)
257.34: (0.61, 0.40, 0.69)
257.44: (0.55, 0.55, 0.63)
257.55: (0.53, 0.55, 0.64)
257.65: (0.55, 0.53, 0.64)
257.65: (-0.71, 0.71, -0.02): 1
257.67: (0.56, 0.53, 0.64)
257.77: (0.55, 0.53, 0.64)
257.89: (0.56, 0.51, 0.65)
257.99: (0.55, 0.44, 0.71)
258.10: (0.55, 0.43, 0.72)
258.22: (0.35, 0.52, 0.78)
258.34: (-0.47, 0.69, 0.55)
258.44: (-0.71, 0.65, 0.28)
258.55: (-0.68, 0.67, 0.31)
258.65: (-0.71, 0.65, 0.29)
258.77: (-0.77, 0.64, 0.03)
258.89: (-0.72, 0.69, -0.02)
258.95: (-0.70, 0.71, -0.01)
258.95: (-0.84, 0.40, 0.37): 1
259.00: (-0.70, 0.71, -0.01)
259.12: (-0.69, 0.73, 0.01)
259.24: (-0.33, 0.77, 0.54)
259.35: (-0.56, 0.57, 0.60)
259.45: (-0.78, 0.52, 0.33)
259.57: (-0.81, 0.53, 0.27)
259.67: (-0.84, 0.45, 0.30)
259.72: (-0.83, 0.43, 0.34)
259.72: (-0.73, 0.14, 0.67): 1
259.79: (-0.83, 0.43, 0.35)
259.90: (-0.80, 0.46, 0.38)
260.02: (-0.76, 0.52, 0.39)
260.12: (-0.79, 0.50, 0.36)
260.22: (-0.77, 0.29, 0.57)
260.34: (-0.68, 0.18, 0.71)
260.42: (-0.67, 0.18, 0.72)
260.42: (-0.99, -0.06, 0.11): 2
260.45: (-0.66, 0.18, 0.73)
260.57: (-0.64, 0.22, 0.74)
260.68: (-0.60, 0.30, 0.74)
260.80: (-0.95, 0.16, 0.25)
260.92: (-1.00, 0.02, 0.09)
261.02: (-1.00, -0.01, 0.08)
261.04: (-1.00, -0.01, 0.08)
261.04: (-0.84, -0.21, 0.50): 2
261.12: (-1.00, -0.01, 0.08)
261.24: (-0.97, 0.08, 0.22)
261.35: (-0.75, 0.13, 0.64)
261.47: (-0.83, -0.05, 0.56)
261.58: (-0.88, -0.17, 0.44)
261.63: (-0.88, -0.17, 0.43)
261.63: (0.98, 0.13, -0.11): 1
261.70: (-0.88, -0.18, 0.43)
261.80: (-0.87, -0.15, 0.47)
261.92: (-0.82, -0.04, 0.57)
262.02: (-0.79, 0.00, 0.61)
262.13: (-0.51, 0.09, 0.86)
262.25: (0.19, 0.24, 0.95)
262.37: (0.31, 0.30, 0.90)
262.48: (0.29, 0.29, 0.91)
262.59: (0.30, 0.34, 0.89)
262.70: (0.94, 0.21, 0.28)
262.82: (0.96, 0.02, -0.27)
262.93: (0.96, 0.04, -0.28)
263.05: (0.98, 0.18, -0.01)
263.13: (0.98, 0.18, -0.01)
263.13: (-0.17, 0.40, -0.90): 1
263.17: (0.98, 0.18, -0.02)
263.27: (0.98, 0.16, -0.07)
263.38: (0.98, 0.15, -0.11)
263.50: (0.98, 0.17, -0.06)
263.62: (0.98, 0.20, 0.07)
263.73: (0.89, -0.09, -0.44)
263.85: (0.90, -0.16, -0.41)
263.97: (0.96, -0.03, -0.29)
264.08: (0.92, -0.10, -0.38)
264.20: (0.88, -0.29, -0.37)
264.32: (0.86, -0.47, -0.20)
264.43: (0.83, -0.50, -0.26)
264.55: (0.84, -0.46, -0.27)
264.65: (0.84, -0.46, -0.27)
264.77: (0.58, -0.65, -0.49)
264.88: (0.07, -0.66, -0.75)
264.98: (-0.29, -0.40, -0.87)
265.08: (-0.33, -0.35, -0.88)
265.18: (-0.22, -0.39, -0.89)
265.30: (-0.15, -0.42, -0.89)
265.42: (-0.37, -0.18, -0.91)
265.52: (-0.11, -0.11, -0.99)
265.63: (0.63, -0.24, -0.74)
265.75: (0.54, -0.26, -0.80)
265.85: (0.28, -0.18, -0.94)
265.97: (-0.03, 0.25, -0.97)
266.08: (-0.13, 0.39, -0.91)
266.20: (-0.13, 0.39, -0.91)
266.28: (-0.14, 0.40, -0.91)
266.28: (-0.56, -0.52, -0.64): 1
266.30: (-0.14, 0.40, -0.91)
266.42: (-0.15, 0.41, -0.90)
266.53: (-0.11, 0.39, -0.91)
266.65: (-0.11, 0.38, -0.92)
266.77: (-0.11, 0.36, -0.93)
266.87: (-0.12, 0.36, -0.93)
266.98: (-0.12, 0.36, -0.92)
267.10: (-0.10, 0.34, -0.94)
267.22: (-0.10, 0.34, -0.94)
267.33: (-0.44, 0.50, -0.75)
267.43: (-0.79, 0.50, -0.35)
267.55: (-0.60, 0.52, -0.61)
267.65: (-0.58, 0.52, -0.62)
267.77: (-0.76, 0.49, -0.42)
267.88: (-0.96, 0.25, 0.15)
268.00: (-0.97, 0.24, -0.02)
268.12: (-0.95, 0.30, -0.10)
268.22: (-0.98, 0.21, -0.02)
268.33: (-0.92, 0.01, 0.39)
268.45: (-0.91, -0.04, 0.42)
268.57: (-0.96, 0.08, 0.27)
268.68: (-0.93, 0.02, 0.36)
268.80: (-0.77, -0.17, 0.62)
268.90: (-0.89, -0.08, 0.46)
269.02: (-0.91, -0.03, 0.41)
269.13: (-0.48, -0.19, 0.86)
269.25: (-0.45, -0.21, 0.87)
269.37: (-0.49, -0.19, 0.85)
269.48: (-0.47, -0.18, 0.86)
269.60: (0.02, -0.11, 0.99)
269.72: (-0.58, 0.34, 0.74)
269.83: (-0.62, 0.73, 0.27)
269.95: (-0.58, 0.72, 0.39)
270.05: (-0.57, 0.72, 0.40)
270.17: (-0.05, 1.00, 0.08)
270.27: (0.11, 0.98, 0.16)
270.38: (0.10, 0.97, 0.20)
270.50: (0.10, 0.97, 0.20)
270.60: (0.37, 0.90, -0.26)
270.70: (0.11, 0.72, -0.68)
270.82: (-0.47, 0.25, -0.85)
270.92: (-0.44, 0.27, -0.86)
271.02: (-0.44, 0.27, -0.86)
271.13: (-0.61, 0.04, -0.79)
271.25: (-0.63, -0.44, -0.64)
271.37: (-0.62, -0.42, -0.67)
271.47: (-0.57, -0.39, -0.72)
271.57: (-0.54, -0.44, -0.72)
271.57: (-0.14, 0.52, 0.84): 2
271.58: (-0.54, -0.44, -0.72)
271.68: (-0.54, -0.44, -0.72)
271.80: (-0.52, -0.31, -0.80)
271.92: (-0.54, 0.08, -0.84)
272.03: (-0.44, 0.34, -0.83)
272.15: (-0.32, 0.58, -0.75)
272.27: (-0.33, 0.54, -0.78)
272.37: (-0.37, 0.57, -0.74)
272.48: (-0.01, 0.93, -0.37)
272.60: (-0.06, 0.91, -0.40)
272.70: (-0.12, 0.88, -0.46)
272.82: (0.12, 0.95, -0.28)
272.92: (0.54, 0.84, 0.08)
273.03: (0.73, 0.60, 0.33)
273.15: (0.75, 0.29, 0.59)
273.25: (0.73, 0.27, 0.63)
273.37: (0.73, 0.32, 0.60)
273.47: (0.75, 0.32, 0.58)
273.58: (0.64, -0.43, 0.63)
273.70: (0.28, -0.84, 0.46)
273.82: (-0.06, -0.93, 0.36)
273.92: (0.03, -0.91, 0.41)
274.03: (0.13, -0.89, 0.44)
274.15: (0.08, -0.83, 0.55)
274.27: (0.02, -0.41, 0.91)
274.37: (-0.02, 0.14, 0.99)
274.48: (0.29, 0.49, 0.82)
274.60: (0.34, 0.58, 0.74)
274.72: (0.00, 0.62, 0.79)
274.82: (-0.09, 0.60, 0.79)
274.93: (-0.17, 0.54, 0.83)
274.97: (-0.17, 0.53, 0.83)
274.97: (-0.91, -0.18, -0.36): 0
275.03: (-0.17, 0.53, 0.83)
275.15: (-0.13, 0.53, 0.84)
275.25: (0.16, 0.43, 0.89)
275.37: (0.26, 0.37, 0.89)
275.48: (0.24, 0.35, 0.90)
275.58: (0.54, 0.56, 0.63)
275.70: (0.83, 0.55, -0.07)
275.82: (0.84, 0.53, -0.11)
275.92: (0.85, 0.45, -0.27)
276.02: (0.69, 0.29, -0.66)
276.13: (0.33, 0.00, -0.94)
276.23: (0.33, -0.08, -0.94)
276.35: (0.35, -0.07, -0.94)
276.47: (0.36, -0.06, -0.93)
276.58: (-0.41, -0.65, -0.63)
276.70: (-0.57, -0.73, -0.38)
276.80: (-0.54, -0.72, -0.43)
276.92: (-0.67, -0.74, -0.01)
277.03: (-0.81, -0.45, 0.37)
277.13: (-0.94, -0.32, -0.12)
277.23: (-0.87, -0.21, -0.45)
277.35: (-0.92, -0.17, -0.35)
277.45: (-0.95, -0.15, -0.26)
277.45: (1.00, 0.00, 0.03): 0
277.47: (-0.95, -0.15, -0.26)
277.58: (-0.94, -0.17, -0.30)
277.68: (-0.85, -0.34, -0.40)
277.80: (-0.70, -0.61, -0.37)
277.91: (-0.40, -0.84, -0.37)
278.03: (-0.41, -0.89, 0.21)
278.13: (0.27, -0.93, 0.25)
278.25: (0.52, -0.85, 0.04)
278.36: (0.52, -0.86, 0.04)
278.46: (0.54, -0.84, -0.02)
278.58: (0.81, -0.46, -0.37)
278.68: (0.72, 0.05, -0.69)
278.78: (0.38, 0.44, -0.81)
278.90: (0.53, 0.44, -0.73)
279.01: (0.95, 0.03, -0.31)
279.13: (0.97, -0.03, -0.24)
279.25: (0.99, 0.07, -0.11)
279.36: (0.99, -0.05, 0.12)
279.40: (0.99, -0.05, 0.12)
279.40: (0.97, 0.14, -0.18): 0
279.46: (0.99, -0.05, 0.12)
279.56: (0.99, -0.05, 0.12)
279.68: (0.99, -0.05, 0.09)
279.80: (1.00, -0.05, 0.08)
279.91: (0.96, 0.26, -0.08)
280.01: (0.94, 0.30, -0.15)
280.01: (0.56, 0.57, 0.61): 0
280.01: (0.94, 0.30, -0.15)
280.11: (0.94, 0.30, -0.15)
280.23: (0.97, 0.21, -0.14)
280.35: (0.95, 0.25, -0.19)
280.45: (0.95, 0.23, -0.21)
280.56: (0.93, 0.06, 0.37)
280.68: (0.90, 0.35, 0.25)
280.80: (0.90, 0.35, 0.24)
280.91: (0.89, 0.32, 0.33)
281.01: (0.64, 0.54, 0.56)
281.13: (0.51, 0.66, 0.55)
281.25: (0.59, 0.56, 0.58)
281.33: (0.59, 0.56, 0.58)
281.33: (-0.16, 0.39, 0.91): 2
281.36: (0.58, 0.57, 0.59)
281.46: (0.55, 0.63, 0.55)
281.58: (0.53, 0.71, 0.47)
281.68: (0.37, 0.56, 0.74)
281.80: (0.08, 0.58, 0.81)
281.91: (-0.06, 0.54, 0.84)
282.01: (-0.08, 0.48, 0.88)
282.13: (-0.16, 0.39, 0.91)
282.18: (-0.17, 0.40, 0.90)
282.18: (0.56, -0.64, -0.52): 0
282.25: (-0.17, 0.40, 0.90)
282.36: (-0.16, 0.41, 0.90)
282.48: (-0.11, 0.44, 0.89)
282.60: (-0.03, 0.44, 0.90)
282.70: (-0.19, 0.70, 0.69)
282.81: (-0.09, 0.99, 0.13)
282.93: (-0.04, 0.87, 0.50)
283.05: (0.15, 0.11, 0.98)
283.16: (0.38, -0.48, 0.79)
283.26: (0.57, -0.53, 0.62)
283.38: (0.82, -0.14, 0.55)
283.50: (0.82, -0.13, 0.55)
283.60: (0.80, -0.16, 0.57)
283.71: (0.76, -0.26, 0.60)
283.83: (0.87, 0.45, 0.20)
283.95: (0.49, 0.84, -0.23)
284.05: (0.57, 0.82, -0.11)
284.16: (0.57, 0.82, -0.11)
284.28: (0.77, 0.60, -0.24)
284.40: (0.81, 0.09, -0.58)
284.51: (0.68, -0.31, -0.67)
284.63: (0.57, -0.51, -0.65)
284.75: (0.58, -0.75, -0.33)
284.86: (0.55, -0.64, -0.53)
284.96: (0.54, -0.61, -0.58)
285.08: (0.53, -0.62, -0.57)
285.11: (0.53, -0.62, -0.57)
285.11: (0.93, -0.25, -0.25): 2
285.20: (0.53, -0.62, -0.57)
285.30: (0.59, -0.52, -0.62)
285.41: (0.68, -0.15, -0.72)
285.53: (0.86, 0.11, -0.49)
285.63: (0.97, -0.07, -0.25)
285.75: (0.94, -0.14, -0.31)
285.85: (0.93, -0.18, -0.32)
285.85: (0.84, -0.54, 0.00): 2
285.85: (0.93, -0.18, -0.32)
285.96: (0.93, -0.18, -0.32)
286.08: (0.95, -0.20, -0.24)
286.18: (0.88, -0.47, -0.01)
286.30: (0.83, -0.56, -0.01)
286.33: (0.82, -0.57, -0.02)
286.33: (-0.97, 0.14, 0.18): 0
286.40: (0.82, -0.57, -0.02)
286.51: (0.86, -0.52, 0.01)
286.63: (0.87, -0.49, 0.05)
286.75: (0.75, -0.64, 0.15)
286.85: (0.67, -0.65, 0.37)
286.96: (0.20, -0.42, 0.89)
287.06: (-0.04, -0.20, 0.98)
287.16: (0.00, -0.21, 0.98)
287.28: (-0.01, -0.24, 0.97)
287.40: (-0.82, -0.09, 0.57)
287.51: (-0.96, 0.23, 0.14)
287.61: (-0.94, 0.32, 0.12)
287.73: (-0.94, 0.19, 0.27)
287.85: (-0.96, 0.16, 0.23)
287.86: (-0.96, 0.16, 0.22)
287.86: (0.99, 0.04, 0.13): 1
287.96: (-0.96, 0.17, 0.21)
288.08: (-0.95, 0.20, 0.25)
288.18: (-0.92, 0.23, 0.33)
288.28: (-0.91, 0.22, 0.35)
288.40: (-0.78, 0.19, 0.60)
288.51: (0.00, 0.23, 0.97)
288.63: (0.64, 0.10, 0.76)
288.75: (0.89, -0.01, 0.46)
288.86: (0.96, -0.15, 0.25)
288.98: (0.98, -0.11, 0.15)
289.08: (1.00, -0.02, 0.08)
289.15: (1.00, -0.02, 0.10)
END