4/1/2023 1:14:56 PM
Mode: Mono
White time (s): [0.4997253, 1.38327, 3.949005, 3.332977, 1.466553, 1.116455, 1.516449, 1.465973, 2.099457, 2.849396, 2.24942, 2.266205, 3.999451, 1.349792, 3.015991, 1.116547, 0.7998962, 0.6332092, 4.348907, 2.582825, 2.58313, 1.482849, 0.7330322, 2.366272, 1.216248, 3.51593, 1.633179, 4.982178, 0.7330322, 2.882751]
Shot time (s): [2.082611, 1.666351, 0.5167236, 1.682373, 1.366547, 2.68277, 1.39975, 1.366638, 2.549286, 2.74939, 1.816498, 1.54953, 1.466522, 2.082947, 2.099548, 0.3999023, 2.966034, 1.583038, 2.499329, 1.099792, 2.282898, 1.583008, 0.3832397, 2.083038, 3.649567, 1.249725, 5.315735, 1.13324, 3.899231, 1.932983]
Step time (s): [0.3997803, 1.566559, 3.016052, 1.782806, 1.599701, 1.333069, 1.433105, 6.165314, 0.5002747, 2.23291, 0.4332581, 3.88269, 1.316406, 3.315826, 1.099792, 2.732788, 2.466278, 2.399323, 0.9330139, 1.283081, 1.932861, 2.482849, 1.883057, 2.166382, 1.350098, 2.865601, 1.749634, 1.183228, 0.4498901, 0.3832397]
White horz (deg): [17.325, 206.8549, 550.9899, 573.0999, 144.5949, 127.16, 117.15, 110.605, 201.7949, 436.645, 280.39, 232.045, 592.6247, 33.77, 345.015, 204.655, 117.535, 102.19, 409.5849, 257.5099, 350.5149, 123.915, 21.945, 229.405, 165.605, 545.5999, 181.61, 662.1999, 25.85, 257.95]
Shot horz (deg): [243.1, 277.7499, 42.35, 225.005, 77.60501, 320.43, 94.435, 66.22001, 327.1399, 346.115, 247.9949, 158.785, 111.155, 385.495, 204.5999, 21.78, 296.56, 255.365, 453.64, 167.805, 425.9199, 266.695, 14.19, 257.125, 163.1849, 85.69005, 722.0948, 166.76, 501.9848, 189.585]
Step horz (deg): [10.945, 184.085, 418.2199, 175.56, 172.3149, 113.52, 145.86, 746.4601, 7.369999, 296.67, 9.13, 436.37, 126.39, 390.3348, 38.335, 454.1898, 382.195, 222.585, 130.185, 94.16002, 194.7549, 318.34, 189.035, 215.38, 93.71999, 298.1, 218.625, 55.385, 16.94, 8.525001]
White vert (deg): [34.43, 39.27, 594.825, 301.2349, 149.545, 133.43, 146.685, 251.7349, 262.4049, 312.565, 255.585, 331.98, 623.645, 213.62, 357.7749, 102.465, 49.665, 30.085, 453.9151, 243.375, 421.0249, 203.225, 33.935, 192.335, 153.615, 558.69, 97.40499, 614.515, 94.43499, 269.9401]
Shot vert (deg): [202.455, 188.4299, 12.65, 201.135, 132.7699, 355.575, 124.025, 226.27, 247.445, 393.58, 219.45, 131.78, 239.69, 183.975, 252.175, 10.23, 492.8, 319.3299, 301.6199, 123.53, 306.0199, 210.045, 10.175, 364.045, 266.0899, 202.345, 658.8998, 154.33, 550.77, 167.97]
Step vert (deg): [17.545, 114.125, 276.705, 175.89, 193.545, 76.66999, 143.7699, 1045.66, 22.825, 224.4, 8.579999, 527.9448, 186.89, 426.25, 167.035, 407.6601, 361.46, 325.16, 39.32501, 186.505, 111.155, 443.355, 293.315, 261.4699, 113.465, 292.435, 183.755, 148.5, 35.64, 28.325]

Time in sec: camera forward versor
Time in sec: target versor: sound type (0 = White, 1 = Shot, 2 = Step)
START
376.01: (0.60, 0.79, -0.12): 0
376.01: (0.17, 0.92, 0.34)
376.13: (0.19, 0.93, 0.31)
376.25: (0.19, 0.93, 0.31)
376.36: (0.37, 0.91, 0.20)
376.46: (0.51, 0.84, -0.18)
376.51: (0.52, 0.83, -0.21)
376.51: (0.91, -0.13, -0.40): 0
376.58: (0.52, 0.83, -0.20)
376.68: (0.56, 0.81, -0.17)
376.80: (0.58, 0.80, -0.15)
376.91: (0.56, 0.82, -0.14)
377.03: (0.67, 0.74, -0.12)
377.13: (0.97, -0.25, 0.02)
377.25: (0.28, -0.96, 0.05)
377.36: (0.28, -0.96, 0.05)
377.48: (0.40, -0.92, 0.02)
377.60: (0.81, -0.55, -0.22)
377.70: (0.93, -0.19, -0.32)
377.80: (0.94, -0.05, -0.35)
377.90: (0.91, -0.04, -0.42)
377.90: (0.97, -0.22, -0.13): 2
377.91: (0.91, -0.04, -0.42)
378.03: (0.91, -0.05, -0.41)
378.15: (0.91, -0.18, -0.37)
378.25: (0.96, -0.23, -0.19)
378.30: (0.97, -0.23, -0.13)
378.30: (0.24, -0.91, -0.35): 1
378.36: (0.97, -0.23, -0.13)
378.48: (0.96, -0.23, -0.13)
378.59: (0.96, -0.25, -0.07)
378.71: (0.86, -0.43, 0.29)
378.83: (0.76, -0.12, 0.63)
378.94: (0.55, 0.76, 0.34)
379.06: (0.18, 0.95, -0.27)
379.16: (0.19, 0.93, -0.30)
379.28: (0.19, 0.93, -0.30)
379.39: (0.19, 0.92, -0.34)
379.51: (0.46, 0.39, -0.80)
379.63: (0.59, -0.34, -0.73)
379.74: (0.48, -0.47, -0.74)
379.84: (0.24, -0.65, -0.72)
379.96: (-0.26, -0.79, -0.56)
380.08: (-0.30, -0.85, -0.44)
380.19: (0.10, -0.93, -0.35)
380.29: (0.22, -0.90, -0.38)
380.38: (0.28, -0.88, -0.38)
380.38: (0.89, 0.38, 0.25): 1
380.39: (0.28, -0.88, -0.38)
380.51: (0.26, -0.88, -0.39)
380.63: (0.23, -0.86, -0.45)
380.74: (0.10, -0.35, -0.93)
380.86: (-0.21, 0.32, -0.92)
380.98: (-0.32, 0.73, -0.60)
381.08: (-0.26, 0.89, -0.38)
381.19: (0.07, 0.91, -0.42)
381.29: (0.85, 0.38, -0.36)
381.41: (0.88, -0.47, 0.03)
381.53: (0.41, -0.86, 0.29)
381.63: (0.73, -0.63, 0.26)
381.74: (1.00, 0.06, 0.07)
381.86: (0.96, 0.28, 0.06)
381.98: (0.92, 0.35, 0.16)
382.04: (0.90, 0.37, 0.24)
382.04: (-0.68, -0.72, 0.11): 2
382.09: (0.89, 0.38, 0.25)
382.21: (0.89, 0.38, 0.24)
382.33: (0.94, 0.29, 0.21)
382.44: (0.88, -0.32, 0.35)
382.54: (0.58, -0.82, 0.01)
382.66: (0.63, -0.61, -0.48)
382.78: (0.43, -0.58, -0.69)
382.88: (-0.12, -0.88, -0.45)
382.99: (-0.53, -0.84, -0.06)
383.09: (-0.53, -0.84, -0.06)
383.21: (-0.53, -0.85, -0.06)
383.33: (-0.52, -0.85, -0.09)
383.44: (-0.52, -0.85, -0.08)
383.56: (-0.63, -0.77, 0.04)
383.61: (-0.69, -0.72, 0.09)
383.61: (0.52, 0.57, -0.64): 0
383.68: (-0.70, -0.71, 0.10)
383.79: (-0.70, -0.71, 0.09)
383.91: (-0.71, -0.70, 0.07)
384.01: (-0.71, -0.70, 0.07)
384.13: (-0.71, -0.70, 0.04)
384.24: (-0.70, -0.69, 0.19)
384.34: (-0.62, -0.27, 0.74)
384.46: (-0.68, 0.41, 0.61)
384.58: (-0.83, 0.51, 0.19)
384.69: (-0.95, 0.29, -0.06)
384.81: (-0.99, -0.11, 0.13)
384.93: (-0.87, -0.47, 0.13)
385.03: (-0.73, -0.65, -0.20)
385.14: (-0.78, -0.62, 0.11)
385.24: (-0.41, 0.09, 0.91)
385.34: (0.04, 0.67, 0.74)
385.46: (0.03, 0.96, 0.28)
385.58: (-0.25, 0.85, -0.47)
385.68: (-0.37, 0.20, -0.91)
385.78: (-0.45, -0.25, -0.85)
385.89: (-0.47, -0.21, -0.86)
385.99: (-0.48, -0.18, -0.86)
386.11: (-0.88, -0.19, -0.44)
386.23: (-0.77, -0.25, 0.58)
386.34: (-0.60, -0.13, 0.79)
386.46: (-0.60, -0.16, 0.78)
386.58: (-0.89, -0.40, -0.23)
386.68: (-0.21, -0.27, -0.94)
386.79: (0.45, -0.08, -0.89)
386.89: (0.79, -0.10, -0.60)
387.01: (0.93, -0.35, -0.14)
387.13: (0.97, -0.24, -0.05)
387.24: (0.80, 0.32, -0.50)
387.36: (0.53, 0.49, -0.70)
387.46: (0.52, 0.48, -0.70)
387.56: (0.54, 0.53, -0.65)
387.56: (0.17, -0.30, 0.94): 0
387.58: (0.54, 0.53, -0.65)
387.68: (0.54, 0.52, -0.66)
387.79: (0.54, 0.50, -0.67)
387.91: (0.54, 0.50, -0.67)
388.03: (0.58, 0.29, -0.76)
388.13: (0.30, 0.55, -0.78)
388.24: (-0.26, 0.87, -0.43)
388.34: (-0.76, 0.64, -0.01)
388.46: (-0.93, -0.03, 0.36)
388.58: (-0.73, -0.55, 0.42)
388.69: (-0.41, -0.88, 0.25)
388.79: (-0.22, -0.97, -0.12)
388.91: (0.02, -0.81, -0.58)
389.03: (0.05, -0.32, -0.94)
389.14: (0.03, 0.16, -0.99)
389.26: (-0.34, 0.56, -0.76)
389.36: (-0.79, 0.59, -0.15)
389.48: (-0.79, 0.08, 0.60)
389.59: (-0.27, -0.57, 0.78)
389.71: (0.43, -0.79, 0.43)
389.81: (0.82, -0.57, -0.05)
389.93: (0.82, -0.57, -0.05)
390.04: (0.82, -0.57, -0.05)
390.16: (0.82, -0.57, -0.05)
390.28: (0.82, -0.57, 0.00)
390.39: (0.56, -0.64, 0.53)
390.49: (0.18, -0.49, 0.85)
390.59: (0.14, -0.44, 0.89)
390.71: (0.26, -0.38, 0.89)
390.83: (0.21, -0.32, 0.92)
390.89: (0.16, -0.31, 0.94)
390.89: (-0.17, 0.97, 0.15): 2
390.94: (0.16, -0.31, 0.94)
391.06: (0.16, -0.31, 0.94)
391.18: (0.23, -0.34, 0.91)
391.29: (0.58, -0.63, 0.52)
391.39: (0.61, -0.79, 0.09)
391.51: (0.86, -0.45, -0.24)
391.63: (0.97, 0.21, -0.14)
391.74: (0.90, 0.41, 0.13)
391.86: (0.89, 0.41, 0.21)
391.96: (0.86, 0.49, 0.12)
392.08: (0.29, 0.68, -0.67)
392.19: (0.11, 0.54, -0.83)
392.31: (0.11, 0.54, -0.83)
392.43: (0.11, 0.54, -0.83)
392.53: (0.10, 0.47, -0.88)
392.64: (-0.10, -0.36, -0.93)
392.76: (-0.15, -0.90, -0.41)
392.88: (-0.41, -0.91, -0.08)
392.99: (-0.75, -0.66, 0.09)
393.09: (-0.99, -0.13, 0.11)
393.21: (-0.85, 0.52, -0.08)
393.33: (-0.73, 0.63, -0.26)
393.44: (-0.73, 0.63, -0.26)
393.56: (-0.73, 0.63, -0.26)
393.68: (-0.58, 0.81, -0.05)
393.78: (-0.27, 0.94, 0.21)
393.89: (-0.09, 0.95, 0.30)
393.91: (-0.09, 0.95, 0.30)
393.91: (0.87, 0.27, 0.42): 0
394.01: (-0.09, 0.95, 0.29)
394.11: (-0.13, 0.96, 0.24)
394.23: (-0.14, 0.97, 0.21)
394.34: (-0.11, 0.97, 0.21)
394.46: (-0.10, 0.99, -0.12)
394.58: (0.34, 0.83, -0.44)
394.69: (0.96, 0.28, -0.01)
394.81: (0.94, -0.31, 0.16)
394.93: (0.91, -0.39, 0.12)
395.04: (0.99, 0.06, 0.14)
395.16: (0.89, 0.30, 0.34)
395.26: (0.85, 0.33, 0.40)
395.36: (0.86, 0.20, 0.47)
395.38: (0.86, 0.18, 0.48)
395.38: (0.71, 0.69, -0.17): 1
395.48: (0.87, 0.16, 0.47)
395.59: (0.87, 0.16, 0.47)
395.69: (0.89, 0.20, 0.42)
395.81: (0.82, 0.56, 0.14)
395.89: (0.74, 0.67, -0.03)
395.89: (-0.77, -0.13, 0.63): 1
395.91: (0.74, 0.67, -0.03)
396.03: (0.75, 0.67, -0.03)
396.14: (0.75, 0.66, -0.05)
396.26: (0.74, 0.67, -0.07)
396.37: (0.71, 0.63, -0.30)
396.49: (0.62, 0.32, -0.71)
396.61: (-0.07, 0.06, -1.00)
396.72: (-0.81, 0.12, -0.57)
396.84: (-0.89, 0.46, 0.06)
396.96: (-0.42, 0.88, 0.23)
397.06: (-0.09, 0.93, 0.37)
397.17: (-0.44, 0.62, 0.65)
397.27: (-0.72, 0.34, 0.61)
397.39: (-0.82, 0.17, 0.55)
397.49: (-0.81, 0.06, 0.58)
397.57: (-0.71, -0.06, 0.71)
397.57: (-0.34, -0.93, 0.13): 1
397.61: (-0.70, -0.07, 0.71)
397.71: (-0.70, -0.07, 0.71)
397.82: (-0.71, -0.07, 0.70)
397.92: (-0.73, -0.07, 0.68)
398.04: (-0.90, -0.21, 0.39)
398.16: (-0.89, -0.40, -0.21)
398.26: (-0.67, -0.43, -0.60)
398.36: (-0.55, -0.60, -0.59)
398.47: (-0.56, -0.81, -0.13)
398.59: (-0.49, -0.85, 0.18)
398.71: (-0.35, -0.91, 0.24)
398.82: (-0.31, -0.93, 0.19)
398.94: (-0.29, -0.94, 0.16)
398.94: (-0.82, 0.17, 0.55): 2
398.94: (-0.29, -0.94, 0.16)
399.06: (-0.28, -0.94, 0.17)
399.17: (-0.27, -0.94, 0.20)
399.27: (-0.14, -0.95, 0.29)
399.39: (0.24, -0.71, 0.66)
399.49: (0.46, -0.34, 0.82)
399.61: (0.46, -0.31, 0.84)
399.72: (0.45, -0.30, 0.84)
399.82: (0.40, -0.12, 0.91)
399.92: (-0.14, 0.35, 0.93)
400.04: (-0.78, 0.29, 0.56)
400.16: (-0.99, -0.11, 0.13)
400.27: (-0.97, -0.23, -0.05)
400.39: (-0.97, -0.09, 0.23)
400.51: (-0.93, 0.12, 0.35)
400.62: (-0.85, 0.24, 0.48)
400.72: (-0.83, 0.25, 0.49)
400.72: (-0.91, 0.37, -0.20): 0
400.74: (-0.83, 0.25, 0.49)
400.86: (-0.83, 0.24, 0.49)
400.96: (-0.88, 0.16, 0.46)
401.07: (-0.97, -0.13, 0.20)
401.19: (-0.88, -0.36, -0.32)
401.29: (-0.50, -0.37, -0.78)
401.41: (-0.49, -0.05, -0.87)
401.51: (-0.79, 0.15, -0.60)
401.62: (-0.96, 0.17, -0.23)
401.74: (-0.96, 0.24, -0.17)
401.84: (-0.90, 0.38, -0.21)
401.84: (0.85, -0.42, -0.32): 2
401.86: (-0.90, 0.39, -0.21)
401.97: (-0.90, 0.38, -0.22)
402.09: (-0.92, 0.33, -0.22)
402.19: (-0.92, 0.33, -0.22)
402.29: (-0.94, 0.23, -0.25)
402.41: (-0.96, -0.20, -0.22)
402.51: (-0.79, -0.60, 0.16)
402.62: (-0.16, -0.75, 0.64)
402.74: (0.40, -0.57, 0.72)
402.84: (0.74, -0.42, 0.53)
402.96: (0.93, -0.37, 0.05)
403.07: (0.65, -0.46, -0.60)
403.19: (0.58, -0.34, -0.74)
403.29: (0.83, -0.35, -0.44)
403.41: (0.81, -0.47, -0.34)
403.44: (0.81, -0.48, -0.33)
403.44: (-0.66, 0.27, -0.70): 2
403.52: (0.81, -0.48, -0.34)
403.64: (0.82, -0.48, -0.32)
403.76: (0.81, -0.52, -0.28)
403.87: (0.81, -0.52, -0.28)
403.99: (0.81, -0.52, -0.28)
404.11: (0.82, -0.48, -0.32)
404.22: (0.73, -0.08, -0.68)
404.32: (0.27, 0.13, -0.95)
404.44: (-0.22, 0.20, -0.96)
404.56: (-0.42, 0.44, -0.80)
404.67: (-0.64, 0.41, -0.65)
404.77: (-0.67, 0.31, -0.68)
404.77: (-0.42, -0.68, 0.59): 0
404.79: (-0.66, 0.31, -0.68)
404.91: (-0.66, 0.30, -0.69)
405.02: (-0.65, 0.30, -0.70)
405.14: (-0.62, 0.28, -0.73)
405.26: (-0.61, 0.26, -0.75)
405.37: (-0.62, -0.15, -0.77)
405.49: (-0.17, -0.74, -0.65)
405.61: (0.19, -0.94, -0.27)
405.71: (0.18, -0.98, 0.04)
405.82: (0.00, -0.95, 0.32)
405.94: (-0.24, -0.76, 0.60)
406.06: (-0.46, -0.44, 0.77)
406.17: (-0.39, -0.60, 0.69)
406.29: (-0.31, -0.72, 0.62)
406.29: (0.99, 0.00, 0.14): 1
406.29: (-0.31, -0.72, 0.62)
406.41: (-0.32, -0.71, 0.62)
406.51: (-0.32, -0.71, 0.62)
406.62: (-0.48, -0.61, 0.63)
406.74: (-0.86, -0.34, 0.39)
406.84: (-0.92, -0.32, -0.22)
406.96: (-0.53, -0.19, -0.82)
407.06: (-0.22, 0.00, -0.97)
407.16: (-0.08, 0.19, -0.98)
407.27: (0.05, 0.49, -0.87)
407.39: (0.19, 0.78, -0.60)
407.49: (0.24, 0.92, -0.30)
407.61: (0.24, 0.97, -0.01)
407.72: (0.27, 0.92, 0.30)
407.82: (0.28, 0.78, 0.56)
407.94: (0.30, 0.51, 0.81)
408.06: (0.32, 0.07, 0.94)
408.17: (0.42, -0.32, 0.85)
408.27: (0.60, -0.54, 0.59)
408.39: (0.84, -0.53, 0.10)
408.51: (0.92, -0.03, -0.40)
408.62: (0.75, 0.49, -0.45)
408.74: (0.89, 0.35, -0.28)
408.86: (1.00, 0.09, -0.03)
408.97: (1.00, -0.02, 0.06)
408.97: (-0.60, -0.79, -0.12): 2
408.97: (1.00, -0.02, 0.06)
409.09: (1.00, 0.01, 0.04)
409.21: (1.00, 0.02, 0.02)
409.32: (0.98, 0.12, 0.14)
409.44: (0.88, 0.27, 0.39)
409.56: (0.76, 0.29, 0.59)
409.67: (0.55, 0.09, 0.83)
409.79: (0.34, -0.53, 0.78)
409.89: (0.07, -0.92, 0.39)
410.01: (-0.28, -0.94, 0.19)
410.11: (-0.54, -0.78, 0.31)
410.21: (-0.67, -0.64, 0.37)
410.32: (-0.64, -0.77, 0.08)
410.41: (-0.59, -0.81, -0.04)
410.41: (-0.96, 0.29, -0.01): 2
410.44: (-0.58, -0.81, -0.04)
410.54: (-0.60, -0.80, -0.02)
410.66: (-0.67, -0.73, 0.13)
410.77: (-0.77, -0.57, 0.29)
410.89: (-0.84, -0.35, 0.41)
410.99: (-0.77, -0.11, 0.63)
411.10: (-0.51, 0.15, 0.85)
411.21: (-0.25, 0.30, 0.92)
411.32: (0.07, 0.39, 0.92)
411.44: (0.60, 0.32, 0.74)
411.55: (0.96, -0.08, 0.27)
411.67: (0.85, -0.39, -0.35)
411.77: (0.58, -0.45, -0.68)
411.89: (0.25, -0.61, -0.75)
412.00: (-0.08, -0.82, -0.57)
412.12: (-0.49, -0.81, -0.33)
412.24: (-0.71, -0.64, -0.30)
412.34: (-0.75, -0.34, -0.57)
412.45: (0.00, -0.11, -0.99)
412.57: (0.82, 0.11, -0.56)
412.69: (0.96, 0.30, 0.01)
412.79: (0.84, 0.53, -0.12)
412.90: (0.47, 0.43, -0.77)
413.02: (-0.17, 0.01, -0.99)
413.12: (-0.45, -0.20, -0.87)
413.22: (-0.56, -0.29, -0.78)
413.34: (-0.63, -0.39, -0.67)
413.45: (-0.66, -0.63, -0.42)
413.57: (-0.51, -0.86, -0.07)
413.69: (-0.63, -0.77, 0.10)
413.80: (-0.40, -0.87, 0.27)
413.92: (0.40, -0.82, 0.41)
414.04: (0.61, -0.72, 0.35)
414.15: (0.69, -0.70, 0.20)
414.27: (0.60, -0.78, -0.15)
414.39: (0.20, -0.87, -0.45)
414.49: (-0.35, -0.92, -0.16)
414.60: (-0.54, -0.39, 0.75)
414.72: (-0.01, 0.43, 0.90)
414.84: (0.10, 0.51, 0.86)
414.95: (0.10, 0.51, 0.86)
415.05: (0.10, 0.51, 0.86)
415.17: (0.10, 0.51, 0.86)
415.29: (0.56, 0.19, 0.81)
415.40: (0.91, -0.33, 0.25)
415.52: (0.95, -0.32, 0.05)
415.64: (0.90, 0.23, 0.37)
415.75: (-0.03, 0.59, 0.80)
415.85: (-0.75, 0.20, 0.63)
415.97: (-0.93, -0.37, 0.00)
416.09: (-0.68, -0.54, -0.50)
416.20: (-0.71, -0.30, -0.64)
416.32: (-0.94, -0.02, -0.33)
416.44: (-0.97, 0.23, -0.12)
416.55: (-0.95, 0.32, -0.02)
416.57: (-0.95, 0.32, -0.02)
416.57: (-0.77, 0.46, 0.45): 2
416.67: (-0.95, 0.32, -0.04)
416.79: (-0.95, 0.33, -0.02)
416.89: (-0.94, 0.34, 0.01)
417.00: (-0.86, 0.45, 0.25)
417.07: (-0.83, 0.46, 0.31)
417.07: (0.02, -0.88, -0.47): 2
417.12: (-0.82, 0.46, 0.34)
417.24: (-0.80, 0.47, 0.38)
417.35: (-0.78, 0.48, 0.41)
417.47: (-0.78, 0.49, 0.39)
417.59: (-0.78, 0.58, 0.24)
417.70: (-0.64, 0.72, -0.27)
417.80: (-0.51, 0.46, -0.73)
417.92: (-0.63, 0.14, -0.76)
418.04: (-0.90, -0.24, -0.37)
418.15: (-0.73, -0.56, 0.38)
418.27: (-0.35, -0.50, 0.79)
418.39: (-0.31, -0.64, 0.70)
418.50: (0.19, -0.89, 0.42)
418.62: (0.65, -0.74, -0.14)
418.72: (0.81, -0.37, -0.46)
418.84: (0.85, -0.22, -0.48)
418.95: (0.56, -0.59, -0.59)
419.07: (0.37, -0.77, -0.53)
419.17: (0.22, -0.85, -0.48)
419.29: (-0.02, -0.88, -0.47)
419.30: (-0.04, -0.89, -0.46)
419.30: (0.05, 0.99, -0.16): 0
419.40: (-0.04, -0.88, -0.46)
419.52: (0.00, -0.89, -0.46)
419.64: (0.07, -0.90, -0.42)
419.74: (-0.17, -0.96, -0.23)
419.85: (-0.45, -0.76, 0.47)
419.97: (-0.04, -0.24, 0.97)
420.09: (0.31, 0.32, 0.90)
420.20: (0.45, 0.72, 0.53)
420.32: (0.37, 0.93, 0.05)
420.44: (0.25, 0.90, -0.36)
420.55: (0.04, 0.84, -0.54)
420.67: (0.08, 0.92, -0.38)
420.77: (0.08, 0.98, -0.17)
420.77: (0.22, 0.97, -0.03): 2
420.79: (0.08, 0.98, -0.17)
420.89: (0.08, 0.98, -0.16)
421.00: (0.06, 0.98, -0.17)
421.12: (0.06, 0.99, -0.15)
421.20: (0.18, 0.98, -0.04)
421.20: (1.00, 0.01, -0.01): 1
421.24: (0.19, 0.98, -0.03)
421.34: (0.19, 0.98, -0.03)
421.45: (0.20, 0.98, -0.02)
421.57: (0.24, 0.97, -0.04)
421.67: (0.46, 0.87, -0.17)
421.79: (0.55, 0.49, -0.67)
421.90: (0.53, 0.02, -0.85)
422.02: (0.47, -0.20, -0.86)
422.12: (0.57, -0.35, -0.74)
422.24: (0.84, -0.28, -0.47)
422.34: (0.94, -0.03, -0.33)
422.45: (0.97, 0.05, -0.25)
422.57: (0.99, -0.02, -0.12)
422.60: (0.99, -0.04, -0.10)
422.60: (-0.97, -0.09, -0.21): 1
422.69: (0.99, -0.04, -0.10)
422.79: (0.99, -0.01, -0.11)
422.90: (0.99, 0.09, -0.08)
423.02: (0.96, 0.28, 0.08)
423.14: (0.70, 0.66, 0.27)
423.24: (-0.02, 0.90, 0.44)
423.34: (-0.68, 0.56, 0.47)
423.44: (-0.92, 0.06, 0.39)
423.55: (-0.88, -0.39, 0.26)
423.67: (-0.84, -0.55, -0.01)
423.79: (-0.90, -0.39, -0.20)
423.90: (-0.96, -0.19, -0.18)
423.97: (-0.96, -0.14, -0.24)
423.97: (-0.19, 0.98, 0.00): 1
424.00: (-0.96, -0.14, -0.24)
424.12: (-0.96, -0.14, -0.23)
424.24: (-0.97, -0.16, -0.18)
424.35: (-0.86, -0.49, -0.09)
424.47: (-0.47, -0.88, 0.05)
424.59: (-0.20, -0.98, 0.08)
424.70: (-0.06, -0.98, 0.17)
424.80: (0.03, -0.90, 0.43)
424.92: (0.07, -0.65, 0.75)
425.04: (0.20, -0.25, 0.95)
425.15: (0.24, -0.04, 0.97)
425.27: (0.20, -0.08, 0.98)
425.37: (0.18, -0.09, 0.98)
425.49: (0.45, -0.10, 0.89)
425.60: (0.98, -0.04, 0.21)
425.72: (0.96, 0.14, -0.24)
425.84: (0.83, 0.34, -0.45)
425.95: (0.48, 0.72, -0.50)
426.07: (-0.01, 0.95, -0.32)
426.17: (-0.27, 0.95, 0.14)
426.29: (-0.26, 0.86, 0.44)
426.39: (-0.14, 0.98, 0.12)
426.50: (-0.07, 0.99, -0.10)
426.52: (-0.07, 0.99, -0.10)
426.52: (0.97, -0.13, -0.18): 1
426.62: (-0.07, 0.99, -0.08)
426.74: (-0.06, 1.00, -0.03)
426.85: (-0.06, 1.00, -0.03)
426.95: (-0.06, 1.00, -0.03)
427.07: (-0.06, 1.00, -0.03)
427.19: (-0.22, 0.97, 0.09)
427.30: (-0.29, 0.68, 0.67)
427.42: (0.05, 0.06, 1.00)
427.52: (0.27, -0.46, 0.85)
427.64: (-0.02, -0.87, 0.50)
427.75: (-0.59, -0.75, 0.31)
427.85: (-0.81, -0.43, 0.39)
427.97: (-0.87, 0.08, 0.49)
428.09: (-0.40, 0.61, 0.68)
428.19: (0.27, 0.70, 0.66)
428.30: (0.86, 0.16, 0.48)
428.40: (0.89, -0.39, 0.21)
428.52: (0.46, -0.89, -0.05)
428.62: (-0.01, -0.98, -0.20)
428.74: (0.27, -0.93, -0.27)
428.85: (0.80, -0.56, -0.22)
428.97: (0.91, -0.40, -0.14)
429.08: (0.91, -0.38, -0.14)
429.20: (0.94, -0.28, -0.18)
429.27: (0.98, -0.16, -0.14)
429.27: (0.66, 0.09, -0.75): 1
429.32: (0.98, -0.14, -0.12)
429.42: (0.98, -0.15, -0.10)
429.52: (0.97, -0.23, -0.05)
429.62: (0.98, -0.20, -0.03)
429.73: (0.93, -0.35, 0.13)
429.85: (0.38, -0.68, 0.63)
429.97: (-0.07, -0.41, 0.91)
430.08: (-0.62, -0.09, 0.78)
430.18: (-0.88, -0.36, 0.30)
430.30: (-0.46, -0.78, -0.43)
430.42: (0.21, -0.66, -0.72)
430.53: (0.36, -0.58, -0.74)
430.65: (0.56, -0.61, -0.56)
430.75: (0.83, -0.36, -0.43)
430.87: (0.76, -0.12, -0.63)
430.97: (0.69, 0.01, -0.73)
431.07: (0.66, 0.10, -0.75)
431.08: (0.66, 0.10, -0.74)
431.08: (0.24, -0.74, 0.62): 1
431.18: (0.67, 0.11, -0.73)
431.30: (0.65, 0.09, -0.75)
431.42: (0.65, 0.09, -0.75)
431.52: (0.65, 0.09, -0.75)
431.63: (0.72, 0.12, -0.69)
431.75: (1.00, 0.04, 0.08)
431.87: (0.62, -0.07, 0.78)
431.97: (0.32, 0.17, 0.93)
432.08: (0.13, 0.61, 0.78)
432.20: (0.22, 0.40, 0.89)
432.32: (0.37, -0.39, 0.84)
432.43: (0.36, -0.70, 0.61)
432.55: (0.31, -0.73, 0.61)
432.63: (0.25, -0.70, 0.67)
432.63: (-0.97, -0.22, -0.02): 2
432.67: (0.24, -0.70, 0.68)
432.77: (0.26, -0.69, 0.68)
432.88: (0.40, -0.63, 0.67)
432.98: (0.56, -0.56, 0.61)
433.08: (0.79, -0.13, 0.59)
433.18: (0.86, 0.33, 0.39)
433.30: (0.77, 0.64, -0.02)
433.42: (0.53, 0.75, -0.40)
433.53: (0.22, 0.76, -0.61)
433.63: (-0.07, 0.86, -0.50)
433.75: (-0.49, 0.86, -0.15)
433.87: (-0.64, 0.72, 0.28)
433.98: (-0.29, 0.65, 0.70)
434.10: (0.04, 0.46, 0.88)
434.22: (0.11, 0.20, 0.97)
434.33: (0.02, -0.34, 0.94)
434.43: (0.07, -0.62, 0.78)
434.53: (0.29, -0.78, 0.55)
434.65: (0.47, -0.87, 0.16)
434.77: (0.46, -0.88, 0.13)
434.88: (0.46, -0.88, 0.13)
435.00: (0.46, -0.88, 0.13)
435.12: (0.62, -0.77, 0.13)
435.22: (0.89, -0.34, -0.31)
435.33: (0.47, 0.12, -0.87)
435.45: (0.09, 0.14, -0.99)
435.57: (-0.27, -0.06, -0.96)
435.68: (-0.54, -0.25, -0.81)
435.78: (-0.38, -0.73, -0.57)
435.90: (0.24, -0.95, -0.22)
436.02: (-0.05, -0.99, -0.12)
436.13: (-0.69, -0.67, -0.26)
436.25: (-0.81, -0.51, -0.30)
436.37: (-0.84, -0.46, -0.28)
436.48: (-0.96, -0.27, -0.12)
436.52: (-0.97, -0.23, -0.10)
436.52: (0.80, 0.55, -0.24): 0
436.60: (-0.97, -0.23, -0.10)
436.72: (-0.97, -0.23, -0.10)
436.82: (-0.97, -0.23, -0.10)
436.93: (-0.98, -0.16, -0.08)
437.05: (-0.97, 0.17, 0.19)
437.15: (-0.64, 0.47, 0.60)
437.27: (-0.66, 0.11, 0.74)
437.38: (-0.50, -0.63, 0.59)
437.50: (0.12, -0.89, 0.43)
437.62: (0.61, -0.72, 0.32)
437.73: (0.86, -0.45, 0.22)
437.83: (0.97, -0.22, 0.11)
437.93: (1.00, 0.00, -0.08)
438.05: (0.96, 0.27, 0.00)
438.17: (0.76, 0.44, 0.48)
438.28: (0.76, 0.54, 0.37)
438.40: (0.81, 0.58, 0.04)
438.52: (0.79, 0.59, -0.13)
438.62: (0.77, 0.61, -0.21)
438.62: (0.75, 0.44, 0.49): 0
438.63: (0.77, 0.61, -0.22)
438.75: (0.76, 0.62, -0.22)
438.85: (0.77, 0.61, -0.20)
438.97: (0.78, 0.59, -0.22)
439.08: (0.81, 0.48, -0.34)
439.20: (0.77, -0.01, -0.64)
439.30: (0.50, -0.49, -0.71)
439.42: (0.08, -0.86, -0.51)
439.53: (-0.23, -0.97, 0.00)
439.63: (-0.43, -0.72, 0.54)
439.75: (-0.45, -0.10, 0.89)
439.87: (-0.30, 0.55, 0.78)
439.98: (0.03, 0.93, 0.36)
440.10: (0.39, 0.91, -0.09)
440.20: (0.60, 0.71, -0.36)
440.32: (0.73, 0.46, -0.50)
440.43: (0.82, 0.22, -0.53)
440.55: (0.87, -0.03, -0.49)
440.67: (0.96, -0.26, -0.06)
440.77: (0.83, -0.23, 0.51)
440.87: (0.42, -0.16, 0.89)
440.98: (0.02, -0.01, 1.00)
441.10: (0.29, 0.15, 0.94)
441.22: (0.63, 0.18, 0.75)
441.33: (0.80, 0.23, 0.55)
441.45: (0.73, 0.46, 0.50)
441.47: (0.71, 0.47, 0.51)
441.47: (-0.91, 0.32, 0.26): 1
441.57: (0.70, 0.48, 0.53)
441.68: (0.64, 0.51, 0.58)
441.80: (0.14, 0.58, 0.80)
441.92: (-0.52, 0.48, 0.70)
442.03: (-0.98, 0.15, 0.12)
442.15: (-0.80, -0.07, -0.59)
442.27: (-0.58, -0.10, -0.81)
442.38: (-0.85, 0.05, -0.53)
442.50: (-0.94, 0.17, -0.28)
442.60: (-0.96, 0.20, -0.18)
442.70: (-0.96, 0.25, -0.11)
442.80: (-0.96, 0.29, 0.06)
442.92: (-0.89, 0.35, 0.29)
442.93: (-0.88, 0.35, 0.31)
442.93: (-0.44, 0.13, -0.89): 0
443.03: (-0.85, 0.37, 0.38)
443.15: (-0.81, 0.35, 0.47)
443.27: (-0.72, 0.28, 0.64)
443.38: (-0.95, -0.06, 0.30)
443.50: (-0.68, -0.72, 0.13)
443.62: (0.28, -0.90, 0.33)
443.73: (0.71, -0.55, 0.43)
443.85: (0.70, -0.18, 0.69)
443.97: (0.43, 0.29, 0.86)
444.08: (0.11, 0.64, 0.76)
444.18: (-0.21, 0.83, 0.51)
444.28: (-0.50, 0.83, 0.23)
444.40: (-0.66, 0.75, -0.05)
444.52: (-0.52, 0.67, -0.53)
444.63: (-0.37, 0.49, -0.79)
444.75: (-0.37, 0.49, -0.79)
444.85: (-0.37, 0.49, -0.79)
444.97: (-0.37, 0.49, -0.79)
445.08: (-0.39, 0.35, -0.85)
445.18: (-0.44, 0.18, -0.88)
445.18: (0.14, 0.99, 0.07): 0
445.20: (-0.44, 0.17, -0.88)
445.30: (-0.44, 0.17, -0.88)
445.40: (-0.43, 0.16, -0.89)
445.51: (-0.43, 0.16, -0.89)
445.63: (-0.45, -0.01, -0.89)
445.75: (-0.24, -0.48, -0.84)
445.85: (0.32, -0.79, -0.51)
445.96: (0.66, -0.74, 0.15)
446.06: (0.57, -0.60, 0.56)
446.18: (0.48, -0.58, 0.66)
446.30: (0.61, -0.67, 0.43)
446.41: (0.96, -0.23, 0.19)
446.51: (0.87, 0.49, 0.10)
446.62: (0.61, 0.73, -0.29)
446.73: (0.17, 0.48, -0.86)
446.85: (-0.10, 0.30, -0.95)
446.96: (0.06, 0.67, -0.74)
447.08: (0.25, 0.90, -0.37)
447.20: (0.31, 0.94, -0.15)
447.31: (0.26, 0.96, -0.06)
447.43: (0.18, 0.98, 0.05)
447.45: (0.18, 0.98, 0.06)
447.45: (-0.69, -0.42, -0.58): 2
447.55: (0.20, 0.98, 0.03)
447.66: (0.32, 0.94, -0.11)
447.78: (0.32, 0.81, -0.50)
447.90: (-0.11, 0.49, -0.86)
448.01: (-0.51, -0.02, -0.86)
448.13: (-0.41, -0.61, -0.67)
448.25: (-0.12, -0.93, -0.34)
448.36: (-0.26, -0.92, -0.31)
448.48: (-0.56, -0.64, -0.52)
448.60: (-0.69, -0.46, -0.55)
448.70: (-0.75, -0.43, -0.50)
448.76: (-0.76, -0.40, -0.51)
448.76: (-0.33, -0.07, 0.94): 1
448.81: (-0.76, -0.37, -0.54)
448.93: (-0.75, -0.36, -0.56)
449.05: (-0.73, -0.41, -0.55)
449.16: (-0.50, -0.73, -0.45)
449.26: (0.17, -0.97, -0.18)
449.38: (0.90, -0.41, 0.16)
449.50: (0.92, 0.27, 0.30)
449.61: (0.66, 0.66, 0.37)
449.73: (0.20, 0.87, 0.45)
449.85: (-0.29, 0.76, 0.57)
449.95: (-0.54, 0.57, 0.62)
450.06: (-0.75, 0.47, 0.46)
450.16: (-0.91, 0.40, 0.10)
450.28: (-0.97, 0.22, -0.08)
450.40: (-0.88, 0.07, 0.47)
450.50: (-0.47, 0.05, 0.88)
450.61: (-0.14, 0.08, 0.99)
450.73: (-0.23, 0.01, 0.97)
450.85: (-0.38, -0.16, 0.91)
450.85: (0.74, 0.01, 0.67): 0
450.85: (-0.38, -0.16, 0.91)
450.95: (-0.40, -0.16, 0.90)
451.06: (-0.43, -0.02, 0.90)
451.18: (-0.38, 0.38, 0.84)
451.30: (-0.20, 0.87, 0.45)
451.41: (0.12, 0.93, -0.36)
451.51: (0.13, 0.50, -0.86)
451.63: (-0.15, 0.03, -0.99)
451.75: (-0.41, -0.40, -0.82)
451.85: (-0.70, -0.53, -0.48)
451.95: (-0.92, -0.39, -0.07)
452.05: (-0.92, -0.25, 0.29)
452.16: (-0.72, -0.31, 0.62)
452.28: (-0.37, -0.44, 0.82)
452.40: (0.03, 0.00, 1.00)
452.51: (0.18, 0.61, 0.77)
452.63: (0.12, 0.88, 0.46)
452.75: (-0.03, 0.99, 0.13)
452.86: (-0.37, 0.91, -0.19)
452.96: (-0.72, 0.65, -0.25)
453.08: (-0.91, 0.37, 0.17)
453.18: (-0.84, 0.19, 0.50)
453.30: (-0.98, 0.17, -0.14)
453.41: (-0.06, 0.15, -0.99)
453.51: (0.16, 0.14, -0.98)
453.63: (0.16, 0.14, -0.98)
453.73: (0.16, 0.14, -0.98)
453.85: (0.07, 0.24, -0.97)
453.96: (0.21, 0.84, -0.49)
454.06: (0.45, 0.85, 0.26)
454.18: (0.78, 0.50, 0.37)
454.30: (1.00, 0.00, -0.08)
454.40: (0.89, -0.26, -0.38)
454.51: (0.98, -0.15, 0.08)
454.63: (0.86, -0.05, 0.50)
454.75: (0.75, 0.00, 0.66)
454.85: (0.71, 0.00, 0.70)
454.85: (0.97, -0.16, -0.16): 0
454.85: (0.71, 0.00, 0.70)
454.96: (0.74, -0.02, 0.67)
455.08: (0.92, -0.16, 0.36)
455.18: (0.92, -0.23, -0.33)
455.30: (0.35, -0.06, -0.94)
455.41: (0.09, 0.12, -0.99)
455.53: (0.45, -0.03, -0.89)
455.63: (0.75, -0.17, -0.64)
455.75: (0.87, -0.23, -0.44)
455.86: (0.91, -0.25, -0.34)
455.96: (0.93, -0.24, -0.26)
456.08: (0.96, -0.22, -0.18)
456.18: (0.98, -0.19, -0.09)
456.20: (0.98, -0.19, -0.09)
456.20: (0.05, 1.00, -0.02): 1
456.30: (0.96, -0.20, -0.21)
456.41: (0.67, -0.15, -0.73)
456.53: (0.25, -0.12, -0.96)
456.65: (-0.15, -0.06, -0.99)
456.75: (-0.46, -0.09, -0.88)
456.86: (-0.77, -0.03, -0.63)
456.98: (-0.88, 0.30, -0.36)
457.08: (-0.83, 0.51, -0.21)
457.20: (-0.78, 0.60, -0.17)
457.31: (-0.51, 0.86, -0.06)
457.43: (0.15, 0.96, 0.23)
457.55: (0.72, 0.58, 0.37)
457.66: (0.74, 0.56, 0.37)
457.78: (0.31, 0.90, 0.30)
457.88: (0.11, 0.97, 0.20)
458.00: (0.12, 0.99, 0.12)
458.11: (0.08, 1.00, -0.05)
458.21: (0.08, 1.00, -0.05)
458.30: (0.08, 1.00, -0.04)
458.30: (-0.66, -0.68, 0.32): 2
458.31: (0.09, 1.00, -0.04)
458.43: (0.10, 1.00, -0.02)
458.55: (0.35, 0.91, 0.22)
458.66: (0.86, 0.51, 0.05)
458.76: (0.98, 0.13, -0.18)
458.88: (0.98, -0.04, -0.21)
459.00: (0.95, -0.21, 0.25)
459.11: (0.72, -0.31, 0.62)
459.23: (0.50, -0.41, 0.76)
459.33: (0.37, -0.54, 0.76)
459.45: (0.18, -0.89, 0.42)
459.55: (0.15, -0.97, 0.20)
459.66: (0.15, -0.97, 0.20)
459.78: (0.15, -0.97, 0.20)
459.90: (0.31, -0.95, -0.07)
460.01: (0.51, -0.46, -0.73)
460.11: (0.65, 0.18, -0.74)
460.23: (0.54, 0.61, -0.58)
460.35: (0.04, 0.92, -0.39)
460.46: (-0.52, 0.84, 0.15)
460.56: (-0.67, 0.53, 0.52)
460.68: (-0.76, 0.15, 0.63)
460.80: (-0.84, -0.49, 0.25)
460.90: (-0.50, -0.85, -0.18)
461.00: (-0.23, -0.93, -0.29)
461.11: (-0.23, -0.93, -0.29)
461.23: (-0.23, -0.93, -0.29)
461.35: (-0.24, -0.93, -0.29)
461.46: (-0.45, -0.89, -0.08)
461.58: (-0.70, -0.69, 0.18)
461.61: (-0.75, -0.61, 0.27)
461.61: (-0.67, -0.49, 0.56): 1
461.69: (-0.75, -0.60, 0.27)
461.81: (-0.73, -0.63, 0.27)
461.93: (-0.67, -0.65, 0.38)
462.01: (-0.64, -0.52, 0.57)
462.01: (0.86, 0.06, 0.51): 2
462.04: (-0.64, -0.51, 0.58)
462.16: (-0.63, -0.51, 0.59)
462.26: (-0.62, -0.51, 0.59)
462.38: (-0.49, -0.56, 0.67)
462.49: (0.13, -0.69, 0.72)
462.59: (0.71, -0.48, 0.51)
462.71: (0.98, -0.01, 0.19)
462.81: (0.97, 0.23, 0.01)
462.93: (0.97, 0.23, 0.09)
463.04: (0.90, 0.04, 0.44)
463.11: (0.86, 0.08, 0.50)
463.11: (0.10, -0.12, -0.99): 0
463.16: (0.85, 0.09, 0.51)
463.28: (0.85, 0.10, 0.51)
463.39: (0.89, 0.19, 0.41)
463.51: (0.83, 0.53, 0.16)
463.61: (0.55, 0.83, 0.08)
463.71: (0.43, 0.88, 0.21)
463.83: (0.52, 0.77, 0.38)
463.93: (0.40, 0.90, 0.14)
464.04: (-0.20, 0.94, -0.28)
464.14: (-0.58, 0.79, -0.19)
464.26: (-0.58, 0.79, -0.20)
464.38: (-0.58, 0.79, -0.20)
464.48: (-0.56, 0.81, -0.17)
464.59: (-0.62, 0.79, -0.01)
464.71: (-0.93, 0.29, 0.24)
464.81: (-0.80, -0.31, 0.52)
464.93: (-0.43, -0.71, 0.56)
465.04: (-0.37, -0.87, 0.31)
465.16: (-0.42, -0.87, -0.27)
465.26: (-0.24, -0.69, -0.69)
465.38: (0.03, -0.26, -0.96)
465.49: (-0.06, 0.33, -0.94)
465.61: (-0.58, 0.67, -0.46)
465.71: (-0.45, 0.59, -0.67)
465.83: (-0.14, 0.29, -0.95)
465.94: (0.00, 0.08, -1.00)
466.06: (0.07, -0.02, -1.00)
466.13: (0.07, -0.02, -1.00)
466.13: (0.93, 0.16, 0.34): 1
466.18: (0.06, -0.01, -1.00)
466.29: (0.07, -0.07, -1.00)
466.41: (0.02, -0.18, -0.98)
466.53: (-0.02, -0.73, -0.69)
466.64: (-0.02, -0.97, 0.23)
466.76: (-0.02, -0.58, 0.82)
466.86: (0.01, -0.21, 0.98)
466.96: (-0.02, 0.14, 0.99)
467.08: (-0.34, 0.54, 0.77)
467.19: (-0.66, 0.71, 0.25)
467.29: (-0.60, 0.78, -0.19)
467.39: (-0.43, 0.72, -0.55)
467.51: (-0.39, 0.35, -0.85)
467.61: (-0.29, -0.16, -0.94)
467.73: (0.18, -0.53, -0.83)
467.84: (0.67, -0.53, -0.52)
467.94: (0.83, -0.50, -0.24)
468.04: (0.83, -0.55, 0.01)
468.16: (0.71, -0.62, 0.33)
468.26: (0.59, -0.51, 0.62)
468.38: (0.25, -0.29, 0.92)
468.48: (0.12, -0.10, 0.99)
468.59: (0.55, 0.15, 0.82)
468.71: (0.90, 0.27, 0.33)
468.83: (0.91, 0.27, 0.31)
468.93: (0.86, 0.29, 0.43)
469.04: (0.89, 0.22, 0.39)
469.09: (0.90, 0.22, 0.37)
469.09: (-0.96, 0.13, 0.24): 1
469.14: (0.91, 0.21, 0.36)
469.26: (0.91, 0.19, 0.36)
469.38: (0.95, -0.03, 0.31)
469.48: (0.81, -0.56, 0.16)
469.59: (0.30, -0.86, -0.42)
469.71: (-0.27, -0.42, -0.86)
469.83: (-0.68, 0.12, -0.72)
469.94: (-0.98, 0.17, -0.08)
470.04: (-0.76, -0.30, 0.58)
470.16: (-0.12, -0.78, 0.62)
470.28: (-0.17, -0.79, 0.59)
470.39: (-0.78, -0.33, 0.53)
470.51: (-0.95, 0.04, 0.31)
470.63: (-0.97, 0.14, 0.21)
470.68: (-0.97, 0.15, 0.17)
470.68: (-0.21, -0.32, 0.92): 0
470.74: (-0.97, 0.14, 0.18)
470.84: (-0.98, 0.10, 0.19)
470.96: (-0.86, -0.41, 0.30)
471.08: (-0.25, -0.86, 0.44)
471.19: (0.30, -0.85, 0.44)
471.29: (0.68, -0.69, 0.23)
471.41: (0.65, -0.60, 0.47)
471.53: (0.01, -0.70, 0.71)
471.64: (-0.26, -0.63, 0.74)
471.76: (-0.28, -0.41, 0.87)
471.79: (-0.27, -0.38, 0.88)
471.79: (0.88, -0.07, 0.46): 0
471.88: (-0.28, -0.28, 0.92)
471.98: (-0.26, -0.29, 0.92)
472.09: (0.24, -0.57, 0.79)
472.19: (0.57, -0.54, 0.62)
472.31: (0.81, -0.35, 0.47)
472.41: (0.97, -0.19, 0.16)
472.51: (0.97, -0.02, 0.23)
472.59: (0.90, -0.07, 0.44)
472.59: (-0.87, 0.31, -0.39): 1
472.63: (0.89, -0.07, 0.45)
472.73: (0.89, -0.10, 0.44)
472.84: (0.92, -0.06, 0.39)
472.96: (0.99, 0.09, 0.08)
473.06: (0.95, 0.24, -0.22)
473.18: (0.72, 0.28, -0.64)
473.29: (0.48, -0.24, -0.84)
473.41: (0.33, -0.65, -0.69)
473.53: (0.12, -0.91, -0.39)
473.64: (0.19, -0.98, 0.03)
473.74: (0.25, -0.93, 0.29)
473.86: (0.53, -0.61, 0.59)
473.96: (0.76, 0.13, 0.64)
474.06: (0.63, 0.72, 0.30)
474.18: (0.27, 0.94, -0.22)
474.29: (-0.18, 0.74, -0.65)
474.41: (-0.33, 0.18, -0.92)
474.51: (-0.22, -0.50, -0.84)
474.63: (-0.47, -0.73, -0.51)
474.73: (-0.77, -0.34, -0.55)
474.84: (-0.81, -0.08, -0.58)
474.94: (-0.75, 0.19, -0.63)
475.06: (-0.83, 0.37, -0.42)
475.09: (-0.87, 0.37, -0.32)
475.09: (0.26, -0.82, 0.51): 1
475.16: (-0.91, 0.33, -0.25)
475.28: (-0.92, 0.32, -0.23)
475.38: (-0.90, 0.34, -0.29)
475.49: (-0.67, 0.52, -0.53)
475.59: (-0.96, 0.09, -0.28)
475.71: (-0.74, -0.68, -0.05)
475.83: (-0.17, -0.98, -0.01)
475.94: (0.21, -0.98, 0.02)
476.06: (0.37, -0.92, 0.09)
476.18: (0.17, -0.86, 0.48)
476.19: (0.14, -0.84, 0.52)
476.19: (0.85, -0.51, -0.13): 1
476.29: (0.12, -0.83, 0.55)
476.39: (0.13, -0.86, 0.49)
476.51: (-0.13, -0.98, -0.13)
476.63: (-0.17, -0.56, -0.81)
476.74: (0.07, -0.12, -0.99)
476.86: (0.14, 0.49, -0.86)
476.96: (-0.23, 0.84, -0.50)
477.06: (-0.67, 0.72, -0.18)
477.18: (-0.94, 0.23, 0.25)
477.29: (-0.69, -0.51, 0.52)
477.41: (-0.09, -0.90, 0.43)
477.53: (0.46, -0.86, 0.20)
477.63: (0.53, -0.82, -0.21)
477.73: (0.10, -0.69, -0.72)
477.84: (-0.10, -0.45, -0.89)
477.96: (0.41, -0.58, -0.70)
478.08: (0.65, -0.61, -0.45)
478.19: (0.73, -0.61, -0.31)
478.29: (0.73, -0.61, -0.32)
478.41: (0.77, -0.58, -0.26)
478.47: (0.84, -0.52, -0.15)
478.47: (0.28, 0.81, 0.52): 1
478.52: (0.84, -0.52, -0.14)
478.62: (0.68, -0.65, -0.34)
478.74: (0.03, -0.74, -0.67)
478.86: (-0.36, -0.79, -0.49)
478.96: (-0.33, -0.94, 0.01)
479.06: (-0.09, -0.76, 0.65)
479.17: (0.16, -0.16, 0.98)
479.29: (0.42, 0.30, 0.86)
479.41: (0.78, 0.45, 0.43)
479.51: (0.94, 0.33, -0.03)
479.62: (0.90, 0.41, -0.17)
479.74: (0.72, 0.64, 0.26)
479.86: (0.48, 0.60, 0.64)
479.97: (0.37, 0.60, 0.71)
480.06: (0.32, 0.72, 0.61)
480.06: (-0.99, -0.09, -0.13): 2
480.09: (0.31, 0.75, 0.59)
480.21: (0.30, 0.76, 0.58)
480.32: (0.06, 0.43, 0.90)
480.44: (-0.32, -0.35, 0.88)
480.56: (-0.33, -0.85, 0.41)
480.67: (-0.04, -0.94, -0.34)
480.79: (0.05, -0.64, -0.77)
480.91: (0.09, -0.41, -0.91)
481.01: (0.44, -0.41, -0.80)
481.11: (0.86, -0.50, -0.14)
481.22: (0.84, -0.25, 0.49)
481.34: (0.61, 0.09, 0.79)
481.46: (0.09, 0.15, 0.98)
481.56: (-0.30, -0.06, 0.95)
481.67: (-0.61, -0.42, 0.68)
481.79: (-0.69, -0.64, 0.34)
481.89: (-0.48, -0.87, 0.13)
482.01: (0.06, -0.98, 0.17)
482.12: (-0.08, -0.95, 0.31)
482.24: (-0.56, -0.81, 0.16)
482.36: (-0.74, -0.67, 0.01)
482.46: (-0.83, -0.54, -0.13)
482.57: (-0.89, -0.39, -0.24)
482.69: (-0.97, -0.22, -0.14)
482.79: (-1.00, -0.06, -0.04)
482.79: (-0.96, 0.03, 0.27): 0
482.79: (-1.00, -0.06, -0.04)
482.89: (-1.00, -0.04, -0.05)
483.01: (-0.93, -0.30, 0.23)
483.12: (-0.50, -0.45, 0.74)
483.22: (-0.61, -0.31, 0.73)
483.34: (-0.87, -0.14, 0.47)
483.42: (-0.92, -0.08, 0.37)
483.42: (-0.87, 0.05, 0.48): 1
483.46: (-0.92, -0.07, 0.37)
483.56: (-0.91, -0.05, 0.41)
483.67: (-0.87, -0.05, 0.48)
483.77: (-0.80, 0.01, 0.60)
483.81: (-0.80, 0.04, 0.60)
483.81: (0.98, 0.07, 0.18): 1
483.87: (-0.83, 0.07, 0.56)
483.99: (-0.83, 0.04, 0.56)
484.11: (-0.54, -0.03, 0.84)
484.22: (-0.13, 0.00, 0.99)
484.34: (0.17, -0.28, 0.95)
484.46: (0.38, -0.76, 0.52)
484.57: (0.00, -0.99, -0.13)
484.69: (-0.28, -0.64, -0.72)
484.81: (-0.25, -0.05, -0.97)
484.91: (0.04, 0.25, -0.97)
485.02: (0.63, 0.15, -0.77)
485.14: (0.77, -0.44, -0.46)
485.26: (0.47, -0.87, -0.12)
485.37: (0.19, -0.96, 0.20)
485.49: (0.53, -0.80, 0.30)
485.61: (0.95, -0.30, 0.09)
485.72: (0.99, -0.12, 0.10)
485.84: (0.98, -0.08, 0.16)
485.89: (0.97, -0.01, 0.25)
485.89: (-0.47, 0.88, -0.08): 2
485.96: (0.94, 0.08, 0.32)
486.06: (0.94, 0.08, 0.32)
486.17: (0.95, 0.08, 0.31)
486.29: (0.95, 0.08, 0.31)
486.41: (0.79, -0.24, 0.56)
486.52: (-0.03, -0.58, 0.81)
486.64: (-0.55, -0.23, 0.81)
486.76: (-0.45, 0.41, 0.79)
486.87: (0.08, 0.69, 0.72)
486.97: (0.59, 0.58, 0.56)
487.09: (0.96, 0.28, 0.09)
487.21: (0.94, 0.06, -0.35)
487.32: (0.82, 0.02, -0.58)
487.44: (0.33, 0.28, -0.90)
487.56: (0.15, 0.81, -0.56)
487.67: (0.45, 0.89, 0.06)
487.77: (0.67, 0.61, 0.43)
487.89: (0.71, 0.43, 0.56)
488.01: (0.16, 0.93, 0.34)
488.11: (-0.23, 0.96, 0.16)
488.21: (-0.35, 0.94, 0.00)
488.32: (-0.46, 0.88, -0.09)
488.36: (-0.51, 0.85, -0.11)
488.36: (-0.48, -0.76, -0.44): 0
488.44: (-0.56, 0.82, -0.11)
488.54: (-0.47, 0.88, -0.07)
488.66: (-0.37, 0.93, 0.04)
488.77: (-0.02, 0.82, 0.57)
488.89: (0.58, 0.38, 0.72)
488.99: (0.88, 0.01, 0.47)
489.09: (0.96, -0.27, -0.02)
489.19: (0.74, -0.40, -0.54)
489.31: (0.40, -0.27, -0.87)
489.42: (0.33, -0.20, -0.92)
489.54: (0.33, -0.20, -0.92)
489.64: (0.31, -0.20, -0.93)
489.74: (0.03, -0.09, -1.00)
489.86: (-0.42, 0.20, -0.89)
489.97: (-0.48, 0.15, -0.87)
490.09: (-0.79, 0.09, -0.60)
490.19: (-0.95, 0.10, -0.29)
490.31: (-0.96, 0.10, -0.26)
490.42: (-0.96, 0.11, -0.26)
490.54: (-0.96, 0.12, -0.26)
490.66: (-0.96, 0.12, -0.26)
490.77: (-0.96, 0.12, -0.26)
490.87: (-0.96, 0.11, -0.26)
490.99: (-0.96, 0.29, 0.01)
491.11: (-0.50, 0.71, 0.49)
491.22: (-0.09, 0.75, 0.65)
491.34: (0.40, 0.60, 0.69)
491.46: (0.90, 0.26, 0.35)
491.57: (0.99, 0.03, -0.12)
491.69: (0.87, -0.10, -0.49)
491.81: (0.74, -0.07, -0.67)
491.92: (0.63, -0.05, -0.77)
492.02: (0.41, -0.06, -0.91)
492.14: (-0.05, -0.31, -0.95)
492.26: (-0.45, -0.50, -0.74)
492.37: (-0.52, -0.52, -0.67)
492.47: (-0.44, -0.57, -0.69)
492.59: (-0.42, -0.64, -0.64)
492.71: (-0.51, -0.72, -0.47)
492.71: (-0.77, 0.26, 0.59): 1
492.71: (-0.51, -0.72, -0.47)
492.82: (-0.50, -0.71, -0.50)
492.94: (-0.23, -0.55, -0.80)
493.04: (-0.13, -0.48, -0.87)
493.16: (-0.13, -0.48, -0.87)
493.27: (-0.13, -0.48, -0.87)
493.37: (-0.13, -0.48, -0.87)
493.49: (-0.13, -0.48, -0.87)
493.61: (-0.13, -0.48, -0.87)
493.72: (-0.13, -0.48, -0.87)
493.82: (-0.11, -0.55, -0.83)
493.94: (-0.08, -0.68, -0.73)
494.04: (-0.09, -0.69, -0.72)
494.16: (-0.23, -0.66, -0.71)
494.27: (-0.55, -0.48, -0.68)
494.39: (-0.61, -0.45, -0.65)
494.51: (-0.61, -0.45, -0.65)
494.62: (-0.61, -0.45, -0.65)
494.74: (-0.61, -0.45, -0.66)
494.84: (-0.66, -0.36, -0.66)
494.96: (-0.86, 0.11, -0.49)
495.06: (-0.91, 0.37, -0.20)
495.16: (-0.88, 0.47, -0.02)
495.27: (-0.78, 0.45, 0.43)
495.39: (-0.23, 0.12, 0.97)
495.50: (0.25, 0.00, 0.97)
495.62: (-0.12, 0.09, 0.99)
495.74: (-0.49, 0.19, 0.85)
495.84: (-0.57, 0.22, 0.79)
495.95: (-0.60, 0.26, 0.75)
496.06: (-0.70, 0.30, 0.65)
496.17: (-0.70, 0.30, 0.64)
496.29: (-0.70, 0.30, 0.64)
496.35: (-0.70, 0.30, 0.64)
496.35: (0.72, 0.69, 0.04): 0
496.39: (-0.70, 0.30, 0.64)
496.50: (-0.70, 0.30, 0.65)
496.62: (-0.70, 0.29, 0.65)
496.72: (-0.70, 0.29, 0.65)
496.84: (-0.70, 0.06, 0.72)
496.94: (-0.43, -0.54, 0.72)
497.05: (0.09, -0.86, 0.51)
497.17: (0.37, -0.91, 0.18)
497.29: (0.38, -0.88, -0.28)
497.39: (0.11, -0.55, -0.83)
497.50: (-0.30, 0.13, -0.95)
497.62: (-0.38, 0.50, -0.78)
497.74: (-0.08, 0.72, -0.69)
497.85: (-0.03, 0.73, -0.69)
497.97: (-0.03, 0.73, -0.69)
498.09: (-0.03, 0.73, -0.69)
498.19: (-0.03, 0.73, -0.69)
498.30: (0.04, 0.73, -0.68)
498.42: (0.44, 0.66, -0.60)
498.54: (0.77, 0.46, -0.44)
498.65: (0.93, 0.35, -0.07)
498.77: (0.86, 0.44, 0.24)
498.87: (0.77, 0.61, 0.17)
498.94: (0.77, 0.64, 0.04)
498.94: (-0.97, -0.10, -0.24): 2
498.97: (0.77, 0.64, 0.03)
499.09: (0.77, 0.63, 0.04)
499.19: (0.77, 0.63, 0.05)
499.30: (0.74, 0.67, 0.06)
499.42: (0.69, 0.71, 0.11)
499.52: (0.41, 0.80, 0.45)
499.64: (0.08, 0.87, 0.48)
499.74: (0.02, 0.96, -0.27)
499.85: (-0.03, 0.24, -0.97)
499.97: (-0.27, -0.46, -0.85)
500.09: (-0.38, -0.77, -0.52)
500.20: (-0.40, -0.90, -0.20)
500.32: (-0.04, -0.99, 0.14)
500.44: (0.46, -0.86, 0.23)
500.54: (0.15, -0.98, 0.12)
500.64: (-0.66, -0.74, 0.09)
500.75: (-0.90, -0.44, 0.01)
500.87: (-0.91, -0.41, -0.08)
500.99: (-0.95, -0.20, -0.25)
501.10: (-0.96, -0.10, -0.27)
501.22: (-0.96, -0.10, -0.27)
501.34: (-0.96, -0.10, -0.27)
501.34: (0.99, 0.04, 0.10): 1
501.34: (-0.96, -0.10, -0.27)
501.44: (-0.96, -0.10, -0.27)
501.55: (-0.95, -0.10, -0.28)
501.67: (-0.93, -0.12, -0.36)
501.79: (-0.63, -0.04, -0.78)
501.90: (0.16, -0.15, -0.98)
502.02: (0.74, -0.24, -0.62)
502.12: (0.94, -0.16, -0.30)
502.22: (1.00, 0.04, 0.00)
502.34: (0.91, 0.25, 0.35)
502.45: (0.88, 0.24, 0.42)
502.57: (0.99, 0.05, 0.13)
502.59: (0.99, 0.03, 0.10)
502.59: (-0.98, 0.08, 0.17): 0
502.69: (0.99, 0.03, 0.10)
502.80: (0.99, 0.06, 0.12)
502.92: (0.95, 0.12, 0.27)
503.04: (0.71, 0.31, 0.63)
503.14: (0.42, 0.40, 0.82)
503.25: (0.07, 0.34, 0.94)
503.35: (-0.03, 0.07, 1.00)
503.47: (0.05, -0.48, 0.88)
503.59: (0.41, -0.81, 0.43)
503.70: (0.85, -0.44, -0.29)
503.80: (0.78, 0.18, -0.60)
503.92: (0.38, 0.86, -0.35)
504.04: (-0.07, 0.98, 0.17)
504.15: (-0.40, 0.68, 0.62)
504.25: (-0.53, 0.16, 0.83)
504.37: (-0.40, -0.46, 0.79)
504.49: (-0.11, -0.81, 0.58)
504.59: (0.04, -0.91, 0.41)
504.70: (-0.36, -0.83, 0.42)
504.82: (-0.86, -0.33, 0.38)
504.94: (-0.95, 0.05, 0.31)
505.05: (-0.96, 0.07, 0.27)
505.15: (-0.98, 0.08, 0.18)
505.17: (-0.98, 0.09, 0.16)
505.17: (0.59, -0.62, 0.52): 2
505.27: (-0.98, 0.07, 0.17)
505.39: (-0.97, -0.07, 0.23)
505.50: (-0.82, -0.41, 0.39)
505.62: (-0.35, -0.68, 0.64)
505.74: (0.14, -0.73, 0.67)
505.84: (0.44, -0.72, 0.54)
505.94: (0.61, -0.68, 0.40)
506.05: (0.55, -0.69, 0.47)
506.10: (0.52, -0.68, 0.51)
506.10: (-1.00, -0.02, -0.07): 0
506.17: (0.52, -0.68, 0.52)
506.29: (0.53, -0.68, 0.52)
506.40: (0.62, -0.58, 0.53)
506.50: (0.82, -0.28, 0.50)
506.62: (0.90, 0.37, 0.23)
506.74: (0.50, 0.85, -0.16)
506.85: (-0.01, 0.91, -0.41)
506.97: (-0.48, 0.71, -0.51)
507.09: (-0.73, 0.44, -0.52)
507.20: (-0.86, 0.24, -0.45)
507.32: (-0.92, 0.16, -0.35)
507.42: (-0.96, 0.13, -0.24)
507.54: (-0.99, 0.03, -0.11)
507.59: (-1.00, 0.00, -0.09)
507.59: (-0.26, 0.73, 0.63): 2
507.65: (-1.00, 0.00, -0.09)
507.75: (-0.99, 0.07, -0.10)
507.87: (-0.99, 0.17, -0.02)
507.99: (-0.86, 0.49, 0.13)
508.10: (-0.35, 0.93, -0.12)
508.22: (0.33, 0.78, -0.54)
508.34: (0.38, 0.83, -0.41)
508.44: (-0.04, 1.00, -0.04)
508.55: (-0.39, 0.89, 0.25)
508.67: (-0.51, 0.77, 0.38)
508.77: (-0.47, 0.75, 0.47)
508.87: (-0.31, 0.77, 0.56)
508.87: (-0.75, 0.27, -0.60): 1
508.87: (-0.31, 0.77, 0.56)
508.99: (-0.30, 0.77, 0.57)
509.09: (-0.28, 0.75, 0.60)
509.20: (-0.24, 0.75, 0.62)
509.32: (0.05, 0.66, 0.75)
509.44: (0.53, 0.20, 0.82)
509.55: (0.74, -0.06, 0.66)
509.67: (0.75, -0.06, 0.66)
509.79: (0.75, -0.06, 0.66)
509.90: (0.96, 0.11, 0.25)
510.00: (0.66, 0.40, -0.63)
510.12: (0.35, 0.21, -0.91)
510.24: (0.35, -0.30, -0.89)
510.35: (0.11, -0.85, -0.52)
510.47: (0.07, -1.00, -0.02)
510.57: (0.32, -0.89, 0.32)
510.69: (0.67, -0.55, 0.49)
510.80: (0.89, -0.01, 0.46)
510.90: (0.76, 0.45, 0.47)
511.02: (0.34, 0.53, 0.78)
511.14: (-0.17, 0.00, 0.99)
511.24: (-0.43, -0.48, 0.76)
511.35: (-0.76, -0.21, 0.62)
511.47: (-0.71, 0.56, 0.43)
511.59: (-0.26, 0.96, 0.07)
511.69: (0.09, 0.98, -0.15)
511.80: (0.10, 0.98, -0.15)
511.92: (0.10, 0.98, -0.15)
512.03: (0.10, 0.99, -0.12)
512.15: (0.42, 0.90, 0.15)
512.27: (0.84, 0.37, 0.41)
512.37: (0.87, -0.18, 0.46)
512.48: (0.79, -0.58, 0.21)
512.60: (0.70, -0.68, -0.21)
512.72: (0.55, -0.52, -0.65)
512.82: (0.60, 0.13, -0.79)
512.93: (0.39, 0.88, -0.27)
513.03: (0.04, 1.00, -0.02)
513.15: (-0.17, 0.84, -0.51)
513.27: (0.02, 0.16, -0.99)
513.38: (0.02, 0.16, -0.99)
513.50: (0.02, 0.16, -0.99)
513.62: (0.02, 0.16, -0.99)
513.73: (-0.01, 0.16, -0.99)
513.85: (-0.40, 0.22, -0.89)
513.97: (-0.64, 0.47, -0.60)
514.07: (-0.67, 0.48, -0.56)
514.18: (-0.72, 0.38, -0.58)
514.18: (-0.98, 0.09, -0.17): 0
514.18: (-0.72, 0.38, -0.58)
514.30: (-0.73, 0.37, -0.57)
514.42: (-0.72, 0.35, -0.60)
514.52: (-0.72, 0.35, -0.60)
514.63: (-0.71, 0.33, -0.62)
514.75: (-0.85, 0.29, -0.45)
514.87: (-0.98, 0.11, -0.16)
514.92: (-0.98, 0.09, -0.15)
514.92: (0.75, 0.66, 0.03): 0
514.98: (-0.98, 0.09, -0.15)
515.10: (-0.98, 0.09, -0.16)
515.22: (-0.98, 0.09, -0.16)
515.33: (-0.98, 0.09, -0.16)
515.45: (-0.98, -0.04, -0.19)
515.55: (-0.64, -0.42, -0.65)
515.67: (-0.08, -0.63, -0.77)
515.78: (0.05, -0.84, -0.53)
515.88: (0.17, -0.98, -0.08)
516.00: (0.26, -0.96, 0.14)
516.10: (0.25, -0.96, 0.12)
516.20: (0.25, -0.96, 0.12)
516.32: (0.24, -0.97, 0.07)
516.43: (0.44, -0.87, 0.21)
516.55: (0.78, -0.42, 0.46)
516.67: (0.87, 0.19, 0.45)
516.78: (0.64, 0.55, 0.54)
516.90: (0.36, 0.57, 0.74)
517.00: (0.54, 0.55, 0.63)
517.12: (0.78, 0.57, 0.27)
517.23: (0.81, 0.57, 0.09)
517.28: (0.81, 0.58, 0.07)
517.28: (-0.96, 0.28, 0.09): 2
517.35: (0.79, 0.60, 0.07)
517.47: (0.80, 0.60, 0.09)
517.57: (0.80, 0.59, 0.12)
517.67: (0.59, 0.78, 0.22)
517.78: (0.12, 0.94, 0.30)
517.88: (0.04, 0.95, 0.31)
518.00: (0.04, 0.95, 0.31)
518.12: (0.13, 0.94, 0.30)
518.23: (0.13, 0.95, 0.28)
518.35: (-0.34, 0.92, -0.19)
518.47: (-0.75, 0.49, -0.44)
518.58: (-0.88, 0.07, -0.46)
518.70: (-0.86, -0.24, -0.45)
518.82: (-0.95, -0.08, -0.29)
518.93: (-0.96, 0.27, -0.07)
519.05: (-0.93, 0.36, -0.06)
519.17: (-0.93, 0.36, 0.07)
519.22: (-0.93, 0.35, 0.08)
519.22: (0.99, -0.12, 0.10): 2
519.28: (-0.94, 0.34, 0.07)
519.40: (-0.94, 0.33, 0.04)
519.52: (-0.98, 0.21, 0.00)
519.63: (-0.95, -0.17, 0.27)
519.75: (-0.56, -0.55, 0.62)
519.87: (-0.15, -0.76, 0.64)
519.97: (0.12, -0.97, 0.22)
520.08: (-0.16, -0.93, -0.34)
520.20: (-0.75, -0.59, -0.29)
520.30: (-0.80, -0.39, -0.45)
520.42: (-0.85, -0.17, -0.49)
520.53: (-0.95, 0.16, 0.26)
520.65: (-0.24, 0.55, 0.80)
520.75: (0.41, 0.65, 0.64)
520.87: (0.82, 0.53, 0.22)
520.97: (0.87, 0.42, -0.27)
521.08: (0.48, 0.39, -0.79)
521.20: (0.50, 0.29, -0.82)
521.32: (0.87, 0.20, -0.45)
521.43: (0.98, 0.17, -0.14)
521.55: (1.00, 0.00, 0.04)
521.67: (0.98, -0.14, 0.10)
521.70: (0.98, -0.15, 0.11)
521.70: (0.39, 0.36, 0.85): 2
521.78: (0.98, -0.15, 0.12)
521.90: (0.99, -0.10, 0.13)
522.02: (0.99, -0.10, 0.12)
522.12: (0.99, -0.10, 0.12)
522.23: (0.94, -0.34, 0.01)
522.35: (0.42, -0.82, -0.39)
522.47: (-0.16, -0.91, -0.38)
522.58: (-0.38, -0.92, 0.02)
522.70: (-0.19, -0.82, 0.53)
522.82: (0.40, -0.57, 0.72)
522.93: (0.94, -0.03, 0.34)
523.05: (0.80, 0.59, 0.11)
523.15: (0.54, 0.72, 0.43)
523.25: (0.40, 0.44, 0.80)
523.37: (0.32, 0.27, 0.91)
523.48: (0.39, 0.34, 0.85)
523.58: (0.45, 0.40, 0.80)
523.58: (-1.00, -0.02, 0.00): 1
523.60: (0.45, 0.40, 0.80)
523.72: (0.40, 0.41, 0.82)
523.83: (0.05, 0.51, 0.86)
523.95: (-0.64, 0.25, 0.73)
524.05: (-0.88, 0.34, 0.32)
524.17: (-0.45, 0.89, 0.03)
524.27: (-0.24, 0.90, -0.36)
524.38: (-0.72, 0.63, -0.30)
524.50: (-0.96, 0.28, -0.05)
524.62: (-0.99, 0.11, 0.03)
524.72: (-1.00, 0.04, 0.01)
524.72: (0.66, 0.54, -0.52): 0
524.73: (-1.00, 0.03, 0.00)
524.85: (-1.00, 0.00, 0.01)
524.95: (-0.99, 0.16, 0.01)
525.07: (-0.89, 0.45, 0.01)
525.18: (-0.52, 0.83, -0.17)
525.30: (0.18, 0.88, -0.43)
525.42: (0.78, 0.54, -0.32)
525.53: (0.99, 0.11, -0.04)
525.65: (0.99, 0.11, -0.04)
525.75: (0.93, 0.35, -0.10)
525.87: (0.68, 0.63, -0.37)
525.93: (0.56, 0.67, -0.48)
525.93: (-1.00, -0.06, -0.03): 0
525.98: (0.59, 0.65, -0.48)
526.08: (0.64, 0.58, -0.50)
526.20: (0.67, 0.54, -0.51)
526.30: (0.84, 0.49, -0.23)
526.40: (0.99, 0.10, 0.04)
526.52: (0.85, -0.52, 0.02)
526.63: (0.49, -0.78, 0.39)
526.75: (0.22, -0.52, 0.82)
526.87: (0.29, 0.10, 0.95)
526.98: (0.64, 0.64, 0.43)
527.10: (0.61, 0.62, -0.50)
527.22: (0.36, -0.12, -0.93)
527.33: (0.26, -0.73, -0.63)
527.45: (0.29, -0.96, -0.04)
527.55: (0.27, -0.91, 0.32)
527.67: (0.12, -0.76, 0.64)
527.78: (-0.13, -0.26, 0.96)
527.90: (-0.14, -0.04, 0.99)
528.02: (0.46, -0.03, 0.89)
528.13: (0.83, -0.12, 0.55)
528.25: (0.59, 0.31, 0.75)
528.37: (0.15, 0.62, 0.77)
528.47: (0.15, 0.61, 0.78)
528.58: (0.15, 0.61, 0.78)
528.70: (-0.22, 0.35, 0.91)
528.82: (-0.53, -0.45, 0.72)
528.92: (-0.72, -0.60, 0.36)
529.03: (-0.98, -0.17, -0.06)
529.15: (-0.87, 0.43, -0.24)
529.27: (-0.92, 0.33, -0.19)
529.38: (-0.99, 0.05, -0.13)
529.45: (-1.00, 0.00, -0.09)
529.45: (-0.48, -0.67, -0.56): 2
529.50: (-1.00, 0.00, -0.09)
529.61: (-0.99, 0.06, -0.11)
529.71: (-0.93, 0.37, -0.05)
529.83: (-0.46, 0.87, -0.15)
529.93: (-0.07, 0.95, -0.31)
530.05: (0.17, 0.89, -0.42)
530.16: (0.25, 0.88, -0.40)
530.28: (0.25, 0.97, 0.04)
530.40: (0.07, 0.74, 0.66)
530.50: (-0.16, 0.51, 0.84)
530.61: (-0.31, 0.20, 0.93)
530.73: (-0.56, -0.14, 0.81)
530.85: (-0.74, -0.54, 0.40)
530.96: (-0.65, -0.76, 0.01)
531.08: (-0.45, -0.86, -0.24)
531.20: (-0.05, -0.99, -0.15)
531.31: (-0.17, -0.94, -0.29)
531.43: (-0.39, -0.75, -0.54)
531.53: (-0.45, -0.68, -0.58)
531.61: (-0.44, -0.68, -0.58)
531.61: (0.93, 0.23, -0.27): 2
531.63: (-0.44, -0.68, -0.58)
531.75: (-0.43, -0.73, -0.54)
531.86: (-0.34, -0.82, -0.45)
531.98: (0.00, -0.94, -0.34)
532.08: (0.36, -0.80, -0.48)
532.20: (0.70, -0.45, -0.55)
532.31: (0.96, -0.13, -0.23)
532.41: (1.00, -0.02, 0.00)
532.53: (1.00, -0.02, 0.00)
532.65: (1.00, -0.02, 0.00)
532.75: (1.00, -0.07, -0.04)
532.86: (0.96, 0.05, -0.26)
532.96: (0.92, 0.20, -0.33)
532.96: (-0.21, -0.35, 0.91): 2
532.96: (0.92, 0.20, -0.33)
533.08: (0.92, 0.20, -0.33)
533.20: (0.94, 0.17, -0.28)
533.31: (0.98, 0.19, -0.02)
533.43: (0.82, 0.50, 0.28)
533.53: (0.54, 0.76, 0.36)
533.65: (0.19, 0.94, 0.30)
533.75: (-0.06, 1.00, 0.03)
533.86: (-0.14, 0.96, -0.26)
533.98: (-0.14, 0.96, -0.26)
534.08: (-0.14, 0.96, -0.26)
534.20: (0.01, 0.96, -0.27)
534.31: (0.18, 0.67, -0.72)
534.43: (0.05, -0.12, -0.99)
534.55: (-0.29, -0.16, -0.94)
534.66: (-0.50, -0.53, -0.68)
534.78: (-0.43, -0.89, -0.17)
534.90: (-0.32, -0.94, 0.13)
535.01: (-0.32, -0.94, 0.13)
535.13: (-0.32, -0.95, 0.05)
535.23: (-0.34, -0.94, 0.02)
535.35: (-0.39, -0.77, 0.50)
535.46: (-0.63, -0.23, 0.74)
535.58: (-0.69, 0.02, 0.73)
535.70: (-0.36, -0.23, 0.90)
535.81: (-0.27, -0.42, 0.87)
535.83: (-0.26, -0.43, 0.86)
535.83: (0.83, 0.09, -0.55): 2
535.93: (-0.28, -0.42, 0.86)
536.05: (-0.35, -0.36, 0.87)
536.16: (-0.21, 0.03, 0.98)
536.28: (0.14, 0.52, 0.84)
536.40: (0.15, 0.54, 0.83)
536.51: (0.15, 0.54, 0.83)
536.63: (0.28, 0.53, 0.80)
536.75: (0.79, 0.57, 0.24)
536.86: (0.50, 0.80, -0.33)
536.98: (-0.03, 0.99, -0.10)
537.08: (0.22, 0.85, -0.48)
537.20: (0.64, 0.55, -0.54)
537.30: (0.80, 0.37, -0.48)
537.41: (0.87, 0.22, -0.45)
537.53: (0.76, 0.15, -0.63)
537.58: (0.75, 0.14, -0.64)
537.58: (-0.95, 0.29, 0.12): 0
537.65: (0.77, 0.16, -0.62)
537.76: (0.79, 0.18, -0.59)
537.86: (0.79, 0.18, -0.59)
537.98: (0.85, 0.21, -0.48)
538.10: (0.82, -0.39, -0.41)
538.21: (0.13, -0.83, -0.54)
538.33: (-0.30, -0.70, -0.65)
538.45: (-0.52, -0.56, -0.64)
538.56: (-0.68, -0.55, -0.49)
538.68: (-0.83, -0.46, -0.31)
538.80: (-0.96, -0.27, -0.08)
538.91: (-1.00, 0.05, 0.07)
539.03: (-0.98, 0.14, 0.10)
539.15: (-0.99, 0.13, 0.10)
539.21: (-0.99, 0.13, 0.10)
539.21: (-0.19, -0.69, -0.69): 0
539.26: (-0.99, 0.13, 0.10)
539.38: (-0.99, 0.13, 0.10)
539.50: (-0.99, 0.13, 0.10)
539.61: (-0.99, 0.11, 0.09)
539.71: (-0.98, 0.16, 0.12)
539.81: (-0.79, 0.54, 0.29)
539.93: (-0.52, 0.77, 0.38)
540.05: (-0.47, 0.79, 0.40)
540.15: (-0.42, 0.80, 0.42)
540.26: (-0.08, 0.83, 0.55)
540.38: (0.33, 0.80, 0.50)
540.50: (0.69, 0.70, 0.18)
540.61: (0.92, 0.38, -0.11)
540.73: (0.95, 0.10, -0.29)
540.85: (0.94, -0.04, -0.35)
540.96: (0.90, 0.04, -0.44)
541.08: (0.64, 0.73, -0.24)
541.20: (0.40, 0.47, 0.79)
541.31: (0.23, -0.63, 0.74)
541.43: (-0.21, -0.89, 0.41)
541.55: (-0.49, -0.80, 0.34)
541.66: (-0.79, -0.50, 0.35)
541.78: (-0.96, -0.04, 0.28)
541.90: (-0.94, 0.30, 0.18)
542.01: (-0.94, 0.30, 0.18)
542.13: (-0.94, 0.30, 0.18)
542.25: (-0.86, 0.51, 0.01)
542.36: (-0.38, 0.84, -0.40)
542.48: (0.11, 0.85, -0.52)
542.58: (0.39, 0.79, -0.47)
542.68: (0.74, 0.66, -0.14)
542.80: (0.83, 0.36, 0.43)
542.91: (0.82, 0.09, 0.56)
543.03: (1.00, -0.05, 0.03)
543.13: (0.69, 0.11, -0.72)
543.25: (-0.10, 0.37, -0.92)
543.35: (-0.20, 0.17, -0.97)
543.46: (0.37, -0.39, -0.84)
543.58: (0.54, -0.47, -0.69)
543.70: (0.54, -0.47, -0.69)
543.81: (0.53, -0.52, -0.68)
543.93: (0.22, -0.77, -0.60)
544.05: (-0.10, -0.72, -0.68)
544.16: (-0.23, -0.59, -0.78)
544.20: (-0.22, -0.59, -0.77)
544.20: (0.28, -0.52, 0.81): 1
544.28: (-0.20, -0.61, -0.77)
544.40: (-0.10, -0.70, -0.70)
544.51: (0.13, -0.87, -0.47)
544.63: (0.60, -0.64, -0.49)
544.75: (0.89, 0.10, -0.45)
544.86: (0.51, 0.86, -0.08)
544.98: (0.17, 0.94, 0.29)
545.10: (0.06, 0.84, 0.55)
545.20: (-0.25, 0.81, 0.53)
545.31: (-0.72, 0.63, 0.29)
545.43: (-0.95, 0.31, 0.06)
545.54: (-0.83, 0.17, -0.53)
545.66: (-0.70, -0.18, -0.69)
545.76: (-0.72, -0.46, -0.53)
545.88: (-0.69, -0.71, -0.16)
545.99: (-0.60, 0.07, 0.80)
546.11: (-0.26, 0.39, 0.89)
546.23: (-0.13, 0.19, 0.97)
546.33: (0.23, 0.28, 0.93)
546.44: (0.33, 0.41, 0.85)
546.56: (0.33, 0.41, 0.85)
546.68: (0.33, 0.41, 0.85)
546.78: (0.31, 0.43, 0.85)
546.89: (0.36, 0.53, 0.76)
547.01: (0.71, 0.70, -0.05)
547.13: (0.66, 0.31, -0.68)
547.24: (0.86, -0.06, -0.51)
547.36: (0.86, -0.48, -0.18)
547.48: (0.65, -0.75, 0.10)
547.58: (0.42, -0.77, 0.48)
547.69: (0.15, -0.53, 0.84)
547.81: (-0.09, -0.01, 1.00)
547.93: (0.03, -0.26, 0.96)
548.04: (0.25, -0.49, 0.83)
548.09: (0.27, -0.51, 0.81)
548.09: (0.63, -0.69, -0.35): 2
548.16: (0.27, -0.51, 0.81)
548.28: (0.25, -0.50, 0.83)
548.39: (0.26, -0.50, 0.83)
548.49: (0.35, -0.41, 0.84)
548.61: (0.55, -0.38, 0.74)
548.73: (0.76, -0.65, 0.11)
548.84: (0.62, -0.59, -0.52)
548.96: (0.58, -0.29, -0.76)
549.06: (0.57, -0.30, -0.77)
549.18: (0.64, -0.59, -0.50)
549.28: (0.63, -0.67, -0.40)
549.28: (0.45, -0.03, -0.89): 0
549.29: (0.63, -0.67, -0.40)
549.41: (0.63, -0.67, -0.40)
549.53: (0.54, -0.57, -0.62)
549.63: (0.32, -0.30, -0.90)
549.74: (0.09, 0.05, -0.99)
549.86: (0.11, 0.19, -0.98)
549.98: (0.37, 0.01, -0.93)
550.01: (0.39, -0.02, -0.92)
550.01: (0.81, 0.57, 0.13): 0
550.09: (0.39, -0.04, -0.92)
550.19: (0.34, -0.03, -0.94)
550.31: (0.20, 0.03, -0.98)
550.41: (-0.28, 0.07, -0.96)
550.53: (-0.72, -0.19, -0.67)
550.64: (-0.53, -0.50, -0.68)
550.74: (-0.28, -0.71, -0.64)
550.86: (-0.20, -0.90, -0.39)
550.98: (-0.06, -0.96, -0.29)
551.09: (0.24, -0.88, -0.41)
551.21: (0.31, -0.93, -0.19)
551.33: (0.37, -0.89, -0.28)
551.44: (0.39, -0.86, -0.33)
551.56: (0.37, -0.87, -0.32)
551.68: (0.23, -0.96, -0.17)
551.79: (-0.38, -0.78, 0.50)
551.91: (-0.46, -0.57, 0.68)
552.03: (0.07, -0.63, 0.78)
552.14: (0.86, -0.25, 0.44)
552.26: (0.98, 0.12, 0.14)
552.38: (0.98, 0.13, 0.11)
552.49: (0.98, 0.13, 0.11)
552.61: (0.98, 0.13, 0.11)
552.73: (0.99, 0.12, 0.12)
552.84: (0.94, 0.31, 0.15)
552.89: (0.88, 0.45, 0.16)
552.89: (-0.68, -0.46, -0.57): 1
552.96: (0.85, 0.49, 0.18)
553.06: (0.86, 0.47, 0.20)
553.18: (0.85, 0.49, 0.20)
553.29: (0.88, 0.43, 0.18)
553.41: (0.79, 0.60, 0.13)
553.53: (0.18, 0.94, 0.27)
553.64: (-0.19, 0.94, 0.29)
553.76: (-0.39, 0.82, 0.43)
553.88: (-0.67, 0.51, 0.54)
553.99: (-0.67, 0.51, 0.54)
554.11: (-0.65, 0.52, 0.56)
554.23: (-0.79, 0.53, 0.31)
554.34: (-0.93, 0.05, -0.37)
554.46: (-0.71, -0.56, -0.42)
554.58: (-0.57, -0.46, -0.68)
554.69: (-0.44, -0.48, -0.76)
554.81: (-0.62, -0.43, -0.66)
554.83: (-0.62, -0.43, -0.65)
554.83: (-0.92, -0.26, -0.29): 2
554.93: (-0.63, -0.44, -0.64)
555.04: (-0.61, -0.48, -0.63)
555.16: (-0.80, -0.52, -0.30)
555.28: (-0.92, -0.36, -0.14)
555.28: (-0.96, -0.26, 0.09): 2
555.28: (-0.92, -0.36, -0.14)
555.38: (-0.89, -0.39, -0.23)
555.49: (-0.88, -0.39, -0.25)
555.61: (-0.93, -0.36, 0.05)
555.66: (-0.93, -0.34, 0.13)
END