4/1/2023 12:47:23 PM
Mode: Default
White time (s): [0.683197, 1.283234, 0.4667969, 0.9163818, 0.9334106, 1.24939, 0.516449, 1.233063, 1.166595, 2.632874, 0.6333923, 1.332947, 0.9665222, 1.23349, 1.16629, 1.33313, 0.9833679, 0.8331299, 1.033112, 1.033234, 0.5163574, 0.4169006, 0.7661743, 1.233093, 1.232788, 0.999939, 1.23291, 0.9998779, 0.8831787, 0.500061]
Shot time (s): [0.949585, 0.7165222, 1.749664, 1.08313, 3.549286, 0.7163391, 0.7998047, 1.399689, 0.4163818, 1.333191, 1.832977, 1.749359, 1.799683, 2.349274, 1.200195, 1.283203, 0.5166016, 1.066284, 2.06662, 1.333252, 0.4500732, 0.4495544, 0.8498535, 0.6331787, 4.382507, 1.166138, 0.4995728, 1.733154, 1.116516, 0.9161987]
Step time (s): [1.516266, 1.399658, 1.183044, 1.366547, 1.932953, 1.883087, 3.116089, 1.582703, 2.216339, 0.4833679, 1.682983, 2.099548, 2.466278, 1.882965, 1.583374, 2.465942, 1.216309, 6.082062, 1.882874, 1.465881, 1.566437, 2.38269, 1.516296, 2.033203, 4.399353, 1.683228, 3.4823, 2.266602, 0.449707, 0.9335327]
White horz (deg): [55.3125, 162.875, 24.0625, 111.25, 89.74999, 162.5, 8.999999, 174.625, 47.0625, 290.0625, 13.3125, 172.1875, 117.6875, 128.4375, 211.375, 202.3125, 110.5625, 93.99999, 46.9375, 173, 9.249999, 7.5, 80.06249, 65.68749, 163.25, 74.31249, 176.375, 114.25, 86.18749, 30.6875]
Shot horz (deg): [127.375, 52.375, 159.0625, 179.5625, 494.5, 45.0625, 8.312499, 124.625, 20.8125, 206.3125, 170.9375, 231.75, 218.75, 188.4375, 139.625, 226.8125, 22, 150.0625, 319.625, 118.5, 27.5625, 6.9375, 106.375, 49.375, 636.4374, 134.1875, 34.75, 177, 103.9375, 78.43749]
Step horz (deg): [135.75, 133.8125, 128.375, 116.6875, 71.81249, 199.0625, 256.125, 33.75, 142.8125, 2.75, 178.3125, 158.5, 317.6875, 218.0625, 121.5625, 275, 125.125, 564.5624, 158.125, 145, 143.125, 316.0625, 122.375, 237.0625, 389.375, 171.4375, 306.125, 152.8125, 16, 42.5]
White vert (deg): [10.3125, 115.1875, 15.1875, 35.4375, 27.5, 49, 25.5625, 30.5, 63.6875, 169.0625, 27, 153.375, 32.5625, 103.6875, 39.5625, 69.56249, 63.6875, 78.43749, 99.43749, 27.1875, 38.8125, 34.5, 16.875, 69.31249, 40.5, 18.8125, 132, 59.5625, 41.9375, 6.0625]
Shot vert (deg): [40.5, 27.75, 74.49999, 19.25, 274.3125, 29.0625, 57.875, 55.9375, 2.1875, 140, 109.3125, 100.0625, 65.99999, 192.875, 114, 36.1875, 24.8125, 43.9375, 213.6875, 115.875, 13.3125, 26.5, 22.25, 6.375, 448.875, 33.9375, 3.375, 235.0625, 26.875, 65.18749]
Step vert (deg): [25.75, 18.875, 58.3125, 64.37499, 175.625, 92.87499, 288.625, 128.8125, 141.0625, 9.312499, 96.37499, 146.25, 398.6875, 191.875, 140.4375, 310.5625, 59.375, 670.4999, 155.6875, 158.5, 59, 110.875, 86.56249, 187.0625, 393.125, 64.12499, 421.6875, 63.3125, 23.125, 77.93749]

Time in sec: camera forward versor
Time in sec: target versor: sound type (0 = White, 1 = Shot, 2 = Step)
START
409.81: (-0.80, -0.25, 0.55): 1
409.81: (0.71, 0.40, 0.58)
409.92: (0.71, 0.40, 0.58)
410.02: (0.71, 0.40, 0.58)
410.14: (0.71, 0.40, 0.58)
410.26: (0.28, 0.44, 0.85)
410.37: (-0.49, 0.29, 0.82)
410.47: (-0.82, 0.12, 0.55)
410.59: (-0.94, -0.12, 0.32)
410.69: (-0.81, -0.33, 0.49)
410.76: (-0.76, -0.36, 0.53)
410.76: (-0.86, -0.44, -0.27): 1
410.80: (-0.77, -0.36, 0.53)
410.90: (-0.77, -0.36, 0.53)
411.02: (-0.79, -0.38, 0.48)
411.12: (-0.88, -0.47, 0.06)
411.24: (-0.85, -0.42, -0.31)
411.35: (-0.85, -0.47, -0.24)
411.47: (-0.85, -0.50, -0.16)
411.47: (0.98, 0.21, 0.01): 1
411.47: (-0.85, -0.50, -0.16)
411.59: (-0.85, -0.49, -0.17)
411.70: (-0.85, -0.49, -0.17)
411.81: (-0.86, -0.49, -0.17)
411.92: (-0.84, -0.49, -0.24)
412.04: (-0.66, -0.45, -0.60)
412.14: (-0.51, -0.31, -0.80)
412.25: (-0.42, -0.07, -0.90)
412.37: (0.02, 0.30, -0.95)
412.49: (0.73, 0.28, -0.63)
412.59: (0.97, 0.04, -0.24)
412.70: (0.97, 0.03, -0.24)
412.82: (0.97, 0.03, -0.24)
412.92: (0.97, 0.03, -0.24)
413.04: (0.98, 0.05, -0.21)
413.15: (0.99, 0.14, -0.06)
413.22: (0.99, 0.14, -0.06)
413.22: (0.79, -0.08, 0.61): 0
413.27: (0.99, 0.14, -0.06)
413.39: (0.99, 0.14, -0.06)
413.50: (0.99, 0.12, 0.04)
413.62: (0.79, -0.07, 0.61)
413.74: (0.73, -0.13, 0.67)
413.85: (0.79, -0.13, 0.60)
413.90: (0.80, -0.12, 0.59)
413.90: (0.24, -0.97, 0.00): 0
413.95: (0.80, -0.12, 0.59)
414.05: (0.79, -0.12, 0.60)
414.17: (0.78, -0.13, 0.62)
414.29: (0.76, -0.16, 0.63)
414.40: (0.40, -0.34, 0.85)
414.52: (-0.35, -0.47, 0.81)
414.62: (-0.63, -0.65, 0.42)
414.74: (-0.39, -0.88, -0.25)
414.85: (0.07, -0.84, -0.53)
414.95: (0.44, -0.87, -0.21)
415.05: (0.49, -0.87, 0.08)
415.17: (0.37, -0.92, 0.15)
415.19: (0.36, -0.92, 0.15)
415.19: (-0.07, -0.98, -0.19): 0
415.29: (0.35, -0.93, 0.14)
415.39: (0.33, -0.94, 0.06)
415.50: (0.18, -0.97, -0.13)
415.60: (0.00, -0.99, -0.15)
415.65: (-0.01, -0.99, -0.15)
415.65: (-0.36, 0.42, -0.83): 0
415.72: (-0.01, -0.99, -0.15)
415.84: (-0.02, -0.99, -0.15)
415.95: (-0.18, -0.96, -0.23)
416.05: (-0.41, -0.82, -0.40)
416.17: (-0.56, -0.40, -0.73)
416.29: (-0.48, 0.00, -0.88)
416.39: (-0.29, 0.28, -0.91)
416.49: (-0.26, 0.44, -0.86)
416.57: (-0.30, 0.48, -0.83)
416.57: (0.47, 0.88, -0.03): 2
416.60: (-0.30, 0.48, -0.83)
416.72: (-0.28, 0.50, -0.82)
416.82: (-0.29, 0.55, -0.79)
416.94: (-0.29, 0.60, -0.75)
417.04: (-0.27, 0.65, -0.71)
417.15: (-0.29, 0.55, -0.79)
417.27: (-0.29, 0.55, -0.79)
417.39: (-0.29, 0.55, -0.79)
417.49: (-0.29, 0.55, -0.79)
417.60: (-0.13, 0.79, -0.60)
417.72: (0.36, 0.92, 0.14)
417.84: (0.55, 0.72, 0.42)
417.94: (0.57, 0.79, 0.21)
418.05: (0.52, 0.85, 0.06)
418.09: (0.51, 0.86, 0.06)
418.09: (0.37, -0.49, 0.79): 2
418.15: (0.51, 0.86, 0.06)
418.27: (0.52, 0.85, 0.06)
418.39: (0.52, 0.85, 0.07)
418.49: (0.52, 0.85, 0.08)
418.60: (0.53, 0.84, 0.12)
418.72: (0.53, 0.84, 0.12)
418.84: (0.59, 0.73, 0.35)
418.95: (0.58, 0.42, 0.70)
419.07: (0.52, 0.00, 0.86)
419.17: (0.37, -0.47, 0.80)
419.29: (0.24, -0.73, 0.63)
419.40: (0.34, -0.61, 0.72)
419.49: (0.36, -0.55, 0.75)
419.49: (0.57, 0.67, 0.47): 1
419.52: (0.36, -0.55, 0.75)
419.64: (0.35, -0.57, 0.74)
419.75: (0.28, -0.66, 0.70)
419.87: (0.07, -0.81, 0.58)
419.99: (0.22, -0.63, 0.75)
420.09: (0.54, 0.05, 0.84)
420.20: (0.62, 0.61, 0.49)
420.32: (0.56, 0.82, 0.08)
420.44: (0.59, 0.79, 0.19)
420.55: (0.64, 0.63, 0.45)
420.57: (0.64, 0.62, 0.46)
420.57: (0.41, -0.75, 0.52): 0
420.67: (0.64, 0.62, 0.46)
420.77: (0.64, 0.61, 0.46)
420.89: (0.64, 0.61, 0.46)
421.00: (0.69, 0.47, 0.55)
421.12: (0.62, -0.20, 0.76)
421.24: (0.51, -0.42, 0.75)
421.35: (0.49, -0.55, 0.67)
421.45: (0.37, -0.76, 0.53)
421.50: (0.33, -0.81, 0.49)
421.50: (0.86, 0.38, -0.35): 0
421.55: (0.33, -0.80, 0.49)
421.67: (0.33, -0.82, 0.46)
421.79: (0.34, -0.82, 0.47)
421.90: (0.59, -0.51, 0.62)
422.02: (0.79, 0.10, 0.61)
422.14: (0.79, 0.29, 0.54)
422.24: (0.82, 0.37, 0.43)
422.35: (0.79, 0.58, 0.18)
422.47: (0.48, 0.85, -0.21)
422.59: (0.63, 0.71, -0.31)
422.70: (0.85, 0.48, -0.21)
422.75: (0.85, 0.48, -0.22)
422.75: (0.34, 0.08, 0.94): 2
422.82: (0.84, 0.48, -0.24)
422.94: (0.82, 0.48, -0.30)
423.04: (0.82, 0.49, -0.30)
423.15: (0.83, 0.51, -0.20)
423.25: (0.87, 0.49, 0.07)
423.37: (0.88, 0.40, 0.26)
423.49: (0.71, 0.05, 0.70)
423.59: (0.45, -0.26, 0.85)
423.70: (0.33, -0.46, 0.83)
423.82: (0.37, -0.11, 0.92)
423.94: (0.36, 0.08, 0.93)
423.94: (1.00, 0.00, 0.00): 2
423.94: (0.36, 0.08, 0.93)
424.04: (0.35, 0.06, 0.94)
424.14: (0.35, 0.06, 0.94)
424.25: (0.35, 0.07, 0.93)
424.35: (0.35, 0.07, 0.93)
424.47: (0.35, 0.07, 0.93)
424.59: (0.35, 0.08, 0.93)
424.70: (0.63, 0.24, 0.74)
424.82: (0.87, 0.49, 0.09)
424.92: (0.89, 0.41, -0.21)
425.04: (0.85, 0.26, -0.46)
425.15: (0.93, 0.05, -0.35)
425.27: (1.00, -0.02, -0.05)
425.30: (1.00, -0.02, -0.04)
425.30: (0.89, -0.35, -0.29): 0
425.39: (1.00, -0.01, -0.04)
425.50: (1.00, -0.02, -0.04)
425.60: (1.00, -0.03, -0.05)
425.72: (0.94, -0.24, -0.24)
425.82: (0.88, -0.38, -0.30)
425.82: (-0.87, 0.42, 0.26): 2
425.84: (0.88, -0.38, -0.30)
425.95: (0.88, -0.38, -0.30)
426.07: (0.88, -0.37, -0.30)
426.19: (0.89, -0.33, -0.32)
426.29: (0.90, -0.30, -0.33)
426.40: (0.90, -0.30, -0.33)
426.50: (0.90, -0.30, -0.33)
426.62: (0.91, -0.24, -0.33)
426.72: (0.94, 0.16, -0.30)
426.84: (0.73, 0.67, -0.11)
426.95: (0.54, 0.84, -0.01)
427.05: (0.38, 0.92, 0.08)
427.17: (-0.04, 0.97, 0.22)
427.29: (-0.38, 0.89, 0.25)
427.40: (-0.66, 0.72, 0.22)
427.52: (-0.86, 0.50, 0.07)
427.63: (-0.93, 0.35, 0.07)
427.74: (-0.89, 0.38, 0.26)
427.75: (-0.88, 0.38, 0.27)
427.75: (0.94, -0.06, 0.34): 0
427.85: (-0.88, 0.39, 0.27)
427.97: (-0.88, 0.39, 0.27)
428.07: (-0.88, 0.39, 0.27)
428.17: (-0.87, 0.41, 0.29)
428.28: (-0.55, 0.47, 0.69)
428.40: (-0.09, 0.42, 0.90)
428.52: (0.40, 0.23, 0.89)
428.63: (0.87, -0.12, 0.48)
428.73: (0.96, -0.25, 0.10)
428.85: (0.98, -0.14, 0.15)
428.97: (0.93, -0.08, 0.35)
428.98: (0.93, -0.08, 0.35)
428.98: (-0.41, -0.67, 0.62): 2
429.07: (0.94, -0.10, 0.34)
429.18: (0.93, -0.09, 0.34)
429.28: (0.93, -0.09, 0.35)
429.38: (0.93, -0.09, 0.35)
429.50: (0.93, -0.09, 0.35)
429.60: (0.93, -0.09, 0.35)
429.72: (0.85, 0.01, 0.53)
429.83: (0.15, 0.28, 0.95)
429.95: (-0.68, 0.28, 0.68)
430.07: (-0.86, 0.03, 0.51)
430.18: (-0.92, -0.22, 0.33)
430.28: (-0.91, -0.40, 0.08)
430.38: (-0.83, -0.56, -0.05)
430.48: (-0.69, -0.67, 0.27)
430.60: (-0.47, -0.60, 0.65)
430.72: (-0.47, -0.59, 0.66)
430.83: (-0.48, -0.60, 0.64)
430.87: (-0.48, -0.60, 0.64)
430.87: (-0.99, -0.13, 0.09): 0
430.95: (-0.48, -0.60, 0.64)
431.07: (-0.50, -0.58, 0.65)
431.18: (-0.59, -0.50, 0.64)
431.28: (-0.59, -0.50, 0.64)
431.40: (-0.59, -0.50, 0.64)
431.52: (-0.76, -0.36, 0.54)
431.63: (-0.98, -0.07, 0.18)
431.75: (-0.99, 0.14, -0.03)
431.87: (-0.99, 0.15, -0.04)
431.98: (-1.00, 0.03, 0.02)
432.03: (-1.00, -0.02, 0.04)
432.03: (-0.42, 0.56, -0.71): 2
432.08: (-1.00, -0.07, 0.04)
432.20: (-0.99, -0.10, 0.05)
432.32: (-0.99, -0.13, 0.05)
432.43: (-0.99, -0.13, 0.06)
432.55: (-0.99, -0.14, 0.06)
432.67: (-0.99, -0.14, 0.06)
432.78: (-0.87, -0.28, -0.41)
432.88: (-0.41, -0.20, -0.89)
433.00: (-0.07, -0.11, -0.99)
433.12: (-0.07, -0.11, -0.99)
433.22: (-0.07, -0.11, -0.99)
433.33: (0.11, -0.04, -0.99)
433.45: (0.40, -0.14, -0.91)
433.57: (0.73, -0.40, -0.55)
433.67: (0.80, -0.54, -0.26)
433.78: (0.68, -0.72, -0.08)
433.90: (0.47, -0.88, -0.01)
434.00: (0.38, -0.93, 0.02)
434.12: (0.30, -0.95, 0.08)
434.23: (0.28, -0.96, 0.09)
434.35: (0.28, -0.96, -0.05)
434.47: (0.42, -0.62, -0.66)
434.57: (0.39, 0.18, -0.90)
434.68: (0.17, 0.77, -0.61)
434.80: (-0.09, 0.95, -0.31)
434.92: (-0.37, 0.83, -0.42)
435.02: (-0.50, 0.62, -0.60)
435.13: (-0.51, 0.58, -0.64)
435.15: (-0.51, 0.58, -0.64)
435.15: (0.56, -0.66, -0.50): 2
435.25: (-0.51, 0.57, -0.64)
435.35: (-0.51, 0.57, -0.64)
435.45: (-0.51, 0.57, -0.64)
435.57: (-0.51, 0.57, -0.64)
435.67: (-0.51, 0.57, -0.64)
435.78: (-0.51, 0.57, -0.64)
435.90: (-0.49, 0.57, -0.66)
436.02: (-0.29, 0.56, -0.78)
436.13: (0.02, 0.31, -0.95)
436.25: (0.32, -0.15, -0.93)
436.37: (0.50, -0.55, -0.66)
436.48: (0.56, -0.72, -0.41)
436.60: (0.59, -0.76, -0.27)
436.72: (0.55, -0.74, -0.39)
436.73: (0.55, -0.74, -0.39)
436.73: (0.02, -0.17, 0.98): 1
436.82: (0.55, -0.74, -0.39)
436.92: (0.55, -0.74, -0.39)
437.03: (0.55, -0.74, -0.38)
437.15: (0.56, -0.72, -0.40)
437.27: (0.64, -0.57, -0.52)
437.38: (0.85, -0.25, -0.47)
437.50: (0.94, 0.28, -0.19)
437.60: (0.77, 0.64, 0.03)
437.72: (0.39, 0.87, 0.31)
437.82: (0.02, 0.84, 0.54)
437.93: (-0.26, 0.65, 0.72)
438.05: (-0.26, 0.64, 0.73)
438.17: (-0.26, 0.64, 0.73)
438.27: (-0.29, 0.61, 0.73)
438.38: (-0.74, 0.04, 0.67)
438.50: (-0.84, -0.38, 0.38)
438.62: (-0.89, -0.43, 0.12)
438.73: (-0.87, -0.47, -0.16)
438.85: (-0.73, -0.48, -0.48)
438.97: (-0.76, -0.10, -0.64)
439.08: (-0.78, 0.35, -0.52)
439.20: (-0.69, 0.67, -0.29)
439.32: (-0.54, 0.84, 0.01)
439.42: (-0.40, 0.89, 0.23)
439.53: (-0.18, 0.83, 0.53)
439.63: (0.01, 0.54, 0.84)
439.75: (0.07, -0.09, 0.99)
439.87: (-0.28, -0.58, 0.77)
439.98: (-0.52, -0.59, 0.62)
440.10: (-0.29, -0.45, 0.84)
440.20: (-0.03, -0.24, 0.97)
440.28: (0.03, -0.19, 0.98)
440.28: (1.00, -0.01, -0.01): 0
440.30: (0.03, -0.19, 0.98)
440.42: (0.04, -0.20, 0.98)
440.53: (-0.05, -0.22, 0.97)
440.65: (-0.05, -0.21, 0.98)
440.77: (-0.05, -0.22, 0.98)
440.87: (-0.09, -0.22, 0.97)
440.98: (-0.13, -0.59, 0.80)
441.08: (-0.15, -0.83, 0.54)
441.18: (-0.12, -0.97, 0.22)
441.30: (-0.14, -0.99, -0.09)
441.42: (-0.08, -0.91, -0.41)
441.53: (0.06, -0.70, -0.71)
441.65: (0.17, -0.44, -0.88)
441.77: (0.29, -0.11, -0.95)
441.87: (0.36, 0.14, -0.92)
441.98: (0.44, 0.36, -0.82)
442.10: (0.49, 0.61, -0.62)
442.20: (0.50, 0.81, -0.31)
442.32: (0.57, 0.80, 0.15)
442.42: (0.89, 0.29, 0.34)
442.53: (0.88, -0.17, 0.43)
442.63: (0.83, -0.43, 0.35)
442.73: (0.93, -0.30, 0.19)
442.85: (0.99, -0.13, 0.04)
442.92: (0.99, -0.11, 0.04)
442.92: (-0.91, 0.23, -0.34): 2
442.95: (0.99, -0.11, 0.04)
443.07: (0.99, -0.11, 0.05)
443.18: (1.00, -0.05, 0.02)
443.30: (1.00, -0.04, 0.00)
443.42: (1.00, -0.04, 0.00)
443.52: (1.00, -0.04, 0.00)
443.63: (1.00, -0.04, 0.00)
443.75: (1.00, 0.02, 0.02)
443.85: (0.97, 0.24, -0.03)
443.97: (0.77, 0.60, -0.21)
444.07: (0.47, 0.84, -0.28)
444.18: (0.14, 0.93, -0.34)
444.30: (-0.11, 0.85, -0.52)
444.40: (-0.35, 0.70, -0.62)
444.51: (-0.60, 0.40, -0.69)
444.63: (-0.68, 0.14, -0.72)
444.75: (-0.71, -0.17, -0.68)
444.85: (-0.80, -0.04, -0.59)
444.96: (-0.85, 0.25, -0.45)
445.08: (-0.85, 0.28, -0.44)
445.13: (-0.85, 0.27, -0.44)
445.13: (-0.97, -0.22, -0.02): 0
445.20: (-0.85, 0.27, -0.44)
445.31: (-0.87, 0.25, -0.41)
445.41: (-0.91, 0.22, -0.35)
445.53: (-0.99, 0.04, -0.15)
445.65: (-0.99, -0.06, -0.08)
445.75: (-0.99, -0.06, -0.08)
445.77: (-0.99, -0.06, -0.08)
445.77: (-0.67, 0.74, 0.05): 1
445.87: (-0.99, -0.07, -0.08)
445.98: (-0.99, -0.07, -0.07)
446.10: (-0.95, 0.27, -0.14)
446.21: (-0.73, 0.67, -0.13)
446.33: (-0.75, 0.66, -0.04)
446.43: (-0.77, 0.64, 0.03)
446.48: (-0.77, 0.64, 0.03)
446.48: (-0.69, 0.72, -0.04): 2
446.55: (-0.77, 0.64, 0.03)
446.66: (-0.77, 0.64, 0.04)
446.76: (-0.77, 0.64, 0.03)
446.88: (-0.73, 0.68, -0.07)
446.96: (-0.71, 0.70, -0.10)
446.96: (0.63, -0.53, 0.57): 2
446.98: (-0.71, 0.70, -0.10)
447.10: (-0.71, 0.70, -0.10)
447.20: (-0.71, 0.70, -0.10)
447.30: (-0.71, 0.69, -0.10)
447.41: (-0.53, 0.84, -0.07)
447.53: (0.04, 0.99, 0.12)
447.65: (0.55, 0.74, 0.40)
447.75: (0.84, 0.25, 0.48)
447.86: (0.96, -0.02, 0.26)
447.98: (0.99, 0.13, -0.08)
448.10: (1.00, -0.02, -0.03)
448.21: (0.90, -0.28, 0.33)
448.31: (0.78, -0.41, 0.47)
448.43: (0.75, -0.44, 0.50)
448.55: (0.66, -0.53, 0.53)
448.65: (0.65, -0.54, 0.53)
448.65: (-0.78, -0.28, 0.57): 2
448.65: (0.65, -0.54, 0.53)
448.75: (0.66, -0.55, 0.51)
448.85: (0.73, -0.51, 0.46)
448.96: (0.73, -0.51, 0.46)
449.08: (0.73, -0.51, 0.46)
449.20: (0.73, -0.51, 0.46)
449.31: (0.74, -0.51, 0.43)
449.43: (0.75, -0.54, 0.38)
449.53: (0.75, -0.60, 0.29)
449.65: (0.59, -0.80, 0.09)
449.76: (0.26, -0.95, -0.16)
449.86: (-0.03, -0.91, -0.41)
449.98: (-0.43, -0.65, -0.62)
450.08: (-0.69, -0.42, -0.59)
450.20: (-0.85, -0.39, -0.36)
450.31: (-0.84, -0.52, 0.15)
450.43: (-0.62, -0.52, 0.59)
450.55: (-0.50, -0.37, 0.78)
450.66: (-0.69, -0.26, 0.68)
450.75: (-0.76, -0.23, 0.60)
450.75: (-0.95, -0.26, 0.16): 1
450.76: (-0.76, -0.22, 0.61)
450.88: (-0.77, -0.23, 0.60)
451.00: (-0.78, -0.23, 0.59)
451.10: (-0.93, -0.18, 0.31)
451.21: (-0.99, -0.16, -0.05)
451.33: (-0.98, -0.18, -0.08)
451.45: (-0.98, -0.18, 0.03)
451.55: (-0.96, -0.21, 0.19)
451.55: (0.72, -0.08, 0.69): 0
451.56: (-0.96, -0.21, 0.20)
451.66: (-0.95, -0.21, 0.22)
451.78: (-0.96, -0.16, 0.22)
451.90: (-0.99, 0.02, 0.16)
452.00: (-0.99, 0.16, 0.05)
452.11: (-0.92, -0.35, 0.17)
452.21: (-0.44, -0.83, 0.34)
452.33: (0.18, -0.81, 0.55)
452.45: (0.59, -0.39, 0.71)
452.56: (0.77, 0.12, 0.63)
452.68: (0.78, 0.32, 0.54)
452.78: (0.71, 0.11, 0.70)
452.88: (0.63, -0.08, 0.77)
452.88: (0.59, 0.44, -0.68): 0
452.90: (0.63, -0.09, 0.77)
453.01: (0.64, -0.12, 0.76)
453.11: (0.64, -0.12, 0.76)
453.21: (0.67, -0.16, 0.73)
453.33: (0.88, -0.21, 0.44)
453.45: (0.98, -0.01, -0.20)
453.56: (0.74, 0.25, -0.62)
453.66: (0.53, 0.40, -0.74)
453.78: (0.56, 0.43, -0.71)
453.85: (0.62, 0.42, -0.67)
453.85: (-0.57, -0.38, -0.72): 1
453.88: (0.62, 0.42, -0.67)
454.00: (0.62, 0.41, -0.67)
454.11: (0.50, 0.41, -0.76)
454.23: (0.31, 0.28, -0.91)
454.33: (0.30, 0.27, -0.92)
454.45: (0.30, 0.27, -0.92)
454.56: (0.30, 0.27, -0.92)
454.68: (0.07, 0.22, -0.97)
454.80: (-0.54, 0.20, -0.82)
454.91: (-0.88, 0.14, -0.45)
455.01: (-0.87, 0.00, -0.49)
455.13: (-0.65, -0.25, -0.72)
455.25: (-0.56, -0.34, -0.76)
455.25: (0.42, 0.80, -0.43): 2
455.25: (-0.56, -0.34, -0.76)
455.35: (-0.56, -0.34, -0.76)
455.46: (-0.60, -0.32, -0.74)
455.58: (-0.78, -0.16, -0.60)
455.68: (-0.94, 0.07, -0.33)
455.80: (-0.89, 0.44, 0.09)
455.91: (-0.62, 0.70, 0.35)
456.03: (-0.55, 0.82, -0.13)
456.15: (-0.38, 0.42, -0.82)
456.25: (-0.20, -0.05, -0.98)
456.36: (-0.20, -0.39, -0.90)
456.48: (-0.08, -0.64, -0.77)
456.60: (0.07, -0.85, -0.52)
456.70: (0.19, -0.94, -0.28)
456.81: (0.26, -0.96, 0.05)
456.93: (0.37, -0.93, 0.01)
457.05: (0.55, -0.62, -0.57)
457.16: (0.22, 0.27, -0.94)
457.28: (-0.28, 0.80, -0.53)
457.38: (-0.50, 0.84, -0.21)
457.50: (-0.27, 0.93, -0.25)
457.60: (0.23, 0.88, -0.41)
457.71: (0.43, 0.76, -0.49)
457.71: (0.68, 0.63, -0.37): 1
457.71: (0.43, 0.76, -0.49)
457.83: (0.43, 0.76, -0.49)
457.95: (0.44, 0.75, -0.48)
458.06: (0.70, 0.62, -0.37)
458.13: (0.71, 0.60, -0.35)
458.13: (-0.26, -0.83, -0.50): 2
458.18: (0.71, 0.61, -0.35)
458.30: (0.72, 0.60, -0.36)
458.40: (0.84, 0.47, -0.29)
458.51: (0.96, 0.26, -0.13)
458.61: (0.96, -0.19, 0.20)
458.73: (0.65, -0.49, 0.58)
458.85: (0.09, -0.63, 0.77)
458.96: (-0.31, -0.62, 0.72)
459.08: (-0.25, -0.90, 0.35)
459.18: (0.07, -0.97, -0.23)
459.30: (0.49, -0.51, -0.71)
459.41: (0.31, -0.26, -0.91)
459.53: (-0.04, -0.56, -0.83)
459.63: (-0.14, -0.72, -0.68)
459.75: (-0.17, -0.77, -0.62)
459.85: (-0.23, -0.78, -0.59)
459.96: (-0.29, -0.79, -0.54)
460.01: (-0.29, -0.78, -0.55)
460.01: (0.29, -0.40, 0.87): 2
460.08: (-0.29, -0.78, -0.55)
460.18: (-0.26, -0.78, -0.57)
460.28: (-0.26, -0.78, -0.57)
460.40: (-0.26, -0.78, -0.57)
460.50: (-0.26, -0.78, -0.57)
460.61: (-0.26, -0.78, -0.57)
460.73: (-0.26, -0.78, -0.57)
460.85: (-0.25, -0.79, -0.56)
460.96: (0.11, -0.98, -0.17)
461.08: (0.53, -0.68, 0.50)
461.19: (0.57, -0.06, 0.82)
461.30: (0.49, 0.27, 0.83)
461.41: (0.34, 0.19, 0.92)
461.51: (0.21, -0.22, 0.95)
461.60: (0.19, -0.30, 0.94)
461.60: (-0.87, 0.41, -0.26): 1
461.61: (0.19, -0.30, 0.94)
461.73: (0.19, -0.30, 0.94)
461.85: (0.18, -0.33, 0.93)
461.95: (0.21, -0.53, 0.82)
462.06: (0.03, -0.96, 0.28)
462.18: (-0.27, -0.81, -0.52)
462.29: (-0.46, -0.19, -0.87)
462.41: (-0.50, 0.28, -0.82)
462.51: (-0.51, 0.67, -0.54)
462.63: (-0.54, 0.83, -0.15)
462.74: (-0.81, 0.56, -0.17)
462.85: (-0.87, 0.47, -0.13)
462.93: (-0.88, 0.47, -0.12)
462.93: (0.84, 0.44, 0.32): 2
462.96: (-0.88, 0.47, -0.12)
463.08: (-0.88, 0.47, -0.12)
463.19: (-0.88, 0.46, -0.13)
463.31: (-0.93, 0.24, -0.28)
463.43: (-0.81, -0.25, -0.53)
463.53: (-0.53, -0.65, -0.54)
463.64: (-0.31, -0.89, -0.32)
463.76: (-0.69, -0.72, -0.02)
463.88: (-0.91, -0.41, 0.10)
463.98: (-0.89, -0.37, 0.26)
464.09: (-0.94, -0.19, 0.29)
464.21: (-0.92, 0.15, -0.37)
464.33: (-0.39, 0.39, -0.84)
464.43: (0.19, 0.42, -0.89)
464.54: (0.61, 0.38, -0.69)
464.66: (0.73, 0.56, -0.40)
464.78: (0.61, 0.78, -0.12)
464.88: (0.47, 0.85, 0.24)
464.99: (0.35, 0.64, 0.68)
465.11: (0.31, 0.44, 0.85)
465.23: (0.67, 0.53, 0.51)
465.33: (0.75, 0.54, 0.39)
465.39: (0.76, 0.53, 0.38)
465.39: (-0.95, -0.27, -0.19): 1
465.44: (0.76, 0.53, 0.38)
465.56: (0.76, 0.52, 0.40)
465.68: (0.78, 0.42, 0.46)
465.79: (0.82, 0.41, 0.39)
465.91: (0.79, 0.48, 0.39)
466.01: (0.39, 0.60, 0.69)
466.11: (-0.27, 0.78, 0.56)
466.23: (-0.67, 0.74, 0.08)
466.34: (-0.67, 0.74, 0.07)
466.44: (-0.67, 0.74, 0.07)
466.54: (-0.67, 0.74, 0.07)
466.66: (-0.67, 0.74, 0.07)
466.78: (-0.86, 0.51, 0.03)
466.88: (-1.00, -0.02, -0.03)
466.99: (-0.93, -0.36, 0.05)
467.11: (-0.97, -0.24, -0.04)
467.21: (-0.97, -0.16, -0.16)
467.23: (-0.97, -0.16, -0.17)
467.23: (0.14, -0.39, 0.91): 1
467.33: (-0.97, -0.16, -0.17)
467.44: (-0.97, -0.16, -0.17)
467.54: (-0.97, -0.16, -0.17)
467.64: (-0.97, -0.20, -0.16)
467.76: (-0.79, -0.61, 0.01)
467.88: (-0.23, -0.95, 0.19)
467.99: (0.07, -0.96, 0.28)
468.11: (0.28, -0.76, 0.59)
468.21: (0.32, -0.47, 0.83)
468.33: (0.75, 0.08, 0.66)
468.44: (0.87, 0.26, 0.42)
468.56: (0.58, -0.14, 0.80)
468.68: (0.46, -0.20, 0.87)
468.79: (0.45, -0.21, 0.87)
468.91: (0.28, -0.26, 0.92)
468.98: (0.15, -0.32, 0.94)
468.98: (-0.92, -0.21, -0.33): 0
469.03: (0.13, -0.34, 0.93)
469.14: (0.16, -0.41, 0.90)
469.24: (0.16, -0.49, 0.86)
469.36: (0.16, -0.49, 0.86)
469.46: (0.16, -0.49, 0.86)
469.58: (-0.08, -0.69, 0.72)
469.69: (-0.74, -0.65, -0.17)
469.81: (-0.73, -0.18, -0.66)
469.91: (-0.73, -0.12, -0.68)
470.03: (-0.79, -0.23, -0.57)
470.13: (-0.93, -0.17, -0.33)
470.21: (-0.95, -0.16, -0.26)
470.21: (0.12, -0.69, 0.71): 2
470.24: (-0.95, -0.16, -0.26)
470.36: (-0.95, -0.15, -0.27)
470.48: (-0.95, -0.15, -0.29)
470.59: (-0.91, -0.25, -0.34)
470.71: (-0.83, -0.34, -0.44)
470.83: (-0.60, -0.64, -0.48)
470.93: (-0.11, -0.99, -0.12)
471.04: (0.13, -0.98, 0.12)
471.16: (-0.12, -0.96, 0.27)
471.26: (-0.07, -0.86, 0.50)
471.38: (0.10, -0.75, 0.66)
471.43: (0.10, -0.75, 0.66)
471.43: (0.22, 0.66, 0.71): 1
471.49: (0.10, -0.75, 0.66)
471.61: (0.10, -0.75, 0.66)
471.73: (0.11, -0.74, 0.66)
471.83: (0.11, -0.74, 0.66)
471.94: (0.30, -0.57, 0.77)
472.06: (0.76, 0.14, 0.64)
472.18: (0.77, 0.23, 0.60)
472.28: (0.77, 0.23, 0.60)
472.39: (0.77, 0.23, 0.60)
472.51: (0.70, 0.55, 0.45)
472.63: (0.28, 0.95, 0.14)
472.74: (-0.13, 0.98, 0.14)
472.84: (0.08, 0.89, 0.44)
472.96: (0.42, 0.46, 0.78)
473.08: (0.40, 0.45, 0.80)
473.18: (0.23, 0.63, 0.74)
473.23: (0.21, 0.65, 0.73)
473.23: (-0.75, -0.56, 0.35): 2
473.29: (0.21, 0.65, 0.73)
473.41: (0.23, 0.66, 0.71)
473.53: (0.26, 0.69, 0.67)
473.64: (0.26, 0.69, 0.68)
473.74: (0.27, 0.69, 0.67)
473.84: (0.63, 0.57, 0.53)
473.96: (0.98, 0.21, 0.07)
474.08: (0.91, -0.17, -0.38)
474.18: (0.78, -0.30, -0.55)
474.29: (0.60, -0.45, -0.66)
474.41: (0.26, -0.68, -0.69)
474.51: (-0.03, -0.90, -0.44)
474.63: (-0.10, -0.99, 0.10)
474.74: (-0.04, -0.85, 0.52)
474.86: (-0.04, -0.72, 0.70)
474.98: (-0.04, -0.72, 0.70)
475.08: (-0.04, -0.72, 0.70)
475.19: (-0.04, -0.72, 0.70)
475.31: (0.12, -0.65, 0.75)
475.43: (0.49, -0.41, 0.77)
475.53: (0.74, -0.19, 0.64)
475.63: (0.81, 0.02, 0.58)
475.74: (0.80, 0.30, 0.52)
475.84: (0.81, 0.48, 0.33)
475.96: (0.75, 0.65, -0.10)
476.08: (0.50, 0.69, -0.52)
476.19: (0.21, 0.54, -0.81)
476.31: (-0.17, 0.37, -0.91)
476.41: (-0.54, 0.26, -0.80)
476.53: (-0.73, 0.66, -0.19)
476.63: (-0.53, 0.82, 0.22)
476.73: (-0.53, 0.82, 0.22)
476.84: (-0.53, 0.82, 0.22)
476.94: (-0.53, 0.82, 0.22)
477.06: (-0.53, 0.82, 0.22)
477.18: (-0.43, 0.78, 0.46)
477.29: (-0.12, 0.74, 0.67)
477.39: (0.31, 0.52, 0.80)
477.51: (0.68, -0.02, 0.73)
477.63: (0.62, -0.66, 0.42)
477.74: (0.24, -0.96, -0.13)
477.84: (0.05, -0.81, -0.58)
477.94: (0.05, -0.49, -0.87)
478.06: (-0.22, -0.22, -0.95)
478.18: (-0.52, -0.48, -0.71)
478.29: (-0.49, -0.72, -0.49)
478.41: (-0.49, -0.72, -0.49)
478.51: (-0.49, -0.72, -0.49)
478.61: (-0.49, -0.72, -0.49)
478.73: (-0.67, -0.67, -0.32)
478.84: (-0.72, -0.68, 0.17)
478.96: (-0.51, -0.54, 0.67)
479.07: (-0.43, -0.45, 0.79)
479.19: (-0.67, -0.51, 0.54)
479.29: (-0.76, -0.55, 0.35)
479.31: (-0.76, -0.55, 0.35)
479.31: (0.99, 0.08, -0.10): 0
479.41: (-0.75, -0.56, 0.34)
479.52: (-0.75, -0.56, 0.35)
479.63: (-0.75, -0.56, 0.35)
479.74: (-0.60, -0.76, 0.27)
479.84: (-0.06, -1.00, 0.04)
479.96: (0.69, -0.66, -0.29)
480.07: (0.92, 0.05, -0.40)
480.19: (0.75, 0.60, -0.27)
480.31: (0.90, 0.43, -0.12)
480.42: (0.98, 0.16, -0.13)
480.47: (0.98, 0.13, -0.13)
480.47: (-0.37, 0.89, -0.27): 0
480.54: (0.98, 0.14, -0.13)
480.66: (0.98, 0.15, -0.13)
480.76: (0.97, 0.21, -0.13)
480.87: (0.86, 0.52, -0.04)
480.99: (0.36, 0.91, 0.19)
481.11: (-0.19, 0.92, 0.33)
481.22: (-0.52, 0.74, 0.42)
481.32: (-0.81, 0.44, 0.39)
481.44: (-0.96, 0.25, 0.14)
481.56: (-0.69, 0.70, -0.18)
481.67: (-0.39, 0.86, -0.33)
481.79: (-0.33, 0.87, -0.36)
481.81: (-0.33, 0.87, -0.36)
481.81: (-0.95, -0.21, 0.25): 0
481.89: (-0.33, 0.87, -0.37)
482.01: (-0.36, 0.86, -0.36)
482.11: (-0.47, 0.83, -0.30)
482.22: (-0.78, 0.57, -0.26)
482.34: (-0.99, 0.00, -0.14)
482.46: (-0.90, -0.43, 0.09)
482.56: (-0.81, -0.54, 0.22)
482.66: (-0.87, -0.41, 0.27)
482.77: (-0.94, -0.23, 0.24)
482.79: (-0.94, -0.24, 0.24)
482.79: (0.36, 0.62, 0.69): 1
482.89: (-0.94, -0.25, 0.24)
483.01: (-0.96, -0.20, 0.19)
483.11: (-0.96, -0.20, 0.19)
483.22: (-0.96, -0.20, 0.19)
483.32: (-0.96, -0.20, 0.19)
483.42: (-0.96, -0.19, 0.19)
483.54: (-0.89, 0.44, 0.11)
483.66: (-0.16, 0.98, -0.11)
483.77: (0.40, 0.89, -0.22)
483.89: (0.46, 0.89, -0.05)
483.99: (0.22, 0.91, 0.34)
484.09: (-0.13, 0.58, 0.80)
484.21: (-0.32, 0.03, 0.95)
484.32: (-0.29, 0.02, 0.96)
484.44: (-0.03, 0.50, 0.87)
484.54: (-0.03, 0.51, 0.86)
484.66: (-0.03, 0.51, 0.86)
484.76: (-0.03, 0.51, 0.86)
484.87: (0.06, 0.53, 0.85)
484.99: (0.25, 0.56, 0.79)
485.11: (0.29, 0.59, 0.75)
485.14: (0.30, 0.59, 0.75)
485.14: (-0.41, -0.19, -0.89): 2
485.21: (0.30, 0.59, 0.75)
485.32: (0.30, 0.59, 0.75)
485.44: (0.32, 0.62, 0.72)
485.54: (0.32, 0.64, 0.70)
485.66: (0.16, 0.70, 0.70)
485.77: (-0.25, 0.69, 0.68)
485.89: (-0.51, 0.66, 0.56)
486.01: (-0.33, 0.92, 0.23)
486.12: (0.02, 0.97, -0.26)
486.24: (0.24, 0.77, -0.59)
486.34: (0.32, 0.61, -0.73)
486.46: (0.24, 0.44, -0.87)
486.57: (-0.21, 0.21, -0.95)
486.69: (-0.71, 0.04, -0.70)
486.81: (-0.75, -0.12, -0.65)
486.92: (-0.53, -0.26, -0.80)
487.02: (-0.53, -0.28, -0.80)
487.02: (-0.19, 0.49, 0.85): 1
487.04: (-0.53, -0.28, -0.80)
487.16: (-0.52, -0.27, -0.81)
487.26: (-0.50, -0.27, -0.83)
487.37: (-0.57, -0.13, -0.81)
487.49: (-0.87, 0.09, -0.49)
487.61: (-0.96, 0.12, 0.27)
487.72: (-0.75, 0.11, 0.66)
487.84: (-0.49, 0.11, 0.86)
487.96: (-0.10, 0.08, 0.99)
488.06: (-0.02, 0.28, 0.96)
488.16: (-0.22, 0.46, 0.86)
488.22: (-0.29, 0.48, 0.83)
488.22: (-0.71, -0.65, 0.29): 2
488.27: (-0.28, 0.48, 0.83)
488.37: (-0.28, 0.48, 0.83)
488.49: (-0.22, 0.43, 0.87)
488.61: (0.00, 0.32, 0.95)
488.72: (0.22, 0.19, 0.96)
488.84: (0.30, 0.10, 0.95)
488.96: (0.41, -0.08, 0.91)
489.07: (0.09, -0.30, 0.95)
489.17: (-0.62, -0.30, 0.72)
489.29: (-0.98, -0.20, 0.05)
489.41: (-0.95, -0.20, -0.25)
489.52: (-0.80, -0.59, 0.06)
489.62: (-0.61, -0.72, 0.35)
489.69: (-0.59, -0.72, 0.37)
489.69: (-0.99, 0.04, -0.15): 1
489.74: (-0.59, -0.72, 0.37)
489.86: (-0.59, -0.71, 0.37)
489.97: (-0.66, -0.64, 0.40)
490.07: (-0.89, -0.30, 0.35)
490.19: (-0.81, 0.58, -0.04)
490.29: (-0.18, 0.90, -0.39)
490.41: (-0.08, 0.89, -0.44)
490.52: (-0.73, 0.63, -0.26)
490.64: (-0.92, 0.36, -0.13)
490.76: (-0.96, 0.27, -0.04)
490.87: (-0.98, 0.19, -0.04)
490.97: (-0.98, 0.13, -0.11)
490.97: (0.53, -0.82, 0.23): 2
490.99: (-0.98, 0.13, -0.12)
491.11: (-0.98, 0.14, -0.11)
491.22: (-0.97, 0.21, -0.10)
491.34: (-0.97, 0.22, -0.10)
491.46: (-0.97, 0.22, -0.10)
491.57: (-0.97, 0.22, -0.10)
491.67: (-0.97, 0.22, -0.10)
491.79: (-0.97, 0.21, -0.09)
491.91: (-0.99, -0.14, 0.08)
492.02: (-0.68, -0.66, 0.34)
492.12: (-0.29, -0.85, 0.44)
492.22: (0.17, -0.92, 0.36)
492.34: (0.57, -0.81, 0.15)
492.46: (0.65, -0.76, 0.10)
492.54: (0.65, -0.75, 0.15)
492.54: (0.80, -0.52, -0.31): 1
492.57: (0.65, -0.75, 0.15)
492.69: (0.65, -0.74, 0.18)
492.79: (0.65, -0.74, 0.18)
492.91: (0.81, -0.58, 0.06)
493.01: (0.87, -0.46, -0.17)
493.06: (0.88, -0.44, -0.20)
493.06: (-0.31, -0.66, -0.68): 1
493.12: (0.88, -0.42, -0.21)
493.24: (0.88, -0.44, -0.19)
493.36: (0.93, -0.28, -0.23)
493.46: (0.96, -0.15, -0.25)
493.57: (0.67, -0.68, -0.30)
493.69: (-0.14, -0.94, -0.30)
493.79: (-0.49, -0.81, -0.31)
493.89: (-0.59, -0.72, -0.37)
494.01: (-0.41, -0.73, -0.55)
494.12: (-0.26, -0.74, -0.61)
494.12: (0.81, -0.10, 0.58): 0
494.12: (-0.26, -0.74, -0.61)
494.22: (-0.26, -0.75, -0.61)
494.34: (-0.27, -0.76, -0.60)
494.46: (-0.23, -0.77, -0.59)
494.57: (0.43, -0.85, -0.32)
494.69: (0.90, -0.39, 0.20)
494.81: (0.90, -0.17, 0.41)
494.92: (0.80, -0.11, 0.60)
494.95: (0.79, -0.11, 0.60)
494.95: (-0.87, 0.42, -0.24): 1
495.02: (0.79, -0.11, 0.60)
495.14: (0.79, -0.11, 0.61)
495.25: (0.81, -0.15, 0.57)
495.37: (0.88, -0.37, 0.28)
495.49: (0.78, -0.55, -0.29)
495.59: (0.67, -0.42, -0.62)
495.71: (0.65, -0.11, -0.76)
495.82: (0.59, 0.06, -0.80)
495.94: (0.37, -0.33, -0.87)
496.05: (-0.08, -0.96, -0.28)
496.16: (-0.08, -0.91, 0.40)
496.27: (0.10, -0.59, 0.80)
496.39: (-0.01, -0.15, 0.99)
496.50: (-0.35, 0.34, 0.87)
496.62: (-0.59, 0.62, 0.52)
496.74: (-0.76, 0.65, 0.09)
496.84: (-0.80, 0.55, -0.24)
496.96: (-0.83, 0.49, -0.28)
497.02: (-0.84, 0.48, -0.23)
497.02: (-0.09, -0.88, 0.47): 2
497.07: (-0.84, 0.48, -0.23)
497.19: (-0.84, 0.48, -0.24)
497.30: (-0.85, 0.48, -0.24)
497.40: (-0.85, 0.48, -0.24)
497.50: (-0.85, 0.48, -0.24)
497.62: (-0.85, 0.48, -0.24)
497.74: (-0.86, 0.50, -0.13)
497.85: (-0.79, 0.50, 0.36)
497.95: (-0.42, 0.26, 0.87)
498.07: (0.36, -0.22, 0.91)
498.17: (0.80, -0.48, 0.37)
498.29: (0.82, -0.45, -0.36)
498.40: (0.64, -0.31, -0.70)
498.50: (0.42, -0.22, -0.88)
498.62: (0.22, -0.44, -0.87)
498.72: (0.04, -0.87, -0.49)
498.84: (0.08, -0.99, 0.15)
498.95: (0.12, -0.92, 0.37)
499.07: (0.10, -0.91, 0.41)
499.17: (0.05, -0.92, 0.39)
499.29: (0.03, -0.92, 0.39)
499.40: (-0.02, -0.91, 0.42)
499.40: (0.78, -0.44, -0.44): 0
499.40: (-0.02, -0.91, 0.42)
499.52: (-0.02, -0.90, 0.43)
499.64: (-0.03, -0.90, 0.44)
499.74: (-0.03, -0.90, 0.43)
499.84: (0.09, -0.95, 0.28)
499.95: (0.51, -0.86, -0.05)
500.07: (0.82, -0.48, -0.31)
500.19: (0.91, -0.20, -0.37)
500.30: (0.88, -0.24, -0.41)
500.42: (0.81, -0.43, -0.41)
500.44: (0.80, -0.43, -0.41)
500.44: (-0.77, -0.49, 0.42): 2
500.52: (0.80, -0.44, -0.41)
500.64: (0.80, -0.44, -0.40)
500.74: (0.80, -0.44, -0.40)
500.85: (0.81, -0.44, -0.40)
500.95: (0.81, -0.44, -0.40)
501.05: (0.81, -0.44, -0.40)
501.17: (0.76, -0.50, -0.41)
501.29: (0.35, -0.82, -0.44)
501.40: (-0.28, -0.92, -0.26)
501.50: (-0.57, -0.82, -0.07)
501.62: (-0.77, -0.63, 0.12)
501.72: (-0.87, -0.45, 0.19)
501.84: (-0.90, -0.31, 0.30)
501.95: (-0.80, -0.40, 0.44)
501.95: (0.96, -0.28, -0.01): 0
501.95: (-0.80, -0.40, 0.44)
502.07: (-0.80, -0.41, 0.43)
502.19: (-0.82, -0.40, 0.41)
502.29: (-0.82, -0.43, 0.39)
502.39: (-0.54, -0.76, 0.37)
502.50: (0.27, -0.92, 0.29)
502.62: (0.86, -0.50, 0.11)
502.74: (1.00, -0.02, -0.09)
502.85: (1.00, 0.01, -0.10)
502.95: (0.98, -0.22, 0.00)
502.99: (0.97, -0.24, 0.01)
502.99: (-0.80, -0.43, -0.42): 1
503.05: (0.97, -0.24, 0.01)
503.15: (0.97, -0.23, 0.00)
503.27: (0.97, -0.23, 0.00)
503.39: (0.97, -0.23, 0.00)
503.50: (0.91, -0.41, -0.03)
503.62: (0.47, -0.85, -0.25)
503.72: (0.04, -0.89, -0.45)
503.84: (-0.13, -0.82, -0.56)
503.95: (-0.52, -0.74, -0.42)
504.07: (-0.83, -0.53, -0.17)
504.19: (-0.92, -0.37, -0.14)
504.29: (-0.80, -0.45, -0.40)
504.32: (-0.79, -0.46, -0.40)
504.32: (-0.86, 0.17, -0.49): 0
504.40: (-0.79, -0.47, -0.39)
504.52: (-0.80, -0.47, -0.38)
504.62: (-0.82, -0.44, -0.37)
504.72: (-0.87, -0.13, -0.48)
504.84: (-0.81, 0.15, -0.56)
504.84: (-1.00, -0.02, -0.05): 1
504.84: (-0.81, 0.15, -0.56)
504.95: (-0.81, 0.16, -0.57)
505.07: (-0.82, 0.14, -0.55)
505.17: (-0.94, 0.11, -0.33)
505.27: (-0.99, 0.00, -0.13)
505.29: (-0.99, -0.01, -0.13)
505.29: (-0.90, -0.38, -0.21): 1
505.39: (-0.99, -0.01, -0.12)
505.50: (-0.99, -0.02, -0.12)
505.62: (-0.96, -0.23, -0.15)
505.74: (-0.87, -0.46, -0.17)
505.74: (-1.00, 0.05, -0.07): 0
505.74: (-0.87, -0.46, -0.17)
505.85: (-0.87, -0.47, -0.15)
505.95: (-0.86, -0.49, -0.15)
506.05: (-0.96, -0.24, -0.12)
506.15: (-0.99, 0.07, -0.10)
506.15: (-0.41, 0.02, 0.91): 0
506.17: (-0.99, 0.07, -0.11)
506.29: (-0.99, 0.09, -0.12)
506.40: (-0.99, 0.05, -0.10)
506.52: (-1.00, 0.01, 0.02)
506.64: (-0.88, -0.06, 0.47)
506.74: (-0.52, 0.00, 0.85)
506.85: (-0.29, 0.07, 0.95)
506.92: (-0.30, 0.09, 0.95)
506.92: (-0.99, -0.03, -0.10): 1
506.97: (-0.30, 0.08, 0.95)
507.09: (-0.30, 0.09, 0.95)
507.20: (-0.32, 0.07, 0.95)
507.32: (-0.51, 0.09, 0.86)
507.44: (-0.97, -0.02, 0.24)
507.55: (-0.95, -0.16, -0.28)
507.67: (-0.97, -0.13, -0.21)
507.77: (-1.00, 0.02, -0.03)
507.77: (-0.71, 0.16, 0.69): 1
507.77: (-1.00, 0.02, -0.03)
507.89: (-1.00, 0.03, -0.03)
507.99: (-1.00, 0.02, -0.03)
508.10: (-0.92, 0.07, 0.39)
508.20: (-0.85, 0.10, 0.53)
508.30: (-0.80, 0.13, 0.59)
508.40: (-0.68, 0.14, 0.72)
508.40: (0.03, 0.86, -0.51): 2
508.42: (-0.68, 0.14, 0.72)
508.54: (-0.69, 0.12, 0.71)
508.65: (-0.69, 0.11, 0.71)
508.77: (-0.72, 0.11, 0.69)
508.89: (-0.72, 0.11, 0.68)
509.00: (-0.73, 0.11, 0.68)
509.12: (-0.75, 0.10, 0.66)
509.24: (-0.92, -0.03, 0.40)
509.34: (-0.91, -0.42, -0.05)
509.44: (-0.59, -0.75, -0.29)
509.55: (-0.15, -0.89, -0.44)
509.67: (0.27, -0.73, -0.62)
509.79: (0.50, -0.44, -0.75)
509.89: (0.55, -0.01, -0.84)
509.99: (0.26, 0.50, -0.83)
510.10: (-0.31, 0.64, -0.71)
510.20: (-0.54, 0.72, -0.43)
510.32: (-0.28, 0.87, -0.40)
510.44: (-0.09, 0.81, -0.57)
510.44: (0.86, 0.02, -0.51): 1
510.44: (-0.09, 0.81, -0.57)
510.55: (-0.10, 0.81, -0.57)
510.67: (-0.10, 0.82, -0.56)
510.77: (-0.10, 0.82, -0.56)
510.89: (-0.15, 0.67, -0.73)
511.00: (-0.14, 0.01, -0.99)
511.12: (-0.10, -0.62, -0.78)
511.24: (-0.08, -0.85, -0.51)
511.34: (-0.16, -0.96, -0.21)
511.45: (-0.33, -0.94, 0.00)
511.57: (-0.60, -0.80, -0.07)
511.69: (-0.82, -0.27, -0.50)
511.80: (-0.74, 0.38, -0.55)
511.92: (-0.62, 0.72, -0.30)
512.04: (-0.43, 0.90, -0.05)
512.14: (-0.08, 0.99, 0.07)
512.25: (0.48, 0.86, 0.17)
512.35: (0.76, 0.59, 0.26)
512.47: (0.93, 0.21, 0.29)
512.58: (0.95, -0.30, 0.08)
512.68: (0.85, -0.51, -0.10)
512.80: (0.85, -0.51, -0.10)
512.92: (0.85, -0.51, -0.10)
513.02: (0.85, -0.51, -0.10)
513.14: (0.79, -0.60, -0.10)
513.25: (0.58, -0.79, -0.19)
513.37: (0.18, -0.90, -0.39)
513.48: (-0.35, -0.76, -0.55)
513.59: (-0.77, -0.39, -0.50)
513.70: (-0.95, -0.17, -0.26)
513.82: (-0.95, -0.30, 0.13)
513.93: (-0.53, -0.66, 0.54)
514.05: (0.11, -0.76, 0.64)
514.17: (0.68, -0.53, 0.50)
514.27: (0.97, -0.18, 0.19)
514.38: (0.97, 0.15, -0.20)
514.50: (0.73, 0.38, -0.56)
514.62: (0.71, 0.36, -0.61)
514.73: (0.78, 0.12, -0.61)
514.82: (0.80, 0.02, -0.59)
514.82: (0.85, -0.22, 0.48): 0
514.85: (0.81, 0.01, -0.59)
514.97: (0.81, 0.02, -0.59)
515.08: (0.82, 0.00, -0.57)
515.20: (0.82, -0.01, -0.57)
515.30: (0.82, -0.01, -0.57)
515.42: (0.82, -0.01, -0.57)
515.53: (0.88, -0.01, -0.48)
515.65: (0.99, -0.11, 0.04)
515.77: (0.81, -0.29, 0.51)
515.87: (0.66, -0.42, 0.62)
515.98: (0.77, -0.34, 0.53)
516.05: (0.82, -0.28, 0.50)
516.05: (-0.16, -0.66, -0.73): 0
516.10: (0.82, -0.28, 0.50)
516.22: (0.82, -0.28, 0.50)
516.33: (0.81, -0.28, 0.51)
516.45: (0.85, -0.35, 0.40)
516.57: (0.85, -0.53, -0.01)
516.67: (0.73, -0.58, -0.37)
516.78: (0.62, -0.48, -0.62)
516.90: (0.15, -0.30, -0.94)
517.02: (-0.34, -0.09, -0.94)
517.13: (-0.25, -0.41, -0.88)
517.25: (-0.14, -0.57, -0.81)
517.28: (-0.14, -0.58, -0.80)
517.28: (0.95, -0.22, -0.24): 0
517.35: (-0.14, -0.59, -0.80)
517.47: (-0.15, -0.59, -0.79)
517.58: (-0.15, -0.59, -0.79)
517.70: (-0.06, -0.62, -0.78)
517.80: (0.32, -0.69, -0.65)
517.92: (0.68, -0.61, -0.41)
518.03: (0.83, -0.50, -0.26)
518.15: (0.88, -0.37, -0.31)
518.27: (0.91, -0.28, -0.30)
518.28: (0.91, -0.28, -0.30)
518.28: (0.75, 0.49, -0.44): 2
518.37: (0.91, -0.28, -0.30)
518.48: (0.92, -0.28, -0.28)
518.58: (0.92, -0.29, -0.28)
518.70: (0.92, -0.29, -0.28)
518.82: (0.92, -0.29, -0.28)
518.92: (0.92, -0.29, -0.28)
519.03: (0.92, -0.31, -0.25)
519.15: (0.86, -0.51, -0.07)
519.27: (0.60, -0.74, 0.31)
519.38: (0.37, -0.82, 0.44)
519.50: (0.29, -0.84, 0.45)
519.62: (0.26, -0.86, 0.45)
519.72: (0.17, -0.85, 0.49)
519.83: (-0.22, -0.74, 0.64)
519.95: (-0.56, -0.57, 0.60)
520.07: (-0.74, -0.37, 0.56)
520.18: (-0.89, -0.09, 0.45)
520.28: (-0.92, 0.20, 0.34)
520.40: (-0.78, 0.53, 0.35)
520.52: (-0.41, 0.75, 0.52)
520.63: (-0.14, 0.61, 0.78)
520.73: (0.08, 0.37, 0.93)
520.85: (0.36, 0.08, 0.93)
520.97: (0.42, -0.14, 0.90)
521.08: (0.42, -0.14, 0.90)
521.20: (0.41, -0.14, 0.90)
521.32: (0.58, -0.30, 0.76)
521.43: (0.93, -0.36, 0.03)
521.55: (0.72, -0.21, -0.66)
521.67: (0.33, 0.00, -0.94)
521.78: (-0.06, 0.19, -0.98)
521.88: (-0.30, 0.30, -0.91)
522.00: (-0.46, 0.38, -0.80)
522.12: (-0.19, 0.57, -0.80)
522.22: (0.32, 0.79, -0.53)
522.33: (0.70, 0.72, -0.05)
522.45: (0.80, 0.58, 0.14)
522.55: (0.83, 0.55, -0.11)
522.67: (0.77, 0.37, -0.52)
522.68: (0.76, 0.35, -0.54)
522.68: (0.09, -0.99, -0.14): 1
522.78: (0.75, 0.35, -0.56)
522.90: (0.75, 0.38, -0.54)
523.02: (0.76, 0.40, -0.51)
523.13: (0.79, 0.29, -0.54)
523.23: (0.77, -0.29, -0.56)
523.35: (0.40, -0.86, -0.32)
523.47: (0.05, -0.99, -0.11)
523.57: (-0.16, -0.99, 0.04)
523.68: (-0.15, -0.99, 0.03)
523.80: (-0.04, -1.00, -0.03)
523.85: (-0.01, -1.00, -0.04)
523.85: (-0.99, 0.14, 0.03): 2
523.90: (-0.01, -1.00, -0.04)
524.02: (0.01, -1.00, -0.06)
524.13: (0.00, -1.00, -0.05)
524.25: (0.00, -1.00, -0.06)
524.35: (0.00, -1.00, -0.06)
524.45: (0.00, -1.00, -0.06)
524.57: (-0.03, -1.00, -0.03)
524.68: (-0.33, -0.88, 0.35)
524.80: (-0.58, -0.42, 0.70)
524.92: (-0.63, -0.05, 0.78)
525.03: (-0.74, 0.12, 0.66)
525.15: (-0.87, 0.36, 0.34)
525.27: (-0.84, 0.54, 0.03)
525.38: (-0.86, 0.49, -0.16)
525.48: (-0.99, 0.16, -0.05)
525.53: (-1.00, 0.08, -0.01)
525.53: (0.98, -0.20, -0.06): 2
525.60: (-1.00, 0.09, -0.01)
525.72: (-0.99, 0.10, -0.02)
525.82: (-0.99, 0.11, 0.00)
525.92: (-0.99, 0.11, 0.00)
526.03: (-0.99, 0.11, 0.00)
526.15: (-0.99, 0.11, 0.00)
526.27: (-0.99, 0.11, 0.05)
526.38: (-0.87, 0.13, 0.48)
526.50: (-0.50, 0.19, 0.85)
526.62: (-0.12, 0.23, 0.97)
526.73: (0.13, 0.22, 0.97)
526.83: (0.36, 0.07, 0.93)
526.95: (0.52, -0.26, 0.81)
527.05: (0.41, -0.64, 0.65)
527.17: (0.08, -0.97, 0.22)
527.28: (-0.24, -0.92, -0.29)
527.40: (-0.49, -0.67, -0.56)
527.50: (-0.68, -0.49, -0.54)
527.62: (-0.85, -0.23, -0.47)
527.72: (-0.90, 0.09, -0.42)
527.83: (-0.84, 0.46, -0.27)
527.95: (-0.76, 0.63, 0.18)
528.05: (-0.54, 0.44, 0.72)
528.17: (-0.12, -0.09, 0.99)
528.28: (0.22, -0.29, 0.93)
528.38: (0.52, -0.45, 0.72)
528.50: (0.83, -0.48, 0.28)
528.62: (0.96, -0.25, -0.15)
528.73: (0.96, 0.07, -0.29)
528.85: (0.97, 0.02, -0.25)
528.96: (0.96, -0.28, -0.10)
529.01: (0.95, -0.30, -0.07)
529.01: (-0.57, 0.75, -0.33): 2
529.08: (0.95, -0.30, -0.07)
529.20: (0.95, -0.30, -0.07)
529.31: (0.95, -0.30, -0.07)
529.41: (0.95, -0.30, -0.07)
529.53: (0.95, -0.30, -0.07)
529.65: (0.95, -0.30, -0.07)
529.76: (0.95, -0.30, -0.07)
529.86: (0.97, -0.19, -0.12)
529.96: (0.97, 0.13, -0.21)
530.08: (0.97, 0.12, -0.20)
530.20: (0.97, 0.12, -0.20)
530.31: (0.97, 0.12, -0.20)
530.43: (0.98, 0.11, -0.18)
530.55: (0.94, 0.33, -0.06)
530.66: (0.60, 0.80, -0.01)
530.78: (0.16, 0.98, 0.06)
530.90: (-0.19, 0.98, 0.10)
531.01: (-0.50, 0.85, 0.15)
531.11: (-0.58, 0.81, 0.06)
531.23: (-0.49, 0.84, -0.23)
531.28: (-0.47, 0.84, -0.27)
531.28: (-0.88, 0.45, -0.15): 1
531.33: (-0.47, 0.84, -0.27)
531.45: (-0.47, 0.84, -0.27)
531.56: (-0.49, 0.83, -0.27)
531.68: (-0.72, 0.67, -0.17)
531.78: (-0.88, 0.47, -0.05)
531.78: (-0.45, 0.33, -0.83): 1
531.80: (-0.88, 0.47, -0.05)
531.91: (-0.88, 0.47, -0.06)
532.01: (-0.89, 0.46, -0.03)
532.13: (-0.90, 0.43, -0.02)
532.23: (-0.93, 0.36, 0.03)
532.35: (-0.81, 0.45, 0.37)
532.45: (-0.43, 0.53, 0.73)
532.56: (0.14, 0.57, 0.81)
532.68: (0.42, 0.67, 0.61)
532.78: (0.42, 0.81, 0.42)
532.90: (0.21, 0.98, -0.01)
533.01: (-0.34, 0.82, -0.46)
533.13: (-0.66, 0.21, -0.72)
533.25: (-0.62, -0.25, -0.74)
533.36: (-0.59, -0.02, -0.81)
533.46: (-0.50, 0.30, -0.81)
533.51: (-0.46, 0.34, -0.82)
533.51: (-0.57, 0.67, 0.47): 1
533.58: (-0.45, 0.35, -0.82)
533.70: (-0.46, 0.34, -0.82)
533.81: (-0.46, 0.34, -0.82)
533.93: (-0.46, 0.36, -0.81)
534.05: (-0.53, 0.51, -0.67)
534.16: (-0.67, 0.72, -0.20)
534.26: (-0.66, 0.69, 0.31)
534.38: (-0.64, 0.51, 0.57)
534.50: (-0.63, 0.47, 0.62)
534.60: (-0.62, 0.59, 0.52)
534.63: (-0.62, 0.61, 0.50)
534.63: (0.90, 0.44, -0.03): 0
534.71: (-0.62, 0.61, 0.49)
534.81: (-0.61, 0.61, 0.50)
534.91: (-0.61, 0.61, 0.51)
535.03: (-0.52, 0.60, 0.61)
535.15: (0.01, 0.56, 0.83)
535.26: (0.68, 0.35, 0.65)
535.38: (0.99, 0.01, 0.15)
535.50: (0.90, -0.32, -0.29)
535.60: (0.77, -0.40, -0.49)
535.71: (0.94, 0.18, -0.29)
535.83: (0.89, 0.43, -0.10)
535.86: (0.90, 0.43, -0.10)
535.86: (-0.16, 0.46, 0.87): 0
535.93: (0.90, 0.43, -0.10)
536.05: (0.89, 0.44, -0.10)
536.16: (0.90, 0.42, -0.12)
536.28: (0.77, 0.64, 0.06)
536.40: (0.23, 0.87, 0.44)
536.51: (-0.24, 0.70, 0.68)
536.63: (-0.41, 0.46, 0.79)
536.73: (-0.41, 0.32, 0.85)
536.85: (-0.21, 0.42, 0.88)
536.86: (-0.21, 0.42, 0.88)
536.86: (0.78, 0.63, -0.04): 0
536.96: (-0.22, 0.43, 0.88)
537.06: (-0.22, 0.43, 0.88)
537.18: (-0.27, 0.43, 0.86)
537.30: (-0.11, 0.60, 0.80)
537.41: (0.40, 0.78, 0.48)
537.53: (0.71, 0.69, 0.15)
537.63: (0.80, 0.60, 0.01)
537.75: (0.82, 0.58, -0.07)
537.75: (0.74, 0.58, 0.33): 2
537.75: (0.82, 0.58, -0.07)
537.85: (0.81, 0.58, -0.07)
537.96: (0.81, 0.58, -0.07)
538.08: (0.80, 0.58, 0.15)
538.20: (0.73, 0.56, 0.40)
538.20: (-0.10, 0.99, 0.02): 2
538.20: (0.73, 0.56, 0.40)
538.30: (0.73, 0.56, 0.40)
538.41: (0.73, 0.57, 0.39)
538.53: (0.73, 0.57, 0.37)
538.65: (0.57, 0.77, 0.29)
538.76: (0.37, 0.93, 0.04)
538.86: (0.20, 0.94, -0.28)
538.96: (-0.10, 0.94, -0.32)
539.08: (-0.09, 0.99, -0.09)
539.13: (-0.07, 1.00, -0.05)
539.13: (-0.95, 0.28, 0.17): 1
539.20: (-0.06, 1.00, -0.04)
539.31: (-0.05, 1.00, -0.03)
539.43: (-0.10, 1.00, 0.00)
539.53: (-0.23, 0.95, 0.22)
539.65: (-0.55, 0.56, 0.62)
539.76: (-0.65, 0.23, 0.72)
539.88: (-0.78, 0.26, 0.57)
540.00: (-0.90, 0.37, 0.22)
540.05: (-0.91, 0.36, 0.20)
540.05: (-0.98, -0.19, 0.00): 0
540.11: (-0.91, 0.36, 0.20)
540.23: (-0.91, 0.36, 0.20)
540.35: (-0.98, 0.11, 0.18)
540.46: (-0.99, -0.09, 0.09)
540.55: (-0.99, -0.14, 0.07)
END