4/1/2023 12:41:55 PM
Mode: Mono
White time (s): [1.133144, 1.099854, 4.965778, 1.483032, 1.766411, 0.9498291, 1.266434, 1.849731, 1.249916, 2.26635, 1.966217, 1.599648, 1.466599, 1.367058, 2.466248, 2.116226, 1.149826, 2.19957, 1.349747, 0.6503296, 8.015198, 1.216187, 1.299835, 4.898926, 2.499741, 2.999435, 0.4165649, 1.016525, 0.416687, 1.483231]
Shot time (s): [1.14967, 1.11668, 0.8997688, 1.016327, 2.382908, 1.899742, 1.749374, 1.782837, 1.449623, 0.3834457, 4.648827, 2.41655, 1.166847, 2.049828, 1.733017, 1.815926, 2.966095, 1.299713, 0.6832275, 1.616302, 1.449966, 1.39946, 1.833191, 1.266327, 2.499588, 1.766418, 1.582764, 2.466187, 5.132553, 0.3831177]
Step time (s): [1.199871, 2.816086, 0.9664993, 0.8332214, 0.633255, 0.6666412, 4.915543, 1.582962, 4.082596, 0.6661835, 0.6331482, 3.998894, 1.882713, 2.215805, 1.23304, 2.349396, 0.9496613, 3.14917, 1.399658, 0.5327911, 1.366379, 1.299606, 1.483047, 1.433136, 0.5664825, 3.149368, 1.399826, 1.299744, 3.898987, 2.099197]
White horz (deg): [241.75, 82.87499, 1610.687, 213.5, 291.1875, 108.25, 76.81249, 239.25, 121.375, 945.3124, 494, 314.375, 251.5, 296.8125, 662.3749, 225.375, 74.99999, 224.375, 95.31249, 55.8125, 2355.937, 135.6875, 110.3125, 1346.375, 436.125, 468.8125, 8.062498, 54.6875, 14.8125, 71.18749]
Shot horz (deg): [168.5625, 93.93749, 54.625, 83.18749, 421.4375, 386.8125, 241.25, 340.8125, 151.0625, 5.875, 1249.062, 780.9374, 60.375, 318.5, 271.375, 104.375, 554.1249, 71.99999, 46.3125, 114.625, 84.37499, 350.875, 207.625, 81.93749, 330.1875, 68.24999, 173.4375, 356.25, 1622.437, 13.6875]
Step horz (deg): [183.25, 605.8749, 125.8125, 66.99999, 32.9375, 47.9375, 1428.375, 372.1875, 1151.062, 34.875, 39.875, 768.8124, 494.25, 500.25, 268.75, 768.1874, 66.99999, 1006.187, 150.625, 6.4375, 148.3125, 188.4375, 376.1875, 378.0625, 54.3125, 550.6249, 205.9375, 272.375, 713.1874, 567.2499]
White vert (deg): [24.625, 105.625, 467.0625, 350.75, 317.375, 105.5, 229.5625, 323.1875, 203.0625, 272.9375, 328.25, 258.375, 296.375, 124.0625, 345.875, 462.8125, 198.6875, 381.875, 196.8125, 41.4375, 1256.687, 134.25, 157.9375, 1059.812, 297, 500.0625, 12.8125, 154, 25.1875, 272.0625]
Shot vert (deg): [127, 155.3125, 111.8125, 99.12499, 344.4375, 265.1875, 60.75, 333.25, 185.0625, 17.5625, 533.0624, 420.8125, 237.25, 432.25, 254.125, 378.125, 414.375, 255.0625, 17.375, 273.3125, 252.875, 53.75, 172.8125, 263.625, 253.3125, 302.6875, 207.1875, 374.25, 1279.437, 9.999999]
Step vert (deg): [45.4375, 237.5, 79.43749, 67.06249, 37.75, 62.1875, 658.6874, 143.5, 764.5624, 58.4375, 58.1875, 685.9374, 418.25, 365.875, 209.5, 256.6875, 83.68749, 509.125, 240.0625, 49.625, 149.5, 147.4375, 143, 166.4375, 26.4375, 714.8749, 278.8125, 46.625, 629.7499, 225.6875]

Time in sec: camera forward versor
Time in sec: target versor: sound type (0 = White, 1 = Shot, 2 = Step)
START
44.63: (0.94, -0.12, -0.32): 0
44.63: (0.00, 0.07, 1.00)
44.73: (0.00, 0.07, 1.00)
44.84: (0.17, 0.00, 0.99)
44.96: (0.78, -0.29, 0.56)
45.08: (0.82, -0.29, -0.49)
45.19: (0.24, 0.02, -0.97)
45.31: (0.19, 0.06, -0.98)
45.43: (0.69, -0.08, -0.72)
45.54: (0.90, -0.18, -0.40)
45.66: (0.91, -0.17, -0.39)
45.76: (0.93, -0.17, -0.32)
45.76: (-1.00, 0.05, -0.01): 2
45.76: (0.93, -0.17, -0.32)
45.88: (0.93, -0.17, -0.32)
45.99: (0.83, -0.11, -0.54)
46.09: (0.55, 0.04, -0.83)
46.21: (0.00, 0.27, -0.96)
46.33: (-0.46, 0.39, -0.80)
46.43: (-0.71, 0.45, -0.54)
46.54: (-0.89, 0.43, -0.15)
46.66: (-0.95, 0.29, 0.15)
46.78: (-0.99, 0.10, 0.06)
46.89: (-0.99, -0.01, -0.16)
46.96: (-0.98, -0.03, -0.18)
46.96: (0.36, -0.51, -0.78): 1
47.01: (-0.98, -0.03, -0.18)
47.11: (-0.98, -0.02, -0.18)
47.23: (-1.00, -0.01, -0.03)
47.34: (-0.94, -0.26, -0.22)
47.46: (-0.40, -0.63, -0.66)
47.58: (0.25, -0.50, -0.83)
47.69: (0.59, 0.10, -0.80)
47.81: (0.52, 0.38, -0.77)
47.93: (0.43, -0.26, -0.87)
48.03: (0.33, -0.53, -0.78)
48.11: (0.32, -0.53, -0.79)
48.11: (-0.82, 0.52, 0.24): 1
48.14: (0.32, -0.53, -0.79)
48.26: (0.34, -0.52, -0.78)
48.36: (0.24, -0.52, -0.82)
48.48: (-0.35, -0.26, -0.90)
48.58: (-0.82, 0.22, -0.53)
48.68: (-0.78, 0.62, -0.08)
48.79: (-0.51, 0.83, 0.23)
48.89: (-0.39, 0.86, 0.34)
49.01: (-0.75, 0.56, 0.36)
49.13: (-0.82, 0.46, 0.33)
49.23: (-0.83, 0.46, 0.32)
49.23: (0.10, 0.72, -0.69): 1
49.24: (-0.83, 0.46, 0.32)
49.36: (-0.83, 0.47, 0.30)
49.48: (-0.82, 0.58, -0.03)
49.59: (-0.65, 0.60, -0.47)
49.69: (-0.42, 0.50, -0.76)
49.81: (-0.15, 0.26, -0.95)
49.93: (-0.15, 0.29, -0.94)
50.04: (0.02, 0.64, -0.77)
50.13: (0.09, 0.71, -0.70)
50.13: (0.83, -0.26, 0.49): 1
50.14: (0.09, 0.70, -0.71)
50.26: (0.09, 0.70, -0.71)
50.38: (0.19, 0.61, -0.77)
50.49: (0.50, 0.39, -0.77)
50.61: (0.86, 0.13, -0.49)
50.71: (0.95, -0.12, -0.28)
50.83: (0.95, -0.29, -0.11)
50.93: (0.92, -0.36, 0.17)
51.04: (0.80, -0.29, 0.53)
51.14: (0.77, -0.27, 0.58)
51.14: (0.72, 0.55, 0.42): 0
51.14: (0.77, -0.27, 0.58)
51.26: (0.77, -0.27, 0.58)
51.36: (0.77, -0.27, 0.58)
51.48: (0.91, -0.16, 0.38)
51.58: (0.99, 0.11, 0.08)
51.68: (0.89, 0.39, -0.24)
51.79: (0.66, 0.68, -0.33)
51.91: (0.59, 0.77, 0.23)
52.03: (0.63, 0.62, 0.47)
52.13: (0.67, 0.55, 0.50)
52.24: (0.71, 0.54, 0.46)
52.24: (-0.47, -0.86, 0.20): 2
52.24: (0.71, 0.54, 0.46)
52.36: (0.71, 0.54, 0.46)
52.46: (0.76, 0.51, 0.40)
52.58: (0.92, 0.31, 0.25)
52.69: (1.00, -0.04, -0.03)
52.81: (0.77, -0.24, -0.59)
52.91: (0.39, -0.25, -0.89)
53.03: (0.00, -0.14, -0.99)
53.14: (-0.33, 0.05, -0.94)
53.26: (-0.67, 0.31, -0.67)
53.38: (-0.84, 0.47, -0.29)
53.48: (-0.83, 0.51, 0.20)
53.59: (-0.57, 0.36, 0.74)
53.71: (-0.35, 0.11, 0.93)
53.83: (-0.73, -0.02, 0.68)
53.94: (-0.98, -0.18, 0.04)
54.04: (-0.83, -0.09, -0.55)
54.16: (-0.44, 0.40, -0.81)
54.28: (0.10, 0.83, -0.54)
54.39: (0.03, 0.88, -0.47)
54.51: (-0.70, 0.25, -0.66)
54.63: (-0.67, -0.69, -0.27)
54.73: (-0.32, -0.95, 0.01)
54.84: (-0.17, -0.98, 0.07)
54.96: (-0.36, -0.91, 0.19)
55.06: (-0.45, -0.85, 0.26)
55.06: (0.94, 0.03, 0.34): 1
55.08: (-0.45, -0.85, 0.26)
55.19: (-0.46, -0.85, 0.25)
55.29: (-0.75, -0.66, 0.04)
55.41: (-0.86, 0.12, -0.50)
55.53: (-0.12, 0.73, -0.67)
55.64: (0.40, 0.83, -0.39)
55.76: (0.44, 0.89, -0.07)
55.88: (0.39, 0.83, 0.40)
55.98: (0.29, 0.52, 0.80)
56.09: (0.20, -0.02, 0.98)
56.19: (0.12, -0.36, 0.93)
56.31: (0.07, -0.65, 0.76)
56.43: (0.13, -0.88, 0.46)
56.54: (0.30, -0.93, 0.20)
56.64: (0.59, -0.79, -0.15)
56.76: (0.88, -0.25, -0.40)
56.88: (0.90, 0.35, -0.27)
56.98: (0.70, 0.71, 0.07)
57.09: (0.51, 0.71, 0.49)
57.21: (0.81, 0.28, 0.52)
57.31: (0.94, -0.08, 0.33)
57.43: (0.96, -0.14, 0.25)
57.44: (0.96, -0.14, 0.25)
57.44: (-0.82, -0.41, 0.40): 1
57.53: (0.96, -0.14, 0.25)
57.64: (0.95, -0.10, 0.31)
57.76: (0.86, -0.13, 0.50)
57.86: (0.67, -0.48, 0.56)
57.98: (0.16, -0.96, 0.23)
58.09: (-0.49, -0.74, -0.47)
58.21: (-0.69, 0.05, -0.72)
58.32: (-0.59, 0.65, -0.48)
58.43: (-0.69, 0.72, -0.05)
58.54: (-0.85, 0.24, 0.46)
58.66: (-0.69, -0.63, 0.36)
58.78: (-0.19, -0.90, -0.39)
58.89: (-0.12, -0.85, -0.52)
59.01: (-0.57, -0.81, 0.12)
59.13: (-0.73, -0.57, 0.38)
59.24: (-0.78, -0.48, 0.40)
59.34: (-0.78, -0.47, 0.40)
59.34: (0.50, 0.53, 0.68): 1
59.36: (-0.78, -0.48, 0.41)
59.47: (-0.78, -0.47, 0.41)
59.58: (-0.79, -0.47, 0.39)
59.69: (-0.79, -0.47, 0.39)
59.81: (-0.79, -0.47, 0.39)
59.92: (-0.79, -0.47, 0.39)
60.04: (-0.79, -0.47, 0.39)
60.14: (-0.77, -0.45, 0.45)
60.26: (-0.54, -0.30, 0.79)
60.37: (-0.07, 0.17, 0.98)
60.47: (0.48, 0.59, 0.65)
60.59: (0.73, 0.66, -0.18)
60.71: (0.74, 0.58, -0.34)
60.82: (0.73, 0.62, 0.30)
60.94: (0.55, 0.52, 0.65)
61.06: (0.48, 0.52, 0.71)
61.09: (0.48, 0.52, 0.71)
61.09: (-1.00, -0.01, -0.01): 0
61.17: (0.48, 0.52, 0.71)
61.29: (0.59, 0.57, 0.58)
61.39: (0.72, 0.69, 0.10)
61.51: (0.59, 0.66, -0.46)
61.62: (0.28, 0.40, -0.87)
61.74: (-0.06, -0.01, -1.00)
61.84: (-0.36, -0.35, -0.87)
61.96: (-0.56, -0.66, -0.51)
62.06: (-0.60, -0.80, -0.08)
62.17: (-0.41, -0.72, 0.56)
62.29: (0.01, -0.31, 0.95)
62.39: (0.36, 0.10, 0.93)
62.49: (0.64, 0.43, 0.64)
62.61: (0.77, 0.57, 0.27)
62.72: (0.70, 0.64, -0.30)
62.84: (0.24, 0.38, -0.89)
62.96: (-0.45, -0.23, -0.86)
63.06: (-0.72, -0.62, -0.31)
63.17: (-0.55, -0.69, 0.47)
63.27: (-0.19, -0.61, 0.77)
63.39: (0.42, -0.51, 0.75)
63.51: (0.88, -0.43, 0.20)
63.62: (0.78, -0.41, -0.47)
63.74: (0.05, -0.65, -0.76)
63.86: (-0.83, -0.56, 0.02)
63.97: (-0.03, 0.28, 0.96)
64.09: (0.95, 0.24, -0.22)
64.21: (-0.32, -0.41, -0.85)
64.32: (-0.45, -0.18, -0.88)
64.44: (0.89, 0.01, -0.46)
64.56: (0.68, 0.11, 0.73)
64.67: (0.64, 0.15, 0.75)
64.79: (0.95, 0.14, -0.29)
64.91: (0.08, -0.01, -1.00)
65.02: (-0.43, -0.11, -0.90)
65.12: (-0.65, -0.14, -0.75)
65.24: (-0.97, -0.18, -0.15)
65.36: (-0.82, -0.12, 0.56)
65.47: (-0.77, 0.00, 0.64)
65.59: (-1.00, -0.02, 0.07)
65.71: (-0.98, -0.08, -0.19)
65.81: (-0.98, -0.08, -0.20)
65.92: (-0.99, -0.07, -0.14)
66.04: (-1.00, -0.04, -0.08)
66.06: (-1.00, -0.04, -0.08)
66.06: (-0.44, -0.88, -0.17): 1
66.16: (-1.00, -0.04, -0.08)
66.27: (-1.00, 0.04, 0.05)
66.39: (-0.80, 0.23, 0.56)
66.51: (-0.12, 0.41, 0.90)
66.62: (0.44, 0.60, 0.66)
66.72: (0.37, 0.85, 0.37)
66.84: (-0.50, 0.86, 0.12)
66.96: (-0.95, -0.30, 0.12)
67.07: (-0.26, -0.82, 0.51)
67.19: (0.31, -0.30, 0.91)
67.31: (0.43, -0.04, 0.90)
67.42: (0.24, -0.75, 0.62)
67.54: (-0.16, -0.98, 0.10)
67.66: (-0.43, -0.90, -0.09)
67.77: (-0.53, -0.81, -0.25)
67.84: (-0.53, -0.80, -0.28)
67.84: (-0.68, 0.18, 0.71): 0
67.87: (-0.53, -0.80, -0.28)
67.99: (-0.50, -0.84, -0.22)
68.09: (-0.47, -0.88, -0.06)
68.21: (-0.29, -0.88, 0.38)
68.31: (0.06, -0.11, 0.99)
68.42: (0.41, 0.82, 0.41)
68.54: (0.45, 0.82, -0.36)
68.66: (0.33, 0.78, -0.53)
68.77: (-0.13, 0.96, 0.25)
68.89: (-0.31, 0.23, 0.92)
69.01: (-0.13, -0.22, 0.97)
69.12: (-0.21, -0.09, 0.97)
69.24: (-0.66, 0.06, 0.75)
69.32: (-0.72, 0.06, 0.70)
69.32: (-0.99, 0.08, 0.11): 2
69.36: (-0.71, 0.05, 0.70)
69.47: (-0.71, 0.05, 0.70)
69.57: (-0.73, 0.15, 0.67)
69.69: (-0.89, 0.45, -0.06)
69.81: (-0.74, 0.15, -0.66)
69.91: (-0.94, 0.00, -0.35)
70.02: (-0.99, 0.12, -0.04)
70.14: (-0.98, 0.18, 0.02)
70.26: (-0.98, 0.13, 0.16)
70.29: (-0.98, 0.13, 0.17)
70.29: (-0.97, -0.21, -0.14): 2
70.37: (-0.98, 0.13, 0.17)
70.49: (-0.92, 0.36, 0.17)
70.59: (-0.74, 0.65, 0.20)
70.71: (-0.96, 0.24, 0.13)
70.81: (-0.99, -0.14, 0.08)
70.92: (-0.99, -0.11, 0.08)
71.02: (-0.99, -0.10, 0.02)
71.12: (-0.98, -0.16, -0.08)
71.12: (-0.84, 0.02, -0.54): 2
71.14: (-0.98, -0.17, -0.08)
71.24: (-0.98, -0.17, -0.08)
71.36: (-0.97, -0.23, -0.09)
71.47: (-0.84, -0.15, -0.52)
71.57: (-0.83, 0.13, -0.54)
71.69: (-0.85, 0.15, -0.50)
71.76: (-0.86, 0.14, -0.49)
71.76: (0.92, 0.35, -0.17): 1
71.81: (-0.86, 0.14, -0.49)
71.92: (-0.87, 0.10, -0.48)
72.02: (-0.88, 0.00, -0.47)
72.12: (-0.82, -0.34, -0.47)
72.24: (-0.47, -0.81, -0.36)
72.36: (-0.19, -0.95, -0.25)
72.47: (0.09, -0.96, -0.27)
72.57: (0.55, -0.80, -0.24)
72.69: (0.90, -0.43, -0.01)
72.81: (0.99, -0.01, 0.14)
72.92: (0.89, 0.39, 0.22)
73.04: (0.86, 0.49, 0.12)
73.16: (0.90, 0.37, -0.22)
73.21: (0.90, 0.33, -0.29)
73.21: (0.91, 0.42, -0.07): 1
73.26: (0.90, 0.32, -0.30)
73.36: (0.90, 0.31, -0.30)
73.47: (0.93, 0.32, -0.21)
73.59: (0.92, 0.39, -0.02)
73.59: (-0.98, 0.16, 0.06): 0
73.59: (0.92, 0.39, -0.02)
73.71: (0.92, 0.39, 0.01)
73.82: (0.91, 0.40, 0.04)
73.94: (0.82, 0.51, 0.27)
74.04: (0.67, 0.53, 0.51)
74.16: (0.82, -0.24, 0.52)
74.27: (0.20, -0.94, -0.28)
74.37: (-0.58, -0.56, -0.59)
74.49: (-0.87, 0.31, -0.39)
74.59: (-0.57, 0.80, -0.19)
74.71: (-0.03, 1.00, -0.02)
74.82: (-0.28, 0.96, -0.04)
74.94: (-0.92, 0.39, -0.04)
75.06: (-0.99, -0.10, 0.00)
75.16: (-0.99, -0.16, 0.01)
75.26: (-0.99, 0.00, 0.13)
75.36: (-0.98, 0.11, 0.17)
75.36: (0.36, 0.77, -0.52): 1
75.37: (-0.98, 0.12, 0.17)
75.47: (-0.97, 0.16, 0.19)
75.59: (-0.90, 0.43, 0.04)
75.71: (-0.46, 0.49, -0.74)
75.82: (0.42, -0.24, -0.88)
75.94: (0.64, -0.74, -0.21)
76.04: (0.37, -0.88, 0.29)
76.15: (0.19, -0.86, 0.48)
76.27: (0.70, -0.67, 0.25)
76.39: (0.75, -0.02, -0.66)
76.50: (0.12, 0.27, -0.96)
76.60: (-0.13, 0.25, -0.96)
76.72: (-0.56, 0.19, -0.81)
76.82: (-0.88, -0.04, -0.47)
76.94: (-0.90, -0.44, -0.04)
77.05: (-0.49, -0.87, 0.09)
77.15: (-0.26, -0.95, 0.17)
77.27: (0.08, -0.90, 0.43)
77.37: (0.12, -0.33, 0.94)
77.49: (-0.33, 0.66, 0.67)
77.59: (-0.50, 0.84, -0.21)
77.70: (-0.32, 0.27, -0.91)
77.82: (0.14, -0.53, -0.84)
77.94: (0.51, -0.86, -0.07)
78.04: (0.51, -0.60, 0.62)
78.15: (0.24, -0.09, 0.97)
78.27: (-0.05, -0.14, 0.99)
78.39: (-0.11, -0.85, 0.52)
78.49: (-0.09, -0.87, -0.49)
78.60: (-0.09, -0.01, -1.00)
78.72: (0.30, 0.75, -0.59)
78.84: (0.64, 0.67, 0.38)
78.95: (0.67, 0.21, 0.71)
79.07: (0.67, 0.21, 0.71)
79.19: (0.67, 0.21, 0.71)
79.30: (0.67, 0.21, 0.71)
79.42: (0.69, 0.25, 0.68)
79.54: (0.73, 0.64, 0.25)
79.65: (0.62, 0.78, -0.09)
79.77: (0.48, 0.82, -0.30)
79.89: (0.33, 0.79, -0.51)
80.00: (0.34, 0.79, -0.52)
80.00: (0.17, 0.17, -0.97): 2
80.00: (0.34, 0.79, -0.52)
80.10: (0.34, 0.78, -0.52)
80.22: (0.54, 0.64, -0.55)
80.32: (0.63, 0.20, -0.75)
80.42: (0.39, -0.03, -0.92)
80.54: (0.15, 0.09, -0.98)
80.65: (0.13, 0.17, -0.98)
80.67: (0.13, 0.17, -0.98)
80.67: (0.02, 0.72, 0.69): 2
80.77: (0.12, 0.16, -0.98)
80.89: (0.14, 0.08, -0.99)
81.00: (-0.07, -0.19, -0.98)
81.12: (-0.11, -0.74, -0.66)
81.22: (0.01, -0.95, -0.32)
81.34: (0.42, -0.90, -0.07)
81.44: (0.69, -0.72, 0.09)
81.55: (0.58, -0.75, 0.31)
81.67: (-0.12, -0.81, 0.57)
81.77: (-0.79, -0.59, 0.18)
81.89: (-0.85, 0.14, -0.51)
82.00: (-0.27, 0.64, -0.72)
82.12: (0.29, 0.49, -0.82)
82.22: (0.59, 0.05, -0.81)
82.34: (0.55, -0.50, -0.67)
82.45: (-0.02, -0.86, -0.52)
82.57: (-0.52, -0.76, -0.40)
82.67: (-0.52, -0.76, -0.40)
82.79: (-0.52, -0.76, -0.40)
82.89: (-0.52, -0.76, -0.40)
83.00: (-0.43, -0.84, -0.34)
83.12: (0.19, -0.98, 0.01)
83.24: (0.92, -0.37, 0.12)
83.35: (0.89, 0.45, -0.10)
83.47: (0.22, 0.97, -0.15)
83.59: (-0.72, 0.69, 0.06)
83.70: (-0.92, -0.36, 0.14)
83.82: (0.00, -0.99, -0.11)
83.94: (0.88, -0.22, -0.42)
84.04: (0.60, 0.71, -0.36)
84.15: (-0.26, 0.83, -0.50)
84.27: (-0.40, -0.04, -0.92)
84.39: (0.36, -0.81, -0.46)
84.50: (0.84, -0.16, 0.52)
84.62: (0.14, 0.89, 0.44)
84.74: (-0.66, 0.67, -0.35)
84.85: (-0.71, -0.18, -0.68)
84.97: (-0.86, 0.32, -0.39)
85.09: (-0.17, 0.96, 0.24)
85.19: (0.35, 0.82, 0.45)
85.30: (0.47, 0.72, 0.51)
85.42: (0.25, 0.76, 0.60)
85.54: (0.05, 0.70, 0.72)
85.59: (0.04, 0.67, 0.74)
85.59: (0.80, 0.25, 0.55): 0
85.65: (0.04, 0.66, 0.75)
85.77: (0.05, 0.69, 0.72)
85.89: (0.40, 0.78, 0.48)
85.99: (0.96, 0.22, 0.15)
86.10: (0.94, -0.34, 0.03)
86.22: (0.94, -0.21, 0.28)
86.34: (0.84, 0.02, 0.54)
86.45: (0.80, 0.10, 0.59)
86.54: (0.80, 0.10, 0.59)
86.54: (0.91, -0.03, -0.42): 0
86.57: (0.80, 0.10, 0.59)
86.69: (0.82, 0.08, 0.57)
86.80: (0.88, 0.00, 0.48)
86.90: (0.97, -0.25, 0.03)
87.02: (0.60, -0.46, -0.66)
87.14: (-0.03, -0.29, -0.96)
87.25: (0.15, -0.08, -0.99)
87.37: (0.82, -0.13, -0.56)
87.49: (0.99, -0.10, -0.09)
87.60: (0.99, -0.15, -0.08)
87.70: (0.95, -0.11, -0.27)
87.80: (0.94, -0.07, -0.32)
87.80: (0.75, -0.62, 0.22): 0
87.82: (0.94, -0.07, -0.32)
87.94: (0.94, -0.08, -0.34)
88.04: (0.92, -0.06, -0.39)
88.15: (0.62, -0.05, -0.79)
88.27: (-0.02, -0.15, -0.99)
88.39: (0.04, -0.35, -0.93)
88.49: (0.64, -0.62, -0.44)
88.60: (0.56, -0.81, 0.14)
88.70: (-0.29, -0.95, -0.12)
88.80: (-0.90, -0.31, -0.30)
88.92: (-0.68, -0.68, -0.27)
89.04: (0.31, -0.95, 0.05)
89.15: (0.63, -0.77, 0.11)
89.25: (0.64, -0.76, 0.08)
89.37: (0.66, -0.75, 0.09)
89.49: (0.65, -0.75, 0.10)
89.59: (0.68, -0.70, 0.22)
89.65: (0.69, -0.68, 0.26)
89.65: (0.59, -0.34, -0.73): 2
89.70: (0.68, -0.68, 0.26)
89.80: (0.68, -0.69, 0.25)
89.92: (0.53, -0.78, 0.34)
90.04: (-0.03, -0.90, 0.43)
90.15: (-0.70, -0.65, 0.30)
90.25: (-0.80, -0.60, -0.03)
90.37: (-0.51, -0.66, -0.56)
90.47: (0.13, -0.71, -0.69)
90.59: (0.84, -0.53, -0.06)
90.69: (0.63, 0.03, 0.77)
90.80: (0.72, 0.03, 0.69)
90.92: (0.91, -0.39, -0.15)
91.02: (0.62, -0.47, -0.63)
91.14: (0.55, -0.47, -0.69)
91.24: (0.56, -0.44, -0.70)
91.24: (-0.44, 0.75, 0.50): 2
91.25: (0.56, -0.44, -0.70)
91.37: (0.55, -0.46, -0.70)
91.49: (0.66, -0.42, -0.63)
91.60: (0.97, -0.24, -0.04)
91.70: (0.75, -0.12, 0.65)
91.80: (0.01, -0.16, 0.99)
91.92: (-0.48, -0.48, 0.73)
92.03: (-0.84, -0.48, 0.27)
92.15: (-0.89, 0.40, -0.22)
92.25: (-0.22, 0.92, -0.31)
92.37: (0.37, 0.91, -0.16)
92.49: (0.68, 0.67, 0.29)
92.60: (0.52, 0.15, 0.84)
92.72: (-0.27, -0.20, 0.94)
92.83: (-0.90, -0.14, 0.42)
92.95: (-0.94, 0.22, -0.28)
93.07: (-0.51, 0.64, -0.57)
93.18: (-0.15, 0.81, -0.57)
93.30: (0.51, 0.85, -0.15)
93.42: (0.77, 0.63, 0.12)
93.52: (0.95, 0.24, 0.22)
93.62: (0.61, -0.65, 0.46)
93.73: (-0.46, -0.80, 0.37)
93.85: (-0.99, 0.11, 0.05)
93.97: (-0.11, 0.97, -0.20)
94.08: (0.97, 0.23, -0.07)
94.18: (0.65, -0.74, 0.20)
94.28: (-0.17, -0.92, 0.35)
94.40: (-0.83, -0.29, 0.48)
94.52: (-0.63, 0.56, 0.55)
94.63: (0.17, 0.70, 0.69)
94.75: (0.78, -0.04, 0.63)
94.87: (0.77, 0.06, 0.63)
94.98: (0.29, 0.62, 0.73)
95.08: (-0.20, 0.76, 0.62)
95.20: (-0.49, 0.73, 0.48)
95.30: (-0.54, 0.71, 0.46)
95.32: (-0.53, 0.71, 0.46)
95.32: (0.63, 0.01, -0.78): 1
95.40: (-0.53, 0.72, 0.45)
95.52: (-0.47, 0.73, 0.50)
95.63: (0.06, 0.35, 0.94)
95.75: (0.48, -0.73, 0.48)
95.85: (-0.07, -0.75, -0.66)
95.97: (-0.70, 0.57, -0.42)
96.08: (-0.10, 0.59, 0.80)
96.18: (0.15, -0.19, 0.97)
96.30: (-0.12, -0.79, 0.60)
96.40: (-0.52, -0.85, -0.05)
96.52: (-0.70, -0.27, -0.66)
96.63: (-0.39, 0.14, -0.91)
96.75: (0.29, -0.18, -0.94)
96.87: (0.73, -0.66, -0.14)
96.98: (0.44, -0.44, 0.78)
97.10: (0.81, -0.50, 0.32)
97.20: (0.68, -0.38, -0.63)
97.32: (0.09, -0.05, -0.99)
97.42: (-0.05, 0.00, -1.00)
97.53: (0.07, 0.03, -1.00)
97.65: (0.52, -0.01, -0.86)
97.73: (0.63, -0.03, -0.78)
97.73: (0.29, -0.34, -0.89): 2
97.75: (0.63, -0.03, -0.78)
97.87: (0.63, -0.03, -0.78)
97.98: (0.65, -0.14, -0.75)
98.10: (0.50, -0.61, -0.62)
98.22: (0.23, -0.53, -0.81)
98.33: (0.25, -0.37, -0.90)
98.40: (0.25, -0.36, -0.90)
98.40: (0.16, -0.80, -0.58): 2
98.45: (0.25, -0.36, -0.90)
98.57: (0.25, -0.40, -0.88)
98.68: (0.24, -0.74, -0.64)
98.78: (0.25, -0.93, -0.28)
98.88: (0.20, -0.90, -0.40)
99.00: (0.20, -0.79, -0.58)
99.03: (0.19, -0.78, -0.59)
99.03: (-0.73, -0.61, -0.31): 0
99.12: (0.19, -0.78, -0.59)
99.22: (0.15, -0.83, -0.54)
99.33: (-0.08, -0.93, -0.35)
99.45: (-0.32, -0.95, 0.04)
99.57: (-0.44, -0.61, 0.66)
99.67: (-0.17, -0.16, 0.97)
99.78: (-0.50, -0.15, 0.85)
99.90: (-0.86, -0.52, -0.04)
100.02: (-0.65, -0.65, -0.39)
100.12: (-0.64, -0.66, -0.39)
100.23: (-0.73, -0.60, -0.32)
100.28: (-0.74, -0.60, -0.31)
100.28: (-0.48, 0.09, 0.87): 2
100.35: (-0.74, -0.60, -0.31)
100.47: (-0.72, -0.61, -0.34)
100.58: (-0.52, -0.73, -0.44)
100.70: (0.04, -0.84, -0.54)
100.82: (0.56, -0.72, -0.41)
100.93: (0.91, -0.37, -0.19)
101.05: (1.00, 0.05, 0.03)
101.17: (0.94, 0.14, 0.32)
101.28: (0.84, 0.08, 0.54)
101.40: (0.56, -0.18, 0.81)
101.52: (-0.12, -0.59, 0.80)
101.63: (-0.81, -0.58, 0.11)
101.75: (-0.88, -0.42, -0.24)
101.87: (-0.74, -0.55, -0.40)
101.98: (-0.31, -0.67, -0.67)
102.08: (0.17, -0.71, -0.68)
102.20: (0.84, -0.38, -0.39)
102.32: (1.00, 0.02, 0.05)
102.43: (0.89, 0.40, 0.22)
102.53: (0.57, 0.81, 0.14)
102.65: (-0.06, 0.99, -0.15)
102.77: (-0.57, 0.68, -0.46)
102.88: (-0.60, 0.30, -0.74)
103.00: (-0.14, 0.22, -0.97)
103.10: (0.51, 0.42, -0.75)
103.22: (0.73, 0.65, 0.22)
103.33: (-0.32, 0.36, 0.88)
103.45: (-0.97, -0.23, 0.02)
103.55: (-0.29, -0.34, -0.90)
103.67: (0.00, -0.21, -0.98)
103.78: (-0.90, -0.37, -0.25)
103.90: (-0.65, -0.18, 0.74)
104.00: (-0.59, -0.23, 0.77)
104.12: (-0.59, -0.20, 0.78)
104.23: (-0.52, 0.03, 0.85)
104.28: (-0.51, 0.05, 0.86)
104.28: (0.12, -0.99, -0.07): 0
104.35: (-0.51, 0.05, 0.86)
104.45: (-0.54, 0.06, 0.84)
104.55: (-0.77, 0.02, 0.64)
104.67: (-0.96, -0.16, -0.23)
104.78: (-0.16, -0.17, -0.97)
104.90: (0.92, 0.07, -0.37)
105.02: (0.51, 0.21, 0.83)
105.13: (-0.79, 0.01, 0.62)
105.25: (-0.85, -0.14, -0.50)
105.35: (-0.30, -0.02, -0.95)
105.47: (-0.16, 0.63, -0.76)
105.58: (-0.60, 0.63, 0.49)
105.70: (-0.24, -0.80, 0.55)
105.82: (0.27, -0.76, -0.59)
105.93: (0.14, 0.37, -0.92)
106.05: (-0.12, 0.38, -0.92)
106.17: (0.22, -0.70, -0.68)
106.27: (0.47, -0.88, -0.13)
106.38: (0.41, -0.90, -0.12)
106.50: (0.11, -0.96, -0.24)
106.55: (0.10, -0.97, -0.24)
106.55: (-1.00, 0.01, -0.01): 0
106.60: (0.08, -0.97, -0.21)
106.70: (0.09, -0.99, -0.13)
106.82: (0.11, -0.99, -0.08)
106.93: (0.21, -0.96, 0.18)
107.03: (0.25, -0.49, 0.83)
107.15: (0.19, 0.43, 0.88)
107.27: (0.24, 0.90, 0.36)
107.38: (0.74, 0.58, 0.33)
107.50: (0.63, -0.59, 0.51)
107.62: (-0.58, -0.77, 0.28)
107.72: (-0.99, 0.08, 0.08)
107.83: (-0.40, 0.86, 0.31)
107.95: (0.35, 0.78, 0.52)
108.07: (0.04, 0.83, 0.56)
108.17: (-0.70, 0.65, 0.29)
108.27: (-0.98, 0.18, -0.03)
108.38: (-0.99, -0.12, -0.06)
108.50: (-0.98, -0.17, -0.04)
108.52: (-0.98, -0.17, -0.04)
108.52: (-0.72, 0.66, 0.20): 1
108.62: (-0.99, -0.13, -0.04)
108.73: (-1.00, -0.06, -0.05)
108.85: (-0.98, 0.20, 0.09)
108.97: (-0.57, 0.65, 0.50)
109.08: (0.39, 0.54, 0.75)
109.20: (0.59, 0.55, 0.59)
109.30: (-0.01, 0.87, 0.49)
109.40: (-0.64, 0.74, 0.20)
109.52: (-0.79, 0.58, 0.17)
109.63: (-0.75, 0.62, 0.23)
109.68: (-0.74, 0.62, 0.25)
109.68: (-0.21, -0.97, 0.09): 2
109.75: (-0.74, 0.62, 0.26)
109.87: (-0.62, 0.62, 0.48)
109.98: (0.22, 0.40, 0.89)
110.10: (0.95, -0.27, 0.14)
110.21: (0.46, -0.39, -0.80)
110.33: (0.16, 0.24, -0.96)
110.43: (0.28, 0.81, -0.51)
110.55: (0.52, 0.55, 0.66)
110.66: (0.05, -0.75, 0.66)
110.76: (-0.34, -0.88, -0.32)
110.88: (-0.21, -0.36, -0.91)
111.00: (-0.17, -0.30, -0.94)
111.10: (-0.20, -0.85, -0.49)
111.21: (-0.15, -0.95, 0.26)
111.31: (-0.16, -0.93, 0.33)
111.43: (-0.14, -0.95, 0.28)
111.55: (-0.20, -0.97, 0.13)
111.56: (-0.19, -0.97, 0.13)
111.56: (-1.00, 0.07, -0.01): 1
111.66: (-0.19, -0.97, 0.14)
111.76: (-0.12, -0.99, 0.10)
111.88: (0.14, -0.91, -0.40)
112.00: (0.26, -0.23, -0.94)
112.10: (0.08, 0.41, -0.91)
112.21: (-0.01, 0.82, -0.57)
112.33: (0.40, 0.83, -0.38)
112.43: (0.93, 0.14, -0.34)
112.55: (0.40, -0.89, -0.21)
112.66: (-0.70, -0.65, -0.30)
112.78: (-0.87, 0.29, -0.41)
112.90: (-0.37, 0.81, -0.45)
113.00: (-0.18, 0.95, -0.26)
113.11: (-0.65, 0.74, -0.19)
113.23: (-0.98, 0.11, -0.16)
113.35: (-0.99, 0.01, -0.13)
113.46: (-0.99, 0.10, -0.12)
113.56: (-0.99, 0.15, 0.04)
113.61: (-0.98, 0.16, 0.07)
113.61: (1.00, -0.02, -0.03): 2
113.68: (-0.98, 0.16, 0.07)
113.80: (-0.96, 0.09, 0.27)
113.91: (-0.79, -0.27, 0.56)
114.03: (-0.56, -0.73, 0.39)
114.15: (-0.38, -0.60, -0.70)
114.26: (-0.06, 0.56, -0.83)
114.38: (-0.16, 0.98, 0.11)
114.50: (-0.65, 0.62, 0.43)
114.60: (-1.00, 0.01, -0.01)
114.71: (-0.47, -0.54, -0.70)
114.83: (0.31, -0.50, -0.81)
114.95: (0.80, -0.14, -0.58)
115.05: (0.91, 0.27, -0.32)
115.15: (0.69, 0.73, 0.00)
115.26: (0.47, 0.86, 0.19)
115.38: (0.83, 0.56, 0.03)
115.50: (0.98, 0.06, -0.18)
115.60: (0.98, -0.02, -0.21)
115.71: (0.99, -0.01, -0.16)
115.83: (1.00, -0.02, -0.06)
115.83: (-0.78, -0.62, -0.12): 2
115.83: (1.00, -0.02, -0.06)
115.95: (1.00, -0.02, -0.07)
116.06: (0.73, -0.22, -0.65)
116.18: (-0.50, -0.72, -0.48)
116.30: (-0.90, -0.15, 0.41)
116.41: (-0.71, 0.42, 0.57)
116.51: (-0.85, 0.44, 0.29)
116.63: (-0.91, -0.35, -0.20)
116.75: (-0.62, -0.74, -0.25)
116.86: (-0.62, -0.75, -0.22)
116.98: (-0.70, -0.70, -0.14)
117.06: (-0.76, -0.64, -0.10)
117.06: (-0.12, 0.53, -0.84): 0
117.08: (-0.76, -0.64, -0.10)
117.20: (-0.77, -0.62, -0.13)
117.31: (-0.86, -0.40, -0.30)
117.41: (-0.89, 0.02, -0.45)
117.53: (-0.73, 0.68, -0.08)
117.65: (-0.10, 0.56, 0.82)
117.76: (0.16, 0.01, 0.99)
117.88: (-0.33, 0.38, 0.86)
118.00: (-0.23, 0.96, -0.17)
118.11: (0.54, 0.58, -0.61)
118.23: (0.80, 0.26, -0.54)
118.35: (0.67, 0.37, -0.64)
118.46: (0.15, 0.45, -0.88)
118.58: (-0.04, 0.62, -0.79)
118.66: (-0.05, 0.64, -0.77)
118.66: (-0.93, 0.24, -0.29): 1
118.70: (-0.05, 0.63, -0.77)
118.81: (-0.03, 0.61, -0.79)
118.93: (-0.01, 0.22, -0.98)
119.03: (0.11, -0.39, -0.92)
119.15: (0.50, -0.72, -0.48)
119.25: (0.57, -0.81, 0.13)
119.36: (0.04, -0.75, 0.67)
119.46: (-0.52, -0.60, 0.61)
119.56: (-0.93, -0.35, 0.07)
119.68: (-0.78, -0.04, -0.62)
119.80: (-0.28, 0.20, -0.94)
119.91: (-0.43, 0.46, -0.77)
120.03: (-0.76, 0.41, -0.50)
120.15: (-0.86, 0.31, -0.41)
120.26: (-0.85, 0.31, -0.42)
120.38: (-0.90, 0.29, -0.32)
120.40: (-0.91, 0.29, -0.31)
120.40: (0.99, 0.01, -0.14): 0
120.48: (-0.91, 0.30, -0.30)
120.60: (-0.96, 0.19, -0.18)
120.71: (-0.91, -0.41, -0.06)
120.83: (0.14, -0.89, -0.44)
120.95: (0.77, 0.12, -0.63)
121.06: (0.01, 0.73, -0.68)
121.18: (-0.60, 0.62, -0.50)
121.28: (-0.23, 0.72, -0.66)
121.40: (0.64, 0.39, -0.66)
121.50: (0.92, -0.14, -0.38)
121.60: (0.88, -0.31, -0.36)
121.71: (0.91, -0.24, -0.34)
121.83: (1.00, 0.00, -0.05)
121.86: (1.00, 0.02, -0.01)
121.86: (-0.91, 0.11, 0.39): 2
121.95: (1.00, 0.00, -0.02)
122.06: (1.00, -0.09, 0.02)
122.16: (0.96, -0.26, 0.14)
122.28: (0.78, -0.60, 0.18)
122.40: (-0.06, -0.74, -0.67)
122.51: (-0.62, 0.26, -0.74)
122.63: (-0.31, 0.93, -0.20)
122.75: (0.46, 0.86, 0.24)
122.86: (0.87, 0.48, 0.12)
122.96: (0.88, 0.26, -0.40)
123.08: (0.10, -0.09, -0.99)
123.20: (-0.94, -0.18, -0.28)
123.31: (-0.25, 0.16, 0.95)
123.43: (0.90, 0.25, 0.36)
123.53: (0.97, 0.24, -0.06)
123.65: (0.57, 0.26, 0.78)
123.75: (-0.31, 0.11, 0.95)
123.85: (-0.69, 0.01, 0.72)
123.96: (-0.80, 0.04, 0.59)
124.08: (-0.97, 0.04, 0.25)
124.20: (-0.97, 0.02, 0.22)
124.21: (-0.97, 0.02, 0.22)
124.21: (0.52, -0.69, -0.50): 0
124.31: (-0.97, 0.02, 0.23)
124.43: (-0.97, 0.05, 0.25)
124.55: (-0.66, 0.42, 0.63)
124.65: (0.39, 0.58, 0.72)
124.76: (0.99, 0.12, 0.01)
124.88: (0.62, -0.51, -0.59)
125.00: (0.16, -0.73, -0.66)
125.11: (0.01, -0.87, -0.50)
125.23: (0.58, -0.69, -0.43)
125.35: (0.72, -0.56, -0.40)
125.46: (0.67, -0.59, -0.44)
125.56: (0.60, -0.65, -0.46)
125.58: (0.60, -0.65, -0.46)
125.58: (0.78, 0.12, 0.62): 1
125.68: (0.60, -0.65, -0.47)
125.80: (0.45, -0.66, -0.60)
125.91: (0.02, -0.57, -0.82)
126.03: (-0.44, -0.38, -0.81)
126.15: (-0.62, -0.43, -0.66)
126.26: (-0.24, -0.83, -0.50)
126.38: (0.55, -0.83, -0.13)
126.50: (0.92, -0.14, 0.35)
126.61: (0.64, 0.45, 0.62)
126.71: (0.21, 0.79, 0.58)
126.83: (-0.04, 0.90, 0.43)
126.93: (0.23, 0.81, 0.53)
127.05: (0.75, 0.28, 0.60)
127.16: (0.84, 0.09, 0.54)
127.28: (0.83, 0.16, 0.54)
127.39: (0.79, 0.26, 0.56)
127.39: (0.31, 0.73, 0.61): 2
127.39: (0.79, 0.26, 0.56)
127.51: (0.76, 0.32, 0.57)
127.63: (0.69, 0.54, 0.48)
127.74: (0.32, 0.93, 0.20)
127.84: (0.03, 0.99, 0.10)
127.95: (0.08, 0.97, 0.23)
128.06: (0.30, 0.85, 0.43)
128.18: (0.36, 0.77, 0.52)
128.29: (0.36, 0.73, 0.57)
128.34: (0.36, 0.72, 0.59)
128.34: (0.37, -0.89, 0.27): 2
128.41: (0.35, 0.72, 0.60)
128.51: (0.32, 0.77, 0.56)
128.63: (0.31, 0.93, -0.18)
128.74: (0.06, 0.01, -1.00)
128.86: (-0.27, -0.91, -0.32)
128.98: (-0.28, -0.58, 0.76)
129.09: (0.06, 0.56, 0.82)
129.21: (0.06, 1.00, -0.04)
129.33: (-0.49, 0.67, -0.55)
129.43: (-0.85, 0.19, -0.50)
129.54: (-0.98, -0.11, -0.15)
129.66: (-0.87, 0.20, 0.45)
129.76: (-0.17, 0.65, 0.74)
129.88: (0.86, 0.48, 0.17)
129.99: (0.74, -0.21, -0.64)
130.11: (-0.31, -0.54, -0.78)
130.23: (-0.69, 0.09, -0.72)
130.33: (-0.07, 0.63, -0.78)
130.44: (0.92, 0.33, -0.23)
130.56: (0.83, -0.38, 0.42)
130.66: (0.39, -0.79, 0.47)
130.78: (-0.11, -0.97, -0.24)
130.89: (-0.23, -0.73, -0.64)
131.01: (0.08, -0.96, -0.25)
131.13: (0.38, -0.81, 0.45)
131.24: (0.33, -0.73, 0.61)
131.36: (0.30, -0.82, 0.48)
131.48: (0.25, -0.93, 0.28)
131.49: (0.25, -0.93, 0.28)
131.49: (-0.68, -0.18, 0.71): 0
131.59: (0.24, -0.89, 0.39)
131.71: (0.25, -0.56, 0.79)
131.83: (0.38, 0.02, 0.92)
131.94: (0.78, 0.62, 0.04)
132.04: (0.38, 0.03, -0.92)
132.16: (0.08, -0.78, -0.62)
132.28: (0.47, -0.81, -0.35)
132.39: (0.86, -0.32, -0.41)
132.51: (0.90, 0.43, 0.00)
132.63: (0.63, 0.56, 0.53)
132.74: (0.83, -0.20, 0.52)
132.86: (0.20, -0.93, -0.32)
132.98: (-0.65, -0.54, -0.54)
133.09: (-0.88, -0.48, -0.01)
133.19: (-0.59, -0.66, 0.46)
133.31: (-0.03, -0.80, 0.59)
133.41: (0.37, -0.76, 0.54)
133.53: (-0.06, -0.68, 0.73)
133.64: (-0.43, -0.50, 0.75)
133.76: (-0.49, -0.44, 0.75)
133.86: (-0.61, -0.32, 0.73)
133.96: (-0.71, -0.15, 0.68)
133.96: (0.47, 0.70, -0.54): 2
133.96: (-0.71, -0.15, 0.68)
134.06: (-0.72, -0.14, 0.68)
134.18: (-0.79, -0.20, 0.58)
134.29: (-0.95, -0.27, -0.19)
134.41: (-0.20, -0.05, -0.98)
134.53: (0.63, 0.04, -0.77)
134.64: (0.89, -0.03, -0.46)
134.76: (0.93, -0.04, -0.37)
134.86: (0.79, 0.32, -0.52)
134.98: (0.32, 0.80, -0.51)
135.08: (0.19, 0.87, -0.46)
135.19: (0.20, 0.87, -0.45)
135.31: (0.35, 0.82, -0.45)
135.36: (0.39, 0.79, -0.47)
135.36: (0.99, -0.08, 0.06): 1
135.43: (0.40, 0.79, -0.47)
135.53: (0.41, 0.78, -0.47)
135.64: (0.44, 0.69, -0.57)
135.76: (0.34, 0.29, -0.89)
135.88: (-0.11, -0.44, -0.89)
135.99: (-0.66, -0.62, -0.43)
136.11: (-0.96, -0.22, -0.18)
136.21: (-0.93, 0.26, -0.27)
136.33: (-0.59, 0.67, -0.44)
136.44: (-0.13, 0.86, -0.49)
136.54: (-0.09, 0.87, -0.48)
136.66: (-0.54, 0.69, -0.49)
136.78: (-0.96, -0.12, -0.24)
136.89: (-0.55, -0.82, -0.18)
136.99: (-0.11, -0.61, -0.78)
137.11: (0.36, 0.26, -0.90)
137.23: (0.67, 0.62, -0.40)
137.33: (0.85, 0.53, -0.03)
137.44: (0.58, 0.68, 0.44)
137.54: (0.04, 0.79, 0.61)
137.66: (0.59, 0.65, 0.48)
137.78: (1.00, -0.07, 0.06)
137.89: (0.97, -0.23, 0.05)
138.01: (0.96, -0.28, 0.08)
138.13: (0.96, -0.28, 0.08)
138.24: (0.97, -0.24, 0.06)
138.33: (0.99, -0.15, 0.05)
138.33: (0.52, 0.68, -0.53): 1
138.36: (0.99, -0.13, 0.04)
138.48: (1.00, -0.06, 0.00)
138.59: (0.96, 0.03, -0.28)
138.71: (0.66, 0.20, -0.72)
138.83: (-0.08, 0.32, -0.94)
138.93: (-0.66, 0.37, -0.65)
139.04: (-0.69, 0.66, -0.29)
139.16: (-0.15, 0.81, -0.57)
139.28: (0.51, 0.49, -0.71)
139.38: (0.60, 0.37, -0.70)
139.49: (0.53, 0.52, -0.68)
139.61: (0.50, 0.65, -0.57)
139.63: (0.50, 0.65, -0.57)
139.63: (0.37, 0.39, -0.84): 1
139.71: (0.49, 0.66, -0.57)
139.83: (0.50, 0.65, -0.57)
139.94: (0.53, 0.49, -0.69)
140.06: (0.27, 0.26, -0.93)
140.18: (0.29, 0.33, -0.90)
140.29: (0.38, 0.42, -0.83)
140.31: (0.38, 0.42, -0.83)
140.31: (-0.90, -0.19, 0.40): 0
140.41: (0.38, 0.41, -0.83)
140.53: (0.50, 0.25, -0.83)
140.64: (0.83, -0.07, -0.56)
140.76: (0.96, -0.29, 0.07)
140.86: (0.74, -0.39, 0.55)
140.98: (0.41, -0.34, 0.85)
141.09: (0.30, -0.17, 0.94)
141.19: (0.45, -0.04, 0.89)
141.31: (0.98, -0.03, 0.18)
141.43: (0.46, -0.11, -0.88)
141.54: (-0.49, 0.02, -0.87)
141.64: (-0.89, 0.13, -0.43)
141.76: (-0.96, 0.23, 0.18)
141.88: (-0.64, 0.17, 0.75)
141.99: (-0.39, 0.02, 0.92)
142.09: (-0.66, 0.01, 0.75)
142.19: (-0.85, -0.11, 0.52)
142.31: (-0.91, -0.16, 0.38)
142.42: (-0.91, -0.17, 0.38)
142.42: (-0.93, 0.00, -0.37): 0
142.42: (-0.91, -0.17, 0.38)
142.54: (-0.92, -0.17, 0.36)
142.66: (-0.99, -0.16, -0.05)
142.77: (-0.75, 0.11, -0.65)
142.89: (-0.05, 0.38, -0.93)
142.99: (0.26, 0.41, -0.88)
143.11: (-0.20, 0.30, -0.93)
143.22: (-0.77, 0.12, -0.62)
143.34: (-0.88, 0.12, -0.47)
143.44: (-0.88, 0.12, -0.46)
143.56: (-0.91, 0.10, -0.41)
143.57: (-0.91, 0.09, -0.41)
143.57: (-0.74, -0.62, 0.25): 0
143.67: (-0.91, 0.09, -0.41)
143.78: (-0.87, 0.09, -0.49)
143.89: (-0.64, 0.08, -0.76)
144.01: (-0.05, 0.08, -1.00)
144.12: (0.59, 0.30, -0.75)
144.24: (0.74, 0.63, -0.26)
144.34: (0.57, 0.82, 0.05)
144.46: (0.37, 0.92, 0.10)
144.57: (0.13, 0.92, -0.37)
144.67: (-0.08, 0.47, -0.88)
144.79: (-0.21, -0.38, -0.90)
144.91: (-0.16, -0.89, -0.42)
145.02: (-0.14, -0.99, 0.04)
145.12: (-0.09, -0.91, 0.40)
145.24: (0.00, -0.66, 0.75)
145.36: (-0.24, -0.53, 0.82)
145.47: (-0.56, -0.62, 0.55)
145.59: (-0.61, -0.66, 0.44)
145.69: (-0.68, -0.64, 0.36)
145.77: (-0.70, -0.62, 0.36)
145.77: (0.81, 0.58, 0.06): 1
145.81: (-0.71, -0.61, 0.36)
145.91: (-0.73, -0.60, 0.33)
146.02: (-0.77, -0.62, 0.13)
146.14: (-0.78, -0.53, -0.34)
146.26: (-0.24, -0.59, -0.77)
146.37: (0.72, -0.32, -0.61)
146.49: (1.00, 0.03, -0.01)
146.61: (0.85, 0.28, 0.45)
146.72: (0.59, 0.25, 0.77)
146.84: (0.65, 0.40, 0.64)
146.94: (0.80, 0.54, 0.24)
147.06: (0.86, 0.50, -0.07)
147.17: (0.86, 0.49, -0.14)
147.29: (0.85, 0.51, -0.11)
147.39: (0.77, 0.64, 0.01)
147.39: (-0.96, 0.00, -0.28): 0
147.41: (0.76, 0.64, 0.02)
147.52: (0.73, 0.68, 0.05)
147.62: (0.55, 0.81, 0.21)
147.74: (0.06, 0.90, 0.44)
147.86: (-0.42, 0.67, 0.61)
147.97: (-0.75, 0.17, 0.63)
148.07: (-0.83, -0.19, 0.52)
148.19: (-0.95, -0.30, 0.07)
148.31: (-0.93, 0.07, -0.36)
148.42: (-0.88, 0.40, -0.27)
148.54: (-0.91, 0.35, -0.22)
148.66: (-0.97, 0.16, -0.18)
148.74: (-0.97, 0.13, -0.22)
148.74: (0.98, -0.16, 0.13): 1
148.77: (-0.97, 0.12, -0.22)
148.89: (-0.96, 0.13, -0.23)
148.99: (-0.96, 0.11, -0.26)
149.11: (-0.97, 0.24, 0.02)
149.22: (-0.73, 0.36, 0.58)
149.34: (-0.20, 0.43, 0.88)
149.46: (0.48, 0.34, 0.80)
149.57: (0.93, 0.17, 0.33)
149.69: (0.98, 0.06, -0.20)
149.79: (0.86, 0.09, -0.51)
149.91: (0.90, 0.02, -0.43)
150.01: (0.99, -0.09, -0.05)
150.12: (0.98, -0.12, 0.18)
150.19: (0.98, -0.12, 0.19)
150.19: (-1.00, -0.01, 0.05): 1
150.24: (0.98, -0.12, 0.19)
150.36: (0.98, -0.12, 0.18)
150.47: (0.87, -0.46, 0.17)
150.59: (0.20, -0.97, 0.15)
150.71: (-0.65, -0.72, 0.22)
150.82: (-0.98, 0.13, 0.17)
150.92: (-0.62, 0.79, -0.01)
151.04: (0.02, 0.99, -0.17)
151.16: (-0.55, 0.83, 0.01)
151.27: (-0.96, 0.15, 0.23)
151.39: (-0.97, 0.09, 0.24)
151.51: (-0.99, 0.09, 0.13)
151.59: (-1.00, 0.09, 0.01)
151.59: (-0.53, 0.69, -0.50): 0
151.62: (-0.99, 0.11, 0.02)
151.74: (-0.99, 0.12, 0.00)
151.86: (-0.92, 0.39, 0.01)
151.97: (-0.62, 0.68, -0.39)
152.09: (-0.42, 0.65, -0.64)
152.19: (-0.42, 0.64, -0.65)
152.24: (-0.42, 0.64, -0.65)
152.24: (-0.19, 0.15, -0.97): 2
152.31: (-0.42, 0.63, -0.65)
152.42: (-0.45, 0.68, -0.58)
152.54: (-0.42, 0.66, -0.62)
152.66: (-0.29, 0.37, -0.88)
152.77: (-0.22, 0.15, -0.96)
152.77: (0.96, 0.25, -0.12): 2
152.77: (-0.22, 0.15, -0.96)
152.87: (-0.20, 0.12, -0.97)
152.99: (-0.22, 0.18, -0.96)
153.09: (-0.21, 0.32, -0.92)
153.21: (-0.20, 0.69, -0.70)
153.32: (-0.14, 0.97, -0.22)
153.44: (0.16, 0.93, 0.32)
153.54: (0.54, 0.70, 0.46)
153.66: (0.90, 0.34, 0.28)
153.76: (0.99, 0.11, -0.12)
153.87: (0.91, 0.08, -0.40)
153.99: (0.95, 0.17, -0.27)
154.09: (0.95, 0.22, -0.21)
154.14: (0.95, 0.22, -0.21)
154.14: (-0.85, -0.17, 0.50): 0
154.21: (0.95, 0.22, -0.21)
154.31: (0.96, 0.21, -0.20)
154.42: (0.96, 0.26, 0.06)
154.54: (0.64, 0.51, 0.58)
154.66: (-0.05, 0.65, 0.76)
154.77: (-0.61, 0.68, 0.40)
154.87: (-0.73, 0.67, -0.12)
154.97: (-0.57, 0.53, -0.63)
155.09: (-0.22, 0.11, -0.97)
155.21: (0.10, -0.31, -0.95)
155.32: (0.38, -0.55, -0.74)
155.44: (0.66, -0.63, -0.41)
155.56: (0.88, -0.45, -0.13)
155.67: (0.99, 0.09, 0.07)
155.79: (0.73, 0.68, -0.05)
155.89: (0.37, 0.87, -0.32)
156.01: (-0.11, 0.75, -0.65)
156.12: (-0.61, 0.00, -0.79)
156.24: (-0.54, -0.81, -0.23)
156.36: (-0.03, -0.77, 0.63)
156.46: (0.49, -0.02, 0.87)
156.57: (0.56, 0.83, 0.07)
156.69: (-0.14, 0.49, -0.86)
156.81: (-0.61, -0.50, -0.61)
156.92: (-0.33, -0.91, 0.25)
157.04: (0.28, -0.52, 0.81)
157.14: (0.66, 0.07, 0.75)
157.24: (0.79, 0.39, 0.46)
157.36: (1.00, 0.06, 0.01)
157.47: (0.68, -0.41, -0.61)
157.59: (0.06, -0.36, -0.93)
157.71: (-0.44, -0.33, -0.83)
157.82: (-0.65, -0.67, -0.36)
157.94: (-0.24, -0.86, 0.46)
158.04: (0.58, -0.24, 0.78)
158.16: (0.63, 0.76, -0.16)
158.27: (-0.45, 0.33, -0.83)
158.39: (-0.75, -0.62, -0.24)
158.51: (0.04, -0.75, 0.66)
158.62: (0.79, 0.07, 0.61)
158.74: (0.70, 0.70, -0.13)
158.86: (0.15, 0.62, -0.77)
158.97: (-0.06, -0.11, -0.99)
159.07: (0.07, -0.83, -0.56)
159.19: (0.24, -0.82, 0.52)
159.30: (0.33, 0.01, 0.94)
159.42: (0.25, 0.49, 0.83)
159.54: (0.25, 0.90, 0.35)
159.65: (0.26, 0.83, -0.50)
159.77: (0.14, 0.18, -0.97)
159.89: (-0.18, -0.57, -0.80)
159.99: (-0.35, -0.93, -0.13)
160.09: (-0.27, -0.85, 0.45)
160.21: (0.20, -0.53, 0.82)
160.32: (0.91, 0.21, 0.37)
160.44: (0.43, 0.55, -0.72)
160.55: (0.27, 0.38, -0.89)
160.67: (0.27, 0.38, -0.89)
160.77: (0.27, 0.38, -0.89)
160.89: (0.27, 0.38, -0.89)
161.00: (0.27, 0.38, -0.89)
161.12: (0.22, 0.41, -0.89)
161.24: (-0.23, 0.53, -0.82)
161.34: (-0.86, 0.30, -0.42)
161.45: (-0.77, -0.46, 0.44)
161.57: (0.33, -0.67, 0.66)
161.69: (0.64, -0.55, 0.53)
161.80: (-0.33, -0.62, 0.71)
161.92: (-0.89, -0.17, 0.42)
162.02: (-0.91, -0.09, 0.41)
162.14: (-0.88, -0.09, 0.47)
162.15: (-0.87, -0.09, 0.48)
162.15: (0.64, -0.39, -0.66): 2
162.25: (-0.87, -0.10, 0.49)
162.35: (-0.86, -0.14, 0.50)
162.47: (-0.82, -0.27, 0.50)
162.59: (-0.74, -0.64, 0.21)
162.69: (-0.33, -0.90, -0.26)
162.80: (0.40, -0.74, -0.54)
162.92: (0.90, -0.35, -0.25)
163.04: (0.99, -0.06, 0.12)
163.15: (0.97, -0.10, -0.23)
163.27: (0.67, -0.27, -0.69)
163.39: (0.53, -0.36, -0.77)
163.45: (0.53, -0.36, -0.76)
163.45: (-0.07, 0.63, 0.78): 2
163.50: (0.53, -0.36, -0.76)
163.62: (0.60, -0.37, -0.71)
163.72: (0.76, -0.45, -0.46)
163.84: (0.91, -0.37, 0.17)
163.95: (0.59, 0.00, 0.81)
164.07: (-0.35, 0.49, 0.80)
164.19: (-0.84, 0.53, -0.10)
164.29: (-0.54, 0.24, -0.81)
164.40: (-0.68, 0.55, -0.48)
164.52: (-0.56, 0.68, 0.47)
164.64: (-0.47, 0.63, 0.62)
164.75: (-0.46, 0.63, 0.62)
164.85: (-0.29, 0.68, 0.68)
164.94: (-0.11, 0.63, 0.77)
164.94: (0.98, 0.04, 0.17): 2
164.97: (-0.10, 0.64, 0.76)
165.09: (-0.12, 0.64, 0.76)
165.19: (-0.08, 0.74, 0.67)
165.30: (0.19, 0.89, 0.42)
165.40: (0.63, 0.77, 0.12)
165.52: (0.71, -0.43, 0.55)
165.62: (-0.45, -0.75, 0.48)
165.74: (-0.97, -0.18, 0.16)
165.85: (-0.19, -0.80, 0.57)
165.95: (0.55, -0.69, 0.47)
166.07: (0.88, -0.38, 0.28)
166.19: (0.96, -0.20, 0.18)
166.30: (0.99, 0.01, 0.15)
166.37: (0.99, 0.07, 0.14)
166.37: (0.99, 0.10, -0.12): 2
166.42: (0.99, 0.04, 0.16)
166.54: (0.98, -0.01, 0.20)
166.65: (0.95, -0.25, 0.17)
166.77: (0.97, 0.07, -0.22)
166.89: (0.96, 0.21, -0.17)
166.94: (0.97, 0.21, -0.14)
166.94: (0.26, 0.17, -0.95): 1
167.00: (0.97, 0.20, -0.13)
167.12: (0.97, 0.19, -0.17)
167.22: (0.94, 0.07, -0.32)
167.34: (0.85, -0.36, -0.38)
167.45: (0.45, -0.89, 0.05)
167.57: (-0.03, -0.96, 0.29)
167.69: (-0.05, -0.98, -0.20)
167.80: (0.44, -0.61, -0.66)
167.92: (0.83, -0.31, -0.46)
168.02: (0.83, -0.31, -0.46)
168.12: (0.83, -0.31, -0.46)
168.24: (0.83, -0.31, -0.46)
168.35: (0.87, -0.19, -0.46)
168.47: (0.64, 0.07, -0.76)
168.59: (0.32, 0.16, -0.93)
168.70: (0.27, 0.17, -0.95)
168.77: (0.29, 0.16, -0.94)
168.77: (-0.42, -0.37, 0.83): 0
168.82: (0.28, 0.16, -0.94)
168.94: (0.28, 0.15, -0.95)
169.05: (0.18, -0.05, -0.98)
169.17: (-0.20, -0.37, -0.91)
169.27: (-0.61, -0.58, -0.55)
169.39: (-0.74, -0.66, 0.11)
169.50: (-0.53, -0.63, 0.57)
169.60: (-0.29, -0.60, 0.74)
169.72: (-0.10, -0.54, 0.84)
169.84: (-0.27, -0.43, 0.86)
169.95: (-0.43, -0.39, 0.81)
169.99: (-0.44, -0.39, 0.81)
169.99: (0.63, -0.64, 0.45): 2
170.07: (-0.45, -0.39, 0.81)
170.17: (-0.45, -0.34, 0.82)
170.29: (-0.48, -0.13, 0.87)
170.40: (-0.64, -0.15, 0.76)
170.50: (-0.64, -0.64, 0.42)
170.62: (-0.23, -0.84, -0.49)
170.74: (0.43, -0.09, -0.90)
170.85: (0.64, 0.65, -0.40)
170.95: (0.50, 0.86, 0.14)
171.07: (0.11, 0.70, 0.71)
171.19: (-0.31, 0.29, 0.91)
171.30: (-0.67, -0.04, 0.74)
171.42: (-0.96, -0.24, 0.13)
171.54: (-0.59, 0.18, -0.79)
171.65: (0.62, 0.59, -0.51)
171.77: (0.71, 0.06, 0.70)
171.89: (-0.31, -0.25, 0.92)
172.00: (-0.90, 0.18, 0.41)
172.12: (-0.84, 0.54, -0.07)
172.22: (-0.93, 0.36, 0.06)
172.34: (-0.71, -0.22, 0.67)
172.44: (0.00, -0.50, 0.87)
172.55: (0.49, -0.42, 0.76)
172.67: (0.68, -0.38, 0.62)
172.79: (0.73, -0.60, 0.33)
172.90: (0.58, -0.80, 0.14)
173.02: (0.58, -0.78, 0.24)
173.12: (0.59, -0.72, 0.37)
173.14: (0.59, -0.71, 0.37)
173.14: (-0.29, -0.03, -0.96): 2
173.24: (0.59, -0.71, 0.38)
173.34: (0.55, -0.70, 0.46)
173.45: (0.30, -0.45, 0.84)
173.57: (-0.19, 0.33, 0.92)
173.69: (-0.38, 0.91, 0.16)
173.79: (-0.25, 0.83, -0.50)
173.90: (0.00, 0.34, -0.94)
174.02: (0.16, -0.09, -0.98)
174.14: (0.43, -0.58, -0.69)
174.25: (0.04, -0.48, -0.88)
174.35: (-0.33, -0.08, -0.94)
174.47: (-0.37, -0.02, -0.93)
174.54: (-0.36, -0.02, -0.93)
174.54: (0.84, 0.29, 0.46): 1
174.59: (-0.36, -0.02, -0.93)
174.69: (-0.36, -0.02, -0.93)
174.80: (-0.25, -0.08, -0.97)
174.92: (0.04, 0.08, -1.00)
175.04: (0.43, 0.64, -0.64)
175.15: (0.55, 0.76, 0.34)
175.27: (0.22, 0.19, 0.96)
175.39: (0.05, -0.22, 0.97)
175.50: (0.47, -0.06, 0.88)
175.62: (0.83, 0.30, 0.47)
175.74: (0.83, 0.39, 0.40)
175.80: (0.83, 0.38, 0.41)
175.80: (0.87, -0.46, -0.16): 2
175.85: (0.83, 0.38, 0.41)
175.97: (0.83, 0.36, 0.44)
176.08: (0.89, 0.22, 0.40)
176.20: (0.93, -0.36, -0.08)
176.32: (0.16, -0.84, -0.51)
176.43: (-0.54, -0.69, -0.48)
176.53: (-0.65, -0.58, -0.49)
176.65: (0.21, -0.89, -0.41)
176.75: (0.53, -0.77, -0.35)
176.85: (0.57, -0.75, -0.34)
176.97: (0.76, -0.63, -0.19)
177.08: (0.88, -0.46, -0.04)
177.10: (0.89, -0.46, -0.04)
177.10: (-0.75, 0.50, -0.43): 0
177.20: (0.89, -0.46, -0.04)
177.32: (0.89, -0.46, -0.04)
177.42: (0.88, -0.46, -0.05)
177.53: (0.88, -0.47, -0.07)
177.63: (0.86, -0.38, -0.33)
177.75: (0.53, -0.10, -0.84)
177.87: (-0.21, 0.29, -0.94)
177.98: (-0.74, 0.30, -0.60)
178.10: (-0.89, 0.29, -0.34)
178.20: (-0.94, 0.33, -0.12)
178.32: (-0.81, 0.51, -0.30)
178.40: (-0.77, 0.53, -0.37)
178.40: (-0.77, -0.55, -0.33): 0
178.44: (-0.77, 0.53, -0.37)
178.55: (-0.77, 0.53, -0.36)
178.67: (-0.76, 0.58, -0.30)
178.78: (-0.61, 0.70, -0.38)
178.90: (-0.07, 0.63, -0.78)
179.02: (0.68, 0.17, -0.72)
179.12: (0.96, -0.28, 0.05)
179.23: (0.43, -0.40, 0.81)
179.35: (-0.43, -0.16, 0.89)
179.47: (-0.96, 0.20, 0.17)
179.57: (-0.69, 0.39, -0.61)
179.68: (0.25, 0.31, -0.92)
179.78: (0.85, 0.15, -0.50)
179.90: (0.94, 0.19, 0.27)
180.02: (0.62, 0.43, 0.66)
180.13: (0.09, 0.81, 0.58)
180.25: (-0.14, 0.95, -0.30)
180.37: (0.19, -0.06, -0.98)
180.48: (0.41, -0.91, 0.04)
180.58: (0.20, -0.42, 0.89)
180.70: (-0.16, 0.58, 0.80)
180.80: (-0.27, 0.95, -0.16)
180.92: (0.07, 0.15, -0.99)
181.02: (0.40, -0.55, -0.73)
181.13: (0.49, -0.87, 0.07)
181.25: (0.17, -0.60, 0.78)
181.37: (-0.31, -0.12, 0.94)
181.47: (-0.64, -0.06, 0.77)
181.58: (-0.77, -0.43, 0.47)
181.70: (-0.30, -0.92, 0.27)
181.82: (0.43, -0.90, 0.09)
181.93: (0.91, -0.41, 0.05)
182.05: (0.87, 0.20, 0.46)
182.17: (-0.07, 0.59, 0.80)
182.28: (-1.00, 0.02, 0.06)
182.40: (-0.10, -0.65, -0.75)
182.52: (0.94, -0.16, -0.29)
182.62: (1.00, 0.08, -0.01)
182.73: (0.85, -0.38, -0.37)
182.83: (-0.06, -0.72, -0.69)
182.95: (-0.75, -0.43, -0.50)
183.07: (-0.79, -0.37, -0.49)
183.18: (-0.76, -0.45, -0.46)
183.28: (-0.75, -0.54, -0.38)
183.30: (-0.75, -0.54, -0.38)
183.30: (0.59, 0.78, -0.20): 0
183.40: (-0.75, -0.54, -0.37)
183.52: (-0.84, -0.47, -0.27)
183.63: (-0.97, -0.20, 0.11)
183.75: (-0.83, 0.22, 0.51)
183.87: (-0.52, 0.61, 0.60)
183.98: (-0.59, 0.76, 0.28)
184.10: (-0.71, 0.60, -0.37)
184.22: (-0.15, 0.24, -0.96)
184.33: (0.70, -0.36, -0.62)
184.45: (0.88, -0.35, 0.31)
184.57: (0.86, 0.40, 0.31)
184.67: (0.51, 0.77, -0.39)
184.78: (0.01, 0.59, -0.81)
184.90: (-0.09, 0.40, -0.91)
185.00: (-0.09, 0.40, -0.91)
185.12: (-0.09, 0.40, -0.91)
185.22: (-0.09, 0.40, -0.91)
185.33: (0.06, 0.51, -0.86)
185.45: (0.47, 0.83, -0.29)
185.57: (0.58, 0.81, -0.03)
185.68: (0.58, 0.81, -0.11)
185.78: (0.52, 0.80, -0.30)
185.80: (0.52, 0.80, -0.30)
185.80: (0.62, -0.43, -0.66): 0
185.90: (0.52, 0.80, -0.30)
186.02: (0.36, 0.87, -0.32)
186.12: (0.12, 0.94, -0.33)
186.23: (-0.43, 0.71, -0.55)
186.33: (-0.75, 0.06, -0.66)
186.45: (-0.75, -0.50, -0.42)
186.57: (-0.53, -0.83, -0.18)
186.68: (-0.19, -0.98, 0.02)
186.80: (0.01, -0.97, 0.25)
186.92: (0.15, -0.86, 0.48)
187.03: (0.15, -0.86, 0.48)
187.13: (0.15, -0.86, 0.48)
187.25: (0.14, -0.88, 0.45)
187.37: (0.18, -0.85, 0.50)
187.48: (0.12, -0.41, 0.90)
187.60: (-0.42, 0.19, 0.89)
187.72: (-0.97, 0.22, 0.12)
187.82: (-0.79, -0.15, -0.59)
187.93: (-0.03, -0.63, -0.77)
188.03: (0.63, -0.74, -0.23)
188.15: (0.77, -0.21, 0.60)
188.27: (0.75, 0.02, 0.66)
188.38: (0.89, -0.44, -0.10)
188.50: (0.46, -0.51, -0.73)
188.62: (0.36, -0.47, -0.81)
188.72: (0.47, -0.47, -0.75)
188.80: (0.60, -0.45, -0.66)
188.80: (0.00, 0.14, 0.99): 2
188.82: (0.61, -0.44, -0.66)
188.93: (0.60, -0.44, -0.67)
189.05: (0.38, -0.34, -0.86)
189.15: (-0.03, -0.23, -0.97)
189.27: (-0.64, 0.02, -0.77)
189.38: (-0.82, 0.39, -0.42)
189.50: (-0.33, 0.85, -0.41)
189.62: (0.66, 0.60, -0.46)
189.73: (0.93, -0.27, -0.23)
189.85: (0.38, -0.89, 0.24)
189.97: (-0.61, -0.64, 0.47)
190.08: (-0.92, 0.36, 0.13)
190.20: (-0.31, 0.91, -0.27)
190.32: (0.53, 0.76, -0.38)
190.42: (0.62, 0.69, -0.37)
190.53: (0.62, 0.69, -0.37)
190.65: (0.62, 0.69, -0.37)
190.77: (0.62, 0.69, -0.37)
190.87: (0.62, 0.69, -0.37)
190.97: (0.78, 0.39, -0.50)
191.08: (0.82, -0.43, -0.37)
191.20: (0.28, -0.96, -0.01)
191.32: (-0.38, -0.92, 0.09)
191.43: (-0.81, -0.58, -0.08)
191.53: (-0.92, -0.22, -0.32)
191.63: (-0.87, 0.23, -0.44)
191.75: (-0.48, 0.68, -0.55)
191.87: (-0.08, 0.92, -0.38)
191.98: (0.17, 0.97, 0.16)
192.10: (0.07, 0.68, 0.73)
192.20: (-0.20, 0.31, 0.93)
192.32: (-0.54, -0.06, 0.84)
192.43: (-0.53, -0.07, 0.84)
192.55: (-0.20, 0.04, 0.98)
192.67: (-0.12, 0.01, 0.99)
192.70: (-0.11, 0.01, 0.99)
192.70: (-0.21, 0.32, 0.92): 0
192.78: (-0.11, 0.01, 0.99)
192.90: (-0.11, 0.03, 0.99)
193.01: (-0.18, 0.20, 0.96)
193.11: (-0.19, 0.26, 0.95)
193.11: (-0.03, 0.99, 0.12): 0
193.13: (-0.20, 0.26, 0.95)
193.25: (-0.20, 0.26, 0.95)
193.36: (-0.26, 0.32, 0.91)
193.47: (-0.41, 0.53, 0.74)
193.58: (-0.54, 0.77, 0.34)
193.70: (-0.42, 0.84, -0.33)
193.81: (-0.20, 0.67, -0.71)
193.93: (-0.23, 0.92, -0.32)
194.05: (-0.09, 1.00, -0.04)
194.13: (-0.09, 1.00, -0.03)
194.13: (-0.99, -0.07, 0.08): 1
194.15: (-0.09, 1.00, -0.03)
194.26: (-0.09, 1.00, -0.03)
194.36: (-0.10, 0.99, -0.06)
194.48: (-0.03, 0.99, -0.14)
194.60: (0.06, 0.95, -0.32)
194.70: (0.06, 0.95, -0.32)
194.81: (0.06, 0.95, -0.32)
194.93: (0.15, 0.87, -0.47)
195.05: (0.27, 0.35, -0.90)
195.16: (0.14, -0.30, -0.94)
195.28: (-0.33, -0.11, -0.94)
195.40: (-0.60, 0.08, -0.80)
195.50: (-0.81, 0.14, -0.58)
195.60: (-0.86, 0.50, 0.07)
195.71: (-0.25, 0.67, 0.69)
195.81: (0.53, 0.21, 0.82)
195.93: (0.13, 0.27, 0.95)
196.05: (-0.68, 0.39, 0.62)
196.16: (-0.78, 0.39, 0.50)
196.28: (-0.81, 0.34, 0.47)
196.40: (-0.97, 0.09, 0.22)
196.51: (-0.99, 0.00, 0.11)
196.63: (-0.99, -0.01, 0.12)
196.63: (0.28, -0.26, -0.92): 1
196.63: (-0.99, -0.01, 0.12)
196.75: (-0.99, -0.01, 0.13)
196.86: (-1.00, -0.05, 0.08)
196.98: (-0.97, 0.18, 0.15)
197.10: (-0.58, 0.72, 0.38)
197.20: (0.04, 0.90, 0.44)
197.30: (0.70, 0.66, 0.28)
197.41: (0.99, 0.16, -0.03)
197.51: (0.94, -0.24, -0.24)
197.61: (0.73, -0.53, -0.42)
197.73: (0.24, -0.72, -0.65)
197.85: (-0.15, -0.62, -0.77)
197.95: (-0.15, -0.57, -0.81)
198.05: (-0.01, -0.49, -0.87)
198.16: (0.09, -0.37, -0.92)
198.26: (0.16, -0.32, -0.94)
198.38: (0.22, -0.26, -0.94)
198.40: (0.23, -0.26, -0.94)
198.40: (-0.87, -0.37, 0.33): 1
198.50: (0.23, -0.25, -0.94)
198.60: (0.29, -0.22, -0.93)
198.71: (0.49, -0.06, -0.87)
198.83: (0.73, 0.26, -0.64)
198.93: (0.74, 0.65, -0.19)
199.05: (0.51, 0.79, 0.35)
199.15: (0.11, 0.74, 0.67)
199.26: (-0.20, 0.63, 0.75)
199.38: (-0.45, 0.45, 0.77)
199.50: (-0.81, 0.04, 0.59)
199.61: (-0.95, -0.21, 0.23)
199.73: (-0.96, -0.27, -0.07)
199.85: (-0.93, -0.33, 0.19)
199.96: (-0.86, -0.33, 0.40)
199.98: (-0.86, -0.33, 0.40)
199.98: (-0.33, -0.02, -0.95): 1
200.06: (-0.87, -0.32, 0.38)
200.18: (-0.88, -0.31, 0.37)
200.30: (-0.91, 0.01, 0.42)
200.41: (-0.65, 0.61, 0.44)
200.51: (-0.08, 0.96, 0.25)
200.63: (0.60, 0.79, -0.13)
200.75: (0.88, 0.25, -0.40)
200.86: (0.83, -0.28, -0.49)
200.98: (0.65, -0.64, -0.41)
201.10: (0.49, -0.87, -0.07)
201.20: (0.39, -0.83, 0.40)
201.31: (0.24, -0.44, 0.86)
201.43: (0.00, 0.23, 0.97)
201.55: (-0.22, 0.81, 0.54)
201.66: (-0.28, 0.94, -0.18)
201.78: (-0.19, 0.58, -0.79)
201.88: (0.08, 0.19, -0.98)
202.00: (0.49, -0.13, -0.86)
202.10: (0.52, -0.16, -0.84)
202.21: (0.08, -0.10, -0.99)
202.33: (-0.38, -0.09, -0.92)
202.45: (-0.46, -0.08, -0.88)
202.45: (0.94, -0.06, -0.34): 1
202.45: (-0.46, -0.08, -0.88)
202.55: (-0.45, -0.08, -0.89)
202.66: (-0.43, -0.06, -0.90)
202.76: (-0.29, -0.01, -0.96)
202.86: (0.19, 0.22, -0.96)
202.98: (0.77, 0.50, -0.40)
203.10: (0.74, 0.42, 0.52)
203.20: (0.26, 0.11, 0.96)
203.31: (-0.23, -0.09, 0.97)
203.43: (-0.70, -0.15, 0.70)
203.55: (-0.98, -0.02, -0.22)
203.66: (-0.35, 0.38, -0.85)
203.78: (0.04, 0.82, -0.58)
203.90: (-0.43, 0.88, 0.21)
204.01: (-0.74, -0.08, 0.67)
204.11: (-0.34, -0.89, 0.30)
204.23: (0.21, -0.91, -0.37)
204.33: (0.30, -0.53, -0.79)
204.45: (0.09, 0.08, -0.99)
204.56: (-0.28, 0.71, -0.64)
204.68: (-0.43, 0.81, 0.41)
204.80: (-0.07, -0.13, 0.99)
204.91: (0.32, -0.89, 0.33)
205.03: (0.27, -0.62, -0.74)
205.15: (-0.18, 0.41, -0.89)
205.25: (-0.45, 0.86, -0.23)
205.35: (-0.54, 0.73, 0.42)
205.46: (-0.62, 0.23, 0.75)
205.58: (-0.84, -0.43, 0.34)
205.68: (-0.59, -0.18, -0.79)
205.80: (0.50, 0.63, -0.60)
205.91: (0.27, 0.41, 0.87)
206.03: (-0.87, -0.46, 0.16)
206.15: (0.13, 0.12, -0.98)
206.25: (0.67, 0.71, -0.19)
206.36: (0.09, 0.92, 0.37)
206.48: (-0.93, 0.35, 0.12)
206.60: (-0.34, -0.81, -0.48)
206.71: (0.84, -0.51, -0.18)
206.83: (0.91, -0.41, 0.06)
206.93: (0.28, -0.94, -0.18)
207.03: (-0.16, -0.86, -0.49)
207.15: (0.46, -0.57, -0.68)
207.26: (0.96, -0.20, -0.20)
207.38: (0.99, -0.12, -0.05)
207.48: (0.99, -0.05, -0.10)
207.58: (0.98, 0.01, -0.19)
207.58: (0.95, -0.24, -0.19): 1
207.58: (0.98, 0.01, -0.19)
207.70: (0.98, -0.01, -0.21)
207.80: (0.96, -0.03, -0.29)
207.91: (0.93, -0.15, -0.33)
207.96: (0.92, -0.26, -0.30)
207.96: (0.63, -0.45, -0.64): 0
208.03: (0.91, -0.28, -0.30)
208.15: (0.91, -0.28, -0.29)
208.26: (0.89, -0.30, -0.33)
208.36: (0.66, -0.50, -0.56)
208.38: (0.62, -0.52, -0.59)
208.38: (-1.00, -0.02, 0.07): 0
208.48: (0.46, -0.59, -0.67)
208.60: (0.44, -0.58, -0.68)
208.70: (0.40, -0.57, -0.71)
208.81: (0.11, -0.59, -0.80)
208.93: (-0.52, -0.43, -0.74)
209.03: (-0.97, 0.05, -0.25)
209.15: (-0.75, 0.55, 0.38)
209.26: (-0.30, 0.59, 0.75)
209.38: (-0.47, 0.52, 0.72)
209.49: (-0.92, 0.28, 0.27)
209.61: (-0.99, 0.11, -0.04)
209.73: (-0.99, 0.10, -0.03)
209.83: (-1.00, 0.05, 0.07)
209.86: (-1.00, 0.03, 0.09)
209.86: (-0.21, -0.94, 0.25): 2
209.95: (-0.99, 0.04, 0.10)
210.06: (-0.96, 0.11, 0.24)
210.18: (-0.80, 0.26, 0.55)
210.29: (-0.37, 0.42, 0.83)
210.41: (0.08, 0.48, 0.87)
210.51: (0.41, 0.44, 0.80)
210.61: (0.74, 0.27, 0.62)
210.73: (0.96, 0.08, 0.25)
210.84: (0.88, 0.46, -0.13)
210.96: (-0.17, 0.96, -0.22)
211.08: (-0.94, -0.25, 0.22)
211.19: (0.33, -0.94, 0.06)
211.31: (0.92, -0.19, -0.34)
211.43: (0.91, -0.06, -0.40)
211.53: (0.49, -0.86, -0.12)
211.63: (-0.36, -0.88, 0.32)
211.74: (-0.54, -0.73, 0.42)
211.86: (-0.29, -0.90, 0.33)
211.96: (-0.08, -0.97, 0.21)
END