4/1/2023 3:11:46 PM
Mode: Stereo
White time (s): [1.399658, 0.717041, 1.932434, 1.632874, 3.099487, 0.8833618, 1.21637, 0.7167969, 1.132813, 4.532043, 2.382568, 3.815857, 2.899841, 2.183289, 0.9831543, 0.666687, 0.999939, 2.432922, 0.9162598, 2.766541, 1.816528, 3.249207, 0.7999268, 1.266174, 1.299561, 1.699768, 0.9829712, 1.699524, 1.516724, 1.149536]
Shot time (s): [0.6169434, 1.016357, 2.633057, 1.499512, 1.049622, 1.049683, 0.6833496, 3.916077, 0.5162354, 0.7333374, 0.7998657, 0.7332153, 0.7828369, 3.032654, 2.882507, 0.5830688, 1.816406, 1.766235, 1.46637, 1.966248, 1.332947, 1.249695, 0.8166504, 2.832703, 0.7496948, 2.482849, 1.033203, 2.84906, 1.316589, 1.283264]
Step time (s): [1.23291, 1.532715, 2.21637, 3.033325, 2.182861, 1.33313, 4.015991, 0.9497681, 2.616211, 1.349609, 2.733032, 2.149719, 3.99884, 1.283203, 2.582825, 2.232605, 1.632874, 1.216309, 1.349792, 1.849609, 2.482788, 2.899353, 3.565979, 1.366516, 1.816223, 1.766174, 1.799683, 0.7834473, 1.316711, 1.866333]
White horz (deg): [184.1, 47.05, 367.1, 283.2999, 675.0499, 192.6, 90.35001, 32.54999, 216.4, 965.5499, 309.0499, 750.6998, 92.85003, 289.5, 140.3, 111.8, 119.1, 384.4001, 89.45, 328.8, 210.9, 201.8, 34.4, 106.35, 177.8, 264.5, 89.44999, 175.45, 161.45, 107.95]
Shot horz (deg): [29.2, 173.4, 320.9001, 242.8, 182.75, 202.35, 49.19999, 915.2499, 30.45, 82.85001, 44.95, 36.9, 39.14999, 625.0496, 597.55, 61.7, 283.25, 333.25, 123.65, 237.5, 142.6, 151.85, 55.9, 500.9, 47.8, 303.0999, 169.05, 406.3001, 258.7, 186.25]
Step horz (deg): [217.4, 228.75, 417.0999, 615.45, 256.8, 206.1, 1183.85, 185.55, 541.8003, 193.95, 613.7999, 205.75, 619.2502, 158.95, 361.4, 260.2499, 302.25, 136.25, 140.85, 291.75, 526.8502, 433.95, 351.3, 235.5, 164.75, 208.75, 233.1, 64.65001, 117.75, 222.25]
White vert (deg): [90.45003, 41.2, 122.1, 60.35, 307.0499, 21.85, 83.3, 53.2, 89.65002, 298.2, 83.1, 220.35, 46.55, 232.3999, 37.15, 42.7, 32.15001, 283.4, 65.95, 190.4, 87.50001, 204, 44.05, 70.64998, 91.44999, 138.85, 60.95, 79.3, 111.55, 145.7]
Shot vert (deg): [50, 75.74999, 289.7, 167.7, 77.2, 76.15002, 49.85, 334.5, 13.25, 14.95, 37.8, 16.25, 43.5, 244.25, 187.25, 16.15, 193.2, 139.45, 98.05001, 167.3, 97.54999, 43.8, 23.05, 184.15, 42.25, 212.9, 39.95, 153.85, 58.39999, 79.45]
Step vert (deg): [61.00002, 130.85, 176.15, 227.7, 101.75, 90.34998, 314.5499, 34.30001, 123.15, 30.8, 201.9, 212.1, 429.65, 58.90001, 199.35, 167.3001, 122.75, 81.24998, 124.35, 127.95, 193.15, 175.8001, 248.55, 96.75004, 141.7, 151.4, 140.4, 36.75, 69.90001, 151.8]

Time in sec: camera forward versor
Time in sec: target versor: sound type (0 = White, 1 = Shot, 2 = Step)
START
522.00: (1.00, 0.00, 0.00): 0
522.00: (-0.76, -0.24, -0.61)
522.12: (-0.76, -0.24, -0.61)
522.22: (-0.76, -0.24, -0.61)
522.33: (-0.76, -0.24, -0.61)
522.45: (-0.81, -0.06, -0.58)
522.55: (-0.46, 0.44, -0.77)
522.67: (0.06, 0.86, -0.51)
522.78: (0.28, 0.95, -0.10)
522.88: (0.44, 0.89, 0.12)
523.00: (0.87, 0.45, 0.17)
523.12: (0.99, -0.06, 0.12)
523.23: (0.98, -0.15, 0.10)
523.35: (1.00, -0.09, 0.01)
523.40: (1.00, -0.09, -0.01)
523.40: (-0.81, 0.02, -0.59): 2
523.45: (1.00, -0.09, -0.01)
523.57: (1.00, -0.08, -0.01)
523.68: (0.97, 0.24, 0.03)
523.80: (0.76, 0.64, 0.11)
523.92: (0.17, 0.98, 0.11)
524.03: (-0.24, 0.97, 0.01)
524.15: (-0.81, 0.57, -0.10)
524.27: (-0.99, -0.03, -0.17)
524.37: (-0.93, -0.30, -0.20)
524.48: (-0.89, -0.08, -0.45)
524.60: (-0.82, 0.08, -0.56)
524.63: (-0.82, 0.08, -0.56)
524.63: (-0.99, 0.06, -0.13): 0
524.72: (-0.83, 0.08, -0.55)
524.83: (-0.82, 0.22, -0.52)
524.95: (-0.82, 0.48, -0.30)
525.05: (-0.96, 0.27, -0.05)
525.17: (-0.99, 0.17, 0.02)
525.28: (-0.99, 0.10, -0.12)
525.35: (-0.99, 0.05, -0.14)
525.35: (0.60, -0.43, -0.67): 0
525.38: (-0.99, 0.06, -0.14)
525.50: (-0.99, 0.09, -0.11)
525.62: (-0.99, 0.16, 0.04)
525.73: (-0.76, 0.48, 0.43)
525.85: (-0.26, 0.62, 0.74)
525.97: (0.03, 0.67, 0.74)
526.08: (-0.10, 0.49, 0.86)
526.20: (-0.72, -0.04, 0.69)
526.32: (-0.88, -0.42, 0.22)
526.42: (-0.72, -0.64, -0.27)
526.53: (-0.76, -0.61, -0.23)
526.65: (-0.76, -0.61, -0.23)
526.77: (-0.29, -0.75, -0.60)
526.88: (0.44, -0.28, -0.85)
527.00: (0.66, 0.15, -0.74)
527.12: (0.64, -0.17, -0.75)
527.22: (0.63, -0.37, -0.68)
527.28: (0.64, -0.38, -0.67)
527.28: (0.69, -0.66, -0.28): 1
527.33: (0.64, -0.38, -0.67)
527.45: (0.59, -0.37, -0.72)
527.55: (0.44, -0.44, -0.79)
527.65: (0.44, -0.62, -0.65)
527.77: (0.73, -0.62, -0.29)
527.87: (0.78, -0.59, -0.22)
527.90: (0.78, -0.59, -0.22)
527.90: (-0.22, -0.94, 0.25): 1
527.97: (0.75, -0.62, -0.24)
528.08: (0.69, -0.66, -0.30)
528.20: (0.54, -0.76, -0.37)
528.32: (-0.16, -0.94, -0.29)
528.42: (-0.81, -0.58, 0.05)
528.52: (-0.86, -0.36, 0.37)
528.62: (-0.43, -0.82, 0.37)
528.73: (-0.15, -0.96, 0.23)
528.85: (-0.12, -0.97, 0.22)
528.92: (-0.15, -0.96, 0.23)
528.92: (0.62, 0.42, -0.67): 0
528.97: (-0.15, -0.96, 0.23)
529.08: (-0.23, -0.95, 0.22)
529.18: (-0.33, -0.92, 0.21)
529.30: (-0.60, -0.70, 0.39)
529.42: (-0.76, -0.21, 0.62)
529.53: (-0.56, -0.80, 0.21)
529.65: (0.18, -0.83, -0.52)
529.75: (0.40, -0.65, -0.65)
529.87: (0.65, -0.13, -0.75)
529.98: (0.63, -0.10, -0.77)
530.08: (0.63, -0.10, -0.77)
530.20: (0.69, 0.57, -0.45)
530.32: (0.68, 0.57, -0.46)
530.43: (0.68, 0.42, -0.60)
530.55: (0.66, 0.43, -0.62)
530.55: (1.00, -0.06, 0.06): 0
530.55: (0.66, 0.43, -0.62)
530.65: (0.66, 0.43, -0.62)
530.76: (0.66, 0.43, -0.62)
530.88: (0.46, 0.32, -0.83)
531.00: (-0.07, 0.17, -0.98)
531.11: (-0.30, 0.13, -0.94)
531.23: (-0.45, -0.18, -0.87)
531.35: (-0.70, -0.39, -0.60)
531.45: (-0.71, 0.37, -0.60)
531.56: (-0.06, 0.99, -0.16)
531.68: (0.50, 0.79, 0.36)
531.80: (0.70, 0.31, 0.64)
531.91: (0.66, -0.14, 0.74)
532.03: (0.55, -0.35, 0.76)
532.13: (0.37, -0.33, 0.87)
532.23: (-0.01, 0.00, 1.00)
532.35: (-0.36, 0.40, 0.84)
532.45: (-0.29, 0.74, 0.61)
532.56: (0.25, 0.97, -0.03)
532.68: (0.70, 0.43, -0.57)
532.78: (0.76, -0.23, -0.61)
532.90: (0.30, -0.89, -0.35)
533.01: (-0.18, -0.98, 0.12)
533.13: (-0.18, -0.92, 0.35)
533.23: (0.77, -0.63, 0.15)
533.33: (0.98, -0.09, -0.17)
533.45: (0.98, 0.00, -0.22)
533.56: (1.00, -0.06, -0.03)
533.65: (1.00, -0.07, 0.03)
533.65: (-0.97, -0.23, 0.08): 1
533.68: (1.00, -0.07, 0.03)
533.80: (1.00, -0.07, 0.03)
533.91: (0.99, -0.02, 0.14)
534.01: (0.90, 0.22, 0.37)
534.13: (0.53, 0.63, 0.56)
534.23: (-0.02, 0.79, 0.62)
534.33: (-0.43, 0.67, 0.60)
534.45: (-0.61, 0.38, 0.69)
534.55: (-0.28, -0.09, 0.96)
534.66: (0.15, -0.51, 0.85)
534.78: (0.25, -0.50, 0.83)
534.88: (0.25, -0.50, 0.83)
535.00: (0.20, -0.68, 0.70)
535.11: (0.20, -0.98, 0.06)
535.21: (0.15, -0.93, -0.34)
535.33: (-0.30, -0.94, -0.18)
535.45: (-0.79, -0.33, 0.51)
535.56: (-0.74, -0.03, 0.67)
535.66: (-0.74, -0.03, 0.67)
535.78: (-0.87, -0.07, 0.50)
535.90: (-0.99, -0.04, 0.11)
536.00: (-1.00, -0.07, 0.05)
536.11: (-0.98, -0.19, 0.08)
536.21: (-0.96, -0.27, 0.08)
536.28: (-0.95, -0.30, 0.07)
536.28: (0.99, 0.06, 0.09): 1
536.33: (-0.95, -0.30, 0.07)
536.43: (-0.96, -0.26, 0.10)
536.55: (-0.92, 0.13, 0.37)
536.66: (-0.42, 0.68, 0.60)
536.78: (0.08, 0.79, 0.61)
536.90: (0.08, 0.79, 0.61)
537.00: (0.16, 0.83, 0.53)
537.11: (0.79, 0.53, -0.30)
537.23: (0.70, -0.23, -0.67)
537.33: (0.72, -0.37, -0.58)
537.43: (0.95, -0.10, -0.30)
537.53: (0.99, 0.12, -0.06)
537.65: (0.99, 0.15, 0.03)
537.76: (1.00, -0.05, 0.02)
537.78: (1.00, -0.05, 0.02)
537.78: (-0.96, 0.27, -0.05): 1
537.88: (1.00, -0.03, 0.03)
538.00: (0.95, 0.26, 0.17)
538.11: (0.73, 0.59, 0.34)
538.21: (0.11, 0.99, -0.09)
538.31: (-0.55, 0.76, -0.34)
538.43: (-0.86, 0.30, -0.41)
538.55: (-0.92, 0.10, -0.37)
538.66: (-0.99, 0.08, -0.10)
538.78: (-0.98, 0.20, -0.08)
538.83: (-0.98, 0.20, -0.08)
538.83: (0.63, 0.77, 0.07): 0
538.90: (-0.98, 0.20, -0.08)
539.01: (-0.97, 0.24, -0.04)
539.13: (-0.63, 0.78, 0.00)
539.25: (0.22, 0.97, 0.06)
539.36: (0.89, 0.44, 0.13)
539.48: (0.95, 0.27, 0.17)
539.60: (0.68, 0.73, 0.06)
539.70: (0.64, 0.77, 0.02)
539.71: (0.64, 0.77, 0.02)
539.71: (-0.81, -0.28, 0.52): 1
539.81: (0.64, 0.77, 0.03)
539.93: (0.36, 0.92, 0.17)
540.03: (-0.28, 0.93, 0.21)
540.15: (-0.82, 0.53, 0.22)
540.26: (-0.98, 0.02, 0.19)
540.38: (-0.86, -0.49, 0.09)
540.50: (-0.65, -0.76, 0.02)
540.61: (-0.82, -0.46, 0.33)
540.73: (-0.87, -0.29, 0.40)
540.76: (-0.87, -0.28, 0.40)
540.76: (-0.97, 0.08, 0.21): 1
540.85: (-0.87, -0.29, 0.40)
540.96: (-0.85, -0.33, 0.42)
541.08: (-0.97, 0.01, 0.26)
541.20: (-0.91, 0.39, 0.15)
541.30: (-0.96, 0.18, 0.20)
541.40: (-0.96, 0.07, 0.26)
541.45: (-0.96, 0.06, 0.26)
541.45: (-0.16, 0.97, -0.17): 0
541.51: (-0.96, 0.06, 0.26)
541.63: (-0.97, 0.13, 0.20)
541.75: (-0.88, 0.48, -0.04)
541.86: (-0.66, 0.71, -0.24)
541.98: (-0.26, 0.92, -0.31)
542.10: (-0.08, 0.98, -0.19)
542.21: (-0.36, 0.92, -0.16)
542.33: (-0.36, 0.92, -0.16)
542.43: (-0.36, 0.92, -0.16)
542.55: (-0.08, 0.99, -0.14)
542.66: (-0.06, 0.99, -0.14)
542.66: (-0.87, 0.42, -0.27): 2
542.66: (-0.06, 0.99, -0.14)
542.78: (-0.07, 0.99, -0.14)
542.90: (-0.22, 0.97, -0.13)
543.01: (-0.23, 0.97, -0.13)
543.13: (0.20, 0.95, -0.24)
543.25: (0.83, 0.47, 0.29)
543.36: (0.82, 0.23, 0.53)
543.48: (0.26, 0.97, 0.03)
543.60: (-0.14, 0.98, -0.11)
543.71: (-0.18, 0.97, -0.14)
543.83: (-0.54, 0.79, -0.29)
543.93: (-0.72, 0.63, -0.29)
544.05: (-0.82, 0.44, -0.36)
544.16: (-0.89, 0.38, -0.26)
544.20: (-0.89, 0.38, -0.25)
544.20: (0.99, 0.09, 0.08): 1
544.28: (-0.89, 0.38, -0.26)
544.38: (-0.90, 0.32, -0.29)
544.50: (-0.89, -0.01, -0.45)
544.61: (-0.62, -0.28, -0.73)
544.73: (-0.63, -0.17, -0.75)
544.85: (-0.64, -0.14, -0.75)
544.95: (-0.47, 0.03, -0.88)
545.06: (0.01, 0.07, -1.00)
545.18: (0.54, -0.48, -0.69)
545.30: (0.57, -0.81, -0.17)
545.41: (0.51, -0.86, 0.04)
545.51: (0.60, -0.45, -0.66)
545.63: (-0.16, 0.70, -0.70)
545.75: (-0.70, 0.72, 0.03)
545.86: (-0.70, 0.72, 0.03)
545.98: (-0.69, 0.72, 0.12)
546.09: (-0.32, -0.02, 0.95)
546.20: (0.24, -0.72, 0.65)
546.31: (0.36, -0.93, 0.08)
546.41: (0.34, -0.89, -0.29)
546.53: (0.57, -0.65, -0.49)
546.64: (0.85, -0.53, -0.02)
546.74: (0.41, -0.51, 0.76)
546.85: (-0.41, -0.16, 0.90)
546.96: (-0.82, 0.32, 0.48)
547.08: (0.08, -0.10, 0.99)
547.19: (0.65, -0.35, 0.67)
547.31: (0.75, -0.34, 0.57)
547.43: (0.82, -0.45, 0.36)
547.53: (0.81, -0.58, 0.01)
547.64: (0.87, -0.45, -0.18)
547.76: (0.98, -0.21, -0.05)
547.88: (0.99, -0.12, 0.09)
547.99: (1.00, -0.05, -0.01)
548.09: (1.00, 0.03, -0.04)
548.11: (1.00, 0.03, -0.04)
548.11: (0.87, 0.32, 0.38): 0
548.19: (1.00, 0.03, -0.04)
548.31: (0.99, -0.08, 0.08)
548.43: (0.91, -0.29, 0.30)
548.54: (0.88, -0.14, 0.44)
548.66: (0.92, 0.16, 0.36)
548.76: (0.90, 0.19, 0.38)
548.83: (0.90, 0.25, 0.37)
548.83: (0.99, 0.01, 0.12): 1
548.88: (0.90, 0.25, 0.37)
548.99: (0.88, 0.25, 0.39)
549.11: (0.91, 0.30, 0.29)
549.23: (0.99, 0.15, 0.07)
549.34: (0.99, 0.09, 0.13)
549.34: (-0.87, 0.29, -0.39): 2
549.34: (0.99, 0.09, 0.13)
549.44: (0.99, 0.09, 0.13)
549.54: (0.98, 0.10, 0.15)
549.66: (0.81, 0.34, 0.47)
549.78: (0.50, 0.43, 0.75)
549.88: (-0.11, 0.43, 0.90)
549.99: (-0.19, 0.57, 0.80)
550.11: (0.63, 0.72, 0.30)
550.23: (0.92, 0.04, -0.39)
550.34: (0.97, -0.24, 0.02)
550.44: (0.89, 0.31, 0.33)
550.56: (0.24, 0.95, 0.21)
550.68: (-0.48, 0.86, 0.19)
550.78: (-0.46, 0.86, 0.21)
550.88: (-0.46, 0.86, 0.21)
550.99: (-0.46, 0.86, 0.21)
551.11: (-0.71, 0.65, -0.29)
551.23: (-0.73, 0.29, -0.61)
551.34: (-0.79, 0.33, -0.53)
551.46: (-0.89, 0.27, -0.38)
551.56: (-0.92, 0.21, -0.33)
551.56: (0.17, 0.61, -0.78): 0
551.58: (-0.92, 0.21, -0.33)
551.68: (-0.90, 0.22, -0.38)
551.79: (-0.67, 0.27, -0.69)
551.91: (-0.64, -0.16, -0.75)
552.03: (-0.55, -0.49, -0.68)
552.14: (-0.08, 0.54, -0.84)
552.24: (0.40, 0.81, -0.43)
552.36: (0.31, 0.58, -0.75)
552.48: (0.08, 0.43, -0.90)
552.59: (0.14, 0.59, -0.80)
552.69: (0.20, 0.65, -0.74)
552.69: (-0.86, 0.47, -0.22): 2
552.71: (0.20, 0.64, -0.74)
552.81: (0.20, 0.64, -0.74)
552.93: (0.61, 0.69, -0.40)
553.03: (0.75, 0.65, -0.13)
553.14: (0.75, 0.65, -0.13)
553.26: (0.82, 0.57, 0.02)
553.38: (0.61, -0.07, 0.79)
553.49: (0.06, -0.42, 0.91)
553.61: (-0.02, -0.42, 0.91)
553.73: (0.68, -0.30, 0.67)
553.83: (0.98, 0.03, -0.22)
553.93: (0.85, 0.16, -0.51)
554.03: (0.85, 0.16, -0.51)
554.15: (0.85, 0.16, -0.51)
554.26: (0.72, 0.08, -0.69)
554.38: (0.75, -0.12, -0.65)
554.49: (0.94, -0.23, 0.24)
554.61: (0.96, -0.17, 0.21)
554.73: (0.96, -0.17, 0.21)
554.84: (0.79, -0.37, 0.49)
554.96: (-0.40, -0.37, 0.84)
555.08: (-0.91, 0.32, 0.27)
555.19: (-0.61, 0.78, -0.15)
555.31: (-0.30, 0.82, -0.49)
555.43: (-0.69, 0.64, -0.34)
555.54: (-0.83, 0.52, -0.18)
555.66: (-0.83, 0.51, -0.22)
555.73: (-0.84, 0.48, -0.26)
555.73: (0.36, 0.92, -0.15): 0
555.78: (-0.84, 0.48, -0.26)
555.89: (-0.88, 0.47, 0.03)
556.01: (-0.66, 0.12, 0.75)
556.13: (-0.13, -0.66, 0.74)
556.24: (-0.03, -0.93, 0.37)
556.34: (-0.74, -0.43, 0.52)
556.46: (-0.76, -0.32, 0.57)
556.56: (-0.76, -0.32, 0.57)
556.68: (-0.60, -0.70, 0.39)
556.79: (0.08, -0.99, -0.09)
556.91: (0.62, -0.67, -0.40)
557.03: (-0.13, -0.92, -0.37)
557.14: (-0.96, -0.20, 0.19)
557.24: (-0.96, -0.11, 0.27)
557.34: (-0.96, -0.11, 0.27)
557.46: (-0.94, -0.33, -0.08)
557.58: (-0.41, -0.53, -0.74)
557.69: (0.07, -0.48, -0.87)
557.79: (0.03, -0.50, -0.87)
557.89: (0.03, -0.50, -0.87)
558.01: (0.15, -0.37, -0.92)
558.13: (0.57, -0.01, -0.82)
558.24: (0.88, 0.26, -0.41)
558.36: (0.93, 0.34, -0.14)
558.48: (0.91, 0.38, 0.16)
558.59: (0.64, 0.30, 0.71)
558.69: (0.80, 0.59, 0.06)
558.81: (0.03, 0.26, -0.97)
558.93: (-0.46, -0.26, -0.85)
559.04: (-0.46, -0.26, -0.85)
559.16: (-0.46, -0.21, -0.86)
559.28: (-0.20, 0.49, -0.85)
559.38: (0.12, 0.83, -0.54)
559.49: (0.20, 0.83, -0.52)
559.59: (0.20, 0.83, -0.52)
559.71: (0.20, 0.89, -0.41)
559.83: (0.36, 0.93, -0.02)
559.94: (0.38, 0.92, -0.06)
560.04: (0.37, 0.92, -0.12)
560.16: (0.36, 0.92, -0.12)
560.26: (0.36, 0.92, -0.12)
560.26: (-0.93, -0.20, -0.32): 2
560.28: (0.36, 0.92, -0.12)
560.38: (0.36, 0.92, -0.12)
560.49: (0.47, 0.87, -0.14)
560.61: (0.49, 0.86, -0.14)
560.73: (0.48, 0.87, -0.11)
560.84: (0.67, 0.70, 0.26)
560.96: (0.75, 0.56, 0.36)
561.08: (0.89, 0.30, 0.34)
561.19: (0.43, 0.88, -0.18)
561.29: (0.18, 0.91, -0.36)
561.41: (0.20, 0.91, -0.36)
561.53: (-0.07, 0.88, -0.46)
561.64: (-0.41, 0.72, -0.56)
561.76: (-0.33, 0.72, -0.61)
561.86: (-0.72, 0.30, -0.62)
561.98: (-0.78, 0.21, -0.60)
562.08: (-0.78, 0.21, -0.60)
562.19: (-0.89, 0.03, -0.46)
562.29: (-0.94, -0.15, -0.29)
562.41: (-0.94, -0.11, -0.31)
562.44: (-0.94, -0.11, -0.31)
562.44: (-0.31, -0.67, -0.67): 2
562.51: (-0.94, -0.11, -0.31)
562.63: (-0.87, 0.04, -0.50)
562.73: (-0.51, 0.57, -0.65)
562.84: (-0.21, 0.81, -0.54)
562.94: (-0.82, 0.06, -0.57)
563.06: (-0.82, -0.20, -0.53)
563.17: (-0.81, -0.19, -0.56)
563.28: (-0.67, -0.45, -0.59)
563.39: (-0.37, -0.75, -0.55)
563.51: (-0.27, -0.66, -0.70)
563.61: (-0.30, -0.58, -0.75)
563.72: (-0.37, -0.58, -0.72)
563.77: (-0.37, -0.58, -0.72)
563.77: (0.97, 0.20, 0.11): 2
563.83: (-0.37, -0.58, -0.72)
563.94: (-0.37, -0.58, -0.72)
564.04: (-0.41, -0.42, -0.81)
564.16: (-0.48, -0.04, -0.88)
564.27: (-0.43, 0.45, -0.78)
564.37: (-0.16, 0.96, -0.23)
564.49: (0.47, 0.62, 0.64)
564.59: (0.65, 0.44, 0.62)
564.71: (0.13, 0.98, -0.16)
564.82: (-0.49, 0.32, -0.81)
564.94: (-0.48, -0.10, -0.87)
565.04: (-0.36, 0.43, -0.83)
565.16: (0.09, 0.99, -0.06)
565.27: (0.50, 0.25, 0.83)
565.37: (0.29, -0.61, 0.74)
565.47: (0.04, -0.95, 0.32)
565.59: (0.05, -1.00, -0.06)
565.71: (0.55, -0.83, 0.07)
565.82: (0.64, -0.10, 0.76)
565.92: (-0.04, 0.59, 0.80)
566.04: (-0.57, 0.82, 0.03)
566.16: (-0.50, 0.87, 0.03)
566.27: (-0.54, 0.68, -0.49)
566.37: (-0.33, 0.17, -0.93)
566.49: (-0.33, 0.29, -0.90)
566.59: (-0.33, 0.29, -0.90)
566.71: (-0.41, -0.63, -0.66)
566.82: (0.10, -0.97, 0.23)
566.92: (0.03, -0.99, 0.17)
567.04: (0.04, -0.98, 0.20)
567.16: (0.66, -0.35, 0.67)
567.26: (0.81, 0.48, 0.34)
567.37: (0.89, 0.42, 0.16)
567.49: (0.95, 0.23, 0.19)
567.59: (0.99, 0.06, 0.11)
567.71: (0.98, 0.17, 0.13)
567.79: (0.97, 0.20, 0.15)
567.79: (0.97, 0.18, -0.13): 2
567.81: (0.97, 0.20, 0.15)
567.92: (0.98, 0.09, 0.15)
568.04: (0.74, -0.53, 0.42)
568.16: (0.25, -0.84, 0.48)
568.27: (0.96, -0.28, 0.03)
568.39: (0.98, -0.21, -0.08)
568.49: (0.98, -0.18, -0.11)
568.61: (0.97, 0.17, -0.20)
568.72: (0.95, 0.22, -0.21)
568.74: (0.95, 0.22, -0.21)
568.74: (0.97, -0.24, -0.02): 1
568.84: (0.95, 0.22, -0.21)
568.96: (0.97, 0.11, -0.21)
569.07: (0.85, -0.51, 0.10)
569.17: (0.79, -0.58, 0.21)
569.29: (0.94, -0.35, 0.00)
569.39: (0.94, -0.35, -0.02)
569.47: (0.94, -0.35, -0.02)
569.47: (0.45, 0.12, -0.88): 2
569.49: (0.94, -0.35, -0.02)
569.61: (0.94, -0.35, -0.02)
569.72: (0.77, -0.61, 0.18)
569.84: (0.37, -0.86, 0.35)
569.96: (0.72, -0.66, 0.22)
570.07: (0.53, -0.78, 0.34)
570.19: (0.26, -0.89, 0.39)
570.29: (0.73, -0.65, 0.21)
570.41: (0.99, -0.05, -0.09)
570.51: (0.99, -0.16, -0.04)
570.62: (0.99, -0.16, -0.04)
570.74: (0.84, 0.52, -0.16)
570.86: (0.17, 0.90, -0.39)
570.97: (0.45, 0.72, -0.53)
571.09: (0.84, 0.25, -0.48)
571.21: (0.88, -0.46, 0.15)
571.32: (0.46, -0.77, 0.45)
571.42: (0.89, -0.42, -0.20)
571.54: (0.82, 0.05, -0.57)
571.64: (0.70, 0.17, -0.69)
571.76: (0.56, 0.08, -0.82)
571.87: (0.37, 0.11, -0.92)
571.99: (0.44, 0.15, -0.88)
572.09: (0.47, 0.18, -0.86)
572.09: (-0.63, -0.03, 0.78): 0
572.09: (0.47, 0.18, -0.86)
572.21: (0.47, 0.18, -0.86)
572.32: (0.52, 0.08, -0.85)
572.44: (0.82, -0.37, -0.43)
572.56: (0.84, -0.48, -0.26)
572.66: (0.85, -0.44, -0.28)
572.76: (0.85, -0.44, -0.28)
572.87: (0.84, -0.49, -0.22)
572.99: (0.72, -0.69, 0.13)
573.11: (0.81, -0.59, 0.02)
573.21: (0.77, -0.61, 0.19)
573.32: (0.55, -0.77, 0.33)
573.42: (0.33, -0.79, 0.52)
573.54: (0.37, -0.76, 0.53)
573.64: (0.40, -0.76, 0.52)
573.76: (0.07, -0.64, 0.77)
573.87: (-0.69, 0.11, 0.72)
573.99: (-0.72, 0.55, 0.42)
574.11: (-0.66, 0.57, 0.50)
574.22: (-0.66, 0.16, 0.73)
574.34: (-0.66, 0.04, 0.75)
574.44: (-0.63, 0.05, 0.78)
574.47: (-0.62, 0.05, 0.78)
574.47: (-0.88, 0.02, -0.47): 0
574.54: (-0.62, 0.05, 0.78)
574.66: (-0.65, 0.07, 0.76)
574.77: (-0.80, 0.36, 0.49)
574.89: (-0.69, 0.71, 0.10)
574.99: (-0.45, 0.82, -0.36)
575.09: (-0.19, 0.62, -0.77)
575.21: (-0.09, 0.48, -0.87)
575.32: (-0.14, 0.50, -0.85)
575.44: (-0.04, 0.60, -0.80)
575.56: (0.46, 0.60, -0.65)
575.67: (0.61, 0.67, -0.42)
575.79: (-0.13, 0.99, 0.11)
575.91: (-0.77, 0.44, 0.46)
576.02: (-0.95, -0.05, 0.31)
576.12: (-0.95, 0.14, 0.29)
576.24: (-0.79, 0.57, 0.22)
576.36: (0.13, 0.93, 0.34)
576.46: (0.88, 0.46, 0.12)
576.57: (0.99, 0.09, -0.06)
576.69: (0.99, 0.09, -0.06)
576.79: (0.99, 0.09, -0.06)
576.91: (0.94, -0.33, 0.03)
577.02: (0.51, -0.85, 0.11)
577.14: (-0.21, -0.92, -0.34)
577.26: (-0.50, -0.66, -0.56)
577.36: (-0.64, -0.40, -0.66)
577.47: (-0.46, -0.75, -0.48)
577.57: (-0.43, -0.83, -0.36)
577.69: (-0.77, -0.30, -0.57)
577.81: (-0.74, -0.35, -0.57)
577.92: (-0.74, -0.36, -0.57)
578.02: (-0.85, -0.12, -0.51)
578.14: (-0.90, 0.04, -0.44)
578.26: (-0.90, -0.04, -0.43)
578.29: (-0.90, -0.04, -0.43)
578.29: (-0.96, 0.17, -0.22): 1
578.37: (-0.90, -0.04, -0.43)
578.47: (-0.88, -0.03, -0.47)
578.59: (-0.82, -0.22, -0.52)
578.71: (-0.93, -0.12, -0.34)
578.81: (-0.98, -0.05, -0.17)
578.92: (-0.98, 0.03, -0.18)
579.04: (-0.97, 0.09, -0.21)
579.09: (-0.97, 0.12, -0.22)
579.09: (-0.91, -0.37, -0.20): 1
579.14: (-0.97, 0.12, -0.22)
579.26: (-0.96, 0.12, -0.25)
579.36: (-0.95, 0.09, -0.30)
579.47: (-0.95, 0.09, -0.30)
579.59: (-0.94, -0.31, -0.14)
579.71: (-0.94, -0.34, -0.10)
579.82: (-0.95, -0.30, -0.12)
579.82: (-0.68, 0.72, -0.15): 2
579.82: (-0.95, -0.30, -0.12)
579.94: (-0.93, -0.32, -0.15)
580.04: (-0.87, -0.44, -0.21)
580.15: (-0.90, -0.37, -0.20)
580.26: (-0.97, -0.15, -0.21)
580.37: (-0.94, -0.23, -0.24)
580.49: (-0.53, -0.84, -0.06)
580.59: (-0.83, -0.54, -0.12)
580.70: (-0.90, 0.38, -0.22)
580.82: (-0.89, 0.40, -0.22)
580.92: (-0.86, 0.45, -0.24)
581.04: (-0.67, 0.71, -0.24)
581.15: (-0.67, 0.71, -0.19)
581.17: (-0.67, 0.71, -0.19)
581.17: (-0.97, -0.26, 0.02): 0
581.27: (-0.67, 0.72, -0.19)
581.39: (-0.71, 0.65, -0.26)
581.49: (-0.71, 0.65, -0.27)
581.60: (-0.68, 0.67, -0.30)
581.72: (-0.66, 0.68, -0.31)
581.82: (-0.67, 0.68, -0.30)
581.94: (-0.67, 0.68, -0.30)
582.05: (-0.67, 0.68, -0.29)
582.17: (-0.67, 0.68, -0.29)
582.29: (-0.68, 0.69, -0.24)
582.39: (-0.69, 0.69, -0.22)
582.50: (-0.79, 0.59, -0.17)
582.60: (-0.86, 0.48, -0.16)
582.72: (-0.89, 0.41, -0.17)
582.84: (-0.92, 0.35, -0.15)
582.95: (-0.92, 0.35, -0.16)
583.05: (-0.92, 0.35, -0.16)
583.15: (-0.92, 0.35, -0.19)
583.27: (-0.94, 0.30, -0.18)
583.39: (-0.97, 0.24, -0.03)
583.50: (-0.98, 0.19, 0.03)
583.60: (-1.00, 0.06, 0.05)
583.72: (-0.91, -0.41, 0.07)
583.84: (-0.90, -0.43, 0.05)
583.95: (-0.95, -0.32, 0.07)
584.05: (-0.96, -0.25, 0.08)
584.07: (-0.96, -0.25, 0.08)
584.07: (-0.52, -0.62, 0.60): 1
584.17: (-0.96, -0.25, 0.08)
584.29: (-0.94, -0.35, 0.03)
584.40: (-0.78, -0.62, 0.12)
584.52: (-0.64, -0.60, 0.48)
584.64: (-0.64, -0.53, 0.56)
584.75: (-0.61, -0.55, 0.57)
584.85: (-0.54, -0.57, 0.62)
584.85: (0.66, 0.75, 0.01): 1
584.87: (-0.54, -0.57, 0.62)
584.99: (-0.54, -0.57, 0.62)
585.09: (-0.56, -0.59, 0.58)
585.20: (-0.28, -0.84, 0.45)
585.32: (-0.11, -0.97, 0.24)
585.44: (-0.11, -0.97, 0.24)
585.55: (-0.06, -0.97, 0.23)
585.65: (-0.15, -0.90, 0.41)
585.77: (-0.65, -0.19, 0.73)
585.87: (-0.65, 0.58, 0.49)
585.99: (-0.37, 0.93, 0.00)
586.09: (-0.11, 0.87, -0.49)
586.20: (-0.13, 0.98, -0.17)
586.30: (-0.15, 0.67, 0.73)
586.40: (-0.11, -0.36, 0.92)
586.52: (-0.13, -0.99, 0.08)
586.62: (-0.27, -0.93, -0.23)
586.74: (-0.27, -0.93, -0.23)
586.85: (-0.27, -0.93, -0.25)
586.97: (0.06, -0.23, -0.97)
587.09: (0.29, 0.86, -0.42)
587.19: (0.22, 0.97, -0.12)
587.30: (0.22, 0.97, -0.12)
587.42: (0.35, 0.93, 0.07)
587.52: (0.67, 0.72, 0.18)
587.64: (0.80, 0.60, 0.04)
587.75: (0.70, 0.71, 0.05)
587.87: (0.65, 0.75, 0.10)
587.89: (0.65, 0.75, 0.10)
587.89: (-0.57, -0.55, 0.61): 2
587.99: (0.67, 0.74, 0.07)
588.10: (0.74, 0.65, -0.19)
588.22: (0.58, 0.22, -0.79)
588.32: (0.79, 0.31, -0.53)
588.44: (0.51, 0.50, 0.70)
588.55: (-0.06, 0.44, 0.90)
588.67: (-0.06, 0.44, 0.90)
588.79: (-0.06, 0.42, 0.91)
588.90: (0.79, 0.07, 0.61)
589.02: (0.80, -0.22, -0.57)
589.12: (0.00, 0.02, -1.00)
589.24: (-0.18, 0.15, -0.97)
589.34: (-0.18, 0.15, -0.97)
589.45: (-0.23, 0.11, -0.97)
589.57: (-0.96, 0.00, -0.29)
589.69: (-0.68, 0.09, 0.73)
589.79: (-0.42, 0.20, 0.89)
589.90: (-0.42, 0.20, 0.89)
590.02: (-0.42, 0.11, 0.90)
590.14: (-0.74, -0.46, 0.49)
590.25: (-0.69, -0.68, 0.25)
590.35: (-0.64, -0.66, 0.40)
590.47: (-0.56, -0.60, 0.58)
590.57: (-0.57, -0.57, 0.60)
590.62: (-0.57, -0.56, 0.61)
590.62: (0.79, -0.61, -0.04): 1
590.69: (-0.57, -0.56, 0.61)
590.80: (-0.57, -0.52, 0.64)
590.92: (-0.57, -0.52, 0.64)
591.02: (-0.57, -0.52, 0.64)
591.14: (-0.43, -0.65, 0.63)
591.25: (-0.08, -0.89, 0.45)
591.37: (0.48, -0.40, 0.78)
591.49: (0.63, -0.02, 0.78)
591.59: (0.36, -0.76, 0.55)
591.70: (-0.42, -0.88, -0.23)
591.82: (-0.27, -0.96, 0.02)
591.92: (0.58, -0.48, 0.66)
592.04: (0.82, 0.25, 0.51)
592.15: (0.82, 0.22, 0.52)
592.25: (0.82, 0.22, 0.52)
592.37: (0.89, 0.32, 0.31)
592.49: (0.64, 0.72, -0.28)
592.60: (0.02, 0.85, -0.53)
592.72: (-0.24, 0.84, -0.49)
592.84: (0.31, 0.79, -0.53)
592.95: (0.99, -0.14, 0.00)
593.05: (0.89, -0.38, 0.24)
593.17: (0.89, -0.38, 0.24)
593.29: (0.83, -0.52, 0.21)
593.39: (0.73, -0.68, 0.03)
593.50: (0.74, -0.67, -0.01)
593.50: (0.83, -0.34, -0.44): 1
593.50: (0.74, -0.67, -0.01)
593.62: (0.76, -0.66, 0.01)
593.74: (0.69, -0.71, 0.15)
593.85: (0.71, -0.70, -0.04)
593.97: (0.84, -0.35, -0.42)
594.09: (0.83, -0.33, -0.45)
594.09: (0.54, -0.01, 0.84): 0
594.09: (0.83, -0.33, -0.45)
594.19: (0.83, -0.33, -0.45)
594.30: (0.77, -0.49, -0.40)
594.42: (0.38, -0.89, -0.26)
594.54: (-0.13, -0.96, 0.24)
594.64: (-0.14, -0.96, 0.26)
594.75: (-0.45, -0.76, 0.47)
594.87: (-0.71, -0.41, 0.57)
594.99: (-0.76, -0.21, 0.61)
595.10: (-0.64, 0.50, 0.59)
595.22: (-0.63, 0.47, 0.62)
595.32: (-0.63, 0.47, 0.62)
595.44: (-0.33, 0.94, 0.10)
595.55: (-0.49, 0.83, 0.26)
595.65: (-0.38, 0.49, 0.79)
595.75: (0.05, -0.01, 1.00)
595.87: (0.23, -0.24, 0.94)
595.99: (0.31, -0.34, 0.89)
596.09: (0.41, -0.01, 0.91)
596.20: (0.56, 0.00, 0.83)
596.27: (0.57, 0.00, 0.82)
596.27: (-0.98, -0.03, 0.21): 2
596.32: (0.57, 0.00, 0.82)
596.44: (0.57, -0.03, 0.82)
596.55: (0.56, -0.22, 0.80)
596.67: (0.80, -0.37, 0.47)
596.77: (0.75, -0.65, 0.07)
596.87: (0.52, -0.84, -0.13)
596.99: (0.49, -0.80, -0.35)
597.10: (0.01, -0.90, -0.44)
597.22: (-0.58, -0.68, -0.44)
597.32: (-0.77, -0.47, -0.42)
597.43: (-0.97, -0.05, -0.22)
597.53: (-0.96, 0.26, -0.07)
597.65: (-0.96, 0.28, 0.03)
597.77: (-0.98, 0.07, 0.17)
597.88: (-0.97, -0.03, 0.25)
597.98: (-0.93, 0.12, 0.35)
598.10: (-0.93, 0.11, 0.34)
598.22: (-0.99, -0.05, 0.11)
598.32: (-0.99, -0.13, -0.01)
598.42: (-0.98, -0.05, 0.18)
598.42: (0.31, 0.76, -0.57): 2
598.43: (-0.98, -0.05, 0.18)
598.55: (-0.98, -0.05, 0.18)
598.67: (-0.99, -0.06, 0.16)
598.78: (-0.90, -0.40, -0.16)
598.88: (-0.67, -0.62, -0.41)
599.00: (-0.31, -0.69, -0.66)
599.12: (0.61, -0.29, -0.73)
599.23: (0.95, 0.13, -0.27)
599.35: (0.84, 0.36, 0.41)
599.45: (0.78, 0.39, 0.49)
599.57: (0.78, 0.39, 0.49)
599.68: (0.34, 0.50, 0.79)
599.80: (-0.48, 0.49, 0.73)
599.90: (-0.58, 0.38, 0.72)
600.02: (-0.81, 0.26, 0.52)
600.13: (-0.95, 0.15, 0.25)
600.25: (-0.97, 0.10, 0.24)
600.37: (-0.97, -0.22, 0.11)
600.47: (-0.81, -0.31, 0.50)
600.58: (-0.79, -0.26, 0.56)
600.68: (-0.77, -0.34, 0.54)
600.80: (-0.52, -0.84, -0.13)
600.92: (-0.16, -0.60, -0.78)
601.02: (-0.20, -0.43, -0.88)
601.13: (-0.19, -0.60, -0.78)
601.25: (-0.51, -0.50, -0.70)
601.35: (-0.61, 0.33, -0.72)
601.47: (-0.59, 0.71, -0.39)
601.57: (-0.55, 0.83, 0.10)
601.68: (-0.31, 0.90, 0.30)
601.80: (-0.31, 0.90, 0.30)
601.92: (0.05, 0.99, -0.14)
602.03: (0.28, 0.78, -0.56)
602.13: (0.21, 0.81, -0.55)
602.25: (0.18, 0.85, -0.49)
602.37: (0.30, 0.78, -0.55)
602.42: (0.32, 0.75, -0.58)
602.42: (0.96, -0.28, 0.09): 2
602.47: (0.32, 0.75, -0.58)
602.58: (0.30, 0.77, -0.56)
602.70: (-0.13, 0.95, -0.28)
602.80: (-0.13, 0.95, -0.27)
602.90: (-0.13, 0.95, -0.27)
603.02: (0.18, 0.78, -0.60)
603.12: (0.60, 0.38, -0.70)
603.23: (0.91, -0.05, -0.41)
603.35: (0.94, -0.34, 0.00)
603.47: (0.94, -0.33, 0.00)
603.57: (0.95, -0.30, -0.04)
603.68: (0.95, -0.31, -0.01)
603.70: (0.95, -0.31, -0.01)
603.70: (-0.97, -0.22, 0.05): 2
603.80: (0.95, -0.31, -0.01)
603.92: (0.98, -0.08, -0.16)
604.03: (0.96, 0.06, -0.28)
604.13: (0.96, -0.25, 0.12)
604.25: (0.99, -0.09, 0.07)
604.37: (0.92, 0.34, -0.20)
604.47: (0.93, 0.27, -0.23)
604.58: (0.93, 0.27, -0.24)
604.70: (0.76, 0.50, -0.41)
604.82: (0.48, 0.78, -0.41)
604.92: (0.36, 0.90, -0.26)
605.03: (-0.18, 0.97, -0.14)
605.15: (-0.65, 0.76, -0.01)
605.27: (-0.45, 0.89, 0.02)
605.37: (-0.48, 0.87, 0.09)
605.47: (-0.82, 0.53, 0.21)
605.58: (-0.95, 0.32, 0.07)
605.70: (-0.85, -0.24, -0.47)
605.80: (-0.65, -0.63, -0.43)
605.92: (-0.78, -0.63, -0.09)
606.03: (-0.97, -0.24, -0.01)
606.13: (-0.97, -0.23, 0.01)
606.25: (-0.96, -0.29, 0.05)
606.28: (-0.96, -0.29, 0.05)
606.28: (-0.37, 0.19, -0.91): 2
606.37: (-0.96, -0.28, 0.05)
606.48: (-0.95, -0.30, 0.07)
606.58: (-0.99, -0.15, 0.03)
606.70: (-0.87, -0.49, 0.04)
606.80: (-0.86, -0.52, 0.03)
606.92: (-0.86, -0.52, 0.03)
607.03: (-0.86, -0.52, 0.02)
607.15: (-0.69, -0.71, 0.12)
607.27: (-0.41, -0.90, 0.18)
607.38: (0.00, -0.92, 0.39)
607.50: (0.23, -0.52, 0.83)
607.62: (-0.29, -0.44, 0.85)
607.72: (-0.99, -0.04, 0.14)
607.82: (-0.78, 0.35, -0.52)
607.92: (-0.78, 0.35, -0.52)
608.03: (-0.78, 0.33, -0.53)
608.15: (-0.48, 0.29, -0.83)
608.27: (-0.36, 0.27, -0.89)
608.38: (-0.44, 0.30, -0.85)
608.50: (-0.41, 0.20, -0.89)
608.52: (-0.41, 0.20, -0.89)
608.52: (-0.96, -0.17, 0.21): 0
608.62: (-0.41, 0.20, -0.89)
608.73: (-0.59, 0.19, -0.78)
608.85: (-0.95, -0.33, -0.03)
608.97: (-0.67, -0.60, 0.43)
609.07: (-0.68, -0.60, 0.42)
609.18: (-0.75, -0.54, 0.38)
609.30: (-0.95, -0.22, 0.23)
609.42: (-0.96, -0.18, 0.23)
609.50: (-0.96, -0.18, 0.23)
609.50: (-0.90, -0.29, -0.33): 0
609.52: (-0.96, -0.18, 0.23)
609.63: (-0.93, -0.20, 0.31)
609.73: (-0.62, -0.29, 0.73)
609.83: (-0.70, -0.34, 0.63)
609.95: (-0.91, -0.27, -0.31)
610.05: (-0.86, -0.30, -0.41)
610.17: (-0.90, -0.28, -0.33)
610.17: (0.99, -0.06, 0.09): 2
610.17: (-0.90, -0.28, -0.33)
610.27: (-0.90, -0.28, -0.33)
610.38: (-0.87, -0.12, -0.47)
610.50: (-0.80, -0.07, -0.60)
610.62: (-0.61, 0.02, -0.79)
610.72: (-0.93, -0.22, -0.29)
610.82: (-0.91, -0.30, 0.27)
610.93: (-0.17, -0.32, 0.93)
611.05: (0.66, -0.21, 0.72)
611.15: (0.87, 0.02, 0.49)
611.27: (0.58, 0.26, 0.77)
611.38: (0.71, 0.10, 0.70)
611.48: (0.90, -0.02, 0.43)
611.60: (0.98, 0.00, 0.22)
611.72: (1.00, -0.02, 0.07)
611.80: (1.00, -0.02, 0.00)
611.80: (0.94, 0.08, -0.33): 0
611.83: (1.00, -0.02, 0.00)
611.93: (1.00, 0.04, 0.01)
612.05: (0.97, 0.09, 0.23)
612.17: (0.84, 0.08, 0.54)
612.27: (0.89, 0.03, 0.45)
612.38: (0.99, 0.09, -0.12)
612.50: (0.90, 0.08, -0.42)
612.62: (0.85, 0.08, -0.52)
612.72: (0.93, 0.11, -0.35)
612.80: (0.93, 0.12, -0.34)
612.80: (-0.37, 0.35, -0.86): 1
612.83: (0.93, 0.11, -0.35)
612.93: (0.93, 0.10, -0.36)
613.05: (0.95, 0.15, -0.27)
613.17: (0.98, -0.04, 0.22)
613.28: (0.67, -0.36, 0.65)
613.40: (0.89, 0.25, -0.39)
613.52: (0.61, 0.48, -0.63)
613.63: (0.61, 0.48, -0.63)
613.73: (0.64, 0.41, -0.64)
613.85: (0.31, 0.11, -0.95)
613.97: (-0.24, -0.37, -0.90)
614.08: (-0.44, -0.62, -0.65)
614.18: (-0.70, -0.29, -0.66)
614.30: (-0.49, 0.27, -0.83)
614.41: (-0.32, 0.40, -0.86)
614.53: (-0.30, 0.41, -0.86)
614.61: (-0.38, 0.40, -0.84)
614.61: (0.29, -0.78, -0.55): 2
614.63: (-0.38, 0.40, -0.84)
614.73: (-0.38, 0.39, -0.84)
614.85: (-0.20, 0.40, -0.90)
614.95: (0.04, 0.29, -0.96)
615.06: (0.67, -0.43, -0.61)
615.16: (0.76, -0.61, -0.22)
615.26: (0.76, -0.61, -0.22)
615.38: (0.57, -0.78, -0.28)
615.50: (0.13, -0.89, -0.44)
615.61: (0.03, -0.88, -0.48)
615.73: (0.23, -0.76, -0.61)
615.83: (0.25, -0.74, -0.62)
615.83: (0.41, 0.40, 0.82): 0
615.85: (0.25, -0.74, -0.62)
615.95: (0.25, -0.75, -0.61)
616.06: (0.30, -0.94, -0.15)
616.16: (0.23, -0.95, 0.22)
616.28: (-0.17, -0.54, 0.83)
616.40: (-0.41, 0.15, 0.90)
616.51: (-0.44, 0.05, 0.90)
616.61: (-0.40, 0.55, 0.74)
616.73: (-0.25, 0.95, 0.20)
616.85: (-0.10, 0.97, -0.20)
616.96: (-0.02, 0.80, -0.60)
617.08: (0.34, 0.30, -0.89)
617.18: (0.47, -0.03, -0.88)
617.30: (0.59, -0.25, -0.77)
617.40: (0.81, 0.04, -0.58)
617.51: (0.95, 0.30, -0.04)
617.63: (0.94, 0.17, 0.30)
617.75: (0.76, 0.06, 0.64)
617.86: (0.35, 0.42, 0.84)
617.98: (-0.05, 0.53, 0.85)
618.10: (0.19, 0.48, 0.86)
618.20: (0.35, 0.47, 0.81)
618.26: (0.35, 0.47, 0.81)
618.26: (-0.98, -0.01, 0.19): 1
618.31: (0.35, 0.47, 0.81)
618.43: (0.31, 0.48, 0.82)
618.55: (0.23, 0.81, 0.54)
618.65: (0.08, 0.99, -0.09)
618.76: (-0.06, 0.75, -0.66)
618.86: (-0.34, 0.25, -0.91)
618.96: (-0.50, -0.09, -0.86)
619.08: (-0.52, -0.73, -0.45)
619.20: (-0.51, -0.86, -0.02)
619.31: (-0.59, -0.80, 0.06)
619.43: (-0.67, -0.74, 0.10)
619.53: (-0.91, -0.23, -0.35)
619.65: (-0.90, 0.28, -0.32)
619.76: (-0.89, 0.41, -0.22)
619.86: (-0.99, 0.13, 0.06)
619.98: (-0.98, 0.03, 0.21)
620.03: (-0.97, 0.03, 0.22)
620.03: (0.48, -0.84, -0.26): 1
620.10: (-0.97, 0.03, 0.22)
620.20: (-0.99, 0.04, 0.16)
620.31: (-1.00, -0.02, -0.07)
620.41: (-1.00, -0.02, -0.07)
620.53: (-0.99, -0.06, -0.11)
620.65: (-0.84, -0.53, 0.10)
620.76: (-0.37, -0.83, 0.43)
620.86: (-0.01, -0.90, 0.44)
620.98: (0.06, -0.97, 0.22)
621.10: (0.27, -0.96, 0.01)
621.20: (0.35, -0.89, -0.28)
621.31: (0.38, -0.84, -0.38)
621.43: (0.43, -0.86, -0.27)
621.50: (0.45, -0.86, -0.25)
621.50: (0.33, 0.16, -0.93): 2
621.55: (0.45, -0.85, -0.25)
621.66: (0.45, -0.86, -0.23)
621.78: (0.41, -0.89, -0.19)
621.90: (0.37, -0.91, -0.20)
622.00: (0.31, -0.84, -0.44)
622.11: (0.15, -0.54, -0.83)
622.23: (-0.36, -0.26, -0.90)
622.33: (-0.76, -0.03, -0.64)
622.45: (-0.39, 0.09, -0.92)
622.56: (0.30, 0.01, -0.95)
622.68: (0.36, 0.00, -0.93)
622.78: (0.23, 0.13, -0.96)
622.85: (0.19, 0.19, -0.96)
622.85: (0.56, -0.82, 0.12): 2
622.88: (0.19, 0.20, -0.96)
623.00: (0.18, 0.13, -0.98)
623.11: (0.18, 0.13, -0.98)
623.23: (0.22, 0.10, -0.97)
623.35: (-0.27, 0.47, -0.84)
623.46: (-0.88, 0.45, -0.12)
623.58: (-0.89, 0.45, -0.08)
623.70: (-0.90, 0.43, -0.05)
623.81: (-0.74, -0.19, 0.65)
623.93: (-0.43, -0.49, 0.76)
624.05: (-0.56, -0.37, 0.74)
624.16: (-0.17, -0.73, 0.67)
624.28: (0.39, -0.87, 0.30)
624.40: (0.73, -0.68, -0.02)
624.51: (0.72, -0.69, -0.06)
624.61: (0.63, -0.78, 0.00)
624.70: (0.60, -0.80, 0.06)
624.70: (0.69, -0.72, 0.08): 0
624.73: (0.60, -0.80, 0.06)
624.85: (0.59, -0.80, 0.06)
624.96: (0.18, -0.97, 0.19)
625.08: (0.07, -0.99, 0.12)
625.20: (0.59, -0.80, 0.12)
625.30: (0.57, -0.77, 0.29)
625.41: (0.57, -0.77, 0.28)
625.53: (0.67, -0.74, 0.04)
625.61: (0.69, -0.72, 0.01)
625.61: (-0.64, -0.57, -0.51): 0
625.65: (0.69, -0.72, 0.01)
625.75: (0.67, -0.74, 0.00)
625.86: (0.49, -0.87, 0.00)
625.96: (0.29, -0.95, 0.11)
626.08: (0.29, -0.95, 0.11)
626.18: (0.40, -0.90, 0.15)
626.30: (0.80, -0.59, 0.04)
626.41: (0.95, -0.32, -0.03)
626.51: (0.99, -0.12, 0.01)
626.63: (0.99, 0.05, 0.10)
626.73: (0.95, 0.32, 0.04)
626.85: (0.93, 0.11, 0.36)
626.96: (0.93, 0.04, 0.36)
627.06: (0.92, 0.07, 0.38)
627.18: (0.74, 0.67, 0.03)
627.30: (0.42, 0.81, -0.41)
627.41: (0.13, 0.61, -0.78)
627.53: (-0.02, 0.08, -1.00)
627.63: (-0.19, -0.32, -0.93)
627.75: (-0.08, -0.25, -0.96)
627.86: (-0.11, -0.26, -0.96)
627.96: (-0.63, -0.46, -0.63)
628.08: (-0.70, -0.47, -0.53)
628.20: (-0.60, -0.48, -0.64)
628.31: (-0.63, -0.52, -0.57)
628.38: (-0.66, -0.56, -0.50)
628.38: (-1.00, 0.02, 0.00): 2
628.41: (-0.66, -0.56, -0.50)
628.53: (-0.56, -0.60, -0.57)
628.65: (-0.20, -0.47, -0.86)
628.75: (-0.55, -0.63, -0.55)
628.86: (-0.74, -0.64, -0.18)
628.98: (-0.74, -0.65, -0.19)
629.10: (-0.79, -0.60, 0.13)
629.21: (-0.25, -0.13, 0.96)
629.33: (-0.19, -0.15, 0.97)
629.43: (-0.19, -0.15, 0.97)
629.53: (-0.18, -0.13, 0.98)
629.65: (0.18, 0.40, 0.90)
629.76: (-0.11, 0.09, 0.99)
629.88: (-0.70, -0.56, 0.45)
629.99: (-0.64, -0.11, 0.76)
630.10: (-0.22, 0.54, 0.82)
630.21: (0.42, 0.76, 0.50)
630.33: (-0.03, 0.80, 0.60)
630.43: (-0.82, 0.32, 0.47)
630.54: (-0.87, 0.27, 0.42)
630.65: (-0.90, 0.30, 0.31)
630.76: (-0.95, 0.27, 0.16)
630.86: (-0.99, 0.15, 0.05)
630.86: (0.03, 0.44, -0.90): 2
630.88: (-0.99, 0.15, 0.05)
630.99: (-0.99, 0.15, 0.05)
631.09: (-0.99, 0.15, 0.08)
631.19: (-0.98, 0.14, 0.13)
631.30: (-0.98, 0.14, 0.13)
631.40: (-0.98, 0.14, 0.13)
631.51: (-0.95, 0.30, 0.02)
631.61: (-0.39, 0.88, 0.28)
631.73: (-0.30, 0.89, 0.34)
631.84: (-0.30, 0.89, 0.34)
631.94: (0.04, 0.96, 0.29)
632.06: (0.71, 0.62, 0.34)
632.18: (0.63, 0.64, 0.45)
632.28: (0.63, 0.63, 0.45)
632.39: (0.67, 0.64, 0.38)
632.51: (0.30, 0.95, 0.08)
632.63: (-0.07, 0.98, -0.20)
632.74: (-0.39, 0.84, -0.38)
632.86: (-0.69, 0.46, -0.56)
632.96: (-0.66, 0.35, -0.66)
633.08: (-0.54, 0.36, -0.76)
633.19: (0.51, 0.78, -0.36)
633.29: (0.83, 0.54, -0.13)
633.41: (0.28, 0.65, -0.70)
633.53: (0.02, 0.62, -0.78)
633.64: (-0.05, 0.58, -0.81)
633.76: (0.08, 0.49, -0.87)
633.76: (-0.71, -0.19, 0.68): 1
633.76: (0.08, 0.49, -0.87)
633.88: (0.08, 0.49, -0.87)
633.99: (0.05, 0.54, -0.84)
634.09: (0.05, 0.54, -0.84)
634.21: (0.10, 0.51, -0.85)
634.33: (0.81, 0.19, -0.55)
634.44: (0.97, 0.15, -0.18)
634.54: (0.97, 0.15, -0.18)
634.66: (0.99, 0.05, -0.10)
634.78: (0.77, -0.31, 0.56)
634.88: (0.85, -0.19, 0.49)
634.99: (0.92, -0.15, 0.35)
635.11: (0.37, -0.23, 0.90)
635.23: (-0.35, -0.05, 0.94)
635.33: (-0.49, 0.11, 0.87)
635.44: (-0.61, 0.17, 0.77)
635.56: (-0.62, -0.06, 0.78)
635.68: (-0.69, -0.13, 0.71)
635.73: (-0.69, -0.14, 0.71)
635.73: (-0.92, 0.39, -0.06): 1
635.78: (-0.69, -0.14, 0.71)
635.89: (-0.64, -0.10, 0.76)
635.99: (-0.57, -0.07, 0.82)
636.11: (-0.57, -0.07, 0.82)
636.23: (-0.55, -0.17, 0.82)
636.34: (-0.98, 0.05, -0.17)
636.44: (-0.68, 0.27, -0.68)
636.54: (-0.72, 0.27, -0.64)
636.66: (-0.74, 0.26, -0.62)
636.78: (-0.87, 0.45, -0.22)
636.89: (-0.89, 0.44, -0.10)
637.01: (-0.92, 0.39, -0.05)
637.06: (-0.92, 0.39, -0.05)
637.06: (0.85, 0.13, 0.51): 0
637.13: (-0.92, 0.39, -0.05)
637.24: (-0.90, 0.43, -0.10)
637.36: (-0.82, 0.50, -0.28)
637.46: (-0.71, 0.54, -0.45)
637.56: (-0.62, 0.56, -0.55)
637.68: (0.04, 0.43, -0.90)
637.79: (0.22, 0.44, -0.87)
637.91: (0.20, 0.44, -0.87)
638.03: (0.33, 0.39, -0.86)
638.13: (0.73, 0.29, -0.62)
638.24: (0.99, -0.04, -0.13)
638.36: (0.99, -0.03, -0.11)
638.46: (0.99, -0.03, -0.11)
638.58: (1.00, -0.05, 0.05)
638.69: (0.87, 0.08, 0.48)
638.79: (0.85, 0.12, 0.50)
638.88: (0.86, 0.12, 0.50)
638.88: (-0.94, -0.28, 0.20): 1
638.91: (0.86, 0.12, 0.50)
639.03: (0.87, 0.13, 0.48)
639.13: (0.87, 0.13, 0.48)
639.24: (0.49, -0.22, 0.84)
639.36: (0.53, -0.21, 0.83)
639.46: (0.53, -0.21, 0.83)
639.58: (0.11, -0.45, 0.88)
639.69: (-0.70, -0.41, 0.59)
639.81: (-0.78, -0.37, 0.50)
639.93: (-0.86, -0.33, 0.38)
640.04: (-0.96, -0.23, 0.18)
640.13: (-0.96, -0.22, 0.15)
640.13: (0.96, 0.24, -0.14): 2
640.16: (-0.96, -0.22, 0.15)
640.26: (-0.96, -0.22, 0.15)
640.38: (-0.92, -0.25, 0.31)
640.49: (-0.92, -0.25, 0.31)
640.61: (-0.94, -0.26, 0.24)
640.73: (-0.96, -0.15, -0.22)
640.84: (-0.89, -0.02, -0.46)
640.96: (-0.97, 0.21, -0.09)
641.08: (-0.85, 0.42, -0.31)
641.19: (-0.79, 0.47, -0.39)
641.31: (-0.79, 0.46, -0.40)
641.43: (-0.79, 0.45, -0.40)
641.53: (-0.80, 0.59, -0.09)
641.64: (-0.83, 0.56, 0.02)
641.76: (-0.81, 0.59, 0.04)
641.88: (-0.81, 0.59, 0.00)
641.98: (-0.74, 0.66, -0.16)
642.09: (-0.33, 0.84, -0.44)
642.21: (-0.37, 0.83, -0.41)
642.31: (-0.38, 0.83, -0.41)
642.43: (-0.01, 0.87, -0.50)
642.54: (0.22, 0.94, -0.26)
642.66: (0.18, 0.95, -0.26)
642.78: (0.28, 0.90, -0.34)
642.89: (0.91, 0.14, -0.39)
643.01: (0.58, -0.59, -0.56)
643.11: (0.34, -0.75, -0.58)
643.23: (0.79, -0.33, -0.51)
643.34: (0.96, -0.08, -0.27)
643.46: (0.97, -0.04, -0.25)
643.58: (0.98, 0.10, -0.19)
643.69: (0.96, 0.22, -0.15)
643.69: (1.00, -0.02, 0.00): 1
643.69: (0.96, 0.22, -0.15)
643.79: (0.96, 0.22, -0.15)
643.91: (0.96, 0.27, -0.10)
644.01: (0.89, 0.45, -0.03)
644.13: (1.00, -0.02, 0.07)
644.23: (1.00, -0.03, 0.09)
644.34: (0.99, -0.15, 0.04)
644.46: (0.98, -0.18, 0.04)
644.51: (0.98, -0.18, 0.04)
644.51: (-0.28, 0.41, 0.87): 0
644.56: (0.98, -0.18, 0.04)
644.68: (0.98, -0.17, 0.06)
644.79: (0.99, -0.14, 0.07)
644.91: (0.99, -0.14, 0.05)
645.03: (0.96, -0.27, 0.12)
645.13: (0.66, -0.67, 0.34)
645.24: (0.65, -0.68, 0.34)
645.34: (0.65, -0.69, 0.34)
645.46: (0.63, -0.70, 0.34)
645.56: (0.62, -0.71, 0.34)
645.66: (0.62, -0.71, 0.34)
645.78: (0.61, -0.71, 0.34)
645.89: (0.61, -0.71, 0.34)
646.01: (0.19, -0.80, 0.57)
646.11: (0.13, -0.82, 0.56)
646.23: (0.14, -0.82, 0.56)
646.33: (0.06, -0.82, 0.57)
646.43: (-0.36, -0.74, 0.57)
646.54: (-0.32, -0.74, 0.60)
646.66: (-0.32, -0.75, 0.58)
646.78: (-0.67, -0.56, 0.50)
646.89: (-0.77, -0.61, 0.19)
647.01: (-0.82, -0.49, -0.29)
647.11: (-0.96, -0.24, -0.14)
647.21: (-0.96, 0.10, 0.24)
647.33: (-0.60, 0.36, 0.72)
647.43: (-0.24, 0.43, 0.87)
647.54: (-0.15, 0.48, 0.86)
647.66: (-0.13, 0.54, 0.83)
647.76: (-0.19, 0.52, 0.83)
647.76: (-0.94, -0.27, -0.21): 1
647.78: (-0.19, 0.52, 0.83)
647.89: (-0.20, 0.51, 0.83)
648.01: (-0.17, 0.56, 0.81)
648.11: (-0.24, 0.67, 0.70)
648.23: (-0.26, 0.63, 0.73)
648.33: (-0.30, 0.64, 0.71)
648.44: (-0.40, 0.90, -0.16)
648.56: (-0.35, 0.69, -0.63)
648.67: (-0.37, 0.54, -0.76)
648.79: (-0.31, 0.21, -0.93)
648.91: (-0.30, -0.10, -0.95)
649.02: (-0.32, -0.41, -0.85)
649.12: (-0.24, -0.76, -0.61)
649.22: (-0.17, -0.87, -0.46)
649.34: (-0.19, -0.86, -0.47)
649.46: (-0.20, -0.87, -0.45)
649.57: (0.32, -0.94, 0.06)
649.69: (0.49, -0.79, 0.38)
649.79: (0.00, -1.00, 0.03)
649.89: (-0.73, -0.56, -0.39)
650.01: (-0.87, 0.43, -0.25)
650.11: (-0.73, 0.67, 0.08)
650.22: (-0.97, 0.16, 0.17)
650.34: (-0.97, -0.22, -0.08)
650.46: (-0.95, -0.28, -0.17)
650.56: (-0.92, -0.35, -0.18)
650.59: (-0.92, -0.35, -0.17)
650.59: (-0.69, -0.15, -0.70): 1
650.67: (-0.92, -0.36, -0.17)
650.77: (-0.89, -0.43, -0.17)
650.87: (-0.71, -0.68, -0.19)
650.99: (-0.77, -0.59, -0.25)
651.09: (-0.77, -0.30, -0.57)
651.21: (-0.69, -0.10, -0.71)
651.32: (-0.69, -0.09, -0.72)
651.34: (-0.69, -0.09, -0.72)
651.34: (0.81, -0.33, -0.49): 2
651.42: (-0.69, -0.09, -0.72)
651.54: (-0.59, -0.06, -0.81)
651.64: (-0.40, -0.13, -0.91)
651.76: (-0.07, -0.69, -0.72)
651.87: (0.20, -0.82, -0.53)
651.99: (0.13, -0.21, -0.97)
652.11: (0.30, -0.12, -0.95)
652.22: (0.74, -0.62, -0.26)
652.34: (0.84, -0.55, 0.04)
652.46: (0.93, -0.37, -0.06)
652.57: (0.90, -0.36, -0.23)
652.69: (0.81, -0.37, -0.46)
652.71: (0.81, -0.37, -0.46)
652.71: (0.79, 0.02, -0.62): 0
652.79: (0.81, -0.37, -0.47)
652.91: (0.77, -0.38, -0.51)
653.01: (0.63, -0.46, -0.63)
653.11: (0.54, -0.40, -0.74)
653.22: (0.65, -0.08, -0.75)
653.34: (0.69, 0.06, -0.73)
653.46: (0.71, 0.03, -0.70)
653.51: (0.75, -0.02, -0.66)
653.51: (-1.00, -0.03, -0.01): 2
653.57: (0.75, -0.02, -0.66)
653.67: (0.75, 0.00, -0.66)
653.79: (0.68, 0.18, -0.71)
653.91: (0.37, 0.53, -0.77)
654.01: (0.11, 0.74, -0.66)
654.12: (0.02, 0.94, -0.35)
654.22: (0.02, 0.94, -0.35)
654.34: (0.02, 0.93, -0.36)
654.44: (-0.02, 0.93, -0.36)
654.56: (-0.67, 0.74, -0.01)
654.67: (-0.93, 0.05, 0.36)
654.79: (-0.95, -0.08, 0.31)
654.89: (-1.00, 0.09, 0.03)
654.99: (-0.98, 0.10, -0.16)
655.11: (-0.98, 0.10, -0.18)
655.22: (-0.99, 0.03, -0.10)
655.32: (-1.00, -0.04, -0.03)
655.32: (0.12, 0.10, -0.99): 1
655.34: (-1.00, -0.04, -0.03)
655.44: (-1.00, -0.05, -0.03)
655.56: (-0.96, -0.28, 0.07)
655.67: (-0.49, -0.83, 0.26)
655.79: (-0.08, -0.94, 0.32)
655.89: (-0.08, -0.94, 0.32)
656.01: (-0.23, -0.92, 0.32)
656.12: (0.18, -0.96, 0.23)
656.24: (0.85, -0.46, 0.24)
656.34: (0.94, -0.19, 0.29)
656.46: (0.94, -0.14, 0.31)
656.57: (0.97, 0.11, 0.22)
656.69: (0.85, 0.49, 0.18)
656.79: (0.85, 0.49, 0.18)
656.91: (0.91, 0.35, 0.24)
657.02: (0.88, 0.47, -0.03)
657.14: (0.51, 0.70, -0.50)
657.26: (0.60, 0.46, -0.65)
657.37: (0.63, -0.04, -0.77)
657.49: (0.36, -0.34, -0.87)
657.61: (0.12, -0.13, -0.99)
657.71: (0.09, 0.06, -0.99)
657.81: (0.09, 0.17, -0.98)
657.81: (0.98, -0.06, -0.20): 1
657.82: (0.09, 0.17, -0.98)
657.94: (0.09, 0.16, -0.98)
658.04: (0.40, 0.00, -0.92)
658.16: (0.72, -0.13, -0.68)
658.27: (0.86, -0.22, -0.47)
658.37: (0.82, -0.43, 0.37)
658.49: (0.81, -0.29, 0.51)
658.61: (0.99, -0.11, 0.11)
658.71: (0.99, -0.10, -0.07)
658.82: (0.98, -0.11, -0.17)
658.84: (0.98, -0.11, -0.17)
658.84: (-0.22, 0.47, 0.85): 2
658.94: (0.98, -0.11, -0.17)
659.06: (0.99, 0.00, -0.15)
659.17: (0.97, 0.21, -0.15)
659.29: (0.77, 0.54, -0.34)
659.39: (0.56, 0.71, -0.42)
659.51: (0.18, 0.69, -0.70)
659.62: (-0.02, 0.56, -0.83)
659.74: (0.55, 0.79, -0.27)
659.84: (0.59, 0.80, 0.11)
659.94: (0.56, 0.79, 0.23)
660.06: (0.60, 0.55, 0.58)
660.17: (0.49, 0.52, 0.70)
660.29: (0.13, 0.73, 0.67)
660.41: (-0.17, 0.60, 0.78)
660.52: (-0.29, 0.52, 0.80)
660.61: (-0.32, 0.45, 0.83)
660.61: (0.31, -0.82, -0.49): 2
660.64: (-0.32, 0.45, 0.83)
660.76: (-0.30, 0.53, 0.79)
660.86: (-0.21, 0.65, 0.73)
660.97: (0.13, 0.99, 0.10)
661.07: (0.23, 0.97, 0.02)
661.19: (0.23, 0.97, 0.03)
661.31: (0.36, 0.91, -0.18)
661.42: (-0.04, 0.33, -0.94)
661.54: (-0.42, -0.42, -0.80)
661.66: (-0.50, -0.57, -0.66)
661.77: (-0.50, -0.73, -0.47)
661.89: (-0.18, -0.78, -0.60)
662.01: (0.11, -0.86, -0.51)
662.12: (0.11, -0.86, -0.51)
662.24: (0.17, -0.83, -0.53)
662.36: (0.32, -0.80, -0.50)
662.41: (0.33, -0.81, -0.49)
662.41: (-0.02, -0.91, -0.42): 2
662.46: (0.33, -0.81, -0.49)
662.56: (0.29, -0.82, -0.49)
662.67: (0.02, -0.71, -0.70)
662.77: (-0.20, -0.61, -0.76)
662.89: (-0.15, -0.86, -0.50)
662.99: (-0.03, -0.89, -0.45)
663.11: (-0.02, -0.91, -0.42)
663.19: (-0.05, -0.93, -0.35)
663.19: (-0.86, 0.37, -0.36): 0
663.22: (-0.05, -0.93, -0.35)
663.34: (-0.08, -0.95, -0.29)
663.46: (-0.14, -0.96, -0.25)
663.56: (-0.15, -0.97, -0.18)
663.67: (-0.50, -0.80, -0.33)
663.79: (-0.62, -0.25, -0.74)
663.89: (-0.76, -0.21, -0.61)
664.01: (-0.81, 0.13, -0.58)
664.12: (-0.93, 0.18, -0.32)
664.24: (-0.90, 0.34, -0.27)
664.35: (-0.91, 0.33, -0.27)
664.45: (-0.89, 0.32, -0.31)
664.45: (0.34, -0.93, -0.15): 0
664.47: (-0.89, 0.32, -0.31)
664.57: (-0.90, 0.31, -0.32)
664.69: (-0.94, 0.15, -0.31)
664.79: (-0.89, -0.36, -0.28)
664.90: (-0.31, -0.94, 0.13)
665.02: (0.31, -0.78, 0.55)
665.12: (0.39, -0.71, 0.59)
665.24: (0.34, -0.76, 0.55)
665.35: (0.27, -0.96, 0.03)
665.45: (0.19, -0.95, -0.24)
665.57: (0.25, -0.94, -0.24)
665.69: (0.36, -0.93, -0.11)
665.75: (0.35, -0.93, -0.10)
665.75: (-1.00, -0.03, 0.00): 2
665.79: (0.35, -0.93, -0.10)
665.89: (0.35, -0.93, -0.11)
666.00: (0.33, -0.93, -0.18)
666.12: (0.26, -0.85, -0.46)
666.24: (0.04, -0.77, -0.64)
666.35: (-0.51, -0.53, -0.68)
666.47: (-0.60, -0.39, -0.70)
666.57: (-0.59, -0.37, -0.72)
666.69: (-0.88, -0.09, -0.46)
666.80: (-1.00, 0.04, -0.09)
666.92: (-1.00, 0.02, -0.09)
667.02: (-1.00, -0.06, -0.01)
667.07: (-1.00, -0.06, -0.01)
667.07: (0.81, -0.58, 0.06): 2
667.14: (-1.00, -0.06, -0.01)
667.25: (-0.98, -0.19, -0.11)
667.35: (-0.70, -0.51, -0.51)
667.47: (-0.78, -0.45, -0.45)
667.59: (-0.98, -0.10, -0.14)
667.69: (-0.98, -0.10, -0.14)
667.80: (-0.98, -0.08, -0.19)
667.92: (-0.95, -0.09, -0.29)
668.04: (-0.67, -0.56, -0.49)
668.14: (-0.34, -0.91, -0.23)
668.25: (-0.03, -1.00, 0.00)
668.37: (0.25, -0.97, 0.00)
668.49: (0.45, -0.89, -0.02)
668.60: (0.82, -0.57, -0.01)
668.70: (0.91, -0.41, -0.01)
668.82: (0.89, -0.46, 0.01)
668.92: (0.79, -0.61, 0.02)
668.94: (0.79, -0.61, 0.02)
668.94: (-0.91, -0.41, -0.04): 1
669.04: (0.79, -0.61, 0.02)
669.15: (0.79, -0.61, 0.02)
669.25: (0.79, -0.61, 0.02)
669.37: (0.79, -0.61, 0.02)
669.49: (0.79, -0.62, 0.01)
669.60: (0.61, -0.75, 0.25)
669.70: (0.20, -0.82, 0.54)
669.82: (-0.02, -0.76, 0.65)
669.94: (-0.24, -0.66, 0.71)
670.05: (-0.07, -0.64, 0.76)
670.15: (0.11, -0.41, 0.91)
670.27: (-0.22, -0.13, 0.97)
670.39: (-0.65, 0.13, 0.75)
670.50: (-0.91, 0.30, 0.30)
670.60: (-0.93, 0.37, -0.01)
670.72: (-0.81, 0.40, -0.43)
670.84: (-0.41, 0.05, -0.91)
670.95: (-0.11, -0.18, -0.98)
671.07: (0.04, -0.52, -0.85)
671.17: (-0.46, -0.70, -0.55)
671.29: (-0.92, -0.35, -0.17)
671.40: (-1.00, -0.07, 0.02)
671.52: (-0.91, -0.40, -0.09)
671.64: (-0.90, -0.43, -0.10)
671.75: (-0.94, -0.35, 0.00)
671.79: (-0.94, -0.35, 0.00)
671.79: (0.73, 0.57, 0.38): 1
671.85: (-0.94, -0.35, 0.00)
671.97: (-0.97, -0.26, 0.00)
672.09: (-0.87, 0.48, 0.10)
672.20: (0.12, 0.96, 0.24)
672.32: (0.83, 0.53, 0.16)
672.44: (1.00, 0.02, 0.06)
672.55: (0.98, -0.11, 0.18)
672.67: (0.92, 0.10, 0.38)
672.77: (0.87, 0.25, 0.42)
672.87: (0.86, 0.32, 0.40)
672.99: (0.70, 0.58, 0.41)
673.10: (0.69, 0.59, 0.42)
673.10: (-0.54, -0.83, 0.12): 0
673.10: (0.69, 0.59, 0.42)
673.22: (0.69, 0.59, 0.43)
673.34: (0.88, 0.41, 0.23)
673.45: (0.64, 0.75, 0.17)
673.55: (0.15, 0.93, 0.32)
673.65: (0.49, 0.71, 0.51)
673.77: (0.96, -0.17, 0.21)
673.89: (0.87, -0.33, 0.38)
674.00: (0.62, -0.43, 0.66)
674.12: (0.31, -0.76, 0.57)
674.24: (0.13, -0.89, 0.44)
674.35: (-0.04, -0.92, 0.40)
674.47: (-0.18, -0.79, 0.59)
674.59: (-0.45, -0.81, 0.38)
674.70: (-0.53, -0.83, 0.17)
674.80: (-0.53, -0.83, 0.17)
674.80: (-0.87, -0.29, -0.41): 0
674.80: (-0.53, -0.83, 0.17)
674.92: (-0.53, -0.83, 0.17)
675.04: (-0.32, -0.87, 0.38)
675.15: (-0.22, -0.86, 0.45)
675.27: (-0.25, -0.87, 0.43)
675.39: (-0.72, -0.68, 0.13)
675.49: (-0.90, -0.40, -0.20)
675.60: (-0.87, -0.37, -0.33)
675.72: (-0.78, -0.32, -0.53)
675.79: (-0.79, -0.32, -0.53)
675.79: (-0.02, 0.54, 0.84): 0
675.84: (-0.79, -0.31, -0.52)
675.94: (-0.80, -0.34, -0.49)
676.04: (-0.82, -0.43, -0.38)
676.15: (-0.82, -0.43, -0.38)
676.27: (-0.82, -0.43, -0.38)
676.37: (-0.94, -0.23, -0.26)
676.49: (-0.92, -0.23, 0.32)
676.60: (-0.73, -0.19, 0.66)
676.72: (-0.61, -0.11, 0.79)
676.84: (-0.09, 0.13, 0.99)
676.95: (0.40, 0.33, 0.85)
677.05: (0.43, 0.31, 0.85)
677.15: (0.40, 0.34, 0.85)
677.27: (0.15, 0.46, 0.87)
677.39: (0.04, 0.53, 0.85)
677.49: (0.04, 0.53, 0.85)
677.49: (0.52, 0.66, -0.55): 0
677.50: (0.04, 0.53, 0.85)
677.60: (0.04, 0.53, 0.85)
677.72: (0.05, 0.42, 0.91)
677.82: (0.05, 0.42, 0.91)
677.94: (-0.01, 0.48, 0.88)
678.05: (0.53, 0.74, 0.40)
678.15: (0.67, 0.67, 0.33)
678.27: (0.66, 0.68, 0.33)
678.39: (0.77, 0.64, 0.04)
678.50: (0.84, 0.31, -0.45)
678.62: (0.67, 0.10, -0.73)
678.74: (0.49, 0.43, -0.76)
678.84: (0.45, 0.71, -0.55)
678.95: (0.47, 0.74, -0.48)
679.00: (0.47, 0.74, -0.48)
679.00: (0.93, 0.36, -0.04): 0
679.07: (0.47, 0.74, -0.48)
679.17: (0.51, 0.73, -0.46)
679.29: (0.54, 0.74, -0.39)
679.40: (0.30, 0.78, -0.55)
679.50: (0.16, 0.36, -0.92)
679.62: (0.05, 0.07, -1.00)
679.74: (0.53, 0.58, -0.62)
679.84: (0.83, 0.56, -0.04)
679.95: (0.88, 0.45, 0.15)
680.07: (0.93, 0.37, 0.03)
680.15: (0.94, 0.34, -0.07)
680.15: (-0.05, -0.71, -0.71): 1
680.19: (0.94, 0.34, -0.07)
680.30: (0.95, 0.32, -0.02)
680.42: (0.90, 0.28, 0.33)
680.54: (0.96, -0.04, 0.26)
680.65: (0.98, -0.22, 0.03)
680.77: (0.88, -0.48, 0.00)
680.88: (0.22, -0.87, -0.44)
680.99: (-0.30, -0.76, -0.57)
681.10: (-0.54, -0.62, -0.57)
681.22: (-0.36, -0.63, -0.69)
681.32: (-0.05, -0.67, -0.75)
681.42: (0.01, -0.67, -0.74)
681.43: (0.01, -0.67, -0.74)
END