4/1/2023 1:09:36 PM
Mode: Stereo
White time (s): [1.316498, 2.699249, 1.432762, 1.466461, 0.4333954, 1.116592, 2.416229, 1.166336, 3.366211, 0.9999237, 2.69957, 0.9663391, 2.666336, 1.349564, 0.4663544, 1.866531, 1.149872, 1.099838, 1.033005, 0.9997559, 1.266418, 1.099518, 1.816193, 1.666229, 0.5002136, 1.933441, 0.3829498, 1.332886, 0.5664215, 2.515961]
Shot time (s): [3.132416, 1.216476, 1.233261, 2.565979, 0.8164749, 1.283104, 1.799797, 2.132843, 0.6001129, 1.233337, 2.282547, 0.5166626, 2.099518, 0.6499329, 2.99939, 1.483139, 0.7997437, 1.832825, 1.399658, 1.482712, 1.466583, 0.7666016, 2.899185, 0.6162567, 3.666046, 1.316727, 1.882706, 0.5333099, 1.116501, 0.4832916]
Step time (s): [2.566154, 1.383293, 1.583084, 2.066284, 1.666313, 2.499908, 1.499451, 1.416122, 1.682632, 0.6162415, 3.132813, 2.666046, 1.599777, 1.649597, 1.233627, 2.516479, 0.5497894, 0.4667816, 1.84964, 2.099426, 1.416672, 0.7000275, 1.666061, 1.582962, 1.649582, 1.316208, 0.666748, 2.315887, 1.749878, 1.666428]
White horz (deg): [194.095, 238.92, 143.11, 193.655, 11.55, 111.815, 265.6499, 153.065, 512.0499, 136.895, 347.38, 97.73499, 289.5201, 111.045, 4.344999, 167.42, 159.72, 147.125, 81.45502, 125.345, 152.8999, 167.8599, 190.7949, 179.19, 9.624998, 301.0699, 9.514998, 86.29502, 67.42999, 378.8399]
Shot horz (deg): [161.3149, 101.695, 130.13, 287.045, 12.76, 138.8749, 264.11, 279.895, 30.36, 134.805, 172.04, 42.12999, 209.1099, 33.385, 362.6151, 140.36, 49.39, 238.645, 194.8649, 213.4, 155.9799, 88.16499, 675.1252, 34.265, 418.2201, 104.72, 178.035, 50.875, 110.275, 28.435]
Step horz (deg): [231.11, 168.795, 201.905, 214.225, 206.195, 200.7499, 158.07, 127.05, 241.7799, 39.54501, 458.865, 261.0299, 148.28, 193.49, 159.61, 421.6299, 25.52, 17.6, 232.485, 267.6849, 157.905, 18.26, 234.3, 181.94, 158.73, 117.15, 42.35, 321.695, 359.26, 310.0349]
White vert (deg): [79.85999, 241.4499, 91.02499, 50.49, 13.97, 82.5, 226.6549, 50.27001, 450.89, 20.9, 249.425, 36.905, 234.355, 59.83998, 22.99, 201.5199, 41.58, 33.99, 110.165, 27.225, 54.34, 35.42, 78.31998, 101.2, 37.235, 143.275, 14.74, 72.16002, 12.54, 215.435]
Shot vert (deg): [197.175, 36.08, 54.01001, 291.5, 32.065, 44.605, 77.71497, 181.72, 2.915, 74.19501, 200.035, 8.58, 230.065, 17.545, 307.1751, 42.57001, 4.455, 189.035, 75.35001, 164.23, 100.32, 9.624999, 191.0699, 5.775, 330.1099, 44.77, 184.9099, 26.455, 57.915, 20.46]
Step vert (deg): [300.7949, 67.045, 42.35001, 172.205, 119.185, 219.725, 58.41, 69.96001, 74.47, 26.29, 310.805, 207.24, 88.77, 70.565, 62.59, 160.6549, 6.764999, 3.85, 106.975, 139.4249, 70.28999, 36.465, 95.69999, 50.93, 20.955, 63.58, 25.41, 194.645, 81.01501, 57.42]

Time in sec: camera forward versor
Time in sec: target versor: sound type (0 = White, 1 = Shot, 2 = Step)
START
96.03: (-0.29, -0.70, -0.65): 1
96.03: (0.64, -0.10, 0.76)
96.13: (0.64, -0.10, 0.76)
96.23: (0.64, -0.10, 0.76)
96.35: (0.64, -0.10, 0.77)
96.47: (0.64, -0.10, 0.77)
96.58: (0.64, -0.10, 0.77)
96.68: (0.64, -0.10, 0.77)
96.80: (0.64, -0.10, 0.77)
96.92: (0.64, -0.10, 0.77)
97.02: (0.64, -0.10, 0.77)
97.13: (0.65, -0.12, 0.75)
97.25: (0.89, -0.24, 0.39)
97.37: (0.93, -0.33, -0.16)
97.48: (0.84, -0.33, -0.43)
97.60: (0.74, -0.32, -0.59)
97.70: (0.36, -0.20, -0.91)
97.80: (0.15, -0.11, -0.98)
97.92: (0.15, -0.11, -0.98)
98.03: (0.25, 0.09, -0.96)
98.13: (0.45, 0.50, -0.74)
98.25: (0.53, 0.71, -0.47)
98.35: (0.55, 0.72, -0.42)
98.47: (0.50, 0.26, -0.83)
98.58: (0.01, -0.52, -0.86)
98.70: (-0.20, -0.66, -0.73)
98.82: (-0.20, -0.66, -0.73)
98.93: (-0.21, -0.61, -0.77)
99.05: (-0.25, -0.69, -0.68)
99.17: (-0.30, -0.72, -0.62)
99.17: (0.02, 0.59, 0.81): 2
99.17: (-0.30, -0.72, -0.62)
99.27: (-0.30, -0.73, -0.62)
99.38: (-0.29, -0.73, -0.61)
99.50: (-0.26, -0.74, -0.62)
99.60: (-0.19, -0.73, -0.66)
99.72: (0.44, -0.47, -0.76)
99.83: (0.72, -0.23, -0.66)
99.95: (0.95, -0.19, -0.27)
100.07: (0.82, -0.25, 0.52)
100.17: (0.34, -0.31, 0.89)
100.28: (0.26, -0.32, 0.91)
100.40: (0.26, -0.32, 0.91)
100.50: (0.18, -0.38, 0.91)
100.62: (-0.38, -0.46, 0.80)
100.73: (-0.73, -0.50, 0.47)
100.85: (-0.79, -0.35, 0.51)
100.95: (-0.41, 0.24, 0.88)
101.07: (0.26, 0.65, 0.72)
101.18: (0.54, 0.74, 0.40)
101.30: (0.43, 0.75, 0.50)
101.42: (0.15, 0.67, 0.73)
101.53: (0.08, 0.65, 0.76)
101.65: (0.07, 0.64, 0.77)
101.73: (0.01, 0.59, 0.81)
101.73: (0.83, -0.31, 0.46): 2
101.77: (0.02, 0.59, 0.81)
101.88: (0.02, 0.58, 0.81)
102.00: (0.02, 0.58, 0.81)
102.10: (0.02, 0.58, 0.82)
102.20: (0.04, 0.58, 0.81)
102.32: (0.11, 0.47, 0.87)
102.43: (0.42, -0.50, 0.76)
102.55: (0.32, -0.94, 0.09)
102.67: (0.37, -0.93, -0.03)
102.78: (0.61, -0.66, 0.43)
102.88: (0.71, -0.50, 0.50)
103.00: (0.78, -0.38, 0.50)
103.12: (0.87, -0.26, 0.43)
103.12: (-0.87, 0.43, 0.26): 2
103.12: (0.87, -0.26, 0.43)
103.22: (0.87, -0.25, 0.42)
103.33: (0.85, -0.29, 0.45)
103.43: (0.85, -0.29, 0.45)
103.55: (0.85, -0.29, 0.45)
103.67: (0.85, -0.31, 0.43)
103.78: (0.82, -0.58, 0.00)
103.90: (0.82, -0.51, 0.25)
104.02: (0.06, 0.26, 0.96)
104.12: (-0.38, 0.44, 0.81)
104.22: (-0.38, 0.44, 0.81)
104.33: (-0.37, 0.44, 0.82)
104.43: (-0.54, 0.47, 0.70)
104.55: (-0.78, 0.46, 0.42)
104.67: (-0.83, 0.45, 0.32)
104.70: (-0.83, 0.45, 0.32)
104.70: (0.98, -0.19, 0.05): 2
104.78: (-0.83, 0.46, 0.31)
104.90: (-0.83, 0.46, 0.32)
105.02: (-0.84, 0.44, 0.31)
105.12: (-0.84, 0.44, 0.32)
105.23: (-0.84, 0.44, 0.32)
105.33: (-0.84, 0.44, 0.32)
105.45: (-0.55, 0.51, 0.66)
105.57: (0.21, 0.02, 0.98)
105.68: (0.40, -0.33, 0.85)
105.80: (0.36, -0.69, 0.63)
105.92: (0.30, -0.92, 0.24)
106.02: (0.44, -0.86, -0.24)
106.12: (0.64, -0.66, -0.39)
106.23: (0.97, -0.20, -0.13)
106.35: (0.96, 0.27, 0.07)
106.47: (0.98, 0.17, 0.04)
106.58: (0.99, -0.10, 0.02)
106.68: (0.98, -0.18, 0.06)
106.77: (0.96, -0.28, 0.03)
106.77: (-0.90, 0.14, -0.41): 2
106.80: (0.96, -0.28, 0.03)
106.92: (0.96, -0.28, 0.03)
107.02: (0.96, -0.27, 0.02)
107.13: (0.96, -0.27, 0.02)
107.25: (0.96, -0.26, 0.02)
107.37: (0.96, -0.27, 0.03)
107.48: (0.96, -0.27, 0.03)
107.58: (0.97, -0.12, 0.20)
107.68: (0.64, -0.20, 0.74)
107.80: (-0.43, -0.56, 0.71)
107.92: (-0.86, -0.51, -0.01)
108.03: (-0.78, -0.50, -0.37)
108.15: (-0.55, -0.40, -0.74)
108.25: (-0.70, -0.10, -0.71)
108.37: (-0.89, 0.00, -0.46)
108.43: (-0.91, 0.00, -0.42)
108.43: (-0.47, -0.62, 0.62): 1
108.47: (-0.91, 0.01, -0.42)
108.58: (-0.90, 0.01, -0.44)
108.68: (-0.89, 0.03, -0.45)
108.78: (-0.88, 0.08, -0.47)
108.90: (-0.87, 0.12, -0.49)
109.02: (-0.87, 0.12, -0.49)
109.12: (-0.94, -0.12, -0.33)
109.23: (-0.64, -0.76, 0.11)
109.35: (-0.36, -0.89, 0.27)
109.47: (-0.36, -0.85, 0.39)
109.58: (-0.45, -0.70, 0.55)
109.65: (-0.46, -0.67, 0.58)
109.65: (-0.97, 0.05, 0.24): 1
109.68: (-0.47, -0.66, 0.58)
109.80: (-0.47, -0.67, 0.58)
109.92: (-0.47, -0.67, 0.58)
110.03: (-0.52, -0.67, 0.54)
110.13: (-0.84, -0.54, 0.10)
110.25: (-0.88, -0.04, -0.48)
110.37: (-0.83, 0.15, -0.54)
110.48: (-0.98, -0.03, -0.21)
110.60: (-0.99, -0.13, 0.02)
110.71: (-0.99, -0.11, 0.08)
110.83: (-0.99, -0.02, 0.15)
110.88: (-0.98, 0.02, 0.19)
110.88: (1.00, -0.07, 0.01): 1
110.93: (-0.98, 0.03, 0.20)
111.03: (-0.98, 0.04, 0.21)
111.15: (-0.99, 0.01, 0.17)
111.26: (-0.99, 0.01, 0.17)
111.38: (-0.99, 0.01, 0.17)
111.50: (-0.99, -0.11, 0.02)
111.60: (-0.80, -0.34, -0.49)
111.71: (-0.52, -0.58, -0.63)
111.81: (-0.35, -0.67, -0.65)
111.91: (-0.17, -0.92, -0.35)
112.01: (-0.24, -0.73, 0.64)
112.13: (0.02, -0.11, 0.99)
112.25: (0.04, 0.12, 0.99)
112.36: (-0.15, 0.36, 0.92)
112.48: (-0.23, 0.79, 0.57)
112.60: (0.16, 0.98, 0.10)
112.71: (0.18, 0.97, 0.13)
112.81: (0.18, 0.97, 0.13)
112.93: (0.24, 0.95, 0.22)
113.05: (0.90, 0.31, 0.30)
113.16: (0.92, -0.24, 0.32)
113.26: (0.92, -0.25, 0.29)
113.36: (1.00, -0.04, 0.08)
113.45: (1.00, -0.01, -0.08)
113.45: (-0.95, 0.20, 0.24): 0
113.48: (1.00, -0.02, -0.09)
113.60: (1.00, -0.02, -0.08)
113.71: (1.00, -0.01, -0.07)
113.81: (1.00, 0.00, -0.03)
113.93: (0.82, 0.38, 0.42)
114.05: (0.24, 0.76, 0.61)
114.15: (-0.10, 0.81, 0.57)
114.26: (-0.56, 0.60, 0.57)
114.38: (-0.87, 0.19, 0.46)
114.50: (-0.91, -0.25, 0.33)
114.60: (-0.95, -0.12, 0.30)
114.71: (-0.96, 0.13, 0.24)
114.76: (-0.96, 0.17, 0.23)
114.76: (0.82, 0.41, -0.40): 0
114.83: (-0.96, 0.17, 0.23)
114.95: (-0.96, 0.16, 0.22)
115.06: (-0.95, 0.13, 0.27)
115.18: (-0.95, 0.13, 0.27)
115.30: (-0.95, 0.13, 0.27)
115.40: (-0.95, 0.13, 0.27)
115.51: (-0.96, 0.13, 0.24)
115.63: (-0.97, 0.02, 0.23)
115.75: (-0.74, -0.19, 0.64)
115.86: (-0.29, -0.25, 0.92)
115.96: (-0.21, -0.50, 0.84)
116.08: (-0.45, -0.89, 0.07)
116.20: (-0.52, -0.70, -0.49)
116.31: (-0.72, -0.32, -0.61)
116.43: (-0.41, -0.14, -0.90)
116.55: (-0.03, -0.09, -1.00)
116.65: (-0.03, -0.09, -1.00)
116.75: (-0.03, -0.09, -1.00)
116.85: (0.14, -0.14, -0.98)
116.96: (0.71, -0.41, -0.57)
117.08: (0.84, -0.32, -0.43)
117.20: (0.82, 0.09, -0.57)
117.31: (0.75, 0.27, -0.60)
117.41: (0.83, 0.33, -0.45)
117.46: (0.84, 0.39, -0.38)
117.46: (1.00, 0.02, 0.01): 1
117.53: (0.84, 0.39, -0.38)
117.65: (0.85, 0.39, -0.35)
117.76: (0.85, 0.39, -0.35)
117.86: (0.85, 0.39, -0.35)
117.98: (0.94, 0.25, -0.24)
118.10: (0.99, 0.08, -0.08)
118.21: (1.00, 0.05, -0.02)
118.28: (1.00, 0.02, 0.01)
118.28: (-0.84, 0.45, 0.30): 1
118.33: (1.00, 0.01, 0.02)
118.45: (1.00, 0.02, 0.00)
118.56: (1.00, 0.02, 0.00)
118.68: (1.00, 0.02, -0.03)
118.80: (0.99, 0.12, 0.05)
118.90: (0.73, 0.50, 0.47)
119.01: (0.20, 0.68, 0.70)
119.11: (0.05, 0.78, 0.63)
119.21: (-0.23, 0.77, 0.59)
119.33: (-0.56, 0.62, 0.56)
119.45: (-0.75, 0.47, 0.46)
119.55: (-0.79, 0.46, 0.42)
119.56: (-0.79, 0.46, 0.42)
119.56: (0.52, -0.06, 0.86): 2
119.66: (-0.79, 0.46, 0.41)
119.78: (-0.78, 0.47, 0.42)
119.88: (-0.78, 0.47, 0.42)
119.98: (-0.78, 0.47, 0.42)
120.10: (-0.78, 0.47, 0.42)
120.20: (-0.78, 0.47, 0.42)
120.31: (-0.80, 0.45, 0.40)
120.43: (-0.40, 0.78, 0.48)
120.55: (0.32, 0.85, 0.41)
120.65: (0.56, 0.82, 0.12)
120.75: (0.63, 0.76, -0.17)
120.86: (0.69, 0.62, -0.38)
120.98: (0.68, 0.50, -0.53)
121.10: (0.34, 0.42, -0.84)
121.20: (-0.01, 0.67, -0.74)
121.30: (0.12, 0.81, -0.58)
121.41: (0.81, 0.58, -0.01)
121.53: (0.86, -0.06, 0.51)
121.65: (0.80, -0.18, 0.58)
121.76: (0.64, 0.02, 0.77)
121.88: (0.52, 0.04, 0.85)
122.00: (0.52, -0.02, 0.86)
122.06: (0.53, -0.04, 0.84)
122.06: (0.45, 0.28, -0.85): 0
122.10: (0.53, -0.04, 0.84)
122.21: (0.56, -0.01, 0.83)
122.33: (0.57, -0.01, 0.82)
122.45: (0.54, 0.00, 0.84)
122.56: (0.53, 0.00, 0.85)
122.68: (0.82, -0.05, 0.57)
122.80: (0.97, -0.20, -0.13)
122.91: (0.83, -0.23, -0.51)
123.03: (0.69, -0.08, -0.72)
123.15: (0.32, 0.03, -0.95)
123.25: (0.14, 0.11, -0.98)
123.36: (0.41, 0.17, -0.90)
123.46: (0.48, 0.23, -0.85)
123.50: (0.48, 0.23, -0.85)
123.50: (0.52, 0.86, -0.04): 0
123.56: (0.48, 0.23, -0.85)
123.68: (0.48, 0.22, -0.85)
123.80: (0.48, 0.22, -0.85)
123.91: (0.48, 0.22, -0.85)
124.01: (0.64, 0.27, -0.71)
124.13: (0.81, 0.39, 0.43)
124.25: (0.35, 0.18, 0.92)
124.36: (0.29, 0.24, 0.93)
124.46: (0.53, 0.52, 0.67)
124.58: (0.65, 0.65, 0.40)
124.68: (0.64, 0.71, 0.29)
124.80: (0.59, 0.79, 0.17)
124.91: (0.56, 0.83, 0.03)
124.96: (0.55, 0.83, -0.01)
124.96: (0.62, -0.28, -0.74): 2
125.01: (0.55, 0.84, -0.01)
125.13: (0.55, 0.84, -0.01)
125.25: (0.56, 0.83, 0.03)
125.36: (0.58, 0.81, 0.06)
125.46: (0.58, 0.81, 0.06)
125.56: (0.58, 0.81, 0.07)
125.68: (0.35, 0.83, 0.44)
125.80: (0.66, 0.74, 0.14)
125.91: (0.57, 0.12, -0.81)
126.03: (0.27, -0.07, -0.96)
126.13: (0.25, -0.09, -0.97)
126.25: (0.47, -0.24, -0.85)
126.36: (0.57, -0.29, -0.77)
126.46: (0.63, -0.31, -0.72)
126.46: (0.41, -0.27, -0.87): 0
126.48: (0.63, -0.31, -0.71)
126.59: (0.63, -0.31, -0.71)
126.71: (0.63, -0.31, -0.71)
126.81: (0.51, -0.33, -0.79)
126.90: (0.37, -0.31, -0.88)
126.90: (-0.84, 0.19, -0.51): 1
126.93: (0.37, -0.31, -0.88)
127.05: (0.37, -0.31, -0.88)
127.15: (0.36, -0.31, -0.88)
127.26: (0.48, -0.20, -0.85)
127.38: (0.81, 0.38, -0.45)
127.50: (0.44, 0.77, 0.46)
127.61: (-0.24, 0.37, 0.90)
127.73: (-0.66, -0.02, 0.75)
127.83: (-0.79, -0.10, 0.61)
127.93: (-0.89, -0.24, 0.40)
128.05: (-0.94, -0.32, 0.15)
128.16: (-0.98, -0.09, -0.15)
128.28: (-0.92, -0.05, -0.38)
128.38: (-0.92, -0.05, -0.38)
128.50: (-0.92, -0.05, -0.38)
128.61: (-0.87, 0.07, -0.48)
128.69: (-0.84, 0.15, -0.52)
128.69: (0.84, -0.50, -0.20): 2
128.73: (-0.84, 0.16, -0.52)
128.84: (-0.84, 0.15, -0.52)
128.94: (-0.86, 0.07, -0.51)
129.06: (-0.87, 0.04, -0.50)
129.18: (-0.87, 0.04, -0.50)
129.29: (-0.87, 0.04, -0.50)
129.41: (-0.83, -0.24, -0.50)
129.51: (-0.48, -0.67, -0.56)
129.63: (0.24, -0.78, -0.58)
129.74: (0.49, -0.66, -0.57)
129.86: (0.65, -0.52, -0.56)
129.96: (0.78, -0.53, -0.33)
130.08: (0.82, -0.56, -0.15)
130.11: (0.82, -0.56, -0.15)
130.11: (-0.93, -0.17, -0.33): 0
130.18: (0.82, -0.56, -0.15)
130.28: (0.81, -0.57, -0.16)
130.39: (0.81, -0.57, -0.16)
130.51: (0.80, -0.58, -0.15)
130.63: (0.77, -0.58, -0.26)
130.74: (0.27, -0.44, -0.86)
130.86: (-0.31, -0.16, -0.94)
130.98: (-0.71, -0.21, -0.67)
131.09: (-0.89, -0.23, -0.39)
131.21: (-0.92, -0.18, -0.36)
131.23: (-0.92, -0.18, -0.36)
131.23: (-0.22, 0.96, 0.15): 0
131.33: (-0.92, -0.18, -0.35)
131.43: (-0.92, -0.18, -0.35)
131.54: (-0.92, -0.18, -0.35)
131.64: (-0.92, -0.18, -0.35)
131.74: (-0.90, -0.23, -0.37)
131.86: (-0.86, -0.34, -0.37)
131.98: (-0.89, -0.45, 0.05)
132.09: (-0.74, -0.49, 0.46)
132.19: (-0.74, -0.49, 0.46)
132.29: (-0.74, -0.49, 0.46)
132.41: (-0.68, -0.51, 0.53)
132.53: (-0.01, -0.75, 0.66)
132.64: (0.42, -0.61, 0.67)
132.74: (0.55, -0.21, 0.81)
132.86: (-0.07, 0.22, 0.97)
132.96: (-0.67, 0.23, 0.71)
133.08: (-0.91, 0.18, 0.37)
133.19: (-0.65, 0.76, 0.03)
133.31: (-0.09, 0.98, -0.17)
133.41: (0.06, 1.00, -0.06)
133.51: (-0.16, 0.98, 0.10)
133.63: (-0.20, 0.97, 0.16)
133.64: (-0.20, 0.97, 0.16)
133.64: (-0.53, -0.70, -0.47): 0
133.74: (-0.21, 0.96, 0.16)
133.86: (-0.21, 0.97, 0.15)
133.96: (-0.21, 0.96, 0.17)
134.08: (-0.57, 0.78, 0.27)
134.18: (-0.94, 0.28, 0.20)
134.29: (-0.95, -0.32, 0.08)
134.41: (-0.76, -0.65, -0.04)
134.53: (-0.54, -0.83, -0.13)
134.64: (-0.48, -0.83, -0.29)
134.76: (-0.60, -0.67, -0.43)
134.81: (-0.65, -0.61, -0.46)
134.81: (-0.54, -0.74, 0.39): 0
134.88: (-0.65, -0.61, -0.45)
134.99: (-0.61, -0.66, -0.44)
135.09: (-0.59, -0.70, -0.39)
135.21: (-0.59, -0.70, -0.39)
135.33: (-0.59, -0.71, -0.39)
135.43: (-0.33, -0.89, -0.32)
135.54: (0.48, -0.86, -0.19)
135.66: (0.95, -0.31, 0.03)
135.78: (0.94, 0.07, 0.33)
135.89: (0.49, 0.09, 0.87)
135.99: (0.05, 0.06, 1.00)
136.11: (-0.14, -0.11, 0.98)
136.21: (-0.11, -0.55, 0.83)
136.33: (0.67, -0.73, 0.10)
136.44: (0.97, 0.16, -0.18)
136.54: (0.75, 0.47, -0.47)
136.66: (0.04, 0.38, -0.92)
136.76: (-0.69, 0.03, -0.73)
136.88: (-0.80, -0.17, -0.58)
136.99: (-0.80, -0.17, -0.58)
137.09: (-0.69, -0.20, -0.70)
137.21: (0.01, -0.85, -0.53)
137.33: (0.40, -0.91, -0.10)
137.43: (0.23, -0.96, 0.13)
137.54: (-0.61, -0.79, 0.08)
137.66: (-0.85, -0.36, -0.39)
137.78: (-0.83, -0.49, -0.27)
137.89: (-0.65, -0.75, 0.11)
138.01: (-0.54, -0.81, 0.23)
138.11: (-0.54, -0.78, 0.31)
138.18: (-0.56, -0.74, 0.37)
138.18: (-0.16, 0.98, 0.10): 2
138.21: (-0.56, -0.74, 0.37)
138.33: (-0.56, -0.74, 0.37)
138.44: (-0.56, -0.74, 0.38)
138.56: (-0.56, -0.74, 0.38)
138.68: (-0.57, -0.75, 0.34)
138.79: (-0.55, -0.82, -0.15)
138.89: (-0.16, -0.78, -0.60)
139.01: (0.67, -0.37, -0.64)
139.11: (0.91, 0.42, -0.06)
139.23: (0.51, 0.80, 0.33)
139.33: (0.49, 0.80, 0.34)
139.44: (0.49, 0.80, 0.34)
139.56: (0.48, 0.85, 0.23)
139.68: (0.05, 0.98, 0.20)
139.79: (-0.02, 1.00, 0.09)
139.86: (-0.03, 1.00, 0.07)
139.86: (0.75, -0.50, -0.42): 0
139.89: (-0.03, 1.00, 0.07)
140.01: (-0.04, 1.00, 0.07)
140.13: (-0.05, 1.00, 0.07)
140.23: (-0.06, 1.00, 0.06)
140.33: (0.22, 0.97, -0.09)
140.44: (0.79, 0.44, -0.42)
140.54: (0.86, 0.15, -0.50)
140.66: (0.80, -0.20, -0.56)
140.78: (0.66, -0.61, -0.43)
140.86: (0.68, -0.60, -0.41)
140.86: (-1.00, 0.06, 0.04): 0
140.88: (0.69, -0.59, -0.41)
140.99: (0.69, -0.58, -0.42)
141.09: (0.69, -0.59, -0.42)
141.21: (0.69, -0.59, -0.42)
141.33: (0.69, -0.59, -0.42)
141.44: (0.75, -0.46, -0.47)
141.56: (0.71, -0.05, -0.70)
141.68: (0.37, 0.44, -0.82)
141.79: (0.01, 0.90, -0.43)
141.91: (-0.34, 0.92, -0.20)
142.01: (-0.42, 0.91, 0.03)
142.13: (-0.18, 0.82, 0.54)
142.24: (0.46, 0.32, 0.83)
142.36: (0.86, -0.06, 0.51)
142.48: (0.89, -0.30, 0.34)
142.59: (0.54, -0.65, 0.53)
142.69: (0.03, -0.54, 0.84)
142.81: (-0.02, -0.47, 0.88)
142.91: (-0.02, -0.47, 0.88)
143.03: (-0.06, -0.44, 0.89)
143.14: (-0.68, -0.35, 0.64)
143.26: (-0.93, -0.29, 0.22)
143.38: (-0.98, -0.17, 0.02)
143.49: (-1.00, -0.01, 0.01)
143.56: (-1.00, 0.05, 0.01)
143.56: (-0.60, 0.46, 0.65): 2
143.61: (-1.00, 0.05, 0.01)
143.73: (-1.00, 0.04, 0.00)
143.83: (-1.00, 0.04, 0.00)
143.94: (-0.95, 0.12, 0.29)
144.06: (-0.74, 0.28, 0.61)
144.17: (-0.68, 0.37, 0.63)
144.17: (0.17, 0.86, 0.48): 1
144.17: (-0.68, 0.37, 0.63)
144.29: (-0.65, 0.41, 0.64)
144.39: (-0.65, 0.41, 0.64)
144.51: (-0.66, 0.37, 0.65)
144.61: (-0.66, 0.37, 0.65)
144.72: (-0.66, 0.37, 0.66)
144.83: (-0.40, 0.29, 0.87)
144.93: (-0.12, 0.03, 0.99)
145.04: (0.27, -0.25, 0.93)
145.16: (0.61, -0.23, 0.76)
145.27: (0.88, -0.18, 0.45)
145.39: (0.83, -0.42, 0.38)
145.51: (0.56, -0.79, 0.26)
145.62: (0.39, -0.65, 0.66)
145.72: (-0.04, 0.27, 0.96)
145.84: (-0.25, 0.81, 0.53)
145.96: (0.07, 0.98, 0.17)
146.07: (0.18, 0.98, 0.10)
146.19: (0.21, 0.89, 0.41)
146.31: (0.19, 0.84, 0.51)
146.31: (-0.09, 0.99, 0.12): 1
146.31: (0.19, 0.84, 0.51)
146.41: (0.19, 0.84, 0.51)
146.52: (0.19, 0.84, 0.51)
146.62: (0.19, 0.84, 0.51)
146.74: (0.21, 0.83, 0.51)
146.86: (0.01, 0.96, 0.27)
146.91: (-0.08, 0.99, 0.14)
146.91: (0.82, 0.39, 0.42): 0
146.97: (-0.09, 0.99, 0.13)
147.07: (-0.09, 0.99, 0.13)
147.19: (-0.10, 0.98, 0.15)
147.29: (-0.10, 0.98, 0.15)
147.41: (-0.12, 0.98, 0.14)
147.51: (0.27, 0.88, 0.40)
147.61: (0.68, 0.39, 0.62)
147.72: (0.75, 0.16, 0.64)
147.84: (0.82, 0.31, 0.48)
147.87: (0.82, 0.40, 0.41)
147.87: (-0.42, 0.52, 0.74): 2
147.96: (0.79, 0.46, 0.41)
148.06: (0.79, 0.45, 0.41)
148.17: (0.78, 0.45, 0.44)
148.27: (0.78, 0.45, 0.44)
148.39: (0.62, 0.67, 0.41)
148.51: (0.58, 0.72, 0.39)
148.62: (0.66, 0.62, 0.43)
148.72: (0.66, 0.63, 0.42)
148.84: (0.39, 0.91, 0.12)
148.96: (-0.22, 0.93, -0.29)
149.07: (-0.42, 0.81, -0.41)
149.19: (-0.25, 0.71, -0.66)
149.29: (-0.27, 0.50, -0.82)
149.41: (0.07, 0.58, -0.81)
149.52: (0.49, 0.56, -0.67)
149.64: (0.68, 0.57, -0.47)
149.76: (0.81, 0.58, 0.08)
149.87: (0.23, 0.97, -0.03)
149.97: (-0.54, 0.68, -0.50)
150.09: (-0.82, 0.23, -0.53)
150.21: (-0.75, 0.60, -0.27)
150.32: (-0.14, 0.93, 0.35)
150.44: (0.34, 0.47, 0.82)
150.56: (0.40, 0.13, 0.91)
150.66: (0.04, 0.40, 0.92)
150.77: (-0.41, 0.57, 0.71)
150.87: (-0.43, 0.57, 0.70)
150.99: (-0.44, 0.52, 0.73)
151.01: (-0.44, 0.51, 0.73)
151.01: (-0.89, 0.23, -0.39): 0
151.11: (-0.43, 0.51, 0.74)
151.22: (-0.40, 0.52, 0.76)
151.34: (-0.40, 0.52, 0.76)
151.46: (-0.40, 0.52, 0.76)
151.57: (-0.22, 0.80, 0.56)
151.67: (0.15, 0.99, -0.07)
151.79: (0.39, 0.74, -0.55)
151.91: (0.53, 0.53, -0.66)
152.01: (0.63, 0.43, -0.65)
152.12: (0.71, 0.21, -0.67)
152.24: (0.66, -0.06, -0.74)
152.34: (0.48, -0.21, -0.85)
152.44: (0.48, -0.21, -0.85)
152.56: (0.48, -0.21, -0.85)
152.67: (0.46, -0.33, -0.83)
152.77: (0.39, -0.72, -0.57)
152.89: (0.28, -0.93, -0.23)
153.01: (0.14, -0.98, -0.13)
153.11: (-0.21, -0.96, -0.20)
153.22: (-0.82, -0.42, -0.39)
153.34: (-0.89, 0.15, -0.42)
153.44: (-0.77, 0.43, -0.47)
153.56: (-0.87, 0.22, -0.44)
153.66: (-0.88, 0.12, -0.46)
153.67: (-0.88, 0.12, -0.46)
153.67: (0.17, 0.95, -0.25): 2
153.77: (-0.88, 0.12, -0.46)
153.89: (-0.87, 0.13, -0.47)
154.01: (-0.87, 0.13, -0.47)
154.12: (-0.87, 0.13, -0.47)
154.22: (-0.87, 0.13, -0.47)
154.34: (-0.87, 0.13, -0.47)
154.46: (-0.91, 0.24, -0.33)
154.56: (-0.79, 0.59, 0.17)
154.67: (-0.17, 0.74, 0.65)
154.79: (0.09, 0.66, 0.75)
154.91: (0.16, 0.38, 0.91)
155.01: (0.19, 0.02, 0.98)
155.11: (0.05, -0.21, 0.98)
155.22: (-0.45, -0.11, 0.89)
155.34: (-0.56, -0.02, 0.83)
155.44: (-0.08, 0.25, 0.96)
155.56: (0.75, 0.54, 0.38)
155.66: (0.77, 0.64, 0.01)
155.77: (0.77, 0.64, 0.01)
155.89: (0.77, 0.64, 0.01)
156.01: (0.56, 0.82, -0.05)
156.12: (0.22, 0.97, -0.14)
156.24: (0.14, 0.97, -0.22)
156.34: (0.12, 0.95, -0.27)
156.34: (0.99, 0.15, -0.03): 1
156.34: (0.12, 0.95, -0.27)
156.46: (0.12, 0.95, -0.27)
156.56: (0.12, 0.95, -0.28)
156.66: (0.12, 0.95, -0.29)
156.77: (0.12, 0.95, -0.29)
156.89: (0.60, 0.78, -0.16)
157.01: (0.97, 0.21, 0.15)
157.12: (0.87, -0.38, 0.32)
157.24: (0.94, -0.25, 0.23)
157.36: (1.00, -0.03, 0.04)
157.46: (1.00, 0.05, -0.01)
157.56: (0.99, 0.14, -0.02)
157.57: (0.99, 0.15, -0.02)
157.57: (-0.79, -0.52, -0.33): 1
157.67: (0.99, 0.14, -0.02)
157.79: (0.99, 0.14, -0.02)
157.89: (0.99, 0.14, -0.02)
158.01: (0.99, 0.14, -0.03)
158.12: (0.99, 0.09, -0.04)
158.22: (1.00, 0.00, -0.05)
158.32: (0.98, -0.15, -0.11)
158.44: (0.64, -0.74, -0.22)
158.56: (0.09, -0.99, -0.07)
158.67: (0.09, -0.99, -0.07)
158.79: (0.09, -0.99, -0.07)
158.91: (0.01, -1.00, 0.06)
159.02: (-0.34, -0.77, 0.53)
159.14: (-0.41, -0.56, 0.72)
159.26: (-0.64, -0.62, 0.46)
159.36: (-0.62, -0.70, -0.34)
159.47: (-0.31, -0.51, -0.80)
159.57: (-0.30, -0.59, -0.75)
159.69: (-0.58, -0.62, -0.53)
159.81: (-0.72, -0.60, -0.36)
159.86: (-0.72, -0.59, -0.36)
159.86: (-0.94, 0.09, -0.33): 1
159.92: (-0.72, -0.59, -0.36)
160.04: (-0.72, -0.59, -0.37)
160.14: (-0.72, -0.59, -0.37)
160.26: (-0.88, -0.22, -0.42)
160.37: (-0.94, 0.10, -0.32)
160.37: (0.60, -0.30, 0.74): 1
160.37: (-0.94, 0.10, -0.32)
160.47: (-0.94, 0.10, -0.31)
160.59: (-0.94, 0.10, -0.32)
160.71: (-0.93, 0.12, -0.34)
160.82: (-0.93, 0.12, -0.34)
160.92: (-0.93, 0.12, -0.34)
161.04: (-0.97, -0.12, 0.21)
161.14: (-0.60, -0.34, 0.73)
161.24: (-0.53, -0.38, 0.76)
161.35: (-0.83, -0.45, 0.33)
161.47: (-0.76, -0.21, -0.62)
161.57: (-0.47, -0.27, -0.84)
161.69: (-0.35, -0.53, -0.77)
161.80: (0.08, -0.94, -0.33)
161.92: (0.65, -0.75, 0.12)
162.04: (0.72, -0.69, 0.12)
162.14: (0.85, -0.21, 0.49)
162.24: (0.74, -0.11, 0.66)
162.35: (0.68, -0.21, 0.70)
162.47: (0.62, -0.25, 0.74)
162.47: (0.37, -0.75, 0.54): 1
162.47: (0.62, -0.25, 0.74)
162.59: (0.61, -0.25, 0.75)
162.70: (0.62, -0.25, 0.74)
162.82: (0.62, -0.25, 0.74)
162.92: (0.60, -0.31, 0.74)
163.04: (0.46, -0.63, 0.63)
163.12: (0.35, -0.78, 0.52)
163.12: (-0.93, 0.37, 0.05): 1
163.15: (0.35, -0.78, 0.52)
163.27: (0.35, -0.78, 0.51)
163.37: (0.35, -0.78, 0.51)
163.49: (0.34, -0.78, 0.52)
163.60: (0.10, -0.72, 0.69)
163.70: (-0.31, -0.50, 0.81)
163.82: (-0.50, -0.26, 0.82)
163.94: (-0.59, -0.06, 0.81)
164.05: (-0.29, 0.31, 0.90)
164.15: (0.35, 0.49, 0.80)
164.25: (0.69, 0.42, 0.59)
164.37: (0.88, 0.37, 0.30)
164.49: (0.67, 0.75, -0.04)
164.60: (0.60, 0.80, -0.11)
164.72: (0.60, 0.80, -0.11)
164.82: (0.60, 0.80, -0.11)
164.94: (0.29, 0.90, -0.33)
165.05: (-0.42, 0.69, -0.59)
165.17: (-0.74, 0.29, -0.60)
165.27: (-0.70, 0.00, -0.72)
165.39: (-0.30, -0.42, -0.86)
165.50: (-0.45, -0.41, -0.79)
165.62: (-0.78, 0.02, -0.63)
165.74: (-0.88, 0.22, -0.41)
165.85: (-0.92, 0.29, -0.26)
165.95: (-0.94, 0.31, -0.16)
166.07: (-0.93, 0.37, 0.00)
166.12: (-0.92, 0.38, 0.03)
166.12: (0.63, 0.77, 0.13): 0
166.19: (-0.92, 0.39, 0.03)
166.30: (-0.93, 0.37, 0.04)
166.40: (-0.93, 0.36, 0.04)
166.52: (-0.88, 0.48, -0.03)
166.62: (-0.88, 0.48, -0.03)
166.72: (-0.88, 0.48, -0.03)
166.84: (-0.72, 0.68, 0.16)
166.95: (0.01, 0.86, 0.51)
167.07: (0.28, 0.76, 0.59)
167.19: (0.43, 0.70, 0.57)
167.30: (0.54, 0.76, 0.36)
167.40: (0.61, 0.77, 0.17)
167.47: (0.62, 0.78, 0.14)
167.47: (-0.95, 0.26, -0.20): 2
167.50: (0.62, 0.77, 0.13)
167.62: (0.62, 0.77, 0.13)
167.74: (0.64, 0.76, 0.12)
167.85: (0.64, 0.76, 0.12)
167.97: (0.67, 0.73, 0.13)
168.09: (0.78, 0.58, 0.25)
168.20: (0.64, 0.61, 0.46)
168.30: (0.01, 0.93, 0.38)
168.40: (-0.48, 0.83, 0.30)
168.50: (-0.61, 0.70, 0.37)
168.62: (-0.77, 0.49, 0.41)
168.72: (-0.94, 0.24, 0.24)
168.84: (-0.93, 0.36, -0.05)
168.94: (-0.89, 0.42, -0.19)
169.05: (-0.92, 0.33, -0.23)
169.07: (-0.92, 0.32, -0.23)
169.07: (-0.94, 0.25, 0.23): 0
169.17: (-0.92, 0.32, -0.23)
169.29: (-0.92, 0.32, -0.23)
169.39: (-0.94, 0.31, -0.14)
169.50: (-0.96, 0.22, 0.15)
169.54: (-0.96, 0.22, 0.16)
169.54: (-0.37, -0.05, -0.93): 0
169.62: (-0.96, 0.22, 0.16)
169.74: (-0.96, 0.21, 0.16)
169.85: (-0.97, 0.20, 0.16)
169.97: (-0.99, 0.08, 0.06)
170.09: (-0.86, -0.43, -0.28)
170.20: (-0.67, -0.63, -0.39)
170.30: (-0.67, -0.63, -0.39)
170.42: (-0.71, -0.60, -0.37)
170.54: (-0.34, -0.94, 0.09)
170.64: (0.15, -0.85, 0.51)
170.75: (0.25, -0.90, 0.36)
170.85: (-0.14, -0.94, -0.31)
170.97: (-0.66, -0.32, -0.68)
171.09: (-0.64, -0.13, -0.76)
171.20: (-0.44, -0.12, -0.89)
171.32: (-0.40, -0.11, -0.91)
171.40: (-0.40, -0.06, -0.91)
171.40: (-0.67, -0.49, 0.56): 2
171.44: (-0.40, -0.06, -0.91)
171.55: (-0.37, -0.13, -0.92)
171.65: (-0.36, -0.17, -0.92)
171.77: (-0.36, -0.17, -0.92)
171.89: (-0.35, -0.19, -0.92)
171.99: (-0.35, -0.20, -0.91)
172.10: (-0.66, -0.32, -0.68)
172.22: (-0.97, 0.09, 0.24)
172.34: (-0.66, 0.19, 0.73)
172.45: (-0.41, 0.14, 0.90)
172.55: (-0.21, 0.14, 0.97)
172.67: (-0.43, -0.17, 0.89)
172.79: (-0.59, -0.44, 0.68)
172.89: (-0.60, -0.45, 0.66)
173.00: (-0.65, -0.46, 0.61)
173.05: (-0.68, -0.48, 0.55)
173.05: (-0.81, 0.28, -0.51): 0
173.10: (-0.68, -0.48, 0.55)
173.20: (-0.69, -0.48, 0.53)
173.32: (-0.69, -0.48, 0.53)
173.44: (-0.69, -0.48, 0.53)
173.55: (-0.84, -0.53, 0.13)
173.65: (-0.75, -0.10, -0.65)
173.77: (-0.23, 0.25, -0.94)
173.89: (-0.20, 0.25, -0.95)
174.00: (-0.59, 0.30, -0.75)
174.12: (-0.73, 0.30, -0.61)
174.20: (-0.81, 0.27, -0.52)
174.20: (0.73, 0.63, 0.26): 1
174.22: (-0.81, 0.27, -0.52)
174.32: (-0.81, 0.27, -0.53)
174.44: (-0.80, 0.27, -0.54)
174.55: (-0.80, 0.28, -0.53)
174.67: (-0.79, 0.28, -0.54)
174.77: (-0.47, 0.29, -0.83)
174.89: (0.41, 0.57, -0.72)
174.99: (0.52, 0.54, -0.66)
175.09: (0.52, 0.54, -0.66)
175.20: (0.52, 0.54, -0.66)
175.32: (0.76, 0.57, -0.30)
175.44: (0.84, 0.54, 0.08)
175.54: (0.82, 0.57, 0.10)
175.65: (0.78, 0.59, 0.19)
175.69: (0.78, 0.59, 0.21)
175.69: (-0.57, 0.10, -0.81): 0
175.77: (0.77, 0.60, 0.21)
175.89: (0.80, 0.57, 0.19)
176.00: (0.80, 0.57, 0.19)
176.12: (0.82, 0.54, 0.20)
176.24: (0.66, 0.64, -0.38)
176.35: (-0.35, 0.26, -0.90)
176.45: (-0.62, -0.01, -0.78)
176.57: (-0.65, -0.13, -0.75)
176.67: (-0.63, 0.02, -0.78)
176.79: (-0.64, 0.08, -0.77)
176.79: (-0.90, -0.40, -0.19): 1
176.79: (-0.64, 0.08, -0.77)
176.90: (-0.63, 0.10, -0.77)
177.02: (-0.62, 0.10, -0.78)
177.12: (-0.62, 0.10, -0.78)
177.23: (-0.66, 0.04, -0.75)
177.34: (-0.88, -0.22, -0.43)
177.45: (-0.91, -0.34, -0.24)
177.57: (-0.91, -0.37, -0.21)
177.59: (-0.90, -0.38, -0.20)
177.59: (-0.17, 0.09, -0.98): 0
177.67: (-0.90, -0.40, -0.17)
177.78: (-0.91, -0.37, -0.20)
177.89: (-0.91, -0.36, -0.22)
178.00: (-0.81, -0.41, -0.42)
178.12: (-0.14, -0.49, -0.86)
178.23: (0.35, -0.16, -0.92)
178.35: (0.02, 0.06, -1.00)
178.47: (-0.20, 0.11, -0.97)
178.58: (-0.29, 0.11, -0.95)
178.62: (-0.29, 0.10, -0.95)
178.62: (1.00, -0.01, -0.03): 1
178.70: (-0.29, 0.10, -0.95)
178.80: (-0.28, 0.11, -0.95)
178.92: (-0.28, 0.10, -0.96)
179.03: (-0.27, -0.20, -0.94)
179.15: (0.14, -0.21, -0.97)
179.27: (0.51, 0.08, -0.86)
179.38: (0.51, 0.38, -0.78)
179.50: (-0.06, 0.48, -0.88)
179.62: (-0.82, 0.12, -0.56)
179.73: (-0.88, -0.01, -0.47)
179.85: (-0.34, -0.64, -0.69)
179.95: (0.56, -0.80, -0.22)
180.05: (0.84, -0.53, 0.06)
180.17: (0.90, -0.38, 0.20)
180.28: (0.96, -0.25, 0.10)
180.40: (0.99, -0.10, -0.07)
180.45: (1.00, -0.03, -0.05)
180.45: (-0.98, -0.02, 0.17): 1
180.52: (1.00, -0.02, -0.01)
180.63: (1.00, -0.02, -0.02)
180.75: (1.00, -0.02, -0.02)
180.87: (1.00, -0.01, -0.06)
180.97: (0.89, 0.45, 0.09)
181.07: (0.49, 0.79, 0.37)
181.18: (0.06, 0.82, 0.57)
181.28: (-0.24, 0.60, 0.76)
181.40: (-0.58, 0.23, 0.78)
181.52: (-0.90, 0.22, 0.38)
181.63: (-1.00, -0.06, 0.00)
181.75: (-0.99, -0.07, 0.08)
181.85: (-0.99, -0.08, 0.12)
181.85: (0.14, 0.81, 0.57): 2
181.87: (-0.99, -0.08, 0.13)
181.98: (-0.99, -0.08, 0.15)
182.08: (-0.98, -0.08, 0.15)
182.18: (-0.98, -0.08, 0.15)
182.30: (-0.98, -0.08, 0.15)
182.42: (-0.99, -0.17, 0.00)
182.53: (-0.98, 0.11, -0.15)
182.65: (-0.47, 0.83, 0.29)
182.77: (0.18, 0.73, 0.66)
182.88: (0.30, 0.56, 0.77)
182.98: (0.17, 0.70, 0.69)
183.08: (0.09, 0.79, 0.61)
183.08: (-1.00, 0.00, 0.00): 1
183.08: (0.09, 0.79, 0.61)
183.20: (0.11, 0.78, 0.61)
183.32: (0.18, 0.74, 0.64)
183.43: (0.45, 0.52, 0.73)
183.55: (0.08, 0.74, 0.67)
183.67: (-0.66, 0.74, -0.11)
183.77: (-0.70, 0.53, -0.49)
183.88: (-0.46, 0.36, -0.81)
184.00: (-0.27, 0.07, -0.96)
184.10: (-0.42, -0.18, -0.89)
184.22: (-0.97, -0.23, -0.10)
184.32: (-0.93, -0.18, 0.32)
184.43: (-0.97, -0.05, 0.23)
184.55: (-1.00, -0.07, 0.01)
184.57: (-1.00, -0.07, 0.01)
184.57: (0.67, -0.53, 0.52): 1
184.65: (-1.00, -0.07, 0.01)
184.77: (-1.00, -0.08, 0.03)
184.87: (-1.00, -0.08, 0.03)
184.98: (-1.00, -0.08, 0.03)
185.10: (-0.86, -0.51, 0.01)
185.22: (-0.15, -0.99, 0.02)
185.33: (0.22, -0.97, -0.05)
185.45: (0.54, -0.79, -0.31)
185.55: (0.74, -0.54, -0.40)
185.67: (0.93, -0.35, -0.13)
185.78: (0.74, -0.50, 0.45)
185.88: (0.71, -0.52, 0.47)
185.98: (0.72, -0.52, 0.47)
186.03: (0.71, -0.52, 0.47)
186.03: (-0.02, 1.00, 0.00): 0
186.10: (0.71, -0.53, 0.47)
186.22: (0.71, -0.53, 0.45)
186.33: (0.71, -0.53, 0.45)
186.45: (0.72, -0.53, 0.44)
186.55: (0.83, -0.03, 0.55)
186.67: (0.49, 0.74, 0.46)
186.77: (0.31, 0.93, 0.19)
186.88: (0.13, 0.99, 0.01)
187.00: (-0.05, 1.00, 0.03)
187.03: (-0.07, 1.00, 0.03)
187.03: (0.41, -0.67, 0.62): 0
187.10: (-0.07, 1.00, 0.03)
187.22: (-0.10, 1.00, 0.03)
187.33: (-0.10, 1.00, 0.03)
187.43: (-0.10, 1.00, 0.03)
187.55: (0.08, 1.00, 0.05)
187.67: (0.82, 0.56, 0.13)
187.77: (0.96, 0.19, 0.19)
187.88: (0.98, 0.01, 0.21)
188.00: (0.77, -0.50, 0.39)
188.12: (0.46, -0.62, 0.63)
188.22: (0.30, -0.66, 0.69)
188.30: (0.32, -0.65, 0.69)
188.30: (0.72, 0.32, 0.62): 0
188.33: (0.32, -0.65, 0.69)
188.43: (0.32, -0.66, 0.68)
188.55: (0.31, -0.67, 0.67)
188.67: (0.54, -0.50, 0.68)
188.77: (0.93, 0.26, 0.27)
188.88: (0.68, 0.71, -0.17)
189.00: (0.73, 0.68, 0.05)
189.12: (0.84, 0.36, 0.39)
189.23: (0.83, 0.30, 0.47)
189.35: (0.78, 0.29, 0.55)
189.40: (0.76, 0.29, 0.58)
189.40: (0.78, -0.62, -0.13): 2
189.45: (0.76, 0.29, 0.59)
189.57: (0.76, 0.28, 0.58)
189.68: (0.81, 0.43, 0.40)
189.80: (0.58, 0.81, 0.01)
189.90: (0.38, 0.90, -0.21)
190.02: (0.23, 0.91, -0.34)
190.13: (0.65, 0.75, -0.11)
190.25: (0.83, 0.05, 0.56)
190.35: (0.53, -0.26, 0.80)
190.47: (0.42, -0.40, 0.81)
190.57: (0.15, -0.60, 0.79)
190.68: (-0.36, -0.77, 0.52)
190.80: (-0.57, -0.71, 0.42)
190.90: (-0.58, -0.72, 0.38)
191.02: (-0.58, -0.72, 0.38)
191.12: (-0.52, -0.74, 0.43)
191.23: (0.16, -0.97, 0.19)
191.35: (0.89, -0.39, 0.24)
191.45: (0.84, 0.02, 0.55)
191.57: (0.88, -0.13, 0.45)
191.67: (0.90, -0.43, 0.08)
191.78: (0.80, -0.59, -0.10)
191.88: (0.79, -0.60, -0.13)
191.92: (0.78, -0.60, -0.15)
191.92: (0.44, -0.83, -0.34): 2
192.00: (0.79, -0.60, -0.15)
192.12: (0.77, -0.63, -0.11)
192.22: (0.77, -0.63, -0.11)
192.33: (0.66, -0.72, -0.21)
192.45: (0.47, -0.82, -0.32)
192.47: (0.46, -0.83, -0.32)
192.47: (-0.80, -0.32, -0.51): 1
192.57: (0.46, -0.82, -0.34)
192.68: (0.39, -0.84, -0.37)
192.78: (0.23, -0.86, -0.45)
192.90: (-0.20, -0.79, -0.58)
193.02: (-0.68, -0.49, -0.55)
193.12: (-0.82, -0.32, -0.47)
193.22: (-0.83, -0.32, -0.47)
193.23: (-0.83, -0.32, -0.47)
193.23: (-0.78, -0.37, -0.51): 2
193.33: (-0.83, -0.31, -0.47)
193.45: (-0.86, -0.24, -0.44)
193.55: (-0.86, -0.22, -0.45)
193.67: (-0.77, -0.36, -0.53)
193.70: (-0.76, -0.36, -0.54)
193.70: (-0.56, 0.43, -0.71): 1
193.78: (-0.76, -0.36, -0.54)
193.90: (-0.77, -0.35, -0.54)
194.02: (-0.75, -0.40, -0.52)
194.13: (-0.51, -0.68, -0.53)
194.25: (0.34, -0.89, -0.31)
194.36: (0.23, -0.86, -0.45)
194.48: (-0.92, -0.16, -0.37)
194.60: (-0.81, 0.58, 0.08)
194.70: (-0.83, 0.56, 0.07)
194.81: (-0.83, 0.56, 0.07)
194.93: (-0.87, 0.45, 0.19)
195.05: (-0.76, -0.23, 0.61)
195.16: (-0.64, -0.42, 0.64)
195.28: (-0.73, -0.68, 0.00)
195.40: (-0.54, -0.68, -0.50)
195.50: (-0.56, -0.62, -0.56)
195.61: (-0.57, -0.28, -0.77)
195.71: (-0.89, 0.20, -0.40)
195.83: (-0.45, -0.18, 0.88)
195.93: (0.25, -0.38, 0.89)
196.05: (-0.69, -0.12, 0.72)
196.16: (-0.96, 0.28, 0.00)
196.28: (-0.91, 0.33, -0.26)
196.38: (-0.90, 0.36, -0.26)
196.50: (-0.73, 0.42, -0.53)
196.60: (-0.53, 0.42, -0.73)
196.60: (0.39, -0.64, -0.66): 0
196.61: (-0.52, 0.41, -0.75)
196.73: (-0.50, 0.40, -0.76)
196.83: (-0.50, 0.39, -0.77)
196.95: (-0.51, 0.38, -0.77)
197.05: (-0.51, 0.38, -0.77)
197.16: (-0.26, 0.44, -0.86)
197.26: (0.61, 0.22, -0.76)
197.38: (0.87, 0.04, -0.50)
197.50: (0.92, -0.03, -0.40)
197.61: (0.95, -0.22, -0.21)
197.71: (0.89, -0.44, -0.12)
197.83: (0.81, -0.58, -0.08)
197.93: (0.73, -0.67, -0.15)
198.05: (0.69, -0.27, -0.67)
198.16: (0.59, -0.52, -0.61)
198.28: (0.48, -0.65, -0.59)
198.38: (0.37, -0.69, -0.63)
198.41: (0.35, -0.68, -0.64)
198.41: (-1.00, -0.01, 0.02): 2
198.50: (0.35, -0.68, -0.65)
198.61: (0.35, -0.61, -0.71)
198.71: (0.35, -0.61, -0.71)
198.83: (0.42, -0.60, -0.68)
198.95: (0.64, -0.77, 0.04)
199.06: (0.43, -0.63, 0.65)
199.16: (0.47, -0.60, 0.65)
199.28: (0.69, -0.40, 0.60)
199.40: (0.62, -0.04, 0.78)
199.51: (0.15, 0.03, 0.99)
199.63: (-0.69, -0.02, 0.73)
199.75: (-0.74, -0.02, 0.68)
199.86: (-0.74, -0.02, 0.68)
199.96: (-0.75, -0.02, 0.66)
200.08: (-0.92, -0.01, 0.40)
200.20: (-0.98, -0.01, 0.19)
200.26: (-0.99, 0.00, 0.12)
200.26: (-0.03, 0.97, 0.24): 2
200.30: (-0.99, 0.00, 0.10)
200.40: (-1.00, -0.01, 0.07)
200.51: (-1.00, 0.00, 0.07)
200.63: (-1.00, 0.00, 0.07)
200.73: (-1.00, 0.00, 0.09)
200.85: (-0.92, 0.29, -0.25)
200.96: (-0.48, 0.53, -0.70)
201.08: (-0.22, 0.56, -0.80)
201.20: (-0.02, 0.60, -0.80)
201.31: (0.30, 0.43, -0.85)
201.43: (0.50, 0.13, -0.85)
201.55: (0.50, -0.01, -0.87)
201.65: (0.46, -0.10, -0.88)
201.75: (0.22, 0.13, -0.97)
201.86: (-0.21, 0.87, -0.45)
201.98: (-0.23, 0.97, 0.10)
202.10: (-0.39, 0.86, 0.33)
202.20: (-0.41, 0.84, 0.37)
202.31: (-0.09, 0.98, 0.20)
202.36: (-0.01, 0.99, 0.12)
202.36: (-0.89, -0.42, -0.17): 2
202.43: (-0.01, 0.99, 0.12)
202.53: (-0.08, 0.99, 0.12)
202.65: (-0.08, 0.99, 0.12)
202.76: (-0.08, 0.99, 0.12)
202.88: (-0.06, 0.99, 0.13)
203.00: (0.24, 0.97, 0.04)
203.10: (-0.18, 0.92, 0.35)
203.21: (-0.83, 0.27, 0.49)
203.33: (-0.93, -0.09, 0.36)
203.43: (-0.98, -0.10, 0.20)
203.55: (-0.93, -0.22, -0.29)
203.66: (-0.88, -0.37, -0.31)
203.76: (-0.85, -0.47, -0.23)
203.78: (-0.85, -0.47, -0.21)
203.78: (-0.99, 0.07, -0.14): 1
203.88: (-0.86, -0.48, -0.19)
204.00: (-0.86, -0.47, -0.18)
204.11: (-0.86, -0.47, -0.19)
204.23: (-0.93, -0.34, -0.16)
204.35: (-0.99, 0.01, -0.16)
204.40: (-0.98, 0.09, -0.16)
204.40: (0.73, -0.32, 0.60): 0
204.45: (-0.98, 0.09, -0.16)
204.56: (-0.98, 0.11, -0.16)
204.68: (-0.97, 0.15, -0.17)
204.80: (-0.89, -0.02, -0.46)
204.91: (-0.53, -0.34, -0.78)
205.01: (-0.29, -0.50, -0.82)
205.13: (-0.13, -0.66, -0.74)
205.25: (0.13, -0.95, -0.28)
205.35: (0.33, -0.93, 0.14)
205.46: (0.39, -0.69, 0.61)
205.58: (0.37, -0.71, 0.60)
205.70: (0.37, -0.71, 0.60)
205.81: (0.35, -0.72, 0.61)
205.93: (0.56, -0.54, 0.63)
206.05: (0.77, -0.30, 0.57)
206.06: (0.78, -0.28, 0.57)
206.06: (0.98, 0.05, 0.17): 2
206.15: (0.77, -0.29, 0.57)
206.26: (0.77, -0.29, 0.57)
206.38: (0.80, -0.25, 0.55)
206.48: (0.91, 0.02, 0.42)
206.60: (0.96, 0.15, 0.22)
206.71: (0.97, 0.14, 0.18)
206.76: (0.98, 0.12, 0.18)
206.76: (0.80, -0.24, 0.55): 0
206.83: (0.98, 0.12, 0.17)
206.93: (0.96, -0.01, 0.29)
207.03: (0.96, -0.01, 0.28)
207.15: (0.92, -0.06, 0.40)
207.26: (0.73, -0.24, 0.64)
207.26: (-0.57, -0.32, -0.75): 2
207.26: (0.73, -0.24, 0.64)
207.38: (0.74, -0.24, 0.63)
207.48: (0.76, -0.23, 0.61)
207.60: (0.80, -0.20, 0.57)
207.71: (0.81, 0.19, 0.56)
207.83: (0.75, 0.48, 0.44)
207.93: (0.73, 0.57, 0.38)
208.05: (0.91, 0.12, 0.39)
208.16: (0.62, -0.75, 0.22)
208.26: (0.19, -0.98, 0.12)
208.38: (-0.22, -0.97, -0.12)
208.50: (-0.34, -0.79, -0.51)
208.60: (-0.61, -0.39, -0.69)
208.70: (-0.68, -0.35, -0.65)
208.81: (-0.68, -0.35, -0.65)
208.93: (-0.66, -0.33, -0.67)
208.93: (0.98, 0.16, -0.07): 1
208.93: (-0.66, -0.33, -0.67)
209.05: (-0.63, -0.27, -0.73)
209.16: (-0.62, -0.27, -0.74)
209.28: (-0.63, -0.29, -0.72)
209.40: (-0.63, -0.29, -0.72)
209.51: (-0.64, -0.27, -0.72)
209.63: (-0.55, 0.23, -0.80)
209.75: (-0.02, 0.42, -0.91)
209.86: (0.17, 0.24, -0.96)
209.98: (0.07, 0.76, -0.64)
210.10: (-0.10, 0.92, 0.37)
210.21: (-0.15, 0.91, 0.39)
210.31: (-0.15, 0.91, 0.39)
210.43: (-0.18, 0.91, 0.37)
210.55: (-0.45, 0.68, 0.57)
210.66: (-0.72, 0.37, 0.58)
210.78: (-0.92, 0.20, 0.34)
210.88: (-0.98, 0.15, 0.11)
210.98: (-1.00, 0.01, 0.04)
211.10: (-0.94, -0.28, 0.17)
211.21: (-0.69, -0.51, 0.51)
211.33: (-0.20, -0.57, 0.80)
211.44: (0.16, -0.52, 0.84)
211.56: (0.45, 0.10, 0.89)
211.66: (0.25, 0.73, 0.63)
211.78: (0.06, 0.95, 0.32)
211.89: (0.19, 0.98, 0.03)
211.99: (0.56, 0.78, -0.28)
212.11: (0.71, 0.60, -0.37)
212.23: (0.71, 0.60, -0.37)
212.33: (0.71, 0.61, -0.36)
212.44: (0.80, 0.52, -0.30)
212.56: (0.97, 0.21, -0.09)
212.59: (0.99, 0.14, -0.03)
212.59: (-0.77, 0.62, -0.17): 2
212.66: (0.99, 0.11, -0.03)
212.78: (0.99, 0.11, -0.06)
212.89: (0.99, 0.09, -0.08)
213.01: (1.00, 0.06, -0.07)
213.13: (1.00, 0.06, -0.06)
213.23: (1.00, 0.06, -0.06)
213.34: (0.83, 0.51, 0.24)
213.46: (-0.02, 0.88, 0.47)
213.58: (-0.49, 0.79, 0.36)
213.69: (-0.91, 0.35, 0.20)
213.79: (-0.95, 0.28, 0.15)
213.89: (-0.95, 0.28, 0.15)
214.01: (-0.94, 0.34, 0.08)
214.13: (-0.80, 0.57, -0.20)
214.18: (-0.77, 0.60, -0.20)
214.18: (0.93, -0.27, 0.24): 2
214.23: (-0.78, 0.60, -0.20)
214.34: (-0.77, 0.61, -0.20)
214.46: (-0.77, 0.61, -0.20)
214.58: (-0.77, 0.61, -0.20)
214.69: (-0.75, 0.62, -0.23)
214.79: (-0.75, 0.62, -0.24)
214.91: (-0.75, 0.62, -0.24)
215.03: (-0.75, 0.61, -0.24)
215.14: (-0.53, 0.84, 0.09)
215.26: (0.60, 0.65, 0.47)
215.38: (0.73, 0.50, 0.47)
215.49: (0.73, 0.50, 0.47)
215.61: (0.76, 0.45, 0.47)
215.71: (0.95, 0.01, 0.31)
215.83: (0.95, -0.17, 0.26)
215.83: (-0.03, -0.48, -0.87): 1
215.83: (0.95, -0.17, 0.26)
215.93: (0.95, -0.17, 0.26)
216.04: (0.96, -0.18, 0.24)
216.16: (0.96, -0.18, 0.23)
216.28: (0.96, -0.18, 0.23)
216.39: (0.86, -0.51, 0.04)
216.51: (-0.07, -0.92, -0.38)
216.63: (-0.13, -0.91, -0.39)
216.74: (-0.13, -0.91, -0.39)
216.86: (-0.10, -0.90, -0.42)
216.98: (-0.03, -0.64, -0.77)
217.09: (-0.05, -0.52, -0.85)
217.14: (-0.05, -0.52, -0.85)
217.14: (-0.86, 0.43, -0.28): 2
217.21: (-0.05, -0.52, -0.85)
217.33: (-0.05, -0.53, -0.85)
217.44: (-0.05, -0.53, -0.85)
217.56: (-0.05, -0.53, -0.85)
217.68: (-0.05, -0.53, -0.85)
217.78: (-0.07, -0.75, -0.66)
217.89: (-0.55, -0.77, -0.33)
218.01: (-0.93, 0.24, -0.29)
218.13: (-0.78, 0.58, -0.23)
218.24: (-0.78, 0.58, -0.23)
218.36: (-0.79, 0.57, -0.22)
218.46: (-0.81, 0.51, -0.28)
218.46: (0.96, -0.04, -0.29): 1
218.48: (-0.82, 0.50, -0.28)
218.58: (-0.83, 0.48, -0.28)
218.69: (-0.83, 0.48, -0.29)
218.81: (-0.83, 0.48, -0.30)
218.93: (-0.83, 0.48, -0.30)
219.04: (-0.89, 0.42, -0.16)
219.16: (-0.82, 0.13, 0.56)
219.28: (-0.57, -0.04, 0.82)
219.39: (-0.46, 0.43, 0.78)
219.51: (-0.45, 0.89, -0.06)
219.63: (-0.23, 0.91, -0.33)
219.74: (-0.26, 0.91, -0.32)
219.86: (-0.16, 0.94, -0.30)
219.96: (0.64, 0.75, -0.19)
220.08: (0.96, 0.28, -0.01)
220.18: (0.98, 0.20, 0.00)
220.29: (0.97, 0.11, -0.20)
220.34: (0.96, 0.04, -0.27)
220.34: (0.62, 0.78, -0.08): 2
220.41: (0.96, 0.00, -0.28)
220.53: (0.96, 0.03, -0.28)
220.64: (0.96, 0.03, -0.28)
220.74: (0.96, 0.03, -0.28)
220.86: (0.93, 0.34, -0.14)
220.98: (0.71, 0.70, -0.07)
221.01: (0.69, 0.72, -0.06)
221.01: (0.97, -0.17, -0.19): 1
221.08: (0.69, 0.72, -0.06)
221.19: (0.69, 0.72, -0.06)
221.31: (0.79, 0.61, -0.10)
221.43: (0.98, 0.03, -0.20)
221.54: (0.95, -0.16, -0.25)
221.54: (-0.05, 0.21, 0.98): 2
221.54: (0.95, -0.16, -0.25)
221.66: (0.95, -0.16, -0.25)
221.78: (0.95, -0.16, -0.26)
221.88: (0.95, -0.19, -0.24)
221.98: (0.96, 0.17, -0.21)
222.09: (0.10, 0.95, -0.29)
222.21: (-0.67, 0.73, -0.16)
222.33: (-0.66, 0.74, -0.17)
222.43: (-0.66, 0.74, -0.17)
222.54: (-0.91, 0.41, 0.01)
222.66: (-0.81, -0.57, 0.13)
222.78: (-0.76, -0.65, 0.00)
222.88: (-0.69, -0.69, -0.22)
222.98: (-0.58, -0.71, -0.40)
223.09: (-0.31, -0.84, -0.45)
223.19: (-0.16, -0.98, -0.10)
223.31: (-0.38, -0.51, 0.77)
223.43: (-0.36, -0.24, 0.90)
223.54: (-0.51, -0.23, 0.83)
223.66: (-0.36, -0.18, 0.92)
223.78: (-0.15, 0.07, 0.99)
223.86: (-0.05, 0.15, 0.99)
223.86: (-0.34, 0.94, 0.02): 0
223.88: (-0.05, 0.15, 0.99)
223.99: (-0.05, 0.15, 0.99)
224.11: (-0.05, 0.15, 0.99)
224.21: (-0.10, 0.13, 0.99)
224.33: (-0.68, 0.10, 0.73)
224.44: (-0.98, 0.07, -0.18)
224.56: (-0.76, 0.01, -0.66)
224.66: (-0.73, -0.05, -0.68)
224.78: (-0.68, -0.47, -0.57)
224.89: (-0.40, -0.90, -0.20)
225.01: (-0.37, -0.93, 0.05)
225.13: (-0.69, -0.51, 0.52)
225.24: (-0.53, 0.72, 0.46)
225.34: (-0.13, 0.96, 0.26)
225.46: (-0.13, 0.96, 0.26)
225.58: (-0.14, 0.95, 0.26)
225.69: (-0.13, 0.99, 0.07)
225.79: (-0.28, 0.95, -0.12)
225.79: (-0.33, 0.93, 0.18): 0
225.81: (-0.28, 0.95, -0.12)
225.93: (-0.29, 0.95, -0.09)
226.04: (-0.29, 0.95, -0.09)
226.16: (-0.33, 0.93, 0.15)
226.18: (-0.33, 0.93, 0.17)
226.18: (-0.63, -0.78, -0.03): 2
226.28: (-0.34, 0.92, 0.19)
226.39: (-0.35, 0.91, 0.22)
226.49: (-0.33, 0.91, 0.26)
226.61: (0.18, 0.94, 0.27)
226.73: (0.83, 0.55, -0.13)
226.83: (0.95, 0.25, -0.20)
226.94: (0.23, 0.86, 0.45)
227.06: (-0.90, 0.29, 0.32)
227.18: (-0.90, 0.28, 0.32)
227.28: (-0.90, 0.28, 0.32)
227.39: (-0.93, 0.28, 0.26)
227.51: (-0.89, -0.38, -0.26)
227.62: (-0.37, -0.82, -0.43)
227.73: (-0.36, -0.84, -0.40)
227.84: (-0.55, -0.83, -0.07)
227.93: (-0.61, -0.79, -0.02)
227.93: (-1.00, 0.07, 0.01): 1
227.96: (-0.61, -0.80, -0.02)
228.08: (-0.61, -0.79, -0.01)
228.19: (-0.61, -0.79, -0.01)
228.31: (-0.61, -0.79, -0.01)
228.41: (-0.69, -0.72, -0.08)
228.52: (-0.94, 0.04, -0.33)
228.64: (-0.77, 0.63, -0.13)
228.74: (-0.77, 0.63, -0.13)
228.86: (-0.77, 0.62, -0.12)
228.97: (-0.97, 0.25, 0.00)
229.04: (-0.99, 0.14, 0.01)
229.04: (-0.77, -0.24, -0.60): 1
229.08: (-0.99, 0.14, 0.01)
229.19: (-0.99, 0.14, 0.01)
229.31: (-0.99, 0.14, 0.01)
229.41: (-0.99, 0.02, -0.16)
229.52: (-0.86, -0.12, -0.50)
229.52: (-0.71, -0.54, 0.45): 0
229.52: (-0.86, -0.12, -0.50)
229.64: (-0.85, -0.14, -0.50)
229.76: (-0.85, -0.14, -0.50)
229.87: (-0.85, -0.14, -0.50)
229.99: (-0.83, -0.23, -0.51)
230.11: (-0.38, -0.87, -0.31)
230.21: (-0.31, -0.95, -0.05)
230.32: (-0.31, -0.95, -0.05)
230.44: (-0.31, -0.95, -0.05)
230.56: (-0.39, -0.91, 0.14)
230.67: (-0.55, -0.73, 0.41)
230.77: (-0.68, -0.60, 0.41)
230.86: (-0.71, -0.61, 0.36)
230.86: (-1.00, 0.08, -0.03): 0
230.89: (-0.71, -0.61, 0.36)
231.01: (-0.70, -0.61, 0.37)
231.12: (-0.61, -0.70, 0.36)
231.22: (-0.82, -0.54, 0.18)
231.34: (-1.00, -0.06, 0.02)
231.42: (-0.99, 0.14, -0.03)
231.42: (-0.56, 0.06, -0.83): 0
231.46: (-0.99, 0.15, -0.03)
231.56: (-0.99, 0.15, -0.03)
231.67: (-0.99, 0.15, -0.02)
231.79: (-0.99, 0.16, -0.02)
231.91: (-0.98, -0.17, 0.06)
232.01: (-0.58, -0.81, 0.07)
232.12: (-0.25, -0.94, -0.23)
232.22: (0.08, -0.98, -0.18)
232.34: (0.89, -0.30, 0.36)
232.46: (0.66, 0.62, 0.43)
232.57: (0.53, 0.73, 0.43)
232.67: (0.53, 0.73, 0.43)
232.79: (0.53, 0.73, 0.43)
232.91: (0.21, 0.76, 0.61)
233.02: (-0.44, 0.70, 0.56)
233.12: (-0.65, 0.72, 0.25)
233.24: (-0.52, 0.73, -0.44)
233.34: (-0.01, 0.59, -0.81)
233.46: (0.12, 0.53, -0.84)
233.57: (0.12, 0.53, -0.84)
233.69: (0.04, 0.50, -0.86)
233.81: (-0.39, 0.26, -0.88)
233.92: (-0.63, 0.12, -0.77)
233.94: (-0.64, 0.11, -0.76)
233.94: (0.64, 0.61, 0.46): 2
234.02: (-0.63, 0.12, -0.77)
234.14: (-0.63, 0.12, -0.77)
234.26: (-0.62, 0.09, -0.78)
234.36: (-0.56, -0.03, -0.83)
234.47: (-0.20, -0.68, -0.70)
234.59: (-0.20, -0.82, -0.53)
234.71: (-0.53, -0.18, -0.83)
234.82: (-0.56, 0.60, -0.58)
234.94: (-0.43, 0.89, -0.14)
235.06: (-0.05, 0.91, 0.41)
235.17: (0.41, 0.43, 0.80)
235.29: (0.51, 0.30, 0.80)
235.41: (0.44, 0.53, 0.73)
235.52: (0.53, 0.63, 0.56)
235.61: (0.63, 0.61, 0.47)
END