4/1/2023 3:08:41 PM
Mode: Mono
White time (s): [0.6663818, 1.533356, 3.949005, 3.58255, 1.399658, 0.5167236, 0.6832275, 1.399628, 1.149658, 0.7331848, 6.015228, 3.382751, 4.265656, 0.5331726, 1.549988, 1.282898, 2.332916, 1.616516, 4.265717, 3.482819, 1.23291, 1.432739, 1.666351, 1.283051, 4.049194, 1.383026, 2.499481, 0.7830505, 1.649994, 0.8667297]
Shot time (s): [2.465881, 3.132813, 1.316223, 3.932709, 6.798706, 2.049713, 2.132965, 7.798492, 3.599365, 0.4832153, 2.732819, 2.849396, 0.6998291, 0.6002808, 2.849213, 3.032928, 2.032928, 1.41626, 4.266144, 1.199615, 2.049927, 0.9162292, 0.5996704, 6.282013, 0.7164307, 1.25, 1.483154, 0.7502747, 1.166595, 1.332825]
Step time (s): [0.666687, 0.4333496, 6.865356, 2.216431, 4.215759, 3.09903, 2.233429, 1.266235, 0.9163513, 2.2164, 1.233002, 0.6831665, 1.349823, 0.6164551, 3.415833, 5.748749, 2.799286, 0.5332336, 1.799652, 2.16629, 1.566254, 2.116272, 1.283142, 2.866272, 0.7665405, 4.515381, 2.399689, 0.7661743, 1.616241, 1.299835]
White horz (deg): [21.35, 367.2, 1140.1, 938.8502, 384.7, 24, 64.65001, 124.4, 196.1, 35.2, 1331.151, 946.2001, 490.1501, 33.7, 388.7501, 254.15, 679.8502, 495.5501, 1591.001, 1257.55, 92.55, 363.6501, 560.9501, 240.55, 1464.8, 218, 758.7499, 120.7, 332.4, 168.6]
Shot horz (deg): [220.35, 341.3501, 122.8, 749.2501, 2143.85, 311.8, 243.1, 2067.9, 1337.65, 11.4, 671.2499, 581.5499, 29.3, 44, 877.1, 1277.901, 698.1501, 335.0501, 1715.7, 236.45, 523.3, 52.39999, 43.95, 1649.5, 25.7, 327.25, 231.9, 50.65, 301.25, 474.0499]
Step horz (deg): [23.45, 8.150002, 807.7498, 367.55, 1139.5, 601.7002, 561.7499, 253.9, 95.9, 481.75, 276.6, 86.65, 310.9, 33.40001, 1210.5, 1926.951, 708.3, 58.85, 487.05, 621.05, 179.7, 515.45, 371.3, 1022.55, 55.35001, 1177.3, 590.6998, 176.8, 488.9, 293.7]
White vert (deg): [35.5, 128.85, 395.3501, 234.65, 48.7, 5, 66.14999, 136.1, 75.59999, 60.75, 533.3499, 246.75, 183.6501, 21.15, 153.5, 58.90002, 135.75, 120.8, 254.9501, 250.9, 77.09999, 88.89999, 148.1, 95.15, 348.1501, 102.4, 359.0999, 55.85, 81.20002, 43.8]
Shot vert (deg): [208.45, 215.0999, 67.7, 279.9499, 490.55, 142.25, 128.95, 655.6998, 265, 32.55, 248.5, 257.5, 32.80001, 9.5, 329.85, 251.8, 129.75, 100.4, 258.7, 40.35, 126.25, 66.35, 32.05, 627.8003, 33.8, 50.80001, 77.60001, 60.05001, 140.25, 78.10001]
Step vert (deg): [13, 7.400001, 727.8002, 275.65, 466.25, 487.4002, 232.6501, 57.95, 68.6, 213.7, 50.35001, 29.8, 121.6, 15.65, 205.75, 502.1, 135.8, 10, 121.7, 135.2, 132.45, 145, 44.2, 253.6499, 40.3, 446.5999, 251.5999, 45.8, 136.6, 58.44999]

Time in sec: camera forward versor
Time in sec: target versor: sound type (0 = White, 1 = Shot, 2 = Step)
START
299.71: (-0.71, 0.59, -0.39): 1
299.71: (-0.26, 0.43, 0.86)
299.83: (-0.26, 0.43, 0.86)
299.94: (-0.26, 0.42, 0.87)
300.06: (-0.28, 0.41, 0.87)
300.16: (-0.29, 0.40, 0.87)
300.28: (-0.35, 0.38, 0.85)
300.39: (-0.13, 0.88, 0.45)
300.51: (-0.05, 0.93, 0.35)
300.63: (-0.05, 0.93, 0.36)
300.74: (0.19, 0.98, 0.02)
300.86: (0.51, 0.65, -0.56)
300.98: (0.55, 0.49, -0.68)
301.08: (0.54, 0.53, -0.65)
301.19: (0.24, 0.86, -0.45)
301.29: (-0.22, 0.96, 0.16)
301.41: (-0.48, 0.65, 0.59)
301.53: (-0.47, 0.68, 0.57)
301.63: (-0.47, 0.68, 0.57)
301.74: (-0.63, 0.76, 0.18)
301.86: (-0.78, 0.62, -0.09)
301.98: (-0.78, 0.61, -0.15)
302.08: (-0.71, 0.65, -0.27)
302.18: (-0.70, 0.64, -0.33)
302.18: (0.24, 0.84, -0.49): 1
302.19: (-0.70, 0.64, -0.33)
302.29: (-0.70, 0.64, -0.33)
302.41: (-0.72, 0.65, -0.25)
302.53: (-0.72, 0.66, -0.20)
302.64: (-0.72, 0.66, -0.20)
302.74: (-0.80, 0.57, -0.17)
302.86: (-0.97, 0.15, 0.17)
302.96: (-0.90, -0.18, 0.40)
303.08: (-0.90, -0.20, 0.40)
303.18: (-0.77, -0.44, 0.46)
303.29: (-0.73, -0.49, 0.47)
303.41: (-0.75, -0.47, 0.47)
303.51: (-0.73, -0.50, 0.46)
303.63: (-0.68, -0.60, 0.42)
303.74: (-0.88, -0.44, -0.16)
303.86: (-0.84, -0.29, -0.45)
303.96: (-0.83, 0.24, -0.50)
304.08: (-0.59, 0.72, -0.35)
304.19: (-0.32, 0.94, -0.10)
304.31: (-0.42, 0.91, -0.01)
304.43: (-0.42, 0.91, -0.03)
304.54: (0.39, 0.91, 0.15)
304.66: (0.85, 0.40, 0.35)
304.76: (0.79, 0.41, 0.45)
304.86: (0.67, 0.68, 0.30)
304.98: (0.42, 0.89, -0.17)
305.08: (0.44, 0.87, -0.20)
305.18: (0.44, 0.87, -0.23)
305.29: (0.25, 0.88, -0.40)
305.31: (0.24, 0.88, -0.40)
305.31: (0.37, 0.92, 0.10): 2
305.39: (0.24, 0.88, -0.40)
305.51: (0.24, 0.88, -0.40)
305.63: (0.21, 0.92, -0.32)
305.74: (0.27, 0.95, -0.17)
305.84: (0.37, 0.93, 0.03)
305.94: (0.38, 0.93, 0.02)
305.98: (0.38, 0.92, 0.02)
305.98: (0.34, 0.93, 0.11): 2
306.04: (0.38, 0.92, 0.02)
306.16: (0.37, 0.93, 0.02)
306.28: (0.23, 0.97, 0.00)
306.38: (0.22, 0.97, 0.03)
306.41: (0.22, 0.97, 0.03)
306.41: (0.87, -0.40, 0.27): 1
306.49: (0.22, 0.97, 0.03)
306.59: (0.25, 0.97, 0.05)
306.69: (0.23, 0.97, 0.05)
306.81: (0.22, 0.97, 0.10)
306.93: (0.58, 0.70, 0.42)
307.04: (0.81, 0.25, 0.53)
307.16: (0.78, 0.38, 0.50)
307.28: (0.78, 0.38, 0.50)
307.38: (0.94, -0.01, 0.33)
307.49: (0.85, -0.49, 0.20)
307.61: (0.87, -0.45, 0.22)
307.71: (0.90, -0.33, 0.30)
307.73: (0.90, -0.32, 0.30)
307.73: (0.98, -0.06, -0.18): 0
307.81: (0.90, -0.32, 0.30)
307.93: (0.89, -0.30, 0.34)
308.04: (0.96, -0.18, 0.23)
308.16: (0.99, -0.17, 0.00)
308.28: (0.97, -0.19, -0.11)
308.39: (0.97, -0.12, -0.22)
308.39: (-0.91, -0.04, -0.42): 2
308.39: (0.97, -0.12, -0.22)
308.51: (0.97, -0.12, -0.22)
308.63: (0.98, -0.03, -0.18)
308.73: (1.00, 0.00, -0.08)
308.84: (1.00, -0.02, -0.06)
308.96: (0.94, 0.00, -0.34)
309.08: (0.74, 0.26, -0.63)
309.19: (0.71, 0.22, -0.67)
309.31: (0.63, 0.10, -0.77)
309.43: (0.60, -0.34, -0.73)
309.54: (0.57, -0.63, -0.53)
309.66: (0.57, -0.63, -0.53)
309.78: (0.57, -0.63, -0.53)
309.88: (0.17, -0.92, -0.36)
309.99: (-0.17, -0.98, -0.04)
310.11: (-0.12, -0.99, -0.09)
310.21: (-0.21, -0.98, -0.03)
310.33: (-0.61, -0.72, 0.33)
310.43: (-0.54, -0.79, 0.27)
310.54: (-0.54, -0.80, 0.27)
310.66: (-0.67, -0.58, 0.46)
310.76: (-0.74, -0.06, 0.67)
310.88: (-0.56, 0.35, 0.75)
310.99: (-0.31, 0.52, 0.79)
311.09: (-0.02, 0.80, 0.61)
311.21: (0.26, 0.94, 0.22)
311.33: (0.34, 0.88, 0.32)
311.44: (0.34, 0.88, 0.32)
311.54: (0.44, 0.87, 0.22)
311.66: (0.91, 0.37, -0.16)
311.77: (0.93, 0.27, 0.26)
311.89: (0.63, 0.24, 0.74)
311.99: (0.55, 0.19, 0.81)
312.11: (0.58, -0.21, 0.79)
312.22: (0.63, -0.59, 0.50)
312.32: (0.61, -0.50, 0.62)
312.44: (0.61, -0.45, 0.66)
312.56: (0.68, -0.41, 0.61)
312.67: (0.87, -0.40, -0.28)
312.77: (0.74, -0.23, -0.63)
312.89: (0.64, -0.10, -0.77)
313.01: (0.30, -0.06, -0.95)
313.12: (-0.06, -0.29, -0.95)
313.24: (-0.05, -0.58, -0.81)
313.34: (0.14, -0.82, -0.55)
313.46: (0.46, -0.88, -0.14)
313.57: (0.67, -0.72, 0.18)
313.67: (0.85, -0.38, 0.36)
313.79: (0.87, -0.35, 0.34)
313.89: (0.88, -0.36, 0.32)
314.01: (0.76, -0.02, 0.65)
314.12: (0.26, 0.47, 0.84)
314.24: (-0.26, 0.63, 0.73)
314.34: (-0.70, 0.63, 0.35)
314.46: (-0.91, 0.39, -0.13)
314.57: (-0.69, 0.20, -0.70)
314.69: (-0.24, 0.16, -0.96)
314.79: (-0.42, 0.20, -0.89)
314.91: (-0.80, 0.14, -0.59)
315.02: (-0.88, 0.11, -0.47)
315.12: (-0.94, 0.00, -0.35)
315.24: (-0.94, -0.11, -0.33)
315.26: (-0.93, -0.12, -0.34)
315.26: (0.81, -0.46, -0.37): 2
315.36: (-0.93, -0.12, -0.34)
315.47: (-0.93, -0.11, -0.35)
315.57: (-0.95, 0.08, -0.31)
315.67: (-0.97, 0.25, -0.08)
315.79: (-0.71, 0.41, 0.58)
315.91: (0.08, 0.51, 0.86)
316.01: (0.58, 0.49, 0.65)
316.12: (0.65, 0.68, 0.35)
316.24: (0.45, 0.89, 0.00)
316.36: (0.13, 0.90, -0.42)
316.47: (0.47, 0.67, -0.57)
316.57: (0.81, 0.32, -0.49)
316.69: (0.97, -0.18, 0.17)
316.81: (0.54, -0.35, 0.77)
316.92: (0.10, -0.31, 0.95)
317.04: (0.55, -0.41, 0.73)
317.16: (0.83, -0.49, 0.27)
317.26: (0.89, -0.43, -0.17)
317.37: (0.79, -0.49, -0.37)
317.47: (0.76, -0.50, -0.42)
317.47: (-0.26, 0.72, -0.65): 2
317.47: (0.76, -0.50, -0.42)
317.57: (0.76, -0.50, -0.42)
317.69: (0.79, -0.46, -0.41)
317.79: (0.84, -0.43, -0.34)
317.91: (0.74, -0.67, 0.08)
318.02: (0.32, -0.76, 0.56)
318.14: (0.29, -0.68, 0.67)
318.26: (0.29, -0.68, 0.67)
318.36: (0.29, -0.68, 0.67)
318.47: (0.40, -0.65, 0.64)
318.59: (0.10, -0.93, 0.35)
318.71: (-0.14, -0.95, -0.28)
318.82: (-0.19, -0.84, -0.51)
318.94: (-0.43, -0.83, -0.35)
319.04: (-0.77, -0.59, 0.24)
319.16: (-0.49, 0.21, 0.85)
319.27: (0.21, 0.55, 0.81)
319.37: (-0.02, -0.09, 1.00)
319.49: (-0.75, -0.67, -0.01)
319.59: (-0.45, -0.44, -0.77)
319.71: (-0.04, -0.59, -0.81)
319.82: (-0.22, -0.97, 0.13)
319.94: (-0.24, -0.06, 0.97)
320.06: (0.27, 0.45, 0.85)
320.16: (0.44, -0.35, 0.83)
320.27: (-0.31, -0.95, -0.01)
320.39: (-0.73, -0.05, -0.68)
320.51: (-0.18, 0.71, -0.68)
320.61: (0.10, 0.45, -0.89)
320.72: (-0.43, -0.51, -0.74)
320.84: (-0.64, -0.77, -0.02)
320.94: (-0.62, -0.55, -0.55)
321.06: (-0.48, 0.17, -0.86)
321.17: (-0.61, 0.47, -0.64)
321.29: (-0.59, 0.64, -0.50)
321.41: (-0.23, 0.75, -0.62)
321.52: (-0.08, 0.72, -0.69)
321.62: (-0.18, 0.70, -0.70)
321.69: (-0.30, 0.66, -0.69)
321.69: (0.34, -0.90, 0.26): 0
321.74: (-0.30, 0.66, -0.69)
321.86: (-0.30, 0.66, -0.69)
321.97: (-0.47, 0.63, -0.62)
322.09: (-0.94, 0.34, -0.04)
322.21: (-0.47, -0.57, 0.68)
322.31: (0.47, -0.85, 0.24)
322.42: (0.65, -0.45, -0.61)
322.52: (0.40, -0.06, -0.92)
322.64: (0.47, -0.40, -0.79)
322.76: (0.52, -0.85, -0.12)
322.87: (0.48, -0.84, 0.28)
322.99: (0.51, -0.81, 0.28)
323.11: (0.45, -0.87, 0.20)
323.21: (0.41, -0.88, 0.24)
323.22: (0.40, -0.88, 0.25)
323.22: (-1.00, 0.04, -0.04): 2
323.32: (0.39, -0.88, 0.28)
323.44: (0.36, -0.84, 0.40)
323.56: (0.28, -0.53, 0.80)
323.67: (0.06, 0.11, 0.99)
323.79: (-0.18, 0.75, 0.63)
323.89: (-0.01, 0.96, 0.29)
324.01: (0.32, 0.94, -0.08)
324.12: (0.73, 0.61, -0.32)
324.24: (1.00, -0.08, -0.04)
324.36: (0.68, -0.61, 0.41)
324.47: (0.25, -0.63, 0.73)
324.59: (-0.12, -0.36, 0.93)
324.71: (-0.32, 0.11, 0.94)
324.81: (-0.35, 0.57, 0.75)
324.92: (-0.07, 0.91, 0.42)
325.04: (0.60, 0.79, 0.15)
325.14: (0.98, 0.20, 0.09)
325.26: (0.75, -0.57, 0.33)
325.37: (-0.15, -0.93, 0.33)
325.49: (-0.80, -0.60, -0.08)
325.59: (-0.89, -0.10, -0.45)
325.69: (-0.72, 0.38, -0.58)
325.81: (-0.85, 0.24, -0.46)
325.92: (-0.99, 0.00, -0.16)
326.04: (-1.00, -0.05, 0.05)
326.14: (-1.00, 0.04, 0.08)
326.24: (-0.99, 0.10, 0.02)
326.32: (-0.99, 0.13, -0.02)
326.32: (-0.44, 0.65, 0.62): 0
326.36: (-0.99, 0.13, -0.02)
326.46: (-0.99, 0.13, -0.02)
326.57: (-1.00, 0.07, -0.02)
326.69: (-0.77, -0.63, 0.10)
326.79: (0.13, -0.99, 0.09)
326.91: (0.95, -0.30, -0.05)
327.01: (0.86, 0.49, -0.17)
327.12: (0.36, 0.90, -0.22)
327.24: (-0.13, 0.94, -0.30)
327.36: (-0.57, 0.72, -0.38)
327.47: (-0.66, 0.43, -0.62)
327.57: (-0.68, 0.07, -0.73)
327.69: (-0.64, -0.39, -0.67)
327.80: (-0.70, -0.67, -0.24)
327.92: (-0.61, -0.78, 0.14)
328.04: (-0.50, -0.87, 0.06)
328.16: (-0.42, -0.69, -0.59)
328.27: (-0.30, 0.27, -0.92)
328.39: (0.08, 0.94, -0.33)
328.50: (0.36, 0.82, 0.45)
328.60: (0.38, 0.29, 0.88)
328.72: (0.35, -0.58, 0.74)
328.84: (0.43, -0.90, -0.11)
328.95: (0.48, -0.48, -0.74)
329.07: (0.75, -0.20, -0.63)
329.17: (0.98, -0.17, 0.11)
329.29: (0.24, 0.03, 0.97)
329.39: (-0.66, 0.14, 0.74)
329.50: (-0.94, 0.19, -0.27)
329.60: (-0.63, 0.26, -0.73)
329.72: (-0.85, 0.48, -0.21)
329.84: (-0.77, 0.49, 0.42)
329.95: (-0.63, 0.40, 0.67)
330.07: (-0.56, 0.44, 0.70)
330.19: (-0.49, 0.58, 0.65)
330.27: (-0.47, 0.59, 0.66)
330.27: (0.98, -0.01, 0.21): 2
330.29: (-0.47, 0.59, 0.66)
330.40: (-0.48, 0.59, 0.65)
330.50: (-0.49, 0.56, 0.66)
330.60: (-0.51, 0.13, 0.85)
330.70: (-0.34, -0.50, 0.79)
330.82: (-0.06, -0.95, 0.30)
330.94: (0.31, -0.84, -0.44)
331.05: (0.43, -0.29, -0.85)
331.17: (0.12, -0.03, -0.99)
331.27: (-0.52, -0.27, -0.81)
331.39: (-0.81, -0.55, 0.20)
331.50: (-0.04, -0.28, 0.96)
331.62: (0.64, -0.01, 0.77)
331.74: (0.98, 0.18, 0.12)
331.85: (0.73, 0.22, -0.64)
331.97: (0.69, 0.16, -0.71)
332.07: (0.97, 0.09, -0.22)
332.17: (0.97, 0.03, 0.23)
332.29: (0.93, 0.07, 0.37)
332.40: (0.97, 0.06, 0.24)
332.50: (0.98, 0.04, 0.22)
332.50: (-0.62, -0.12, 0.78): 2
332.50: (0.98, 0.04, 0.22)
332.62: (0.97, 0.04, 0.22)
332.74: (0.90, 0.15, 0.42)
332.85: (0.51, 0.35, 0.78)
332.95: (-0.12, 0.19, 0.97)
333.07: (-0.82, -0.28, 0.49)
333.19: (-0.86, -0.49, -0.11)
333.30: (-0.90, -0.44, -0.01)
333.42: (-0.84, -0.24, 0.48)
333.52: (-0.61, -0.04, 0.79)
333.64: (-0.53, -0.01, 0.85)
333.75: (-0.61, -0.10, 0.79)
333.77: (-0.61, -0.10, 0.79)
333.77: (-0.62, 0.79, 0.04): 0
333.85: (-0.61, -0.11, 0.79)
333.97: (-0.61, -0.10, 0.79)
334.09: (-0.68, -0.04, 0.73)
334.20: (-0.56, 0.26, 0.78)
334.30: (-0.06, 0.57, 0.82)
334.42: (0.55, 0.60, 0.58)
334.54: (0.85, 0.41, 0.34)
334.64: (0.98, 0.04, -0.19)
334.75: (0.93, -0.10, -0.36)
334.87: (0.93, -0.10, -0.36)
334.99: (0.95, -0.06, -0.30)
335.10: (0.65, -0.05, -0.76)
335.22: (-0.21, -0.25, -0.94)
335.34: (-0.78, -0.38, -0.50)
335.45: (-0.90, -0.35, 0.26)
335.57: (-0.63, -0.30, 0.71)
335.67: (-0.39, -0.32, 0.86)
335.79: (0.09, -0.31, 0.95)
335.90: (0.68, 0.01, 0.74)
336.00: (0.91, 0.34, 0.23)
336.12: (0.88, 0.41, -0.25)
336.22: (0.99, 0.02, -0.14)
336.32: (0.63, -0.49, 0.61)
336.42: (-0.48, -0.29, 0.83)
336.54: (-0.92, 0.39, -0.05)
336.65: (-0.23, 0.56, -0.80)
336.77: (0.41, 0.23, -0.88)
336.89: (0.00, 0.62, -0.78)
337.00: (-0.58, 0.79, -0.19)
337.12: (-0.68, 0.72, 0.12)
337.24: (-0.62, 0.77, 0.12)
337.35: (-0.55, 0.84, -0.01)
337.35: (-0.31, -0.52, 0.80): 0
337.35: (-0.55, 0.84, -0.01)
337.47: (-0.55, 0.84, -0.01)
337.57: (-0.58, 0.81, -0.02)
337.67: (-0.83, 0.52, 0.22)
337.79: (-0.61, -0.53, 0.59)
337.90: (0.38, -0.89, 0.24)
338.02: (0.90, -0.24, -0.36)
338.12: (0.91, -0.13, -0.39)
338.24: (0.51, -0.80, 0.31)
338.34: (-0.12, -0.71, 0.69)
338.45: (-0.40, -0.46, 0.79)
338.57: (-0.43, -0.38, 0.82)
338.69: (-0.37, -0.47, 0.80)
338.75: (-0.34, -0.51, 0.79)
338.75: (-0.07, -0.67, 0.74): 0
338.80: (-0.34, -0.51, 0.79)
338.90: (-0.34, -0.50, 0.79)
339.00: (-0.36, -0.50, 0.79)
339.12: (-0.13, -0.60, 0.79)
339.24: (0.00, -0.68, 0.73)
339.27: (0.00, -0.68, 0.73)
339.27: (-1.00, -0.02, 0.03): 2
339.35: (-0.01, -0.68, 0.73)
339.47: (-0.14, -0.71, 0.69)
339.57: (-0.14, -0.73, 0.67)
339.69: (-0.32, -0.77, 0.55)
339.80: (-0.90, -0.41, 0.14)
339.92: (-0.98, 0.00, -0.18)
340.04: (-0.99, 0.00, -0.11)
340.14: (-0.99, -0.06, 0.10)
340.19: (-0.99, -0.06, 0.13)
340.19: (-0.45, -0.61, 0.65): 0
340.24: (-0.99, -0.06, 0.13)
340.34: (-1.00, -0.02, 0.05)
340.45: (-0.99, 0.02, -0.10)
340.57: (-0.86, -0.38, 0.35)
340.69: (-0.53, -0.55, 0.64)
340.80: (-0.31, -0.57, 0.76)
340.87: (-0.32, -0.57, 0.76)
340.87: (-0.50, 0.82, 0.28): 0
340.92: (-0.37, -0.58, 0.73)
341.04: (-0.47, -0.58, 0.66)
341.14: (-0.58, -0.59, 0.55)
341.25: (-0.89, -0.30, 0.35)
341.37: (-0.97, 0.24, 0.03)
341.47: (-0.85, 0.45, -0.26)
341.59: (-0.66, 0.60, -0.45)
341.70: (-0.70, 0.71, -0.03)
341.80: (-0.55, 0.80, 0.25)
341.92: (-0.34, 0.84, 0.42)
342.04: (-0.33, 0.85, 0.42)
342.14: (-0.40, 0.86, 0.33)
342.25: (-0.45, 0.86, 0.23)
342.27: (-0.45, 0.86, 0.23)
342.27: (0.67, 0.71, 0.20): 2
342.35: (-0.45, 0.86, 0.24)
342.45: (-0.55, 0.81, 0.22)
342.57: (-0.81, 0.52, 0.26)
342.69: (-0.93, 0.02, 0.36)
342.79: (-0.52, -0.82, 0.25)
342.90: (0.08, -1.00, -0.05)
343.02: (-0.07, -1.00, -0.04)
343.14: (-0.58, -0.76, 0.30)
343.25: (-0.85, 0.09, 0.52)
343.37: (-0.47, 0.88, 0.03)
343.49: (0.35, 0.81, -0.47)
343.59: (0.78, 0.34, -0.53)
343.70: (0.85, -0.27, -0.45)
343.82: (0.91, -0.09, -0.41)
343.94: (0.87, 0.47, -0.15)
344.05: (0.61, 0.78, 0.16)
344.17: (0.49, 0.83, 0.26)
344.27: (0.51, 0.82, 0.25)
344.39: (0.64, 0.75, 0.17)
344.49: (0.71, 0.69, 0.15)
344.49: (-0.36, 0.79, 0.49): 0
344.50: (0.71, 0.69, 0.15)
344.62: (0.71, 0.69, 0.16)
344.74: (0.63, 0.77, 0.05)
344.85: (0.18, 0.97, -0.14)
344.95: (-0.40, 0.91, -0.13)
345.07: (-0.93, 0.38, -0.05)
345.18: (-1.00, 0.01, 0.05)
345.29: (-0.84, 0.47, 0.27)
345.40: (-0.42, 0.82, 0.39)
345.52: (-0.34, 0.81, 0.47)
345.63: (-0.39, 0.75, 0.53)
345.63: (0.44, 0.57, -0.70): 1
345.63: (-0.39, 0.75, 0.53)
345.73: (-0.39, 0.75, 0.53)
345.83: (-0.42, 0.78, 0.46)
345.95: (-0.70, 0.56, 0.44)
346.07: (-0.86, 0.17, 0.48)
346.18: (-0.77, -0.61, 0.19)
346.30: (-0.29, -0.93, -0.21)
346.40: (-0.03, -0.87, -0.49)
346.50: (0.20, -0.72, -0.67)
346.62: (0.15, -0.70, -0.70)
346.73: (0.14, -0.70, -0.70)
346.85: (0.53, -0.65, -0.55)
346.95: (0.99, -0.04, -0.12)
347.07: (0.91, 0.36, 0.21)
347.18: (0.74, 0.61, 0.28)
347.28: (0.29, 0.93, 0.21)
347.40: (-0.24, 0.97, 0.09)
347.50: (-0.59, 0.80, -0.09)
347.62: (-0.86, 0.39, -0.34)
347.73: (-0.83, -0.31, -0.47)
347.85: (-0.62, -0.67, -0.40)
347.97: (-0.65, -0.58, -0.50)
348.08: (-0.65, -0.58, -0.50)
348.18: (-0.65, -0.58, -0.50)
348.28: (-0.65, -0.58, -0.50)
348.40: (-0.39, -0.91, -0.12)
348.52: (0.51, -0.68, 0.53)
348.63: (0.91, -0.07, 0.41)
348.75: (0.88, 0.44, 0.15)
348.87: (0.51, 0.81, -0.30)
348.98: (0.15, 0.68, -0.71)
349.10: (0.41, 0.42, -0.81)
349.22: (0.62, 0.49, -0.62)
349.33: (0.54, 0.61, -0.58)
349.45: (0.47, 0.62, -0.62)
349.57: (0.45, 0.58, -0.68)
349.57: (0.47, -0.02, 0.88): 2
349.57: (0.45, 0.58, -0.68)
349.68: (0.45, 0.58, -0.68)
349.80: (0.57, 0.57, -0.59)
349.92: (0.88, 0.47, -0.11)
350.03: (0.71, -0.08, 0.70)
350.15: (-0.17, -0.61, 0.77)
350.27: (-0.53, -0.60, 0.60)
350.38: (0.04, -0.27, 0.96)
350.50: (0.45, 0.01, 0.89)
350.62: (0.56, 0.11, 0.82)
350.73: (0.52, 0.08, 0.85)
350.80: (0.50, 0.03, 0.87)
350.80: (0.89, -0.25, -0.38): 1
350.83: (0.50, 0.03, 0.87)
350.95: (0.50, 0.04, 0.86)
351.05: (0.50, 0.04, 0.86)
351.17: (0.38, 0.03, 0.93)
351.28: (-0.24, -0.16, 0.96)
351.40: (-0.77, -0.06, 0.63)
351.52: (-0.93, 0.26, 0.26)
351.62: (-0.93, 0.37, 0.01)
351.73: (-0.89, 0.42, -0.19)
351.85: (-0.63, 0.73, 0.26)
351.95: (0.13, 0.44, 0.89)
352.07: (0.65, -0.54, 0.53)
352.17: (0.41, -0.91, 0.05)
352.28: (-0.06, -0.85, -0.52)
352.38: (-0.37, -0.36, -0.86)
352.48: (-0.48, 0.28, -0.83)
352.60: (-0.44, 0.72, -0.54)
352.72: (-0.52, 0.70, -0.48)
352.83: (-0.52, 0.70, -0.48)
352.93: (-0.52, 0.70, -0.48)
353.05: (-0.42, 0.91, 0.05)
353.15: (0.05, 0.73, 0.68)
353.27: (0.57, 0.03, 0.82)
353.38: (0.58, -0.44, 0.68)
353.50: (0.15, -0.16, 0.98)
353.62: (-0.36, 0.85, 0.39)
353.72: (-0.25, 0.84, -0.48)
353.83: (-0.01, 0.26, -0.97)
353.95: (0.25, -0.56, -0.79)
354.05: (0.21, -0.96, -0.18)
354.17: (-0.07, -0.87, 0.48)
354.27: (-0.30, -0.71, 0.63)
354.38: (-0.21, -0.97, -0.12)
354.50: (0.33, -0.12, -0.94)
354.62: (0.32, 0.86, -0.38)
354.73: (-0.11, 0.75, 0.65)
354.85: (-0.43, -0.23, 0.87)
354.95: (-0.40, -0.84, 0.37)
355.05: (-0.20, -0.88, -0.43)
355.15: (-0.03, -0.53, -0.84)
355.27: (-0.14, -0.37, -0.92)
355.37: (-0.49, -0.45, -0.74)
355.48: (-0.70, -0.72, 0.04)
355.58: (-0.15, -0.48, 0.86)
355.70: (0.67, 0.37, 0.64)
355.82: (0.53, 0.67, -0.52)
355.93: (-0.28, 0.15, -0.95)
356.05: (-0.77, -0.39, -0.50)
356.15: (-0.82, -0.57, 0.11)
356.27: (-0.46, -0.56, 0.69)
356.37: (-0.13, -0.40, 0.91)
356.48: (0.34, 0.00, 0.94)
356.60: (0.44, 0.13, 0.89)
356.70: (0.44, 0.13, 0.89)
356.82: (0.45, 0.07, 0.89)
356.92: (0.89, 0.21, 0.40)
357.03: (0.76, 0.18, -0.63)
357.13: (0.51, -0.08, -0.86)
357.25: (0.57, -0.56, -0.60)
357.37: (0.73, -0.62, -0.28)
357.47: (0.86, -0.43, -0.27)
357.58: (0.90, -0.29, -0.31)
357.60: (0.90, -0.29, -0.31)
357.60: (0.87, -0.50, 0.07): 0
357.70: (0.90, -0.31, -0.30)
357.82: (0.88, -0.35, -0.31)
357.93: (0.82, -0.57, -0.05)
358.05: (0.67, -0.68, 0.30)
358.15: (0.72, -0.65, 0.25)
358.27: (0.85, -0.53, 0.04)
358.33: (0.86, -0.51, 0.00)
358.33: (-0.67, -0.74, 0.04): 0
358.38: (0.86, -0.51, 0.00)
358.50: (0.84, -0.55, 0.06)
358.60: (0.72, -0.65, 0.24)
358.72: (0.41, -0.75, 0.52)
358.83: (0.06, -0.60, 0.79)
358.93: (-0.20, -0.34, 0.92)
359.05: (-0.35, 0.07, 0.93)
359.15: (-0.34, 0.32, 0.89)
359.27: (-0.34, 0.32, 0.89)
359.38: (-0.34, 0.31, 0.89)
359.50: (-0.58, 0.62, 0.52)
359.62: (-0.45, 0.85, -0.27)
359.72: (-0.39, 0.79, -0.47)
359.83: (-0.50, 0.75, -0.42)
359.93: (-0.76, 0.59, -0.27)
360.03: (-0.98, 0.17, 0.12)
360.15: (-0.66, -0.34, 0.67)
360.27: (-0.55, -0.40, 0.73)
360.38: (-0.89, -0.14, 0.42)
360.50: (-0.60, 0.50, -0.63)
360.62: (0.15, 0.58, -0.80)
360.72: (0.15, 0.59, -0.80)
360.83: (0.15, 0.59, -0.80)
360.93: (0.00, 0.67, -0.74)
361.05: (0.54, 0.23, -0.81)
361.17: (0.86, -0.35, -0.37)
361.28: (0.82, -0.40, 0.40)
361.40: (0.25, -0.05, 0.97)
361.50: (0.17, 0.05, 0.98)
361.60: (0.17, 0.05, 0.98)
361.70: (0.10, 0.04, 0.99)
361.81: (-0.68, 0.12, 0.72)
361.93: (-0.88, 0.41, -0.23)
362.05: (-0.30, 0.45, -0.84)
362.16: (0.12, 0.42, -0.90)
362.28: (-0.20, 0.40, -0.89)
362.40: (-0.83, 0.10, -0.55)
362.51: (-0.84, -0.11, 0.54)
362.61: (0.03, 0.09, 1.00)
362.73: (0.79, 0.31, 0.53)
362.85: (0.87, 0.47, -0.13)
362.95: (0.76, 0.54, -0.35)
363.06: (0.77, 0.54, -0.35)
363.18: (0.84, 0.54, -0.04)
363.28: (0.70, 0.00, -0.72)
363.40: (-0.20, -0.45, -0.87)
363.51: (-0.75, -0.42, -0.52)
363.63: (-0.86, -0.35, -0.36)
363.73: (-1.00, 0.04, 0.09)
363.85: (-0.93, -0.34, -0.12)
363.96: (-0.77, -0.62, -0.18)
364.08: (-0.65, -0.74, -0.16)
364.20: (-0.64, -0.77, -0.07)
364.31: (-0.66, -0.75, 0.04)
364.35: (-0.67, -0.74, 0.06)
364.35: (-0.95, 0.09, -0.30): 0
364.42: (-0.67, -0.74, 0.07)
364.53: (-0.70, -0.71, -0.01)
364.65: (-0.37, -0.75, -0.55)
364.76: (0.51, -0.24, -0.83)
364.88: (0.79, 0.61, -0.02)
365.00: (0.51, 0.78, 0.36)
365.10: (0.51, 0.78, 0.36)
365.21: (0.58, 0.77, 0.27)
365.33: (0.38, 0.64, 0.67)
365.43: (-0.42, 0.00, 0.91)
365.55: (-0.81, -0.59, 0.02)
365.66: (-0.45, -0.41, -0.79)
365.78: (-0.04, 0.05, -1.00)
365.90: (0.09, 0.22, -0.97)
366.00: (-0.33, -0.09, -0.94)
366.11: (-0.74, -0.67, 0.03)
366.23: (0.00, -0.43, 0.90)
366.33: (0.58, 0.30, 0.76)
366.45: (0.59, 0.76, 0.26)
366.56: (0.59, 0.76, 0.26)
366.66: (0.59, 0.76, 0.26)
366.78: (0.65, 0.71, 0.26)
366.88: (0.84, 0.48, -0.26)
367.00: (0.42, 0.03, -0.91)
367.11: (-0.41, -0.25, -0.88)
367.23: (-0.91, -0.21, -0.36)
367.35: (-1.00, -0.10, 0.02)
367.46: (-0.99, -0.13, -0.02)
367.56: (-0.96, 0.02, -0.28)
367.68: (-0.94, 0.17, -0.30)
367.73: (-0.94, 0.17, -0.30)
367.73: (0.72, -0.34, 0.61): 1
367.80: (-0.94, 0.17, -0.30)
367.90: (-0.94, 0.13, -0.31)
368.01: (-0.92, 0.03, -0.38)
368.13: (-0.47, -0.34, -0.82)
368.25: (0.78, -0.15, -0.61)
368.35: (0.95, 0.29, 0.12)
368.46: (0.95, 0.29, 0.12)
368.58: (0.95, 0.29, 0.09)
368.70: (0.72, 0.07, 0.69)
368.80: (0.28, 0.01, 0.96)
368.91: (0.19, 0.23, 0.95)
369.03: (0.16, 0.23, 0.96)
369.15: (0.40, -0.04, 0.91)
369.25: (0.57, -0.37, 0.73)
369.36: (0.64, -0.39, 0.66)
369.48: (0.78, -0.22, 0.59)
369.60: (0.82, -0.24, 0.52)
369.71: (0.72, -0.38, 0.58)
369.78: (0.69, -0.40, 0.60)
369.78: (-0.16, -0.66, 0.73): 1
369.81: (0.71, -0.39, 0.59)
369.91: (0.77, -0.35, 0.54)
370.03: (0.82, -0.23, 0.52)
370.15: (0.82, -0.21, 0.53)
370.26: (0.82, -0.21, 0.53)
370.38: (0.82, -0.22, 0.53)
370.50: (0.81, -0.38, 0.45)
370.61: (0.69, -0.72, 0.06)
370.73: (0.56, -0.60, -0.57)
370.83: (0.43, -0.34, -0.83)
370.93: (0.57, -0.61, -0.54)
371.05: (0.37, -0.80, 0.46)
371.15: (0.01, -0.47, 0.88)
371.26: (0.05, -0.47, 0.88)
371.38: (-0.09, -0.44, 0.90)
371.50: (-0.44, -0.59, 0.67)
371.61: (-0.46, -0.69, 0.55)
371.73: (-0.28, -0.70, 0.66)
371.85: (-0.21, -0.70, 0.68)
371.91: (-0.19, -0.71, 0.68)
371.91: (-0.99, -0.11, -0.05): 0
371.96: (-0.20, -0.71, 0.68)
372.06: (-0.20, -0.71, 0.68)
372.18: (-0.15, -0.73, 0.67)
372.28: (-0.12, -0.70, 0.70)
372.40: (0.00, -0.88, 0.47)
372.51: (0.04, -0.94, 0.35)
372.61: (0.03, -0.92, 0.39)
372.73: (0.02, -0.93, 0.37)
372.83: (0.02, -0.95, 0.31)
372.95: (0.04, -0.95, 0.31)
373.05: (0.06, -0.95, 0.30)
373.16: (0.11, -0.98, 0.14)
373.28: (0.15, -0.99, -0.07)
373.38: (0.46, -0.73, -0.51)
373.48: (0.53, -0.23, -0.82)
373.60: (0.49, -0.28, -0.82)
373.71: (0.49, -0.28, -0.82)
373.83: (0.43, -0.32, -0.84)
373.93: (0.28, 0.05, -0.96)
374.05: (0.08, 0.64, -0.76)
374.16: (0.01, 0.89, -0.46)
374.28: (0.02, 0.89, -0.46)
374.38: (0.03, 0.89, -0.46)
374.50: (0.03, 0.89, -0.46)
374.60: (-0.12, 0.89, -0.45)
374.71: (-0.37, 0.91, -0.19)
374.81: (-0.49, 0.87, 0.07)
374.93: (-0.54, 0.78, 0.33)
375.03: (-0.55, 0.69, 0.47)
375.13: (-0.79, 0.58, 0.21)
375.25: (-0.91, 0.41, -0.07)
375.36: (-0.73, 0.14, -0.66)
375.48: (0.10, -0.19, -0.98)
375.60: (0.02, -0.17, -0.99)
375.71: (-0.66, -0.07, -0.75)
375.81: (-0.89, -0.02, -0.45)
375.93: (-0.91, -0.06, -0.42)
376.05: (-0.91, -0.15, -0.37)
376.15: (-0.96, -0.14, -0.22)
376.18: (-0.97, -0.15, -0.20)
376.18: (-0.45, 0.71, 0.54): 1
376.26: (-0.97, -0.14, -0.18)
376.38: (-0.97, -0.14, -0.18)
376.48: (-0.98, -0.08, -0.19)
376.60: (-0.98, -0.05, -0.20)
376.71: (-0.96, -0.08, -0.25)
376.81: (-0.57, -0.58, -0.58)
376.93: (-0.07, -0.79, -0.61)
377.05: (-0.07, -0.79, -0.61)
377.15: (-0.07, -0.79, -0.61)
377.26: (0.33, -0.84, -0.42)
377.36: (0.72, -0.68, -0.13)
377.48: (0.68, -0.70, -0.21)
377.60: (0.68, -0.70, -0.22)
377.71: (0.81, -0.58, -0.08)
377.83: (0.96, -0.01, 0.27)
377.95: (0.97, -0.15, 0.19)
378.06: (0.91, -0.42, 0.03)
378.18: (0.90, -0.44, 0.03)
378.28: (0.86, -0.51, 0.01)
378.40: (0.79, -0.62, -0.04)
378.51: (0.71, -0.70, -0.05)
378.63: (0.68, -0.73, -0.06)
378.75: (0.66, -0.75, -0.07)
378.86: (0.67, -0.73, -0.12)
378.96: (0.57, -0.81, -0.12)
379.08: (0.50, -0.86, -0.04)
379.19: (0.66, -0.75, 0.06)
379.31: (0.60, -0.58, 0.56)
379.43: (0.58, -0.39, 0.72)
379.53: (0.90, 0.44, 0.04)
379.64: (0.73, 0.57, -0.37)
379.76: (0.73, 0.57, -0.37)
379.86: (0.57, 0.65, -0.51)
379.98: (-0.51, 0.46, -0.72)
380.09: (-0.85, -0.52, 0.00)
380.21: (-0.38, -0.80, 0.46)
380.31: (-0.68, -0.72, 0.13)
380.43: (-0.88, 0.06, -0.46)
380.53: (-0.98, -0.19, -0.09)
380.64: (-0.05, -0.78, 0.62)
380.76: (0.23, -0.78, 0.58)
380.88: (0.23, -0.78, 0.58)
380.99: (0.52, -0.58, 0.63)
381.09: (0.91, 0.38, 0.13)
381.21: (0.55, 0.68, -0.48)
381.33: (0.98, 0.21, 0.01)
381.44: (0.16, -0.46, 0.87)
381.56: (-0.93, -0.26, 0.27)
381.68: (-0.96, -0.09, -0.26)
381.79: (-0.73, -0.65, 0.22)
381.91: (0.12, -0.59, 0.80)
382.03: (0.90, 0.25, 0.35)
382.13: (0.54, 0.68, -0.49)
382.24: (-0.40, 0.35, -0.85)
382.36: (-0.84, -0.51, -0.16)
382.48: (-0.22, -0.79, 0.57)
382.59: (0.63, -0.52, 0.57)
382.69: (0.62, -0.78, 0.10)
382.81: (-0.45, -0.84, -0.29)
382.91: (-0.99, 0.12, -0.10)
383.01: (-0.41, 0.87, 0.28)
383.13: (0.83, 0.54, 0.16)
383.24: (0.93, -0.37, -0.05)
383.36: (0.87, 0.28, 0.41)
383.46: (0.18, 0.87, 0.47)
383.58: (-0.13, 0.93, 0.35)
383.69: (-0.33, 0.88, 0.33)
383.81: (-0.38, 0.82, 0.43)
383.91: (-0.48, 0.73, 0.48)
383.98: (-0.54, 0.68, 0.50)
383.98: (-0.81, 0.46, 0.36): 2
384.03: (-0.54, 0.68, 0.50)
384.13: (-0.52, 0.69, 0.51)
384.24: (-0.04, 0.74, 0.67)
384.36: (-0.29, 0.69, 0.66)
384.48: (-0.76, 0.50, 0.42)
384.59: (-0.80, 0.47, 0.39)
384.66: (-0.78, 0.48, 0.40)
384.66: (0.31, 0.91, 0.26): 1
384.71: (-0.78, 0.48, 0.40)
384.81: (-0.77, 0.49, 0.41)
384.93: (-0.51, 0.60, 0.61)
385.03: (0.09, 0.50, 0.86)
385.14: (0.77, 0.01, 0.64)
385.26: (0.90, -0.40, 0.18)
385.38: (0.87, -0.48, -0.08)
385.49: (0.63, -0.42, -0.65)
385.59: (0.05, -0.11, -0.99)
385.71: (-0.21, 0.16, -0.96)
385.81: (0.55, -0.13, -0.83)
385.93: (0.91, -0.33, 0.26)
386.04: (0.07, 0.05, 1.00)
386.16: (-0.85, 0.47, 0.24)
386.28: (-0.52, 0.26, -0.81)
386.39: (0.44, -0.17, -0.88)
386.49: (0.60, 0.04, -0.80)
386.61: (-0.38, 0.61, -0.70)
386.71: (-0.93, 0.38, -0.04)
386.83: (-0.56, -0.39, 0.73)
386.94: (0.61, -0.58, 0.54)
387.06: (0.99, 0.03, -0.14)
387.18: (0.59, 0.63, -0.50)
387.28: (0.06, 0.88, -0.48)
387.39: (-0.06, 1.00, -0.04)
387.51: (0.76, 0.53, 0.37)
387.61: (0.85, -0.51, 0.13)
387.73: (0.92, -0.35, 0.20)
387.83: (0.79, 0.49, 0.37)
387.93: (0.39, 0.89, 0.24)
388.04: (0.31, 0.94, 0.11)
388.16: (0.22, 0.97, 0.14)
388.26: (0.17, 0.96, 0.21)
388.26: (0.12, 0.91, 0.40): 0
388.28: (0.17, 0.96, 0.21)
388.39: (0.18, 0.96, 0.21)
388.51: (0.26, 0.95, 0.18)
388.63: (0.34, 0.90, 0.27)
388.73: (0.06, 0.93, 0.36)
388.79: (0.04, 0.93, 0.37)
388.79: (0.99, -0.07, 0.08): 2
388.84: (0.04, 0.93, 0.37)
388.94: (0.06, 0.94, 0.35)
389.06: (0.05, 0.92, 0.38)
389.18: (0.23, 0.89, 0.40)
389.28: (0.82, 0.52, 0.23)
389.39: (0.82, -0.52, -0.23)
389.49: (-0.22, -0.94, -0.27)
389.61: (-0.23, -0.95, -0.20)
389.73: (0.77, -0.61, -0.20)
389.84: (0.97, -0.18, -0.15)
389.96: (0.98, -0.17, -0.11)
390.08: (1.00, -0.06, 0.06)
390.14: (1.00, -0.02, 0.08)
390.14: (1.00, 0.00, 0.00): 2
390.18: (1.00, -0.02, 0.08)
390.29: (1.00, -0.02, 0.05)
390.39: (1.00, 0.04, -0.01)
390.51: (0.95, 0.29, -0.11)
390.63: (0.96, 0.26, -0.08)
390.73: (0.99, 0.12, -0.01)
390.76: (0.99, 0.11, -0.01)
390.76: (0.85, 0.22, -0.48): 1
390.84: (0.99, 0.12, -0.02)
390.96: (0.99, 0.13, -0.02)
391.06: (0.95, 0.19, -0.24)
391.18: (0.84, 0.18, -0.51)
391.24: (0.81, 0.18, -0.56)
391.24: (-0.57, 0.50, 0.65): 1
391.29: (0.81, 0.18, -0.56)
391.41: (0.84, 0.27, -0.47)
391.53: (0.86, 0.37, -0.35)
391.64: (0.71, 0.57, -0.42)
391.76: (0.16, 0.93, -0.34)
391.86: (-0.31, 0.93, -0.21)
391.98: (-0.42, 0.84, -0.34)
392.09: (-0.16, 0.68, -0.72)
392.19: (0.03, 0.41, -0.91)
392.31: (0.59, -0.24, -0.77)
392.43: (0.67, -0.50, -0.56)
392.54: (0.32, -0.41, -0.85)
392.66: (0.17, -0.56, -0.81)
392.78: (0.72, -0.69, 0.09)
392.89: (0.57, 0.30, 0.77)
392.99: (-0.17, 0.91, 0.37)
393.09: (-0.66, 0.67, -0.34)
393.21: (-0.66, -0.20, -0.73)
393.33: (-0.74, -0.20, -0.64)
393.43: (-0.87, 0.43, -0.24)
393.54: (-0.68, 0.69, 0.22)
393.66: (-0.53, 0.76, 0.37)
393.76: (-0.60, 0.68, 0.41)
393.88: (-0.67, 0.52, 0.53)
393.98: (-0.64, 0.45, 0.62)
393.98: (-0.59, -0.69, 0.42): 1
393.99: (-0.63, 0.45, 0.63)
394.11: (-0.63, 0.46, 0.63)
394.23: (-0.32, 0.77, 0.55)
394.33: (0.15, 0.95, 0.28)
394.44: (0.27, 0.95, 0.16)
394.54: (0.31, 0.94, 0.15)
394.66: (0.87, 0.50, 0.03)
394.78: (0.96, -0.13, 0.25)
394.89: (0.76, -0.29, 0.58)
395.01: (0.57, -0.61, 0.55)
395.11: (0.39, -0.86, 0.32)
395.21: (0.33, -0.75, 0.58)
395.31: (0.25, -0.38, 0.89)
395.42: (0.04, 0.39, 0.92)
395.53: (-0.22, 0.53, 0.82)
395.64: (-0.35, 0.14, 0.93)
395.76: (-0.44, 0.36, 0.82)
395.86: (-0.04, 0.99, 0.11)
395.97: (0.45, 0.85, -0.28)
396.09: (-0.15, 0.90, 0.41)
396.21: (-0.60, 0.52, 0.61)
396.32: (-0.73, 0.27, 0.62)
396.44: (-0.88, 0.03, 0.48)
396.56: (-0.88, -0.28, 0.38)
396.66: (-0.63, -0.63, 0.45)
396.77: (-0.51, -0.68, 0.53)
396.82: (-0.50, -0.68, 0.54)
396.82: (-0.50, -0.03, 0.87): 1
396.89: (-0.50, -0.68, 0.54)
397.01: (-0.49, -0.68, 0.55)
397.12: (-0.48, -0.65, 0.58)
397.24: (-0.53, -0.51, 0.68)
397.36: (-0.48, -0.15, 0.86)
397.46: (-0.37, -0.13, 0.92)
397.52: (-0.37, -0.13, 0.92)
397.52: (0.87, -0.41, 0.29): 0
397.56: (-0.37, -0.13, 0.92)
397.67: (-0.48, -0.06, 0.87)
397.79: (-0.51, -0.04, 0.86)
397.91: (-0.71, 0.21, 0.67)
398.02: (-0.70, 0.71, -0.09)
398.14: (-0.40, 0.80, -0.45)
398.26: (0.21, 0.82, -0.53)
398.36: (0.82, 0.41, -0.39)
398.47: (0.85, -0.53, 0.07)
398.59: (0.00, -0.85, 0.52)
398.69: (-0.22, -0.69, 0.69)
398.81: (0.53, -0.60, 0.59)
398.92: (0.88, -0.41, 0.25)
399.02: (0.91, -0.38, 0.13)
399.07: (0.91, -0.38, 0.13)
399.07: (0.24, -0.51, -0.82): 2
399.14: (0.91, -0.39, 0.14)
399.26: (0.88, -0.41, 0.24)
399.37: (0.91, -0.34, 0.23)
399.49: (0.94, 0.31, -0.14)
399.61: (0.01, 0.86, -0.51)
399.72: (-0.92, 0.33, -0.21)
399.82: (-0.96, -0.13, 0.25)
399.94: (-0.52, -0.55, 0.65)
400.06: (0.10, -0.72, 0.69)
400.16: (0.15, -0.55, 0.82)
400.27: (-0.72, -0.02, 0.69)
400.39: (-0.70, 0.54, -0.46)
400.49: (0.23, 0.40, -0.89)
400.61: (0.88, -0.02, -0.48)
400.71: (0.87, -0.45, 0.22)
400.82: (0.09, -0.43, 0.90)
400.92: (-0.48, -0.06, 0.88)
401.04: (-0.66, 0.41, 0.63)
401.16: (0.00, 0.38, 0.93)
401.27: (0.74, -0.48, 0.46)
401.39: (0.22, -0.65, -0.73)
401.51: (-0.66, 0.20, -0.72)
401.61: (-0.64, 0.77, -0.02)
401.71: (-0.69, 0.69, -0.21)
401.82: (-0.44, -0.16, -0.89)
401.92: (-0.13, -0.45, -0.88)
402.04: (-0.09, -0.49, -0.86)
402.16: (0.15, -0.47, -0.87)
402.27: (0.28, -0.53, -0.80)
402.37: (0.18, -0.53, -0.83)
402.49: (0.14, -0.50, -0.85)
402.49: (0.48, 0.73, -0.49): 2
402.49: (0.14, -0.50, -0.85)
402.61: (0.10, -0.50, -0.86)
402.72: (-0.06, -0.37, -0.93)
402.84: (-0.50, 0.14, -0.86)
402.94: (-0.63, 0.47, -0.62)
403.04: (-0.73, 0.66, -0.16)
403.16: (-0.36, 0.65, 0.67)
403.27: (0.16, 0.31, 0.94)
403.39: (0.65, 0.04, 0.76)
403.49: (0.78, 0.04, 0.63)
403.61: (0.09, 0.70, 0.70)
403.72: (-0.83, 0.55, -0.05)
403.82: (-0.72, -0.22, -0.66)
403.94: (-0.12, -0.62, -0.77)
404.06: (-0.06, -0.40, -0.91)
404.17: (-0.77, 0.49, -0.40)
404.29: (-0.48, 0.55, 0.69)
404.39: (0.05, 0.15, 0.99)
404.51: (0.60, -0.37, 0.71)
404.61: (0.79, -0.56, 0.25)
404.72: (0.58, -0.19, 0.79)
404.82: (-0.15, 0.34, 0.93)
404.92: (-0.83, 0.54, 0.14)
405.04: (-0.53, 0.12, -0.84)
405.16: (0.34, -0.37, -0.86)
405.27: (0.87, -0.49, 0.02)
405.37: (0.62, -0.21, 0.76)
405.49: (-0.04, 0.34, 0.94)
405.59: (-0.17, 0.64, 0.75)
405.71: (0.40, 0.59, 0.70)
405.81: (0.90, -0.16, 0.40)
405.92: (0.16, -0.90, -0.41)
406.04: (-0.75, -0.31, -0.59)
406.14: (-0.88, 0.45, -0.17)
406.26: (-0.33, 0.90, 0.29)
406.37: (0.24, 0.81, 0.54)
406.49: (0.51, 0.58, 0.63)
406.59: (0.62, 0.31, 0.72)
406.69: (0.69, -0.16, 0.71)
406.81: (0.44, -0.54, 0.71)
406.92: (0.27, -0.88, 0.39)
407.02: (-0.03, -0.87, 0.50)
407.14: (-0.49, 0.05, 0.87)
407.26: (-0.19, 0.98, 0.05)
407.37: (0.18, 0.62, -0.76)
407.49: (-0.04, -0.04, -1.00)
407.61: (-0.18, -0.06, -0.98)
407.72: (0.21, 0.46, -0.86)
407.84: (0.36, 0.62, -0.70)
407.94: (0.47, 0.60, -0.65)
408.06: (0.45, 0.60, -0.66)
408.17: (0.45, 0.72, -0.53)
408.24: (0.43, 0.73, -0.53)
408.24: (1.00, -0.02, -0.07): 0
408.29: (0.44, 0.73, -0.53)
408.41: (0.47, 0.72, -0.52)
408.52: (0.81, 0.18, -0.55)
408.64: (0.70, -0.71, 0.05)
408.76: (-0.08, -0.80, 0.60)
408.87: (0.54, -0.67, 0.50)
408.99: (0.81, -0.47, 0.35)
409.11: (0.89, -0.41, 0.18)
409.22: (0.94, -0.32, 0.14)
409.32: (0.99, -0.14, 0.05)
409.44: (1.00, -0.06, 0.00)
409.52: (1.00, 0.01, -0.03)
409.52: (0.96, -0.21, 0.21): 1
409.56: (1.00, 0.01, -0.02)
409.66: (1.00, 0.01, -0.02)
409.77: (1.00, -0.02, 0.05)
409.89: (0.90, -0.27, 0.35)
410.01: (0.97, -0.20, 0.12)
410.11: (0.98, -0.19, 0.07)
410.12: (0.98, -0.19, 0.07)
410.12: (-0.63, -0.64, -0.43): 2
410.22: (0.98, -0.19, 0.07)
410.34: (0.98, -0.13, 0.18)
410.46: (0.95, -0.19, 0.24)
410.57: (0.77, -0.40, 0.49)
410.69: (0.89, -0.27, 0.36)
410.79: (0.71, -0.47, 0.53)
410.91: (-0.03, -0.63, 0.78)
411.01: (0.03, -0.62, 0.78)
411.12: (0.03, -0.62, 0.78)
411.24: (-0.06, -0.63, 0.77)
411.36: (-0.83, -0.27, 0.48)
411.47: (-0.83, 0.51, -0.23)
411.59: (0.08, 0.72, -0.69)
411.69: (0.57, 0.56, -0.60)
411.80: (0.57, 0.70, -0.43)
411.92: (0.35, 0.93, -0.11)
412.02: (-0.69, 0.73, -0.06)
412.14: (-0.83, -0.56, -0.04)
412.25: (0.14, -0.99, 0.05)
412.35: (0.66, -0.74, 0.09)
412.47: (0.21, -0.98, -0.05)
412.59: (-0.72, -0.62, -0.30)
412.69: (-0.80, -0.53, -0.30)
412.79: (-0.76, -0.55, -0.33)
412.90: (-0.66, -0.65, -0.38)
412.92: (-0.65, -0.65, -0.39)
412.92: (-0.95, 0.04, 0.31): 1
413.00: (-0.65, -0.65, -0.39)
413.12: (-0.65, -0.66, -0.38)
413.24: (-0.28, -0.86, -0.43)
413.34: (0.31, -0.88, -0.35)
413.45: (0.86, -0.48, 0.18)
413.57: (0.75, 0.03, 0.66)
413.67: (0.75, 0.03, 0.66)
413.79: (0.59, -0.73, 0.34)
413.90: (0.90, -0.43, 0.00)
414.00: (0.87, 0.49, -0.12)
414.12: (0.26, 0.96, 0.12)
414.24: (-0.11, 0.88, 0.45)
414.34: (-0.23, 0.86, 0.46)
414.44: (0.28, 0.88, -0.39)
414.55: (0.64, -0.38, -0.66)
414.67: (0.43, -0.85, 0.31)
414.79: (-0.23, -0.19, 0.96)
414.90: (-0.76, 0.57, 0.31)
415.02: (-0.40, 0.64, -0.65)
415.14: (-0.36, 0.65, -0.67)
415.25: (-0.88, 0.43, 0.22)
415.37: (-0.74, 0.00, 0.68)
415.47: (-0.66, -0.06, 0.75)
415.59: (-0.85, 0.08, 0.51)
415.70: (-0.92, 0.06, 0.38)
415.77: (-0.93, 0.04, 0.37)
415.77: (-0.63, -0.77, -0.08): 1
415.82: (-0.93, 0.04, 0.37)
415.94: (-0.90, 0.08, 0.42)
416.05: (-0.48, 0.04, 0.88)
416.17: (0.59, -0.19, 0.79)
416.29: (0.97, -0.16, -0.16)
416.39: (0.25, 0.14, -0.96)
416.50: (-0.72, 0.39, -0.57)
416.62: (-0.89, 0.40, 0.19)
416.74: (-0.52, 0.32, 0.80)
416.85: (-0.53, 0.81, 0.25)
416.95: (-0.43, 0.53, -0.73)
417.05: (0.31, -0.26, -0.91)
417.15: (0.73, -0.68, -0.03)
417.27: (0.30, -0.33, 0.90)
417.39: (-0.41, 0.38, 0.83)
417.49: (-0.58, 0.80, 0.15)
417.60: (-0.12, 0.92, 0.38)
417.70: (0.34, 0.11, 0.94)
417.82: (0.12, -0.91, 0.39)
417.94: (-0.43, -0.51, -0.75)
418.05: (-0.18, 0.62, -0.76)
418.17: (-0.05, 0.89, -0.46)
418.29: (-0.71, -0.09, -0.70)
418.39: (-0.52, -0.81, -0.27)
418.50: (-0.38, -0.92, -0.09)
418.62: (-0.47, -0.88, -0.06)
418.74: (-0.60, -0.80, -0.04)
418.80: (-0.62, -0.78, -0.02)
418.80: (-0.96, 0.02, 0.29): 1
418.84: (-0.62, -0.78, -0.02)
418.95: (-0.63, -0.78, -0.02)
419.07: (-0.49, -0.87, 0.08)
419.19: (0.03, -0.91, 0.41)
419.30: (0.84, -0.22, 0.50)
419.42: (0.68, 0.73, -0.09)
419.54: (-0.13, 0.79, -0.60)
419.65: (0.40, 0.45, -0.80)
419.77: (0.97, 0.10, 0.23)
419.89: (0.08, -0.06, 1.00)
419.99: (-0.83, -0.15, 0.53)
420.10: (-0.86, -0.21, -0.46)
420.22: (-0.33, -0.16, -0.93)
420.34: (-0.74, -0.06, -0.67)
420.44: (-0.99, 0.06, 0.09)
420.54: (-0.84, 0.08, 0.54)
420.65: (-0.77, 0.07, 0.63)
420.77: (-0.89, 0.03, 0.46)
420.84: (-0.89, 0.03, 0.45)
420.84: (-0.93, 0.11, -0.34): 2
420.87: (-0.89, 0.03, 0.45)
420.99: (-0.89, 0.03, 0.45)
421.10: (-0.94, 0.01, 0.33)
421.22: (-0.96, 0.06, -0.28)
421.32: (-0.84, 0.16, -0.51)
421.37: (-0.85, 0.17, -0.51)
421.37: (0.77, -0.44, -0.47): 0
421.44: (-0.87, 0.16, -0.47)
421.55: (-0.95, 0.12, -0.27)
421.65: (-0.95, 0.12, -0.27)
421.77: (-0.94, 0.11, -0.31)
421.89: (-0.79, -0.12, -0.60)
422.00: (-0.91, -0.34, -0.23)
422.12: (-0.55, 0.03, 0.83)
422.22: (0.21, 0.19, 0.96)
422.34: (0.19, -0.02, 0.98)
422.45: (-0.70, -0.28, 0.65)
422.57: (-0.87, 0.15, -0.46)
422.67: (-0.03, 0.36, -0.93)
422.79: (0.67, 0.08, -0.74)
422.89: (0.67, -0.19, -0.72)
423.00: (-0.05, -0.06, -1.00)
423.10: (-0.79, 0.32, -0.53)
423.22: (-0.67, 0.21, -0.71)
423.34: (0.28, -0.29, -0.92)
423.45: (0.65, -0.50, -0.57)
423.55: (0.71, -0.50, -0.50)
423.67: (0.74, -0.47, -0.49)
423.70: (0.75, -0.46, -0.48)
423.70: (0.53, 0.22, -0.82): 1
423.79: (0.75, -0.46, -0.48)
423.90: (0.63, -0.44, -0.64)
424.02: (0.14, -0.23, -0.96)
424.14: (-0.76, 0.30, -0.58)
424.24: (-0.68, 0.48, 0.55)
424.34: (-0.63, 0.55, 0.54)
424.45: (-0.60, 0.67, -0.44)
424.57: (-0.02, 0.45, -0.89)
424.67: (0.17, 0.43, -0.89)
424.79: (0.19, 0.44, -0.88)
424.90: (0.39, 0.44, -0.80)
425.00: (0.55, 0.37, -0.75)
425.12: (0.61, 0.32, -0.73)
425.12: (1.00, 0.01, 0.02): 1
425.12: (0.61, 0.32, -0.73)
425.24: (0.61, 0.32, -0.73)
425.35: (0.48, 0.42, -0.77)
425.45: (0.07, 0.93, -0.36)
425.57: (-0.58, 0.56, 0.59)
425.69: (-0.48, -0.56, 0.67)
425.80: (-0.14, -0.96, 0.23)
425.92: (0.50, -0.79, -0.35)
426.02: (0.73, 0.05, -0.68)
426.14: (0.51, 0.24, -0.83)
426.25: (0.39, -0.67, -0.63)
426.37: (-0.12, -0.84, 0.53)
426.49: (-0.34, 0.25, 0.91)
426.60: (-0.12, 0.92, 0.38)
426.72: (-0.06, 0.88, -0.47)
426.84: (-0.19, 0.31, -0.93)
426.95: (-0.19, -0.39, -0.90)
427.07: (-0.17, -0.74, -0.65)
427.17: (-0.28, -0.78, -0.56)
427.29: (-0.63, 0.21, -0.75)
427.40: (-0.07, 0.99, -0.10)
427.52: (0.64, 0.30, 0.71)
427.64: (0.19, -0.86, 0.47)
427.75: (-0.48, -0.77, -0.42)
427.87: (-0.72, 0.04, -0.70)
427.97: (-0.56, 0.63, -0.54)
428.09: (-0.63, 0.71, -0.32)
428.20: (-0.93, -0.31, -0.17)
428.32: (0.15, -0.97, -0.18)
428.42: (0.97, -0.22, -0.07)
428.54: (0.46, 0.84, 0.28)
428.65: (-0.49, 0.81, 0.32)
428.77: (-0.26, 0.90, 0.34)
428.89: (0.73, 0.65, 0.20)
429.00: (0.97, 0.23, 0.02)
429.12: (0.99, 0.13, 0.01)
429.22: (0.99, 0.13, 0.01)
429.34: (1.00, 0.05, -0.04)
429.39: (0.99, -0.05, -0.11)
429.39: (0.97, -0.12, -0.23): 1
429.45: (0.99, -0.05, -0.11)
429.57: (0.96, 0.26, -0.04)
429.68: (0.45, 0.89, 0.11)
429.80: (-0.30, 0.94, 0.19)
429.92: (0.43, 0.90, -0.01)
430.02: (0.90, 0.40, -0.19)
430.13: (0.94, 0.26, -0.23)
430.25: (0.93, -0.01, -0.37)
430.35: (0.91, -0.20, -0.37)
430.47: (0.90, -0.22, -0.37)
430.58: (0.93, -0.17, -0.33)
430.58: (-0.98, 0.18, 0.06): 1
430.58: (0.93, -0.17, -0.33)
430.70: (0.93, -0.17, -0.33)
430.82: (0.93, -0.17, -0.33)
430.93: (0.91, -0.12, -0.40)
431.03: (0.81, 0.55, -0.23)
431.15: (0.35, 0.92, 0.14)
431.27: (0.43, 0.90, 0.12)
431.37: (0.91, 0.19, -0.37)
431.48: (0.46, -0.80, -0.39)
431.60: (0.91, -0.19, -0.38)
431.72: (0.41, 0.91, -0.06)
431.83: (-0.48, 0.87, 0.14)
431.93: (-0.85, 0.26, 0.46)
432.05: (-0.85, 0.03, 0.52)
432.17: (-0.84, 0.44, 0.33)
432.28: (-0.86, 0.49, -0.15)
432.38: (-0.94, 0.28, -0.20)
432.50: (-0.98, 0.19, -0.09)
432.60: (-0.98, 0.15, 0.10)
432.63: (-0.98, 0.15, 0.10)
432.63: (-0.88, 0.00, -0.47): 1
432.72: (-0.98, 0.15, 0.10)
432.83: (-0.96, 0.27, -0.02)
432.95: (-0.89, 0.46, -0.06)
433.05: (-0.85, 0.50, -0.14)
433.17: (-0.80, 0.24, -0.55)
433.28: (-0.72, 0.06, -0.69)
433.38: (-0.81, 0.04, -0.59)
433.50: (-0.92, -0.04, -0.39)
433.55: (-0.92, -0.04, -0.39)
433.55: (-0.52, 0.21, -0.83): 1
433.62: (-0.92, -0.04, -0.39)
433.72: (-0.92, -0.04, -0.39)
433.83: (-0.69, 0.11, -0.72)
433.95: (-0.45, 0.27, -0.85)
434.05: (-0.52, 0.17, -0.83)
434.15: (-0.57, 0.14, -0.81)
434.15: (-0.92, -0.13, 0.37): 1
434.17: (-0.57, 0.14, -0.81)
434.27: (-0.56, 0.15, -0.82)
434.38: (-0.34, 0.32, -0.89)
434.50: (-0.17, 0.29, -0.94)
434.62: (0.00, 0.23, -0.97)
434.73: (0.43, 0.38, -0.82)
434.85: (0.57, 0.34, -0.75)
434.95: (0.71, 0.39, -0.59)
435.07: (0.68, 0.40, -0.62)
435.18: (0.64, 0.39, -0.66)
435.30: (0.85, 0.20, -0.49)
435.40: (0.85, 0.14, -0.51)
435.50: (0.84, 0.15, -0.52)
435.62: (0.83, 0.02, -0.56)
435.73: (0.79, -0.14, -0.59)
435.83: (0.79, -0.11, -0.61)
435.95: (0.91, -0.11, -0.39)
436.05: (0.98, -0.06, 0.17)
436.15: (0.91, 0.02, 0.40)
436.27: (0.89, -0.45, -0.06)
436.38: (0.56, -0.72, -0.42)
436.48: (0.80, -0.58, 0.14)
436.60: (0.48, 0.29, 0.83)
436.70: (-0.12, 0.70, 0.70)
436.82: (-0.18, 0.64, 0.75)
436.93: (0.40, -0.19, 0.90)
437.05: (0.65, -0.76, 0.02)
437.15: (0.54, -0.66, -0.52)
437.25: (0.52, -0.74, -0.43)
437.37: (0.43, -0.75, 0.51)
437.48: (0.03, 0.08, 1.00)
437.60: (0.12, 0.83, 0.55)
437.70: (0.24, 0.89, -0.39)
437.82: (-0.17, -0.05, -0.98)
437.93: (-0.57, -0.82, -0.03)
438.05: (-0.13, -0.10, 0.99)
438.15: (0.43, 0.38, 0.81)
438.27: (0.67, 0.27, 0.69)
438.38: (0.16, -0.53, 0.83)
438.50: (-0.74, -0.67, -0.08)
438.60: (-0.60, 0.15, -0.78)
438.72: (0.38, 0.77, -0.51)
438.83: (0.88, 0.19, 0.43)
438.93: (0.51, -0.57, 0.64)
439.05: (-0.17, -0.91, 0.37)
439.17: (-0.70, -0.70, -0.15)
439.28: (-0.57, -0.50, -0.65)
439.40: (0.08, -0.96, -0.28)
439.50: (-0.15, -0.96, -0.25)
439.62: (-0.63, -0.77, 0.09)
439.72: (-0.84, -0.46, 0.28)
439.83: (-0.87, -0.42, 0.25)
439.95: (-0.87, -0.42, 0.25)
440.05: (-0.87, -0.33, 0.37)
440.17: (-0.86, -0.03, 0.51)
440.28: (-0.92, -0.01, 0.40)
440.40: (-0.97, -0.14, 0.22)
440.43: (-0.97, -0.14, 0.22)
440.43: (0.88, -0.21, -0.42): 0
440.52: (-0.97, -0.14, 0.22)
440.62: (-0.97, -0.13, 0.21)
440.73: (-0.99, 0.01, 0.11)
440.83: (-0.92, 0.02, 0.40)
440.95: (0.03, -0.42, 0.91)
441.07: (0.92, -0.40, 0.00)
441.18: (0.27, 0.12, -0.96)
441.30: (-0.81, 0.45, -0.38)
441.42: (-0.82, 0.36, -0.45)
441.52: (0.10, 0.22, -0.97)
441.62: (0.83, -0.01, -0.56)
441.73: (0.95, 0.05, -0.32)
441.85: (0.97, -0.05, -0.26)
441.97: (0.88, -0.24, -0.42)
442.05: (0.88, -0.25, -0.42)
442.05: (-0.97, -0.22, -0.10): 2
442.07: (0.88, -0.25, -0.42)
442.18: (0.88, -0.25, -0.40)
442.30: (0.90, -0.41, -0.14)
442.42: (0.53, -0.65, 0.54)
442.52: (-0.34, -0.46, 0.82)
442.63: (-0.76, -0.28, 0.59)
442.75: (0.06, -0.78, 0.63)
442.85: (0.87, -0.50, 0.05)
442.97: (0.92, -0.13, -0.37)
443.08: (0.26, -0.92, 0.28)
443.18: (-0.64, -0.61, 0.47)
443.28: (-0.87, -0.31, 0.39)
443.40: (-0.93, -0.21, 0.30)
443.52: (-1.00, -0.09, -0.01)
443.63: (-0.98, -0.05, -0.17)
443.73: (-0.99, -0.12, -0.12)
443.85: (-0.99, -0.12, -0.09)
443.85: (0.36, 0.55, 0.76): 0
443.85: (-0.99, -0.12, -0.09)
443.97: (-0.99, -0.12, -0.10)
444.08: (-0.99, -0.15, -0.04)
444.18: (-0.99, -0.13, 0.03)
444.30: (-0.99, 0.10, 0.03)
444.42: (-0.87, 0.50, -0.03)
444.53: (-0.63, 0.78, -0.03)
444.65: (-0.55, 0.83, -0.06)
444.77: (-0.93, 0.36, -0.07)
444.88: (-0.70, -0.72, -0.01)
445.00: (0.63, -0.77, 0.08)
445.10: (0.99, 0.15, 0.03)
445.22: (0.55, 0.80, -0.25)
445.32: (0.72, 0.54, -0.43)
445.42: (0.85, -0.51, -0.07)
445.53: (-0.16, -0.75, 0.65)
445.65: (-0.86, 0.02, 0.51)
445.77: (-0.68, 0.69, -0.26)
445.88: (0.12, 0.62, -0.78)
445.98: (0.41, 0.23, -0.88)
446.10: (0.07, -0.04, -1.00)
446.21: (-0.19, 0.19, -0.96)
446.33: (-0.66, 0.75, 0.02)
446.45: (-0.09, 0.04, 1.00)
446.55: (0.46, -0.74, 0.49)
446.65: (0.45, -0.80, -0.40)
446.76: (0.04, -0.15, -0.99)
446.88: (-0.26, 0.29, -0.92)
446.98: (-0.27, -0.29, -0.92)
447.10: (0.33, -0.94, -0.01)
447.21: (0.67, -0.17, 0.73)
447.33: (0.06, 0.91, 0.42)
447.45: (-0.68, 0.68, -0.28)
447.56: (-0.75, 0.54, -0.37)
447.66: (-0.35, 0.92, 0.18)
447.78: (0.28, 0.75, 0.60)
447.90: (0.39, 0.64, 0.66)
448.00: (0.36, 0.59, 0.72)
448.11: (0.28, 0.56, 0.78)
448.11: (-0.37, -0.19, -0.91): 2
448.11: (0.28, 0.56, 0.78)
448.23: (0.27, 0.59, 0.76)
448.33: (0.20, 0.67, 0.71)
448.43: (-0.39, 0.84, 0.38)
448.55: (-0.74, 0.67, 0.05)
448.66: (0.00, 0.73, 0.68)
448.78: (0.86, 0.06, 0.50)
448.90: (0.62, -0.79, -0.04)
449.00: (0.71, -0.35, 0.60)
449.11: (0.48, 0.56, 0.68)
449.21: (0.03, 0.96, 0.28)
449.33: (-0.50, 0.63, -0.59)
449.45: (-0.65, 0.08, -0.76)
449.56: (-0.62, -0.61, -0.49)
449.68: (-0.55, -0.51, -0.66)
449.78: (-0.47, -0.02, -0.88)
449.90: (-0.44, 0.12, -0.89)
450.00: (-0.43, -0.08, -0.90)
450.11: (-0.41, -0.21, -0.89)
450.21: (-0.41, -0.19, -0.89)
450.28: (-0.40, -0.18, -0.90)
450.28: (-0.97, 0.08, 0.23): 0
450.33: (-0.40, -0.18, -0.90)
450.43: (-0.41, -0.13, -0.90)
450.53: (-0.46, 0.53, -0.71)
450.65: (0.02, 0.94, 0.33)
450.76: (0.36, 0.10, 0.93)
450.88: (-0.02, -0.95, 0.32)
450.98: (-0.42, -0.64, -0.65)
451.08: (-0.67, -0.62, -0.41)
451.20: (-0.15, -0.61, 0.77)
451.31: (0.62, 0.08, 0.78)
451.43: (0.71, 0.66, -0.23)
451.53: (0.13, 0.56, -0.82)
451.65: (-0.35, 0.38, -0.86)
451.75: (-0.35, 0.38, -0.86)
451.86: (-0.35, 0.38, -0.86)
451.96: (-0.49, 0.26, -0.83)
452.08: (-0.87, -0.47, -0.16)
452.20: (-0.15, -0.56, 0.81)
452.30: (-0.12, -0.26, 0.96)
452.41: (-0.93, -0.32, 0.16)
452.51: (-0.71, -0.24, -0.66)
452.63: (0.27, 0.16, -0.95)
452.73: (0.56, 0.42, -0.72)
452.83: (-0.42, 0.09, -0.91)
452.95: (-0.92, -0.30, 0.27)
453.06: (-0.67, -0.36, 0.65)
453.18: (-0.82, -0.40, 0.40)
453.28: (-0.98, -0.08, 0.15)
453.40: (-1.00, 0.03, 0.08)
453.50: (-1.00, 0.03, 0.08)
453.60: (-1.00, 0.02, 0.07)
453.71: (-0.99, -0.04, 0.17)
453.76: (-0.98, -0.04, 0.19)
453.76: (-0.31, -0.77, 0.56): 0
453.83: (-0.98, -0.04, 0.20)
453.95: (-0.97, -0.04, 0.23)
454.06: (-0.96, -0.01, 0.27)
454.18: (-0.61, -0.10, 0.79)
454.30: (0.01, -0.42, 0.91)
454.41: (0.01, -0.42, 0.91)
454.53: (0.01, -0.42, 0.91)
454.63: (-0.36, -0.66, 0.66)
454.75: (-0.45, -0.75, 0.48)
454.85: (-0.40, -0.74, 0.54)
454.96: (-0.34, -0.74, 0.58)
455.00: (-0.34, -0.74, 0.58)
455.00: (-0.90, 0.27, 0.35): 2
455.06: (-0.34, -0.74, 0.58)
455.18: (-0.35, -0.75, 0.56)
455.30: (-0.39, -0.82, 0.42)
455.41: (-0.16, -0.90, 0.41)
455.51: (-0.20, -0.91, 0.36)
455.63: (-0.80, -0.51, 0.33)
455.75: (-0.74, -0.65, 0.19)
455.86: (-0.54, -0.80, -0.28)
455.98: (-0.67, -0.66, -0.34)
456.10: (-0.97, -0.13, 0.19)
456.20: (-0.89, -0.01, 0.46)
456.30: (-0.84, -0.06, 0.54)
456.41: (-0.90, 0.15, 0.41)
456.53: (-0.88, 0.29, 0.36)
456.56: (-0.88, 0.29, 0.36)
456.56: (0.96, 0.16, -0.22): 2
456.65: (-0.88, 0.29, 0.36)
456.76: (-0.91, 0.17, 0.38)
456.86: (-0.88, -0.23, 0.41)
456.98: (-0.88, -0.24, 0.41)
457.10: (-0.72, -0.46, 0.52)
457.21: (-0.51, -0.78, 0.37)
457.33: (-0.54, -0.83, 0.12)
457.45: (-0.45, -0.89, -0.08)
457.55: (-0.88, -0.44, 0.17)
457.65: (-0.66, 0.56, 0.50)
457.76: (0.44, 0.84, 0.32)
457.88: (0.96, -0.13, -0.26)
458.00: (0.32, -0.86, -0.40)
458.11: (0.09, -0.94, -0.34)
458.23: (0.79, -0.52, -0.32)
458.33: (0.97, 0.02, -0.22)
458.45: (0.94, 0.30, -0.17)
458.56: (0.96, 0.24, -0.16)
458.68: (0.98, 0.11, -0.18)
458.68: (0.89, -0.44, 0.11): 1
458.68: (0.98, 0.11, -0.18)
458.78: (0.98, 0.11, -0.18)
458.88: (0.98, 0.12, -0.17)
459.00: (0.98, -0.03, -0.18)
459.11: (0.97, -0.21, 0.09)
459.23: (0.96, -0.24, 0.15)
459.35: (0.90, -0.42, 0.12)
459.40: (0.88, -0.46, 0.09)
459.40: (0.60, 0.35, 0.72): 1
459.46: (0.88, -0.46, 0.09)
459.58: (0.89, -0.43, 0.14)
459.70: (0.95, -0.14, 0.29)
459.81: (0.54, 0.60, 0.59)
459.93: (-0.67, 0.68, 0.30)
460.03: (-0.97, 0.17, -0.19)
460.15: (-0.62, 0.62, 0.48)
460.26: (0.20, 0.66, 0.72)
460.36: (0.56, 0.57, 0.61)
460.48: (0.53, 0.51, 0.68)
460.60: (0.51, 0.35, 0.78)
460.65: (0.56, 0.34, 0.76)
460.65: (0.99, -0.15, -0.05): 0
460.71: (0.56, 0.34, 0.76)
460.83: (0.55, 0.34, 0.76)
460.95: (0.22, 0.47, 0.86)
461.05: (-0.20, 0.49, 0.85)
461.16: (-0.79, 0.13, 0.60)
461.28: (-0.80, 0.14, 0.58)
461.40: (0.29, 0.40, 0.87)
461.50: (1.00, -0.05, 0.05)
461.60: (0.55, -0.55, -0.63)
461.71: (0.55, -0.68, -0.49)
461.81: (0.85, -0.45, -0.26)
461.93: (0.98, -0.17, -0.09)
462.04: (0.98, -0.18, -0.09)
462.08: (0.98, -0.18, -0.09)
462.08: (-0.82, -0.43, -0.38): 2
462.16: (0.98, -0.18, -0.09)
462.26: (0.99, -0.17, 0.01)
462.38: (0.88, 0.23, 0.41)
462.50: (-0.10, 0.67, 0.73)
462.61: (-0.99, 0.10, 0.07)
462.73: (-0.46, -0.57, -0.68)
462.84: (0.25, -0.60, -0.76)
462.96: (0.01, -0.64, -0.77)
463.08: (-0.55, -0.64, -0.54)
463.18: (-0.83, -0.41, -0.38)
463.29: (-0.83, -0.38, -0.41)
463.36: (-0.82, -0.38, -0.43)
463.36: (0.22, 0.97, -0.10): 2
463.41: (-0.82, -0.38, -0.43)
463.53: (-0.79, -0.47, -0.40)
463.64: (-0.41, -0.75, -0.51)
463.74: (-0.06, -0.81, -0.58)
463.86: (-0.93, -0.32, -0.18)
463.98: (-0.70, 0.52, 0.48)
464.09: (0.20, 0.68, 0.71)
464.21: (0.66, 0.33, 0.68)
464.33: (-0.21, 0.37, 0.90)
464.43: (-0.77, 0.47, 0.43)
464.53: (-0.89, 0.32, -0.32)
464.64: (-0.39, -0.32, -0.86)
464.76: (0.14, -0.86, -0.48)
464.88: (0.48, -0.87, 0.15)
464.99: (0.10, -0.91, 0.40)
465.11: (-0.71, -0.57, -0.42)
465.21: (-0.41, 0.42, -0.81)
465.31: (0.38, 0.92, -0.10)
465.43: (0.52, 0.37, 0.77)
465.54: (0.27, 0.20, 0.94)
465.66: (0.21, 0.96, 0.17)
465.76: (0.24, 0.79, -0.56)
465.88: (0.33, 0.68, -0.66)
465.98: (0.33, 0.83, -0.46)
466.09: (0.19, 0.97, -0.16)
466.21: (0.16, 0.98, -0.11)
466.23: (0.16, 0.98, -0.11)
466.23: (-0.93, -0.31, 0.21): 0
466.31: (0.16, 0.98, -0.11)
466.43: (0.20, 0.94, -0.27)
466.54: (0.24, 0.34, -0.91)
466.66: (-0.16, -0.75, -0.64)
466.78: (-0.50, -0.72, 0.47)
466.89: (-0.42, -0.12, 0.90)
466.99: (-0.57, -0.59, 0.57)
467.11: (-0.19, -0.82, -0.54)
467.23: (0.21, 0.10, -0.97)
467.34: (-0.37, -0.52, -0.77)
467.44: (-0.68, -0.70, 0.23)
467.54: (-0.69, -0.64, 0.34)
467.66: (-0.82, -0.49, 0.28)
467.78: (-0.93, -0.34, 0.11)
467.89: (-0.95, -0.19, 0.27)
467.89: (0.05, 0.92, 0.39): 0
467.89: (-0.95, -0.19, 0.27)
468.01: (-0.94, -0.18, 0.30)
468.11: (-0.94, -0.25, 0.25)
468.21: (-0.89, -0.42, 0.19)
468.33: (-0.64, -0.67, 0.37)
468.43: (-0.63, -0.69, 0.37)
468.54: (-0.63, -0.77, 0.13)
468.66: (-0.26, -0.13, -0.96)
468.76: (0.18, 0.75, -0.63)
468.88: (0.19, 0.95, 0.24)
468.99: (0.06, 0.93, 0.37)
469.11: (0.01, 0.94, 0.33)
469.18: (0.01, 0.93, 0.36)
469.18: (-0.81, -0.25, 0.53): 0
469.23: (0.01, 0.93, 0.36)
469.34: (0.03, 0.97, 0.25)
469.44: (0.00, 0.95, -0.32)
469.56: (-0.06, 0.09, -0.99)
469.68: (-0.12, -0.96, -0.24)
469.78: (0.01, -0.69, 0.73)
469.89: (0.11, 0.20, 0.97)
469.99: (-0.02, 0.73, 0.68)
470.11: (-0.26, 0.94, 0.23)
470.23: (-0.51, 0.77, 0.39)
470.34: (-0.33, 0.05, 0.94)
470.46: (0.47, -0.49, 0.73)
470.56: (0.67, -0.72, -0.19)
470.66: (0.04, -0.26, -0.96)
470.78: (-0.49, 0.11, -0.86)
470.88: (-0.60, -0.16, -0.78)
470.99: (0.30, -0.84, -0.44)
471.11: (0.91, -0.20, 0.35)
471.23: (0.21, 0.75, 0.62)
471.34: (-0.81, 0.58, 0.00)
471.44: (-0.93, -0.06, -0.35)
471.56: (-0.87, -0.39, -0.30)
471.68: (-0.96, 0.19, 0.22)
471.79: (-0.03, 0.92, 0.40)
471.91: (0.90, 0.43, -0.10)
472.01: (0.99, -0.08, -0.11)
472.13: (0.32, 0.75, 0.58)
472.24: (-0.53, 0.61, 0.58)
472.34: (-0.53, 0.61, 0.58)
472.46: (-0.53, 0.61, 0.58)
472.58: (-0.72, 0.53, 0.45)
472.69: (-0.98, -0.19, 0.11)
472.79: (-0.86, -0.50, -0.08)
472.91: (-0.90, -0.43, 0.07)
473.01: (-0.88, -0.24, 0.42)
473.13: (-0.80, -0.25, 0.54)
473.23: (-0.75, -0.18, 0.63)
473.23: (0.56, 0.21, 0.80): 1
473.24: (-0.75, -0.18, 0.63)
473.34: (-0.75, -0.18, 0.63)
473.46: (-0.92, -0.39, 0.00)
473.58: (-0.70, -0.54, -0.47)
473.69: (-0.75, -0.43, 0.50)
473.79: (-0.08, 0.05, 1.00)
473.89: (0.08, 0.18, 0.98)
474.01: (0.08, 0.18, 0.98)
474.13: (0.08, 0.18, 0.98)
474.24: (0.16, 0.17, 0.97)
474.34: (0.57, 0.17, 0.81)
474.46: (0.72, 0.06, 0.69)
474.56: (0.68, 0.09, 0.72)
474.66: (0.56, 0.21, 0.80)
474.71: (0.55, 0.23, 0.80)
474.71: (0.47, 0.52, 0.71): 2
474.78: (0.55, 0.23, 0.80)
474.88: (0.55, 0.20, 0.81)
474.99: (0.39, 0.00, 0.92)
475.11: (0.44, 0.57, 0.69)
475.23: (0.37, 0.67, 0.64)
475.34: (0.40, 0.60, 0.70)
475.44: (0.41, 0.56, 0.72)
475.48: (0.41, 0.56, 0.72)
475.48: (-0.02, 0.50, -0.87): 2
475.56: (0.41, 0.56, 0.72)
475.68: (0.41, 0.55, 0.73)
475.79: (0.32, 0.70, 0.63)
475.91: (0.47, 0.85, 0.24)
476.03: (0.30, 0.49, 0.82)
476.13: (-0.46, -0.28, 0.84)
476.23: (-0.51, -0.85, -0.11)
476.34: (-0.02, -0.97, -0.23)
476.46: (-0.08, -0.65, 0.76)
476.58: (-0.10, 0.31, 0.94)
476.69: (-0.07, 1.00, 0.06)
476.81: (0.15, 0.97, -0.20)
476.93: (0.36, 0.71, 0.61)
477.03: (-0.08, -0.23, 0.97)
477.14: (-0.09, 0.25, 0.96)
477.26: (0.51, 0.86, 0.08)
477.36: (0.62, 0.78, -0.10)
477.48: (0.74, 0.63, -0.24)
477.58: (0.78, 0.19, -0.60)
477.69: (0.63, -0.04, -0.77)
477.81: (0.72, -0.35, -0.60)
477.91: (0.49, -0.66, -0.57)
478.03: (0.56, -0.55, -0.62)
478.13: (0.67, -0.55, -0.51)
478.24: (0.75, -0.41, -0.52)
478.34: (0.77, -0.37, -0.52)
478.44: (0.12, -0.37, -0.92)
478.56: (-0.80, -0.35, -0.48)
478.68: (-0.92, -0.29, -0.27)
478.79: (-0.94, -0.33, -0.05)
478.91: (-0.73, -0.63, -0.26)
479.03: (0.12, -0.86, -0.50)
479.14: (0.22, -0.83, -0.50)
479.26: (0.47, -0.57, -0.67)
479.37: (0.51, 0.72, -0.46)
479.49: (0.05, 0.97, 0.24)
479.59: (0.01, 1.00, 0.06)
479.71: (0.18, 0.72, -0.67)
479.82: (0.13, 0.65, -0.75)
479.94: (0.07, 0.64, -0.77)
479.99: (0.06, 0.62, -0.78)
479.99: (-0.03, 0.12, -0.99): 1
480.04: (0.07, 0.60, -0.80)
480.16: (0.05, 0.58, -0.81)
480.27: (0.03, 0.61, -0.79)
480.37: (0.04, 0.09, -1.00)
480.49: (-0.05, -0.22, -0.98)
480.61: (-0.12, 0.04, -0.99)
480.71: (-0.10, 0.14, -0.99)
480.74: (-0.10, 0.14, -0.99)
480.74: (-0.99, 0.10, 0.00): 0
480.81: (-0.09, 0.14, -0.99)
480.92: (-0.09, 0.14, -0.98)
481.04: (-0.13, 0.04, -0.99)
481.16: (0.10, -0.41, -0.91)
481.27: (-0.04, -0.42, -0.91)
481.39: (-0.70, 0.34, -0.63)
481.51: (-0.78, 0.62, -0.03)
481.61: (-0.91, 0.10, -0.41)
481.72: (-0.91, -0.31, -0.26)
481.84: (-0.95, -0.27, -0.12)
481.94: (-1.00, -0.03, -0.08)
482.06: (-0.99, 0.06, -0.08)
482.12: (-1.00, 0.07, -0.03)
482.12: (-0.37, -0.29, 0.88): 2
482.16: (-1.00, 0.07, -0.03)
482.27: (-1.00, 0.07, -0.02)
482.39: (-0.99, -0.10, -0.03)
482.51: (-0.97, -0.15, 0.18)
482.62: (-0.83, 0.22, 0.51)
482.72: (-0.45, 0.65, 0.62)
482.84: (-0.32, 0.72, 0.62)
482.94: (-0.25, 0.67, 0.70)
483.04: (0.21, 0.67, 0.71)
483.16: (-0.26, 0.56, 0.79)
483.27: (-0.48, 0.40, 0.78)
483.39: (0.35, 0.40, 0.85)
483.51: (-0.32, 0.29, 0.90)
483.61: (-0.97, 0.15, 0.17)
483.72: (-0.57, 0.21, -0.79)
483.82: (0.30, -0.04, -0.95)
483.94: (-0.25, 0.19, -0.95)
484.06: (-1.00, 0.02, 0.00)
484.17: (-0.64, -0.08, 0.76)
484.29: (-0.61, -0.11, 0.78)
484.39: (-0.55, -0.30, 0.78)
484.49: (-0.38, -0.43, 0.82)
484.52: (-0.36, -0.42, 0.83)
484.52: (-0.85, -0.06, 0.53): 2
484.61: (-0.36, -0.41, 0.83)
484.72: (-0.51, -0.40, 0.76)
484.84: (-0.85, -0.51, -0.08)
484.96: (-0.68, -0.28, -0.68)
485.07: (-0.91, -0.20, 0.37)
485.19: (-0.88, -0.11, 0.46)
485.29: (-0.88, -0.11, 0.46)
485.29: (0.87, -0.17, -0.45): 1
485.31: (-0.88, -0.11, 0.46)
485.41: (-0.88, -0.09, 0.46)
485.52: (-0.89, 0.12, 0.44)
485.62: (-0.51, 0.35, 0.79)
485.74: (0.34, 0.46, 0.82)
485.86: (1.00, 0.00, 0.04)
485.97: (0.35, -0.44, -0.83)
486.07: (0.12, -0.20, -0.97)
486.19: (0.67, -0.08, -0.74)
486.31: (0.92, -0.13, -0.38)
486.42: (0.82, -0.18, -0.55)
486.46: (0.81, -0.18, -0.55)
486.46: (0.26, -0.84, 0.48): 2
486.54: (0.81, -0.18, -0.55)
486.64: (0.85, -0.10, -0.52)
486.76: (0.98, 0.05, -0.18)
486.87: (0.55, 0.40, 0.74)
486.99: (-0.41, 0.54, 0.73)
487.11: (-0.20, 0.90, 0.38)
487.22: (0.68, 0.74, 0.01)
487.34: (0.88, -0.46, 0.12)
487.46: (-0.10, -0.99, 0.08)
487.57: (-0.78, -0.63, -0.04)
487.67: (-0.41, -0.90, 0.17)
487.79: (0.30, -0.88, 0.36)
487.91: (0.44, -0.80, 0.41)
488.01: (0.28, -0.86, 0.43)
488.07: (0.20, -0.89, 0.42)
488.07: (-0.79, -0.38, -0.49): 0
488.12: (0.20, -0.89, 0.42)
488.22: (0.26, -0.88, 0.40)
488.34: (0.89, -0.41, 0.20)
488.46: (0.71, 0.67, -0.21)
488.57: (-0.30, 0.86, -0.40)
488.67: (-0.70, 0.67, -0.25)
488.79: (-0.57, 0.80, 0.17)
488.91: (-0.12, 0.69, 0.72)
489.02: (0.22, 0.16, 0.96)
489.14: (0.34, -0.34, 0.88)
489.24: (0.54, -0.59, 0.60)
489.36: (0.98, -0.03, 0.19)
489.47: (0.58, 0.79, -0.20)
489.59: (0.31, 0.95, 0.07)
489.69: (0.63, 0.26, 0.73)
489.81: (0.29, -0.83, 0.48)
489.92: (-0.50, -0.80, -0.34)
490.04: (-0.72, 0.12, -0.68)
490.16: (-0.39, 0.82, -0.42)
490.27: (-0.73, 0.53, -0.43)
490.39: (-0.83, -0.22, -0.52)
490.51: (-0.74, -0.38, -0.55)
490.57: (-0.77, -0.37, -0.53)
490.57: (-0.93, 0.32, -0.17): 0
490.61: (-0.77, -0.36, -0.52)
490.71: (-0.79, -0.36, -0.50)
490.82: (-0.78, -0.53, -0.32)
490.94: (-0.53, -0.83, 0.19)
491.06: (-0.85, -0.49, 0.19)
491.16: (-1.00, 0.01, -0.04)
491.27: (-0.99, 0.14, -0.07)
491.36: (-0.95, 0.30, -0.09)
491.36: (0.81, 0.43, -0.40): 2
491.37: (-0.95, 0.30, -0.09)
491.49: (-0.89, 0.42, -0.19)
491.61: (-0.92, 0.38, -0.14)
491.72: (-0.95, -0.15, 0.27)
491.82: (-0.48, -0.58, 0.66)
491.94: (0.28, -0.58, 0.76)
492.06: (0.89, -0.24, 0.38)
492.17: (0.99, 0.09, -0.08)
492.29: (0.73, 0.43, -0.53)
492.41: (0.45, 0.57, -0.68)
492.52: (0.65, 0.51, -0.56)
492.62: (0.73, 0.46, -0.50)
492.66: (0.75, 0.45, -0.49)
492.66: (0.14, -0.17, 0.98): 0
492.74: (0.75, 0.44, -0.49)
492.86: (0.78, 0.39, -0.50)
492.96: (0.51, 0.47, -0.72)
493.07: (-0.26, 0.55, -0.80)
493.19: (-0.62, 0.39, -0.68)
493.29: (-0.96, 0.00, -0.27)
493.41: (-0.79, -0.46, 0.41)
493.52: (-0.39, -0.53, 0.76)
493.64: (-0.16, -0.38, 0.91)
493.76: (-0.61, -0.20, 0.77)
493.87: (-0.66, -0.15, 0.73)
493.99: (-0.01, -0.10, 0.99)
494.09: (0.15, -0.02, 0.99)
494.21: (0.23, -0.04, 0.97)
494.31: (0.14, -0.13, 0.98)
494.31: (-0.83, -0.46, -0.31): 1
494.32: (0.14, -0.14, 0.98)
494.44: (0.15, -0.13, 0.98)
494.56: (-0.16, -0.09, 0.98)
494.67: (-0.96, 0.04, 0.26)
494.79: (-0.44, -0.02, -0.90)
494.91: (0.84, 0.03, -0.54)
495.02: (0.91, 0.15, 0.38)
495.12: (0.88, -0.05, -0.47)
495.24: (-0.09, -0.37, -0.93)
495.36: (-0.66, -0.44, -0.62)
495.47: (-0.79, -0.42, -0.45)
495.57: (-0.85, -0.43, -0.31)
495.64: (-0.85, -0.44, -0.29)
495.64: (-1.00, 0.02, 0.05): 0
495.69: (-0.85, -0.44, -0.29)
495.79: (-0.84, -0.43, -0.33)
495.91: (-0.38, -0.65, -0.65)
496.02: (-0.76, -0.45, -0.48)
496.12: (-0.95, 0.24, 0.17)
496.24: (-0.88, 0.39, 0.28)
496.34: (-0.95, 0.27, 0.15)
496.46: (-1.00, 0.02, 0.06)
496.51: (-1.00, 0.01, 0.09)
END