4/1/2023 12:45:08 PM
Mode: Stereo
White time (s): [4.065887, 1.449692, 1.099854, 1.366348, 0.7332001, 0.9831543, 2.149506, 1.649628, 5.415588, 1.416443, 2.133057, 0.616333, 2.16629, 2.249664, 1.216766, 1.266541, 1.599518, 3.515686, 6.115265, 2.366028, 2.849396, 0.6332397, 1.183075, 1.183105, 1.299957, 1.782776, 1.082764, 0.5999146, 1.682709, 2.066284]
Shot time (s): [0.883255, 0.6665344, 1.516129, 2.64975, 0.7996826, 1.81636, 1.416351, 3.582581, 1.733154, 2.399536, 0.6164551, 1.182892, 1.066467, 1.733276, 2.433105, 0.9665527, 1.266357, 1.416321, 1.916351, 1.749695, 1.765961, 1.333069, 1.932709, 3.815857, 1.150116, 1.299744, 0.9502869, 0.4661865, 1.816345, 3.332611]
Step time (s): [6.448761, 5.632248, 1.682983, 0.9995422, 5.615845, 1.749527, 3.69931, 2.199585, 6.198792, 2.349365, 1.349579, 2.299561, 1.783264, 3.365967, 1.916595, 1.632629, 2.366089, 2.032959, 1.233032, 1.416748, 2.599701, 3.682739, 1.166351, 2.949432, 2.132813, 1.499664, 3.932831, 1.766327, 3.032837, 1.766449]
White horz (deg): [996.3749, 154, 23.75, 172.8125, 50.8125, 119.5625, 216.5, 90.99999, 1258, 132.8125, 342.6875, 14.5, 317.8125, 194.3125, 194.3125, 236.5625, 195.375, 542.6874, 854.3124, 224.8125, 268.375, 39.375, 121.125, 114.5, 143.4375, 200.75, 123.5, 52.0625, 192.5, 312.25]
Shot horz (deg): [11.0625, 57.31249, 78.87499, 390.125, 60.4375, 233.0625, 107, 631.7499, 398.1875, 144.25, 34.1875, 88.62499, 107.8125, 353.3125, 280.5625, 85.99999, 136.5625, 28.8125, 118.5625, 123.75, 137.3125, 99.43749, 188.625, 356, 154.0625, 214.3125, 59.93749, 4.875, 287.5, 892.7499]
Step horz (deg): [1031.937, 490.4375, 154.75, 132.375, 1046.5, 134.1875, 604.3124, 218.375, 918.8749, 221.8125, 57.5, 95.74999, 51.1875, 611.1874, 185.375, 176.875, 269.25, 365.625, 204.375, 73.31249, 335.8125, 287.625, 50.6875, 125.375, 179.0625, 111.6875, 288.25, 176.0625, 434.25, 93.06249]
White vert (deg): [219.5625, 26.75, 58.375, 77.24999, 11.8125, 29.9375, 147.25, 156.5, 427.25, 114.5625, 75.68749, 35.1875, 86.43749, 193.0625, 66.37499, 38.1875, 45.3125, 170.9375, 841.1249, 445.6875, 365.1875, 15.4375, 62.375, 140.5625, 45.0625, 80.74999, 30.6875, 18.125, 81.12499, 256]
Shot vert (deg): [56.125, 30, 245.5, 227.125, 19.875, 182.8125, 38.0625, 440.125, 137.375, 232.3125, 25.3125, 101.75, 67.37499, 100.625, 183.8125, 98.37499, 99.49999, 158.875, 210.375, 226.5625, 171.8125, 37.8125, 232.5, 154.375, 32.1875, 47.8125, 27.1875, 10.9375, 149.0625, 555.6249]
Step vert (deg): [573.8749, 532.9999, 149.5, 18.4375, 420.625, 251.0625, 398.875, 230.8125, 839.3124, 131.375, 163, 362.5, 183.75, 200.8125, 21.0625, 28.875, 225.875, 184.625, 43.875, 231.1875, 237.375, 534.6249, 99.18749, 431.25, 165.375, 30.0625, 437.875, 117.5625, 307.5625, 22.625]

Time in sec: camera forward versor
Time in sec: target versor: sound type (0 = White, 1 = Shot, 2 = Step)
START
217.36: (-0.68, 0.44, 0.58): 0
217.36: (0.90, 0.42, -0.05)
217.46: (0.90, 0.43, -0.05)
217.56: (0.90, 0.43, -0.09)
217.68: (0.68, 0.65, -0.34)
217.79: (0.15, 0.80, -0.58)
217.91: (-0.49, 0.68, -0.55)
218.01: (-0.76, 0.53, -0.39)
218.13: (-0.99, 0.13, -0.06)
218.24: (-0.86, -0.41, 0.31)
218.34: (-0.62, -0.63, 0.47)
218.46: (-0.33, -0.78, 0.53)
218.58: (0.31, -0.79, 0.52)
218.68: (0.84, -0.46, 0.28)
218.79: (0.99, 0.07, -0.09)
218.91: (0.91, 0.33, -0.26)
219.01: (0.92, 0.31, -0.25)
219.13: (1.00, 0.04, -0.08)
219.24: (0.63, -0.65, 0.43)
219.36: (-0.39, -0.74, 0.54)
219.48: (-0.98, -0.16, 0.15)
219.58: (-0.79, 0.54, -0.30)
219.69: (-0.07, 0.86, -0.50)
219.81: (0.60, 0.67, -0.44)
219.93: (0.99, 0.09, -0.12)
220.03: (0.96, -0.26, 0.07)
220.13: (0.99, -0.10, 0.10)
220.24: (0.86, 0.45, 0.24)
220.36: (0.32, 0.87, 0.37)
220.46: (-0.33, 0.91, 0.25)
220.58: (-0.84, 0.54, 0.00)
220.68: (-0.94, 0.14, -0.32)
220.79: (-0.77, -0.09, -0.64)
220.89: (-0.91, 0.09, -0.40)
221.01: (-0.95, 0.28, 0.15)
221.13: (-0.87, 0.33, 0.37)
221.24: (-0.86, 0.34, 0.39)
221.34: (-0.78, 0.40, 0.48)
221.43: (-0.70, 0.43, 0.56)
221.43: (0.94, -0.24, 0.24): 0
221.46: (-0.70, 0.44, 0.56)
221.58: (-0.70, 0.44, 0.56)
221.69: (-0.70, 0.46, 0.54)
221.81: (-0.74, 0.53, 0.41)
221.93: (-0.77, 0.59, 0.26)
222.03: (-0.72, 0.61, 0.32)
222.14: (-0.13, 0.56, 0.82)
222.26: (0.55, 0.22, 0.80)
222.38: (0.56, 0.22, 0.80)
222.49: (0.56, 0.22, 0.80)
222.61: (0.62, 0.15, 0.77)
222.73: (0.86, -0.17, 0.48)
222.84: (0.90, -0.23, 0.36)
222.88: (0.90, -0.23, 0.36)
222.88: (-0.96, -0.29, -0.01): 2
222.96: (0.90, -0.23, 0.36)
223.06: (0.90, -0.23, 0.36)
223.18: (0.90, -0.23, 0.36)
223.28: (0.92, -0.24, 0.31)
223.38: (0.92, -0.24, 0.30)
223.49: (0.92, -0.23, 0.30)
223.61: (0.96, -0.15, 0.24)
223.71: (1.00, -0.01, 0.04)
223.83: (0.90, 0.32, -0.29)
223.93: (0.73, 0.50, -0.47)
224.04: (0.56, 0.57, -0.60)
224.16: (0.53, 0.58, -0.61)
224.28: (0.55, 0.57, -0.61)
224.39: (0.58, 0.45, -0.68)
224.51: (0.63, -0.03, -0.78)
224.63: (0.55, -0.49, -0.68)
224.74: (0.65, -0.63, -0.43)
224.84: (0.71, -0.71, -0.04)
224.96: (0.72, -0.56, 0.40)
225.08: (0.75, -0.04, 0.66)
225.18: (0.61, 0.66, 0.43)
225.29: (0.02, 0.93, -0.38)
225.41: (-0.41, 0.32, -0.86)
225.53: (-0.48, -0.41, -0.77)
225.64: (-0.29, -0.94, -0.19)
225.76: (0.05, -0.91, 0.42)
225.88: (0.34, -0.48, 0.81)
225.99: (0.46, 0.01, 0.89)
226.11: (0.53, 0.40, 0.75)
226.23: (0.56, 0.61, 0.57)
226.34: (0.57, 0.66, 0.49)
226.44: (0.55, 0.69, 0.47)
226.56: (0.49, 0.78, 0.39)
226.67: (0.29, 0.95, 0.08)
226.78: (-0.03, 0.95, -0.32)
226.88: (-0.37, 0.68, -0.63)
226.99: (-0.63, 0.18, -0.76)
227.11: (-0.67, -0.35, -0.65)
227.22: (-0.54, -0.76, -0.37)
227.33: (-0.29, -0.95, -0.11)
227.44: (0.10, -0.96, 0.26)
227.54: (0.39, -0.78, 0.48)
227.64: (0.54, -0.63, 0.55)
227.76: (0.65, -0.47, 0.59)
227.87: (0.75, -0.24, 0.62)
227.99: (0.80, 0.03, 0.60)
228.09: (0.84, 0.25, 0.48)
228.21: (0.95, 0.32, 0.02)
228.32: (0.64, -0.01, -0.77)
228.44: (-0.21, -0.50, -0.84)
228.56: (-0.77, -0.55, -0.32)
228.67: (-0.80, -0.50, 0.33)
228.79: (-0.10, -0.46, 0.88)
228.89: (-0.28, -0.41, 0.87)
229.01: (-0.90, -0.27, 0.35)
229.12: (-0.99, -0.14, -0.02)
229.22: (-0.99, -0.16, -0.05)
229.32: (-0.98, -0.17, -0.05)
229.32: (-0.62, -0.77, -0.16): 0
229.32: (-0.98, -0.17, -0.05)
229.44: (-0.99, -0.17, -0.01)
229.56: (-0.98, -0.18, 0.01)
229.67: (-0.98, -0.18, 0.01)
229.79: (-0.98, -0.18, 0.01)
229.91: (-0.98, -0.18, 0.01)
230.01: (-0.89, -0.44, -0.12)
230.12: (-0.64, -0.73, -0.24)
230.24: (-0.52, -0.82, -0.25)
230.36: (-0.57, -0.80, -0.19)
230.42: (-0.64, -0.76, -0.10)
230.42: (0.57, -0.63, -0.53): 2
230.47: (-0.65, -0.76, -0.09)
230.59: (-0.67, -0.74, -0.06)
230.71: (-0.72, -0.68, 0.11)
230.81: (-0.69, -0.66, 0.28)
230.92: (-0.58, -0.71, 0.41)
231.04: (-0.47, -0.75, 0.48)
231.14: (-0.43, -0.76, 0.49)
231.26: (-0.42, -0.76, 0.49)
231.37: (-0.42, -0.77, 0.49)
231.49: (-0.42, -0.77, 0.48)
231.59: (-0.43, -0.77, 0.48)
231.71: (-0.36, -0.76, 0.55)
231.82: (0.22, -0.56, 0.80)
231.94: (0.79, -0.01, 0.62)
232.06: (0.82, 0.08, 0.56)
232.17: (0.82, 0.08, 0.56)
232.29: (0.83, 0.07, 0.56)
232.39: (0.90, 0.35, 0.27)
232.51: (0.62, 0.75, -0.25)
232.62: (0.18, 0.81, -0.55)
232.74: (-0.16, 0.72, -0.68)
232.86: (-0.49, 0.52, -0.70)
232.96: (-0.55, 0.48, -0.68)
233.07: (-0.55, 0.48, -0.68)
233.17: (-0.51, 0.50, -0.70)
233.29: (-0.57, 0.61, -0.55)
233.41: (-0.71, 0.66, 0.24)
233.51: (-0.44, 0.40, 0.80)
233.61: (-0.20, 0.19, 0.96)
233.72: (0.02, 0.03, 1.00)
233.84: (0.37, -0.22, 0.90)
233.96: (0.70, -0.23, 0.67)
234.07: (0.91, -0.21, 0.35)
234.17: (0.92, -0.37, 0.11)
234.29: (0.65, -0.76, -0.08)
234.41: (0.42, -0.90, 0.13)
234.51: (0.35, -0.67, 0.65)
234.62: (0.27, 0.30, 0.91)
234.74: (0.26, 0.71, 0.65)
234.86: (0.56, 0.10, 0.82)
234.97: (0.60, -0.71, 0.36)
235.07: (0.46, -0.88, 0.15)
235.17: (0.46, -0.88, 0.15)
235.29: (0.46, -0.88, 0.15)
235.41: (0.46, -0.88, 0.15)
235.52: (0.52, -0.85, -0.03)
235.64: (0.61, -0.59, -0.53)
235.74: (0.63, -0.43, -0.65)
235.84: (0.63, -0.42, -0.65)
235.96: (0.63, -0.46, -0.62)
236.06: (0.62, -0.53, -0.58)
236.06: (0.03, -0.62, -0.79): 1
236.07: (0.61, -0.53, -0.58)
236.17: (0.61, -0.53, -0.58)
236.29: (0.61, -0.54, -0.58)
236.41: (0.39, -0.64, -0.66)
236.52: (0.01, -0.69, -0.73)
236.62: (-0.14, -0.64, -0.76)
236.74: (-0.17, -0.63, -0.75)
236.84: (-0.14, -0.64, -0.76)
236.94: (-0.02, -0.64, -0.77)
236.94: (-0.50, 0.75, -0.43): 2
236.96: (-0.02, -0.64, -0.77)
237.07: (-0.01, -0.63, -0.77)
237.19: (-0.02, -0.63, -0.78)
237.29: (0.12, -0.63, -0.77)
237.41: (0.10, -0.64, -0.76)
237.52: (-0.45, -0.54, -0.71)
237.62: (-0.81, -0.29, -0.50)
237.74: (-0.92, 0.10, -0.38)
237.86: (-0.64, 0.43, -0.64)
237.97: (-0.02, 0.61, -0.79)
238.07: (0.11, 0.70, -0.71)
238.19: (-0.38, 0.78, -0.50)
238.29: (-0.68, 0.65, -0.35)
238.41: (-0.67, 0.66, -0.35)
238.52: (-0.54, 0.76, -0.37)
238.62: (-0.46, 0.80, -0.39)
238.62: (0.73, 0.64, -0.22): 2
238.64: (-0.46, 0.80, -0.39)
238.76: (-0.46, 0.80, -0.39)
238.87: (-0.34, 0.85, -0.40)
238.99: (0.04, 0.91, -0.41)
239.11: (0.54, 0.79, -0.30)
239.22: (0.85, 0.52, -0.11)
239.34: (0.97, 0.26, -0.01)
239.44: (0.86, 0.48, -0.20)
239.56: (0.74, 0.61, -0.28)
239.62: (0.74, 0.61, -0.28)
239.62: (1.00, -0.07, -0.06): 1
239.66: (0.74, 0.61, -0.28)
239.76: (0.76, 0.59, -0.26)
239.86: (0.89, 0.44, -0.14)
239.97: (0.99, -0.13, -0.10)
240.09: (0.97, -0.22, -0.12)
240.21: (0.99, -0.11, -0.12)
240.29: (0.99, -0.05, -0.10)
240.29: (-0.80, 0.26, 0.54): 2
240.32: (0.99, -0.05, -0.09)
240.44: (0.99, -0.05, -0.09)
240.56: (0.98, -0.17, -0.12)
240.67: (0.93, -0.32, -0.18)
240.77: (0.76, -0.29, -0.58)
240.89: (0.13, -0.10, -0.99)
241.01: (-0.41, 0.16, -0.90)
241.12: (-0.70, 0.18, -0.69)
241.24: (-0.78, 0.11, -0.61)
241.34: (-0.82, -0.04, -0.58)
241.46: (-0.65, -0.56, -0.52)
241.57: (0.03, -0.97, -0.23)
241.69: (0.74, -0.62, 0.25)
241.79: (0.84, 0.15, 0.52)
241.91: (0.47, 0.74, 0.48)
242.02: (0.01, 0.97, 0.23)
242.14: (-0.54, 0.83, -0.15)
242.26: (-0.81, 0.43, -0.40)
242.37: (-0.79, -0.22, -0.57)
242.47: (-0.61, -0.59, -0.53)
242.59: (-0.62, -0.58, -0.54)
242.69: (-0.62, -0.58, -0.54)
242.81: (-0.62, -0.58, -0.54)
242.92: (-0.62, -0.58, -0.54)
243.04: (-0.62, -0.58, -0.54)
243.15: (-0.50, -0.72, -0.49)
243.27: (-0.05, -0.96, -0.29)
243.37: (0.58, -0.81, 0.11)
243.49: (0.85, 0.07, 0.51)
243.60: (0.36, 0.83, 0.43)
243.72: (-0.34, 0.94, 0.05)
243.82: (-0.76, 0.59, -0.27)
243.94: (-0.87, 0.01, -0.50)
244.06: (-0.64, -0.56, -0.52)
244.17: (-0.26, -0.87, -0.42)
244.27: (0.07, -0.95, -0.29)
244.39: (0.41, -0.90, -0.14)
244.50: (0.56, -0.79, -0.26)
244.60: (0.53, -0.45, -0.72)
244.72: (-0.06, 0.27, -0.96)
244.82: (-0.42, 0.68, -0.60)
244.94: (-0.50, 0.84, -0.23)
245.05: (-0.51, 0.85, 0.11)
245.15: (-0.55, 0.70, 0.45)
245.27: (-0.59, 0.30, 0.75)
245.39: (-0.73, -0.03, 0.69)
245.50: (-0.73, -0.03, 0.69)
245.62: (-0.73, -0.03, 0.69)
245.72: (-0.73, -0.03, 0.68)
245.84: (-0.84, 0.14, 0.52)
245.90: (-0.84, 0.15, 0.51)
245.90: (0.74, 0.67, 0.00): 1
245.95: (-0.84, 0.15, 0.51)
246.07: (-0.85, 0.15, 0.51)
246.19: (-0.85, 0.17, 0.50)
246.30: (-0.95, 0.29, 0.12)
246.42: (-0.74, 0.43, -0.52)
246.54: (-0.07, 0.48, -0.88)
246.64: (0.46, 0.41, -0.79)
246.74: (0.84, 0.22, -0.49)
246.85: (1.00, 0.00, -0.06)
246.97: (0.98, 0.05, 0.21)
247.09: (0.93, 0.35, 0.11)
247.19: (0.84, 0.54, -0.04)
247.30: (0.75, 0.65, -0.12)
247.42: (0.72, 0.69, -0.08)
247.42: (-0.62, 0.78, -0.10): 0
247.42: (0.72, 0.69, -0.08)
247.54: (0.72, 0.69, -0.09)
247.64: (0.70, 0.70, -0.14)
247.75: (0.64, 0.72, -0.27)
247.87: (0.37, 0.83, -0.41)
247.99: (-0.14, 0.99, 0.08)
248.10: (-0.41, 0.63, 0.67)
248.22: (-0.47, 0.24, 0.85)
248.34: (-0.52, 0.64, 0.57)
248.44: (-0.57, 0.80, 0.17)
248.55: (-0.59, 0.81, 0.03)
248.67: (-0.59, 0.80, 0.02)
248.77: (-0.60, 0.80, 0.01)
248.79: (-0.60, 0.80, 0.01)
248.79: (-0.05, 0.81, -0.59): 0
248.87: (-0.60, 0.80, 0.01)
248.99: (-0.64, 0.77, -0.01)
249.10: (-0.54, 0.81, -0.24)
249.20: (-0.16, 0.81, -0.57)
249.32: (-0.07, 0.78, -0.62)
249.44: (-0.07, 0.78, -0.62)
249.52: (-0.08, 0.79, -0.61)
249.52: (0.93, -0.36, 0.02): 0
249.55: (-0.07, 0.79, -0.61)
249.65: (-0.07, 0.79, -0.62)
249.77: (-0.05, 0.76, -0.65)
249.87: (0.06, 0.69, -0.72)
249.97: (0.42, 0.41, -0.81)
250.09: (0.72, 0.00, -0.70)
250.19: (0.81, -0.27, -0.52)
250.30: (0.83, -0.48, -0.28)
250.42: (0.90, -0.44, 0.02)
250.50: (0.91, -0.42, 0.06)
250.50: (0.78, 0.22, 0.59): 1
250.54: (0.91, -0.42, 0.06)
250.64: (0.90, -0.42, 0.07)
250.75: (0.91, -0.41, 0.06)
250.87: (0.84, -0.50, 0.19)
250.99: (0.38, -0.71, 0.60)
251.10: (0.34, -0.71, 0.61)
251.22: (0.34, -0.71, 0.61)
251.34: (0.32, -0.71, 0.63)
251.44: (-0.13, -0.69, 0.71)
251.55: (-0.60, -0.69, 0.40)
251.67: (-0.69, -0.72, -0.08)
251.79: (-0.36, -0.90, -0.27)
251.90: (-0.12, -0.81, -0.58)
252.02: (-0.04, -0.49, -0.87)
252.14: (0.42, -0.20, -0.89)
252.25: (0.95, -0.24, -0.22)
252.37: (0.81, -0.30, 0.50)
252.47: (0.32, -0.24, 0.92)
252.59: (-0.12, -0.10, 0.99)
252.70: (0.41, 0.00, 0.91)
252.82: (0.83, 0.06, 0.56)
252.92: (0.90, 0.10, 0.42)
253.04: (0.84, 0.19, 0.51)
253.15: (0.76, 0.23, 0.60)
253.15: (0.92, -0.26, 0.29): 1
253.15: (0.76, 0.23, 0.60)
253.25: (0.76, 0.23, 0.61)
253.37: (0.75, 0.23, 0.61)
253.49: (0.86, -0.01, 0.51)
253.60: (0.94, -0.33, 0.11)
253.72: (0.93, -0.36, 0.05)
253.84: (0.94, -0.33, 0.11)
253.95: (0.94, -0.25, 0.24)
253.95: (0.42, 0.53, 0.73): 2
253.95: (0.94, -0.25, 0.24)
254.07: (0.94, -0.26, 0.24)
254.19: (0.94, -0.27, 0.23)
254.29: (0.88, -0.44, 0.20)
254.40: (0.51, -0.85, 0.15)
254.52: (-0.26, -0.96, 0.03)
254.62: (-0.80, -0.60, -0.01)
254.72: (-0.99, -0.08, 0.11)
254.84: (-0.92, 0.30, 0.26)
254.95: (-0.72, 0.56, 0.41)
255.05: (-0.45, 0.70, 0.55)
255.17: (-0.02, 0.73, 0.69)
255.29: (0.37, 0.51, 0.77)
255.40: (0.54, 0.33, 0.78)
255.52: (0.49, 0.38, 0.79)
255.64: (0.44, 0.43, 0.79)
255.70: (0.41, 0.45, 0.79)
255.70: (0.50, 0.30, -0.81): 1
255.75: (0.41, 0.45, 0.79)
255.87: (0.41, 0.45, 0.79)
255.97: (0.41, 0.45, 0.79)
256.09: (0.29, 0.42, 0.86)
256.20: (-0.24, 0.36, 0.90)
256.30: (-0.72, 0.28, 0.64)
256.40: (-0.97, 0.14, 0.22)
256.52: (-0.98, 0.06, -0.16)
256.64: (-0.88, 0.07, -0.46)
256.75: (-0.60, 0.07, -0.80)
256.87: (-0.14, 0.09, -0.99)
256.97: (0.22, 0.15, -0.96)
257.09: (0.68, 0.31, -0.67)
257.20: (0.87, 0.44, -0.23)
257.30: (0.78, 0.45, -0.42)
257.42: (0.53, 0.36, -0.77)
257.52: (0.48, 0.34, -0.81)
257.52: (0.99, -0.10, -0.10): 0
257.54: (0.48, 0.34, -0.81)
257.65: (0.51, 0.34, -0.79)
257.75: (0.51, 0.36, -0.78)
257.87: (0.34, 0.57, -0.74)
257.99: (0.01, 0.89, -0.45)
258.10: (-0.27, 0.96, 0.04)
258.22: (-0.31, 0.85, 0.42)
258.34: (-0.16, 0.69, 0.71)
258.44: (0.06, 0.49, 0.87)
258.55: (0.38, 0.21, 0.90)
258.67: (0.73, -0.12, 0.67)
258.77: (0.86, -0.40, 0.33)
258.89: (0.78, -0.61, -0.12)
259.00: (0.76, -0.62, -0.21)
259.10: (0.76, -0.62, -0.21)
259.22: (0.76, -0.62, -0.21)
259.32: (0.87, -0.46, -0.19)
259.44: (0.94, -0.27, -0.21)
259.55: (0.97, -0.16, -0.16)
259.67: (0.99, -0.13, -0.11)
259.67: (0.28, -0.89, 0.36): 2
259.67: (0.99, -0.13, -0.11)
259.79: (0.98, -0.14, -0.11)
259.90: (0.98, -0.10, -0.14)
260.00: (0.96, 0.05, -0.27)
260.12: (0.75, 0.33, -0.57)
260.24: (0.36, 0.51, -0.78)
260.35: (0.07, 0.56, -0.83)
260.47: (-0.31, 0.55, -0.77)
260.57: (-0.64, 0.51, -0.57)
260.68: (-0.83, 0.47, -0.30)
260.80: (-0.92, 0.40, 0.01)
260.92: (-0.87, 0.38, 0.32)
261.02: (-0.72, 0.44, 0.54)
261.12: (-0.41, 0.68, 0.60)
261.23: (-0.03, 0.91, 0.41)
261.35: (0.52, 0.83, -0.21)
261.47: (0.69, -0.04, -0.73)
261.57: (0.26, -0.82, -0.52)
261.68: (-0.40, -0.90, 0.16)
261.80: (-0.67, -0.30, 0.68)
261.92: (-0.50, 0.37, 0.78)
262.03: (-0.26, 0.64, 0.72)
262.15: (-0.37, -0.02, 0.93)
262.27: (-0.31, -0.73, 0.62)
262.38: (-0.09, -0.95, 0.29)
262.48: (-0.01, -1.00, 0.08)
262.60: (0.03, -0.94, -0.33)
262.72: (0.03, -0.94, -0.33)
262.82: (0.03, -0.94, -0.33)
262.93: (0.03, -0.94, -0.33)
263.05: (0.08, -0.98, -0.19)
263.17: (0.25, -0.95, 0.17)
263.28: (0.24, -0.91, 0.33)
263.37: (0.24, -0.91, 0.34)
263.37: (-0.91, 0.33, -0.27): 0
263.40: (0.24, -0.91, 0.34)
263.52: (0.26, -0.92, 0.30)
263.63: (0.28, -0.92, 0.28)
263.75: (0.35, -0.91, 0.23)
263.87: (0.25, -0.97, -0.07)
263.98: (-0.11, -0.99, -0.08)
264.08: (-0.55, -0.83, -0.06)
264.20: (-0.84, -0.54, -0.03)
264.30: (-0.97, -0.23, 0.04)
264.42: (-0.98, 0.18, 0.09)
264.53: (-0.85, 0.52, -0.06)
264.65: (-0.82, 0.55, -0.17)
264.75: (-0.83, 0.49, -0.28)
264.85: (-0.84, 0.44, -0.32)
264.97: (-0.87, 0.39, -0.31)
265.02: (-0.87, 0.38, -0.31)
265.02: (-0.17, 0.32, 0.93): 2
265.07: (-0.87, 0.37, -0.31)
265.17: (-0.88, 0.37, -0.31)
265.28: (-0.91, 0.29, -0.30)
265.40: (-0.96, 0.08, -0.28)
265.50: (-0.94, -0.19, -0.28)
265.62: (-0.73, -0.60, -0.32)
265.72: (-0.48, -0.84, -0.26)
265.83: (-0.10, -0.99, -0.02)
265.93: (0.08, -0.96, 0.27)
266.03: (0.15, -0.85, 0.50)
266.15: (0.21, -0.75, 0.63)
266.25: (0.43, -0.52, 0.74)
266.37: (0.58, -0.04, 0.81)
266.48: (0.23, 0.63, 0.74)
266.60: (-0.39, 0.86, 0.32)
266.70: (-0.50, 0.74, 0.45)
266.82: (-0.23, 0.60, 0.76)
266.93: (-0.21, 0.59, 0.78)
267.03: (-0.25, 0.51, 0.82)
267.13: (-0.23, 0.42, 0.88)
267.22: (-0.21, 0.38, 0.90)
267.22: (-0.66, 0.75, 0.05): 0
267.25: (-0.21, 0.38, 0.90)
267.35: (-0.22, 0.37, 0.90)
267.47: (-0.27, 0.36, 0.89)
267.58: (-0.32, 0.30, 0.90)
267.70: (-0.77, 0.04, 0.64)
267.80: (-1.00, -0.05, -0.06)
267.92: (-0.67, 0.08, -0.74)
268.03: (-0.03, 0.13, -0.99)
268.15: (0.28, 0.08, -0.96)
268.27: (-0.05, 0.14, -0.99)
268.37: (-0.67, 0.08, -0.74)
268.48: (-0.99, -0.08, 0.14)
268.58: (-0.74, -0.27, 0.62)
268.70: (-0.26, -0.32, 0.91)
268.80: (0.30, -0.21, 0.93)
268.90: (0.68, -0.04, 0.73)
269.02: (0.96, 0.26, 0.10)
269.13: (0.74, 0.36, -0.57)
269.25: (0.37, 0.28, -0.89)
269.35: (0.00, 0.14, -0.99)
269.45: (-0.21, 0.03, -0.98)
269.57: (-0.22, -0.07, -0.97)
269.68: (-0.14, -0.30, -0.94)
269.78: (0.22, -0.71, -0.67)
269.90: (0.75, -0.66, 0.08)
270.02: (0.79, -0.29, 0.54)
270.13: (0.65, -0.39, 0.65)
270.25: (0.70, -0.22, 0.68)
270.37: (0.68, 0.65, 0.34)
270.48: (0.03, 0.94, -0.35)
270.58: (-0.58, 0.48, -0.66)
270.70: (-0.78, -0.45, -0.44)
270.80: (-0.42, -0.90, 0.12)
270.92: (0.29, -0.72, 0.63)
271.02: (0.72, -0.09, 0.69)
271.13: (0.74, 0.57, 0.35)
271.25: (0.38, 0.91, -0.17)
271.37: (-0.13, 0.81, -0.57)
271.48: (-0.57, 0.35, -0.75)
271.60: (-0.88, 0.06, -0.48)
271.72: (-0.94, 0.33, 0.09)
271.83: (-0.56, 0.49, 0.67)
271.95: (-0.22, 0.48, 0.85)
272.07: (-0.36, 0.53, 0.77)
272.18: (-0.57, 0.63, 0.53)
272.30: (-0.62, 0.66, 0.42)
272.42: (-0.65, 0.69, 0.31)
272.53: (-0.70, 0.69, 0.18)
272.63: (-0.70, 0.71, 0.11)
272.63: (-0.97, -0.19, -0.13): 1
272.65: (-0.70, 0.71, 0.11)
272.77: (-0.72, 0.69, 0.10)
272.87: (-0.71, 0.70, 0.07)
272.98: (-0.71, 0.70, 0.07)
273.10: (-0.71, 0.70, 0.07)
273.22: (-0.71, 0.70, 0.07)
273.33: (-0.71, 0.70, 0.07)
273.45: (-0.81, 0.59, 0.08)
273.55: (-0.96, 0.21, 0.21)
273.65: (-0.88, -0.35, 0.32)
273.77: (-0.85, -0.50, 0.15)
273.88: (-0.97, -0.22, -0.09)
274.00: (-0.98, -0.15, -0.12)
274.05: (-0.98, -0.15, -0.12)
274.05: (0.47, -0.02, -0.88): 0
274.10: (-0.98, -0.15, -0.12)
274.20: (-0.98, -0.15, -0.12)
274.32: (-0.97, -0.18, -0.16)
274.43: (-0.87, -0.31, -0.37)
274.53: (-0.60, -0.13, -0.79)
274.65: (-0.20, 0.29, -0.94)
274.75: (0.08, 0.51, -0.85)
274.87: (0.32, 0.68, -0.67)
274.98: (0.39, 0.75, -0.54)
275.10: (0.43, 0.29, -0.85)
275.20: (0.41, 0.09, -0.91)
275.32: (0.41, 0.08, -0.91)
275.43: (0.42, -0.03, -0.91)
275.47: (0.42, -0.03, -0.91)
275.47: (0.82, -0.48, 0.32): 1
275.53: (0.43, -0.03, -0.90)
275.65: (0.43, -0.10, -0.90)
275.77: (0.40, -0.25, -0.88)
275.88: (0.18, -0.13, -0.98)
276.00: (-0.38, 0.05, -0.92)
276.12: (-0.81, 0.23, -0.54)
276.23: (-0.95, 0.31, -0.08)
276.35: (-0.90, 0.34, 0.27)
276.47: (-0.67, 0.28, 0.69)
276.57: (-0.50, 0.09, 0.86)
276.68: (-0.40, -0.33, 0.86)
276.80: (-0.29, -0.85, 0.44)
276.90: (-0.03, -0.93, -0.37)
277.02: (0.38, 0.14, -0.92)
277.13: (0.22, 0.96, -0.16)
277.25: (-0.10, 0.79, 0.61)
277.36: (-0.37, 0.14, 0.92)
277.47: (-0.48, -0.45, 0.76)
277.58: (-0.60, -0.77, 0.24)
277.70: (-0.97, -0.22, -0.03)
277.80: (-0.64, 0.77, -0.05)
277.91: (0.47, 0.88, 0.00)
278.03: (0.93, 0.36, 0.01)
278.15: (0.93, 0.36, 0.01)
278.26: (0.93, 0.36, 0.01)
278.37: (0.93, 0.36, 0.01)
278.48: (0.93, 0.36, 0.01)
278.60: (0.98, 0.17, 0.12)
278.71: (0.86, -0.30, 0.42)
278.83: (0.80, -0.39, 0.45)
278.95: (0.81, -0.44, 0.38)
279.05: (0.82, -0.47, 0.32)
279.05: (-0.95, 0.15, 0.29): 2
279.06: (0.82, -0.47, 0.32)
279.16: (0.82, -0.47, 0.31)
279.26: (0.83, -0.51, 0.23)
279.38: (0.78, -0.61, 0.15)
279.50: (0.70, -0.70, 0.12)
279.60: (0.75, -0.62, 0.22)
279.70: (0.85, -0.30, 0.44)
279.81: (0.68, 0.34, 0.65)
279.93: (0.20, 0.74, 0.64)
280.03: (-0.21, 0.69, 0.69)
280.15: (-0.38, 0.30, 0.88)
280.26: (-0.27, -0.28, 0.92)
280.38: (0.06, -0.72, 0.69)
280.48: (0.27, -0.82, 0.51)
280.60: (0.27, -0.82, 0.51)
280.71: (0.27, -0.82, 0.51)
280.81: (0.27, -0.82, 0.51)
280.91: (0.26, -0.84, 0.48)
281.03: (0.20, -0.95, 0.23)
281.15: (0.13, -0.96, -0.24)
281.26: (-0.01, -0.73, -0.69)
281.36: (-0.13, -0.42, -0.90)
281.48: (-0.22, 0.01, -0.97)
281.60: (-0.26, 0.41, -0.88)
281.71: (-0.27, 0.48, -0.84)
281.83: (-0.27, 0.48, -0.84)
281.93: (-0.27, 0.48, -0.84)
282.05: (-0.26, 0.42, -0.87)
282.16: (-0.24, 0.70, -0.67)
282.28: (-0.17, 0.95, -0.28)
282.38: (-0.07, 0.97, 0.21)
282.50: (0.09, 0.64, 0.76)
282.61: (0.22, -0.02, 0.98)
282.73: (0.26, -0.53, 0.81)
282.83: (0.31, -0.71, 0.63)
282.93: (0.63, -0.60, 0.50)
283.05: (1.00, -0.02, 0.10)
283.16: (0.77, 0.52, -0.37)
283.26: (0.42, 0.70, -0.58)
283.38: (0.02, 0.80, -0.60)
283.48: (-0.24, 0.87, -0.43)
283.60: (-0.47, 0.88, 0.02)
283.70: (-0.45, 0.66, 0.60)
283.81: (0.01, 0.01, 1.00)
283.93: (0.54, -0.64, 0.54)
284.05: (0.77, -0.45, -0.45)
284.16: (0.17, 0.64, -0.75)
284.28: (-0.55, 0.77, 0.31)
284.38: (-0.37, 0.07, 0.93)
284.50: (0.20, -0.45, 0.87)
284.61: (0.34, -0.60, 0.72)
284.73: (-0.10, -0.41, 0.91)
284.83: (-0.73, 0.10, 0.67)
284.93: (-0.90, 0.32, 0.31)
285.05: (-0.92, 0.34, 0.19)
285.16: (-0.94, 0.25, 0.21)
285.25: (-0.97, 0.11, 0.23)
285.25: (0.99, 0.00, -0.14): 0
285.28: (-0.97, 0.10, 0.22)
285.40: (-0.97, 0.07, 0.23)
285.51: (-0.98, 0.10, 0.15)
285.61: (-0.98, -0.01, -0.19)
285.71: (-0.91, 0.06, -0.42)
285.83: (-0.91, 0.06, -0.42)
285.95: (-0.91, 0.06, -0.42)
286.06: (-0.92, 0.06, -0.39)
286.18: (-0.96, 0.18, -0.23)
286.28: (-0.89, 0.46, 0.09)
286.40: (-0.38, 0.72, 0.58)
286.51: (0.55, 0.44, 0.71)
286.63: (0.95, -0.26, 0.17)
286.73: (0.70, -0.64, -0.31)
286.85: (0.48, -0.70, -0.53)
286.95: (0.69, -0.54, -0.48)
287.06: (0.96, -0.20, -0.19)
287.18: (0.99, -0.13, -0.10)
287.30: (0.99, -0.09, -0.09)
287.38: (1.00, -0.04, -0.05)
287.38: (0.80, 0.22, -0.56): 0
287.41: (1.00, -0.04, -0.05)
287.53: (1.00, -0.04, -0.06)
287.65: (0.99, -0.02, -0.17)
287.76: (0.89, 0.13, -0.44)
287.86: (0.82, 0.26, -0.51)
287.98: (0.79, 0.32, -0.53)
288.00: (0.79, 0.32, -0.53)
288.00: (-0.79, -0.55, -0.27): 0
288.08: (0.79, 0.32, -0.53)
288.20: (0.78, 0.33, -0.54)
288.31: (0.61, 0.42, -0.68)
288.41: (0.39, 0.48, -0.79)
288.53: (0.35, 0.15, -0.93)
288.65: (0.33, -0.33, -0.88)
288.76: (0.32, -0.38, -0.87)
288.86: (0.32, -0.38, -0.87)
288.98: (0.32, -0.38, -0.87)
289.10: (0.30, -0.44, -0.85)
289.21: (-0.01, -0.65, -0.76)
289.31: (-0.60, -0.76, -0.25)
289.43: (-0.68, -0.13, 0.72)
289.55: (-0.53, 0.12, 0.84)
289.66: (-0.82, -0.42, 0.38)
289.78: (-0.78, -0.62, -0.08)
289.90: (-0.79, -0.59, -0.16)
290.00: (-0.81, -0.57, -0.16)
290.10: (-0.76, -0.58, -0.28)
290.16: (-0.74, -0.59, -0.33)
290.16: (0.95, 0.08, -0.30): 1
290.21: (-0.74, -0.59, -0.33)
290.33: (-0.74, -0.58, -0.33)
290.43: (-0.80, -0.52, -0.30)
290.55: (-0.99, -0.12, -0.03)
290.66: (-0.93, 0.37, 0.08)
290.78: (-0.78, 0.08, -0.62)
290.88: (-0.03, -0.48, -0.88)
290.98: (0.68, -0.60, -0.42)
291.10: (0.92, -0.26, 0.29)
291.21: (0.51, 0.26, 0.82)
291.33: (0.20, 0.61, 0.77)
291.43: (0.80, 0.44, 0.41)
291.53: (1.00, 0.08, 0.00)
291.65: (1.00, 0.01, -0.10)
291.76: (0.99, 0.03, -0.17)
291.88: (0.97, 0.08, -0.23)
291.90: (0.97, 0.08, -0.24)
291.90: (-0.91, -0.38, -0.14): 2
292.00: (0.97, 0.10, -0.22)
292.11: (0.98, -0.09, -0.16)
292.23: (0.98, -0.09, -0.16)
292.33: (0.98, -0.09, -0.16)
292.45: (0.98, -0.18, -0.09)
292.56: (0.93, -0.28, 0.24)
292.68: (0.86, -0.12, 0.49)
292.80: (0.85, -0.17, 0.50)
292.91: (0.72, -0.68, 0.13)
293.03: (0.23, -0.92, -0.31)
293.13: (0.23, -0.92, -0.31)
293.25: (0.24, -0.92, -0.30)
293.36: (-0.02, -0.91, -0.41)
293.46: (-0.33, -0.76, -0.56)
293.58: (-0.66, -0.40, -0.63)
293.70: (-0.79, -0.05, -0.61)
293.81: (-0.86, 0.10, -0.50)
293.93: (-0.95, -0.22, -0.22)
294.04: (-0.94, -0.26, -0.20)
294.16: (-0.93, -0.32, -0.18)
294.24: (-0.92, -0.35, -0.16)
294.24: (0.99, 0.09, 0.13): 0
294.28: (-0.92, -0.35, -0.16)
294.38: (-0.92, -0.35, -0.16)
294.49: (-0.91, -0.36, -0.21)
294.60: (-0.88, -0.41, -0.25)
294.71: (-0.95, -0.24, -0.20)
294.83: (-0.99, -0.07, -0.09)
294.94: (-0.99, -0.07, -0.09)
295.06: (-0.99, -0.07, -0.09)
295.18: (-0.97, -0.17, -0.16)
295.29: (-0.76, -0.49, -0.42)
295.39: (-0.63, -0.57, -0.53)
295.51: (-0.72, -0.62, -0.31)
295.63: (-0.62, -0.73, 0.29)
295.74: (-0.11, -0.64, 0.76)
295.84: (0.37, -0.39, 0.84)
295.96: (0.82, -0.09, 0.56)
296.08: (1.00, -0.04, 0.07)
296.18: (0.91, -0.27, -0.30)
296.29: (0.94, -0.25, -0.23)
296.39: (1.00, -0.06, 0.00)
296.49: (1.00, -0.01, 0.04)
296.49: (-0.22, -0.78, 0.59): 2
296.51: (1.00, -0.01, 0.04)
296.63: (1.00, -0.01, 0.04)
296.74: (1.00, -0.03, 0.06)
296.84: (0.98, -0.15, 0.15)
296.96: (0.78, -0.45, 0.43)
297.08: (0.26, -0.62, 0.74)
297.18: (-0.25, -0.59, 0.77)
297.29: (-0.66, -0.46, 0.59)
297.39: (-0.75, -0.48, 0.45)
297.51: (-0.47, -0.69, 0.55)
297.61: (-0.28, -0.77, 0.58)
297.71: (-0.26, -0.77, 0.58)
297.83: (-0.26, -0.77, 0.58)
297.84: (-0.26, -0.77, 0.58)
297.84: (0.96, 0.23, 0.18): 1
297.93: (-0.26, -0.77, 0.58)
298.04: (-0.31, -0.76, 0.57)
298.14: (-0.46, -0.72, 0.52)
298.26: (-0.71, -0.59, 0.39)
298.36: (-0.92, -0.34, 0.18)
298.48: (-0.99, -0.03, -0.14)
298.58: (-0.94, 0.18, -0.28)
298.69: (-0.82, 0.39, -0.42)
298.81: (-0.68, 0.56, -0.48)
298.91: (-0.47, 0.74, -0.48)
299.03: (-0.03, 0.91, -0.40)
299.14: (0.38, 0.91, -0.15)
299.26: (0.63, 0.78, 0.09)
299.36: (0.70, 0.60, 0.39)
299.48: (0.68, 0.53, 0.52)
299.58: (0.68, 0.53, 0.52)
299.68: (0.67, 0.53, 0.52)
299.79: (0.72, 0.51, 0.47)
299.91: (0.93, 0.21, 0.31)
300.03: (0.98, 0.08, 0.17)
300.14: (0.97, 0.13, 0.21)
300.24: (0.97, 0.18, 0.17)
300.24: (0.59, 0.20, -0.78): 0
300.26: (0.97, 0.18, 0.17)
300.38: (0.97, 0.18, 0.17)
300.48: (0.97, 0.08, 0.21)
300.59: (0.97, 0.13, 0.21)
300.71: (0.82, 0.51, -0.27)
300.83: (0.20, 0.62, -0.76)
300.93: (-0.38, 0.39, -0.84)
301.04: (-0.38, 0.24, -0.89)
301.16: (0.28, 0.33, -0.90)
301.28: (0.49, 0.31, -0.82)
301.38: (0.52, 0.29, -0.80)
301.46: (0.52, 0.28, -0.81)
301.46: (-0.14, -0.40, 0.90): 0
301.48: (0.52, 0.27, -0.81)
301.59: (0.51, 0.29, -0.81)
301.71: (0.47, 0.26, -0.84)
301.83: (0.19, 0.12, -0.97)
301.93: (-0.33, -0.10, -0.94)
302.03: (-0.80, -0.28, -0.53)
302.14: (-0.91, -0.38, 0.19)
302.26: (-0.64, -0.35, 0.69)
302.38: (-0.22, -0.23, 0.95)
302.49: (0.13, -0.16, 0.98)
302.61: (-0.06, -0.34, 0.94)
302.71: (-0.13, -0.39, 0.91)
302.73: (-0.13, -0.39, 0.91)
302.73: (0.97, -0.25, 0.08): 0
302.83: (-0.12, -0.38, 0.92)
302.94: (-0.12, -0.36, 0.92)
303.06: (-0.42, -0.39, 0.82)
303.18: (-0.42, -0.39, 0.82)
303.29: (-0.42, -0.39, 0.82)
303.39: (-0.43, -0.38, 0.82)
303.51: (-0.41, -0.34, 0.84)
303.63: (-0.07, -0.30, 0.95)
303.73: (0.55, -0.09, 0.83)
303.84: (0.95, 0.19, 0.25)
303.96: (0.91, 0.29, -0.31)
304.06: (0.92, 0.14, -0.37)
304.18: (0.97, -0.23, -0.07)
304.28: (0.94, -0.33, 0.04)
304.33: (0.94, -0.33, 0.03)
304.33: (1.00, 0.01, -0.03): 1
304.39: (0.94, -0.33, 0.03)
304.51: (0.94, -0.33, -0.02)
304.61: (0.93, -0.23, -0.29)
304.73: (0.95, 0.00, -0.32)
304.84: (0.97, 0.10, -0.20)
304.94: (0.99, 0.04, -0.12)
304.94: (0.10, -0.79, -0.60): 1
304.96: (0.99, 0.04, -0.12)
305.06: (0.99, 0.03, -0.12)
305.18: (0.99, -0.01, -0.11)
305.29: (0.98, -0.15, -0.11)
305.39: (0.91, -0.39, -0.12)
305.51: (0.69, -0.57, -0.43)
305.63: (0.34, -0.42, -0.84)
305.74: (0.03, -0.48, -0.88)
305.86: (-0.10, -0.81, -0.58)
305.98: (-0.05, -0.87, -0.48)
306.09: (0.02, -0.85, -0.52)
306.13: (0.03, -0.84, -0.54)
306.13: (-0.84, -0.49, 0.25): 2
306.19: (0.05, -0.83, -0.56)
306.31: (0.08, -0.82, -0.57)
306.43: (0.17, -0.76, -0.63)
306.54: (0.40, -0.52, -0.76)
306.66: (0.67, 0.01, -0.74)
306.76: (0.76, 0.39, -0.52)
306.88: (0.73, 0.65, -0.22)
306.99: (0.57, 0.81, -0.09)
307.11: (0.45, 0.86, -0.24)
307.23: (0.63, 0.45, -0.63)
307.34: (0.49, -0.34, -0.80)
307.44: (0.19, -0.79, -0.58)
307.54: (-0.02, -0.95, -0.30)
307.66: (-0.28, -0.96, 0.03)
307.78: (-0.43, -0.86, 0.29)
307.89: (-0.59, -0.63, 0.50)
308.01: (-0.77, -0.38, 0.51)
308.13: (-0.93, -0.31, 0.18)
308.24: (-0.95, -0.33, 0.02)
308.34: (-0.93, -0.35, 0.12)
308.43: (-0.89, -0.38, 0.24)
308.43: (0.69, -0.08, -0.72): 2
308.46: (-0.89, -0.39, 0.25)
308.58: (-0.84, -0.48, 0.26)
308.69: (-0.80, -0.52, 0.29)
308.81: (-0.80, -0.52, 0.29)
308.93: (-0.80, -0.52, 0.29)
309.03: (-0.80, -0.52, 0.29)
309.14: (-0.80, -0.52, 0.28)
309.26: (-0.75, -0.65, 0.11)
309.38: (-0.43, -0.83, -0.36)
309.49: (0.12, -0.73, -0.67)
309.61: (0.58, -0.41, -0.71)
309.73: (0.85, -0.03, -0.52)
309.84: (0.91, 0.16, -0.39)
309.94: (0.89, 0.11, -0.44)
310.06: (0.76, 0.06, -0.65)
310.18: (0.71, 0.02, -0.70)
310.21: (0.71, 0.02, -0.70)
310.21: (0.42, 0.25, 0.87): 0
310.29: (0.71, 0.02, -0.70)
310.41: (0.70, 0.00, -0.71)
310.52: (0.65, -0.10, -0.75)
310.64: (0.60, -0.31, -0.74)
310.76: (0.71, -0.59, -0.39)
310.87: (0.59, -0.76, 0.29)
310.97: (0.51, -0.75, 0.42)
311.07: (0.51, -0.75, 0.42)
311.19: (0.51, -0.75, 0.42)
311.29: (0.46, -0.72, 0.52)
311.41: (0.01, -0.42, 0.91)
311.52: (-0.33, -0.03, 0.94)
311.64: (-0.33, -0.03, 0.94)
311.76: (-0.33, -0.03, 0.94)
311.87: (-0.39, 0.11, 0.91)
311.99: (-0.62, 0.46, 0.64)
312.09: (-0.70, 0.68, 0.21)
312.21: (-0.65, 0.72, -0.24)
312.32: (-0.69, 0.60, -0.41)
312.44: (-0.78, 0.32, -0.53)
312.56: (-0.89, -0.14, -0.43)
312.67: (-0.91, -0.41, -0.04)
312.77: (-0.83, -0.44, 0.34)
312.89: (-0.60, -0.39, 0.70)
313.01: (-0.08, -0.06, 1.00)
313.11: (0.46, 0.46, 0.76)
313.22: (0.64, 0.77, 0.01)
313.32: (0.68, 0.72, 0.14)
313.42: (0.48, 0.39, 0.79)
313.54: (0.38, 0.27, 0.89)
313.64: (0.40, 0.26, 0.88)
313.72: (0.41, 0.26, 0.87)
313.72: (-0.53, -0.82, -0.23): 2
313.76: (0.41, 0.26, 0.87)
313.86: (0.41, 0.26, 0.87)
313.97: (0.50, 0.30, 0.82)
314.09: (0.72, 0.42, 0.56)
314.21: (0.84, 0.46, 0.29)
314.31: (0.89, 0.45, -0.01)
314.42: (0.82, 0.34, -0.47)
314.52: (0.93, 0.28, -0.26)
314.64: (0.80, 0.08, 0.60)
314.74: (0.22, -0.08, 0.97)
314.86: (-0.54, -0.25, 0.80)
314.97: (-0.66, -0.27, 0.70)
315.09: (-0.79, -0.06, 0.61)
315.21: (-0.78, 0.56, 0.29)
315.31: (-0.53, 0.78, -0.32)
315.41: (-0.32, 0.55, -0.77)
315.51: (-0.30, 0.50, -0.81)
315.62: (-0.30, 0.50, -0.81)
315.72: (-0.30, 0.50, -0.81)
315.84: (-0.28, 0.52, -0.81)
315.96: (-0.22, 0.29, -0.93)
316.07: (-0.08, -0.41, -0.91)
316.19: (0.04, -0.94, -0.33)
316.29: (0.13, -0.95, 0.29)
316.41: (0.20, -0.69, 0.70)
316.52: (0.04, -0.44, 0.89)
316.62: (-0.26, -0.74, 0.62)
316.74: (-0.35, -0.94, -0.07)
316.86: (-0.29, -0.89, -0.34)
316.97: (-0.39, -0.88, -0.27)
317.09: (-0.50, -0.83, -0.25)
317.09: (-0.29, -0.05, -0.95): 1
317.09: (-0.50, -0.83, -0.25)
317.19: (-0.50, -0.83, -0.26)
317.31: (-0.58, -0.78, -0.23)
317.42: (-0.74, -0.65, -0.13)
317.52: (-0.92, -0.40, -0.03)
317.62: (-0.99, -0.10, -0.10)
317.74: (-0.80, 0.03, -0.60)
317.86: (-0.34, 0.03, -0.94)
317.97: (-0.07, -0.03, -1.00)
318.09: (-0.17, -0.08, -0.98)
318.16: (-0.20, -0.07, -0.98)
318.16: (-0.45, 0.79, -0.40): 1
318.21: (-0.20, -0.07, -0.98)
318.31: (-0.20, -0.07, -0.98)
318.42: (-0.16, -0.05, -0.99)
318.54: (-0.10, 0.06, -0.99)
318.66: (0.37, 0.11, -0.92)
318.76: (0.78, 0.15, -0.61)
318.87: (0.64, 0.44, -0.64)
318.99: (-0.41, 0.45, -0.79)
319.11: (-0.97, -0.22, -0.08)
319.22: (-0.67, -0.63, 0.40)
319.32: (-0.75, -0.50, 0.43)
319.44: (-0.99, 0.11, -0.10)
319.56: (-0.77, 0.46, -0.44)
319.67: (-0.72, 0.53, -0.45)
319.79: (-0.63, 0.65, -0.43)
319.89: (-0.57, 0.72, -0.40)
319.89: (0.33, -0.75, 0.58): 0
319.89: (-0.57, 0.72, -0.40)
320.01: (-0.58, 0.71, -0.39)
320.11: (-0.57, 0.71, -0.41)
320.22: (-0.54, 0.55, -0.64)
320.34: (-0.50, -0.03, -0.86)
320.46: (-0.35, -0.65, -0.68)
320.57: (-0.64, -0.73, -0.25)
320.67: (-0.93, -0.22, 0.29)
320.77: (-0.72, 0.36, 0.59)
320.89: (-0.25, 0.71, 0.65)
320.99: (-0.07, 0.75, 0.65)
321.11: (-0.07, 0.75, 0.65)
321.22: (-0.07, 0.75, 0.65)
321.34: (-0.07, 0.75, 0.65)
321.46: (-0.07, 0.75, 0.65)
321.57: (0.11, 0.76, 0.64)
321.69: (0.59, 0.70, 0.40)
321.81: (0.92, 0.40, 0.05)
321.91: (0.96, 0.08, -0.25)
322.01: (0.80, -0.28, -0.53)
322.12: (0.26, -0.65, -0.72)
322.24: (-0.37, -0.69, -0.62)
322.36: (-0.70, -0.48, -0.54)
322.46: (-0.71, -0.44, -0.55)
322.56: (-0.71, -0.44, -0.55)
322.67: (-0.71, -0.44, -0.55)
322.79: (-0.71, -0.44, -0.55)
322.91: (-0.69, -0.55, -0.47)
323.02: (-0.86, -0.50, -0.14)
323.14: (-0.91, -0.08, 0.42)
323.24: (-0.44, 0.44, 0.78)
323.36: (0.37, 0.72, 0.59)
323.47: (0.75, 0.65, 0.13)
323.59: (0.71, 0.61, -0.35)
323.71: (0.37, 0.68, -0.63)
323.82: (-0.12, 0.86, -0.50)
323.94: (-0.58, 0.78, -0.26)
324.06: (-0.85, 0.39, -0.35)
324.17: (-0.82, -0.08, -0.57)
324.27: (-0.77, -0.36, -0.53)
324.39: (-0.90, -0.41, -0.15)
324.51: (-0.92, -0.16, 0.36)
324.61: (-0.70, 0.25, 0.67)
324.71: (-0.39, 0.84, 0.39)
324.82: (0.13, 0.74, -0.66)
324.94: (0.43, -0.53, -0.73)
325.06: (0.05, -0.97, 0.23)
325.17: (-0.33, -0.61, 0.72)
325.29: (-0.57, -0.20, 0.80)
325.39: (-0.55, -0.17, 0.82)
325.51: (-0.12, -0.54, 0.84)
325.62: (0.23, -0.79, 0.57)
325.72: (0.34, -0.85, 0.39)
325.84: (0.36, -0.85, 0.38)
325.96: (0.38, -0.79, 0.49)
326.01: (0.37, -0.75, 0.54)
326.01: (-0.33, 0.79, -0.51): 2
326.07: (0.36, -0.74, 0.57)
326.19: (0.35, -0.75, 0.57)
326.29: (0.35, -0.75, 0.56)
326.41: (0.35, -0.75, 0.56)
326.52: (0.35, -0.75, 0.56)
326.64: (0.35, -0.75, 0.56)
326.74: (0.53, -0.63, 0.57)
326.85: (0.90, -0.20, 0.40)
326.97: (0.96, 0.29, 0.07)
327.07: (0.88, 0.47, -0.06)
327.17: (0.69, 0.67, -0.26)
327.29: (0.18, 0.84, -0.51)
327.39: (-0.14, 0.83, -0.55)
327.49: (-0.14, 0.83, -0.54)
327.61: (-0.14, 0.83, -0.54)
327.72: (-0.20, 0.81, -0.55)
327.84: (-0.41, 0.76, -0.51)
327.92: (-0.42, 0.76, -0.51)
327.92: (-1.00, 0.05, -0.02): 2
327.94: (-0.42, 0.76, -0.51)
328.06: (-0.42, 0.76, -0.51)
328.17: (-0.40, 0.76, -0.52)
328.29: (-0.21, 0.79, -0.57)
328.40: (0.30, 0.79, -0.53)
328.50: (0.41, 0.76, -0.50)
328.60: (0.41, 0.76, -0.50)
328.72: (0.31, 0.79, -0.53)
328.84: (-0.50, 0.59, -0.64)
328.95: (-0.94, 0.08, -0.34)
329.07: (-0.98, -0.18, -0.08)
329.19: (-0.99, -0.15, -0.08)
329.29: (-0.99, -0.10, -0.11)
329.40: (-1.00, -0.06, -0.04)
329.50: (-1.00, -0.01, 0.00)
329.55: (-1.00, -0.01, 0.00)
329.55: (0.72, -0.40, -0.57): 1
329.62: (-1.00, -0.01, 0.00)
329.74: (-1.00, -0.01, 0.00)
329.85: (-1.00, -0.03, 0.00)
329.95: (-0.99, -0.15, 0.08)
330.05: (-0.96, -0.26, 0.13)
330.17: (-0.97, 0.09, -0.24)
330.27: (-0.39, 0.59, -0.70)
330.39: (-0.05, 0.67, -0.74)
330.50: (-0.05, 0.67, -0.74)
330.60: (-0.06, 0.67, -0.74)
330.70: (0.17, 0.69, -0.71)
330.82: (0.90, 0.35, -0.25)
330.94: (0.92, -0.26, 0.30)
331.05: (0.93, -0.23, 0.28)
331.17: (0.94, -0.22, 0.26)
331.27: (0.92, -0.28, 0.27)
331.39: (0.84, -0.54, -0.01)
331.50: (0.37, -0.67, -0.64)
331.62: (-0.17, -0.47, -0.87)
331.74: (0.02, -0.43, -0.90)
331.84: (0.46, -0.47, -0.75)
331.95: (0.62, -0.45, -0.65)
331.99: (0.62, -0.45, -0.64)
331.99: (0.77, 0.60, -0.22): 1
332.05: (0.62, -0.44, -0.65)
332.17: (0.63, -0.44, -0.65)
332.29: (0.65, -0.38, -0.66)
332.40: (0.85, -0.14, -0.52)
332.52: (0.95, 0.28, -0.12)
332.64: (0.61, 0.78, 0.15)
332.75: (0.55, 0.82, 0.13)
332.87: (0.71, 0.69, -0.16)
332.95: (0.73, 0.63, -0.25)
332.95: (-0.24, 0.75, 0.61): 2
332.99: (0.73, 0.64, -0.26)
333.10: (0.73, 0.64, -0.26)
333.22: (0.70, 0.66, -0.28)
333.34: (0.53, 0.79, -0.29)
333.45: (0.32, 0.90, -0.30)
333.55: (0.29, 0.91, -0.30)
333.67: (-0.06, 0.94, -0.34)
333.79: (-0.76, 0.60, -0.24)
333.90: (-0.95, 0.30, -0.07)
334.02: (-0.95, 0.30, -0.07)
334.12: (-0.95, 0.30, -0.07)
334.22: (-0.95, 0.30, -0.07)
334.34: (-0.85, -0.48, 0.22)
334.45: (-0.28, -0.80, 0.54)
334.57: (0.05, -0.36, 0.93)
334.69: (0.27, 0.46, 0.85)
334.80: (0.22, 0.96, 0.17)
334.90: (0.03, 0.98, -0.20)
335.02: (-0.19, 0.97, 0.17)
335.14: (-0.26, 0.81, 0.52)
335.24: (-0.22, 0.79, 0.57)
335.32: (-0.22, 0.79, 0.57)
335.32: (-0.36, -0.92, 0.18): 1
335.35: (-0.22, 0.79, 0.57)
335.47: (-0.22, 0.79, 0.57)
335.57: (-0.22, 0.79, 0.57)
335.69: (-0.18, 0.74, 0.65)
335.80: (-0.13, 0.52, 0.85)
335.92: (-0.31, -0.02, 0.95)
336.04: (-0.59, -0.48, 0.65)
336.15: (-0.68, -0.71, 0.19)
336.25: (-0.55, -0.80, -0.24)
336.37: (-0.34, -0.94, -0.07)
336.47: (-0.32, -0.94, 0.08)
336.59: (-0.40, -0.91, 0.09)
336.59: (1.00, 0.03, 0.00): 1
336.59: (-0.40, -0.91, 0.09)
336.70: (-0.40, -0.91, 0.09)
336.80: (-0.38, -0.92, 0.09)
336.92: (-0.38, -0.92, 0.09)
337.04: (-0.34, -0.93, 0.10)
337.14: (-0.12, -0.99, 0.11)
337.25: (0.33, -0.94, -0.03)
337.35: (0.57, -0.82, -0.10)
337.47: (0.77, -0.63, -0.11)
337.59: (0.97, -0.17, -0.16)
337.70: (0.93, 0.30, -0.21)
337.82: (0.91, 0.40, -0.13)
337.92: (0.99, 0.13, -0.09)
338.00: (0.99, 0.10, -0.09)
338.00: (0.19, -0.49, -0.85): 1
338.04: (0.99, 0.11, -0.09)
338.15: (0.99, 0.12, -0.08)
338.27: (0.99, 0.12, -0.09)
338.37: (0.98, 0.15, -0.09)
338.47: (0.97, 0.20, -0.16)
338.59: (0.62, 0.22, -0.76)
338.70: (0.29, 0.20, -0.94)
338.82: (0.30, 0.19, -0.93)
338.94: (0.31, 0.19, -0.93)
339.05: (-0.03, 0.12, -0.99)
339.17: (-0.08, -0.27, -0.96)
339.29: (0.22, -0.86, -0.46)
339.40: (0.38, -0.90, 0.24)
339.52: (0.42, -0.91, 0.02)
339.62: (0.29, -0.75, -0.60)
339.74: (0.13, -0.50, -0.86)
339.85: (0.22, -0.59, -0.78)
339.92: (0.24, -0.60, -0.77)
339.92: (0.69, -0.26, 0.67): 0
339.97: (0.24, -0.60, -0.77)
340.09: (0.23, -0.58, -0.78)
340.20: (0.22, -0.57, -0.79)
340.32: (0.21, -0.39, -0.90)
340.44: (0.56, 0.03, -0.83)
340.55: (0.83, 0.35, -0.44)
340.67: (0.73, 0.63, -0.26)
340.77: (0.43, 0.88, -0.19)
340.89: (-0.11, 0.99, -0.11)
341.00: (-0.60, 0.79, -0.08)
341.10: (-0.83, 0.56, 0.01)
341.22: (-0.83, 0.51, 0.21)
341.34: (-0.26, 0.92, 0.30)
341.45: (0.88, 0.48, 0.01)
341.55: (0.82, -0.53, -0.21)
341.67: (0.22, -0.96, -0.17)
341.79: (-0.02, -0.98, 0.19)
341.90: (0.36, -0.65, 0.67)
342.02: (0.69, -0.38, 0.61)
342.14: (0.81, -0.27, 0.52)
342.25: (0.77, -0.27, 0.58)
342.29: (0.77, -0.27, 0.58)
342.29: (0.87, 0.09, -0.48): 2
342.35: (0.77, -0.26, 0.58)
342.45: (0.77, -0.26, 0.58)
342.57: (0.68, -0.33, 0.66)
342.69: (0.58, -0.53, 0.62)
342.80: (0.65, -0.72, 0.26)
342.90: (0.63, -0.73, -0.26)
343.00: (0.13, -0.41, -0.90)
343.12: (-0.68, 0.41, -0.61)
343.22: (-0.74, 0.67, -0.05)
343.32: (-0.62, 0.78, 0.05)
343.44: (-0.20, 0.98, 0.06)
343.55: (0.30, 0.95, -0.07)
343.67: (0.57, 0.66, -0.50)
343.78: (0.54, 0.34, -0.77)
343.90: (0.28, -0.01, -0.96)
344.02: (0.37, -0.12, -0.92)
344.13: (0.79, 0.02, -0.62)
344.25: (0.89, 0.05, -0.46)
344.32: (0.89, 0.05, -0.46)
344.32: (-0.67, -0.58, 0.47): 2
344.35: (0.89, 0.05, -0.46)
344.47: (0.89, 0.04, -0.45)
344.58: (0.90, 0.02, -0.43)
344.70: (0.72, -0.10, -0.69)
344.82: (0.18, -0.38, -0.91)
344.93: (-0.45, -0.52, -0.73)
345.05: (-0.86, -0.45, -0.23)
345.17: (-0.91, -0.28, 0.31)
345.28: (-0.76, -0.17, 0.62)
345.38: (-0.72, -0.41, 0.57)
345.50: (-0.68, -0.55, 0.49)
345.55: (-0.68, -0.53, 0.50)
345.55: (0.99, -0.07, -0.12): 1
345.60: (-0.68, -0.53, 0.51)
345.72: (-0.68, -0.53, 0.51)
345.82: (-0.68, -0.53, 0.51)
345.93: (-0.84, -0.28, 0.47)
346.05: (-0.98, 0.19, 0.07)
346.17: (-0.66, 0.63, -0.41)
346.28: (-0.38, 0.68, -0.63)
346.40: (0.08, 0.68, -0.73)
346.52: (0.63, 0.43, -0.64)
346.63: (0.86, -0.04, -0.52)
346.73: (0.83, -0.28, -0.49)
346.85: (0.75, -0.44, -0.49)
346.97: (0.92, -0.33, -0.21)
347.07: (0.95, -0.29, -0.10)
347.18: (0.96, -0.26, -0.10)
347.30: (0.98, -0.15, -0.10)
347.30: (0.53, 0.00, 0.85): 0
347.30: (0.98, -0.15, -0.10)
347.42: (0.98, -0.15, -0.10)
347.53: (0.97, -0.14, -0.18)
347.65: (0.97, -0.14, -0.18)
347.77: (0.97, -0.14, -0.18)
347.88: (0.97, -0.14, -0.18)
347.98: (0.97, -0.12, -0.19)
348.08: (0.97, 0.18, -0.17)
348.20: (0.74, 0.67, -0.04)
348.32: (0.27, 0.96, 0.10)
348.42: (-0.01, 0.99, 0.13)
348.53: (-0.34, 0.94, 0.09)
348.65: (-0.59, 0.76, -0.26)
348.75: (-0.32, 0.55, -0.77)
348.87: (0.23, -0.05, -0.97)
348.98: (0.55, -0.53, -0.65)
349.08: (0.71, -0.67, -0.21)
349.18: (0.80, -0.57, 0.19)
349.28: (0.82, -0.42, 0.39)
349.40: (0.87, -0.19, 0.46)
349.52: (0.99, 0.12, -0.05)
349.63: (0.91, 0.19, -0.36)
349.73: (0.98, 0.05, 0.18)
349.85: (0.71, -0.09, 0.70)
349.97: (0.44, -0.10, 0.89)
350.08: (0.39, -0.01, 0.92)
350.15: (0.39, -0.01, 0.92)
350.15: (0.63, -0.62, -0.47): 2
350.20: (0.38, -0.01, 0.92)
350.30: (0.38, -0.02, 0.92)
350.40: (0.39, -0.01, 0.92)
350.52: (0.69, -0.02, 0.73)
350.63: (0.99, -0.04, 0.17)
350.75: (0.84, -0.01, -0.55)
350.85: (0.26, 0.02, -0.97)
350.97: (-0.26, -0.16, -0.95)
351.08: (-0.01, -0.31, -0.95)
351.18: (0.46, -0.46, -0.76)
351.30: (0.66, -0.50, -0.55)
351.40: (0.64, -0.55, -0.53)
351.52: (0.63, -0.58, -0.52)
351.57: (0.63, -0.58, -0.51)
351.57: (0.02, 0.12, 0.99): 1
351.63: (0.63, -0.57, -0.52)
351.75: (0.63, -0.57, -0.54)
351.87: (0.52, -0.59, -0.62)
351.98: (0.24, -0.65, -0.72)
352.10: (-0.27, -0.68, -0.69)
352.22: (-0.71, -0.49, -0.50)
352.32: (-0.90, -0.30, -0.32)
352.43: (-1.00, -0.09, -0.04)
352.55: (-0.96, 0.05, 0.29)
352.67: (-0.86, 0.07, 0.51)
352.77: (-0.73, -0.02, 0.68)
352.88: (-0.46, -0.20, 0.87)
353.00: (-0.08, -0.26, 0.96)
353.12: (0.12, -0.06, 0.99)
353.23: (0.12, 0.12, 0.99)
353.33: (0.12, 0.12, 0.99)
353.33: (0.60, 0.15, 0.78): 0
353.35: (0.12, 0.12, 0.99)
353.45: (0.12, 0.11, 0.99)
353.57: (0.20, 0.10, 0.97)
353.68: (0.61, 0.14, 0.78)
353.80: (0.57, 0.15, 0.81)
353.92: (0.48, 0.16, 0.86)
353.97: (0.48, 0.16, 0.86)
353.97: (0.69, -0.19, -0.69): 0
354.03: (0.48, 0.16, 0.86)
354.15: (0.50, 0.12, 0.85)
354.25: (0.50, 0.12, 0.86)
354.37: (0.50, 0.12, 0.86)
354.47: (0.50, 0.12, 0.86)
354.58: (0.80, -0.12, 0.59)
354.70: (0.87, -0.50, 0.02)
354.82: (0.65, -0.67, -0.36)
354.93: (0.54, -0.66, -0.52)
355.05: (0.60, -0.29, -0.74)
355.15: (0.59, -0.18, -0.79)
355.15: (-0.16, 0.75, -0.65): 1
355.15: (0.59, -0.18, -0.79)
355.27: (0.58, -0.19, -0.79)
355.38: (0.61, -0.24, -0.75)
355.48: (0.61, -0.24, -0.75)
355.60: (0.61, -0.24, -0.75)
355.72: (0.61, -0.24, -0.75)
355.82: (0.31, -0.09, -0.95)
355.93: (-0.34, 0.23, -0.91)
356.05: (-0.49, 0.35, -0.80)
356.15: (-0.41, 0.45, -0.79)
356.27: (-0.20, 0.54, -0.82)
356.38: (-0.16, 0.63, -0.76)
356.48: (-0.16, 0.71, -0.69)
356.48: (-0.19, 0.89, 0.41): 2
356.50: (-0.17, 0.71, -0.68)
356.62: (-0.21, 0.69, -0.69)
356.72: (-0.22, 0.68, -0.70)
356.83: (-0.22, 0.68, -0.70)
356.93: (-0.22, 0.68, -0.70)
357.05: (-0.36, 0.72, -0.60)
357.17: (-0.69, 0.69, -0.22)
357.28: (-0.89, 0.33, 0.30)
357.40: (-0.87, 0.11, 0.48)
357.52: (-0.76, -0.09, 0.64)
357.62: (-0.67, -0.34, 0.66)
357.72: (-0.78, -0.35, 0.52)
357.83: (-0.92, -0.40, 0.04)
357.95: (-0.59, -0.53, -0.61)
358.07: (-0.31, -0.63, -0.72)
358.18: (0.10, -0.44, -0.89)
358.28: (0.44, -0.28, -0.85)
358.40: (0.60, 0.28, -0.75)
358.52: (0.45, 0.79, -0.41)
358.62: (0.10, 0.99, -0.08)
358.73: (-0.33, 0.91, 0.25)
358.83: (-0.54, 0.75, 0.37)
358.95: (-0.40, 0.81, 0.42)
359.07: (-0.26, 0.88, 0.40)
359.08: (-0.26, 0.88, 0.40)
359.08: (0.85, -0.45, 0.28): 1
359.18: (-0.27, 0.88, 0.40)
359.30: (-0.26, 0.88, 0.40)
359.40: (-0.21, 0.89, 0.40)
359.52: (-0.15, 0.92, 0.37)
359.63: (-0.11, 0.98, 0.17)
359.73: (-0.17, 0.95, -0.26)
359.85: (-0.31, 0.58, -0.76)
359.97: (-0.34, -0.17, -0.92)
360.07: (-0.21, -0.68, -0.71)
360.18: (0.01, -0.94, -0.34)
360.28: (0.16, -0.97, -0.20)
360.40: (0.61, -0.77, -0.20)
360.50: (0.91, -0.32, -0.25)
360.61: (0.95, 0.20, -0.23)
360.73: (0.99, 0.09, -0.11)
360.85: (0.95, -0.32, 0.08)
360.96: (0.83, -0.51, 0.24)
361.01: (0.81, -0.52, 0.27)
361.01: (-0.66, -0.57, -0.50): 0
361.08: (0.81, -0.52, 0.27)
361.20: (0.81, -0.52, 0.27)
361.31: (0.86, -0.43, 0.26)
361.43: (0.91, -0.39, 0.13)
361.53: (0.80, -0.59, -0.14)
361.65: (0.33, -0.74, -0.59)
361.75: (-0.10, -0.56, -0.82)
361.86: (-0.55, -0.25, -0.79)
361.96: (-0.79, -0.03, -0.61)
362.06: (-0.76, -0.20, -0.62)
362.18: (-0.65, -0.51, -0.56)
362.20: (-0.65, -0.52, -0.56)
362.20: (0.97, 0.24, 0.05): 0
362.30: (-0.65, -0.52, -0.56)
362.41: (-0.65, -0.52, -0.56)
362.53: (-0.63, -0.52, -0.57)
362.63: (-0.52, -0.57, -0.63)
362.75: (-0.17, -0.56, -0.81)
362.86: (0.20, -0.41, -0.89)
362.98: (0.43, -0.30, -0.85)
363.10: (0.76, -0.10, -0.64)
363.20: (0.92, 0.22, -0.32)
363.31: (0.91, 0.42, -0.04)
363.41: (0.95, 0.32, 0.06)
363.50: (0.96, 0.26, 0.11)
363.50: (0.41, -0.60, 0.69): 2
363.51: (0.96, 0.26, 0.11)
363.63: (0.96, 0.27, 0.10)
363.73: (0.96, 0.27, 0.09)
363.85: (0.97, 0.23, -0.06)
363.96: (0.95, 0.21, -0.24)
364.08: (0.93, 0.20, -0.30)
364.18: (0.93, 0.19, -0.32)
364.28: (0.88, 0.19, -0.44)
364.40: (0.72, 0.14, -0.68)
364.50: (0.45, 0.10, -0.89)
364.61: (0.11, 0.16, -0.98)
364.73: (-0.18, 0.29, -0.94)
364.83: (-0.38, 0.46, -0.80)
364.95: (-0.54, 0.58, -0.61)
365.06: (-0.67, 0.63, -0.40)
365.18: (-0.78, 0.61, -0.15)
365.30: (-0.86, 0.50, 0.09)
365.41: (-0.88, 0.37, 0.28)
365.51: (-0.87, 0.28, 0.40)
365.63: (-0.84, 0.13, 0.52)
365.75: (-0.79, -0.17, 0.59)
365.86: (-0.63, -0.70, 0.34)
365.96: (-0.46, -0.88, -0.14)
366.08: (-0.50, -0.67, -0.55)
366.20: (-0.73, -0.06, -0.68)
366.31: (-0.68, 0.69, -0.24)
366.41: (-0.07, 0.92, 0.40)
366.53: (0.61, 0.36, 0.70)
366.65: (0.82, -0.27, 0.50)
366.76: (0.69, -0.69, 0.22)
366.88: (0.45, -0.87, 0.19)
366.98: (0.41, -0.82, 0.40)
367.10: (0.35, -0.70, 0.63)
367.18: (0.34, -0.68, 0.65)
367.18: (0.93, 0.07, 0.37): 2
367.20: (0.34, -0.68, 0.65)
367.31: (0.33, -0.68, 0.65)
367.43: (0.33, -0.66, 0.67)
367.55: (0.35, -0.53, 0.77)
367.66: (0.37, -0.22, 0.90)
367.78: (0.31, 0.20, 0.93)
367.90: (0.31, 0.58, 0.75)
368.01: (0.56, 0.48, 0.67)
368.13: (0.83, 0.27, 0.49)
368.25: (0.88, 0.23, 0.42)
368.35: (0.88, 0.23, 0.41)
368.35: (0.74, -0.66, 0.08): 1
368.35: (0.88, 0.23, 0.41)
368.46: (0.88, 0.23, 0.41)
368.58: (0.88, 0.22, 0.41)
368.68: (0.88, 0.21, 0.43)
368.80: (0.87, 0.22, 0.44)
368.91: (0.87, 0.22, 0.45)
369.03: (0.93, 0.20, 0.32)
369.15: (0.94, 0.08, -0.34)
369.26: (0.61, 0.00, -0.79)
369.36: (0.61, 0.01, -0.79)
369.48: (0.61, 0.01, -0.79)
369.60: (0.50, 0.02, -0.87)
369.71: (0.03, 0.06, -1.00)
369.81: (-0.28, 0.17, -0.95)
369.93: (-0.52, 0.25, -0.81)
370.05: (-0.72, 0.35, -0.59)
370.16: (-0.79, 0.49, -0.37)
370.28: (-0.72, 0.65, -0.23)
370.38: (-0.69, 0.70, -0.19)
370.50: (-0.86, 0.50, 0.01)
370.61: (-0.94, 0.08, 0.33)
370.73: (-0.95, -0.02, 0.30)
370.83: (-0.96, -0.01, 0.29)
370.95: (-0.96, -0.01, 0.27)
371.06: (-0.87, -0.38, 0.31)
371.18: (-0.49, -0.80, 0.34)
371.30: (-0.11, -0.95, 0.29)
371.40: (0.11, -0.97, 0.21)
371.50: (0.21, -0.97, 0.14)
371.61: (0.38, -0.91, 0.15)
371.73: (0.56, -0.81, 0.16)
371.85: (0.55, -0.82, 0.17)
371.95: (0.55, -0.82, 0.17)
372.06: (0.64, -0.76, 0.10)
372.16: (0.71, -0.70, 0.07)
372.16: (0.00, 0.97, 0.22): 0
372.18: (0.71, -0.70, 0.07)
372.28: (0.71, -0.70, 0.07)
372.40: (0.71, -0.70, 0.07)
372.51: (0.69, -0.72, 0.06)
372.63: (0.67, -0.75, 0.04)
372.75: (0.95, -0.33, -0.03)
372.86: (0.99, 0.10, -0.08)
372.96: (0.99, 0.10, -0.08)
373.06: (0.99, 0.10, -0.08)
373.18: (0.99, 0.09, -0.09)
373.30: (0.96, 0.27, -0.05)
373.41: (0.61, 0.78, 0.17)
373.51: (0.00, 0.95, 0.31)
373.63: (-0.57, 0.77, 0.29)
373.75: (-0.46, 0.84, 0.28)
373.86: (-0.13, 0.95, 0.27)
373.95: (-0.10, 0.96, 0.26)
373.95: (0.92, -0.37, -0.13): 1
373.98: (-0.10, 0.96, 0.26)
374.10: (-0.10, 0.96, 0.26)
374.21: (-0.12, 0.96, 0.26)
374.33: (-0.30, 0.91, 0.29)
374.45: (-0.23, 0.89, 0.39)
374.55: (0.26, 0.82, 0.51)
374.66: (0.79, 0.40, 0.47)
374.76: (0.95, 0.00, 0.32)
374.88: (0.91, -0.41, 0.05)
375.00: (0.85, -0.51, -0.14)
375.10: (0.85, -0.49, -0.18)
375.10: (-0.24, -0.95, -0.20): 0
375.10: (0.85, -0.49, -0.18)
375.21: (0.85, -0.48, -0.19)
375.33: (0.87, -0.47, -0.14)
375.45: (0.92, -0.38, 0.01)
375.56: (0.86, -0.50, 0.01)
375.68: (0.56, -0.80, -0.21)
375.80: (-0.02, -0.90, -0.43)
375.90: (-0.35, -0.80, -0.49)
376.01: (-0.39, -0.82, -0.42)
376.13: (-0.26, -0.93, -0.26)
376.18: (-0.26, -0.93, -0.25)
376.18: (0.67, -0.49, 0.56): 1
376.23: (-0.26, -0.93, -0.25)
376.33: (-0.28, -0.93, -0.26)
376.45: (-0.35, -0.90, -0.25)
376.56: (-0.40, -0.89, -0.24)
376.68: (-0.21, -0.97, -0.14)
376.80: (0.56, -0.81, 0.17)
376.91: (0.95, 0.02, 0.32)
377.03: (0.80, 0.53, 0.29)
377.15: (0.88, 0.09, 0.46)
377.26: (0.80, -0.31, 0.51)
377.38: (0.75, -0.47, 0.47)
377.48: (0.74, -0.48, 0.47)
377.48: (0.64, -0.69, -0.34): 2
377.49: (0.74, -0.48, 0.47)
377.61: (0.75, -0.48, 0.46)
377.73: (0.73, -0.48, 0.48)
377.84: (0.73, -0.48, 0.48)
377.96: (0.73, -0.48, 0.48)
378.06: (0.73, -0.48, 0.48)
378.18: (0.73, -0.48, 0.48)
378.29: (0.71, -0.49, 0.51)
378.39: (0.56, -0.52, 0.65)
378.51: (0.20, -0.43, 0.88)
378.61: (-0.23, -0.21, 0.95)
378.73: (-0.61, 0.07, 0.79)
378.83: (-0.77, 0.22, 0.60)
378.94: (-0.87, 0.34, 0.37)
379.05: (-0.91, 0.37, 0.18)
379.16: (-0.95, 0.32, 0.02)
379.28: (-0.96, -0.10, 0.25)
379.39: (-0.32, -0.49, 0.81)
379.51: (0.74, -0.32, 0.60)
379.63: (0.95, 0.05, -0.30)
379.74: (0.68, 0.05, -0.73)
379.84: (0.63, -0.31, -0.71)
379.96: (0.66, -0.66, -0.36)
380.08: (0.65, -0.74, -0.14)
380.18: (0.65, -0.75, -0.12)
380.28: (0.65, -0.75, -0.13)
380.39: (0.64, -0.72, -0.26)
380.43: (0.64, -0.72, -0.28)
380.43: (0.99, 0.11, 0.08): 1
380.49: (0.64, -0.72, -0.29)
380.61: (0.68, -0.68, -0.26)
380.73: (0.69, -0.67, -0.26)
380.83: (0.69, -0.67, -0.26)
380.93: (0.70, -0.66, -0.29)
381.04: (0.83, -0.50, -0.24)
381.16: (0.99, 0.12, 0.02)
381.28: (0.98, 0.15, 0.08)
381.38: (0.98, 0.15, 0.08)
381.38: (0.96, 0.10, 0.27): 1
381.38: (0.98, 0.15, 0.08)
381.49: (0.98, 0.16, 0.09)
381.61: (0.99, 0.15, 0.08)
381.73: (0.98, 0.09, 0.17)
381.84: (0.96, 0.08, 0.26)
381.84: (-0.16, 0.92, -0.37): 2
381.84: (0.96, 0.08, 0.26)
381.96: (0.96, 0.07, 0.26)
382.06: (0.96, 0.06, 0.28)
382.18: (0.95, -0.01, 0.32)
382.28: (0.94, -0.05, 0.35)
382.39: (0.92, -0.08, 0.39)
382.51: (0.91, -0.12, 0.39)
382.63: (0.88, -0.23, 0.42)
382.74: (0.70, 0.24, 0.67)
382.84: (0.22, 0.68, 0.69)
382.96: (-0.39, 0.76, 0.52)
383.08: (-0.76, 0.63, 0.15)
383.19: (-0.82, 0.51, -0.26)
383.31: (-0.78, 0.56, -0.30)
383.43: (-0.78, 0.56, -0.30)
383.54: (-0.49, 0.80, -0.35)
383.66: (-0.08, 0.90, -0.42)
383.78: (0.02, 0.92, -0.39)
383.89: (-0.07, 0.94, -0.32)
383.98: (-0.18, 0.94, -0.29)
383.98: (0.41, 0.50, -0.77): 0
383.99: (-0.18, 0.94, -0.29)
384.11: (-0.19, 0.93, -0.31)
384.23: (-0.20, 0.93, -0.31)
384.33: (-0.08, 0.87, -0.48)
384.44: (0.26, 0.55, -0.80)
384.56: (0.35, 0.45, -0.82)
384.58: (0.35, 0.45, -0.82)
384.58: (-0.10, -0.92, -0.37): 2
384.66: (0.35, 0.45, -0.82)
384.78: (0.31, 0.44, -0.84)
384.89: (0.31, 0.44, -0.84)
385.01: (0.30, 0.37, -0.88)
385.13: (0.30, 0.36, -0.88)
385.24: (0.30, 0.37, -0.88)
385.34: (0.27, 0.39, -0.88)
385.46: (0.24, -0.26, -0.94)
385.56: (0.21, -0.35, -0.91)
385.68: (0.21, -0.35, -0.91)
385.79: (0.21, -0.42, -0.88)
385.91: (0.02, -0.92, -0.39)
386.03: (-0.07, -0.97, -0.24)
386.08: (-0.07, -0.97, -0.25)
386.08: (0.80, 0.01, -0.60): 2
386.14: (-0.08, -0.97, -0.24)
386.26: (-0.10, -0.97, -0.22)
386.36: (-0.10, -0.97, -0.22)
386.46: (-0.10, -0.98, -0.20)
386.56: (-0.13, -0.99, -0.11)
386.68: (-0.14, -0.99, -0.10)
386.79: (-0.16, -0.99, 0.06)
386.91: (-0.15, -0.97, -0.19)
387.03: (-0.11, -0.52, -0.85)
387.14: (-0.09, 0.00, -1.00)
387.26: (0.00, 0.33, -0.95)
387.38: (0.03, 0.59, -0.81)
387.48: (-0.28, 0.60, -0.75)
387.59: (-0.87, 0.28, -0.40)
387.71: (-0.99, -0.14, 0.06)
387.83: (-0.90, -0.35, 0.26)
387.94: (-0.71, -0.54, 0.44)
388.06: (-0.33, -0.75, 0.57)
388.18: (-0.04, -0.78, 0.63)
388.29: (0.22, -0.71, 0.67)
388.41: (0.52, -0.51, 0.68)
388.53: (0.75, -0.38, 0.55)
388.63: (0.74, -0.42, 0.53)
388.74: (0.74, -0.42, 0.53)
388.84: (0.74, -0.42, 0.53)
388.94: (0.68, -0.47, 0.56)
389.06: (0.89, -0.23, 0.39)
389.18: (0.89, 0.44, -0.13)
389.29: (0.31, 0.72, -0.62)
389.41: (0.05, 0.57, -0.82)
389.51: (0.38, 0.47, -0.80)
389.63: (0.74, 0.29, -0.61)
389.73: (0.85, 0.19, -0.49)
389.84: (0.87, 0.15, -0.47)
389.96: (0.86, 0.04, -0.52)
390.01: (0.85, 0.02, -0.53)
390.01: (-0.97, -0.08, -0.24): 0
390.08: (0.85, 0.02, -0.53)
390.19: (0.85, 0.03, -0.53)
390.31: (0.85, 0.03, -0.53)
390.43: (0.85, 0.03, -0.53)
390.53: (0.77, -0.10, -0.63)
390.64: (0.29, -0.51, -0.81)
390.76: (-0.16, -0.67, -0.73)
390.88: (-0.16, -0.67, -0.73)
390.98: (-0.14, -0.67, -0.73)
391.09: (-0.28, -0.70, -0.66)
391.21: (-0.73, -0.55, -0.40)
391.33: (-0.98, -0.21, 0.01)
391.44: (-0.96, 0.08, 0.27)
391.54: (-1.00, 0.00, -0.02)
391.66: (-0.95, -0.16, -0.28)
391.69: (-0.95, -0.16, -0.28)
391.69: (0.57, 0.42, -0.70): 2
391.76: (-0.95, -0.15, -0.28)
391.86: (-0.95, -0.15, -0.28)
391.98: (-0.95, -0.15, -0.28)
392.08: (-0.96, -0.12, -0.25)
392.19: (-0.97, -0.09, -0.22)
392.31: (-0.98, -0.06, -0.19)
392.43: (-0.96, -0.05, -0.27)
392.53: (-0.77, -0.12, -0.63)
392.64: (-0.50, -0.12, -0.86)
392.76: (-0.38, 0.13, -0.92)
392.86: (-0.23, 0.42, -0.88)
392.98: (-0.33, 0.84, -0.42)
393.08: (-0.27, 0.96, -0.04)
393.18: (0.13, 0.90, -0.42)
393.29: (0.56, 0.41, -0.72)
393.41: (0.59, 0.34, -0.73)
393.46: (0.58, 0.35, -0.74)
393.46: (0.59, 0.81, 0.07): 2
393.53: (0.57, 0.36, -0.74)
393.63: (0.57, 0.36, -0.74)
393.74: (0.57, 0.36, -0.74)
393.86: (0.51, 0.41, -0.76)
393.97: (0.40, 0.46, -0.79)
394.08: (0.27, 0.57, -0.78)
394.19: (-0.07, 0.76, -0.64)
394.29: (-0.41, 0.83, -0.37)
394.41: (-0.57, 0.82, 0.04)
394.51: (-0.56, 0.71, 0.43)
394.62: (-0.49, 0.45, 0.75)
394.74: (-0.33, 0.20, 0.92)
394.86: (-0.38, 0.18, 0.91)
394.97: (-0.85, 0.28, 0.44)
395.07: (-0.92, 0.18, -0.34)
395.19: (-0.54, 0.05, -0.84)
395.29: (-0.27, -0.02, -0.96)
395.41: (-0.01, -0.17, -0.98)
395.52: (0.46, -0.38, -0.80)
395.62: (0.77, -0.51, -0.37)
395.74: (0.90, -0.42, 0.08)
395.84: (0.99, -0.07, 0.13)
395.96: (0.82, 0.57, -0.03)
396.07: (0.13, 0.98, -0.14)
396.17: (-0.33, 0.94, -0.09)
396.29: (0.11, 0.99, -0.05)
396.41: (0.67, 0.74, -0.01)
396.49: (0.71, 0.70, 0.00)
396.49: (-0.53, -0.26, 0.81): 0
396.52: (0.71, 0.70, 0.00)
396.62: (0.71, 0.71, 0.00)
396.74: (0.67, 0.74, 0.02)
396.86: (0.54, 0.84, 0.04)
396.97: (0.00, 1.00, 0.03)
397.09: (-0.40, 0.91, -0.08)
397.19: (-0.65, 0.68, -0.34)
397.31: (-0.47, 0.30, -0.83)
397.42: (-0.06, -0.39, -0.92)
397.54: (0.05, -0.90, -0.43)
397.64: (-0.06, -0.99, 0.12)
397.76: (-0.37, -0.68, 0.63)
397.87: (-0.78, -0.08, 0.62)
397.99: (-0.96, 0.05, 0.27)
398.11: (-0.89, -0.06, 0.46)
398.21: (-0.56, -0.36, 0.75)
398.32: (-0.28, -0.48, 0.83)
398.42: (-0.34, -0.43, 0.84)
398.54: (-0.50, -0.28, 0.82)
398.56: (-0.50, -0.27, 0.82)
398.56: (0.37, -0.91, -0.16): 2
398.64: (-0.52, -0.23, 0.82)
398.76: (-0.54, -0.22, 0.81)
398.87: (-0.54, -0.22, 0.81)
398.97: (-0.54, -0.22, 0.81)
399.07: (-0.54, -0.22, 0.81)
399.19: (-0.54, -0.22, 0.81)
399.31: (-0.56, -0.24, 0.79)
399.41: (-0.37, -0.57, 0.74)
399.52: (0.17, -0.92, 0.35)
399.64: (0.17, -0.92, 0.35)
399.76: (0.17, -0.92, 0.35)
399.86: (0.17, -0.92, 0.35)
399.97: (0.26, -0.94, 0.20)
400.07: (0.31, -0.95, -0.01)
400.19: (0.30, -0.95, -0.05)
400.31: (0.30, -0.95, -0.06)
400.32: (0.30, -0.95, -0.06)
400.32: (-0.97, 0.19, 0.15): 1
400.42: (0.30, -0.95, -0.05)
400.54: (0.31, -0.95, -0.06)
400.64: (0.33, -0.94, -0.07)
400.76: (0.49, -0.86, -0.15)
400.87: (0.68, -0.72, 0.13)
400.99: (0.78, -0.44, 0.44)
401.11: (0.71, -0.31, 0.63)
401.21: (0.17, -0.47, 0.87)
401.31: (-0.29, -0.65, 0.70)
401.42: (-0.84, -0.50, 0.22)
401.54: (-0.92, 0.27, -0.28)
401.64: (-0.37, 0.83, -0.41)
401.76: (-0.68, 0.70, -0.23)
401.86: (-0.93, 0.36, -0.02)
401.97: (-0.95, 0.31, 0.04)
402.09: (-0.95, 0.32, 0.06)
402.14: (-0.95, 0.31, 0.06)
402.14: (0.67, 0.38, 0.64): 1
402.21: (-0.95, 0.31, 0.07)
402.32: (-0.95, 0.31, 0.07)
402.42: (-0.95, 0.30, 0.08)
402.54: (-0.99, 0.10, 0.13)
402.66: (-0.99, -0.02, 0.12)
402.77: (-0.87, 0.49, 0.06)
402.87: (-0.33, 0.94, 0.06)
402.99: (0.09, 0.99, 0.10)
403.11: (0.61, 0.79, 0.03)
403.22: (0.92, 0.14, -0.36)
403.32: (0.58, -0.60, -0.55)
403.42: (0.04, -0.94, -0.34)
403.54: (-0.37, -0.92, 0.16)
403.66: (-0.60, -0.46, 0.66)
403.77: (-0.53, 0.03, 0.85)
403.89: (0.11, -0.79, 0.61)
404.01: (0.50, -0.46, -0.73)
404.12: (-0.27, 0.68, -0.68)
404.24: (-0.80, 0.26, 0.54)
404.34: (-0.39, -0.70, 0.60)
404.46: (-0.01, -0.89, -0.46)
404.57: (-0.16, 0.24, -0.96)
404.67: (-0.21, 0.92, -0.33)
404.79: (-0.06, 0.87, 0.49)
404.91: (0.33, 0.59, 0.74)
405.01: (0.75, 0.13, 0.65)
405.12: (0.92, -0.19, 0.35)
405.22: (0.90, -0.12, 0.42)
405.34: (0.77, 0.26, 0.58)
405.44: (0.73, 0.33, 0.59)
405.47: (0.73, 0.33, 0.59)
END